0 0 7 4 0 0 0 0 0 0 0 0 0 0 0 0 0 0 0 0 0 0 0 0 0 0 0 17 0 0 0 28 0 0 54 78 0 2 0 74 0
0 0 28 2 0 0 0 0 0 0 0 0 0 0 0 0 0 0 0 0 0 0 19 0 0 0 29 0 0 0 0 35 0 0 24 2 0 0 0 23 8
7 0 56 5 0 0 0 0 0 0 0 0 0 0 0 0 0 0 0 0 0 0 26 0 7 2 54 0 14 0 0 51 0 0 0 0 0 3 0 0 14
11 0 63 7 0 0 0 0 0 0 0 0 0 0 0 0 0 0 0 0 0 0 26 0 7 5 57 0 15 0 0 53 0 0 0 0 0 5 0 0 13
0 0 8 2 0 0 0 0 0 0 0 0 0 0 0 0 0 0 0 0 0 0 0 0 0 0 0 16 0 0 0 29 0 0 57 79 0 1 0 76 0
0 0 0 0 0 0 0 0 0 0 0 0 0 0 0 0 0 0 0 0 0 0 0 0 0 0 0 24 0 0 0 8 0 0 60 88 0 0 0 84 0
0 0 0 0 0 0 0 0 0 0 0 0 0 0 0 0 0 0 0 0 0 0 0 0 0 0 0 24 0 0 0 4 0 0 60 93 0 1 0 85 0
7 0 77 8 0 0 0 0 0 0 0 0 0 0 0 0 0 0 0 0 0 0 29 0 9 7 64 0 19 0 0 64 0 0 0 0 0 3 0 0 14
0 0 0 0 0 0 0 0 0 0 0 0 0 0 0 0 0 0 0 0 0 0 0 0 0 0 0 24 0 0 0 12 0 0 64 85 0 0 0 87 0
0 0 13 8 0 0 0 0 0 0 0 0 0 0 0 0 0 0 0 0 0 0 0 0 0 0 0 8 0 0 0 31 0 0 48 75 0 0 0 67 0
0 0 0 0 0 0 0 0 0 0 0 0 0 0 0 0 0 0 0 0 0 0 0 0 0 0 0 29 0 0 0 0 0 1 71 92 0 0 0 97 0
0 0 17 0 0 0 0 0 0 0 0 0 0 0 0 0 0 0 0 0 0 0 17 0 0 0 15 1 0 0 0 27 0 0 43 29 0 0 0 47 5
0 0 38 3 0 0 0 0 0 0 0 0 0 0 0 0 0 0 0 0 0 0 22 0 2 0 40 0 4 0 0 40 0 0 9 0 0 0 0 2 10
0 0 10 5 0 0 0 0 0 0 0 0 0 0 0 0 0 0 0 0 0 0 0 0 0 0 0 10 0 0 0 29 0 0 53 71 0 0 0 69 0
0 0 52 5 0 0 0 0 0 0 0 0 0 0 0 0 0 0 0 0 0 0 24 0 4 0 47 0 10 0 0 51 0 0 0 0 0 0 0 0 13
8 0 64 6 0 0 0 0 0 0 0 0 0 0 0 0 0 0 0 0 0 0 27 0 8 4 57 0 15 0 0 54 0 0 0 0 0 2 0 0 14
21 0 104 13 0 0 0 0 0 0 0 0 0 3 0 0 0 0 0 0 0 0 37 2 15 16 87 0 28 0 0 73 0 0 0 0 3 7 0 0 16
0 0 0 3 0 0 0 0 0 0 0 0 0 0 0 0 0 0 0 0 0 0 0 0 0 0 0 19 0 0 0 17 0 0 55 91 0 2 0 78 0
12 0 63 7 0 0 0 0 0 0 0 0 0 0 0 0 0 0 0 0 0 0 26 0 8 5 58 0 15 0 0 52 0 0 0 0 1 6 0 0 12
0 0 0 0 0 0 0 0 0 0 0 0 0 0 0 0 0 0 0 0 0 0 0 0 0 0 0 24 0 0 0 9 0 0 62 87 0 0 0 85 0
0 0 0 0 0 0 0 0 0 0 0 0 0 0 0 0 0 0 0 0 0 0 0 0 0 0 0 26 0 0 0 3 0 0 65 89 0 0 0 89 0
19 0 94 11 0 0 0 0 0 0 0 0 0 1 0 0 0 0 0 0 0 0 34 1 14 14 78 0 26 0 0 67 0 0 0 0 3 7 0 0 16
0 0 0 0 0 0 0 0 0 0 0 0 0 0 0 0 0 0 0 0 0 0 0 0 0 0 0 20 0 0 0 0 0 0 56 94 0 1 0 82 0
0 0 28 2 0 0 0 0 0 0 0 0 0 0 0 0 0 0 0 0 0 0 19 0 0 0 30 0 0 0 0 34 0 0 24 0 0 0 0 22 9
0 0 1 5 0 0 0 0 0 0 0 0 0 0 0 0 0 0 0 0 0 0 0 0 0 0 0 19 0 0 0 23 0 0 55 91 0 2 0 78 0
0 0 14 1 0 0 0 0 0 0 0 0 0 0 0 0 0 0 0 0 0 0 11 0 0 0 11 2 0 0 0 25 0 0 46 43 0 0 0 55 2
0 0 3 3 0 0 0 0 0 0 0 0 0 0 0 0 0 0 0 0 0 0 0 0 0 0 0 19 0 0 0 25 0 0 55 83 0 2 0 76 0
0 0 2 5 0 0 0 0 0 0 0 0 0 0 0 0 0 0 0 0 0 0 0 0 0 0 0 17 0 0 0 25 0 0 55 86 0 3 0 77 0
7 0 59 6 0 0 0 0 0 0 0 0 0 0 0 0 0 0 0 0 0 0 25 0 6 3 53 0 13 0 0 53 0 0 0 0 0 3 0 0 13
0 0 0 1 0 0 0 0 0 0 0 0 0 0 0 0 0 0 0 0 0 0 0 0 0 0 0 22 0 0 0 24 0 0 59 83 0 1 0 80 0
0 0 9 2 0 0 0 0 0 0 0 0 0 0 0 0 0 0 0 0 0 0 5 0 0 0 1 5 0 0 0 23 0 0 51 60 0 0 0 64 0
0 0 4 5 0 0 0 0 0 0 0 0 0 0 0 0 0 0 0 0 0 0 0 0 0 0 0 17 0 0 0 26 0 0 53 85 0 2 0 75 0
0 0 0 0 0 0 0 0 0 0 0 0 0 1 0 0 0 0 0 0 0 0 0 0 0 0 0 25 0 0 0 7 0 0 59 94 0 2 0 84 0
0 0 9 1 0 0 0 0 0 0 0 0 0 0 0 0 0 0 0 0 0 0 0 0 0 0 0 12 0 0 0 28 0 0 58 71 0 0 0 74 0
0 0 8 0 0 0 0 0 0 0 0 0 0 0 0 0 0 0 0 0 0 0 6 0 0 0 0 12 0 0 0 25 0 0 61 60 0 0 0 74 1
7 0 55 6 0 0 0 0 0 0 0 0 0 0 0 0 0 0 0 0 0 0 25 0 5 3 51 0 13 0 0 50 0 0 0 0 0 2 0 0 13
0 0 0 0 0 0 0 0 0 0 0 0 0 0 0 0 0 0 0 0 0 0 0 0 0 0 0 17 0 0 0 0 0 0 55 96 0 1 0 81 0
0 0 7 10 0 0 0 0 0 0 0 0 0 0 0 0 0 0 0 0 0 0 0 0 0 0 0 12 1 0 0 26 0 0 45 83 0 4 0 67 0
0 0 2 5 0 0 0 0 0 0 0 0 0 0 0 0 0 0 0 0 0 0 0 0 0 0 0 19 0 0 0 25 0 0 53 86 0 3 0 75 0
0 0 0 0 0 0 0 0 0 0 0 0 0 0 0 0 0 0 0 0 0 0 0 0 0 0 0 22 0 0 0 22 0 0 60 82 0 1 0 81 0
0 0 12 12 0 0 0 0 0 0 0 0 0 0 0 0 0 0 0 0 0 0 0 0 0 0 0 12 0 0 0 32 0 0 48 87 0 3 0 69 0
0 0 4 5 0 0 0 0 0 0 0 0 0 0 0 0 0 0 0 0 0 0 0 0 0 0 0 18 0 0 0 26 0 0 53 83 0 3 0 74 0
0 0 0 0 0 0 0 0 0 0 0 0 0 0 0 0 0 0 0 0 0 0 0 0 0 0 0 23 0 0 0 0 0 0 62 95 0 0 0 88 0
0 0 0 0 0 0 0 0 0 0 0 0 0 0 0 0 0 0 0 0 0 0 0 0 0 0 0 27 0 0 0 0 0 0 67 91 0 0 0 92 0
0 0 2 5 0 0 0 0 0 0 0 0 0 0 0 0 0 0 0 0 0 0 0 0 0 0 0 19 0 0 0 24 0 0 54 89 0 3 0 76 0
0 0 0 0 0 0 0 0 0 0 0 0 0 0 0 0 0 0 0 0 0 0 0 0 0 0 0 22 0 0 0 6 0 0 59 92 0 1 0 84 0
7 0 59 5 0 0 0 0 0 0 0 0 0 0 0 0 0 0 0 0 0 0 25 0 7 3 53 0 14 0 0 54 0 0 0 0 0 4 0 0 14
6 0 51 5 0 0 0 0 0 0 0 0 0 0 0 0 0 0 0 0 0 0 24 0 5 2 48 0 12 0 0 48 1 0 0 0 0 3 0 0 13
0 0 0 1 0 0 0 0 0 0 0 0 0 0 0 0 0 0 0 0 0 0 0 0 0 0 0 22 0 0 0 19 0 0 58 86 0 1 0 80 0
0 0 10 6 0 0 0 0 0 0 0 0 0 0 0 0 0 0 0 0 0 0 0 0 0 0 0 13 0 0 0 30 0 0 54 79 0 0 0 73 0
0 0 0 0 0 0 0 0 0 0 0 0 0 0 0 0 0 0 0 0 0 0 0 0 0 0 0 24 0 0 0 13 0 0 65 83 0 0 0 88 0
0 0 13 8 0 0 0 0 0 0 0 0 0 0 0 0 0 0 0 0 0 0 0 0 0 0 0 2 0 0 0 28 0 0 44 67 0 0 0 60 0
0 0 8 4 0 0 0 0 0 0 0 0 0 0 0 0 0 0 0 0 0 0 0 0 0 0 0 16 0 0 0 31 0 0 58 78 0 0 0 76 0
0 0 8 0 0 0 0 0 0 0 0 0 0 0 0 0 0 0 0 0 0 0 3 0 0 0 0 12 0 0 0 26 0 0 61 65 0 0 0 75 0
0 0 11 2 0 0 0 0 0 0 0 0 0 0 0 0 0 0 0 0 0 0 10 0 0 0 10 1 0 0 0 24 0 0 48 47 0 0 0 59 1
0 0 0 0 0 0 0 0 0 0 0 0 0 0 0 0 0 0 0 0 0 0 0 0 0 0 0 25 0 0 0 7 0 0 64 90 0 0 0 89 0
17 0 97 12 0 0 0 0 0 0 0 0 0 2 0 0 0 0 0 0 0 0 35 1 13 14 81 0 25 0 0 70 0 0 0 0 2 4 0 0 16
0 0 0 0 0 0 0 0 0 0 0 0 0 0 0 0 0 0 0 0 0 0 0 0 0 0 0 26 0 0 0 8 0 0 63 86 0 0 0 86 0
0 0 2 8 0 0 0 0 0 0 0 0 0 0 0 0 0 0 0 0 0 0 0 0 0 0 0 18 0 0 0 22 0 0 49 90 0 3 0 72 0
0 0 18 0 0 0 0 0 0 0 0 0 0 0 0 0 0 0 0 0 0 0 16 0 0 0 14 2 0 0 0 29 0 0 48 34 0 0 0 54 5
0 0 0 0 0 0 0 0 0 0 0 0 0 0 0 0 0 0 0 0 0 0 0 0 0 0 0 23 0 0 0 0 0 0 60 97 0 0 0 86 0
0 0 0 0 0 0 0 0 0 0 0 0 0 0 0 0 0 0 0 0 0 0 0 0 0 0 0 28 0 0 0 0 0 0 68 93 0 0 0 94 0
0 0 8 2 0 0 0 0 0 0 0 0 0 0 0 0 0 0 0 0 0 0 0 0 0 0 0 9 0 0 0 25 0 0 57 71 0 0 0 72 0
0 0 0 1 0 0 0 0 0 0 0 0 0 0 0 0 0 0 0 0 0 0 0 0 0 0 0 20 0 0 0 16 0 0 56 88 0 1 0 79 0
0 0 11 0 0 0 0 0 0 0 0 0 0 0 0 0 0 0 0 0 0 0 11 0 0 0 8 3 0 0 0 23 0 0 50 47 0 0 0 59 1
0 0 1 8 0 0 0 0 0 0 0 0 0 0 0 0 0 0 0 0 0 0 0 0 0 0 0 17 0 0 0 21 0 0 48 90 0 4 0 71 0
0 0 0 0 0 0 0 0 0 0 0 0 0 0 0 0 0 0 0 0 0 0 0 0 0 0 0 25 0 0 0 0 0 0 63 94 0 0 0 90 0
0 0 3 3 0 0 0 0 0 0 0 0 0 0 0 0 0 0 0 0 0 0 0 0 0 0 0 20 0 0 0 25 0 0 57 83 0 2 0 79 0
11 0 63 7 0 0 0 0 0 0 0 0 0 0 0 0 0 0 0 0 0 0 26 0 7 5 58 0 15 0 0 52 0 0 0 0 1 4 0 0 12
0 0 4 5 0 0 0 0 0 0 0 0 0 0 0 0 0 0 0 0 0 0 0 0 0 0 0 18 0 0 0 26 0 0 53 82 0 3 0 74 0
2 0 54 5 0 0 0 0 0 0 0 0 0 0 0 0 0 0 0 0 0 0 26 0 6 0 51 0 10 0 0 50 0 0 0 0 0 0 0 0 13
0 0 0 0 0 0 0 0 0 0 0 0 0 0 0 0 0 0 0 0 0 0 0 0 0 0 0 23 0 0 0 3 0 0 60 91 0 0 0 84 0
0 0 0 0 0 0 0 0 0 0 0 0 0 0 0 0 0 0 0 0 0 0 0 0 0 0 0 24 0 0 0 11 0 0 63 87 0 0 0 86 0
0 0 12 5 0 0 0 0 0 0 0 0 0 0 0 0 0 0 0 0 0 0 6 0 0 0 9 0 0 0 0 22 0 0 41 48 0 0 0 53 0
0 0 0 0 0 0 0 0 0 0 0 0 0 0 0 0 0 0 0 0 0 0 0 0 0 0 0 26 0 0 0 14 0 0 69 82 0 0 0 91 0
12 0 82 10 0 0 0 0 0 0 0 0 0 0 0 0 0 0 0 0 0 0 30 0 10 10 67 0 20 0 0 63 0 0 0 0 1 4 0 0 13
0 0 0 0 0 0 0 0 0 0 0 0 0 0 0 0 0 0 0 0 0 0 0 0 0 0 0 28 0 0 0 0 0 0 67 92 0 0 0 93 0
0 0 0 0 0 0 0 0 0 0 0 0 0 0 0 0 0 0 0 0 0 0 0 0 0 0 0 25 0 0 0 10 0 0 66 88 0 0 0 90 0
9 0 79 9 0 0 0 0 0 0 0 0 0 0 0 0 0 0 0 0 0 0 30 0 9 8 66 0 20 0 0 64 0 0 0 0 0 4 0 0 14
0 0 7 0 0 0 0 0 0 0 0 0 0 0 0 0 0 0 0 0 0 0 0 0 0 0 0 15 0 0 0 29 0 0 64 73 0 0 0 80 0
13 0 70 7 0 0 0 0 0 0 0 0 0 0 0 0 0 0 0 0 0 0 28 0 10 7 62 0 18 0 0 56 0 0 0 0 1 6 0 0 14
0 0 29 3 0 0 0 0 0 0 0 0 0 0 0 0 0 0 0 0 0 0 19 0 0 0 33 0 0 0 0 35 0 0 19 0 0 0 0 16 7
0 0 10 7 0 0 0 0 0 0 0 0 0 0 0 0 0 0 0 0 0 0 0 0 0 0 0 15 0 0 0 31 0 0 52 83 0 2 0 72 0
0 0 0 1 0 0 0 0 0 0 0 0 0 0 0 0 0 0 0 0 0 0 0 0 0 0 0 21 0 0 0 11 0 0 56 91 0 1 0 80 0
29 0 131 17 0 0 0 0 0 0 0 0 1 8 2 1 0 0 0 0 0 0 44 3 21 24 109 0 35 0 0 86 0 0 0 0 6 9 1 0 19
0 0 7 5 0 0 0 0 0 0 0 0 0 0 0 0 0 0 0 0 0 0 0 0 0 0 0 18 0 0 0 29 0 0 54 83 0 2 0 75 0
0 0 0 1 0 0 0 0 0 0 0 0 0 0 0 0 0 0 0 0 0 0 0 0 0 0 0 22 0 0 0 19 0 0 60 89 0 1 0 83 0
7 0 51 6 0 0 0 0 0 0 0 0 0 0 0 0 0 0 0 0 0 0 22 0 4 1 50 0 10 0 0 46 0 0 0 0 0 2 0 0 10
7 0 60 7 0 0 0 0 0 0 0 0 0 0 0 0 0 0 0 0 0 0 25 0 5 4 54 0 14 0 0 53 0 0 0 0 0 2 0 0 12
0 0 28 1 0 0 0 0 0 0 0 0 0 0 0 0 0 0 0 0 0 0 20 0 1 0 26 0 0 0 0 35 0 0 26 3 0 0 0 24 9
14 0 84 10 0 0 0 0 0 0 0 0 0 0 0 0 0 0 0 0 0 0 31 1 11 10 70 0 22 0 0 64 0 0 0 0 1 5 0 0 14
0 0 9 3 0 0 0 0 0 0 0 0 0 0 0 0 0 0 0 0 0 0 0 0 0 0 0 13 0 0 0 29 0 0 61 76 0 0 0 78 0
0 0 31 2 0 0 0 0 0 0 0 0 0 0 0 0 0 0 0 0 0 0 20 0 0 0 34 0 0 0 0 37 0 0 24 0 0 0 0 20 9
0 0 0 7 0 0 0 0 0 0 0 0 0 0 0 0 0 0 0 0 0 0 0 0 0 0 0 14 0 0 0 18 0 0 49 89 0 3 0 72 0
0 0 0 0 0 0 0 0 0 0 0 0 0 0 0 0 0 0 0 0 0 0 0 0 0 0 0 21 0 0 0 3 0 0 58 96 0 2 0 83 0
0 0 0 0 0 0 0 0 0 0 0 0 0 0 0 0 0 0 0 0 0 0 0 0 0 0 0 23 0 0 0 10 0 0 58 91 0 1 0 83 0
0 0 0 0 0 0 0 0 0 0 0 0 0 0 0 0 0 0 0 0 0 0 0 0 0 0 0 27 0 0 0 0 0 0 70 87 0 0 0 94 0
0 0 13 8 0 0 0 0 0 0 0 0 0 0 0 0 0 0 0 0 0 0 0 0 0 0 0 10 0 0 0 32 0 0 50 75 0 1 0 68 0
10 0 64 6 0 0 0 0 0 0 0 0 0 0 0 0 0 0 0 0 0 0 27 0 9 5 57 0 17 0 0 53 0 0 0 0 0 5 0 0 14
0 0 8 9 0 0 0 0 0 0 0 0 0 0 0 0 0 0 0 0 0 0 0 0 0 0 0 14 1 0 0 28 0 0 49 86 0 4 0 71 0
0 0 0 0 0 0 0 0 0 0 0 0 0 0 0 0 0 0 0 0 0 0 0 0 0 0 0 22 0 0 0 6 0 0 58 93 0 1 0 82 0
0 0 8 1 0 0 0 0 0 0 0 0 0 0 0 0 0 0 0 0 0 0 0 0 0 0 0 12 0 0 0 28 0 0 60 70 0 0 0 75 0
11 0 63 7 0 0 0 0 0 0 0 0 0 0 0 0 0 0 0 0 0 0 26 0 6 5 57 0 16 0 0 53 1 0 0 0 1 5 0 0 13
0 0 9 6 0 0 0 0 0 0 0 0 0 0 0 0 0 0 0 0 0 0 0 0 0 0 0 17 0 0 0 31 0 0 56 85 0 0 0 77 0
0 0 10 7 0 0 0 0 0 0 0 0 0 0 0 0 0 0 0 0 0 0 0 0 0 0 0 15 0 0 0 32 0 0 52 83 0 2 0 73 0
0 0 12 8 0 0 0 0 0 0 0 0 0 0 0 0 0 0 0 0 0 0 0 0 0 0 0 12 0 0 0 32 0 0 51 80 0 0 0 70 0
9 0 62 7 0 0 0 0 0 0 0 0 0 0 0 0 0 0 0 0 0 0 26 0 6 4 56 0 15 0 0 53 0 0 0 0 0 2 0 0 13
4 0 48 6 0 0 0 0 0 0 0 0 0 0 0 0 0 0 0 0 0 0 22 0 3 0 48 0 9 0 0 45 0 0 0 0 0 1 0 0 11
0 0 9 2 0 0 0 0 0 0 0 0 0 0 0 0 0 0 0 0 0 0 0 0 0 0 0 10 0 0 0 27 0 0 59 71 0 0 0 74 0
0 0 0 0 0 0 0 0 0 0 0 0 0 0 0 0 0 0 0 0 0 0 0 0 0 0 0 27 0 0 0 7 0 0 69 86 0 0 0 92 0
0 0 3 9 0 0 0 0 0 0 0 0 0 0 0 0 0 0 0 0 0 0 0 0 0 0 0 15 0 0 0 24 0 0 50 89 0 4 0 72 0
10 0 74 8 0 0 0 0 0 0 0 0 0 0 0 0 0 0 0 0 0 0 28 0 10 7 62 0 19 0 0 60 0 0 0 0 0 4 0 0 14
0 0 0 0 0 0 0 0 0 0 0 0 0 0 0 0 0 0 0 0 0 0 0 0 0 0 0 23 0 0 0 21 0 0 65 79 0 0 0 86 0
11 0 77 9 0 0 0 0 0 0 0 0 0 0 0 0 0 0 0 0 0 0 30 0 10 8 65 0 19 0 0 59 0 0 0 0 1 3 0 0 14
0 0 0 0 0 0 0 0 0 0 0 0 0 0 0 0 0 0 0 0 0 0 0 0 0 0 0 27 0 0 0 4 0 0 64 93 0 1 0 89 0
0 0 0 1 0 0 0 0 0 0 0 0 0 0 0 0 0 0 0 0 0 0 0 0 0 0 0 19 0 0 0 10 0 0 56 92 0 1 0 80 0
0 0 10 5 0 0 0 0 0 0 0 0 0 0 0 0 0 0 0 0 0 0 0 0 0 0 0 13 0 0 0 30 0 0 54 79 0 0 0 73 0
11 0 55 7 0 0 0 0 0 0 0 0 0 0 0 0 0 0 0 0 0 0 24 0 5 3 53 0 13 0 0 48 1 0 0 0 1 6 0 0 12
22 0 97 12 0 0 0 0 0 0 0 0 0 2 0 0 0 0 0 0 0 0 34 1 13 15 81 0 27 0 0 69 0 0 0 0 4 8 0 0 15
0 0 11 7 0 0 0 0 0 0 0 0 0 0 0 0 0 0 0 0 0 0 0 0 0 0 0 11 0 0 0 30 0 0 52 78 0 0 0 71 0
11 0 56 6 0 0 0 0 0 0 0 0 0 0 0 0 0 0 0 0 0 0 24 0 7 3 53 0 14 0 0 49 1 0 0 0 1 5 0 0 13
8 0 73 7 0 0 0 0 0 0 0 0 0 0 0 0 0 0 0 0 0 0 28 0 9 6 61 0 18 0 0 60 0 0 0 0 0 4 0 0 14
0 0 23 0 0 0 0 0 0 0 0 0 0 0 0 0 0 0 0 0 0 0 19 0 0 0 22 0 0 0 0 32 0 0 36 15 0 0 0 37 6
0 0 0 0 0 0 0 0 0 0 0 0 0 0 0 0 0 0 0 0 0 0 0 0 0 0 0 23 0 0 0 0 0 0 60 93 0 0 0 86 0
0 0 2 1 0 0 0 0 0 0 0 0 0 0 0 0 0 0 0 0 0 0 0 0 0 0 0 22 0 0 0 26 0 0 61 84 0 1 0 82 0
0 0 7 4 0 0 0 0 0 0 0 0 0 0 0 0 0 0 0 0 0 0 0 0 0 0 0 19 0 0 0 29 0 0 57 84 0 2 0 78 0
0 0 2 0 0 0 0 0 0 0 0 0 0 0 0 0 0 0 0 0 0 0 0 0 0 0 0 19 0 0 0 24 0 0 69 71 0 0 0 86 1
0 0 0 0 0 0 0 0 0 0 0 0 0 0 0 0 0 0 0 0 0 0 0 0 0 0 0 19 0 0 0 12 0 0 56 87 0 2 0 79 0
0 0 0 0 0 0 0 0 0 0 0 0 0 0 0 0 0 0 0 0 0 0 0 0 0 0 0 24 0 0 0 17 0 0 67 77 0 0 0 88 0
0 0 0 0 0 0 0 0 0 0 0 0 0 0 0 0 0 0 0 0 0 0 0 0 0 0 0 22 0 0 0 7 0 0 59 91 0 1 0 83 0
0 0 45 4 0 0 0 0 0 0 0 0 0 0 0 0 0 0 0 0 0 0 23 0 3 0 43 0 8 0 0 45 0 0 2 0 0 0 0 0 10
12 0 80 9 0 0 0 0 0 0 0 0 0 0 0 0 0 0 0 0 0 0 30 0 10 9 68 0 20 0 0 62 0 0 0 0 0 4 0 0 14
0 0 5 3 0 0 0 0 0 0 0 0 0 0 0 0 0 0 0 0 0 0 0 0 0 0 0 19 0 0 0 28 0 0 57 80 0 1 0 77 0
5 0 56 4 0 0 0 0 0 0 0 0 0 0 0 0 0 0 0 0 0 0 25 0 7 2 52 0 13 0 0 52 0 0 0 0 0 3 0 0 14
0 0 0 0 0 0 0 0 0 0 0 0 0 0 0 0 0 0 0 0 0 0 0 0 0 0 0 29 0 0 0 0 0 0 71 92 0 0 0 96 0
0 0 7 2 0 0 0 0 0 0 0 0 0 0 0 0 0 0 0 0 0 0 0 0 0 0 0 14 0 0 0 29 0 0 60 74 0 0 0 77 0
0 0 0 0 0 0 0 0 0 0 0 0 0 0 0 0 0 0 0 0 0 0 0 0 0 0 0 23 0 0 0 24 0 0 66 79 0 0 0 86 0
0 0 13 9 0 0 0 0 0 0 0 0 0 0 0 0 0 0 0 0 0 0 0 0 0 0 0 9 0 0 0 31 0 0 47 77 0 0 0 66 0
2 0 44 3 0 0 0 0 0 0 0 0 0 0 0 0 0 0 0 0 0 0 22 0 4 0 43 0 8 0 0 43 0 0 0 0 0 1 0 0 12
0 0 0 0 0 0 0 0 0 0 0 0 0 0 0 0 0 0 0 0 0 0 0 0 0 0 0 23 0 0 0 11 0 0 61 89 0 1 0 84 0
0 0 0 0 0 0 0 0 0 0 0 0 0 0 0 0 0 0 0 0 0 0 0 0 0 0 0 23 0 0 0 23 0 0 64 83 0 0 0 85 0
0 0 0 0 0 0 0 0 0 0 0 0 0 0 0 0 0 0 0 0 0 0 0 0 0 0 0 20 0 0 0 8 0 0 56 93 0 1 0 81 0
14 0 71 8 0 0 0 0 0 0 0 0 0 0 0 0 0 0 0 0 0 0 28 0 9 7 63 0 18 0 0 56 0 0 0 0 1 6 0 0 13
0 0 5 0 0 0 0 0 0 0 0 0 0 0 0 0 0 0 0 0 0 0 0 0 0 0 0 18 0 0 0 28 0 0 63 78 0 0 0 81 0
1 0 52 4 0 0 0 0 0 0 0 0 0 0 0 0 0 0 0 0 0 0 25 0 5 0 48 0 11 0 0 51 0 0 0 0 0 0 0 0 13
0 0 0 0 0 0 0 0 0 0 0 0 0 0 0 0 0 0 0 0 0 0 0 0 0 0 0 27 0 0 0 0 0 0 67 89 0 0 0 91 0
0 0 1 0 0 0 0 0 0 0 0 0 0 0 0 0 0 0 0 0 0 0 0 0 0 0 0 20 0 0 0 23 0 0 65 74 0 0 0 83 0
0 0 0 0 0 0 0 0 0 0 0 0 0 0 0 0 0 0 0 0 0 0 0 0 0 0 0 24 0 0 0 11 0 0 60 92 0 1 0 85 0
0 0 34 2 0 0 0 0 0 0 0 0 0 0 0 0 0 0 0 0 0 0 22 0 1 0 33 0 2 0 0 41 0 0 26 0 0 0 0 21 10
0 0 10 5 0 0 0 0 0 0 0 0 0 0 0 0 0 0 0 0 0 0 0 0 0 0 0 15 0 0 0 31 0 0 55 79 0 1 0 74 0
0 0 23 0 0 0 0 0 0 0 0 0 0 0 0 0 0 0 0 0 0 0 18 0 0 0 22 0 0 0 0 32 0 0 36 16 0 0 0 36 6
2 0 57 6 0 0 0 0 0 0 0 0 0 0 0 0 0 0 0 0 0 0 24 0 4 1 48 0 12 0 0 54 0 0 0 0 0 1 0 0 12
0 0 14 5 0 0 0 0 0 0 0 0 0 0 0 0 0 0 0 0 0 0 5 0 0 0 12 0 0 0 0 23 0 0 38 47 0 0 0 49 0
0 0 0 0 0 0 0 0 0 0 0 0 0 0 0 0 0 0 0 0 0 0 0 0 0 0 0 22 0 0 0 0 0 0 59 94 0 0 0 85 0
0 0 11 7 0 0 0 0 0 0 0 0 0 0 0 0 0 0 0 0 0 0 0 0 0 0 0 11 0 0 0 32 0 0 54 79 0 0 0 73 0
0 0 6 7 0 0 0 0 0 0 0 0 0 0 0 0 0 0 0 0 0 0 0 0 0 0 0 18 0 0 0 27 0 0 52 86 0 3 0 75 0
11 0 53 6 0 0 0 0 0 0 0 0 0 0 0 0 0 0 0 0 0 0 24 0 5 3 52 0 13 0 0 46 1 0 0 0 2 5 0 0 12
0 0 23 3 0 0 0 0 0 0 0 0 0 0 0 0 0 0 0 0 0 0 15 0 0 0 21 0 0 0 0 35 0 0 40 23 0 0 0 43 4
0 0 7 8 0 0 0 0 0 0 0 0 0 0 0 0 0 0 0 0 0 0 0 0 0 0 0 16 0 0 0 28 0 0 52 86 0 3 0 74 0
0 0 9 7 0 0 0 0 0 0 0 0 0 0 0 0 0 0 0 0 0 0 0 0 0 0 0 16 0 0 0 31 0 0 53 84 0 2 0 74 0
0 0 6 2 0 0 0 0 0 0 0 0 0 0 0 0 0 0 0 0 0 0 0 0 0 0 0 19 0 0 0 29 0 0 58 81 0 0 0 78 0
9 0 53 5 0 0 0 0 0 0 0 0 0 0 0 0 0 0 0 0 0 0 24 0 6 1 52 0 12 0 0 49 0 0 0 0 0 3 0 0 12
0 0 0 2 0 0 0 0 0 0 0 0 0 0 0 0 0 0 0 0 0 0 0 0 0 0 0 20 0 0 0 15 0 0 55 92 0 2 0 79 0
0 0 12 3 0 0 0 0 0 0 0 0 0 0 0 0 0 0 0 0 0 0 0 0 0 0 0 9 0 0 0 30 0 0 54 66 0 0 0 69 0
0 0 0 0 0 0 0 0 0 0 0 0 0 0 0 0 0 0 0 0 0 0 0 0 0 0 0 22 0 0 0 4 0 0 59 93 0 1 0 84 0
0 0 9 2 0 0 0 0 0 0 0 0 0 0 0 0 0 0 0 0 0 0 0 0 0 0 0 11 0 0 0 27 0 0 58 70 0 0 0 73 0
0 0 2 7 0 0 0 0 0 0 0 0 0 0 0 0 0 0 0 0 0 0 0 0 0 0 0 17 0 0 0 24 0 0 52 88 0 3 0 74 0
0 0 0 0 0 0 0 0 0 0 0 0 0 0 0 0 0 0 0 0 0 0 0 0 0 0 0 22 0 0 0 16 0 0 63 88 0 1 0 86 0
0 0 14 3 0 0 0 0 0 0 0 0 0 0 0 0 0 0 0 0 0 0 12 0 0 0 20 0 0 0 0 22 0 0 37 33 0 0 0 44 4
0 0 0 1 0 0 0 0 0 0 0 0 0 0 0 0 0 0 0 0 0 0 0 0 0 0 0 22 0 0 0 17 0 0 58 89 0 2 0 81 0
0 0 5 1 0 0 0 0 0 0 0 0 0 0 0 0 0 0 0 0 0 0 0 0 0 0 0 20 0 0 0 29 0 0 60 82 0 0 0 80 0
4 0 51 6 0 0 0 0 0 0 0 0 0 0 0 0 0 0 0 0 0 0 24 0 3 1 48 0 10 0 0 47 1 0 0 0 0 2 0 0 12
17 0 95 12 0 0 0 0 0 0 0 0 0 1 0 0 0 0 0 0 0 0 33 1 12 13 77 0 25 0 0 70 0 0 0 0 1 6 0 0 13
20 0 97 12 0 0 0 0 0 0 0 0 0 2 0 0 0 0 0 0 0 0 34 1 14 15 81 0 27 0 0 69 0 0 0 0 3 8 0 0 15
0 0 0 0 0 0 0 0 0 0 0 0 0 0 0 0 0 0 0 0 0 0 0 0 0 0 0 24 0 0 0 16 0 0 63 83 0 0 0 85 0
9 0 64 5 0 0 0 0 0 0 0 0 0 0 0 0 0 0 0 0 0 0 26 0 9 4 57 0 16 0 0 54 0 0 0 0 0 4 0 0 14
6 0 53 6 0 0 0 0 0 0 0 0 0 0 0 0 0 0 0 0 0 0 24 0 4 2 49 0 11 0 0 48 1 0 0 0 0 3 0 0 12
14 0 83 10 0 0 0 0 0 0 0 0 0 0 0 0 0 0 0 0 0 0 31 1 11 10 70 0 21 0 0 62 0 0 0 0 1 4 0 0 14
0 0 0 0 0 0 0 0 0 0 0 0 0 0 0 0 0 0 0 0 0 0 0 0 0 0 0 23 0 0 0 8 0 0 60 94 0 1 0 85 0
0 0 0 0 0 0 0 0 0 0 0 0 0 0 0 0 0 0 0 0 0 0 0 0 0 0 0 27 0 0 0 7 0 0 67 90 0 0 0 91 0
0 0 0 0 0 0 0 0 0 0 0 0 0 0 0 0 0 0 0 0 0 0 0 0 0 0 0 27 0 0 0 0 0 0 64 96 0 0 0 91 0
0 0 9 1 0 0 0 0 0 0 0 0 0 0 0 0 0 0 0 0 0 0 0 0 0 0 0 12 0 0 0 28 0 0 61 73 0 0 0 77 0
0 0 0 0 0 0 0 0 0 0 0 0 0 0 0 0 0 0 0 0 0 0 0 0 0 0 0 28 0 0 0 0 0 2 68 96 0 0 0 95 0
0 0 0 0 0 0 0 0 0 0 0 0 0 0 0 0 0 0 0 0 0 0 0 0 0 0 0 26 0 0 0 4 0 0 63 92 0 0 0 88 0
0 0 0 0 0 0 0 0 0 0 0 0 0 0 0 0 0 0 0 0 0 0 0 0 0 0 0 20 0 0 0 0 0 0 56 96 0 1 0 82 0
0 0 17 2 0 0 0 0 0 0 0 0 0 0 0 0 0 0 0 0 0 0 15 0 0 0 20 0 0 0 0 26 0 0 40 30 0 0 0 46 5
0 0 9 0 0 0 0 0 0 0 0 0 0 0 0 0 0 0 0 0 0 0 6 0 0 0 0 12 0 0 0 25 0 0 61 61 0 0 0 73 0
0 0 40 4 0 0 0 0 0 0 0 0 0 0 0 0 0 0 0 0 0 0 21 0 2 0 40 0 6 0 0 41 0 0 4 0 0 0 0 0 11
0 0 34 3 0 0 0 0 0 0 0 0 0 0 0 0 0 0 0 0 0 0 21 0 1 0 33 0 2 0 0 40 0 0 18 0 0 0 0 14 10
14 0 107 12 0 0 0 0 0 0 0 0 0 4 0 0 0 0 0 0 0 0 37 2 16 16 86 0 27 0 0 78 0 0 0 0 0 5 0 0 17
26 0 127 16 0 0 0 0 0 0 0 0 0 7 0 0 0 0 0 0 0 0 43 3 19 22 106 0 34 0 0 85 0 0 0 0 4 7 1 0 19
0 0 0 0 0 0 0 0 0 0 0 0 0 0 0 0 0 0 0 0 0 0 0 0 0 0 0 28 0 0 0 0 0 0 69 90 0 0 0 94 0
0 0 7 5 0 0 0 0 0 0 0 0 0 0 0 0 0 0 0 0 0 0 0 0 0 0 0 18 0 0 0 30 0 0 56 84 0 2 0 76 0
0 0 9 0 0 0 0 0 0 0 0 0 0 0 0 0 0 0 0 0 0 0 7 0 0 0 0 10 0 0 0 25 0 0 57 59 0 0 0 68 0
0 0 30 3 0 0 0 0 0 0 0 0 0 0 0 0 0 0 0 0 0 0 18 0 0 0 31 0 0 0 0 37 0 0 26 4 0 0 0 24 6
0 0 10 6 0 0 0 0 0 0 0 0 0 0 0 0 0 0 0 0 0 0 0 0 0 0 0 15 0 0 0 31 0 0 54 81 0 0 0 75 0
0 0 0 1 0 0 0 0 0 0 0 0 0 0 0 0 0 0 0 0 0 0 0 0 0 0 0 19 0 0 0 6 0 0 55 94 0 2 0 79 0
0 0 0 0 0 0 0 0 0 0 0 0 0 0 0 0 0 0 0 0 0 0 0 0 0 0 0 26 0 0 0 5 0 0 64 88 0 0 0 88 0
7 0 52 6 0 0 0 0 0 0 0 0 0 0 0 0 0 0 0 0 0 0 23 0 4 2 49 0 12 0 0 48 1 0 0 0 0 4 0 0 11
0 0 28 1 0 0 0 0 0 0 0 0 0 0 0 0 0 0 0 0 0 0 20 0 1 0 27 0 0 0 0 33 0 0 21 0 0 0 0 18 7
0 0 0 0 0 0 0 0 0 0 0 0 0 0 0 0 0 0 0 0 0 0 0 0 0 0 0 25 0 0 0 12 0 0 61 85 0 1 0 84 0
0 0 9 3 0 0 0 0 0 0 0 0 0 0 0 0 0 0 0 0 0 0 0 0 0 0 0 9 0 0 0 26 0 0 55 70 0 0 0 71 0
11 0 75 9 0 0 0 0 0 0 0 0 0 0 0 0 0 0 0 0 0 0 28 0 9 7 65 0 19 0 0 60 0 0 0 0 0 5 0 0 13
0 0 0 0 0 0 0 0 0 0 0 0 0 0 0 0 0 0 0 0 0 0 0 0 0 0 0 26 0 0 0 0 0 0 68 98 0 0 0 96 0
8 0 60 5 0 0 0 0 0 0 0 0 0 0 0 0 0 0 0 0 0 0 26 0 8 3 55 0 15 0 0 52 0 0 0 0 0 3 0 0 14
0 0 0 0 0 0 0 0 0 0 0 0 0 0 0 0 0 0 0 0 0 0 0 0 0 0 0 28 0 0 0 1 0 0 68 88 0 0 0 92 0
0 0 0 0 0 0 0 0 0 0 0 0 0 0 0 0 0 0 0 0 0 0 0 0 0 0 0 27 0 0 0 0 0 0 65 93 0 0 0 91 0
0 0 0 0 0 0 0 0 0 0 0 0 0 0 0 0 0 0 0 0 0 0 0 0 0 0 0 24 0 0 0 2 0 0 64 94 0 0 0 88 0
0 0 9 3 0 0 0 0 0 0 0 0 0 0 0 0 0 0 0 0 0 0 0 0 0 0 0 15 0 0 0 30 0 0 57 77 0 0 0 75 0
0 0 0 0 0 0 0 0 0 0 0 0 0 0 0 0 0 0 0 0 0 0 0 0 0 0 0 23 0 0 0 13 0 0 60 88 0 1 0 84 0
0 0 0 4 0 0 0 0 0 0 0 0 0 0 0 0 0 0 0 0 0 0 0 0 0 0 0 20 0 0 0 21 0 0 54 89 0 2 0 77 0
0 0 7 6 0 0 0 0 0 0 0 0 0 0 0 0 0 0 0 0 0 0 0 0 0 0 0 18 0 0 0 28 0 0 54 86 0 2 0 76 0
0 0 0 0 0 0 0 0 0 0 0 0 0 0 0 0 0 0 0 0 0 0 0 0 0 0 0 22 0 0 0 18 0 0 59 85 0 2 0 81 0
0 0 0 0 0 0 0 0 0 0 0 0 0 0 0 0 0 0 0 0 0 0 0 0 0 0 0 24 0 0 0 20 0 0 63 85 0 0 0 85 0
0 0 0 0 0 0 0 0 0 0 0 0 0 0 0 0 0 0 0 0 0 0 0 0 0 0 0 21 0 0 0 8 0 0 56 95 0 1 0 81 0
0 0 8 9 0 0 0 0 0 0 0 0 0 0 0 0 0 0 0 0 0 0 0 0 0 0 0 17 0 0 0 28 0 0 49 86 0 3 0 71 0
0 0 0 0 0 0 0 0 0 0 0 0 0 0 0 0 0 0 0 0 0 0 0 0 0 0 0 23 0 0 0 22 0 0 66 80 0 0 0 86 0
0 0 9 4 0 0 0 0 0 0 0 0 0 0 0 0 0 0 0 0 0 0 0 0 0 0 0 16 0 0 0 31 0 0 59 80 0 0 0 78 0
0 0 0 0 0 0 0 0 0 0 0 0 0 0 0 0 0 0 0 0 0 0 0 0 0 0 0 26 0 0 0 0 0 0 68 95 0 0 0 95 0
0 0 0 0 0 0 0 0 0 0 0 0 0 0 0 0 0 0 0 0 0 0 0 0 0 0 0 25 0 0 0 1 0 0 61 93 0 0 0 86 0
0 0 0 0 0 0 0 0 0 0 0 0 0 0 0 0 0 0 0 0 0 0 0 0 0 0 0 26 0 0 0 0 0 1 66 98 0 0 0 95 0
0 0 9 2 0 0 0 0 0 0 0 0 0 0 0 0 0 0 0 0 0 0 0 0 0 0 0 12 0 0 0 30 0 0 61 74 0 0 0 77 0
0 0 8 0 0 0 0 0 0 0 0 0 0 0 0 0 0 0 0 0 0 0 0 0 0 0 0 15 0 0 0 28 0 0 62 71 0 0 0 77 0
0 0 8 10 0 0 0 0 0 0 0 0 0 0 0 0 0 0 0 0 0 0 0 0 0 0 0 14 0 0 0 28 0 0 47 85 0 4 0 68 0
0 0 12 9 0 0 0 0 0 0 0 0 0 0 0 0 0 0 0 0 0 0 0 0 0 0 0 10 0 0 0 32 0 0 50 79 0 0 0 69 0
0 0 42 5 0 0 0 0 0 0 0 0 0 0 0 0 0 0 0 0 0 0 21 0 1 0 41 0 7 0 0 42 0 0 1 0 0 1 0 0 9
4 0 58 5 0 0 0 0 0 0 0 0 0 0 0 0 0 0 0 0 0 0 26 0 7 2 53 0 12 0 0 52 0 0 0 0 0 1 0 0 13
0 0 0 0 0 0 0 0 0 0 0 0 0 0 0 0 0 0 0 0 0 0 0 0 0 0 0 28 0 0 0 0 0 1 66 95 0 0 0 94 0
0 0 0 1 0 0 0 0 0 0 0 0 0 0 0 0 0 0 0 0 0 0 0 0 0 0 0 20 0 0 0 19 0 0 57 86 0 2 0 79 0
8 0 73 8 0 0 0 0 0 0 0 0 0 0 0 0 0 0 0 0 0 0 28 0 9 6 61 0 18 0 0 61 0 0 0 0 0 3 0 0 13
0 0 0 0 0 0 0 0 0 0 0 0 0 0 0 0 0 0 0 0 0 0 0 0 0 0 0 23 0 0 0 6 0 0 59 90 0 0 0 83 0
0 0 33 3 0 0 0 0 0 0 0 0 0 0 0 0 0 0 0 0 0 0 20 0 0 0 32 0 3 0 0 38 0 0 17 0 0 0 0 13 8
11 0 84 10 0 0 0 0 0 0 0 0 0 0 0 0 0 0 0 0 0 0 31 1 11 9 69 0 21 0 0 65 0 0 0 0 0 3 0 0 14
14 0 83 10 0 0 0 0 0 0 0 0 0 0 0 0 0 0 0 0 0 0 31 0 10 10 69 0 21 0 0 63 0 0 0 0 1 4 0 0 13
11 0 65 7 0 0 0 0 0 0 0 0 0 0 0 0 0 0 0 0 0 0 26 0 7 6 57 0 16 0 0 54 0 0 0 0 1 5 0 0 13
9 0 57 6 0 0 0 0 0 0 0 0 0 0 0 0 0 0 0 0 0 0 25 0 6 3 55 0 13 0 0 50 0 0 0 0 0 4 0 0 12
0 0 6 2 0 0 0 0 0 0 0 0 0 0 0 0 0 0 0 0 0 0 0 0 0 0 0 17 0 0 0 29 0 0 60 79 0 0 0 80 0
0 0 13 0 0 0 0 0 0 0 0 0 0 0 0 0 0 0 0 0 0 0 17 0 0 0 12 3 0 0 0 25 0 0 50 34 0 0 0 55 6
0 0 11 1 0 0 0 0 0 0 0 0 0 0 0 0 0 0 0 0 0 0 9 0 0 0 3 6 0 0 0 25 0 0 53 53 0 0 0 63 0
7 0 69 7 0 0 0 0 0 0 0 0 0 0 0 0 0 0 0 0 0 0 28 0 10 5 61 0 17 0 0 58 0 0 0 0 0 3 0 0 14
0 0 0 0 0 0 0 0 0 0 0 0 0 0 0 0 0 0 0 0 0 0 0 0 0 0 0 28 0 0 0 0 0 0 67 91 0 0 0 92 0
0 0 0 0 0 0 0 0 0 0 0 0 0 0 0 0 0 0 0 0 0 0 0 0 0 0 0 24 0 0 0 18 0 0 64 86 0 0 0 86 0
0 0 0 0 0 0 0 0 0 0 0 0 0 0 0 0 0 0 0 0 0 0 0 0 0 0 0 22 0 0 0 22 0 0 59 84 0 1 0 80 0
0 0 10 0 0 0 0 0 0 0 0 0 0 0 0 0 0 0 0 0 0 0 9 0 0 0 4 5 0 0 0 22 0 0 52 54 0 0 0 64 1
0 0 12 1 0 0 0 0 0 0 0 0 0 0 0 0 0 0 0 0 0 0 10 0 0 0 11 1 0 0 0 23 0 0 47 43 0 0 0 56 2
0 0 6 4 0 0 0 0 0 0 0 0 0 0 0 0 0 0 0 0 0 0 0 0 0 0 0 18 0 0 0 28 0 0 56 81 0 2 0 76 0
0 0 0 0 0 0 0 0 0 0 0 0 0 0 0 0 0 0 0 0 0 0 0 0 0 0 0 23 0 0 0 11 0 0 59 91 0 1 0 83 0
0 0 0 0 0 0 0 0 0 0 0 0 0 0 0 0 0 0 0 0 0 0 0 0 0 0 0 25 0 0 0 0 0 0 64 96 0 0 0 90 0
0 0 0 3 0 0 0 0 0 0 0 0 0 0 0 0 0 0 0 0 0 0 0 0 0 0 0 20 0 0 0 16 0 0 52 90 0 3 0 75 0
0 0 9 1 0 0 0 0 0 0 0 0 0 0 0 0 0 0 0 0 0 0 5 0 0 0 0 7 0 0 0 24 0 0 53 58 0 0 0 66 0
0 0 0 0 0 0 0 0 0 0 0 0 0 0 0 0 0 0 0 0 0 0 0 0 0 0 0 25 0 0 0 9 0 0 66 88 0 0 0 89 0
0 0 0 0 0 0 0 0 0 0 0 0 0 0 0 0 0 0 0 0 0 0 0 0 0 0 0 26 0 0 0 5 0 0 66 89 0 0 0 90 0
0 0 0 0 0 0 0 0 0 0 0 0 0 0 0 0 0 0 0 0 0 0 0 0 0 0 0 20 0 0 0 5 0 0 59 93 0 1 0 83 0
6 0 56 5 0 0 0 0 0 0 0 0 0 0 0 0 0 0 0 0 0 0 24 0 6 2 53 0 12 0 0 52 0 0 0 0 0 2 0 0 12
0 0 10 3 0 0 0 0 0 0 0 0 0 0 0 0 0 0 0 0 0 0 8 0 0 0 15 0 0 0 0 20 0 0 42 44 0 0 0 53 2
18 0 78 9 0 0 0 0 0 0 0 0 0 0 0 0 0 0 0 0 0 0 28 0 10 10 67 0 22 0 0 58 0 0 0 0 3 8 0 0 14
