0 0 0 1 0 0 0 0 0 0 0 0 0 0 0 0 0 0 0 0 0 0 0 0 0 0 0 0 0 12 0 0 0 2 31 29 0 0 0 45 0
8 0 34 0 0 0 0 0 0 0 0 0 0 17 0 0 0 0 0 0 0 0 20 0 0 0 0 0 0 0 0 34 8 0 0 0 0 21 0 0 22
0 0 0 1 0 0 0 0 0 0 0 0 0 0 0 0 0 0 0 0 0 0 0 0 0 0 0 0 0 12 0 0 0 2 31 28 0 0 0 44 0
0 0 0 1 0 0 0 0 0 0 0 0 0 0 0 0 0 0 0 0 0 0 0 0 0 0 0 0 0 11 0 0 0 3 30 29 0 0 0 44 0
0 0 0 0 0 0 0 0 0 0 0 0 0 0 0 0 0 0 0 0 0 0 0 0 0 0 0 0 0 14 0 0 0 0 38 25 0 0 0 48 0
0 0 0 1 0 0 0 0 0 0 0 0 0 0 0 0 0 0 0 0 0 0 0 0 0 0 0 0 0 12 0 0 0 2 32 27 0 0 0 44 0
3 0 24 2 0 0 0 0 0 0 0 0 0 7 0 0 0 0 0 0 0 0 11 0 0 0 0 0 0 0 0 21 2 2 0 14 0 17 0 0 14
14 0 42 0 0 0 0 0 0 0 1 0 0 30 0 0 0 0 0 0 0 1 30 0 0 0 0 0 0 0 0 43 14 0 0 0 0 25 0 0 27
0 0 0 0 0 0 0 0 0 0 0 0 0 0 0 0 0 0 0 0 0 0 0 0 0 0 0 0 0 13 0 0 0 1 35 27 0 0 0 46 0
0 0 0 0 0 0 0 0 0 0 0 0 0 0 0 0 0 0 0 0 0 0 0 0 0 0 0 0 0 13 0 0 0 1 36 27 0 0 0 47 0
0 0 0 0 0 0 0 0 0 0 0 0 0 0 0 0 0 0 0 0 0 0 0 0 0 0 0 0 0 13 0 0 0 1 35 26 0 0 0 46 0
0 0 0 0 0 0 0 0 0 0 0 0 0 0 0 0 0 0 0 0 0 0 0 0 0 0 0 0 0 14 0 0 0 0 37 25 0 0 0 47 0
0 0 0 2 0 0 0 0 0 0 0 0 0 0 0 0 0 0 0 0 0 0 0 0 0 0 0 0 0 12 0 0 0 3 31 31 0 0 0 46 0
8 0 35 0 0 0 0 0 0 0 0 0 0 18 0 0 0 0 0 0 0 0 21 0 0 0 0 0 0 0 0 34 8 0 0 0 0 21 0 0 22
8 0 35 0 0 0 0 0 0 0 0 0 0 18 0 0 0 0 0 0 0 0 21 0 0 0 0 0 0 0 0 35 8 0 0 0 0 21 0 0 21
0 0 0 0 0 0 0 0 0 0 0 0 0 0 0 0 0 0 0 0 0 0 0 0 0 0 0 0 0 14 0 0 0 1 37 26 0 0 0 48 0
0 0 0 0 0 0 0 0 0 0 0 0 0 0 0 0 0 0 0 0 0 0 0 0 0 0 0 0 0 13 0 0 0 1 36 27 0 0 0 47 0
1 0 21 2 0 0 0 0 0 0 0 0 0 5 0 0 0 0 0 0 0 0 9 0 0 0 0 0 0 0 0 17 1 3 1 20 0 14 0 9 12
0 0 0 0 0 0 0 0 0 0 0 0 0 0 0 0 0 0 0 0 0 0 0 0 0 0 0 0 0 14 0 0 0 0 39 26 0 0 0 49 0
7 0 34 0 0 0 0 0 0 0 0 0 0 16 0 0 0 0 0 0 0 0 19 0 0 0 0 0 0 0 0 34 7 0 0 0 0 22 0 0 22
0 0 0 2 0 0 0 0 0 0 0 0 0 0 0 0 0 0 0 0 0 0 0 0 0 0 0 0 0 11 0 0 0 3 29 32 0 0 0 44 0
4 0 31 2 0 0 0 0 0 0 0 0 0 11 0 0 0 0 0 0 0 0 15 0 0 0 1 0 0 0 0 27 4 2 0 11 0 20 0 0 18
0 0 0 0 0 0 0 0 0 0 0 0 0 0 0 0 0 0 0 0 0 0 0 0 0 0 0 0 0 12 0 0 0 2 33 27 0 0 0 45 0
10 0 37 0 0 0 0 0 0 0 0 0 0 24 0 0 0 0 0 0 0 0 25 0 0 0 0 0 0 0 0 38 11 0 0 0 0 22 0 0 24
0 0 16 3 0 0 0 0 0 0 0 0 0 2 0 0 0 0 0 0 0 0 6 0 0 0 0 0 0 2 0 11 0 4 8 25 0 11 0 20 9
0 0 0 1 0 0 0 0 0 0 0 0 0 0 0 0 0 0 0 0 0 0 0 0 0 0 0 0 0 12 0 0 0 2 33 28 0 0 0 46 0
0 0 0 0 0 0 0 0 0 0 0 0 0 0 0 0 0 0 0 0 0 0 0 0 0 0 0 0 0 13 0 0 0 1 36 26 0 0 0 46 0
0 0 0 2 0 0 0 0 0 0 0 0 0 0 0 0 0 0 0 0 0 0 0 0 0 0 0 0 0 10 0 0 0 3 27 32 0 0 0 42 0
2 0 25 2 0 0 0 0 0 0 0 0 0 6 0 0 0 0 0 0 0 0 11 0 0 0 0 0 0 0 0 21 2 2 0 18 0 16 0 6 14
0 0 0 0 0 0 0 0 0 0 0 0 0 0 0 0 0 0 0 0 0 0 0 0 0 0 0 0 0 14 0 0 0 0 38 26 0 0 0 48 0
0 0 0 0 0 0 0 0 0 0 0 0 0 0 0 0 0 0 0 0 0 0 0 0 0 0 0 0 0 14 0 0 0 0 38 25 0 0 0 47 0
0 0 0 0 0 0 0 0 0 0 0 0 0 0 0 0 0 0 0 0 0 0 0 0 0 0 0 0 0 13 0 0 0 1 34 27 0 0 0 45 0
10 0 37 0 0 0 0 0 0 0 0 0 0 24 0 0 0 0 0 0 0 0 25 0 0 0 0 0 0 0 0 38 11 0 0 0 0 22 0 0 24
0 0 0 0 0 0 0 0 0 0 0 0 0 0 0 0 0 0 0 0 0 0 0 0 0 0 0 0 0 13 0 0 0 1 36 26 0 0 0 47 0
0 0 4 2 0 0 0 0 0 0 0 0 0 0 0 0 0 0 0 0 0 0 0 0 0 0 0 0 0 6 0 1 0 3 19 28 0 3 0 32 1
6 0 34 0 0 0 0 0 0 0 0 0 0 14 0 0 0 0 0 0 0 0 18 0 0 0 0 0 0 0 0 32 6 0 0 0 0 22 0 0 21
0 0 0 1 0 0 0 0 0 0 0 0 0 0 0 0 0 0 0 0 0 0 0 0 0 0 0 0 0 12 0 0 0 2 31 28 0 0 0 44 0
0 0 0 1 0 0 0 0 0 0 0 0 0 0 0 0 0 0 0 0 0 0 0 0 0 0 0 0 0 12 0 0 0 3 31 31 0 0 0 45 0
0 0 0 0 0 0 0 0 0 0 0 0 0 0 0 0 0 0 0 0 0 0 0 0 0 0 0 0 0 12 0 0 0 1 33 26 0 0 0 45 0
1 0 24 5 0 0 0 0 0 0 0 0 0 5 0 0 0 0 0 0 0 0 10 0 0 0 0 0 0 0 0 16 1 5 5 28 0 17 0 18 14
0 0 0 0 0 0 0 0 0 0 0 0 0 0 0 0 0 0 0 0 0 0 0 0 0 0 0 0 0 15 0 0 0 0 41 26 0 0 0 51 0
0 0 0 0 0 0 0 0 0 0 0 0 0 0 0 0 0 0 0 0 0 0 0 0 0 0 0 0 0 13 0 0 0 2 34 27 0 0 0 45 0
0 0 11 3 0 0 0 0 0 0 0 0 0 0 0 0 0 0 0 0 0 0 2 0 0 0 0 0 0 4 0 6 0 4 14 29 0 8 0 28 5
0 0 0 2 0 0 0 0 0 0 0 0 0 0 0 0 0 0 0 0 0 0 0 0 0 0 0 0 0 10 0 0 0 3 28 33 0 0 0 43 0
10 0 37 0 0 0 0 0 0 0 0 0 0 23 0 0 0 0 0 0 0 0 24 0 0 0 0 0 0 0 0 38 10 0 0 0 0 22 0 0 23
0 0 0 0 0 0 0 0 0 0 1 0 0 0 0 0 0 0 0 0 0 0 0 0 0 0 1 0 0 15 0 0 0 0 42 26 0 0 0 51 0
7 0 34 0 0 0 0 0 0 0 0 0 0 17 0 0 0 0 0 0 0 0 20 0 0 0 0 0 0 0 0 34 7 0 0 0 0 21 0 0 21
0 0 0 0 0 0 0 0 0 0 0 0 0 0 0 0 0 0 0 0 0 0 0 0 0 0 0 0 0 13 0 0 0 1 36 26 0 0 0 46 0
0 0 0 0 0 0 0 0 0 0 0 0 0 0 0 0 0 0 0 0 0 0 0 0 0 0 0 0 0 13 0 0 0 1 35 26 0 0 0 46 0
8 0 35 0 0 0 0 0 0 0 0 0 0 17 0 0 0 0 0 0 0 0 20 0 0 0 0 0 0 0 0 33 7 0 0 0 0 22 0 0 22
0 0 0 0 0 0 0 0 0 0 0 0 0 0 0 0 0 0 0 0 0 0 0 0 0 0 0 0 0 13 0 0 0 1 34 27 0 0 0 46 0
10 0 36 0 0 0 0 0 0 0 0 0 0 22 0 0 0 0 0 0 0 0 24 0 0 0 0 0 0 0 0 37 10 0 0 0 0 22 0 0 23
0 0 0 0 0 0 0 0 0 0 0 0 0 0 0 0 0 0 0 0 0 0 0 0 0 0 1 0 0 14 0 0 0 0 40 25 0 0 0 48 0
7 0 34 0 0 0 0 0 0 0 0 0 0 16 0 0 0 0 0 0 0 0 19 0 0 0 0 0 0 0 0 33 6 0 0 0 0 22 0 0 21
0 0 0 3 0 0 0 0 0 0 0 0 0 0 0 0 0 0 0 0 0 0 0 0 0 0 0 0 0 9 0 0 0 4 26 34 0 0 0 41 0
0 0 2 3 0 0 0 0 0 0 0 0 0 0 0 0 0 0 0 0 0 0 0 0 0 0 0 0 0 8 0 0 0 4 23 33 0 3 0 38 0
2 0 25 3 0 0 0 0 0 0 0 0 0 6 0 0 0 0 0 0 0 0 11 0 0 0 0 0 0 0 0 19 1 3 0 20 0 17 0 8 14
0 0 0 0 0 0 0 0 0 0 0 0 0 0 0 0 0 0 0 0 0 0 0 0 0 0 0 0 0 13 0 0 0 1 35 26 0 0 0 46 0
8 0 34 0 0 0 0 0 0 0 0 0 0 17 0 0 0 0 0 0 0 0 20 0 0 0 0 0 0 0 0 33 7 0 0 0 0 21 0 0 22
0 0 0 1 0 0 0 0 0 0 0 0 0 0 0 0 0 0 0 0 0 0 0 0 0 0 0 0 0 12 0 0 0 2 31 28 0 0 0 44 0
8 0 35 0 0 0 0 0 0 0 0 0 0 17 0 0 0 0 0 0 0 0 21 0 0 0 0 0 0 0 0 34 8 0 0 0 0 21 0 0 22
7 0 35 0 0 0 0 0 0 0 0 0 0 15 0 0 0 0 0 0 0 0 19 0 0 0 0 0 0 0 0 33 6 0 0 0 0 22 0 0 21
0 0 4 3 0 0 0 0 0 0 0 0 0 0 0 0 0 0 0 0 0 0 0 0 0 0 0 0 0 7 0 1 0 3 20 31 0 3 0 34 1
0 0 20 2 0 0 0 0 0 0 0 0 0 4 0 0 0 0 0 0 0 0 8 0 0 0 0 0 0 0 0 17 1 2 3 21 0 13 0 12 11
0 0 0 1 0 0 0 0 0 0 0 0 0 0 0 0 0 0 0 0 0 0 0 0 0 0 0 0 0 12 0 0 0 2 33 28 0 0 0 45 0
0 0 6 3 0 0 0 0 0 0 0 0 0 0 0 0 0 0 0 0 0 0 0 0 0 0 0 0 0 6 0 1 0 4 20 33 0 5 0 35 2
0 0 0 1 0 0 0 0 0 0 0 0 0 0 0 0 0 0 0 0 0 0 0 0 0 0 0 0 0 12 0 0 0 2 31 28 0 0 0 44 0
0 0 0 0 0 0 0 0 0 0 0 0 0 0 0 0 0 0 0 0 0 0 0 0 0 0 0 0 0 13 0 0 0 1 36 26 0 0 0 46 0
0 0 0 2 0 0 0 0 0 0 0 0 0 0 0 0 0 0 0 0 0 0 0 0 0 0 0 0 0 12 0 0 0 3 31 31 0 0 0 45 0
2 0 27 3 0 0 0 0 0 0 0 0 0 8 0 0 0 0 0 0 0 0 12 0 0 0 0 0 0 0 0 22 2 2 0 16 0 18 0 2 16
0 0 0 0 0 0 0 0 0 0 0 0 0 0 0 0 0 0 0 0 0 0 0 0 0 0 0 0 0 13 0 0 0 1 34 26 0 0 0 45 0
0 0 0 0 0 0 0 0 0 0 0 0 0 0 0 0 0 0 0 0 0 0 0 0 0 0 0 0 0 14 0 0 0 0 39 25 0 0 0 48 0
0 0 0 0 0 0 0 0 0 0 0 0 0 0 0 0 0 0 0 0 0 0 0 0 0 0 0 0 0 13 0 0 0 1 35 26 0 0 0 46 0
6 0 32 0 0 0 0 0 0 0 0 0 0 13 0 0 0 0 0 0 0 0 17 0 0 0 0 0 0 0 0 30 5 0 0 1 0 20 0 0 19
0 0 0 0 0 0 0 0 0 0 0 0 0 0 0 0 0 0 0 0 0 0 0 0 0 0 0 0 0 14 0 0 0 0 37 26 0 0 0 47 0
8 0 35 0 0 0 0 0 0 0 0 0 0 18 0 0 0 0 0 0 0 0 21 0 0 0 0 0 0 0 0 35 8 0 0 0 0 22 0 0 22
0 0 0 0 0 0 0 0 0 0 0 0 0 0 0 0 0 0 0 0 0 0 0 0 0 0 0 0 0 13 0 0 0 1 34 27 0 0 0 45 0
0 0 0 0 0 0 0 0 0 0 0 0 0 0 0 0 0 0 0 0 0 0 0 0 0 0 0 0 0 15 0 0 0 0 40 25 0 0 0 49 0
3 0 29 2 0 0 0 0 0 0 0 0 0 10 0 0 0 0 0 0 0 0 14 0 0 0 0 0 0 0 0 26 3 2 0 13 0 20 0 0 17
0 0 0 1 0 0 0 0 0 0 0 0 0 0 0 0 0 0 0 0 0 0 0 0 0 0 0 0 0 12 0 0 0 2 32 28 0 0 0 45 0
0 0 0 0 0 0 0 0 0 0 0 0 0 0 0 0 0 0 0 0 0 0 0 0 0 0 0 0 0 13 0 0 0 1 33 27 0 0 0 45 0
6 0 32 0 0 0 0 0 0 0 0 0 0 13 0 0 0 0 0 0 0 0 17 0 0 0 0 0 0 0 0 30 5 0 0 2 0 21 0 0 20
0 0 0 0 0 0 0 0 0 0 0 0 0 0 0 0 0 0 0 0 0 0 0 0 0 0 0 0 0 13 0 0 0 1 35 26 0 0 0 46 0
2 0 24 2 0 0 0 0 0 0 0 0 0 7 0 0 0 0 0 0 0 0 11 0 0 0 0 0 0 0 0 19 2 2 0 18 0 16 0 5 14
6 0 33 0 0 0 0 0 0 0 0 0 0 14 0 0 0 0 0 0 0 0 18 0 0 0 0 0 0 0 0 32 5 0 0 1 0 21 0 0 20
0 0 0 0 0 0 0 0 0 0 0 0 0 0 0 0 0 0 0 0 0 0 0 0 0 0 0 0 0 14 0 0 0 1 37 26 0 0 0 47 0
2 0 27 3 0 0 0 0 0 0 0 0 0 8 0 0 0 0 0 0 0 0 12 0 0 0 0 0 0 0 0 22 2 3 0 19 0 18 0 5 16
0 0 0 0 0 0 0 0 0 0 0 0 0 0 0 0 0 0 0 0 0 0 0 0 0 0 1 0 0 15 0 0 0 0 42 26 0 0 0 51 0
0 0 5 3 0 0 0 0 0 0 0 0 0 0 0 0 0 0 0 0 0 0 0 0 0 0 0 0 0 7 0 0 0 4 20 32 0 5 0 35 2
8 0 34 0 0 0 0 0 0 0 0 0 0 17 0 0 0 0 0 0 0 0 20 0 0 0 0 0 0 0 0 34 8 0 0 0 0 21 0 0 21
9 0 36 0 0 0 0 0 0 0 0 0 0 22 0 0 0 0 0 0 0 0 23 0 0 0 0 0 0 0 0 37 10 0 0 0 0 22 0 0 23
0 0 0 0 0 0 0 0 0 0 0 0 0 0 0 0 0 0 0 0 0 0 0 0 0 0 0 0 0 14 0 0 0 0 38 26 0 0 0 48 0
0 0 0 0 0 0 0 0 0 0 0 0 0 0 0 0 0 0 0 0 0 0 0 0 0 0 0 0 0 14 0 0 0 0 37 26 0 0 0 47 0
0 0 0 1 0 0 0 0 0 0 0 0 0 0 0 0 0 0 0 0 0 0 0 0 0 0 0 0 0 12 0 0 0 2 32 28 0 0 0 45 0
0 0 0 0 0 0 0 0 0 0 0 0 0 0 0 0 0 0 0 0 0 0 0 0 0 0 0 0 0 12 0 0 0 1 34 28 0 0 0 46 0
9 0 36 0 0 0 0 0 0 0 0 0 0 21 0 0 0 0 0 0 0 0 23 0 0 0 0 0 0 0 0 37 9 0 0 0 0 22 0 0 23
8 0 36 0 0 0 0 0 0 0 0 0 0 18 0 0 0 0 0 0 0 0 21 0 0 0 0 0 0 0 0 35 7 0 0 0 0 22 0 0 22
0 0 12 2 0 0 0 0 0 0 0 0 0 0 0 0 0 0 0 0 0 0 3 0 0 0 0 0 0 3 0 9 0 3 12 27 0 9 0 24 6
5 0 31 3 0 0 0 0 0 0 0 0 0 10 0 0 0 0 0 0 0 0 15 0 0 0 0 0 0 0 0 25 4 3 0 15 0 21 0 0 19
3 0 27 2 0 0 0 0 0 0 0 0 0 8 0 0 0 0 0 0 0 0 13 0 0 0 0 0 0 0 0 23 3 2 0 15 0 18 0 0 16
0 0 0 3 0 0 0 0 0 0 0 0 0 0 0 0 0 0 0 0 0 0 0 0 0 0 0 0 0 9 0 0 0 3 25 32 0 0 0 40 0
6 0 33 1 0 0 0 0 0 0 0 0 0 13 0 0 0 0 0 0 0 0 17 0 0 0 0 0 0 0 0 29 5 0 0 5 0 21 0 0 20
6 0 34 0 0 0 0 0 0 0 0 0 0 15 0 0 0 0 0 0 0 0 18 0 0 0 0 0 0 0 0 32 6 0 0 0 0 21 0 0 21
8 0 35 0 0 0 0 0 0 0 0 0 0 19 0 0 0 0 0 0 0 0 21 0 0 0 0 0 0 0 0 35 8 0 0 0 0 21 0 0 22
1 0 23 2 0 0 0 0 0 0 0 0 0 6 0 0 0 0 0 0 0 0 10 0 0 0 0 0 0 0 0 19 1 3 0 20 0 16 0 9 14
0 0 15 2 0 0 0 0 0 0 0 0 0 2 0 0 0 0 0 0 0 0 6 0 0 0 0 0 0 1 0 11 0 4 8 26 0 12 0 20 9
0 0 0 0 0 0 0 0 0 0 0 0 0 0 0 0 0 0 0 0 0 0 0 0 0 0 0 0 0 13 0 0 0 1 36 27 0 0 0 47 0
0 0 0 0 0 0 0 0 0 0 0 0 0 0 0 0 0 0 0 0 0 0 0 0 0 0 0 0 0 13 0 0 0 1 35 27 0 0 0 46 0
0 0 0 1 0 0 0 0 0 0 0 0 0 0 0 0 0 0 0 0 0 0 0 0 0 0 0 0 0 12 0 0 0 2 31 28 0 0 0 44 0
0 0 2 3 0 0 0 0 0 0 0 0 0 0 0 0 0 0 0 0 0 0 0 0 0 0 0 0 0 8 0 0 0 4 22 33 0 3 0 37 0
6 0 34 1 0 0 0 0 0 0 0 0 0 14 0 0 0 0 0 0 0 0 18 0 0 0 0 0 0 0 0 32 5 0 0 1 0 22 0 0 21
0 0 0 2 0 0 0 0 0 0 0 0 0 0 0 0 0 0 0 0 0 0 0 0 0 0 0 0 0 12 0 0 0 3 30 31 0 0 0 45 0
0 0 0 0 0 0 0 0 0 0 0 0 0 0 0 0 0 0 0 0 0 0 0 0 0 0 1 0 0 15 0 0 0 0 42 25 0 0 0 51 0
0 0 0 1 0 0 0 0 0 0 0 0 0 0 0 0 0 0 0 0 0 0 0 0 0 0 0 0 0 13 0 0 0 2 34 28 0 0 0 46 0
0 0 0 1 0 0 0 0 0 0 0 0 0 0 0 0 0 0 0 0 0 0 0 0 0 0 0 0 0 11 0 0 0 3 31 31 0 0 0 45 0
8 0 36 0 0 0 0 0 0 0 0 0 0 19 0 0 0 0 0 0 0 0 21 0 0 0 0 0 0 0 0 36 8 0 0 0 0 22 0 0 22
0 0 0 0 0 0 0 0 0 0 0 0 0 0 0 0 0 0 0 0 0 0 0 0 0 0 0 0 0 13 0 0 0 1 35 26 0 0 0 46 0
0 0 0 0 0 0 0 0 0 0 0 0 0 0 0 0 0 0 0 0 0 0 0 0 0 0 0 0 0 13 0 0 0 1 35 26 0 0 0 46 0
0 0 1 2 0 0 0 0 0 0 0 0 0 0 0 0 0 0 0 0 0 0 0 0 0 0 0 0 0 8 0 0 0 4 23 31 0 1 0 37 0
0 0 0 0 0 0 0 0 0 0 0 0 0 0 0 0 0 0 0 0 0 0 0 0 0 0 0 0 0 14 0 0 0 0 40 26 0 0 0 49 0
0 0 0 0 0 0 0 0 0 0 0 0 0 0 0 0 0 0 0 0 0 0 0 0 0 0 0 0 0 13 0 0 0 0 37 26 0 0 0 47 0
3 0 27 3 0 0 0 0 0 0 0 0 0 8 0 0 0 0 0 0 0 0 12 0 0 0 0 0 0 0 0 22 2 3 0 18 0 19 0 2 16
0 0 0 0 0 0 0 0 0 0 0 0 0 0 0 0 0 0 0 0 0 0 0 0 0 0 0 0 0 12 0 0 0 1 33 27 0 0 0 44 0
0 0 0 0 0 0 0 0 0 0 0 0 0 0 0 0 0 0 0 0 0 0 0 0 0 0 0 0 0 12 0 0 0 1 34 27 0 0 0 45 0
8 0 35 0 0 0 0 0 0 0 0 0 0 16 0 0 0 0 0 0 0 0 20 0 0 0 0 0 0 0 0 34 6 0 0 0 0 22 0 0 22
0 0 0 0 0 0 0 0 0 0 0 0 0 0 0 0 0 0 0 0 0 0 0 0 0 0 0 0 0 14 0 0 0 0 38 26 0 0 0 48 0
6 0 32 0 0 0 0 0 0 0 0 0 0 13 0 0 0 0 0 0 0 0 17 0 0 0 0 0 0 0 0 30 5 0 0 0 0 21 0 0 20
0 0 0 0 0 0 0 0 0 0 0 0 0 0 0 0 0 0 0 0 0 0 0 0 0 0 0 0 0 14 0 0 0 0 37 26 0 0 0 47 0
0 0 0 0 0 0 0 0 0 0 0 0 0 0 0 0 0 0 0 0 0 0 0 0 0 0 0 0 0 13 0 0 0 1 35 26 0 0 0 46 0
10 0 36 0 0 0 0 0 0 0 0 0 0 22 0 0 0 0 0 0 0 0 24 0 0 0 0 0 0 0 0 37 10 0 0 0 0 22 0 0 23
6 0 32 0 0 0 0 0 0 0 0 0 0 13 0 0 0 0 0 0 0 0 17 0 0 0 0 0 0 0 0 30 5 0 0 1 0 21 0 0 20
0 0 7 3 0 0 0 0 0 0 0 0 0 0 0 0 0 0 0 0 0 0 1 0 0 0 0 0 0 6 0 2 0 4 18 31 0 6 0 33 4
0 0 0 0 0 0 0 0 0 0 0 0 0 0 0 0 0 0 0 0 0 0 0 0 0 0 1 0 0 15 0 0 0 0 41 26 0 0 0 50 0
8 0 35 0 0 0 0 0 0 0 0 0 0 17 0 0 0 0 0 0 0 0 20 0 0 0 0 0 0 0 0 34 7 0 0 0 0 22 0 0 22
0 0 0 0 0 0 0 0 0 0 0 0 0 0 0 0 0 0 0 0 0 0 0 0 0 0 0 0 0 14 0 0 0 0 38 25 0 0 0 47 0
0 0 0 0 0 0 0 0 0 0 0 0 0 0 0 0 0 0 0 0 0 0 0 0 0 0 0 0 0 13 0 0 0 0 36 26 0 0 0 46 0
0 0 0 1 0 0 0 0 0 0 0 0 0 0 0 0 0 0 0 0 0 0 0 0 0 0 0 0 0 12 0 0 0 2 31 29 0 0 0 44 0
10 0 36 0 0 0 0 0 0 0 0 0 0 21 0 0 0 0 0 0 0 0 23 0 0 0 0 0 0 0 0 38 10 0 0 0 0 22 0 0 23
0 0 4 2 0 0 0 0 0 0 0 0 0 0 0 0 0 0 0 0 0 0 0 0 0 0 0 0 0 7 0 0 0 4 20 31 0 3 0 34 1
4 0 28 2 0 0 0 0 0 0 0 0 0 9 0 0 0 0 0 0 0 0 13 0 0 0 0 0 0 0 0 24 3 1 0 12 0 18 0 0 16
0 0 0 0 0 0 0 0 0 0 0 0 0 0 0 0 0 0 0 0 0 0 0 0 0 0 0 0 0 13 0 0 0 1 36 26 0 0 0 46 0
13 0 41 0 0 0 0 0 0 0 0 0 0 29 0 0 0 0 0 0 0 0 29 0 0 0 0 0 0 0 0 42 14 0 0 0 0 24 0 0 27
0 0 0 0 0 0 0 0 0 0 0 0 0 0 0 0 0 0 0 0 0 0 0 0 0 0 0 0 0 13 0 0 0 1 35 26 0 0 0 46 0
0 0 0 2 0 0 0 0 0 0 0 0 0 0 0 0 0 0 0 0 0 0 0 0 0 0 0 0 0 9 0 0 0 4 25 32 0 0 0 41 0
0 0 12 3 0 0 0 0 0 0 0 0 0 0 0 0 0 0 0 0 0 0 3 0 0 0 0 0 0 4 0 7 0 4 14 30 0 9 0 29 6
8 0 35 0 0 0 0 0 0 0 0 0 0 18 0 0 0 0 0 0 0 0 21 0 0 0 0 0 0 0 0 35 8 0 0 0 0 21 0 0 22
8 0 34 0 0 0 0 0 0 0 0 0 0 17 0 0 0 0 0 0 0 0 20 0 0 0 0 0 0 0 0 33 7 0 0 0 0 22 0 0 22
0 0 0 0 0 0 0 0 0 0 0 0 0 0 0 0 0 0 0 0 0 0 0 0 0 0 0 0 0 13 0 0 0 1 36 26 0 0 0 46 0
8 0 35 0 0 0 0 0 0 0 0 0 0 19 0 0 0 0 0 0 0 0 21 0 0 0 0 0 0 0 0 35 9 0 0 0 0 21 0 0 22
0 0 0 1 0 0 0 0 0 0 0 0 0 0 0 0 0 0 0 0 0 0 0 0 0 0 0 0 0 12 0 0 0 2 32 27 0 0 0 44 0
0 0 0 0 0 0 0 0 0 0 0 0 0 0 0 0 0 0 0 0 0 0 0 0 0 0 0 0 0 13 0 0 0 1 35 27 0 0 0 46 0
0 0 1 3 0 0 0 0 0 0 0 0 0 0 0 0 0 0 0 0 0 0 0 0 0 0 0 0 0 7 0 0 0 4 22 30 0 1 0 36 0
0 0 12 3 0 0 0 0 0 0 0 0 0 0 0 0 0 0 0 0 0 0 3 0 0 0 0 0 0 4 0 8 0 4 14 30 0 9 0 27 6
9 0 36 0 0 0 0 0 0 0 0 0 0 17 0 0 0 0 0 0 0 0 21 0 0 0 0 0 0 0 0 35 8 0 0 0 0 22 0 0 22
0 0 0 0 0 0 0 0 0 0 0 0 0 0 0 0 0 0 0 0 0 0 0 0 0 0 0 0 0 13 0 0 0 1 34 27 0 0 0 45 0
0 0 21 3 0 0 0 0 0 0 0 0 0 4 0 0 0 0 0 0 0 0 8 0 0 0 0 0 0 0 0 16 0 4 5 26 0 15 0 15 12
0 0 0 0 0 0 0 0 0 0 0 0 0 0 0 0 0 0 0 0 0 0 0 0 0 0 0 0 0 12 0 0 0 1 33 27 0 0 0 44 0
12 0 39 0 0 0 0 0 0 0 0 0 0 26 0 0 0 0 0 0 0 0 27 0 0 0 0 0 0 0 0 40 12 0 0 0 0 24 0 0 25
0 0 19 4 0 0 0 0 0 0 0 0 0 3 0 0 0 0 0 0 0 0 7 0 0 0 0 0 0 1 0 13 0 4 7 26 0 13 0 19 10
0 0 0 3 0 0 0 0 0 0 0 0 0 0 0 0 0 0 0 0 0 0 0 0 0 0 0 0 0 8 0 0 0 3 24 32 0 0 0 39 0
0 0 0 1 0 0 0 0 0 0 0 0 0 0 0 0 0 0 0 0 0 0 0 0 0 0 0 0 0 11 0 0 0 3 29 31 0 0 0 44 0
0 0 0 2 0 0 0 0 0 0 0 0 0 0 0 0 0 0 0 0 0 0 0 0 0 0 0 0 0 11 0 0 0 3 29 32 0 0 0 44 0
0 0 0 0 0 0 0 0 0 0 0 0 0 0 0 0 0 0 0 0 0 0 0 0 0 0 0 0 0 14 0 0 0 0 40 25 0 0 0 49 0
0 0 0 1 0 0 0 0 0 0 0 0 0 0 0 0 0 0 0 0 0 0 0 0 0 0 0 0 0 11 0 0 0 3 30 32 0 0 0 45 0
9 0 36 0 0 0 0 0 0 0 0 0 0 20 0 0 0 0 0 0 0 0 22 0 0 0 0 0 0 0 0 36 9 0 0 0 0 22 0 0 22
0 0 0 0 0 0 0 0 0 0 0 0 0 0 0 0 0 0 0 0 0 0 0 0 0 0 0 0 0 13 0 0 0 1 34 26 0 0 0 45 0
0 0 0 3 0 0 0 0 0 0 0 0 0 0 0 0 0 0 0 0 0 0 0 0 0 0 0 0 0 10 0 0 0 4 27 32 0 0 0 42 0
0 0 0 0 0 0 0 0 0 0 0 0 0 0 0 0 0 0 0 0 0 0 0 0 0 0 0 0 0 13 0 0 0 1 34 26 0 0 0 45 0
0 0 0 1 0 0 0 0 0 0 0 0 0 0 0 0 0 0 0 0 0 0 0 0 0 0 0 0 0 13 0 0 0 2 33 27 0 0 0 45 0
10 0 37 0 0 0 0 0 0 0 0 0 0 23 0 0 0 0 0 0 0 0 24 0 0 0 0 0 0 0 0 37 10 0 0 0 0 22 0 0 24
1 0 20 3 0 0 0 0 0 0 0 0 0 4 0 0 0 0 0 0 0 0 8 0 0 0 0 0 0 0 0 16 1 3 4 24 0 14 0 15 12
0 0 0 1 0 0 0 0 0 0 0 0 0 0 0 0 0 0 0 0 0 0 0 0 0 0 0 0 0 12 0 0 0 2 31 28 0 0 0 44 0
0 0 1 3 0 0 0 0 0 0 0 0 0 0 0 0 0 0 0 0 0 0 0 0 0 0 0 0 0 8 0 0 0 4 22 32 0 2 0 37 0
0 0 17 3 0 0 0 0 0 0 0 0 0 3 0 0 0 0 0 0 0 0 7 0 0 0 0 0 0 1 0 14 0 3 5 22 0 12 0 15 10
11 0 38 0 0 0 0 0 0 0 0 0 0 25 0 0 0 0 0 0 0 0 26 0 0 0 0 0 0 0 0 39 12 0 0 0 0 23 0 0 24
8 0 36 0 0 0 0 0 0 0 0 0 0 19 0 0 0 0 0 0 0 0 21 0 0 0 0 0 0 0 0 36 8 0 0 0 0 21 0 0 22
0 0 0 0 0 0 0 0 0 0 1 0 0 0 0 0 0 0 0 0 0 0 0 0 1 0 1 0 0 16 0 0 0 0 44 26 0 0 0 53 0
0 0 19 2 0 0 0 0 0 0 0 0 0 4 0 0 0 0 0 0 0 0 8 0 0 0 0 0 0 0 0 16 1 2 3 20 0 13 0 11 11
0 0 0 0 0 0 0 0 0 0 0 0 0 0 0 0 0 0 0 0 0 0 0 0 0 0 0 0 0 13 0 0 0 1 35 26 0 0 0 46 0
0 0 0 0 0 0 0 0 0 0 0 0 0 0 0 0 0 0 0 0 0 0 0 0 0 0 0 0 0 12 0 0 0 2 33 27 0 0 0 44 0
0 0 0 1 0 0 0 0 0 0 0 0 0 0 0 0 0 0 0 0 0 0 0 0 0 0 0 0 0 11 0 0 0 3 29 33 0 0 0 45 0
10 0 37 0 0 0 0 0 0 0 0 0 0 23 0 0 0 0 0 0 0 0 24 0 0 0 0 0 0 0 0 38 10 0 0 0 0 22 0 0 23
9 0 36 0 0 0 0 0 0 0 0 0 0 21 0 0 0 0 0 0 0 0 22 0 0 0 0 0 0 0 0 36 9 0 0 0 0 21 0 0 22
0 0 0 0 0 0 0 0 0 0 0 0 0 0 0 0 0 0 0 0 0 0 0 0 0 0 0 0 0 14 0 0 0 0 39 25 0 0 0 48 0
0 0 0 0 0 0 0 0 0 0 0 0 0 0 0 0 0 0 0 0 0 0 0 0 0 0 0 0 0 14 0 0 0 0 37 26 0 0 0 47 0
3 0 25 3 0 0 0 0 0 0 0 0 0 7 0 0 0 0 0 0 0 0 11 0 0 0 0 0 0 0 0 20 2 3 0 20 0 17 0 6 14
0 0 0 2 0 0 0 0 0 0 0 0 0 0 0 0 0 0 0 0 0 0 0 0 0 0 0 0 0 11 0 0 0 3 29 33 0 0 0 44 0
0 0 0 0 0 0 0 0 0 0 0 0 0 0 0 0 0 0 0 0 0 0 0 0 0 0 0 0 0 12 0 0 0 1 34 27 0 0 0 45 0
0 0 0 0 0 0 0 0 0 0 0 0 0 0 0 0 0 0 0 0 0 0 0 0 0 0 0 0 0 12 0 0 0 2 33 27 0 0 0 45 0
0 0 0 0 0 0 0 0 0 0 0 0 0 0 0 0 0 0 0 0 0 0 0 0 0 0 0 0 0 14 0 0 0 0 38 25 0 0 0 48 0
0 0 0 2 0 0 0 0 0 0 0 0 0 0 0 0 0 0 0 0 0 0 0 0 0 0 0 0 0 9 0 0 0 3 26 32 0 0 0 41 0
8 0 34 0 0 0 0 0 0 0 0 0 0 18 0 0 0 0 0 0 0 0 21 0 0 0 0 0 0 0 0 35 8 0 0 0 0 21 0 0 22
0 0 0 0 0 0 0 0 0 0 0 0 0 0 0 0 0 0 0 0 0 0 0 0 0 0 0 0 0 13 0 0 0 1 34 27 0 0 0 45 0
0 0 0 1 0 0 0 0 0 0 0 0 0 0 0 0 0 0 0 0 0 0 0 0 0 0 0 0 0 12 0 0 0 2 31 29 0 0 0 44 0
0 0 0 0 0 0 0 0 0 0 0 0 0 0 0 0 0 0 0 0 0 0 0 0 0 0 0 0 0 13 0 0 0 1 35 26 0 0 0 46 0
0 0 2 2 0 0 0 0 0 0 0 0 0 0 0 0 0 0 0 0 0 0 0 0 0 0 0 0 0 7 0 0 0 4 22 31 0 2 0 36 0
0 0 0 2 0 0 0 0 0 0 0 0 0 0 0 0 0 0 0 0 0 0 0 0 0 0 0 0 0 9 0 0 0 4 25 32 0 0 0 41 0
0 0 12 3 0 0 0 0 0 0 0 0 0 0 0 0 0 0 0 0 0 0 3 0 0 0 0 0 0 4 0 8 0 4 14 30 0 9 0 27 7
0 0 0 0 0 0 0 0 0 0 0 0 0 0 0 0 0 0 0 0 0 0 0 0 0 0 0 0 0 14 0 0 0 0 38 26 0 0 0 48 0
0 0 0 0 0 0 0 0 0 0 0 0 0 0 0 0 0 0 0 0 0 0 0 0 0 0 0 0 0 13 0 0 0 1 34 26 0 0 0 45 0
8 0 35 0 0 0 0 0 0 0 0 0 0 19 0 0 0 0 0 0 0 0 21 0 0 0 0 0 0 0 0 36 8 0 0 0 0 21 0 0 22
7 0 34 0 0 0 0 0 0 0 0 0 0 16 0 0 0 0 0 0 0 0 19 0 0 0 0 0 0 0 0 33 7 0 0 0 0 22 0 0 21
0 0 0 2 0 0 0 0 0 0 0 0 0 0 0 0 0 0 0 0 0 0 0 0 0 0 0 0 0 11 0 0 0 3 28 31 0 0 0 43 0
0 0 0 0 0 0 0 0 0 0 0 0 0 0 0 0 0 0 0 0 0 0 0 0 0 0 0 0 0 13 0 0 0 1 35 26 0 0 0 46 0
0 0 0 1 0 0 0 0 0 0 0 0 0 0 0 0 0 0 0 0 0 0 0 0 0 0 0 0 0 12 0 0 0 2 32 28 0 0 0 44 0
8 0 35 0 0 0 0 0 0 0 0 0 0 20 0 0 0 0 0 0 0 0 22 0 0 0 0 0 0 0 0 36 9 0 0 0 0 22 0 0 22
1 0 19 2 0 0 0 0 0 0 0 0 0 5 0 0 0 0 0 0 0 0 8 0 0 0 0 0 0 0 0 16 1 2 2 20 0 13 0 10 11
0 0 0 2 0 0 0 0 0 0 0 0 0 0 0 0 0 0 0 0 0 0 0 0 0 0 0 0 0 10 0 0 0 3 26 30 0 0 0 41 0
0 0 0 0 0 0 0 0 0 0 0 0 0 0 0 0 0 0 0 0 0 0 0 0 0 0 0 0 0 13 0 0 0 1 35 27 0 0 0 46 0
0 0 0 2 0 0 0 0 0 0 0 0 0 0 0 0 0 0 0 0 0 0 0 0 0 0 0 0 0 11 0 0 0 3 29 32 0 0 0 44 0
0 0 0 0 0 0 0 0 0 0 0 0 0 0 0 0 0 0 0 0 0 0 0 0 0 0 0 0 0 13 0 0 0 1 34 27 0 0 0 45 0
0 0 0 0 0 0 0 0 0 0 0 0 0 0 0 0 0 0 0 0 0 0 0 0 0 0 0 0 0 14 0 0 0 0 38 26 0 0 0 48 0
0 0 0 0 0 0 0 0 0 0 0 0 0 0 0 0 0 0 0 0 0 0 0 0 0 0 0 0 0 14 0 0 0 0 39 26 0 0 0 48 0
6 0 33 1 0 0 0 0 0 0 0 0 0 12 0 0 0 0 0 0 0 0 17 0 0 0 0 0 0 0 0 29 5 1 0 7 0 22 0 0 20
0 0 0 2 0 0 0 0 0 0 0 0 0 0 0 0 0 0 0 0 0 0 0 0 0 0 0 0 0 9 0 0 0 3 25 31 0 0 0 39 0
7 0 34 1 0 0 0 0 0 0 0 0 0 14 0 0 0 0 0 0 0 0 18 0 0 0 0 0 0 0 0 32 5 0 0 2 0 22 0 0 21
0 0 0 1 0 0 0 0 0 0 0 0 0 0 0 0 0 0 0 0 0 0 0 0 0 0 0 0 0 12 0 0 0 2 32 27 0 0 0 44 0
0 0 0 0 0 0 0 0 0 0 0 0 0 0 0 0 0 0 0 0 0 0 0 0 0 0 0 0 0 15 0 0 0 0 40 26 0 0 0 50 0
0 0 0 0 0 0 0 0 0 0 0 0 0 0 0 0 0 0 0 0 0 0 0 0 0 0 0 0 0 13 0 0 0 0 36 25 0 0 0 46 0
11 0 37 0 0 0 0 0 0 0 0 0 0 25 0 0 0 0 0 0 0 0 25 0 0 0 0 0 0 0 0 39 11 0 0 0 0 23 0 0 24
0 0 0 2 0 0 0 0 0 0 0 0 0 0 0 0 0 0 0 0 0 0 0 0 0 0 0 0 0 8 0 0 0 4 23 31 0 1 0 37 0
0 0 0 0 0 0 0 0 0 0 0 0 0 0 0 0 0 0 0 0 0 0 0 0 0 0 0 0 0 15 0 0 0 0 40 26 0 0 0 49 0
0 0 0 2 0 0 0 0 0 0 0 0 0 0 0 0 0 0 0 0 0 0 0 0 0 0 0 0 0 11 0 0 0 3 31 34 0 0 0 47 0
0 0 0 1 0 0 0 0 0 0 0 0 0 0 0 0 0 0 0 0 0 0 0 0 0 0 0 0 0 11 0 0 0 2 31 28 0 0 0 44 0
0 0 0 1 0 0 0 0 0 0 0 0 0 0 0 0 0 0 0 0 0 0 0 0 0 0 0 0 0 12 0 0 0 2 33 30 0 0 0 46 0
8 0 36 0 0 0 0 0 0 0 0 0 0 19 0 0 0 0 0 0 0 0 21 0 0 0 0 0 0 0 0 36 8 0 0 0 0 21 0 0 22
0 0 3 3 0 0 0 0 0 0 0 0 0 0 0 0 0 0 0 0 0 0 0 0 0 0 0 0 0 7 0 0 0 4 20 31 0 3 0 35 1
6 0 34 0 0 0 0 0 0 0 0 0 0 14 0 0 0 0 0 0 0 0 18 0 0 0 0 0 0 0 0 31 5 0 0 2 0 22 0 0 21
10 0 37 0 0 0 0 0 0 0 0 0 0 24 0 0 0 0 0 0 0 0 25 0 0 0 0 0 0 0 0 39 11 0 0 0 0 22 0 0 24
0 0 10 3 0 0 0 0 0 0 0 0 0 0 0 0 0 0 0 0 0 0 2 0 0 0 0 0 0 5 0 5 0 4 15 30 0 7 0 29 5
0 0 0 0 0 0 0 0 0 0 0 0 0 0 0 0 0 0 0 0 0 0 0 0 0 0 0 0 0 14 0 0 0 0 37 26 0 0 0 48 0
0 0 0 1 0 0 0 0 0 0 0 0 0 0 0 0 0 0 0 0 0 0 0 0 0 0 0 0 0 12 0 0 0 2 32 29 0 0 0 45 0
0 0 0 0 0 0 0 0 0 0 0 0 0 0 0 0 0 0 0 0 0 0 0 0 0 0 0 0 0 14 0 0 0 0 38 26 0 0 0 48 0
4 0 28 1 0 0 0 0 0 0 0 0 0 9 0 0 0 0 0 0 0 0 13 0 0 0 0 0 0 0 0 25 3 1 0 13 0 18 0 0 17
0 0 7 3 0 0 0 0 0 0 0 0 0 0 0 0 0 0 0 0 0 0 0 0 0 0 0 0 0 6 0 2 0 4 20 32 0 5 0 35 3
0 0 0 0 0 0 0 0 0 0 0 0 0 0 0 0 0 0 0 0 0 0 0 0 0 0 0 0 0 14 0 0 0 1 37 26 0 0 0 47 0
0 0 0 1 0 0 0 0 0 0 0 0 0 0 0 0 0 0 0 0 0 0 0 0 0 0 0 0 0 12 0 0 0 2 32 29 0 0 0 45 0
9 0 36 0 0 0 0 0 0 0 0 0 0 21 0 0 0 0 0 0 0 0 23 0 0 0 0 0 0 0 0 37 9 0 0 0 0 22 0 0 23
0 0 18 2 0 0 0 0 0 0 0 0 0 3 0 0 0 0 0 0 0 0 7 0 0 0 0 0 0 1 0 14 0 3 5 23 0 13 0 16 10
5 0 30 1 0 0 0 0 0 0 0 0 0 11 0 0 0 0 0 0 0 0 15 0 0 0 0 0 0 0 0 27 4 1 0 7 0 19 0 0 18
9 0 36 0 0 0 0 0 0 0 0 0 0 22 0 0 0 0 0 0 0 0 24 0 0 0 0 0 0 0 0 37 10 0 0 0 0 22 0 0 23
0 0 0 0 0 0 0 0 0 0 0 0 0 0 0 0 0 0 0 0 0 0 0 0 0 0 0 0 0 13 0 0 0 1 35 26 0 0 0 46 0
0 0 0 0 0 0 0 0 0 0 0 0 0 0 0 0 0 0 0 0 0 0 0 0 0 0 0 0 0 13 0 0 0 1 34 27 0 0 0 45 0
5 0 32 1 0 0 0 0 0 0 0 0 0 12 0 0 0 0 0 0 0 0 16 0 0 0 0 0 0 0 0 28 5 1 0 6 0 21 0 0 19
0 0 0 1 0 0 0 0 0 0 0 0 0 0 0 0 0 0 0 0 0 0 0 0 0 0 0 0 0 12 0 0 0 3 31 30 0 0 0 45 0
0 0 0 0 0 0 0 0 0 0 0 0 0 0 0 0 0 0 0 0 0 0 0 0 0 0 0 0 0 14 0 0 0 0 38 26 0 0 0 48 0
0 0 0 0 0 0 0 0 0 0 0 0 0 0 0 0 0 0 0 0 0 0 0 0 0 0 0 0 0 12 0 0 0 1 33 27 0 0 0 45 0
9 0 36 0 0 0 0 0 0 0 0 0 0 22 0 0 0 0 0 0 0 0 23 0 0 0 0 0 0 0 0 37 10 0 0 0 0 22 0 0 23
0 0 0 0 0 0 0 0 0 0 0 0 0 0 0 0 0 0 0 0 0 0 0 0 0 0 0 0 0 14 0 0 0 0 39 25 0 0 0 49 0
6 0 33 1 0 0 0 0 0 0 0 0 0 12 0 0 0 0 0 0 0 0 17 0 0 0 0 0 0 0 0 30 5 1 0 6 0 22 0 0 20
10 0 37 0 0 0 0 0 0 0 0 0 0 24 0 0 0 0 0 0 0 0 25 0 0 0 0 0 0 0 0 39 11 0 0 0 0 22 0 0 24
0 0 0 0 0 0 0 0 0 0 0 0 0 0 0 0 0 0 0 0 0 0 0 0 0 0 0 0 0 14 0 0 0 1 37 26 0 0 0 47 0
2 0 24 2 0 0 0 0 0 0 0 0 0 7 0 0 0 0 0 0 0 0 11 0 0 0 0 0 0 0 0 21 2 2 0 14 0 16 0 0 14
0 0 0 0 0 0 0 0 0 0 0 0 0 0 0 0 0 0 0 0 0 0 0 0 0 0 0 0 0 12 0 0 0 1 33 27 0 0 0 45 0
9 0 35 0 0 0 0 0 0 0 0 0 0 20 0 0 0 0 0 0 0 0 22 0 0 0 0 0 0 0 0 36 9 0 0 0 0 21 0 0 22
7 0 35 0 0 0 0 0 0 0 0 0 0 16 0 0 0 0 0 0 0 0 19 0 0 0 0 0 0 0 0 33 6 0 0 0 0 22 0 0 21
