33 0 0 9 0 3 0 0 23 0 0 0 0 0 0 0 0 0 0 0 0 0 20 0 0 2 0 0 0 0 0 0 0 0 36 0 0 19 0 0 0
0 0 32 0 1 0 0 0 0 0 0 0 0 0 0 0 0 0 0 0 0 0 0 13 0 0 0 0 0 6 0 82 0 34 0 68 0 0 0 22 0
33 0 0 10 0 2 0 0 23 0 0 0 0 0 0 0 0 0 0 0 0 0 19 0 0 2 0 0 0 0 0 0 0 0 40 0 0 20 0 0 0
17 0 5 5 0 0 0 0 10 0 0 0 0 0 0 0 0 0 0 0 0 0 9 0 0 1 0 10 0 1 0 12 0 0 25 0 0 14 0 11 0
30 0 0 9 0 1 0 0 20 0 0 0 0 0 0 0 0 0 0 0 0 0 17 0 0 2 0 5 0 0 0 0 0 0 38 0 0 20 0 0 0
30 0 0 10 0 1 0 0 20 0 0 0 0 0 0 0 0 0 0 0 0 0 18 0 0 2 0 7 0 0 0 0 0 0 39 0 0 21 0 0 0
33 0 0 10 0 2 0 0 23 0 0 0 0 0 0 0 0 0 0 0 0 0 19 0 0 2 0 1 0 0 0 0 0 0 39 0 0 20 0 0 0
0 0 25 0 0 0 0 0 0 0 0 0 0 0 0 0 0 0 0 0 0 0 0 9 0 0 0 1 0 5 0 64 0 25 0 51 0 0 0 21 0
18 0 6 5 0 0 0 0 9 0 0 0 0 0 0 0 0 0 0 0 0 0 9 0 0 0 0 11 0 1 0 19 0 0 25 1 0 14 0 14 0
31 0 0 9 0 2 0 0 21 0 0 0 0 0 0 0 0 0 0 0 0 0 18 0 0 2 0 0 0 0 0 0 0 0 36 0 0 18 0 0 0
0 0 18 0 0 0 0 0 0 0 0 0 0 0 0 0 0 0 0 0 0 0 0 4 0 0 0 7 0 4 0 46 0 14 0 28 0 0 0 23 0
31 0 0 9 0 2 0 0 22 0 0 0 0 0 0 0 0 0 0 0 0 0 18 0 0 2 0 0 0 0 0 0 0 0 37 0 0 19 0 0 0
0 0 18 0 0 0 0 0 0 0 0 0 0 0 0 0 0 0 0 0 0 0 0 4 0 0 0 7 0 4 0 46 0 14 0 28 0 0 0 23 0
33 0 0 10 0 2 0 0 23 0 0 0 0 0 0 0 0 0 0 0 0 0 19 0 0 2 0 4 0 0 0 0 0 0 41 0 0 21 0 0 0
38 0 0 10 0 4 0 0 26 0 0 0 0 0 0 0 0 0 0 0 0 0 22 0 0 2 0 0 0 0 0 0 0 0 38 0 0 21 0 0 0
0 0 21 0 0 0 0 0 0 0 0 0 0 0 0 0 0 0 0 0 0 0 0 6 0 0 0 5 0 4 0 54 0 19 0 37 0 0 0 23 0
13 0 8 4 0 0 0 0 7 0 0 0 0 0 0 0 0 0 0 0 0 0 7 0 0 0 0 10 0 1 0 21 0 1 20 4 0 11 0 15 0
0 0 24 0 0 0 0 0 0 0 0 0 0 0 0 0 0 0 0 0 0 0 0 8 0 0 0 3 0 4 0 59 0 23 0 45 0 0 0 21 0
31 0 0 10 0 1 0 0 21 0 0 0 0 0 0 0 0 0 0 0 0 0 18 0 0 2 0 7 0 0 0 0 0 0 41 0 0 21 0 0 0
28 0 0 9 0 0 0 0 19 0 0 0 0 0 0 0 0 0 0 0 0 0 16 0 0 2 0 7 0 0 0 0 0 0 38 0 0 20 0 0 0
18 0 6 5 0 0 0 0 10 0 0 0 0 0 0 0 0 0 0 0 0 0 9 0 0 1 0 10 0 1 0 13 0 0 26 0 0 14 0 12 0
34 0 0 10 0 2 0 0 23 0 0 0 0 0 0 0 0 0 0 0 0 0 20 0 0 2 0 0 0 0 0 0 0 0 40 0 0 20 0 0 0
16 0 5 5 0 0 0 0 9 0 0 0 0 0 0 0 0 0 0 0 0 0 9 0 0 0 0 10 0 1 0 14 0 0 24 0 0 13 0 12 0
0 0 25 0 0 0 0 0 0 0 0 0 0 0 0 0 0 0 0 0 0 0 0 8 0 0 0 2 0 5 0 62 0 25 0 49 0 0 0 21 0
35 0 0 9 0 3 0 0 24 0 0 0 0 0 0 0 0 0 0 0 0 0 20 0 0 2 0 0 0 0 0 0 0 0 39 0 0 20 0 0 0
0 0 20 0 0 0 0 0 0 0 0 0 0 0 0 0 0 0 0 0 0 0 0 5 0 0 0 6 0 4 0 53 0 17 0 36 0 0 0 24 1
32 0 0 10 0 2 0 0 22 0 0 0 0 0 0 0 0 0 0 0 0 0 18 0 0 2 0 4 0 0 0 0 0 0 40 0 0 21 0 0 0
33 0 0 10 0 2 0 0 23 0 0 0 0 0 0 0 0 0 0 0 0 0 19 0 0 2 0 0 0 0 0 0 0 0 39 0 0 20 0 0 0
21 0 2 6 0 0 0 0 12 0 0 0 0 0 0 0 0 0 0 0 0 0 11 0 0 1 0 9 0 0 0 6 0 0 28 0 0 15 0 9 0
34 0 0 9 0 3 0 0 24 0 0 0 0 0 0 0 0 0 0 0 0 0 20 0 0 2 0 0 0 0 0 0 0 0 38 0 0 20 0 0 0
36 0 0 10 0 3 0 0 25 0 0 0 0 0 0 0 0 0 0 0 0 0 21 0 0 2 0 0 0 0 0 0 0 0 39 0 0 20 0 0 0
0 0 25 0 0 0 0 0 0 0 0 0 0 0 0 0 0 0 0 0 0 0 0 8 0 0 0 2 0 5 0 62 0 25 0 48 0 0 0 21 0
0 0 20 0 0 0 0 0 0 0 0 0 0 0 0 0 0 0 0 0 0 0 0 6 0 0 0 6 0 4 0 52 0 17 0 35 0 0 0 24 0
0 0 14 0 0 0 0 0 0 0 0 0 0 0 0 0 0 0 0 0 0 0 0 2 0 0 0 9 0 3 0 37 0 8 3 19 0 2 0 21 0
0 0 27 0 0 0 0 0 0 0 0 0 0 0 0 0 0 0 0 0 0 0 0 9 0 0 0 1 0 5 0 66 0 27 0 53 0 0 0 21 0
7 0 10 2 0 0 0 0 2 0 0 0 0 0 0 0 0 0 0 0 0 0 3 0 0 0 0 10 0 2 0 28 0 4 13 11 0 7 0 18 0
31 0 0 10 0 2 0 0 21 0 0 0 0 0 0 0 0 0 0 0 0 0 18 0 0 2 0 4 0 0 0 0 0 0 39 0 0 20 0 0 0
0 0 22 0 0 0 0 0 0 0 0 0 0 0 0 0 0 0 0 0 0 0 0 7 0 0 0 5 0 4 0 55 0 19 0 39 0 0 0 23 0
35 0 0 9 0 3 0 0 25 0 0 0 0 0 0 0 0 0 0 0 0 0 20 0 0 2 0 0 0 0 0 0 0 0 39 0 0 20 0 0 0
33 0 0 10 0 2 0 0 23 0 0 0 0 0 0 0 0 0 0 0 0 0 19 0 0 2 0 1 0 0 0 0 0 0 40 0 0 20 0 0 0
0 0 26 0 0 0 0 0 0 0 0 0 0 0 0 0 0 0 0 0 0 0 0 9 0 0 0 1 0 5 0 64 0 26 0 51 0 0 0 21 0
0 0 30 0 0 0 0 0 0 0 0 0 0 0 0 0 0 0 0 0 0 0 0 11 0 0 0 0 0 5 0 76 0 31 0 63 0 0 0 22 0
32 0 0 9 0 2 0 0 22 0 0 0 0 0 0 0 0 0 0 0 0 0 19 0 0 2 0 1 0 0 0 0 0 0 38 0 0 20 0 0 0
29 0 0 9 0 1 0 0 19 0 0 0 0 0 0 0 0 0 0 0 0 0 17 0 0 2 0 7 0 0 0 0 0 0 38 0 0 20 0 0 0
33 0 0 9 0 2 0 0 23 0 0 0 0 0 0 0 0 0 0 0 0 0 19 0 0 2 0 0 0 0 0 0 0 0 39 0 0 20 0 0 0
0 0 16 0 0 0 0 0 0 0 0 0 0 0 0 0 0 0 0 0 0 0 0 3 0 0 0 8 0 3 0 41 0 11 0 23 0 0 0 22 0
0 0 18 0 0 0 0 0 0 0 0 0 0 0 0 0 0 0 0 0 0 0 0 5 0 0 0 6 0 4 0 47 0 14 0 29 0 0 0 23 0
0 0 22 0 0 0 0 0 0 0 0 0 0 0 0 0 0 0 0 0 0 0 0 7 0 0 0 5 0 4 0 55 0 19 0 39 0 0 0 23 0
7 0 11 2 0 0 0 0 1 0 0 0 0 0 0 0 0 0 0 0 0 0 3 0 0 0 0 10 0 2 0 29 0 5 12 11 0 7 0 18 0
24 0 0 7 0 0 0 0 14 0 0 0 0 0 0 0 0 0 0 0 0 0 13 0 0 1 0 9 0 0 0 0 0 0 32 0 0 17 0 5 0
32 0 0 10 0 2 0 0 22 0 0 0 0 0 0 0 0 0 0 0 0 0 19 0 0 2 0 2 0 0 0 0 0 0 39 0 0 20 0 0 0
29 0 0 9 0 2 0 0 20 0 0 0 0 0 0 0 0 0 0 0 0 0 17 0 0 2 0 1 0 0 0 0 0 0 35 0 0 18 0 0 0
0 0 29 0 0 0 0 0 0 0 0 0 0 0 0 0 0 0 0 0 0 0 0 11 0 0 0 0 0 5 0 72 0 29 0 59 0 0 0 22 0
0 0 24 0 0 0 0 0 0 0 0 0 0 0 0 0 0 0 0 0 0 0 0 8 0 0 0 2 0 4 0 59 0 24 0 46 0 0 0 21 0
0 0 29 0 0 0 0 0 0 0 0 0 0 0 0 0 0 0 0 0 0 0 0 11 0 0 0 0 0 5 0 73 0 30 0 61 0 0 0 22 0
0 0 21 0 0 0 0 0 0 0 0 0 0 0 0 0 0 0 0 0 0 0 0 6 0 0 0 5 0 5 0 54 0 19 0 38 0 0 0 23 0
32 0 0 10 0 2 0 0 22 0 0 0 0 0 0 0 0 0 0 0 0 0 19 0 0 2 0 2 0 0 0 0 0 0 39 0 0 20 0 0 0
28 0 0 9 0 0 0 0 18 0 0 0 0 0 0 0 0 0 0 0 0 0 15 0 0 2 0 8 0 0 0 0 0 0 37 0 0 19 0 1 0
0 0 18 0 0 0 0 0 0 0 0 0 0 0 0 0 0 0 0 0 0 0 0 4 0 0 0 7 0 4 0 47 0 14 0 28 0 0 0 23 0
0 0 25 0 0 0 0 0 0 0 0 0 0 0 0 0 0 0 0 0 0 0 0 8 0 0 0 2 0 5 0 62 0 25 0 49 0 0 0 21 0
0 0 15 0 0 0 0 0 0 0 0 0 0 0 0 0 0 0 0 0 0 0 0 3 0 0 0 8 0 3 0 39 0 11 0 23 0 0 0 21 0
0 0 22 0 0 0 0 0 0 0 0 0 0 0 0 0 0 0 0 0 0 0 0 7 0 0 0 3 0 4 0 56 0 21 0 43 0 0 0 22 0
0 0 26 0 0 0 0 0 0 0 0 0 0 0 0 0 0 0 0 0 0 0 0 9 0 0 0 1 0 5 0 66 0 27 0 53 0 0 0 21 0
33 0 0 10 0 2 0 0 23 0 0 0 0 0 0 0 0 0 0 0 0 0 19 0 0 2 0 0 0 0 0 0 0 0 40 0 0 20 0 0 0
34 0 0 9 0 3 0 0 24 0 0 0 0 0 0 0 0 0 0 0 0 0 20 0 0 2 0 0 0 0 0 0 0 0 39 0 0 20 0 0 0
31 0 0 9 0 2 0 0 22 0 0 0 0 0 0 0 0 0 0 0 0 0 18 0 0 2 0 2 0 0 0 0 0 0 38 0 0 19 0 0 0
32 0 0 10 0 1 0 0 22 0 0 0 0 0 0 0 0 0 0 0 0 0 19 0 0 2 0 4 0 0 0 0 0 0 40 0 0 20 0 0 0
0 0 18 0 0 0 0 0 0 0 0 0 0 0 0 0 0 0 0 0 0 0 0 5 0 0 0 6 0 4 0 48 0 15 0 30 0 0 0 23 0
32 0 0 10 0 2 0 0 23 0 0 0 0 0 0 0 0 0 0 0 0 0 19 0 0 2 0 2 0 0 0 0 0 0 40 0 0 20 0 0 0
33 0 0 9 0 2 0 0 23 0 0 0 0 0 0 0 0 0 0 0 0 0 19 0 0 2 0 0 0 0 0 0 0 0 38 0 0 20 0 0 0
0 0 20 0 0 0 0 0 0 0 0 0 0 0 0 0 0 0 0 0 0 0 0 5 0 0 0 7 0 4 0 50 0 16 0 32 0 0 0 23 0
33 0 0 10 0 2 0 0 23 0 0 0 0 0 0 0 0 0 0 0 0 0 19 0 0 2 0 2 0 0 0 0 0 0 41 0 0 21 0 0 0
0 0 19 0 0 0 0 0 0 0 0 0 0 0 0 0 0 0 0 0 0 0 0 5 0 0 0 7 0 4 0 49 0 15 0 31 0 0 0 23 0
34 0 0 9 0 3 0 0 23 0 0 0 0 0 0 0 0 0 0 0 0 0 19 0 0 2 0 0 0 0 0 0 0 0 38 0 0 20 0 0 0
37 0 0 10 0 3 0 0 25 0 0 0 0 0 0 0 0 0 0 0 0 0 21 0 0 2 0 0 0 0 0 0 0 0 39 0 0 21 0 0 0
32 0 0 10 0 1 0 0 22 0 0 0 0 0 0 0 0 0 0 0 0 0 19 0 0 2 0 4 0 0 0 0 0 0 41 0 0 21 0 0 0
18 0 5 5 0 0 0 0 10 0 0 0 0 0 0 0 0 0 0 0 0 0 10 0 0 1 0 10 0 1 0 13 0 0 27 0 0 14 0 12 0
32 0 0 10 0 1 0 0 22 0 0 0 0 0 0 0 0 0 0 0 0 0 18 0 0 2 0 5 0 0 0 0 0 0 41 0 0 21 0 0 0
20 0 3 6 0 0 0 0 12 0 0 0 0 0 0 0 0 0 0 0 0 0 11 0 0 1 0 9 0 0 0 6 0 0 28 0 0 15 0 9 0
34 0 0 9 0 3 0 0 23 0 0 0 0 0 0 0 0 0 0 0 0 0 19 0 0 2 0 0 0 0 0 0 0 0 38 0 0 20 0 0 0
34 0 0 9 0 3 0 0 23 0 0 0 0 0 0 0 0 0 0 0 0 0 19 0 0 2 0 0 0 0 0 0 0 0 38 0 0 19 0 0 0
34 0 0 10 0 2 0 0 23 0 0 0 0 0 0 0 0 0 0 0 0 0 20 0 0 2 0 0 0 0 0 0 0 0 40 0 0 20 0 0 0
7 0 10 2 0 0 0 0 2 0 0 0 0 0 0 0 0 0 0 0 0 0 3 1 0 0 0 9 0 2 0 27 0 4 12 9 0 7 0 18 0
0 0 20 0 0 0 0 0 0 0 0 0 0 0 0 0 0 0 0 0 0 0 0 5 0 0 0 6 0 4 0 51 0 17 0 34 0 0 0 23 0
0 0 25 0 0 0 0 0 0 0 0 0 0 0 0 0 0 0 0 0 0 0 0 8 0 0 0 2 0 4 0 62 0 25 0 49 0 0 0 21 0
34 0 0 10 0 2 0 0 23 0 0 0 0 0 0 0 0 0 0 0 0 0 19 0 0 2 0 2 0 0 0 0 0 0 41 0 0 21 0 0 0
2 0 13 0 0 0 0 0 0 0 0 0 0 0 0 0 0 0 0 0 0 0 0 2 0 0 0 9 0 3 0 35 0 8 6 16 0 4 0 20 0
32 0 0 10 0 2 0 0 22 0 0 0 0 0 0 0 0 0 0 0 0 0 19 0 0 2 0 4 0 0 0 0 0 0 41 0 0 21 0 0 0
0 0 25 0 0 0 0 0 0 0 0 0 0 0 0 0 0 0 0 0 0 0 0 9 0 0 0 1 0 5 0 64 0 26 0 52 0 0 0 21 0
35 0 0 9 0 3 0 0 24 0 0 0 0 0 0 0 0 0 0 0 0 0 20 0 0 2 0 0 0 0 0 0 0 0 39 0 0 20 0 0 0
0 0 28 0 0 0 0 0 0 0 0 0 0 0 0 0 0 0 0 0 0 0 0 10 0 0 0 0 0 5 0 71 0 29 0 58 0 0 0 22 0
0 0 20 0 0 0 0 0 0 0 0 0 0 0 0 0 0 0 0 0 0 0 0 6 0 0 0 6 0 4 0 53 0 17 0 35 0 0 0 24 0
32 0 0 10 0 2 0 0 23 0 0 0 0 0 0 0 0 0 0 0 0 0 19 0 0 2 0 3 0 0 0 0 0 0 41 0 0 21 0 0 0
33 0 0 9 0 3 0 0 23 0 0 0 0 0 0 0 0 0 0 0 0 0 19 0 0 2 0 0 0 0 0 0 0 0 38 0 0 20 0 0 0
6 0 11 1 0 0 0 0 1 0 0 0 0 0 0 0 0 0 0 0 0 0 2 1 0 0 0 9 0 2 0 29 0 5 9 11 0 6 0 18 0
0 0 29 0 0 0 0 0 0 0 0 0 0 0 0 0 0 0 0 0 0 0 0 10 0 0 0 0 0 5 0 71 0 29 0 59 0 0 0 22 0
31 0 0 10 0 1 0 0 20 0 0 0 0 0 0 0 0 0 0 0 0 0 17 0 0 2 0 7 0 0 0 0 0 0 40 0 0 21 0 0 0
7 0 10 2 0 0 0 0 1 0 0 0 0 0 0 0 0 0 0 0 0 0 3 1 0 0 0 10 0 2 0 28 0 4 12 11 0 7 0 18 0
13 0 8 4 0 0 0 0 6 0 0 0 0 0 0 0 0 0 0 0 0 0 6 0 0 0 0 10 0 2 0 22 0 1 20 5 0 11 0 16 0
0 0 26 0 0 0 0 0 0 0 0 0 0 0 0 0 0 0 0 0 0 0 0 9 0 0 0 1 0 5 0 66 0 26 0 53 0 0 0 22 0
0 0 26 0 0 0 0 0 0 0 0 0 0 0 0 0 0 0 0 0 0 0 0 9 0 0 0 1 0 5 0 64 0 26 0 51 0 0 0 21 0
0 0 24 0 0 0 0 0 0 0 0 0 0 0 0 0 0 0 0 0 0 0 0 8 0 0 0 2 0 4 0 61 0 24 0 48 0 0 0 21 0
0 0 25 0 0 0 0 0 0 0 0 0 0 0 0 0 0 0 0 0 0 0 0 8 0 0 0 2 0 5 0 61 0 24 0 48 0 0 0 21 0
0 0 32 0 1 0 0 0 0 0 0 0 0 0 0 0 0 0 0 0 0 0 0 13 0 0 0 0 0 6 0 82 0 34 0 69 0 0 0 22 0
33 0 0 10 0 2 0 0 23 0 0 0 0 0 0 0 0 0 0 0 0 0 19 0 0 2 0 4 0 0 0 0 0 0 41 0 0 21 0 0 0
3 0 12 0 0 0 0 0 0 0 0 0 0 0 0 0 0 0 0 0 0 0 1 1 0 0 0 9 0 3 0 31 0 7 6 14 0 4 0 18 0
31 0 0 10 0 1 0 0 21 0 0 0 0 0 0 0 0 0 0 0 0 0 18 0 0 2 0 6 0 0 0 0 0 0 40 0 0 21 0 0 0
32 0 0 9 0 2 0 0 22 0 0 0 0 0 0 0 0 0 0 0 0 0 18 0 0 2 0 1 0 0 0 0 0 0 38 0 0 19 0 0 0
0 0 17 0 0 0 0 0 0 0 0 0 0 0 0 0 0 0 0 0 0 0 0 4 0 0 0 7 0 3 0 45 0 13 0 27 0 0 0 23 0
0 0 27 0 0 0 0 0 0 0 0 0 0 0 0 0 0 0 0 0 0 0 0 9 0 0 0 2 0 5 0 67 0 27 0 53 0 0 0 22 0
0 0 21 0 0 0 0 0 0 0 0 0 0 0 0 0 0 0 0 0 0 0 0 6 0 0 0 6 0 4 0 53 0 18 0 36 0 0 0 23 0
29 0 0 9 0 1 0 0 19 0 0 0 0 0 0 0 0 0 0 0 0 0 17 0 0 2 0 6 0 0 0 0 0 0 38 0 0 20 0 0 0
33 0 0 9 0 3 0 0 23 0 0 0 0 0 0 0 0 0 0 0 0 0 19 0 0 2 0 0 0 0 0 0 0 0 39 0 0 20 0 0 0
0 0 14 0 0 0 0 0 0 0 0 0 0 0 0 0 0 0 0 0 0 0 0 2 0 0 0 9 0 3 0 35 0 8 4 17 0 2 0 20 0
0 0 16 0 0 0 0 0 0 0 0 0 0 0 0 0 0 0 0 0 0 0 0 3 0 0 0 8 0 3 0 42 0 11 0 24 0 0 0 22 0
35 0 0 9 0 3 0 0 24 0 0 0 0 0 0 0 0 0 0 0 0 0 20 0 0 2 0 0 0 0 0 0 0 0 38 0 0 20 0 0 0
26 0 0 8 0 0 0 0 17 0 0 0 0 0 0 0 0 0 0 0 0 0 15 0 0 1 0 9 0 0 0 0 0 0 35 0 0 18 0 2 0
33 0 0 9 0 2 0 0 23 0 0 0 0 0 0 0 0 0 0 0 0 0 19 0 0 2 0 0 0 0 0 0 0 0 39 0 0 20 0 0 0
31 0 0 10 0 1 0 0 20 0 0 0 0 0 0 0 0 0 0 0 0 0 17 0 0 2 0 7 0 0 0 0 0 0 40 0 0 21 0 0 0
37 0 0 10 0 3 0 0 26 0 0 0 0 0 0 0 0 0 0 0 0 0 22 0 0 2 0 0 0 0 0 0 0 0 39 0 0 20 0 0 0
32 0 0 9 0 2 0 0 22 0 0 0 0 0 0 0 0 0 0 0 0 0 19 0 0 2 0 0 0 0 0 0 0 0 37 0 0 19 0 0 0
28 0 0 9 0 1 0 0 19 0 0 0 0 0 0 0 0 0 0 0 0 0 16 0 0 2 0 6 0 0 0 0 0 0 37 0 0 20 0 0 0
5 0 11 2 0 0 0 0 1 0 0 0 0 0 0 0 0 0 0 0 0 0 2 1 0 0 0 10 0 2 0 29 0 5 11 12 0 6 0 19 0
0 0 24 0 0 0 0 0 0 0 0 0 0 0 0 0 0 0 0 0 0 0 0 8 0 0 0 2 0 4 0 61 0 24 0 48 0 0 0 21 0
0 0 21 0 0 0 0 0 0 0 0 0 0 0 0 0 0 0 0 0 0 0 0 7 0 0 0 5 0 4 0 55 0 19 0 38 0 0 0 23 0
28 0 0 9 0 0 0 0 19 0 0 0 0 0 0 0 0 0 0 0 0 0 16 0 0 2 0 7 0 0 0 0 0 0 37 0 0 19 0 0 0
34 0 0 9 0 3 0 0 23 0 0 0 0 0 0 0 0 0 0 0 0 0 19 0 0 2 0 0 0 0 0 0 0 0 39 0 0 20 0 0 0
0 0 26 0 0 0 0 0 0 0 0 0 0 0 0 0 0 0 0 0 0 0 0 8 0 0 0 2 0 5 0 63 0 25 0 49 0 0 0 22 0
0 0 19 0 0 0 0 0 0 0 0 0 0 0 0 0 0 0 0 0 0 0 0 5 0 0 0 6 0 4 0 48 0 16 0 31 0 0 0 23 0
32 0 0 10 0 2 0 0 22 0 0 0 0 0 0 0 0 0 0 0 0 0 19 0 0 2 0 1 0 0 0 0 0 0 39 0 0 20 0 0 0
0 0 18 0 0 0 0 0 0 0 0 0 0 0 0 0 0 0 0 0 0 0 0 4 0 0 0 7 0 4 0 47 0 14 0 28 0 0 0 23 0
0 0 25 0 0 0 0 0 0 0 0 0 0 0 0 0 0 0 0 0 0 0 0 9 0 0 0 2 0 5 0 63 0 25 0 50 0 0 0 21 0
33 0 0 10 0 2 0 0 23 0 0 0 0 0 0 0 0 0 0 0 0 0 19 0 0 2 0 2 0 0 0 0 0 0 40 0 0 20 0 0 0
24 0 0 8 0 0 0 0 16 0 0 0 0 0 0 0 0 0 0 0 0 0 13 0 0 1 0 8 0 0 0 0 0 0 33 0 0 17 0 4 0
2 0 12 0 0 0 0 0 0 0 0 0 0 0 0 0 0 0 0 0 0 0 0 1 0 0 0 9 0 3 0 33 0 7 5 15 0 3 0 19 0
0 0 27 0 0 0 0 0 0 0 0 0 0 0 0 0 0 0 0 0 0 0 0 9 0 0 0 1 0 5 0 67 0 27 0 54 0 0 0 22 0
0 0 22 0 0 0 0 0 0 0 0 0 0 0 0 0 0 0 0 0 0 0 0 7 0 0 0 4 0 4 0 56 0 21 0 42 0 0 0 22 0
33 0 0 10 0 2 0 0 23 0 0 0 0 0 0 0 0 0 0 0 0 0 19 0 0 2 0 1 0 0 0 0 0 0 39 0 0 20 0 0 0
34 0 0 10 0 2 0 0 23 0 0 0 0 0 0 0 0 0 0 0 0 0 20 0 0 2 0 1 0 0 0 0 0 0 40 0 0 21 0 0 0
0 0 24 0 0 0 0 0 0 0 0 0 0 0 0 0 0 0 0 0 0 0 0 8 0 0 0 2 0 5 0 60 0 23 0 47 0 0 0 22 0
0 0 26 0 0 0 0 0 0 0 0 0 0 0 0 0 0 0 0 0 0 0 0 9 0 0 0 2 0 5 0 64 0 26 0 51 0 0 0 21 0
33 0 0 10 0 2 0 0 23 0 0 0 0 0 0 0 0 0 0 0 0 0 19 0 0 2 0 2 0 0 0 0 0 0 40 0 0 21 0 0 0
20 0 3 6 0 0 0 0 12 0 0 0 0 0 0 0 0 0 0 0 0 0 11 0 0 1 0 9 0 0 0 7 0 0 28 0 0 15 0 9 0
32 0 0 10 0 2 0 0 22 0 0 0 0 0 0 0 0 0 0 0 0 0 19 0 0 2 0 2 0 0 0 0 0 0 39 0 0 20 0 0 0
0 0 27 0 0 0 0 0 0 0 0 0 0 0 0 0 0 0 0 0 0 0 0 10 0 0 0 1 0 5 0 68 0 28 0 55 0 0 0 21 0
31 0 0 10 0 1 0 0 21 0 0 0 0 0 0 0 0 0 0 0 0 0 18 0 0 2 0 4 0 0 0 0 0 0 39 0 0 20 0 0 0
0 0 23 0 0 0 0 0 0 0 0 0 0 0 0 0 0 0 0 0 0 0 0 7 0 0 0 3 0 4 0 58 0 22 0 44 0 0 0 22 0
7 0 10 2 0 0 0 0 2 0 0 0 0 0 0 0 0 0 0 0 0 0 3 0 0 0 0 10 0 2 0 27 0 4 13 10 0 7 0 17 0
0 0 26 0 0 0 0 0 0 0 0 0 0 0 0 0 0 0 0 0 0 0 0 9 0 0 0 1 0 5 0 65 0 26 0 52 0 0 0 21 0
0 0 23 0 0 0 0 0 0 0 0 0 0 0 0 0 0 0 0 0 0 0 0 7 0 0 0 3 0 4 0 57 0 22 0 43 0 0 0 22 0
27 0 0 8 0 0 0 0 18 0 0 0 0 0 0 0 0 0 0 0 0 0 15 0 0 1 0 8 0 0 0 0 0 0 36 0 0 19 0 1 0
0 0 19 0 0 0 0 0 0 0 0 0 0 0 0 0 0 0 0 0 0 0 0 5 0 0 0 6 0 4 0 50 0 16 0 32 0 0 0 24 0
36 0 0 10 0 3 0 0 25 0 0 0 0 0 0 0 0 0 0 0 0 0 21 0 0 2 0 0 0 0 0 0 0 0 39 0 0 21 0 0 0
0 0 25 0 0 0 0 0 0 0 0 0 0 0 0 0 0 0 0 0 0 0 0 9 0 0 0 1 0 5 0 64 0 26 0 52 0 0 0 21 0
0 0 23 0 0 0 0 0 0 0 0 0 0 0 0 0 0 0 0 0 0 0 0 8 0 0 0 1 0 4 0 60 0 24 0 47 0 0 0 21 0
35 0 0 9 0 3 0 0 25 0 0 0 0 0 0 0 0 0 0 0 0 0 21 0 0 2 0 0 0 0 0 0 0 0 39 0 0 20 0 0 0
33 0 0 9 0 3 0 0 23 0 0 0 0 0 0 0 0 0 0 0 0 0 19 0 0 2 0 0 0 0 0 0 0 0 38 0 0 20 0 0 0
34 0 0 9 0 3 0 0 24 0 0 0 0 0 0 0 0 0 0 0 0 0 20 0 0 2 0 0 0 0 0 0 0 0 39 0 0 20 0 0 0
18 0 5 5 0 0 0 0 10 0 0 0 0 0 0 0 0 0 0 0 0 0 9 0 0 1 0 10 0 1 0 12 0 0 26 0 0 14 0 11 0
33 0 0 9 0 2 0 0 23 0 0 0 0 0 0 0 0 0 0 0 0 0 19 0 0 2 0 0 0 0 0 0 0 0 39 0 0 20 0 0 0
33 0 0 9 0 3 0 0 23 0 0 0 0 0 0 0 0 0 0 0 0 0 19 0 0 2 0 0 0 0 0 0 0 0 38 0 0 20 0 0 0
17 0 4 5 0 0 0 0 10 0 0 0 0 0 0 0 0 0 0 0 0 0 9 0 0 0 0 9 0 1 0 11 0 0 24 0 0 13 0 11 0
0 0 16 0 0 0 0 0 0 0 0 0 0 0 0 0 0 0 0 0 0 0 0 3 0 0 0 9 0 3 0 43 0 10 0 23 0 0 0 23 0
21 0 2 7 0 0 0 0 13 0 0 0 0 0 0 0 0 0 0 0 0 0 12 0 0 1 0 9 0 0 0 3 0 0 30 0 0 16 0 8 0
33 0 0 10 0 2 0 0 23 0 0 0 0 0 0 0 0 0 0 0 0 0 19 0 0 2 0 3 0 0 0 0 0 0 41 0 0 21 0 0 0
0 0 15 0 0 0 0 0 0 0 0 0 0 0 0 0 0 0 0 0 0 0 0 3 0 0 0 9 0 3 0 39 0 9 0 21 0 1 0 21 0
34 0 0 10 0 2 0 0 24 0 0 0 0 0 0 0 0 0 0 0 0 0 20 0 0 2 0 0 0 0 0 0 0 0 40 0 0 21 0 0 0
12 0 8 3 0 0 0 0 5 0 0 0 0 0 0 0 0 0 0 0 0 0 6 0 0 0 0 10 0 1 0 21 0 1 17 5 0 10 0 14 0
33 0 0 10 0 2 0 0 23 0 0 0 0 0 0 0 0 0 0 0 0 0 19 0 0 2 0 4 0 0 0 0 0 0 41 0 0 21 0 0 0
0 0 17 0 0 0 0 0 0 0 0 0 0 0 0 0 0 0 0 0 0 0 0 4 0 0 0 8 0 4 0 43 0 12 0 24 0 0 0 22 0
0 0 25 0 0 0 0 0 0 0 0 0 0 0 0 0 0 0 0 0 0 0 0 9 0 0 0 1 0 5 0 63 0 25 0 50 0 0 0 21 0
33 0 0 9 0 2 0 0 23 0 0 0 0 0 0 0 0 0 0 0 0 0 19 0 0 2 0 0 0 0 0 0 0 0 39 0 0 20 0 0 0
0 0 21 0 0 0 0 0 0 0 0 0 0 0 0 0 0 0 0 0 0 0 0 7 0 0 0 5 0 4 0 55 0 19 0 39 0 0 0 23 0
18 0 5 6 0 0 0 0 10 0 0 0 0 0 0 0 0 0 0 0 0 0 9 0 0 0 0 10 0 1 0 13 0 0 26 0 0 14 0 12 0
31 0 0 10 0 2 0 0 21 0 0 0 0 0 0 0 0 0 0 0 0 0 18 0 0 2 0 3 0 0 0 0 0 0 38 0 0 20 0 0 0
0 0 21 0 0 0 0 0 0 0 0 0 0 0 0 0 0 0 0 0 0 0 0 6 0 0 0 4 0 5 0 53 0 19 0 37 0 0 0 23 0
0 0 23 0 0 0 0 0 0 0 0 0 0 0 0 0 0 0 0 0 0 0 0 8 0 0 0 2 0 4 0 58 0 23 0 45 0 0 0 21 0
31 0 0 10 0 1 0 0 21 0 0 0 0 0 0 0 0 0 0 0 0 0 18 0 0 2 0 6 0 0 0 0 0 0 40 0 0 21 0 0 0
0 0 23 0 0 0 0 0 0 0 0 0 0 0 0 0 0 0 0 0 0 0 0 7 0 0 0 2 0 4 0 57 0 22 0 44 0 0 0 20 0
0 0 22 0 0 0 0 0 0 0 0 0 0 0 0 0 0 0 0 0 0 0 0 7 0 0 0 4 0 5 0 57 0 21 0 42 0 0 0 23 0
0 0 22 0 0 0 0 0 0 0 0 0 0 0 0 0 0 0 0 0 0 0 0 7 0 0 0 4 0 4 0 55 0 21 0 42 0 0 0 22 0
33 0 0 9 0 2 0 0 23 0 0 0 0 0 0 0 0 0 0 0 0 0 19 0 0 2 0 0 0 0 0 0 0 0 39 0 0 20 0 0 0
32 0 0 9 0 2 0 0 22 0 0 0 0 0 0 0 0 0 0 0 0 0 19 0 0 2 0 0 0 0 0 0 0 0 37 0 0 19 0 0 0
0 0 24 0 0 0 0 0 0 0 0 0 0 0 0 0 0 0 0 0 0 0 0 8 0 0 0 2 0 5 0 62 0 24 0 48 0 0 0 22 0
0 0 26 0 0 0 0 0 0 0 0 0 0 0 0 0 0 0 0 0 0 0 0 9 0 0 0 2 0 5 0 65 0 26 0 52 0 0 0 21 0
30 0 0 9 0 1 0 0 20 0 0 0 0 0 0 0 0 0 0 0 0 0 17 0 0 2 0 7 0 0 0 0 0 0 38 0 0 20 0 0 0
0 0 22 0 0 0 0 0 0 0 0 0 0 0 0 0 0 0 0 0 0 0 0 7 0 0 0 4 0 4 0 57 0 21 0 42 0 0 0 22 0
0 0 30 0 0 0 0 0 0 0 0 0 0 0 0 0 0 0 0 0 0 0 0 11 0 0 0 0 0 5 0 75 0 30 0 61 0 0 0 22 0
0 0 25 0 0 0 0 0 0 0 0 0 0 0 0 0 0 0 0 0 0 0 0 8 0 0 0 2 0 5 0 62 0 25 0 49 0 0 0 21 0
29 0 0 9 0 1 0 0 20 0 0 0 0 0 0 0 0 0 0 0 0 0 17 0 0 2 0 6 0 0 0 0 0 0 38 0 0 20 0 0 0
0 0 23 0 0 0 0 0 0 0 0 0 0 0 0 0 0 0 0 0 0 0 0 8 0 0 0 3 0 4 0 58 0 22 0 45 0 0 0 22 0
0 0 19 0 0 0 0 0 0 0 0 0 0 0 0 0 0 0 0 0 0 0 0 5 0 0 0 6 0 4 0 47 0 15 0 30 0 0 0 22 0
0 0 25 0 0 0 0 0 0 0 0 0 0 0 0 0 0 0 0 0 0 0 0 9 0 0 0 1 0 5 0 63 0 25 0 50 0 0 0 21 0
5 0 11 1 0 0 0 0 0 0 0 0 0 0 0 0 0 0 0 0 0 0 2 1 0 0 0 10 0 2 0 29 0 5 10 12 0 6 0 19 0
32 0 0 10 0 2 0 0 22 0 0 0 0 0 0 0 0 0 0 0 0 0 19 0 0 2 0 3 0 0 0 0 0 0 40 0 0 20 0 0 0
32 0 0 10 0 1 0 0 22 0 0 0 0 0 0 0 0 0 0 0 0 0 18 0 0 2 0 4 0 0 0 0 0 0 40 0 0 20 0 0 0
0 0 24 0 0 0 0 0 0 0 0 0 0 0 0 0 0 0 0 0 0 0 0 8 0 0 0 2 0 4 0 60 0 24 0 47 0 0 0 21 0
0 0 18 0 0 0 0 0 0 0 0 0 0 0 0 0 0 0 0 0 0 0 0 4 0 0 0 6 0 4 0 47 0 15 0 30 0 0 0 23 0
0 0 16 0 0 0 0 0 0 0 0 0 0 0 0 0 0 0 0 0 0 0 0 3 0 0 0 8 0 4 0 42 0 11 0 23 0 0 0 22 0
26 0 0 8 0 0 0 0 16 0 0 0 0 0 0 0 0 0 0 0 0 0 14 0 0 1 0 9 0 0 0 0 0 0 36 0 0 18 0 4 0
0 0 19 0 0 0 0 0 0 0 0 0 0 0 0 0 0 0 0 0 0 0 0 5 0 0 0 7 0 4 0 49 0 15 0 31 0 0 0 23 0
34 0 0 9 0 3 0 0 24 0 0 0 0 0 0 0 0 0 0 0 0 0 20 0 0 2 0 0 0 0 0 0 0 0 39 0 0 20 0 0 0
7 0 11 2 0 0 0 0 1 0 0 0 0 0 0 0 0 0 0 0 0 0 3 0 0 0 0 11 0 2 0 29 0 5 13 12 0 7 0 19 0
32 0 0 10 0 1 0 0 22 0 0 0 0 0 0 0 0 0 0 0 0 0 18 0 0 2 0 6 0 0 0 0 0 0 41 0 0 21 0 0 0
35 0 0 10 0 3 0 0 24 0 0 0 0 0 0 0 0 0 0 0 0 0 20 0 0 2 0 0 0 0 0 0 0 0 41 0 0 21 0 0 0
0 0 25 0 0 0 0 0 0 0 0 0 0 0 0 0 0 0 0 0 0 0 0 9 0 0 0 1 0 5 0 62 0 25 0 50 0 0 0 21 0
0 0 23 0 0 0 0 0 0 0 0 0 0 0 0 0 0 0 0 0 0 0 0 7 0 0 0 2 0 4 0 57 0 22 0 44 0 0 0 21 0
0 0 22 0 0 0 0 0 0 0 0 0 0 0 0 0 0 0 0 0 0 0 0 7 0 0 0 4 0 4 0 56 0 20 0 41 0 0 0 23 0
28 0 0 9 0 0 0 0 19 0 0 0 0 0 0 0 0 0 0 0 0 0 16 0 0 2 0 7 0 0 0 0 0 0 37 0 0 19 0 0 0
34 0 0 9 0 3 0 0 24 0 0 0 0 0 0 0 0 0 0 0 0 0 20 0 0 2 0 0 0 0 0 0 0 0 39 0 0 20 0 0 0
0 0 26 0 0 0 0 0 0 0 0 0 0 0 0 0 0 0 0 0 0 0 0 9 0 0 0 1 0 5 0 66 0 27 0 53 0 0 0 21 0
33 0 0 9 0 3 0 0 23 0 0 0 0 0 0 0 0 0 0 0 0 0 19 0 0 2 0 0 0 0 0 0 0 0 38 0 0 20 0 0 0
20 0 3 6 0 0 0 0 12 0 0 0 0 0 0 0 0 0 0 0 0 0 11 0 0 1 0 9 0 0 0 7 0 0 28 0 0 15 0 9 0
0 0 23 0 0 0 0 0 0 0 0 0 0 0 0 0 0 0 0 0 0 0 0 8 0 0 0 2 0 4 0 58 0 22 0 44 0 0 0 22 0
33 0 0 10 0 2 0 0 23 0 0 0 0 0 0 0 0 0 0 0 0 0 19 0 0 2 0 2 0 0 0 0 0 0 40 0 0 21 0 0 0
18 0 5 5 0 0 0 0 10 0 0 0 0 0 0 0 0 0 0 0 0 0 9 0 0 0 0 10 0 1 0 12 0 0 26 0 0 14 0 12 0
26 0 0 8 0 0 0 0 17 0 0 0 0 0 0 0 0 0 0 0 0 0 15 0 0 1 0 8 0 0 0 0 0 0 35 0 0 18 0 2 0
0 0 21 0 0 0 0 0 0 0 0 0 0 0 0 0 0 0 0 0 0 0 0 6 0 0 0 5 0 4 0 54 0 19 0 38 0 0 0 23 0
0 0 25 0 0 0 0 0 0 0 0 0 0 0 0 0 0 0 0 0 0 0 0 9 0 0 0 1 0 5 0 63 0 25 0 50 0 0 0 21 0
0 0 23 0 0 0 0 0 0 0 0 0 0 0 0 0 0 0 0 0 0 0 0 7 0 0 0 4 0 4 0 56 0 21 0 42 0 0 0 22 0
32 0 0 9 0 3 0 0 22 0 0 0 0 0 0 0 0 0 0 0 0 0 18 0 0 2 0 0 0 0 0 0 0 0 36 0 0 19 0 0 0
5 0 13 1 0 0 0 0 0 0 0 0 0 0 0 0 0 0 0 0 0 0 1 1 0 0 0 10 0 3 0 31 0 6 9 13 0 6 0 18 0
0 0 29 0 0 0 0 0 0 0 0 0 0 0 0 0 0 0 0 0 0 0 0 11 0 0 0 0 0 5 0 73 0 30 0 60 0 0 0 22 0
14 0 7 4 0 0 0 0 7 0 0 0 0 0 0 0 0 0 0 0 0 0 7 0 0 0 0 10 0 1 0 18 0 1 21 2 0 11 0 14 0
0 0 18 0 0 0 0 0 0 0 0 0 0 0 0 0 0 0 0 0 0 0 0 5 0 0 0 7 0 4 0 47 0 14 0 29 0 0 0 22 0
28 0 0 9 0 0 0 0 18 0 0 0 0 0 0 0 0 0 0 0 0 0 16 0 0 2 0 7 0 0 0 0 0 0 37 0 0 19 0 0 0
34 0 0 9 0 3 0 0 24 0 0 0 0 0 0 0 0 0 0 0 0 0 20 0 0 2 0 0 0 0 0 0 0 0 39 0 0 20 0 0 0
26 0 0 8 0 0 0 0 17 0 0 0 0 0 0 0 0 0 0 0 0 0 15 0 0 1 0 9 0 0 0 0 0 0 35 0 0 19 0 4 0
0 0 24 0 0 0 0 0 0 0 0 0 0 0 0 0 0 0 0 0 0 0 0 8 0 0 0 3 0 4 0 59 0 23 0 46 0 0 0 21 0
0 0 18 0 0 0 0 0 0 0 0 0 0 0 0 0 0 0 0 0 0 0 0 4 0 0 0 7 0 4 0 47 0 14 0 29 0 0 0 23 0
0 0 22 0 0 0 0 0 0 0 0 0 0 0 0 0 0 0 0 0 0 0 0 7 0 0 0 5 0 4 0 55 0 19 0 38 0 0 0 23 0
26 0 0 8 0 0 0 0 17 0 0 0 0 0 0 0 0 0 0 0 0 0 15 0 0 1 0 7 0 0 0 0 0 0 34 0 0 18 0 2 0
0 0 23 0 0 0 0 0 0 0 0 0 0 0 0 0 0 0 0 0 0 0 0 8 0 0 0 2 0 4 0 59 0 23 0 47 0 0 0 21 0
0 0 24 0 0 0 0 0 0 0 0 0 0 0 0 0 0 0 0 0 0 0 0 8 0 0 0 2 0 5 0 60 0 24 0 47 0 0 0 21 0
0 0 34 0 1 0 0 0 0 0 0 0 0 0 0 0 0 0 0 0 0 0 0 14 0 0 0 0 0 6 0 87 0 36 0 73 0 0 0 23 0
19 0 4 6 0 0 0 0 11 0 0 0 0 0 0 0 0 0 0 0 0 0 10 0 0 0 0 9 0 0 0 8 0 0 26 0 0 14 0 10 0
33 0 0 10 0 2 0 0 23 0 0 0 0 0 0 0 0 0 0 0 0 0 19 0 0 2 0 3 0 0 0 0 0 0 41 0 0 21 0 0 0
5 0 12 1 0 0 0 0 0 0 0 0 0 0 0 0 0 0 0 0 0 0 2 1 0 0 0 10 0 2 0 31 0 5 9 13 0 6 0 19 0
29 0 0 9 0 0 0 0 19 0 0 0 0 0 0 0 0 0 0 0 0 0 16 0 0 2 0 7 0 0 0 0 0 0 37 0 0 20 0 0 0
23 0 1 7 0 0 0 0 14 0 0 0 0 0 0 0 0 0 0 0 0 0 13 0 0 1 0 9 0 0 0 1 0 0 31 0 0 17 0 7 0
19 0 5 6 0 0 0 0 10 0 0 0 0 0 0 0 0 0 0 0 0 0 10 0 0 0 0 11 0 1 0 14 0 0 28 0 0 15 0 13 0
33 0 0 9 0 2 0 0 23 0 0 0 0 0 0 0 0 0 0 0 0 0 19 0 0 2 0 0 0 0 0 0 0 0 39 0 0 20 0 0 0
33 0 0 10 0 2 0 0 23 0 0 0 0 0 0 0 0 0 0 0 0 0 19 0 0 2 0 1 0 0 0 0 0 0 40 0 0 20 0 0 0
12 0 8 3 0 0 0 0 6 0 0 0 0 0 0 0 0 0 0 0 0 0 6 0 0 0 0 10 0 2 0 21 0 2 18 5 0 10 0 15 0
29 0 0 9 0 0 0 0 19 0 0 0 0 0 0 0 0 0 0 0 0 0 16 0 0 2 0 8 0 0 0 0 0 0 38 0 0 20 0 0 0
33 0 0 10 0 2 0 0 23 0 0 0 0 0 0 0 0 0 0 0 0 0 19 0 0 2 0 2 0 0 0 0 0 0 41 0 0 21 0 0 0
0 0 24 0 0 0 0 0 0 0 0 0 0 0 0 0 0 0 0 0 0 0 0 8 0 0 0 2 0 4 0 59 0 23 0 46 0 0 0 21 0
20 0 4 6 0 0 0 0 12 0 0 0 0 0 0 0 0 0 0 0 0 0 11 0 0 1 0 10 0 0 0 7 0 0 28 0 0 15 0 9 0
0 0 21 0 0 0 0 0 0 0 0 0 0 0 0 0 0 0 0 0 0 0 0 6 0 0 0 4 0 4 0 53 0 19 0 38 0 0 0 22 0
27 0 0 9 0 0 0 0 18 0 0 0 0 0 0 0 0 0 0 0 0 0 15 0 0 2 0 7 0 0 0 0 0 0 36 0 0 19 0 1 0
35 0 0 9 0 3 0 0 24 0 0 0 0 0 0 0 0 0 0 0 0 0 20 0 0 2 0 0 0 0 0 0 0 0 39 0 0 20 0 0 0
18 0 5 6 0 0 0 0 10 0 0 0 0 0 0 0 0 0 0 0 0 0 9 0 0 1 0 9 0 1 0 10 0 0 25 0 0 14 0 10 0
0 0 23 0 0 0 0 0 0 0 0 0 0 0 0 0 0 0 0 0 0 0 0 8 0 0 0 2 0 4 0 59 0 23 0 46 0 0 0 21 0
27 0 0 8 0 0 0 0 18 0 0 0 0 0 0 0 0 0 0 0 0 0 15 0 0 1 0 7 0 0 0 0 0 0 35 0 0 19 0 0 0
33 0 0 10 0 2 0 0 23 0 0 0 0 0 0 0 0 0 0 0 0 0 19 0 0 2 0 0 0 0 0 0 0 0 39 0 0 20 0 0 0
17 0 5 5 0 0 0 0 9 0 0 0 0 0 0 0 0 0 0 0 0 0 9 0 0 1 0 9 0 1 0 12 0 0 24 0 0 13 0 11 0
