26 0 40 3 0 0 0 0 0 0 0 0 0 0 0 0 0 0 0 0 0 0 1 0 0 0 0 2 0 0 0 40 0 0 34 66 0 0 21 30 17
0 0 0 0 7 10 0 0 0 0 0 0 0 0 0 0 0 0 0 0 0 0 0 0 3 0 46 0 0 8 0 0 20 0 12 44 0 32 0 11 0
0 0 0 0 5 8 0 0 0 0 0 0 0 0 0 0 0 0 0 0 0 0 0 0 2 0 45 0 0 7 0 0 19 0 14 45 0 31 0 13 0
0 0 0 0 6 9 0 0 0 0 0 0 0 0 0 0 0 0 0 0 0 0 0 0 3 0 46 0 0 8 0 0 20 0 13 44 0 33 0 13 0
6 0 13 2 0 0 0 0 0 0 0 0 0 0 0 0 0 0 0 0 0 0 5 0 0 0 1 1 0 0 0 27 0 0 37 71 0 0 6 50 6
0 0 0 0 14 17 0 0 0 0 0 0 0 0 0 0 0 0 0 0 0 0 0 0 8 0 48 0 0 8 0 0 24 0 6 41 1 36 0 3 0
0 0 0 0 2 5 0 0 0 0 0 0 0 0 0 0 0 0 0 0 0 0 0 0 0 0 44 0 0 7 0 0 17 0 16 44 0 28 0 13 0
0 0 0 0 0 0 0 0 0 0 0 0 0 0 0 0 0 0 0 0 0 0 3 0 0 0 28 0 0 3 0 0 5 0 34 49 0 16 0 24 0
32 0 48 0 0 0 0 0 0 0 0 0 0 0 0 0 0 0 0 0 0 0 0 0 0 0 0 0 0 0 0 39 0 0 25 61 1 0 18 4 19
8 0 15 2 0 0 0 0 0 0 0 0 0 0 0 0 0 0 0 0 0 0 5 0 0 0 0 1 0 0 0 30 0 0 38 77 0 0 8 59 5
17 0 29 4 0 0 0 0 0 0 0 0 0 0 0 0 0 0 0 0 0 0 5 0 0 0 0 2 1 0 0 43 0 0 31 79 0 0 17 61 10
32 0 51 0 0 0 0 0 0 0 0 0 0 0 0 0 0 0 0 0 0 0 0 0 0 0 0 0 0 0 0 41 0 0 23 58 0 0 19 3 19
0 0 0 0 0 2 0 0 0 0 0 0 0 0 0 0 0 0 0 0 0 0 1 0 0 0 41 0 0 9 0 0 16 0 21 44 0 28 0 18 0
0 0 0 0 0 0 0 0 0 0 0 0 0 0 0 0 0 0 0 0 0 0 3 0 0 0 30 0 0 2 0 0 2 0 32 53 0 13 0 23 0
0 0 0 0 19 22 0 0 0 0 0 0 0 0 0 0 0 0 0 0 0 0 0 0 13 0 51 0 0 4 0 0 25 0 5 42 2 38 0 0 0
0 0 0 0 7 11 0 0 0 0 0 0 0 0 0 0 0 0 0 0 0 0 0 0 4 0 46 0 0 8 0 0 21 0 11 43 0 33 0 9 0
0 0 0 0 3 6 0 0 0 0 0 0 0 0 0 0 0 0 0 0 0 0 1 0 1 0 42 0 0 9 0 0 19 0 16 42 0 31 0 16 0
0 0 0 0 0 0 0 0 0 0 0 0 0 0 0 0 0 0 0 0 0 0 2 0 0 0 34 0 0 6 0 0 9 0 29 45 0 21 0 19 0
0 0 0 0 9 12 0 0 0 0 0 0 0 0 0 0 0 0 0 0 0 0 0 0 4 0 45 0 0 7 0 0 20 0 9 42 0 31 0 8 0
0 0 0 0 5 9 0 0 0 0 0 0 0 0 0 0 0 0 0 0 0 0 0 0 2 0 45 0 0 9 0 0 20 0 13 43 0 32 0 13 0
0 0 0 0 0 0 0 0 0 0 0 0 0 0 0 0 0 0 0 0 0 0 2 0 0 0 37 0 0 5 0 0 9 0 27 48 0 19 0 16 0
37 0 58 0 0 0 0 0 0 0 0 0 0 0 0 0 0 0 0 0 0 0 0 0 0 0 0 0 0 0 0 43 0 0 21 62 5 0 14 0 22
0 0 0 0 2 5 0 0 0 0 0 0 0 0 0 0 0 0 0 0 0 0 1 0 0 0 42 0 0 8 0 0 16 0 17 42 0 28 0 13 0
33 0 52 0 0 0 0 0 0 0 0 0 0 0 0 0 0 0 0 0 0 0 0 0 0 0 0 0 0 0 0 42 0 0 22 58 1 0 17 0 20
0 0 0 0 7 10 0 0 0 0 0 0 0 0 0 0 0 0 0 0 0 0 0 0 3 0 47 0 0 8 0 0 20 0 11 45 0 32 0 11 0
14 0 24 4 0 0 0 0 0 0 0 0 0 0 0 0 0 0 0 0 0 0 5 0 0 0 0 2 1 0 0 39 0 0 30 77 0 0 15 62 8
39 0 59 0 0 0 0 0 0 0 0 0 0 0 0 0 0 0 0 0 0 0 0 0 0 0 0 0 0 0 0 40 0 0 26 66 7 0 12 0 23
2 0 4 1 0 0 0 0 0 0 0 0 0 0 0 0 0 0 0 0 0 0 4 0 0 0 9 0 0 0 0 18 0 0 35 66 0 0 2 47 2
5 0 11 1 0 0 0 0 0 0 0 0 0 0 0 0 0 0 0 0 0 0 5 0 0 0 3 0 0 0 0 25 0 0 35 71 0 0 5 52 4
7 0 15 3 0 0 0 0 0 0 0 0 0 0 0 0 0 0 0 0 0 0 4 0 0 0 0 1 0 0 0 29 0 0 37 75 0 0 7 55 6
24 0 36 3 0 0 0 0 0 0 0 0 0 0 0 0 0 0 0 0 0 0 2 0 0 0 0 2 0 0 0 39 0 0 33 70 0 0 21 39 15
0 0 0 0 7 10 0 0 0 0 0 0 0 0 0 0 0 0 0 0 0 0 0 0 4 0 45 0 0 7 0 0 20 0 12 44 0 32 0 11 0
9 0 18 3 0 0 0 0 0 0 0 0 0 0 0 0 0 0 0 0 0 0 5 0 0 0 0 1 0 0 0 33 0 0 37 76 0 0 8 56 7
36 0 57 0 0 0 0 0 0 0 0 0 0 0 0 0 0 0 0 0 0 0 0 0 0 0 0 0 0 0 0 42 0 0 22 62 4 0 14 0 21
8 0 14 2 0 0 0 0 0 0 0 0 0 0 0 0 0 0 0 0 0 0 5 0 0 0 0 1 0 0 0 29 0 0 35 76 0 0 10 62 5
0 0 0 0 7 10 0 0 0 0 0 0 0 0 0 0 0 0 0 0 0 0 0 0 3 0 45 0 0 9 0 0 21 0 11 43 0 33 0 13 0
28 0 43 1 0 0 0 0 0 0 0 0 0 0 0 0 0 0 0 0 0 0 0 0 0 0 0 1 0 0 0 40 0 0 32 66 0 0 21 25 18
31 0 48 0 0 0 0 0 0 0 0 0 0 0 0 0 0 0 0 0 0 0 0 0 0 0 0 0 0 0 0 42 0 0 27 60 0 0 21 11 20
25 0 39 3 0 0 0 0 0 0 0 0 0 0 0 0 0 0 0 0 0 0 2 0 0 0 0 2 0 0 0 41 0 0 35 68 0 0 21 36 16
2 0 8 1 0 0 0 0 0 0 0 0 0 0 0 0 0 0 0 0 0 0 4 0 0 0 8 0 0 0 0 21 0 0 36 68 0 0 2 47 4
36 0 58 0 0 0 0 0 0 0 0 0 0 0 0 0 0 0 0 0 0 0 0 0 0 0 0 0 0 0 0 42 0 0 23 58 3 0 15 0 22
0 0 0 0 2 6 0 0 0 0 0 0 0 0 0 0 0 0 0 0 0 0 0 0 0 0 43 0 0 6 0 0 16 0 14 42 0 26 0 12 0
0 0 0 0 4 7 0 0 0 0 0 0 0 0 0 0 0 0 0 0 0 0 0 0 1 0 45 0 0 7 0 0 18 0 13 44 0 30 0 13 0
0 0 0 0 19 22 0 0 0 0 0 0 0 0 0 0 0 0 0 0 0 0 0 0 14 0 52 0 0 3 0 0 24 0 7 43 1 40 0 0 0
0 0 0 0 0 0 0 0 0 0 0 0 0 0 0 0 0 0 0 0 0 0 2 0 0 0 37 0 0 5 0 0 9 0 27 44 0 21 0 16 0
10 0 22 3 0 0 0 0 0 0 0 0 0 0 0 0 0 0 0 0 0 0 5 0 0 0 0 1 0 0 0 37 0 0 34 78 0 0 9 57 7
0 0 0 0 0 0 0 0 0 0 0 0 0 0 0 0 0 0 0 0 0 0 2 0 0 0 37 0 0 5 0 0 9 0 27 45 0 20 0 16 0
0 0 0 0 18 21 0 0 0 0 0 0 0 0 0 0 0 0 0 0 0 0 0 0 13 0 53 0 0 2 0 0 23 0 6 45 2 37 0 0 0
0 0 3 1 0 0 0 0 0 0 0 0 0 0 0 0 0 0 0 0 0 0 4 0 0 0 14 0 0 0 0 16 0 0 36 65 0 0 0 42 2
0 0 0 0 3 6 0 0 0 0 0 0 0 0 0 0 0 0 0 0 0 0 0 0 0 0 44 0 0 8 0 0 18 0 16 44 0 30 0 15 0
0 0 0 0 0 0 0 0 0 0 0 0 0 0 0 0 0 0 0 0 0 0 3 0 0 0 27 0 0 1 0 0 0 0 35 55 0 11 0 29 0
30 0 46 1 0 0 0 0 0 0 0 0 0 0 0 0 0 0 0 0 0 0 0 0 0 0 0 0 0 0 0 41 0 0 32 65 0 0 21 18 19
20 0 34 4 0 0 0 0 0 0 0 0 0 0 0 0 0 0 0 0 0 0 5 0 0 0 0 2 0 0 0 45 0 0 32 76 0 0 20 56 12
8 0 17 3 0 0 0 0 0 0 0 0 0 0 0 0 0 0 0 0 0 0 5 0 0 0 0 1 0 0 0 32 0 0 36 77 0 0 9 60 6
0 0 0 0 14 17 0 0 0 0 0 0 0 0 0 0 0 0 0 0 0 0 0 0 9 0 48 0 0 5 0 0 23 0 7 41 1 36 0 3 0
0 0 0 0 10 13 0 0 0 0 0 0 0 0 0 0 0 0 0 0 0 0 0 0 5 0 46 0 0 5 0 0 20 0 7 40 0 30 0 5 0
0 0 0 0 14 17 0 0 0 0 0 0 0 0 0 0 0 0 0 0 0 0 0 0 9 0 48 0 0 6 0 0 23 0 7 40 1 36 0 2 0
28 0 44 2 0 0 0 0 0 0 0 0 0 0 0 0 0 0 0 0 0 0 0 0 0 0 0 1 0 0 0 40 0 0 34 65 0 0 21 23 18
4 0 10 1 0 0 0 0 0 0 0 0 0 0 0 0 0 0 0 0 0 0 5 0 0 0 5 0 0 0 0 23 0 0 34 70 0 0 4 51 3
0 0 0 0 0 0 0 0 0 0 0 0 0 0 0 0 0 0 0 0 0 0 2 0 0 0 33 0 0 5 0 0 7 0 30 45 0 19 0 17 0
0 0 0 0 0 0 0 0 0 0 0 0 0 0 0 0 0 0 0 0 0 0 2 0 0 0 37 0 0 5 0 0 9 0 25 44 0 21 0 15 0
0 0 0 0 8 11 0 0 0 0 0 0 0 0 0 0 0 0 0 0 0 0 0 0 4 0 47 0 0 8 0 0 21 0 11 43 0 34 0 11 0
0 0 0 0 20 22 0 0 0 0 0 0 0 0 0 0 0 0 0 0 0 0 0 0 14 0 52 0 0 1 0 0 23 0 6 43 2 39 0 0 0
0 0 0 0 0 0 0 0 0 0 0 0 0 0 0 0 0 0 0 0 0 0 1 0 0 0 39 0 0 6 0 0 12 0 24 45 0 24 0 16 0
14 0 24 3 0 0 0 0 0 0 0 0 0 0 0 0 0 0 0 0 0 0 5 0 0 0 0 1 0 0 0 39 0 0 32 77 0 0 14 60 8
0 0 0 0 16 19 0 0 0 0 0 0 0 0 0 0 0 0 0 0 0 0 0 0 11 0 50 0 0 4 0 0 23 0 6 42 1 36 0 0 0
33 0 51 0 0 0 0 0 0 0 0 0 0 0 0 0 0 0 0 0 0 0 0 0 0 0 0 0 0 0 0 41 0 0 20 58 2 0 17 0 19
30 0 47 1 0 0 0 0 0 0 0 0 0 0 0 0 0 0 0 0 0 0 0 0 0 0 0 0 0 0 0 41 0 0 31 61 0 0 21 13 20
0 0 0 0 16 19 0 0 0 0 0 0 0 0 0 0 0 0 0 0 0 0 0 0 10 0 48 0 0 5 0 0 24 0 5 41 1 37 0 2 0
0 0 0 0 5 7 0 0 0 0 0 0 0 0 0 0 0 0 0 0 0 0 0 0 1 0 43 0 0 9 0 0 19 0 13 42 0 31 0 13 0
0 0 0 0 6 10 0 0 0 0 0 0 0 0 0 0 0 0 0 0 0 0 0 0 3 0 45 0 0 9 0 0 20 0 11 44 0 32 0 13 0
35 0 57 0 0 0 0 0 0 0 0 0 0 0 0 0 0 0 0 0 0 0 0 0 0 0 0 0 0 0 0 43 0 0 23 60 3 0 15 0 21
0 0 0 0 4 7 0 0 0 0 0 0 0 0 0 0 0 0 0 0 0 0 0 0 2 0 45 0 0 7 0 0 18 0 13 43 0 30 0 13 0
0 0 0 0 1 5 0 0 0 0 0 0 0 0 0 0 0 0 0 0 0 0 1 0 0 0 43 0 0 8 0 0 17 0 18 44 0 30 0 15 0
15 0 27 4 0 0 0 0 0 0 0 0 0 0 0 0 0 0 0 0 0 0 5 0 0 0 0 2 0 0 0 42 0 0 30 79 0 0 15 62 9
16 0 29 3 0 0 0 0 0 0 0 0 0 0 0 0 0 0 0 0 0 0 4 0 0 0 0 2 0 0 0 42 0 0 34 79 0 0 16 59 10
0 0 0 0 1 5 0 0 0 0 0 0 0 0 0 0 0 0 0 0 0 0 1 0 0 0 41 0 0 9 0 0 17 0 18 42 0 29 0 15 0
29 0 43 1 0 0 0 0 0 0 0 0 0 0 0 0 0 0 0 0 0 0 0 0 0 0 0 0 0 0 0 37 0 0 28 63 0 0 19 17 17
0 0 0 1 0 0 0 0 0 0 0 0 0 0 0 0 0 0 0 0 0 0 2 0 0 0 33 0 0 2 0 0 4 0 29 49 0 14 0 19 0
0 0 0 0 17 20 0 0 0 0 0 0 0 0 0 0 0 0 0 0 0 0 0 0 12 0 50 0 0 3 0 0 23 0 6 42 2 37 0 0 0
41 0 62 0 0 0 0 0 0 0 0 0 0 0 0 0 0 0 0 0 0 0 0 0 0 0 0 0 0 0 0 42 0 0 27 68 7 0 12 0 25
0 0 0 0 0 1 0 0 0 0 0 0 0 0 0 0 0 0 0 0 0 0 1 0 0 0 41 0 0 6 0 0 12 0 22 43 0 23 0 14 0
0 0 0 0 0 2 0 0 0 0 0 0 0 0 0 0 0 0 0 0 0 0 1 0 0 0 42 0 0 7 0 0 14 0 20 44 0 25 0 14 0
0 0 0 0 0 0 0 0 0 0 0 0 0 0 0 0 0 0 0 0 0 0 2 0 0 0 39 0 0 7 0 0 13 0 24 43 0 25 0 17 0
0 0 0 0 11 14 0 0 0 0 0 0 0 0 0 0 0 0 0 0 0 0 0 0 6 0 46 0 0 7 0 0 21 0 7 41 0 33 0 6 0
4 0 9 2 0 0 0 0 0 0 0 0 0 0 0 0 0 0 0 0 0 0 5 0 0 0 3 1 0 0 0 23 0 0 32 68 0 0 6 51 4
31 0 48 1 0 0 0 0 0 0 0 0 0 0 0 0 0 0 0 0 0 0 0 0 0 0 0 0 0 0 0 41 0 0 27 62 0 0 20 12 19
0 0 0 0 0 0 0 0 0 0 0 0 0 0 0 0 0 0 0 0 0 0 3 0 0 0 30 0 0 2 0 0 3 0 32 51 0 14 0 22 0
0 0 0 0 2 6 0 0 0 0 0 0 0 0 0 0 0 0 0 0 0 0 0 0 0 0 45 0 0 7 0 0 17 0 16 45 0 29 0 14 0
31 0 48 0 0 0 0 0 0 0 0 0 0 0 0 0 0 0 0 0 0 0 0 0 0 0 0 0 0 0 0 40 0 0 27 61 0 0 19 6 19
30 0 46 1 0 0 0 0 0 0 0 0 0 0 0 0 0 0 0 0 0 0 0 0 0 0 0 0 0 0 0 40 0 0 30 62 0 0 20 13 19
4 0 10 1 0 0 0 0 0 0 0 0 0 0 0 0 0 0 0 0 0 0 4 0 0 0 5 0 0 0 0 24 0 0 33 69 0 0 3 49 3
0 0 0 0 6 9 0 0 0 0 0 0 0 0 0 0 0 0 0 0 0 0 0 0 3 0 46 0 0 7 0 0 19 0 12 43 0 31 0 11 0
21 0 34 4 0 0 0 0 0 0 0 0 0 0 0 0 0 0 0 0 0 0 4 0 0 0 0 2 0 0 0 42 0 0 33 75 0 0 20 51 13
43 0 61 0 4 1 0 0 0 0 0 0 0 0 0 0 0 0 0 0 0 0 0 0 4 0 0 0 0 2 0 35 0 0 29 71 11 0 8 0 26
27 0 39 2 0 0 0 0 0 0 0 0 0 0 0 0 0 0 0 0 0 0 0 0 0 0 0 2 0 0 0 38 0 0 32 66 0 0 22 29 17
0 0 0 0 7 10 0 0 0 0 0 0 0 0 0 0 0 0 0 0 0 0 0 0 3 0 45 0 0 8 0 0 20 0 11 43 0 32 0 12 0
0 0 0 0 0 4 0 0 0 0 0 0 0 0 0 0 0 0 0 0 0 0 1 0 0 0 42 0 0 9 0 0 18 0 20 44 0 31 0 16 0
0 0 0 0 1 4 0 0 0 0 0 0 0 0 0 0 0 0 0 0 0 0 1 0 0 0 42 0 0 8 0 0 17 0 18 44 0 29 0 17 0
0 0 0 0 0 2 0 0 0 0 0 0 0 0 0 0 0 0 0 0 0 0 1 0 0 0 41 0 0 9 0 0 16 0 21 44 0 28 0 18 0
7 0 17 3 0 0 0 0 0 0 0 0 0 0 0 0 0 0 0 0 0 0 5 0 0 0 0 0 0 0 0 32 0 0 34 73 0 0 7 55 6
0 0 0 0 9 12 0 0 0 0 0 0 0 0 0 0 0 0 0 0 0 0 0 0 5 0 46 0 0 6 0 0 20 0 8 41 0 30 0 6 0
27 0 38 1 0 0 0 0 0 0 0 0 0 0 0 0 0 0 0 0 0 0 0 0 0 0 0 1 0 0 0 35 0 0 28 61 0 0 20 23 15
18 0 31 4 0 0 0 0 0 0 0 0 0 0 0 0 0 0 0 0 0 0 5 0 0 0 0 2 0 0 0 44 0 0 31 80 0 0 18 62 11
10 0 19 3 0 0 0 0 0 0 0 0 0 0 0 0 0 0 0 0 0 0 5 0 0 0 0 1 0 0 0 34 0 0 33 77 0 0 10 61 6
1 0 4 0 0 0 0 0 0 0 0 0 0 0 0 0 0 0 0 0 0 0 4 0 0 0 9 0 0 0 0 17 0 0 36 66 0 0 1 46 3
33 0 53 0 0 0 0 0 0 0 0 0 0 0 0 0 0 0 0 0 0 0 0 0 0 0 0 0 0 0 0 41 0 0 20 59 2 0 17 0 20
0 0 0 1 0 0 0 0 0 0 0 0 0 0 0 0 0 0 0 0 0 0 4 0 0 0 16 0 0 0 0 13 0 0 33 62 0 0 0 38 2
0 0 0 0 13 15 0 0 0 0 0 0 0 0 0 0 0 0 0 0 0 0 0 0 7 0 48 0 0 5 0 0 21 0 7 41 1 33 0 3 0
0 0 0 0 7 10 0 0 0 0 0 0 0 0 0 0 0 0 0 0 0 0 0 0 3 0 45 0 0 8 0 0 20 0 11 43 0 32 0 11 0
6 0 11 2 0 0 0 0 0 0 0 0 0 0 0 0 0 0 0 0 0 0 4 0 0 0 3 1 0 0 0 26 0 0 33 73 0 0 5 55 4
12 0 22 3 0 0 0 0 0 0 0 0 0 0 0 0 0 0 0 0 0 0 6 0 0 0 0 1 0 0 0 37 0 0 32 76 0 0 12 60 8
0 0 0 0 11 14 0 0 0 0 0 0 0 0 0 0 0 0 0 0 0 0 0 0 6 0 47 0 0 6 0 0 21 0 8 41 0 33 0 4 0
0 0 0 0 9 12 0 0 0 0 0 0 0 0 0 0 0 0 0 0 0 0 0 0 4 0 46 0 0 8 0 0 20 0 9 43 0 32 0 9 0
31 0 49 1 0 0 0 0 0 0 0 0 0 0 0 0 0 0 0 0 0 0 0 0 0 0 0 0 0 0 0 41 0 0 32 61 0 0 20 7 21
0 0 3 1 0 0 0 0 0 0 0 0 0 0 0 0 0 0 0 0 0 0 4 0 0 0 12 0 0 0 0 16 0 0 39 67 0 0 0 43 3
0 0 0 0 3 6 0 0 0 0 0 0 0 0 0 0 0 0 0 0 0 0 1 0 1 0 43 0 0 8 0 0 18 0 16 43 0 30 0 14 0
3 0 6 0 0 0 0 0 0 0 0 0 0 0 0 0 0 0 0 0 0 0 4 0 0 0 7 0 0 0 0 19 0 0 36 68 0 0 3 49 3
0 0 0 0 6 9 0 0 0 0 0 0 0 0 0 0 0 0 0 0 0 0 0 0 2 0 46 0 0 7 0 0 19 0 11 43 0 30 0 11 0
28 0 43 1 0 0 0 0 0 0 0 0 0 0 0 0 0 0 0 0 0 0 0 0 0 0 0 1 0 0 0 40 0 0 33 67 0 0 21 22 19
26 0 38 2 0 0 0 0 0 0 0 0 0 0 0 0 0 0 0 0 0 0 1 0 0 0 0 2 0 0 0 36 0 0 33 66 0 0 22 29 17
0 0 0 0 0 0 0 0 0 0 0 0 0 0 0 0 0 0 0 0 0 0 3 0 0 0 24 0 0 0 0 2 0 0 39 59 0 6 0 29 2
0 0 0 0 0 0 0 0 0 0 0 0 0 0 0 0 0 0 0 0 0 0 2 0 0 0 36 0 0 4 0 0 7 0 28 46 0 18 0 18 0
9 0 17 2 0 0 0 0 0 0 0 0 0 0 0 0 0 0 0 0 0 0 5 0 0 0 0 1 0 0 0 33 0 0 34 77 0 0 9 60 6
9 0 16 2 0 0 0 0 0 0 0 0 0 0 0 0 0 0 0 0 0 0 5 0 0 0 0 2 0 0 0 29 0 0 36 73 0 0 9 56 6
34 0 54 0 0 0 0 0 0 0 0 0 0 0 0 0 0 0 0 0 0 0 0 0 0 0 0 0 0 0 0 40 0 0 22 59 4 0 16 0 20
30 0 43 0 0 0 0 0 0 0 0 0 0 0 0 0 0 0 0 0 0 0 0 0 0 0 0 0 0 0 0 35 0 0 26 61 1 0 17 6 18
0 0 1 1 0 0 0 0 0 0 0 0 0 0 0 0 0 0 0 0 0 0 3 0 0 0 18 0 0 0 0 14 0 0 34 62 0 0 0 36 2
0 0 0 0 0 0 0 0 0 0 0 0 0 0 0 0 0 0 0 0 0 0 3 0 0 0 36 0 0 4 0 0 8 0 29 47 0 21 0 17 0
0 0 0 0 5 8 0 0 0 0 0 0 0 0 0 0 0 0 0 0 0 0 0 0 2 0 45 0 0 7 0 0 19 0 12 44 0 30 0 11 0
28 0 43 1 0 0 0 0 0 0 0 0 0 0 0 0 0 0 0 0 0 0 0 0 0 0 0 1 0 0 0 39 0 0 32 64 0 0 21 22 18
24 0 36 3 0 0 0 0 0 0 0 0 0 0 0 0 0 0 0 0 0 0 3 0 0 0 0 2 0 0 0 39 0 0 34 69 0 0 21 40 16
0 0 0 0 9 12 0 0 0 0 0 0 0 0 0 0 0 0 0 0 0 0 0 0 4 0 47 0 0 7 0 0 20 0 9 43 0 32 0 9 0
0 0 0 0 18 21 0 0 0 0 0 0 0 0 0 0 0 0 0 0 0 0 0 0 12 0 51 0 0 4 0 0 24 0 6 43 2 39 0 0 0
0 0 0 0 0 0 0 0 0 0 0 0 0 0 0 0 0 0 0 0 0 0 2 0 0 0 31 0 0 3 0 0 4 0 31 48 0 16 0 22 0
27 0 42 1 0 0 0 0 0 0 0 0 0 0 0 0 0 0 0 0 0 0 0 0 0 0 0 1 0 0 0 40 0 0 31 67 0 0 21 28 17
0 0 0 0 0 0 0 0 0 0 0 0 0 0 0 0 0 0 0 0 0 0 3 0 0 0 27 0 0 0 0 0 0 0 34 53 0 9 0 23 0
16 0 29 4 0 0 0 0 0 0 0 0 0 0 0 0 0 0 0 0 0 0 5 0 0 0 0 2 0 0 0 44 0 0 32 81 0 0 16 63 10
0 0 0 0 0 0 0 0 0 0 0 0 0 0 0 0 0 0 0 0 0 0 3 0 0 0 21 0 0 0 0 5 0 0 35 57 0 3 0 30 1
0 0 0 0 7 11 0 0 0 0 0 0 0 0 0 0 0 0 0 0 0 0 0 0 4 0 45 0 0 8 0 0 20 0 10 43 0 31 0 10 0
2 0 4 0 0 0 0 0 0 0 0 0 0 0 0 0 0 0 0 0 0 0 4 0 0 0 8 0 0 0 0 18 0 0 32 69 0 0 3 53 2
1 0 6 1 0 0 0 0 0 0 0 0 0 0 0 0 0 0 0 0 0 0 4 0 0 0 10 0 0 0 0 19 0 0 35 65 0 0 1 43 3
0 0 0 1 0 0 0 0 0 0 0 0 0 0 0 0 0 0 0 0 0 0 4 0 0 0 17 0 0 0 0 10 0 0 39 62 0 0 0 36 3
36 0 58 0 0 0 0 0 0 0 0 0 0 0 0 0 0 0 0 0 0 0 0 0 0 0 0 0 0 0 0 44 0 0 22 61 3 0 16 0 22
0 0 0 0 0 0 0 0 0 0 0 0 0 0 0 0 0 0 0 0 0 0 3 0 0 0 24 0 0 3 0 0 3 0 32 54 0 13 0 32 0
0 0 0 0 6 10 0 0 0 0 0 0 0 0 0 0 0 0 0 0 0 0 0 0 3 0 45 0 0 8 0 0 20 0 11 43 0 31 0 10 0
0 0 0 0 19 22 0 0 0 0 0 0 0 0 0 0 0 0 0 0 0 0 0 0 14 0 53 0 0 2 0 0 24 0 7 45 2 39 0 0 0
26 0 39 2 0 0 0 0 0 0 0 0 0 0 0 0 0 0 0 0 0 0 1 0 0 0 0 1 0 0 0 38 0 0 31 65 0 0 21 31 16
32 0 48 0 0 0 0 0 0 0 0 0 0 0 0 0 0 0 0 0 0 0 0 0 0 0 0 0 0 0 0 39 0 0 22 58 2 0 17 1 19
0 0 0 0 5 8 0 0 0 0 0 0 0 0 0 0 0 0 0 0 0 0 0 0 2 0 45 0 0 8 0 0 19 0 13 43 0 31 0 12 0
0 0 0 0 0 1 0 0 0 0 0 0 0 0 0 0 0 0 0 0 0 0 1 0 0 0 41 0 0 6 0 0 13 0 23 45 0 25 0 15 0
19 0 32 4 0 0 0 0 0 0 0 0 0 0 0 0 0 0 0 0 0 0 4 0 0 0 0 2 0 0 0 41 0 0 32 72 0 0 18 49 13
0 0 0 0 10 14 0 0 0 0 0 0 0 0 0 0 0 0 0 0 0 0 0 0 6 0 47 0 0 5 0 0 21 0 9 42 0 33 0 6 0
0 0 0 0 0 0 0 0 0 0 0 0 0 0 0 0 0 0 0 0 0 0 3 0 0 0 24 0 0 0 0 3 0 0 36 58 0 5 0 30 0
0 0 0 0 9 11 0 0 0 0 0 0 0 0 0 0 0 0 0 0 0 0 0 0 4 0 45 0 0 9 0 0 22 0 10 41 0 34 0 11 0
31 0 48 0 0 0 0 0 0 0 0 0 0 0 0 0 0 0 0 0 0 0 0 0 0 0 0 0 0 0 0 40 0 0 24 60 0 0 19 7 19
26 0 40 2 0 0 0 0 0 0 0 0 0 0 0 0 0 0 0 0 0 0 1 0 0 0 0 2 0 0 0 40 0 0 35 67 0 0 22 31 17
12 0 22 2 0 0 0 0 0 0 0 0 0 0 0 0 0 0 0 0 0 0 5 0 0 0 0 1 0 0 0 36 0 0 33 76 0 0 12 59 8
4 0 11 2 0 0 0 0 0 0 0 0 0 0 0 0 0 0 0 0 0 0 5 0 0 0 5 0 0 0 0 25 0 0 36 70 0 0 4 50 4
39 0 61 0 0 0 0 0 0 0 0 0 0 0 0 0 0 0 0 0 0 0 0 0 0 0 0 0 0 0 0 45 0 0 21 65 6 0 14 0 23
0 0 0 0 0 1 0 0 0 0 0 0 0 0 0 0 0 0 0 0 0 0 1 0 0 0 39 0 0 7 0 0 14 0 22 44 0 25 0 16 0
7 0 15 3 0 0 0 0 0 0 0 0 0 0 0 0 0 0 0 0 0 0 5 0 0 0 0 1 0 0 0 29 0 0 35 73 0 0 7 54 5
0 0 0 0 16 19 0 0 0 0 0 0 0 0 0 0 0 0 0 0 0 0 0 0 11 0 49 0 0 4 0 0 23 0 7 42 1 37 0 0 0
0 0 5 1 0 0 0 0 0 0 0 0 0 0 0 0 0 0 0 0 0 0 4 0 0 0 12 0 0 0 0 18 0 0 35 65 0 0 0 42 3
8 0 16 3 0 0 0 0 0 0 0 0 0 0 0 0 0 0 0 0 0 0 4 0 0 0 0 1 0 0 0 31 0 0 34 75 0 0 6 55 6
22 0 33 3 0 0 0 0 0 0 0 0 0 0 0 0 0 0 0 0 0 0 4 0 0 0 0 2 0 0 0 40 0 0 33 73 0 0 21 49 14
0 0 0 0 10 13 0 0 0 0 0 0 0 0 0 0 0 0 0 0 0 0 0 0 5 0 47 0 0 7 0 0 21 0 9 42 0 32 0 7 0
1 0 5 1 0 0 0 0 0 0 0 0 0 0 0 0 0 0 0 0 0 0 4 0 0 0 10 0 0 0 0 19 0 0 36 68 0 0 1 48 3
0 0 1 1 0 0 0 0 0 0 0 0 0 0 0 0 0 0 0 0 0 0 4 0 0 0 17 0 0 0 0 14 0 0 33 62 0 0 0 38 2
0 0 0 1 0 0 0 0 0 0 0 0 0 0 0 0 0 0 0 0 0 0 3 0 0 0 28 0 0 0 0 0 0 0 34 53 0 10 0 23 0
5 0 13 2 0 0 0 0 0 0 0 0 0 0 0 0 0 0 0 0 0 0 4 0 0 0 3 1 0 0 0 28 0 0 34 72 0 0 4 52 4
14 0 25 4 0 0 0 0 0 0 0 0 0 0 0 0 0 0 0 0 0 0 6 0 0 0 0 1 0 0 0 40 0 0 35 82 0 0 13 64 8
0 0 0 0 7 10 0 0 0 0 0 0 0 0 0 0 0 0 0 0 0 0 0 0 3 0 45 0 0 6 0 0 19 0 11 42 0 31 0 9 0
0 0 0 0 0 0 0 0 0 0 0 0 0 0 0 0 0 0 0 0 0 0 2 0 0 0 37 0 0 6 0 0 10 0 27 44 0 22 0 16 0
36 0 57 0 0 0 0 0 0 0 0 0 0 0 0 0 0 0 0 0 0 0 0 0 0 0 0 0 0 0 0 42 0 0 21 63 5 0 14 0 21
0 0 0 0 0 0 0 0 0 0 0 0 0 0 0 0 0 0 0 0 0 0 3 0 0 0 25 0 0 0 0 1 0 0 36 57 0 9 0 29 0
0 0 0 0 2 5 0 0 0 0 0 0 0 0 0 0 0 0 0 0 0 0 0 0 0 0 44 0 0 8 0 0 18 0 17 44 0 30 0 15 0
0 0 0 0 0 0 0 0 0 0 0 0 0 0 0 0 0 0 0 0 0 0 1 0 0 0 40 0 0 6 0 0 12 0 23 43 0 24 0 14 0
23 0 35 4 0 0 0 0 0 0 0 0 0 0 0 0 0 0 0 0 0 0 3 0 0 0 0 2 0 0 0 41 0 0 33 72 0 0 21 46 15
0 0 7 2 0 0 0 0 0 0 0 0 0 0 0 0 0 0 0 0 0 0 4 0 0 0 12 0 0 0 0 21 0 0 33 66 0 0 0 42 3
34 0 53 0 0 0 0 0 0 0 0 0 0 0 0 0 0 0 0 0 0 0 0 0 0 0 0 0 0 0 0 40 0 0 21 60 4 0 15 0 20
32 0 50 0 0 0 0 0 0 0 0 0 0 0 0 0 0 0 0 0 0 0 0 0 0 0 0 0 0 0 0 41 0 0 26 57 0 0 19 3 20
30 0 47 1 0 0 0 0 0 0 0 0 0 0 0 0 0 0 0 0 0 0 0 0 0 0 0 0 0 0 0 41 0 0 30 61 0 0 21 14 19
0 0 0 0 0 0 0 0 0 0 0 0 0 0 0 0 0 0 0 0 0 0 3 0 0 0 29 0 0 3 0 0 3 0 35 53 0 15 0 23 0
0 0 0 0 19 22 0 0 0 0 0 0 0 0 0 0 0 0 0 0 0 0 0 0 14 0 52 0 0 2 0 0 23 0 7 43 2 38 0 0 0
0 0 0 0 2 6 0 0 0 0 0 0 0 0 0 0 0 0 0 0 0 0 0 0 0 0 44 0 0 9 0 0 18 0 17 44 0 30 0 14 0
40 0 59 0 0 0 0 0 0 0 0 0 0 0 0 0 0 0 0 0 0 0 0 0 1 0 0 0 0 0 0 39 0 0 26 67 8 0 11 0 24
0 0 0 0 8 11 0 0 0 0 0 0 0 0 0 0 0 0 0 0 0 0 0 0 4 0 46 0 0 7 0 0 20 0 9 42 0 31 0 8 0
9 0 16 2 0 0 0 0 0 0 0 0 0 0 0 0 0 0 0 0 0 0 5 0 0 0 0 1 0 0 0 30 0 0 37 76 0 0 9 59 6
23 0 37 4 0 0 0 0 0 0 0 0 0 0 0 0 0 0 0 0 0 0 4 0 0 0 0 1 0 0 0 43 0 0 31 71 0 0 21 44 15
0 0 0 0 0 0 0 0 0 0 0 0 0 0 0 0 0 0 0 0 0 0 3 0 0 0 29 0 0 7 0 0 9 0 34 47 0 22 0 24 0
25 0 38 3 0 0 0 0 0 0 0 0 0 0 0 0 0 0 0 0 0 0 2 0 0 0 0 2 0 0 0 41 0 0 32 67 0 0 21 37 16
0 0 0 0 12 15 0 0 0 0 0 0 0 0 0 0 0 0 0 0 0 0 0 0 7 0 48 0 0 6 0 0 22 0 7 41 0 33 0 4 0
0 0 0 0 2 5 0 0 0 0 0 0 0 0 0 0 0 0 0 0 0 0 1 0 0 0 43 0 0 8 0 0 17 0 16 42 0 29 0 14 0
5 0 11 2 0 0 0 0 0 0 0 0 0 0 0 0 0 0 0 0 0 0 5 0 0 0 4 1 0 0 0 26 0 0 33 72 0 0 6 55 4
0 0 0 0 0 0 0 0 0 0 0 0 0 0 0 0 0 0 0 0 0 0 3 0 0 0 34 0 0 3 0 0 6 0 31 49 0 17 0 21 0
0 0 0 0 0 0 0 0 0 0 0 0 0 0 0 0 0 0 0 0 0 0 2 0 0 0 39 0 0 7 0 0 12 0 24 44 0 24 0 16 0
0 0 0 0 6 9 0 0 0 0 0 0 0 0 0 0 0 0 0 0 0 0 0 0 3 0 45 0 0 9 0 0 20 0 12 43 0 32 0 12 0
3 0 9 1 0 0 0 0 0 0 0 0 0 0 0 0 0 0 0 0 0 0 4 0 0 0 7 0 0 0 0 23 0 0 35 68 0 0 2 47 4
0 0 0 0 0 0 0 0 0 0 0 0 0 0 0 0 0 0 0 0 0 0 2 0 0 0 38 0 0 5 0 0 10 0 27 43 0 22 0 17 0
5 0 7 0 0 0 0 0 0 0 0 0 0 0 0 0 0 0 0 0 0 0 4 0 0 0 2 0 0 0 0 20 0 0 37 71 0 0 6 53 3
0 0 0 0 2 5 0 0 0 0 0 0 0 0 0 0 0 0 0 0 0 0 1 0 0 0 42 0 0 8 0 0 17 0 16 44 0 29 0 16 0
0 0 3 1 0 0 0 0 0 0 0 0 0 0 0 0 0 0 0 0 0 0 4 0 0 0 13 0 0 0 0 16 0 0 39 68 0 0 0 44 3
0 0 0 0 9 12 0 0 0 0 0 0 0 0 0 0 0 0 0 0 0 0 0 0 4 0 48 0 0 7 0 0 21 0 10 44 0 33 0 8 0
9 0 13 2 0 0 0 0 0 0 0 0 0 0 0 0 0 0 0 0 0 0 5 0 0 0 0 2 0 0 0 27 0 0 34 74 0 0 11 60 6
0 0 0 0 5 8 0 0 0 0 0 0 0 0 0 0 0 0 0 0 0 0 0 0 1 0 45 0 0 8 0 0 19 0 13 44 0 30 0 14 0
33 0 52 0 0 0 0 0 0 0 0 0 0 0 0 0 0 0 0 0 0 0 0 0 0 0 0 0 0 0 0 43 0 0 23 58 1 0 18 2 20
0 0 0 0 0 0 0 0 0 0 0 0 0 0 0 0 0 0 0 0 0 0 3 0 0 0 21 0 0 0 0 6 0 0 35 56 0 2 0 28 1
0 0 0 0 0 0 0 0 0 0 0 0 0 0 0 0 0 0 0 0 0 0 2 0 0 0 38 0 0 7 0 0 13 0 26 45 0 25 0 17 0
23 0 35 3 0 0 0 0 0 0 0 0 0 0 0 0 0 0 0 0 0 0 3 0 0 0 0 2 0 0 0 42 0 0 34 73 0 0 21 47 14
0 0 0 0 17 20 0 0 0 0 0 0 0 0 0 0 0 0 0 0 0 0 0 0 11 0 51 0 0 3 0 0 23 0 7 42 1 37 0 0 0
22 0 36 4 0 0 0 0 0 0 0 0 0 0 0 0 0 0 0 0 0 0 3 0 0 0 0 2 0 0 0 44 0 0 33 74 0 0 19 48 14
0 0 5 1 0 0 0 0 0 0 0 0 0 0 0 0 0 0 0 0 0 0 4 0 0 0 12 0 0 0 0 19 0 0 33 66 0 0 0 45 3
0 0 0 0 0 0 0 0 0 0 0 0 0 0 0 0 0 0 0 0 0 0 1 0 0 0 37 0 0 6 0 0 11 0 26 45 0 22 0 16 0
0 0 0 0 7 10 0 0 0 0 0 0 0 0 0 0 0 0 0 0 0 0 0 0 3 0 44 0 0 7 0 0 20 0 11 43 0 31 0 12 0
0 0 0 0 0 0 0 0 0 0 0 0 0 0 0 0 0 0 0 0 0 0 2 0 0 0 34 0 0 4 0 0 7 0 28 45 0 18 0 15 0
27 0 41 2 0 0 0 0 0 0 0 0 0 0 0 0 0 0 0 0 0 0 1 0 0 0 0 2 0 0 0 41 0 0 35 68 0 0 21 31 17
4 0 11 2 0 0 0 0 0 0 0 0 0 0 0 0 0 0 0 0 0 0 5 0 0 0 4 1 0 0 0 26 0 0 36 72 0 0 5 54 5
20 0 31 3 0 0 0 0 0 0 0 0 0 0 0 0 0 0 0 0 0 0 4 0 0 0 0 2 1 0 0 40 0 0 32 74 0 0 20 53 12
6 0 14 2 0 0 0 0 0 0 0 0 0 0 0 0 0 0 0 0 0 0 5 0 0 0 2 1 0 0 0 28 0 0 35 71 0 0 6 54 5
0 0 0 0 0 0 0 0 0 0 0 0 0 0 0 0 0 0 0 0 0 0 3 0 0 0 22 0 0 1 0 0 0 0 39 53 0 10 0 28 0
0 0 0 0 0 0 0 0 0 0 0 0 0 0 0 0 0 0 0 0 0 0 3 0 0 0 25 0 0 0 0 0 0 0 36 53 0 8 0 24 0
0 0 0 0 2 6 0 0 0 0 0 0 0 0 0 0 0 0 0 0 0 0 1 0 0 0 43 0 0 9 0 0 18 0 17 43 0 31 0 16 0
0 0 0 0 11 14 0 0 0 0 0 0 0 0 0 0 0 0 0 0 0 0 0 0 6 0 47 0 0 6 0 0 22 0 8 41 0 34 0 7 0
4 0 9 1 0 0 0 0 0 0 0 0 0 0 0 0 0 0 0 0 0 0 5 0 0 0 6 0 0 0 0 23 0 0 37 71 0 0 3 50 4
0 0 0 0 1 4 0 0 0 0 0 0 0 0 0 0 0 0 0 0 0 0 1 0 0 0 42 0 0 8 0 0 16 0 18 43 0 28 0 13 0
34 0 54 0 0 0 0 0 0 0 0 0 0 0 0 0 0 0 0 0 0 0 0 0 0 0 0 0 0 0 0 42 0 0 22 59 3 0 16 0 20
0 0 0 0 0 0 0 0 0 0 0 0 0 0 0 0 0 0 0 0 0 0 3 0 0 0 20 0 0 0 0 7 0 0 38 59 0 1 0 32 2
0 0 0 0 15 18 0 0 0 0 0 0 0 0 0 0 0 0 0 0 0 0 0 0 10 0 48 0 0 4 0 0 23 0 6 40 1 36 0 0 0
21 0 33 4 0 0 0 0 0 0 0 0 0 0 0 0 0 0 0 0 0 0 4 0 0 0 0 2 0 0 0 42 0 0 31 73 0 0 20 51 13
12 0 23 3 0 0 0 0 0 0 0 0 0 0 0 0 0 0 0 0 0 0 5 0 0 0 0 2 0 0 0 38 0 0 35 79 0 0 12 61 8
2 0 10 2 0 0 0 0 0 0 0 0 0 0 0 0 0 0 0 0 0 0 4 0 0 0 7 0 0 0 0 24 0 0 35 68 0 0 2 43 5
0 0 0 0 0 2 0 0 0 0 0 0 0 0 0 0 0 0 0 0 0 0 1 0 0 0 42 0 0 7 0 0 15 0 22 44 0 27 0 15 0
0 0 0 0 9 12 0 0 0 0 0 0 0 0 0 0 0 0 0 0 0 0 0 0 4 0 46 0 0 7 0 0 20 0 9 41 0 31 0 8 0
0 0 0 0 16 18 0 0 0 0 0 0 0 0 0 0 0 0 0 0 0 0 0 0 10 0 50 0 0 4 0 0 23 0 6 41 1 36 0 1 0
36 0 56 0 0 0 0 0 0 0 0 0 0 0 0 0 0 0 0 0 0 0 0 0 0 0 0 0 0 0 0 41 0 0 24 63 5 0 14 0 21
31 0 47 0 0 0 0 0 0 0 0 0 0 0 0 0 0 0 0 0 0 0 0 0 0 0 0 0 0 0 0 38 0 0 25 58 0 0 19 5 19
22 0 37 4 0 0 0 0 0 0 0 0 0 0 0 0 0 0 0 0 0 0 3 0 0 0 0 2 0 0 0 43 0 0 35 71 0 0 20 42 15
0 0 0 0 0 2 0 0 0 0 0 0 0 0 0 0 0 0 0 0 0 0 1 0 0 0 40 0 0 6 0 0 13 0 21 43 0 24 0 13 0
0 0 0 0 1 5 0 0 0 0 0 0 0 0 0 0 0 0 0 0 0 0 1 0 0 0 42 0 0 8 0 0 17 0 16 43 0 29 0 15 0
0 0 0 0 14 17 0 0 0 0 0 0 0 0 0 0 0 0 0 0 0 0 0 0 9 0 49 0 0 3 0 0 21 0 6 41 1 33 0 0 0
0 0 0 0 0 1 0 0 0 0 0 0 0 0 0 0 0 0 0 0 0 0 1 0 0 0 40 0 0 7 0 0 13 0 22 44 0 25 0 16 0
0 0 0 0 13 15 0 0 0 0 0 0 0 0 0 0 0 0 0 0 0 0 0 0 7 0 48 0 0 6 0 0 22 0 7 40 1 34 0 4 0
21 0 34 3 0 0 0 0 0 0 0 0 0 0 0 0 0 0 0 0 0 0 4 0 0 0 0 2 1 0 0 42 0 0 31 73 0 0 21 52 13
0 0 0 0 16 19 0 0 0 0 0 0 0 0 0 0 0 0 0 0 0 0 0 0 11 0 51 0 0 3 0 0 23 0 6 43 1 36 0 0 0
38 0 59 0 0 0 0 0 0 0 0 0 0 0 0 0 0 0 0 0 0 0 0 0 0 0 0 0 0 0 0 42 0 0 23 65 6 0 13 0 22
0 0 0 0 0 2 0 0 0 0 0 0 0 0 0 0 0 0 0 0 0 0 1 0 0 0 41 0 0 6 0 0 14 0 20 43 0 26 0 14 0
30 0 46 0 0 0 0 0 0 0 0 0 0 0 0 0 0 0 0 0 0 0 0 0 0 0 0 0 0 0 0 39 0 0 27 58 0 0 19 10 19
0 0 0 0 3 7 0 0 0 0 0 0 0 0 0 0 0 0 0 0 0 0 1 0 1 0 43 0 0 9 0 0 19 0 15 43 0 30 0 16 0
28 0 40 0 0 0 0 0 0 0 0 0 0 0 0 0 0 0 0 0 0 0 0 0 0 0 0 0 0 0 0 34 0 0 29 62 0 0 19 18 16
12 0 23 3 0 0 0 0 0 0 0 0 0 0 0 0 0 0 0 0 0 0 5 0 0 0 0 1 0 0 0 38 0 0 31 79 0 0 11 61 7
33 0 52 0 0 0 0 0 0 0 0 0 0 0 0 0 0 0 0 0 0 0 0 0 0 0 0 0 0 0 0 41 0 0 23 59 1 0 17 0 20
34 0 54 0 0 0 0 0 0 0 0 0 0 0 0 0 0 0 0 0 0 0 0 0 0 0 0 0 0 0 0 41 0 0 21 57 3 0 16 0 20
35 0 56 0 0 0 0 0 0 0 0 0 0 0 0 0 0 0 0 0 0 0 0 0 0 0 0 0 0 0 0 43 0 0 21 60 3 0 16 0 21
0 0 0 0 12 14 0 0 0 0 0 0 0 0 0 0 0 0 0 0 0 0 0 0 7 0 46 0 0 5 0 0 20 0 7 40 0 32 0 4 0
36 0 57 0 0 0 0 0 0 0 0 0 0 0 0 0 0 0 0 0 0 0 0 0 0 0 0 0 0 0 0 43 0 0 22 59 3 0 16 0 21
