0 6 0 0 0 0 0 0 0 0 0 0 0 3 0 0 0 41 0 0 0 0 38 0 0 0 0 0 0 15 0 10 0 0 0 0 0 7 0 0 0
0 0 0 0 0 0 0 0 2 1 1 0 0 0 0 0 0 0 0 0 0 0 3 0 0 1 0 0 0 0 0 39 0 0 0 0 0 32 1 0 6
0 0 15 6 0 0 0 0 0 0 0 0 0 0 0 0 0 0 0 0 0 0 0 0 0 0 5 0 2 0 0 19 6 0 29 35 0 12 0 34 1
0 0 0 0 0 0 0 0 2 1 1 0 0 0 0 0 0 0 0 0 0 0 4 0 0 1 0 0 0 0 0 37 0 0 0 0 0 30 1 0 5
0 0 16 5 0 0 0 0 0 0 0 0 0 0 0 0 0 0 0 0 0 0 0 0 0 0 4 0 1 0 0 4 7 0 26 38 0 0 0 40 0
0 0 0 0 0 0 0 0 2 0 1 0 0 0 0 0 0 6 0 0 0 0 14 0 0 1 0 0 0 0 0 39 0 0 0 0 0 32 2 0 4
0 0 16 5 0 0 0 0 0 1 0 0 0 0 0 0 0 0 0 0 0 0 0 0 0 0 5 0 1 0 0 30 2 0 19 19 0 23 0 15 4
0 6 2 0 0 0 0 0 0 0 0 0 0 3 0 0 0 27 0 0 0 0 23 0 0 0 0 0 0 21 0 0 0 0 0 0 0 0 0 0 0
0 0 18 1 0 0 0 0 0 0 0 0 0 0 0 0 0 0 0 0 0 0 0 0 0 0 0 0 0 15 0 0 8 0 16 35 0 0 0 41 0
0 7 0 0 0 0 0 0 0 0 0 0 0 4 0 0 0 39 0 0 0 0 33 0 0 0 0 0 0 19 0 0 0 0 0 0 0 0 0 0 0
0 0 9 4 0 0 0 0 0 2 0 0 0 0 0 0 0 0 0 0 0 0 0 0 0 0 3 0 1 0 0 34 0 0 12 7 0 27 0 2 5
0 16 4 0 0 0 0 0 0 0 0 0 0 8 0 0 0 68 0 0 0 0 53 0 0 0 0 0 0 51 0 0 0 0 0 0 0 0 0 0 0
0 0 0 0 0 0 0 0 1 0 0 0 0 0 0 0 0 17 0 0 0 0 22 0 0 0 0 0 0 0 0 27 0 0 0 0 0 22 1 0 0
0 6 2 0 0 0 0 0 0 0 0 0 0 3 0 0 0 28 0 0 0 0 23 0 0 0 0 0 0 22 0 0 0 0 0 0 0 0 0 0 0
0 9 0 0 0 0 0 0 0 0 0 0 0 5 0 0 0 44 0 0 0 0 35 0 0 0 0 0 0 23 0 0 0 0 0 0 0 0 0 0 0
0 14 0 0 0 0 0 0 0 0 0 0 0 6 0 0 0 59 0 0 0 0 47 0 0 0 0 0 0 33 0 0 0 0 0 0 0 0 0 0 0
0 0 16 2 0 0 0 0 0 0 0 0 0 0 0 0 0 0 0 0 0 0 0 0 0 0 0 0 0 11 0 0 8 0 18 35 0 0 0 41 0
0 0 0 0 0 0 0 0 1 0 0 0 0 0 0 0 0 14 0 0 0 0 18 0 0 0 0 0 0 0 0 27 0 0 0 0 0 22 1 0 1
0 0 9 4 0 0 0 0 0 0 0 0 0 0 0 0 0 0 0 0 0 0 0 0 0 0 2 0 0 0 0 0 8 0 31 40 0 0 0 44 0
1 0 0 0 0 0 0 0 2 2 1 0 0 0 0 0 0 0 0 0 0 0 9 0 0 1 0 0 0 0 0 46 0 0 0 0 0 37 2 0 6
0 8 0 0 0 0 0 0 0 0 0 0 0 4 0 0 0 54 0 0 0 0 52 0 0 0 0 0 0 18 0 18 0 0 0 0 0 13 1 0 0
0 0 13 0 0 0 0 0 0 0 0 0 0 1 0 0 0 4 0 0 0 0 5 0 0 0 0 0 0 14 0 0 3 0 2 14 0 0 0 16 0
0 0 9 5 0 0 0 0 0 0 0 0 0 0 0 0 0 0 0 0 0 0 0 0 0 0 3 0 1 0 0 6 7 0 32 39 0 0 0 42 0
0 0 14 4 0 0 0 0 0 0 0 0 0 0 0 0 0 0 0 0 0 0 0 0 0 0 3 0 1 0 0 3 7 0 26 36 0 0 0 39 0
0 0 14 5 0 0 0 0 0 0 0 0 0 0 0 0 0 0 0 0 0 0 0 0 0 0 4 0 1 0 0 8 6 0 26 35 0 3 0 37 0
0 0 11 4 0 0 0 0 0 0 0 0 0 0 0 0 0 0 0 0 0 0 0 0 0 0 3 0 0 0 0 1 7 0 28 37 0 0 0 41 0
0 0 15 5 0 0 0 0 0 0 0 0 0 0 0 0 0 0 0 0 0 0 0 0 0 0 5 0 2 0 0 17 6 0 28 35 0 10 0 35 1
0 0 15 5 0 0 0 0 0 0 0 0 0 0 0 0 0 0 0 0 0 0 0 0 0 0 4 0 1 0 0 8 6 0 26 35 0 3 0 37 0
0 0 15 5 0 0 0 0 0 0 0 0 0 0 0 0 0 0 0 0 0 0 0 0 0 0 4 0 2 0 0 11 7 0 29 38 0 4 0 39 0
0 10 5 0 0 0 0 0 0 0 0 0 0 5 0 0 0 44 0 0 0 0 36 0 0 0 0 0 0 34 0 0 0 0 0 0 0 0 0 0 0
0 0 19 0 0 0 0 0 0 0 0 0 0 0 0 0 0 0 0 0 0 0 0 0 0 0 0 0 0 21 0 0 8 0 12 32 0 0 0 38 0
0 0 20 1 0 0 0 0 0 0 0 0 0 0 0 0 0 0 0 0 0 0 0 0 0 0 1 0 0 14 0 0 7 0 12 29 0 0 0 34 0
0 0 13 5 0 0 0 0 0 0 0 0 0 0 0 0 0 0 0 0 0 0 0 0 0 0 5 0 2 0 0 15 6 0 29 36 0 8 0 36 0
0 6 11 0 0 0 0 0 0 0 0 0 0 4 0 0 0 33 0 0 0 0 29 0 0 0 0 0 0 34 0 0 0 0 0 0 0 0 0 0 0
0 7 13 0 0 0 0 0 0 0 0 0 0 5 0 0 0 39 0 0 0 0 34 0 0 0 0 0 0 42 0 0 0 0 0 0 0 0 0 1 0
0 0 16 6 0 0 0 0 0 0 0 0 0 0 0 0 0 0 0 0 0 0 0 0 0 0 5 0 2 0 0 23 4 0 27 31 0 15 0 30 2
0 0 14 4 0 0 0 0 0 0 0 0 0 0 0 0 0 0 0 0 0 0 0 0 0 0 3 0 1 0 0 4 6 0 25 36 0 0 0 38 0
0 3 0 0 0 0 0 0 0 0 0 0 0 2 0 0 0 28 0 0 0 0 28 0 0 0 0 0 0 9 0 14 0 0 0 0 0 11 0 0 0
0 0 13 4 0 0 0 0 0 1 0 0 0 0 0 0 0 0 0 0 0 0 0 0 0 0 4 0 1 0 0 32 1 0 16 13 0 25 0 8 5
0 0 15 5 0 0 0 0 0 0 0 0 0 0 0 0 0 0 0 0 0 0 0 0 0 0 5 0 2 0 0 18 6 0 30 35 0 11 0 34 1
0 0 0 0 0 0 0 0 2 1 1 0 0 0 0 0 0 0 0 0 0 0 5 0 0 1 0 0 0 0 0 36 0 0 0 0 0 29 1 0 5
0 14 0 0 0 0 0 0 0 0 0 0 0 6 0 0 0 62 0 0 0 0 51 0 0 0 0 0 0 32 0 0 0 0 0 0 0 0 0 0 0
0 0 8 3 0 0 0 0 0 1 0 0 0 0 0 0 0 0 0 0 0 0 0 0 0 0 2 0 1 0 0 31 1 0 9 7 0 24 0 3 4
0 0 13 5 0 0 0 0 0 0 0 0 0 0 0 0 0 0 0 0 0 0 0 0 0 0 4 0 1 0 0 9 6 0 27 36 0 3 0 37 0
0 0 0 0 0 0 0 0 1 0 1 0 0 0 0 0 0 15 0 0 0 0 21 0 0 0 0 0 0 0 0 31 0 0 0 0 0 25 1 0 1
0 6 0 0 0 0 0 0 0 0 0 0 0 3 0 0 0 32 0 0 0 0 27 0 0 0 0 0 0 19 0 0 0 0 0 0 0 0 0 0 0
0 0 16 5 0 0 0 0 0 0 0 0 0 0 0 0 0 0 0 0 0 0 0 0 0 0 4 0 1 0 0 8 7 0 27 37 0 2 0 39 0
0 0 14 5 0 0 0 0 0 0 0 0 0 0 0 0 0 0 0 0 0 0 0 0 0 0 4 0 1 0 0 13 6 0 28 35 0 6 0 36 1
0 13 0 0 0 0 0 0 0 0 0 0 0 6 0 0 0 54 0 0 0 0 42 0 0 0 0 0 0 35 0 0 0 0 0 0 0 0 0 0 0
0 10 0 0 0 0 0 0 0 0 0 0 0 5 0 0 0 42 0 0 0 0 33 0 0 0 0 0 0 26 0 0 0 0 0 0 0 0 0 0 0
0 0 14 4 0 0 0 0 0 0 0 0 0 0 0 0 0 0 0 0 0 0 0 0 0 0 4 0 1 0 0 22 3 0 18 21 0 15 0 20 2
0 6 0 0 0 0 0 0 0 0 0 0 0 3 0 0 0 33 0 0 0 0 29 0 0 0 0 0 0 16 0 0 0 0 0 0 0 0 0 0 0
0 0 10 5 0 0 0 0 0 0 0 0 0 0 0 0 0 0 0 0 0 0 0 0 0 0 3 0 1 0 0 6 7 0 31 38 0 1 0 41 0
0 0 0 0 0 0 0 0 2 0 1 0 0 0 0 0 0 6 0 0 0 0 13 0 0 1 0 0 0 0 0 37 0 0 0 0 0 31 2 0 4
0 0 15 5 0 0 0 0 0 0 0 0 0 0 0 0 0 0 0 0 0 0 0 0 0 0 4 0 1 0 0 5 7 0 27 37 0 1 0 39 0
0 24 0 0 0 0 0 0 0 0 0 0 0 10 0 0 0 97 0 0 0 0 77 0 0 0 0 0 0 51 0 0 0 0 0 0 0 0 0 0 0
0 3 14 0 0 0 0 0 0 0 0 0 0 2 0 0 0 19 0 0 0 0 19 0 0 0 0 0 0 29 0 0 1 0 0 7 0 0 0 10 0
0 8 2 0 0 0 0 0 0 0 0 0 0 4 0 0 0 36 0 0 0 0 29 0 0 0 0 0 0 27 0 0 0 0 0 0 0 0 0 0 0
0 0 10 5 0 0 0 0 0 0 0 0 0 0 0 0 0 0 0 0 0 0 0 0 0 0 4 0 1 0 0 10 6 0 32 38 0 3 0 40 1
0 0 5 1 0 0 0 0 0 1 0 0 0 0 0 0 0 0 0 0 0 0 0 0 0 0 1 0 0 0 0 22 0 0 5 4 0 17 0 1 3
0 0 17 2 0 0 0 0 0 0 0 0 0 0 0 0 0 0 0 0 0 0 0 0 0 0 1 0 0 8 0 0 7 0 17 32 0 0 0 37 0
0 5 0 0 0 0 0 0 0 0 0 0 0 3 0 0 0 28 0 0 0 0 24 0 0 0 0 0 0 17 0 0 0 0 0 0 0 0 0 0 0
0 17 0 0 0 0 0 0 0 0 0 0 0 8 0 0 0 70 0 0 0 0 55 0 0 0 0 0 0 44 0 0 0 0 0 0 0 0 0 0 0
0 12 0 0 0 0 0 0 0 0 0 0 0 6 0 0 0 62 0 0 0 0 53 0 0 0 0 0 0 28 0 0 0 0 0 0 0 0 0 0 0
0 0 18 1 0 0 0 0 0 0 0 0 0 0 0 0 0 0 0 0 0 0 0 0 0 0 0 0 0 18 0 0 8 0 14 33 0 0 0 39 0
0 0 8 5 0 0 0 0 0 0 0 0 0 0 0 0 0 0 0 0 0 0 0 0 0 0 3 0 1 0 0 9 6 0 32 37 0 2 0 39 1
0 0 15 5 0 0 0 0 0 0 0 0 0 0 0 0 0 0 0 0 0 0 0 0 0 0 5 0 1 0 0 27 3 0 23 26 0 18 0 24 3
0 0 12 4 0 0 0 0 0 0 0 0 0 0 0 0 0 0 0 0 0 0 0 0 0 0 3 0 1 0 0 3 8 0 30 39 0 0 0 43 0
0 0 8 3 0 0 0 0 0 0 0 0 0 0 0 0 0 0 0 0 0 0 0 0 0 0 1 0 0 0 0 0 7 0 26 36 0 0 0 41 0
0 0 16 5 0 0 0 0 0 0 0 0 0 0 0 0 0 0 0 0 0 0 0 0 0 0 5 0 2 0 0 21 5 0 25 30 0 14 0 29 2
0 0 13 3 0 0 0 0 0 0 0 0 0 0 0 0 0 0 0 0 0 0 0 0 0 0 1 0 0 4 0 0 8 0 22 36 0 0 0 41 0
0 0 16 5 0 0 0 0 0 1 0 0 0 0 0 0 0 0 0 0 0 0 0 0 0 0 5 0 2 0 0 25 4 0 21 24 0 18 0 22 3
0 0 16 5 0 0 0 0 0 0 0 0 0 0 0 0 0 0 0 0 0 0 0 0 0 0 5 0 2 0 0 27 3 0 24 25 0 20 0 21 3
0 0 7 3 0 0 0 0 0 0 0 0 0 0 0 0 0 0 0 0 0 0 0 0 0 0 0 0 0 0 0 0 8 0 27 38 0 0 0 45 0
0 0 0 2 0 0 0 0 1 3 1 0 0 0 0 0 0 0 0 0 0 0 0 0 0 1 0 0 0 0 0 43 0 0 0 0 0 35 1 0 7
0 0 16 6 0 0 0 0 0 0 0 0 0 0 0 0 0 0 0 0 0 0 0 0 0 0 5 0 2 0 0 19 6 0 29 34 0 12 0 34 1
0 0 16 2 0 0 0 0 0 0 0 0 0 0 0 0 0 0 0 0 0 0 0 0 0 0 0 0 0 10 0 0 8 0 18 34 0 0 0 39 0
0 0 8 3 0 0 0 0 0 2 0 0 0 0 0 0 0 0 0 0 0 0 0 0 0 0 2 0 0 0 0 35 0 0 8 2 0 29 0 0 6
0 0 11 3 0 0 0 0 0 1 0 0 0 0 0 0 0 0 0 0 0 0 0 0 0 0 3 0 1 0 0 27 2 0 13 13 0 20 0 11 4
0 0 15 5 0 0 0 0 0 0 0 0 0 0 0 0 0 0 0 0 0 0 0 0 0 0 5 0 2 0 0 18 5 0 29 34 0 12 0 33 1
0 0 19 1 0 0 0 0 0 0 0 0 0 0 0 0 0 0 0 0 0 0 0 0 0 0 0 0 0 15 0 0 7 0 14 33 0 0 0 38 0
0 0 16 5 0 0 0 0 0 0 0 0 0 0 0 0 0 0 0 0 0 0 0 0 0 0 5 0 2 0 0 25 4 0 27 30 0 17 0 28 3
0 0 10 5 0 0 0 0 0 0 0 0 0 0 0 0 0 0 0 0 0 0 0 0 0 0 3 0 1 0 0 7 7 0 31 37 0 1 0 40 0
0 0 13 4 0 0 0 0 0 0 0 0 0 0 0 0 0 0 0 0 0 0 0 0 0 0 4 0 1 0 0 5 7 0 27 37 0 0 0 40 0
0 0 16 5 0 0 0 0 0 0 0 0 0 0 0 0 0 0 0 0 0 0 0 0 0 0 5 0 2 0 0 23 5 0 25 31 0 14 0 29 2
0 0 15 5 0 0 0 0 0 0 0 0 0 0 0 0 0 0 0 0 0 0 0 0 0 0 5 0 1 0 0 14 6 0 28 36 0 8 0 36 1
0 0 0 0 0 0 0 0 1 0 0 0 0 0 0 0 0 5 0 0 0 0 10 0 0 0 0 0 0 0 0 29 0 0 0 0 0 24 1 0 3
0 17 0 0 0 0 0 0 0 0 0 0 0 8 0 0 0 72 0 0 0 0 56 0 0 0 0 0 0 45 0 0 0 0 0 0 0 0 0 0 0
0 0 16 5 0 0 0 0 0 0 0 0 0 0 0 0 0 0 0 0 0 0 0 0 0 0 5 0 2 0 0 13 6 0 27 35 0 7 0 37 1
0 0 19 0 0 0 0 0 0 0 0 0 0 0 0 0 0 0 0 0 0 0 0 0 0 0 0 0 0 19 0 0 7 0 12 31 0 0 0 37 0
0 0 12 4 0 0 0 0 0 1 0 0 0 0 0 0 0 0 0 0 0 0 0 0 0 0 4 0 1 0 0 30 1 0 16 14 0 23 0 10 4
0 0 0 0 0 0 0 0 2 1 1 0 0 0 0 0 0 0 0 0 0 0 10 0 0 1 0 0 0 0 0 40 0 0 0 0 0 34 2 0 5
0 2 15 0 0 0 0 0 0 0 0 0 0 2 0 0 0 15 0 0 0 0 15 0 0 0 0 0 0 26 0 0 2 0 0 10 0 0 0 13 0
0 2 0 0 0 0 0 0 0 0 0 0 0 2 0 0 0 31 0 0 0 0 31 0 0 0 0 0 0 9 0 17 0 0 0 0 0 13 0 0 0
0 0 10 3 0 0 0 0 0 0 0 0 0 0 0 0 0 0 0 0 0 0 0 0 0 0 1 0 0 0 0 0 8 0 27 38 0 0 0 44 0
0 0 14 5 0 0 0 0 0 0 0 0 0 0 0 0 0 0 0 0 0 0 0 0 0 0 5 0 1 0 0 14 6 0 28 36 0 7 0 36 0
0 0 21 0 0 0 0 0 0 0 0 0 0 0 0 0 0 0 0 0 0 0 0 0 0 0 0 0 0 25 0 0 8 0 11 32 0 0 0 40 0
0 0 0 0 0 0 0 0 1 0 0 0 0 0 0 0 0 5 0 0 0 0 11 0 0 0 0 0 0 0 0 29 0 0 0 0 0 23 1 0 3
0 9 0 0 0 0 0 0 0 0 0 0 0 5 0 0 0 41 0 0 0 0 33 0 0 0 0 0 0 26 0 0 0 0 0 0 0 0 0 0 0
0 0 0 0 0 0 0 0 1 2 1 0 0 0 0 0 0 0 0 0 0 0 4 0 0 1 0 0 0 0 0 35 0 0 0 0 0 29 1 0 5
0 0 15 6 0 0 0 0 0 0 0 0 0 0 0 0 0 0 0 0 0 0 0 0 0 0 5 0 2 0 0 21 5 0 28 33 0 13 0 33 2
0 0 15 5 0 0 0 0 0 1 0 0 0 0 0 0 0 0 0 0 0 0 0 0 0 0 5 0 2 0 0 28 3 0 22 24 0 20 0 22 3
0 0 12 4 0 0 0 0 0 0 0 0 0 0 0 0 0 0 0 0 0 0 0 0 0 0 4 0 1 0 0 7 7 0 29 38 0 1 0 40 0
0 5 6 0 0 0 0 0 0 0 0 0 0 3 0 0 0 24 0 0 0 0 20 0 0 0 0 0 0 21 0 0 0 0 0 0 0 0 0 0 0
0 0 13 5 0 0 0 0 0 0 0 0 0 0 0 0 0 0 0 0 0 0 0 0 0 0 5 0 2 0 0 13 6 0 31 37 0 7 0 38 0
0 0 15 3 0 0 0 0 0 0 0 0 0 0 0 0 0 0 0 0 0 0 0 0 0 0 2 0 1 0 0 0 8 0 23 36 0 0 0 40 0
0 23 0 0 0 0 0 0 0 0 0 0 0 10 0 0 0 94 0 0 0 0 73 0 0 0 0 0 0 58 0 0 0 0 0 0 0 0 0 0 0
0 0 12 3 0 0 0 0 0 0 0 0 0 0 0 0 0 0 0 0 0 0 0 0 0 0 1 0 0 1 0 0 7 0 23 35 0 0 0 40 0
0 0 13 5 0 0 0 0 0 0 0 0 0 0 0 0 0 0 0 0 0 0 0 0 0 0 4 0 1 0 0 25 3 0 21 24 0 17 0 22 3
0 0 1 2 0 0 0 0 1 2 0 0 0 0 0 0 0 0 0 0 0 0 0 0 0 1 0 0 0 0 0 41 0 0 0 0 0 34 1 0 7
0 5 0 0 0 0 0 0 0 0 0 0 0 2 0 0 0 27 0 0 0 0 23 0 0 0 0 0 0 13 0 0 0 0 0 0 0 0 0 0 0
0 0 18 1 0 0 0 0 0 0 0 0 0 0 0 0 0 0 0 0 0 0 0 0 0 0 0 0 0 12 0 0 7 0 15 32 0 0 0 38 0
0 0 11 4 0 0 0 0 0 0 0 0 0 0 0 0 0 0 0 0 0 0 0 0 0 0 3 0 0 0 0 1 7 0 28 37 0 0 0 40 0
0 0 0 0 0 0 0 0 1 0 0 0 0 0 0 0 0 6 0 0 0 0 11 0 0 0 0 0 0 0 0 28 0 0 0 0 0 23 1 0 3
0 0 16 5 0 0 0 0 0 0 0 0 0 0 0 0 0 0 0 0 0 0 0 0 0 0 5 0 2 0 0 27 3 0 23 24 0 20 0 20 3
0 1 13 0 0 0 0 0 0 0 0 0 0 1 0 0 0 4 0 0 0 0 6 0 0 0 0 0 0 15 0 0 3 0 1 13 0 0 0 15 0
0 0 0 0 0 0 0 0 2 0 1 0 0 0 0 0 0 6 0 0 0 0 14 0 0 1 0 0 0 0 0 39 0 0 0 0 0 32 2 0 4
0 5 7 0 0 0 0 0 0 0 0 0 0 3 0 0 0 26 0 0 0 0 23 0 0 0 0 0 0 26 0 0 0 0 0 0 0 0 0 0 0
0 1 0 0 0 0 0 0 0 0 0 0 0 1 0 0 0 26 0 0 0 0 29 0 0 0 0 0 0 4 0 28 0 0 0 0 0 22 1 0 0
0 0 15 5 0 0 0 0 0 1 0 0 0 0 0 0 0 0 0 0 0 0 0 0 0 0 5 0 1 0 0 29 2 0 21 21 0 21 0 18 3
0 0 0 0 0 0 0 0 2 1 1 0 0 0 0 0 0 0 0 0 0 0 8 0 0 1 0 0 0 0 0 39 0 0 0 0 0 32 2 0 5
0 7 0 0 0 0 0 0 0 0 0 0 0 4 0 0 0 40 0 0 0 0 35 0 0 0 0 0 0 19 0 0 0 0 0 0 0 0 0 0 0
0 0 2 1 0 0 0 0 1 2 1 0 0 0 0 0 0 0 0 0 0 0 0 0 0 1 0 0 0 0 0 35 0 0 1 0 0 28 1 0 6
1 0 0 0 0 0 0 0 2 0 2 0 0 0 0 0 0 13 0 0 0 0 21 0 0 1 0 0 0 0 0 41 0 0 0 0 0 34 2 0 3
0 0 13 2 0 0 0 0 0 0 0 0 0 0 0 0 0 0 0 0 0 0 0 0 0 0 0 0 0 11 0 0 8 0 22 37 0 0 0 45 0
0 0 13 5 0 0 0 0 0 0 0 0 0 0 0 0 0 0 0 0 0 0 0 0 0 0 4 0 1 0 0 15 6 0 28 34 0 8 0 36 1
0 0 12 5 0 0 0 0 0 0 0 0 0 0 0 0 0 0 0 0 0 0 0 0 0 0 4 0 2 0 0 10 7 0 30 38 0 3 0 40 0
0 7 1 0 0 0 0 0 0 0 0 0 0 4 0 0 0 32 0 0 0 0 26 0 0 0 0 0 0 22 0 0 0 0 0 0 0 0 0 0 0
0 0 16 4 0 0 0 0 0 0 0 0 0 0 0 0 0 0 0 0 0 0 0 0 0 0 4 0 1 0 0 4 7 0 25 35 0 1 0 37 0
0 0 13 4 0 0 0 0 0 0 0 0 0 0 0 0 0 0 0 0 0 0 0 0 0 0 3 0 1 0 0 0 7 0 26 36 0 0 0 40 0
0 0 0 0 0 0 0 0 2 1 1 0 0 0 0 0 0 1 0 0 0 0 9 0 0 1 0 0 0 0 0 38 0 0 0 0 0 31 2 0 5
0 0 5 2 0 0 0 0 0 1 0 0 0 0 0 0 0 0 0 0 0 0 0 0 0 0 2 0 0 0 0 29 0 0 8 4 0 22 0 1 4
0 0 15 5 0 0 0 0 0 0 0 0 0 0 0 0 0 0 0 0 0 0 0 0 0 0 5 0 2 0 0 20 5 0 28 33 0 13 0 33 1
0 0 14 4 0 0 0 0 0 1 0 0 0 0 0 0 0 0 0 0 0 0 0 0 0 0 5 0 1 0 0 26 3 0 21 23 0 19 0 21 3
0 0 0 0 0 0 0 0 1 0 0 0 0 1 0 0 0 19 0 0 0 0 23 0 0 0 0 0 0 2 0 28 0 0 0 0 0 22 1 0 0
0 0 19 1 0 0 0 0 0 0 0 0 0 0 0 0 0 0 0 0 0 0 0 0 0 0 0 0 0 16 0 0 6 0 11 29 0 0 0 33 0
0 0 11 3 0 0 0 0 0 0 0 0 0 0 0 0 0 0 0 0 0 0 0 0 0 0 0 0 0 1 0 0 8 0 25 37 0 0 0 43 0
0 0 7 4 0 0 0 0 0 0 0 0 0 0 0 0 0 0 0 0 0 0 0 0 0 0 1 0 0 0 0 0 7 0 30 39 0 0 0 43 0
0 0 3 2 0 0 0 0 1 2 0 0 0 0 0 0 0 0 0 0 0 0 0 0 0 1 0 0 0 0 0 36 0 0 0 0 0 30 1 0 6
0 13 0 0 0 0 0 0 0 0 0 0 0 6 0 0 0 57 0 0 0 0 46 0 0 0 0 0 0 32 0 0 0 0 0 0 0 0 0 0 0
0 0 5 2 0 0 0 0 1 2 0 0 0 0 0 0 0 0 0 0 0 0 0 0 0 0 1 0 0 0 0 33 0 0 7 1 0 26 0 0 5
0 0 9 5 0 0 0 0 0 0 0 0 0 0 0 0 0 0 0 0 0 0 0 0 0 0 3 0 1 0 0 10 6 0 32 37 0 4 0 39 0
0 0 18 5 0 0 0 0 0 0 0 0 0 0 0 0 0 0 0 0 0 0 0 0 0 0 5 0 1 0 0 22 5 0 24 29 0 15 0 28 2
0 0 14 4 0 0 0 0 0 0 0 0 0 0 0 0 0 0 0 0 0 0 0 0 0 0 2 0 0 0 0 0 7 0 25 37 0 0 0 40 0
0 4 0 0 0 0 0 0 0 0 0 0 0 2 0 0 0 24 0 0 0 0 21 0 0 0 0 0 0 12 0 0 0 0 0 0 0 0 0 0 0
0 0 17 2 0 0 0 0 0 0 0 0 0 0 0 0 0 0 0 0 0 0 0 0 0 0 0 0 0 9 0 0 7 0 17 34 0 0 0 39 0
0 0 9 5 0 0 0 0 0 0 0 0 0 0 0 0 0 0 0 0 0 0 0 0 0 0 3 0 1 0 0 7 7 0 32 39 0 0 0 42 1
0 0 13 5 0 0 0 0 0 0 0 0 0 0 0 0 0 0 0 0 0 0 0 0 0 0 5 0 1 0 0 14 6 0 29 36 0 7 0 37 1
0 14 0 0 0 0 0 0 0 0 0 0 0 7 0 0 0 59 0 0 0 0 46 0 0 0 0 0 0 39 0 0 0 0 0 0 0 0 0 0 0
0 0 20 0 0 0 0 0 0 0 0 0 0 0 0 0 0 0 0 0 0 0 0 0 0 0 0 0 0 22 0 0 7 0 10 31 0 0 0 37 0
0 0 24 0 0 0 0 0 0 0 0 0 0 1 0 0 0 4 0 0 0 0 11 0 0 0 0 0 0 34 0 0 6 0 1 26 0 0 0 32 0
0 0 7 1 0 0 0 0 0 0 0 0 0 0 0 0 0 0 0 0 0 0 0 0 0 0 1 0 0 0 0 19 0 0 5 6 0 14 0 4 2
0 0 15 5 0 0 0 0 0 0 0 0 0 0 0 0 0 0 0 0 0 0 0 0 0 0 5 0 2 0 0 22 4 0 26 30 0 14 0 28 2
0 0 17 5 0 0 0 0 0 0 0 0 0 0 0 0 0 0 0 0 0 0 0 0 0 0 5 0 2 0 0 23 5 0 25 30 0 15 0 29 2
0 0 12 5 0 0 0 0 0 0 0 0 0 0 0 0 0 0 0 0 0 0 0 0 0 0 4 0 2 0 0 16 5 0 30 33 0 10 0 33 1
1 0 18 1 0 0 0 0 0 0 0 0 0 0 0 0 0 0 0 0 0 0 0 0 0 0 0 0 0 17 0 0 9 0 16 35 0 0 0 43 0
0 0 17 5 0 0 0 0 0 0 0 0 0 0 0 0 0 0 0 0 0 0 0 0 0 0 5 0 2 0 0 19 5 0 25 32 0 12 0 31 1
0 0 9 3 0 0 0 0 0 1 0 0 0 0 0 0 0 0 0 0 0 0 0 0 0 0 3 0 1 0 0 28 1 0 10 9 0 21 0 7 3
0 0 16 1 0 0 0 0 0 0 0 0 0 0 0 0 0 0 0 0 0 0 0 0 0 0 0 0 0 11 0 0 5 0 8 21 0 0 0 24 0
0 5 0 0 0 0 0 0 0 0 0 0 0 3 0 0 0 32 0 0 0 0 28 0 0 0 0 0 0 14 0 1 0 0 0 0 0 0 0 0 0
0 0 10 2 0 0 0 0 0 0 0 0 0 1 0 0 0 0 0 0 0 0 0 0 0 0 0 0 0 6 0 0 8 0 25 39 0 0 0 46 0
0 10 0 0 0 0 0 0 0 0 0 0 0 5 0 0 0 48 0 0 0 0 39 0 0 0 0 0 0 25 0 0 0 0 0 0 0 0 0 0 0
0 0 16 5 0 0 0 0 0 0 0 0 0 0 0 0 0 0 0 0 0 0 0 0 0 0 5 0 2 0 0 22 4 0 26 30 0 15 0 29 2
0 0 9 2 0 0 0 0 0 0 0 0 0 0 0 0 0 0 0 0 0 0 0 0 0 0 2 0 0 0 0 12 2 0 12 15 0 9 0 15 2
0 8 0 0 0 0 0 0 0 0 0 0 0 4 0 0 0 45 0 0 0 0 39 0 0 0 0 0 0 20 0 0 0 0 0 0 0 0 0 0 0
0 5 7 0 0 0 0 0 0 0 0 0 0 3 0 0 0 24 0 0 0 0 20 0 0 0 0 0 0 23 0 0 0 0 0 0 0 0 0 0 0
0 0 8 5 0 0 0 0 0 0 0 0 0 0 0 0 0 0 0 0 0 0 0 0 0 0 3 0 1 0 0 9 6 0 33 38 0 3 0 40 1
0 0 15 5 0 0 0 0 0 0 0 0 0 0 0 0 0 0 0 0 0 0 0 0 0 0 5 0 2 0 0 20 5 0 28 33 0 13 0 31 1
0 0 0 0 0 0 0 0 1 1 1 0 0 0 0 0 0 0 0 0 0 0 5 0 0 1 0 0 0 0 0 35 0 0 0 0 0 28 1 0 5
0 14 0 0 0 0 0 0 0 0 0 0 0 6 0 0 0 57 0 0 0 0 45 0 0 0 0 0 0 36 0 0 0 0 0 0 0 0 0 0 0
0 5 0 0 0 0 0 0 0 0 0 0 0 3 0 0 0 38 0 0 0 0 37 0 0 0 0 0 0 14 0 13 0 0 0 0 0 9 0 0 0
0 0 15 5 0 0 0 0 0 0 0 0 0 0 0 0 0 0 0 0 0 0 0 0 0 0 5 0 1 0 0 13 6 0 27 36 0 7 0 36 0
0 10 0 0 0 0 0 0 0 0 0 0 0 5 0 0 0 56 0 0 0 0 50 0 0 0 0 0 0 22 0 4 0 0 0 0 0 2 0 0 0
0 0 0 0 0 0 0 0 0 0 0 0 0 1 0 0 0 14 0 0 0 0 17 0 0 0 0 0 0 3 0 15 0 0 0 0 0 13 0 0 0
0 0 0 0 0 0 0 0 1 0 0 0 0 0 0 0 0 9 0 0 0 0 15 0 0 0 0 0 0 0 0 29 0 0 0 0 0 24 1 0 2
0 0 9 4 0 0 0 0 0 2 0 0 0 0 0 0 0 0 0 0 0 0 0 0 0 0 2 0 0 0 0 36 0 0 10 4 0 29 0 0 6
0 0 0 0 0 0 0 0 2 0 1 0 0 0 0 0 0 6 0 0 0 0 13 0 0 1 0 0 0 0 0 35 0 0 0 0 0 29 2 0 3
0 0 15 5 0 0 0 0 0 0 0 0 0 0 0 0 0 0 0 0 0 0 0 0 0 0 5 0 1 0 0 24 4 0 22 25 0 16 0 24 2
0 0 8 3 0 0 0 0 0 2 0 0 0 0 0 0 0 0 0 0 0 0 0 0 0 0 3 0 1 0 0 31 0 0 13 9 0 24 0 5 5
0 0 0 0 0 0 0 0 1 0 0 0 0 1 0 0 0 20 0 0 0 0 24 0 0 0 0 0 0 2 0 27 0 0 0 0 0 21 1 0 0
0 0 8 3 0 0 0 0 0 0 0 0 0 0 0 0 0 0 0 0 0 0 0 0 0 0 0 0 0 0 0 0 8 0 29 40 0 0 0 46 0
0 9 0 0 0 0 0 0 0 0 0 0 0 5 0 0 0 43 0 0 0 0 35 0 0 0 0 0 0 24 0 0 0 0 0 0 0 0 0 0 0
0 0 10 5 0 0 0 0 0 0 0 0 0 0 0 0 0 0 0 0 0 0 0 0 0 0 4 0 2 0 0 16 5 0 30 33 0 10 0 33 1
0 0 8 3 0 0 0 0 0 0 0 0 0 0 0 0 0 0 0 0 0 0 0 0 0 0 0 0 0 0 0 0 8 0 27 38 0 0 0 43 0
0 0 17 3 0 0 0 0 0 0 0 0 0 0 0 0 0 0 0 0 0 0 0 0 0 0 3 0 0 0 0 0 6 0 20 34 0 0 0 36 0
0 0 5 1 0 0 0 0 1 1 0 0 0 0 0 0 0 0 0 0 0 0 0 0 0 0 0 0 0 0 0 26 0 0 0 0 0 21 0 0 3
0 3 0 0 0 0 0 0 0 0 0 0 0 2 0 0 0 25 0 0 0 0 24 0 0 0 0 0 0 10 0 8 0 0 0 0 0 6 0 0 0
0 0 11 4 0 0 0 0 0 1 0 0 0 0 0 0 0 0 0 0 0 0 0 0 0 0 4 0 1 0 0 26 2 0 17 17 0 19 0 15 3
0 0 19 4 0 0 0 0 0 0 0 0 0 0 0 0 0 0 0 0 0 0 0 0 0 0 4 0 1 0 0 12 6 0 24 35 0 6 0 36 0
0 8 3 0 0 0 0 0 0 0 0 0 0 5 0 0 0 38 0 0 0 0 31 0 0 0 0 0 0 28 0 0 0 0 0 0 0 0 0 0 0
0 1 0 0 0 0 0 0 0 0 0 0 0 1 0 0 0 21 0 0 0 0 25 0 0 0 0 0 0 4 0 23 0 0 0 0 0 18 1 0 0
0 0 9 3 0 0 0 0 0 0 0 0 0 0 0 0 0 0 0 0 0 0 0 0 0 0 1 0 0 0 0 0 7 0 27 37 0 0 0 43 0
0 13 0 0 0 0 0 0 0 0 0 0 0 6 0 0 0 61 0 0 0 0 50 0 0 0 0 0 0 31 0 0 0 0 0 0 0 0 0 0 0
0 0 18 1 0 0 0 0 0 0 0 0 0 0 0 0 0 0 0 0 0 0 0 0 0 0 0 0 0 13 0 0 8 0 15 33 0 0 0 38 0
0 0 5 2 0 0 0 0 1 3 0 0 0 0 0 0 0 0 0 0 0 0 0 0 0 0 1 0 0 0 0 37 0 0 4 0 0 30 0 0 6
0 0 14 5 0 0 0 0 0 0 0 0 0 0 0 0 0 0 0 0 0 0 0 0 0 0 4 0 1 0 0 7 7 0 28 36 0 2 0 38 0
0 0 0 0 0 0 0 0 0 0 0 0 0 1 0 0 0 13 0 0 0 0 16 0 0 0 0 0 0 2 0 17 0 0 0 0 0 13 0 0 0
0 8 0 0 0 0 0 0 0 0 0 0 0 4 0 0 0 36 0 0 0 0 29 0 0 0 0 0 0 23 0 0 0 0 0 0 0 0 0 0 0
0 0 19 0 0 0 0 0 0 0 0 0 0 0 0 0 0 0 0 0 0 0 0 0 0 0 0 0 0 18 0 0 7 0 12 31 0 0 0 37 0
0 0 13 5 0 0 0 0 0 0 0 0 0 0 0 0 0 0 0 0 0 0 0 0 0 0 4 0 1 0 0 9 6 0 28 36 0 3 0 38 0
0 2 13 0 0 0 0 0 0 0 0 0 0 2 0 0 0 15 0 0 0 0 14 0 0 0 0 0 0 23 0 0 1 0 0 9 0 0 0 11 0
0 16 0 0 0 0 0 0 0 0 0 0 0 7 0 0 0 71 0 0 0 0 60 0 0 0 0 0 0 34 0 0 0 0 0 0 0 0 0 0 0
0 0 6 3 0 0 0 0 0 1 0 0 0 0 0 0 0 0 0 0 0 0 0 0 0 0 2 0 0 0 0 32 0 0 6 2 0 25 0 0 4
0 0 12 4 0 0 0 0 0 1 0 0 0 0 0 0 0 0 0 0 0 0 0 0 0 0 3 0 1 0 0 31 1 0 15 13 0 25 0 9 5
0 21 0 0 0 0 0 0 0 0 0 0 0 8 0 0 0 85 0 0 0 0 67 0 0 0 0 0 0 46 0 0 0 0 0 0 0 0 0 0 0
0 0 16 5 0 0 0 0 0 0 0 0 0 0 0 0 0 0 0 0 0 0 0 0 0 0 5 0 2 0 0 27 3 0 25 27 0 19 0 24 3
0 0 11 4 0 0 0 0 0 0 0 0 0 0 0 0 0 0 0 0 0 0 0 0 0 0 3 0 1 0 0 7 7 0 30 37 0 1 0 40 0
0 0 8 4 0 0 0 0 0 0 0 0 0 0 0 0 0 0 0 0 0 0 0 0 0 0 2 0 0 0 0 0 7 0 30 37 0 0 0 41 0
0 0 15 5 0 0 0 0 0 0 0 0 0 0 0 0 0 0 0 0 0 0 0 0 0 0 5 0 2 0 0 20 5 0 28 32 0 13 0 31 1
0 0 21 0 0 0 0 0 0 0 0 0 0 1 0 0 0 0 0 0 0 0 6 0 0 0 0 0 0 25 0 0 6 0 5 25 0 0 0 31 0
0 9 0 0 0 0 0 0 0 0 0 0 0 4 0 0 0 46 0 0 0 0 38 0 0 0 0 0 0 23 0 0 0 0 0 0 0 0 0 0 0
0 10 0 0 0 0 0 0 0 0 0 0 0 5 0 0 0 45 0 0 0 0 36 0 0 0 0 0 0 26 0 0 0 0 0 0 0 0 0 0 0
0 0 11 4 0 0 0 0 0 0 0 0 0 0 0 0 0 0 0 0 0 0 0 0 0 0 3 0 0 0 0 0 7 0 27 36 0 0 0 40 0
0 0 14 4 0 0 0 0 0 0 0 0 0 0 0 0 0 0 0 0 0 0 0 0 0 0 4 0 1 0 0 23 3 0 22 24 0 15 0 23 3
0 0 12 3 0 0 0 0 0 0 0 0 0 0 0 0 0 0 0 0 0 0 0 0 0 0 1 0 0 3 0 0 8 0 24 37 0 0 0 43 0
0 0 15 5 0 0 0 0 0 0 0 0 0 0 0 0 0 0 0 0 0 0 0 0 0 0 5 0 1 0 0 12 7 0 29 37 0 6 0 39 1
0 0 14 5 0 0 0 0 0 0 0 0 0 0 0 0 0 0 0 0 0 0 0 0 0 0 5 0 2 0 0 15 6 0 28 35 0 8 0 36 1
0 0 15 5 0 0 0 0 0 0 0 0 0 0 0 0 0 0 0 0 0 0 0 0 0 0 5 0 2 0 0 24 4 0 26 30 0 16 0 28 2
0 4 0 0 0 0 0 0 0 0 0 0 0 3 0 0 0 26 0 0 0 0 24 0 0 0 0 0 0 14 0 0 0 0 0 0 0 0 0 0 0
0 23 0 0 0 0 0 0 0 0 0 0 0 10 0 0 0 94 0 0 0 0 74 0 0 0 0 0 0 54 0 0 0 0 0 0 0 0 0 0 0
0 0 5 4 0 0 0 0 0 0 0 0 0 0 0 0 0 0 0 0 0 0 0 0 0 0 1 0 0 0 0 0 8 0 32 40 0 0 0 46 0
0 0 15 5 0 0 0 0 0 0 0 0 0 0 0 0 0 0 0 0 0 0 0 0 0 0 5 0 2 0 0 26 4 0 26 28 0 18 0 26 2
0 0 8 2 0 0 0 0 0 1 0 0 0 0 0 0 0 0 0 0 0 0 0 0 0 0 2 0 0 0 0 21 1 0 9 10 0 15 0 8 2
0 5 0 0 0 0 0 0 0 0 0 0 0 3 0 0 0 30 0 0 0 0 27 0 0 0 0 0 0 14 0 2 0 0 0 0 0 1 0 0 0
0 4 16 0 0 0 0 0 0 0 0 0 0 4 0 0 0 27 0 0 0 0 26 0 0 0 0 0 0 38 0 0 1 0 0 5 0 0 0 10 0
0 0 18 4 0 0 0 0 0 0 0 0 0 0 0 0 0 0 0 0 0 0 0 0 0 0 4 0 1 0 0 10 6 0 24 35 0 4 0 36 0
1 0 16 6 0 0 0 0 0 0 0 0 0 0 0 0 0 0 0 0 0 0 0 0 0 0 5 0 2 0 0 28 2 0 26 26 0 21 0 21 3
0 0 18 1 0 0 0 0 0 0 0 0 0 0 0 0 0 0 0 0 0 0 0 0 0 0 0 0 0 17 0 0 8 0 13 31 0 0 0 38 0
0 0 14 5 0 0 0 0 0 0 0 0 0 0 0 0 0 0 0 0 0 0 0 0 0 0 5 0 2 0 0 21 4 0 28 31 0 14 0 29 2
0 0 18 2 0 0 0 0 0 0 0 0 0 0 0 0 0 0 0 0 0 0 0 0 0 0 1 0 0 7 0 0 7 0 18 33 0 0 0 37 0
0 0 12 3 0 0 0 0 0 0 0 0 0 0 0 0 0 0 0 0 0 0 0 0 0 0 3 0 0 0 0 21 3 0 15 18 0 15 0 16 2
0 0 10 5 0 0 0 0 0 0 0 0 0 0 0 0 0 0 0 0 0 0 0 0 0 0 4 0 1 0 0 9 6 0 31 38 0 2 0 40 0
0 0 13 3 0 0 0 0 0 0 0 0 0 0 0 0 0 0 0 0 0 0 0 0 0 0 3 0 1 0 0 21 2 0 12 16 0 16 0 14 2
0 0 19 0 0 0 0 0 0 0 0 0 0 2 0 0 0 8 0 0 0 0 11 0 0 0 0 0 0 28 0 0 4 0 0 19 0 0 0 24 0
0 5 7 0 0 0 0 0 0 0 0 0 0 3 0 0 0 25 0 0 0 0 22 0 0 0 0 0 0 24 0 0 0 0 0 0 0 0 0 0 0
0 0 0 0 0 0 0 0 1 0 1 0 0 0 0 0 0 6 0 0 0 0 12 0 0 0 0 0 0 0 0 30 0 0 0 0 0 24 1 0 3
0 0 11 4 0 0 0 0 0 1 0 0 0 0 0 0 0 0 0 0 0 0 0 0 0 0 3 0 1 0 0 33 1 0 13 10 0 25 0 5 5
0 0 3 0 0 0 0 0 1 1 0 0 0 0 0 0 0 0 0 0 0 0 3 0 0 0 0 0 0 0 0 27 0 0 0 0 0 21 0 0 3
0 0 0 0 0 0 0 0 2 0 1 0 0 0 0 0 0 1 0 0 0 0 10 0 0 1 0 0 0 0 0 39 0 0 0 0 0 32 2 0 5
0 0 14 5 0 0 0 0 0 0 0 0 0 0 0 0 0 0 0 0 0 0 0 0 0 0 4 0 1 0 0 8 6 0 27 36 0 3 0 37 0
0 0 11 4 0 0 0 0 0 0 0 0 0 0 0 0 0 0 0 0 0 0 0 0 0 0 3 1 1 0 0 3 7 0 29 38 0 0 0 42 0
0 0 5 3 0 0 0 0 0 2 0 0 0 0 0 0 0 0 0 0 0 0 0 0 0 0 2 0 0 0 0 36 0 0 6 0 0 30 0 0 6
0 0 16 2 0 0 0 0 0 0 0 0 0 0 0 0 0 0 0 0 0 0 0 0 0 0 2 0 0 3 0 0 5 0 12 23 0 0 0 25 0
2 0 0 0 0 0 0 0 3 1 2 0 0 0 0 0 0 6 0 0 0 0 18 0 0 2 0 0 0 0 0 56 0 1 0 0 0 46 3 0 7
0 0 0 0 0 0 0 0 1 0 0 0 0 1 0 0 0 16 0 0 0 0 20 0 0 0 0 0 0 0 0 24 0 0 0 0 0 20 1 0 1
0 0 0 0 0 0 0 0 2 1 1 0 0 0 0 0 0 0 0 0 0 0 9 0 0 1 0 0 0 0 0 42 0 0 0 0 0 35 2 0 6
0 0 10 5 0 0 0 0 0 0 0 0 0 0 0 0 0 0 0 0 0 0 0 0 0 0 4 0 1 0 0 11 6 0 31 37 0 4 0 38 1
0 0 15 6 0 0 0 0 0 0 0 0 0 0 0 0 0 0 0 0 0 0 0 0 0 0 5 0 2 0 0 19 5 0 29 34 0 12 0 34 1
0 0 11 5 0 0 0 0 0 0 0 0 0 0 0 0 0 0 0 0 0 0 0 0 0 0 4 0 1 0 0 11 6 0 32 38 0 5 0 39 0
0 0 0 0 0 0 0 0 1 1 1 0 0 0 0 0 0 0 0 0 0 0 7 0 0 1 0 0 0 0 0 36 0 0 0 0 0 30 1 0 5
0 0 11 4 0 0 0 0 0 0 0 0 0 0 0 0 0 0 0 0 0 0 0 0 0 0 3 0 1 0 0 6 7 0 29 37 0 0 0 39 0
0 0 15 6 0 0 0 0 0 0 0 0 0 0 0 0 0 0 0 0 0 0 0 0 0 0 5 0 2 0 0 26 3 0 26 29 0 19 0 26 3
0 6 0 0 0 0 0 0 0 0 0 0 0 3 0 0 0 40 0 0 0 0 36 0 0 0 0 0 0 16 0 5 0 0 0 0 0 3 0 0 0
0 0 17 1 0 0 0 0 0 0 0 0 0 0 0 0 0 0 0 0 0 0 0 0 0 0 1 0 0 8 0 0 6 0 13 27 0 0 0 30 0
0 16 0 0 0 0 0 0 0 0 0 0 0 8 0 0 0 68 0 0 0 0 53 0 0 0 0 0 0 40 0 0 0 0 0 0 0 0 0 0 0
0 0 10 4 0 0 0 0 0 2 0 0 0 0 0 0 0 0 0 0 0 0 0 0 0 0 3 0 1 0 0 36 0 0 12 6 0 29 0 0 6
