10 0 35 10 0 0 0 0 0 0 0 0 0 0 0 0 0 0 0 0 0 0 0 0 0 0 0 0 4 0 0 44 0 0 73 55 0 0 0 67 6
0 0 39 2 0 0 0 0 0 0 0 0 0 0 0 0 0 0 0 0 0 0 20 0 0 0 0 3 0 0 0 52 0 0 20 50 0 4 0 46 5
0 0 23 0 0 0 0 0 0 0 0 0 0 0 0 0 0 0 0 0 0 0 8 0 0 0 0 2 0 0 0 39 0 0 46 64 0 5 0 55 6
0 0 17 0 0 0 0 0 0 0 0 0 0 0 0 0 0 0 0 0 0 0 12 0 0 0 0 1 0 4 0 34 0 0 40 70 0 11 0 45 5
0 0 36 0 0 0 0 0 0 0 0 0 1 0 0 0 0 0 0 0 0 0 24 0 0 0 0 3 0 0 0 51 0 0 9 48 0 7 0 38 4
0 0 11 0 0 0 0 0 0 0 0 0 0 0 0 0 0 0 0 0 0 0 5 0 0 0 0 1 0 2 0 27 0 0 48 65 0 6 0 46 6
2 0 17 0 0 0 0 0 0 0 0 0 0 0 0 0 0 0 0 0 0 0 0 0 0 0 1 1 2 0 0 31 0 0 60 61 0 0 0 56 5
15 1 0 5 7 2 15 4 2 2 7 0 6 10 11 18 13 1 5 4 4 24 0 0 18 66 0 0 0 0 0 0 16 2 0 0 8 0 12 0 0
0 0 32 0 0 0 0 0 0 0 0 0 0 0 0 0 0 0 0 0 0 0 22 0 0 0 0 2 0 1 0 48 0 0 16 54 0 10 0 38 3
3 0 12 11 4 0 0 0 0 0 4 0 5 0 3 0 4 0 0 1 1 4 12 0 13 29 0 2 0 0 0 0 5 3 0 0 2 0 0 0 0
0 0 34 0 0 0 0 0 0 0 0 0 0 0 0 0 0 0 0 0 0 0 22 0 0 0 0 3 0 0 0 50 0 0 16 52 0 7 0 41 5
4 0 20 0 0 0 0 0 0 0 0 0 0 0 0 0 0 0 0 0 0 0 0 1 0 0 0 1 2 0 0 32 0 0 57 58 0 0 0 60 6
11 3 0 6 11 3 20 6 4 4 11 2 12 13 18 26 23 1 9 6 6 37 0 0 27 106 0 0 0 1 2 0 29 4 0 0 15 0 18 0 0
0 0 26 0 0 0 0 0 0 0 0 0 0 0 0 0 0 0 0 0 0 0 14 0 0 0 0 3 0 1 0 42 0 0 34 62 0 7 0 50 6
0 0 6 2 0 0 0 0 0 0 0 0 0 1 0 0 0 0 0 0 0 0 0 0 0 0 3 0 1 1 0 23 0 0 55 61 0 5 0 40 1
0 0 14 0 0 0 0 0 0 0 0 0 0 0 0 0 0 0 0 0 0 0 8 0 0 0 0 2 0 3 0 31 0 0 44 66 0 8 0 46 6
0 0 10 0 0 0 0 0 0 0 0 0 0 0 0 0 0 0 0 0 0 0 8 0 0 0 0 1 0 4 0 27 0 0 42 67 0 10 0 42 4
9 0 30 6 0 0 0 0 0 0 0 0 0 0 0 0 0 0 0 0 0 0 0 0 0 0 0 0 4 0 0 40 0 0 72 57 0 0 0 66 6
6 0 29 6 0 0 0 0 0 0 0 0 0 0 0 0 0 0 0 0 0 0 0 0 0 0 0 0 4 0 0 40 0 0 69 59 0 0 0 65 6
0 0 38 14 4 0 0 0 0 0 0 0 5 0 0 0 0 0 0 0 0 0 31 0 10 13 0 0 0 0 0 30 1 4 0 0 0 1 0 0 0
0 0 35 0 0 0 0 0 0 0 0 0 0 0 0 0 0 0 0 0 0 0 17 0 0 0 0 3 0 0 0 50 0 0 27 55 0 4 0 50 5
0 0 5 0 0 0 0 0 0 0 0 0 0 0 0 0 0 0 0 0 0 0 5 0 0 0 1 0 0 4 0 21 0 0 45 64 0 8 0 38 4
19 0 17 12 0 0 0 0 0 0 0 0 0 0 0 0 0 0 0 0 0 0 0 0 3 2 0 0 3 0 0 13 0 0 17 0 0 0 0 6 0
2 4 0 3 16 2 18 7 5 3 9 0 20 11 21 23 21 4 7 8 7 36 0 0 28 100 0 4 0 1 2 0 25 4 0 0 18 0 15 0 0
0 0 7 0 0 0 0 0 0 0 0 0 0 0 0 0 0 0 0 0 0 0 0 0 0 0 2 0 1 2 0 22 0 0 52 60 0 4 0 41 2
0 0 34 3 0 0 0 0 0 0 0 0 0 0 0 0 0 0 0 0 0 0 8 0 0 0 0 0 1 0 0 45 0 0 47 58 0 1 0 59 5
13 5 0 0 20 9 43 12 8 6 21 2 27 27 29 43 41 1 11 11 13 59 0 0 35 147 0 9 0 1 2 0 50 3 0 0 24 0 37 0 0
0 0 16 0 0 0 0 0 0 0 0 0 0 0 0 0 0 0 0 0 0 0 0 0 0 0 1 0 2 0 0 31 0 0 60 65 0 2 0 55 4
0 0 10 0 0 0 0 0 0 0 0 0 0 0 0 0 0 0 0 0 0 0 1 0 0 0 1 1 1 1 0 25 0 0 53 63 0 4 0 48 5
0 0 49 15 0 0 0 0 0 0 0 0 0 0 0 0 0 0 0 0 0 0 20 0 2 0 0 0 0 0 0 50 0 0 4 17 0 0 0 32 0
5 0 24 3 0 0 0 0 0 0 0 0 0 0 0 0 0 0 0 0 0 0 0 1 0 0 1 0 4 0 0 35 0 0 68 60 0 0 0 66 6
6 0 24 3 0 0 0 0 0 0 0 0 0 0 0 0 0 0 0 0 0 0 0 0 0 0 0 0 3 0 0 34 0 0 65 56 0 0 0 63 5
0 0 27 0 0 0 0 0 0 0 0 0 0 0 0 0 0 0 0 0 0 0 20 0 0 0 0 4 0 2 0 43 0 0 21 60 0 10 0 42 5
0 0 30 0 0 0 0 0 0 0 0 0 0 0 0 0 0 0 0 0 0 0 7 0 0 0 0 2 1 0 0 41 0 0 46 57 0 1 0 58 6
17 0 0 12 1 0 6 1 0 0 4 0 0 3 2 6 5 0 3 1 1 9 0 0 12 37 0 0 2 0 0 0 8 2 0 0 3 0 4 0 0
0 0 15 0 0 0 0 0 0 0 0 0 0 0 0 0 0 0 0 0 0 0 9 0 0 0 0 0 0 3 0 32 0 0 41 67 0 10 0 42 3
5 0 22 0 0 0 0 0 0 0 0 0 0 0 0 0 0 0 0 0 0 0 0 0 0 0 0 1 3 0 0 33 0 0 61 59 0 0 0 63 6
4 0 20 1 0 0 0 0 0 0 0 0 0 0 0 0 0 0 0 0 0 0 0 0 0 0 1 0 3 0 0 33 0 0 66 59 0 0 0 59 5
5 0 25 2 0 0 0 0 0 0 0 0 0 0 0 0 0 0 0 0 0 0 0 0 0 0 1 0 3 0 0 36 0 0 64 59 0 0 0 64 5
2 6 0 0 23 6 34 11 9 5 14 2 32 22 32 40 33 4 10 11 12 57 0 0 37 145 0 6 0 2 4 0 41 3 0 0 27 0 28 0 0
0 0 35 0 0 0 0 0 0 0 0 0 0 0 0 0 0 0 0 0 0 0 24 0 0 0 0 3 0 0 0 51 0 0 11 50 0 9 0 39 4
12 6 0 0 21 6 38 12 8 6 18 3 25 26 29 43 40 1 12 10 11 61 0 0 36 155 0 4 0 3 4 0 49 3 0 0 25 0 34 0 0
0 0 23 0 0 0 0 0 0 0 0 0 0 0 0 0 0 0 0 0 0 0 18 0 0 0 0 2 0 3 0 41 0 0 27 66 0 13 0 41 2
0 0 31 0 0 0 0 0 0 0 0 0 0 0 0 0 0 0 0 0 0 0 19 0 0 0 0 3 0 0 0 46 0 0 21 55 0 7 0 43 5
0 0 43 7 0 0 0 0 0 0 0 0 0 0 0 0 0 0 0 0 0 0 15 0 0 0 0 2 0 0 0 46 0 0 23 40 0 0 0 47 4
0 0 33 0 0 0 0 0 0 0 0 0 0 0 0 0 0 0 0 0 0 0 19 0 0 0 0 2 0 0 0 48 0 0 25 58 0 8 0 46 4
0 0 35 1 0 0 0 0 0 0 0 0 0 0 0 0 0 0 0 0 0 0 12 1 0 0 0 3 0 0 0 44 0 0 33 51 0 1 0 55 6
0 0 35 12 1 0 0 0 0 0 0 0 0 0 0 0 0 0 0 0 0 0 17 0 5 0 0 1 0 0 0 29 0 1 0 0 0 0 0 5 0
0 0 46 6 0 0 0 0 0 0 0 0 0 0 0 0 0 0 0 0 0 0 23 0 0 0 0 1 0 0 0 58 0 0 15 45 0 4 0 47 3
0 0 24 0 0 0 0 0 0 0 0 0 0 0 0 0 0 0 0 0 0 0 14 0 0 0 0 3 0 1 0 40 0 0 32 61 0 7 0 48 6
0 0 17 0 0 0 0 0 0 0 0 0 0 0 0 0 0 0 0 0 0 0 8 0 0 0 1 3 0 1 0 35 0 0 48 68 0 6 0 54 6
4 0 18 0 0 0 0 0 0 0 0 0 0 0 0 0 0 0 0 0 0 0 0 0 0 0 1 0 3 0 0 30 0 0 63 57 0 0 0 59 5
17 0 17 12 0 0 0 0 0 0 0 0 0 0 0 0 0 0 0 0 0 0 0 0 4 3 0 0 3 0 0 13 0 0 13 0 0 0 0 5 0
0 0 34 0 0 0 0 0 0 0 0 0 0 0 0 0 0 0 0 0 0 0 23 0 0 0 0 2 0 0 0 49 0 0 14 53 0 10 0 40 3
9 0 31 6 0 0 0 0 0 0 0 0 0 0 0 0 0 0 0 0 0 0 0 0 0 0 0 0 4 0 0 38 0 0 66 53 0 0 0 67 6
15 0 0 8 1 0 5 1 0 0 5 0 0 1 3 2 7 0 1 3 2 8 0 0 12 33 0 2 0 0 0 0 8 1 0 0 2 0 4 0 0
0 0 18 0 0 0 0 0 0 0 0 0 0 0 0 0 0 0 0 0 0 0 4 0 0 0 1 1 1 0 0 34 0 0 55 67 0 5 0 55 6
10 0 34 14 0 0 0 0 0 0 0 0 0 0 0 0 0 0 0 0 0 0 0 0 0 0 0 0 5 0 0 44 0 0 72 49 0 0 0 59 5
1 0 17 2 0 0 0 0 0 0 0 0 0 0 0 0 0 0 0 0 0 0 0 0 0 0 2 0 4 0 0 31 0 0 66 61 0 0 0 57 4
3 0 17 0 0 0 0 0 0 0 0 0 0 0 0 0 0 0 0 0 0 0 0 1 0 0 1 1 3 0 0 30 0 0 60 60 0 0 0 61 6
0 0 15 4 0 0 0 0 0 0 0 0 0 0 0 0 0 0 0 0 0 0 0 0 0 0 3 0 3 0 0 31 0 0 65 62 0 1 0 52 2
0 0 15 0 0 0 0 0 0 0 0 0 0 0 0 0 0 0 0 0 0 0 2 0 0 0 0 0 1 1 0 29 0 0 52 60 0 2 0 50 4
3 0 19 5 0 0 0 0 0 0 0 0 0 0 0 0 0 0 0 0 0 0 0 0 0 0 2 0 4 0 0 34 0 0 67 57 0 0 0 56 4
0 0 35 0 0 0 0 0 0 0 0 0 0 0 0 0 0 0 0 0 0 0 21 0 0 0 0 2 0 0 0 49 0 0 19 54 0 8 0 41 3
0 0 19 0 0 0 0 0 0 0 0 0 0 0 0 0 0 0 0 0 0 0 4 0 0 0 0 2 1 0 0 34 0 0 52 63 0 3 0 56 6
17 0 0 7 3 1 9 2 1 0 4 0 0 5 5 9 8 0 3 3 2 13 0 0 13 41 0 0 1 0 0 0 9 1 0 0 5 0 7 0 0
0 0 18 7 0 0 0 0 0 0 0 0 0 0 0 0 0 0 0 0 0 0 0 0 0 0 2 0 4 0 0 35 0 0 68 61 0 1 0 53 3
0 0 32 3 0 0 0 0 0 0 0 0 0 0 0 0 0 0 0 0 0 0 7 0 0 0 0 0 1 0 0 43 0 0 54 64 0 3 0 62 5
1 0 20 1 0 0 0 0 0 0 0 0 0 0 0 0 0 0 0 0 0 0 0 0 0 0 1 0 3 0 0 33 0 0 64 60 0 0 0 61 5
0 0 33 1 0 0 0 0 0 0 0 0 0 0 0 0 0 0 0 0 0 0 10 1 0 0 0 3 0 0 0 43 0 0 38 53 0 1 0 56 6
4 1 0 5 10 1 12 3 3 1 8 0 13 5 12 11 12 2 3 5 5 22 1 0 21 68 0 4 0 0 0 0 15 3 0 0 11 0 7 0 0
0 0 18 0 0 0 0 0 0 0 0 0 0 0 0 0 0 0 0 0 0 0 16 0 0 0 0 2 0 3 0 36 0 0 30 66 0 13 0 41 4
0 0 15 0 0 0 0 0 0 0 0 0 0 0 0 0 0 0 0 0 0 0 4 0 0 0 0 1 0 1 0 32 0 0 52 66 0 5 0 52 5
4 0 22 4 0 0 0 0 0 0 0 0 0 0 0 0 0 0 0 0 0 0 0 0 0 0 1 0 4 0 0 36 0 0 70 61 0 0 0 61 4
0 0 11 0 0 0 0 0 0 0 0 0 0 0 0 0 0 0 0 0 0 0 0 0 0 0 2 0 2 0 0 27 0 0 61 64 0 2 0 52 4
0 0 44 6 0 0 0 0 0 0 0 0 0 0 0 0 0 0 0 0 0 0 27 0 0 0 0 1 0 0 0 53 0 0 0 29 0 5 0 30 2
0 0 43 2 0 0 0 0 0 0 0 0 1 0 0 0 0 0 0 0 0 0 26 0 0 0 0 3 0 0 0 57 0 0 5 42 0 6 0 39 4
0 0 44 3 0 0 0 0 0 0 0 0 1 0 0 0 0 0 0 0 0 0 29 0 0 0 0 2 0 0 0 58 0 0 3 45 0 8 0 37 3
0 0 41 3 0 0 0 0 0 0 0 0 0 0 0 0 0 0 0 0 0 0 24 0 0 0 0 1 0 0 0 55 0 0 9 44 0 6 0 39 2
15 0 13 12 0 0 0 0 0 0 1 0 0 0 0 0 2 0 0 1 0 0 0 0 9 14 0 0 2 0 0 2 3 0 0 0 0 0 0 0 0
3 0 29 1 0 0 0 0 0 0 0 0 0 0 0 0 0 0 0 0 0 0 4 1 0 0 0 2 2 0 0 37 0 0 47 52 0 0 0 60 6
0 0 8 1 0 0 0 0 0 0 0 0 0 0 0 0 0 0 0 0 0 0 1 0 0 0 2 0 1 2 0 23 0 0 54 62 0 5 0 42 2
3 0 16 0 0 0 0 0 0 0 0 0 0 0 0 0 0 0 0 0 0 0 0 0 0 0 1 0 3 0 0 28 0 0 59 57 0 0 0 55 4
3 0 25 0 0 0 0 0 0 0 0 0 0 0 0 0 0 0 0 0 0 0 3 0 0 0 0 1 1 0 0 37 0 0 56 61 0 1 0 61 6
0 0 12 0 0 0 0 0 0 0 0 0 0 0 0 0 0 0 0 0 0 0 2 0 0 0 1 1 1 1 0 26 0 0 53 63 0 4 0 50 5
16 0 11 12 0 0 0 0 0 0 2 0 0 0 0 0 1 0 1 1 0 0 0 0 9 16 0 0 1 0 0 0 3 0 0 0 0 0 0 0 0
5 0 23 0 0 0 0 0 0 0 0 0 0 0 0 0 0 0 0 0 0 0 0 0 0 0 0 0 3 0 0 35 0 0 65 63 0 0 0 65 6
0 0 12 0 0 0 0 0 0 0 0 0 0 0 0 0 0 0 0 0 0 0 6 0 0 0 0 0 0 3 0 27 0 0 46 66 0 8 0 44 4
2 0 19 0 0 0 0 0 0 0 0 0 0 0 0 0 0 0 0 0 0 0 1 0 0 0 1 0 2 0 0 34 0 0 60 64 0 2 0 58 5
1 0 23 0 0 0 0 0 0 0 0 0 0 0 0 0 0 0 0 0 0 0 3 0 0 0 0 1 2 0 0 37 0 0 57 65 0 2 0 61 5
4 0 21 0 0 0 0 0 0 0 0 0 0 0 0 0 0 0 0 0 0 0 0 0 0 0 0 0 3 0 0 33 0 0 59 59 0 0 0 61 6
7 0 27 3 0 0 0 0 0 0 0 0 0 0 0 0 0 0 0 0 0 0 0 1 0 0 0 1 3 0 0 35 0 0 60 55 0 0 0 66 6
6 0 5 10 4 0 2 0 0 0 4 0 5 0 3 0 5 0 0 2 1 6 7 0 13 32 0 3 0 0 0 0 6 3 0 0 3 0 0 0 0
0 0 24 0 0 0 0 0 0 0 0 0 0 0 0 0 0 0 0 0 0 0 12 0 0 0 0 2 0 0 0 42 0 0 38 64 0 7 0 49 5
0 0 54 5 2 0 0 0 0 0 0 0 3 0 0 0 0 0 0 0 0 0 43 0 0 0 0 1 0 0 0 69 0 2 0 32 0 13 0 29 1
0 5 0 0 21 3 25 9 7 5 10 1 30 15 28 32 29 4 8 9 9 49 0 0 35 132 0 6 0 2 3 0 35 4 0 0 24 0 20 0 0
0 0 36 0 0 0 0 0 0 0 0 0 0 0 0 0 0 0 0 0 0 0 19 0 0 0 0 3 0 0 0 49 0 0 21 53 0 5 0 45 5
0 0 11 0 0 0 0 0 0 0 0 0 0 0 0 0 0 0 0 0 0 0 3 0 0 0 1 1 1 2 0 26 0 0 53 65 0 5 0 48 5
4 5 0 0 20 5 32 11 7 4 13 1 29 20 28 37 30 4 9 10 10 52 0 0 33 130 0 7 0 1 2 0 37 2 0 0 24 0 26 0 0
0 0 2 0 0 0 0 0 0 0 0 0 0 1 0 1 0 0 0 0 0 0 4 0 0 0 1 0 0 5 0 19 0 0 46 66 0 10 0 34 2
0 0 8 0 0 0 0 0 0 0 0 0 0 0 0 0 0 0 0 0 0 0 0 0 0 0 1 1 1 2 0 23 0 0 53 60 0 3 0 45 4
0 0 11 0 0 0 0 0 0 0 0 0 0 0 0 0 0 0 0 0 0 0 8 0 0 0 1 0 0 4 0 27 0 0 43 69 0 11 0 42 4
0 0 24 0 0 0 0 0 0 0 0 0 0 0 0 0 0 0 0 0 0 0 9 0 0 0 0 2 0 0 0 39 0 0 42 61 0 4 0 52 5
4 0 24 2 0 0 0 0 0 0 0 0 0 0 0 0 0 0 0 0 0 0 0 1 0 0 1 0 4 0 0 35 0 0 67 61 0 0 0 66 5
7 1 0 7 8 1 10 3 3 1 8 0 10 5 10 11 12 1 4 6 4 19 0 0 20 62 0 2 0 0 0 0 14 4 0 0 10 0 7 0 0
6 0 29 3 0 0 0 0 0 0 0 0 0 0 0 0 0 0 0 0 0 0 0 1 0 0 0 0 3 0 0 38 0 0 61 56 0 0 0 66 6
0 0 12 0 0 0 0 0 0 0 0 0 0 0 0 0 0 0 0 0 0 0 7 0 0 0 0 0 0 4 0 26 0 0 46 70 0 9 0 44 4
0 0 27 0 0 0 0 0 0 0 0 0 0 0 0 0 0 0 0 0 0 0 24 0 0 0 0 2 0 3 0 47 0 0 18 63 0 15 0 37 1
0 0 13 0 0 0 0 0 0 0 0 0 0 0 0 0 0 0 0 0 0 0 5 0 0 0 0 1 0 2 0 28 0 0 50 67 0 6 0 50 5
0 0 22 0 0 0 0 0 0 0 0 0 0 0 0 0 0 0 0 0 0 0 1 0 0 0 1 0 2 0 0 37 0 0 59 63 0 1 0 58 5
4 0 19 0 0 0 0 0 0 0 0 0 0 0 0 0 0 0 0 0 0 0 0 1 0 0 0 1 3 0 0 31 0 0 61 60 0 0 0 62 6
14 5 0 0 16 6 34 9 7 6 18 2 17 22 23 37 37 0 12 9 11 52 0 0 33 140 0 2 0 3 3 0 46 4 0 0 21 0 32 0 0
9 0 32 10 0 0 0 0 0 0 0 0 0 0 0 0 0 0 0 0 0 0 0 0 0 0 0 0 5 0 0 42 0 0 72 54 0 0 0 61 5
1 0 12 0 0 0 0 0 0 0 0 0 0 0 0 0 0 0 0 0 0 0 1 1 0 0 1 2 2 0 0 26 0 0 52 61 0 2 0 52 6
0 0 12 0 0 0 0 0 0 0 0 0 0 0 0 0 0 0 0 0 0 0 1 0 0 0 1 0 2 1 0 28 0 0 58 64 0 3 0 51 4
3 0 18 0 0 0 0 0 0 0 0 0 0 0 0 0 0 0 0 0 0 0 0 1 0 0 1 0 3 0 0 30 0 0 60 59 0 0 0 58 5
15 0 15 17 0 0 0 0 0 0 0 0 0 0 0 0 0 0 0 0 0 0 0 0 2 2 0 0 5 0 0 19 0 0 28 0 0 0 0 6 0
5 0 21 0 0 0 0 0 0 0 0 0 0 0 0 0 0 0 0 0 0 0 0 1 0 0 0 1 3 0 0 32 0 0 60 58 0 0 0 61 6
0 0 10 0 0 0 0 0 0 0 0 0 0 0 0 0 0 0 0 0 0 0 2 0 0 0 1 0 1 2 0 27 0 0 55 67 0 5 0 49 4
0 0 48 9 0 0 0 0 0 0 0 0 0 0 0 0 0 0 0 0 0 0 20 0 0 0 0 0 0 0 0 55 0 0 18 40 0 2 0 46 2
10 0 38 14 0 0 0 0 0 0 0 0 0 0 0 0 0 0 0 0 0 0 0 0 0 0 0 0 5 0 0 48 0 0 77 55 0 0 0 66 6
4 0 27 2 0 0 0 0 0 0 0 0 0 0 0 0 0 0 0 0 0 0 2 0 0 0 0 0 3 0 0 37 0 0 58 58 0 0 0 62 5
0 0 32 0 0 0 0 0 0 0 0 0 0 0 0 0 0 0 0 0 0 0 15 0 0 0 0 3 0 0 0 45 0 0 29 55 0 4 0 49 6
3 0 42 13 0 0 0 0 0 0 0 0 0 0 0 0 0 0 0 0 0 0 11 0 1 0 0 0 1 0 0 38 0 0 15 18 0 0 0 35 1
0 0 15 1 0 0 0 0 0 0 0 0 0 0 0 0 0 0 0 0 0 0 0 0 0 0 2 0 2 0 0 31 0 0 62 61 0 1 0 54 3
0 0 28 0 0 0 0 0 0 0 0 0 0 0 0 0 0 0 0 0 0 0 12 1 0 0 0 3 0 0 0 42 0 0 37 60 0 4 0 53 6
7 0 23 2 0 0 0 0 0 0 0 0 0 0 0 0 0 0 0 0 0 0 0 1 0 0 0 1 4 0 0 32 0 0 62 54 0 0 0 63 6
0 0 29 0 0 0 0 0 0 0 0 0 0 0 0 0 0 0 0 0 0 0 10 1 0 0 0 3 0 0 0 42 0 0 38 55 0 2 0 53 6
0 0 31 0 0 0 0 0 0 0 0 0 0 0 0 0 0 0 0 0 0 0 15 0 0 0 0 3 0 0 0 45 0 0 31 58 0 5 0 51 5
7 0 27 3 0 0 0 0 0 0 0 0 0 0 0 0 0 0 0 0 0 0 0 1 0 0 0 0 3 0 0 35 0 0 62 57 0 0 0 65 5
0 0 46 11 0 0 0 0 0 0 0 0 0 0 0 0 0 0 0 0 0 0 15 1 0 0 0 0 0 0 0 47 0 0 20 34 0 0 0 46 3
8 0 29 5 0 0 0 0 0 0 0 0 0 0 0 0 0 0 0 0 0 0 0 1 0 0 0 0 4 0 0 36 0 0 66 54 0 0 0 67 6
4 0 19 0 0 0 0 0 0 0 0 0 0 0 0 0 0 0 0 0 0 0 0 0 0 0 1 0 3 0 0 32 0 0 63 60 0 0 0 61 6
0 0 12 0 0 0 0 0 0 0 0 0 0 0 0 0 0 0 0 0 0 0 0 0 0 0 1 0 2 0 0 28 0 0 58 63 0 3 0 50 4
0 0 11 0 0 0 0 0 0 0 0 0 0 0 0 0 0 0 0 0 0 0 0 0 0 0 1 0 2 0 0 27 0 0 57 61 0 3 0 50 4
0 0 29 0 0 0 0 0 0 0 0 0 0 0 0 0 0 0 0 0 0 0 18 0 0 0 0 2 0 1 0 44 0 0 23 57 0 8 0 41 3
0 0 30 0 0 0 0 0 0 0 0 0 0 0 0 0 0 0 0 0 0 0 26 0 0 0 0 2 0 2 0 48 0 0 10 54 0 13 0 34 1
7 0 5 9 3 0 3 0 1 0 5 0 4 0 3 0 5 0 0 2 2 6 6 0 12 31 0 2 0 0 0 0 6 2 0 0 3 0 1 0 0
1 0 14 0 0 0 0 0 0 0 0 0 0 0 0 0 0 0 0 0 0 0 2 0 0 0 1 1 1 0 0 30 0 0 52 60 0 2 0 51 5
3 0 18 0 0 0 0 0 0 0 0 0 0 0 0 0 0 0 0 0 0 0 0 1 0 0 1 2 2 0 0 31 0 0 59 60 0 0 0 59 6
0 0 27 0 0 0 0 0 0 0 0 0 0 0 0 0 0 0 0 0 0 0 15 0 0 0 0 3 0 1 0 43 0 0 30 61 0 7 0 47 6
0 0 12 0 0 0 0 0 0 0 0 0 0 0 0 0 0 0 0 0 0 0 1 0 0 0 1 0 1 0 0 28 0 0 56 62 0 2 0 51 4
1 0 28 0 0 0 0 0 0 0 0 0 0 0 0 0 0 0 0 0 0 0 5 1 0 0 0 1 1 0 0 39 0 0 52 60 0 1 0 62 6
3 0 22 3 0 0 0 0 0 0 0 0 0 0 0 0 0 0 0 0 0 0 0 0 0 0 1 0 3 0 0 35 0 0 68 62 0 0 0 63 4
3 0 32 3 0 0 0 0 0 0 0 0 0 0 0 0 0 0 0 0 0 0 4 0 0 0 0 0 2 0 0 43 0 0 57 61 0 1 0 63 5
0 0 46 9 0 0 0 0 0 0 0 0 0 0 0 0 0 0 0 0 0 0 16 1 0 0 0 0 0 0 0 52 0 0 23 39 0 1 0 49 3
0 0 29 0 0 0 0 0 0 0 0 0 0 0 0 0 0 0 0 0 0 0 14 0 0 0 0 3 0 0 0 43 0 0 33 59 0 5 0 51 6
0 0 10 0 0 0 0 0 0 0 0 0 0 0 0 0 0 0 0 0 0 0 2 0 0 0 1 1 1 1 0 26 0 0 52 62 0 4 0 48 5
0 0 10 0 0 0 0 0 0 0 0 0 0 0 0 0 0 0 0 0 0 0 0 0 0 0 2 0 2 0 0 26 0 0 59 60 0 1 0 50 3
7 0 25 6 0 0 0 0 0 0 0 0 0 0 0 0 0 0 0 0 0 0 0 0 0 0 0 0 5 0 0 35 0 0 69 55 0 0 0 61 6
0 0 48 6 0 0 0 0 0 0 0 0 1 0 0 0 0 0 0 0 0 0 32 0 0 0 0 1 0 0 0 61 0 1 0 34 0 7 0 36 2
0 0 8 0 0 0 0 0 0 0 0 0 0 0 0 0 0 0 0 0 0 0 5 0 0 0 1 1 0 3 0 25 0 0 47 66 0 7 0 44 5
0 0 44 6 0 0 0 0 0 0 0 0 0 0 0 0 0 0 0 0 0 0 23 0 0 0 0 2 0 0 0 52 0 0 5 35 0 4 0 36 3
8 0 30 6 0 0 0 0 0 0 0 0 0 0 0 0 0 0 0 0 0 0 0 1 0 0 0 0 4 0 0 37 0 0 69 59 0 0 0 68 6
0 0 17 0 0 0 0 0 0 0 0 0 0 0 0 0 0 0 0 0 0 0 11 0 0 0 0 2 0 3 0 34 0 0 39 67 0 9 0 46 6
13 0 29 14 0 0 0 0 0 0 0 0 0 0 0 0 0 0 0 0 0 0 0 0 3 0 0 0 3 0 0 21 0 0 20 4 0 0 0 21 0
4 0 22 1 0 0 0 0 0 0 0 0 0 0 0 0 0 0 0 0 0 0 0 0 0 0 1 0 3 0 0 34 0 0 62 60 0 0 0 62 5
0 0 19 0 0 0 0 0 0 0 0 0 0 0 0 0 0 0 0 0 0 0 9 0 0 0 0 4 0 0 0 36 0 0 40 63 0 6 0 51 6
0 0 14 0 0 0 0 0 0 0 0 0 0 0 0 0 0 0 0 0 0 0 0 0 0 0 2 0 2 0 0 30 0 0 59 61 0 1 0 52 4
0 0 23 0 0 0 0 0 0 0 0 0 0 0 0 0 0 0 0 0 0 0 19 0 0 0 0 4 0 3 0 42 0 0 27 65 0 11 0 44 4
7 0 32 7 0 0 0 0 0 0 0 0 0 0 0 0 0 0 0 0 0 0 0 1 0 0 0 0 4 0 0 41 0 0 70 59 0 0 0 70 6
0 0 33 2 0 0 0 0 0 0 0 0 0 0 0 0 0 0 0 0 0 0 8 1 0 0 0 1 1 0 0 43 0 0 46 59 0 1 0 60 5
2 0 19 0 0 0 0 0 0 0 0 0 0 0 0 0 0 0 0 0 0 0 2 0 0 0 0 2 2 0 0 34 0 0 57 64 0 2 0 61 6
0 0 11 0 0 0 0 0 0 0 0 0 0 0 0 0 0 0 0 0 0 0 8 0 0 0 1 3 0 2 0 29 0 0 44 67 0 8 0 48 6
0 0 39 1 0 0 0 0 0 0 0 0 1 0 0 0 0 0 0 0 0 0 24 0 0 0 0 3 0 0 0 54 0 0 9 45 0 7 0 39 4
0 0 50 9 0 0 0 0 0 0 0 0 0 0 0 0 0 0 0 0 0 0 28 0 0 0 0 1 0 0 0 58 0 0 0 29 0 4 0 36 2
0 0 44 5 0 0 0 0 0 0 0 0 0 0 0 0 0 0 0 0 0 0 19 0 0 0 0 2 0 0 0 53 0 0 21 46 0 3 0 47 4
0 0 33 0 0 0 0 0 0 0 0 0 0 0 0 0 0 0 0 0 0 0 20 0 0 0 0 2 0 0 0 47 0 0 22 56 0 8 0 44 4
0 0 21 0 0 0 0 0 0 0 0 0 0 0 0 0 0 0 0 0 0 0 11 0 0 0 0 1 0 2 0 37 0 0 42 69 0 8 0 49 5
10 0 32 13 0 0 0 0 0 0 0 0 0 0 0 0 0 0 0 0 0 0 0 0 0 0 0 0 5 0 0 42 0 0 71 49 0 0 0 57 5
15 4 0 0 14 4 27 9 6 5 12 1 14 18 22 32 26 2 9 8 7 43 0 0 29 112 0 3 0 1 2 0 32 1 0 0 18 0 25 0 0
6 0 25 2 0 0 0 0 0 0 0 0 0 0 0 0 0 0 0 0 0 0 0 1 0 0 1 0 4 0 0 35 0 0 66 59 0 0 0 68 6
9 4 0 3 17 3 25 9 5 5 9 2 19 17 23 33 26 1 9 7 7 48 0 0 30 124 0 0 0 3 3 0 32 2 0 0 19 0 21 0 0
14 0 24 12 0 0 0 0 0 0 0 0 0 0 0 0 0 0 0 0 0 0 0 0 0 0 0 0 4 0 0 24 0 0 38 16 0 0 0 29 3
0 0 15 0 0 0 0 0 0 0 0 0 0 0 0 0 0 0 0 0 0 0 11 0 0 0 0 0 0 4 0 32 0 0 40 69 0 12 0 42 4
0 0 27 0 0 0 0 0 0 0 0 0 0 0 0 0 0 0 0 0 0 0 11 0 0 0 0 2 0 0 0 41 0 0 41 63 0 5 0 54 5
1 0 15 0 0 0 0 0 0 0 0 0 0 0 0 0 0 0 0 0 0 0 0 0 0 0 1 0 2 0 0 30 0 0 56 58 0 1 0 54 5
0 0 11 0 0 0 0 0 0 0 0 0 0 0 0 0 0 0 0 0 0 0 2 0 0 0 1 1 1 1 0 25 0 0 54 62 0 3 0 49 5
8 7 0 0 25 9 47 13 10 7 24 2 36 30 35 47 45 3 13 13 15 67 0 0 40 165 0 11 0 0 4 0 55 4 0 0 29 0 41 0 0
0 0 30 0 0 0 0 0 0 0 0 0 0 0 0 0 0 0 0 0 0 0 22 0 0 0 0 3 0 1 0 47 0 0 17 55 0 9 0 40 4
0 0 13 0 0 0 0 0 0 0 0 0 0 0 0 0 0 0 0 0 0 0 1 0 0 0 1 2 2 0 0 28 0 0 52 62 0 2 0 53 6
0 0 37 0 0 0 0 0 0 0 0 0 0 0 0 0 0 0 0 0 0 0 25 0 0 0 0 2 0 0 0 53 0 0 13 52 0 9 0 39 4
0 0 19 0 0 0 0 0 0 0 0 0 0 0 0 0 0 0 0 0 0 0 12 0 0 0 0 3 0 2 0 37 0 0 37 64 0 8 0 47 5
3 0 27 7 0 0 0 0 0 0 0 0 0 0 0 0 0 0 0 0 0 0 0 0 0 0 1 0 3 0 0 41 0 0 67 60 0 0 0 62 3
9 0 31 7 0 0 0 0 0 0 0 0 0 0 0 0 0 0 0 0 0 0 0 0 0 0 0 0 4 0 0 39 0 0 68 54 0 0 0 66 6
0 0 45 4 0 0 0 0 0 0 0 0 2 0 0 0 0 0 0 0 0 0 29 0 0 0 0 2 0 0 0 58 0 0 0 37 0 6 0 35 3
0 0 11 0 0 0 0 0 0 0 0 0 0 0 0 0 0 0 0 0 0 0 7 0 0 0 0 0 0 3 0 27 0 0 45 69 0 9 0 43 4
0 0 15 0 0 0 0 0 0 0 0 0 0 0 0 0 0 0 0 0 0 0 5 0 0 0 0 2 0 1 0 31 0 0 50 65 0 5 0 52 6
0 0 30 0 0 0 0 0 0 0 0 0 0 0 0 0 0 0 0 0 0 0 10 0 0 0 0 1 0 0 0 44 0 0 47 66 0 4 0 57 5
4 0 21 0 0 0 0 0 0 0 0 0 0 0 0 0 0 0 0 0 0 0 0 0 0 0 0 1 2 0 0 33 0 0 57 57 0 0 0 59 6
0 0 40 0 0 0 0 0 0 0 0 0 1 0 0 0 0 0 0 0 0 0 30 0 0 0 0 2 0 0 0 56 0 0 0 46 0 11 0 32 2
0 0 34 2 0 0 0 0 0 0 0 0 0 0 0 0 0 0 0 0 0 0 13 0 0 0 0 1 0 0 0 46 0 0 34 56 0 4 0 51 4
0 0 41 1 0 0 0 0 0 0 0 0 0 0 0 0 0 0 0 0 0 0 25 0 0 0 0 2 0 0 0 54 0 0 9 45 0 7 0 40 4
0 0 43 3 0 0 0 0 0 0 0 0 0 0 0 0 0 0 0 0 0 0 24 0 0 0 0 3 0 0 0 55 0 0 10 43 0 4 0 42 4
8 0 33 7 0 0 0 0 0 0 0 0 0 0 0 0 0 0 0 0 0 0 0 0 0 0 0 0 4 0 0 41 0 0 68 58 0 0 0 70 5
0 0 5 0 0 0 0 0 0 0 0 0 0 0 0 0 0 0 0 0 0 0 3 0 0 0 1 0 0 3 0 21 0 0 44 60 0 6 0 38 4
20 0 14 13 0 0 0 0 0 0 1 0 0 0 0 0 0 0 0 0 0 0 0 0 5 4 0 0 3 0 0 9 1 0 15 0 0 0 0 1 0
0 0 20 0 0 0 0 0 0 0 0 0 0 0 0 0 0 0 0 0 0 0 7 0 0 0 0 0 0 2 0 35 0 0 50 68 0 7 0 51 4
0 0 16 0 0 0 0 0 0 0 0 0 0 0 0 0 0 0 0 0 0 0 2 0 0 0 1 1 1 0 0 31 0 0 54 62 0 2 0 53 5
0 0 50 12 0 0 0 0 0 0 0 0 0 0 0 0 0 0 0 0 0 0 24 1 0 0 0 0 0 0 0 53 0 0 4 27 0 2 0 36 1
0 0 39 4 0 0 0 0 0 0 0 0 0 0 0 0 0 0 0 0 0 0 12 0 0 0 0 0 0 0 0 48 0 0 35 52 0 2 0 54 4
7 0 29 5 0 0 0 0 0 0 0 0 0 0 0 0 0 0 0 0 0 0 0 0 0 0 0 0 4 0 0 38 0 0 67 58 0 0 0 66 5
0 0 33 0 0 0 0 0 0 0 0 0 0 0 0 0 0 0 0 0 0 0 23 0 0 0 0 3 0 0 0 49 0 0 12 52 0 9 0 39 4
0 0 17 0 0 0 0 0 0 0 0 0 0 0 0 0 0 0 0 0 0 0 15 0 0 0 0 2 0 5 0 34 0 0 35 71 0 13 0 42 4
0 0 18 1 0 0 0 0 0 0 0 0 0 0 0 0 0 0 0 0 0 0 0 0 0 0 2 0 3 0 0 33 0 0 65 64 0 0 0 60 4
1 7 0 0 23 7 40 11 9 6 20 1 37 23 33 41 40 3 11 12 14 60 0 0 38 153 0 10 0 0 4 0 48 5 0 0 28 0 33 0 0
0 0 6 0 0 0 0 0 0 0 0 0 0 0 0 0 0 0 0 0 0 0 6 0 0 0 1 0 0 4 0 22 0 0 45 67 0 9 0 39 4
9 0 30 5 0 0 0 0 0 0 0 0 0 0 0 0 0 0 0 0 0 0 0 1 0 0 0 0 4 0 0 36 0 0 66 54 0 0 0 67 6
3 0 20 0 0 0 0 0 0 0 0 0 0 0 0 0 0 0 0 0 0 0 0 0 0 0 0 1 2 0 0 33 0 0 59 61 0 0 0 60 5
0 0 19 5 0 0 0 0 0 0 0 0 0 0 0 0 0 0 0 0 0 0 0 0 0 0 2 0 3 0 0 35 0 0 66 66 0 2 0 58 2
3 0 29 2 0 0 0 0 0 0 0 0 0 0 0 0 0 0 0 0 0 0 4 0 0 0 0 0 1 0 0 40 0 0 55 62 0 1 0 61 4
0 0 8 0 0 0 0 0 0 0 0 0 0 0 0 0 0 0 0 0 0 0 0 0 0 0 2 0 1 1 0 24 0 0 58 63 0 3 0 48 3
5 2 0 4 11 1 14 3 3 1 9 0 14 6 14 14 17 2 4 6 6 26 2 0 24 79 0 6 0 0 0 0 21 4 0 0 13 0 12 0 0
17 4 0 0 16 6 37 10 7 5 20 2 19 23 23 37 37 0 11 9 10 51 0 0 30 131 0 6 0 2 2 0 45 3 0 0 20 0 33 0 0
0 0 24 0 0 0 0 0 0 0 0 0 0 0 0 0 0 0 0 0 0 0 10 0 0 0 0 3 0 0 0 40 0 0 40 63 0 5 0 52 6
0 2 0 6 12 0 10 2 4 1 7 0 20 2 13 9 14 2 3 5 5 23 10 0 23 75 0 5 0 0 0 0 17 4 0 0 13 0 4 0 0
3 0 14 0 0 0 0 0 0 0 0 0 0 0 0 0 0 0 0 0 0 0 0 0 0 0 1 0 3 0 0 26 0 0 59 56 0 0 0 54 5
0 0 5 0 0 0 0 0 0 0 0 0 0 0 0 0 0 0 0 0 0 0 5 0 0 0 1 0 0 4 0 22 0 0 46 65 0 8 0 39 3
7 0 28 8 0 0 0 0 0 0 0 0 0 0 0 0 0 0 0 0 0 0 0 0 0 0 0 0 5 0 0 40 0 0 72 58 0 0 0 61 5
0 0 42 5 0 0 0 0 0 0 0 0 0 0 0 0 0 0 0 0 0 0 18 0 0 0 0 2 0 0 0 50 0 0 19 44 0 3 0 45 3
10 4 0 0 16 4 27 10 6 5 11 2 19 18 24 34 28 2 9 8 7 47 0 0 31 121 0 2 0 2 3 0 34 2 0 0 20 0 23 0 0
16 0 22 11 0 0 0 0 0 0 0 0 0 0 0 0 0 0 0 0 0 0 0 0 0 0 0 0 4 0 0 22 0 0 34 9 0 0 0 23 2
6 0 23 0 0 0 0 0 0 0 0 0 0 0 0 0 0 0 0 0 0 0 0 1 0 0 1 1 4 0 0 34 0 0 64 60 0 0 0 67 7
0 0 34 3 0 0 0 0 0 0 0 0 0 0 0 0 0 0 0 0 0 0 9 0 0 0 0 1 1 0 0 45 0 0 46 60 0 2 0 61 5
0 0 33 0 0 0 0 0 0 0 0 0 0 0 0 0 0 0 0 0 0 0 25 0 0 0 0 2 0 0 0 50 0 0 11 52 0 11 0 36 3
2 0 22 0 0 0 0 0 0 0 0 0 0 0 0 0 0 0 0 0 0 0 2 0 0 0 1 1 2 0 0 36 0 0 58 61 0 1 0 61 6
0 0 31 0 0 0 0 0 0 0 0 0 0 0 0 0 0 0 0 0 0 0 18 0 0 0 0 3 0 0 0 46 0 0 26 58 0 7 0 47 5
6 0 25 1 0 0 0 0 0 0 0 0 0 0 0 0 0 0 0 0 0 0 0 1 0 0 0 0 4 0 0 35 0 0 64 58 0 0 0 66 7
16 1 0 6 6 1 14 4 2 2 7 0 6 8 11 17 14 1 5 5 4 25 0 0 19 69 0 0 0 0 0 0 18 2 0 0 8 0 12 0 0
0 0 12 0 0 0 0 0 0 0 0 0 0 0 0 0 0 0 0 0 0 0 2 0 0 0 1 1 1 1 0 27 0 0 54 64 0 3 0 51 6
0 0 21 0 0 0 0 0 0 0 0 0 0 0 0 0 0 0 0 0 0 0 7 0 0 0 0 3 0 0 0 36 0 0 49 64 0 4 0 57 6
11 0 34 12 0 0 0 0 0 0 0 0 0 0 0 0 0 0 0 0 0 0 2 0 0 0 0 0 3 0 0 30 0 0 31 19 0 0 0 35 2
0 0 8 0 0 0 0 0 0 0 0 0 0 0 0 0 0 0 0 0 0 0 7 0 0 0 1 0 0 4 0 24 0 0 41 65 0 10 0 38 3
0 0 36 0 0 0 0 0 0 0 0 0 0 0 0 0 0 0 0 0 0 0 27 0 0 0 0 2 0 0 0 52 0 0 7 49 0 11 0 34 2
7 0 31 6 0 0 0 0 0 0 0 0 0 0 0 0 0 0 0 0 0 0 0 0 0 0 0 0 4 0 0 42 0 0 75 65 0 0 0 71 5
9 2 0 5 12 2 17 6 4 3 9 0 13 11 17 21 18 2 7 7 6 31 0 0 25 87 0 2 0 0 1 0 22 3 0 0 14 0 14 0 0
0 0 35 0 0 0 0 0 0 0 0 0 0 0 0 0 0 0 0 0 0 0 22 0 0 0 0 2 0 0 0 50 0 0 13 49 0 8 0 39 4
0 0 28 0 0 0 0 0 0 0 0 0 0 0 0 0 0 0 0 0 0 0 8 0 0 0 0 1 0 0 0 42 0 0 46 60 0 3 0 56 6
4 0 21 4 0 0 0 0 0 0 0 0 0 0 0 0 0 0 0 0 0 0 0 0 0 0 1 0 4 0 0 33 0 0 69 58 0 0 0 59 5
1 0 19 3 0 0 0 0 0 0 0 0 0 0 0 0 0 0 0 0 0 0 0 0 0 0 1 0 4 0 0 34 0 0 67 62 0 0 0 57 5
5 0 22 1 0 0 0 0 0 0 0 0 0 0 0 0 0 0 0 0 0 0 0 0 0 0 0 0 3 0 0 34 0 0 63 60 0 0 0 61 5
0 0 46 6 0 0 0 0 0 0 0 0 1 0 0 0 0 0 0 0 0 0 27 0 0 0 0 2 0 0 0 56 0 0 0 32 0 5 0 33 2
0 0 20 0 0 0 0 0 0 0 0 0 0 0 0 0 0 0 0 0 0 0 10 0 0 0 0 3 0 2 0 37 0 0 41 64 0 7 0 49 6
0 0 7 0 0 0 0 0 0 0 0 0 0 0 0 0 0 0 0 0 0 0 10 0 0 0 0 0 0 5 0 25 0 0 40 69 0 13 0 36 4
0 0 30 0 0 0 0 0 0 0 0 0 0 0 0 0 0 0 0 0 0 0 22 0 0 0 0 2 0 2 0 47 0 0 21 61 0 12 0 40 3
3 0 29 6 0 0 0 0 0 0 0 0 0 0 0 0 0 0 0 0 0 0 0 0 0 0 1 0 4 0 0 42 0 0 75 67 0 0 0 68 5
0 0 11 0 0 0 0 0 0 0 0 0 0 0 0 0 0 0 0 0 0 0 2 0 0 0 1 1 1 2 0 26 0 0 53 64 0 4 0 49 5
1 0 15 0 0 0 0 0 0 0 0 0 0 0 0 0 0 0 0 0 0 0 0 0 0 0 1 0 2 0 0 29 0 0 59 62 0 1 0 56 5
3 0 18 0 0 0 0 0 0 0 0 0 0 0 0 0 0 0 0 0 0 0 0 0 0 0 0 0 2 0 0 32 0 0 58 61 0 1 0 56 5
1 0 34 2 0 0 0 0 0 0 0 0 0 0 0 0 0 0 0 0 0 0 8 1 0 0 0 2 1 0 0 43 0 0 45 56 0 0 0 62 6
0 0 19 0 0 0 0 0 0 0 0 0 0 0 0 0 0 0 0 0 0 0 6 0 0 0 0 3 0 0 0 34 0 0 48 65 0 4 0 54 6
2 0 16 0 0 0 0 0 0 0 0 0 0 0 0 0 0 0 0 0 0 0 1 0 0 0 1 2 2 0 0 31 0 0 55 62 0 2 0 57 7
2 0 17 0 0 0 0 0 0 0 0 0 0 0 0 0 0 0 0 0 0 0 2 0 0 0 1 2 2 0 0 32 0 0 55 62 0 1 0 59 6
0 0 13 0 0 0 0 0 0 0 0 0 0 0 0 0 0 0 0 0 0 0 2 0 0 0 1 1 1 1 0 28 0 0 51 61 0 3 0 50 6
0 0 13 1 0 0 0 0 0 0 0 0 0 0 0 0 0 0 0 0 0 0 0 0 0 0 2 0 2 0 0 29 0 0 62 63 0 2 0 51 3
14 0 23 15 0 0 0 0 0 0 0 0 0 0 0 0 0 0 0 0 0 0 0 0 0 0 0 0 5 0 0 27 0 0 44 14 0 0 0 26 1
