0 0 28 0 5 0 0 0 0 0 0 0 0 0 0 0 0 0 0 0 0 0 0 0 0 0 0 0 0 19 0 60 0 0 50 45 0 0 0 46 5
0 0 28 0 4 0 0 0 0 0 0 0 0 0 0 0 0 0 0 0 0 0 0 0 0 2 0 0 0 19 0 58 0 0 46 42 0 0 0 41 4
0 0 31 0 4 0 0 0 0 0 0 0 0 0 0 0 0 0 0 0 0 0 0 0 0 4 0 0 0 23 0 64 0 2 44 41 0 0 0 40 4
13 0 30 0 0 0 0 0 0 0 0 0 0 0 0 0 0 0 0 0 0 0 14 0 6 15 1 0 0 27 0 47 0 0 16 24 0 6 0 20 0
0 0 32 0 3 0 0 0 0 0 0 0 0 0 0 0 0 0 0 0 0 0 0 0 0 5 0 0 0 22 0 64 0 0 44 43 0 0 0 39 3
22 0 31 3 0 0 0 0 0 0 0 0 0 0 0 0 0 0 0 0 0 0 23 0 12 13 6 0 0 16 0 34 0 7 0 10 0 21 0 0 0
0 0 30 0 4 0 0 0 0 0 0 0 0 0 0 0 0 0 0 0 0 0 0 0 0 2 0 0 0 21 0 63 0 1 49 44 0 0 0 45 5
28 0 41 11 0 0 0 0 0 0 0 0 0 0 0 0 0 0 0 0 0 0 29 0 15 13 9 0 0 5 0 33 0 19 0 8 0 34 0 0 0
0 0 7 0 4 0 0 0 0 0 0 0 0 0 0 0 0 0 0 0 0 0 0 0 0 0 0 0 0 0 0 14 0 0 36 33 0 0 0 37 5
0 0 24 0 5 0 0 0 0 0 0 0 0 0 0 0 0 0 0 0 0 0 0 0 0 0 0 0 0 13 0 52 0 0 48 44 0 0 0 44 5
0 0 29 0 4 0 0 0 0 0 0 0 0 0 0 0 0 0 0 0 0 0 0 0 0 1 0 0 0 20 0 61 0 0 49 44 0 0 0 46 5
8 0 32 0 0 0 0 0 0 0 0 0 0 0 0 0 0 0 0 0 0 0 7 0 4 13 0 0 0 28 0 55 0 0 25 30 0 0 0 26 0
0 0 21 0 4 0 0 0 0 0 0 0 0 0 0 0 0 0 0 0 0 0 0 0 0 0 0 0 0 10 0 46 0 0 45 42 0 0 0 41 5
30 0 43 13 0 0 0 0 0 0 0 0 0 0 0 0 0 0 0 0 0 0 30 0 15 13 10 0 0 3 0 34 0 21 0 8 0 37 0 0 0
0 0 19 0 4 0 0 0 0 0 0 0 0 0 0 0 0 0 0 0 0 0 0 0 0 0 0 0 0 10 0 44 0 0 46 42 0 0 0 43 5
19 0 27 0 0 0 0 0 0 0 0 0 0 0 0 0 0 0 0 0 0 0 20 0 10 14 4 0 0 21 0 35 0 1 0 12 0 17 0 0 0
0 0 31 0 4 0 0 0 0 0 0 0 0 0 0 0 0 0 0 0 0 0 0 0 0 3 0 0 0 22 0 64 0 2 47 43 0 0 0 43 4
34 0 50 25 0 0 0 0 0 0 0 0 0 0 0 0 0 0 0 0 0 0 34 0 16 11 12 0 0 0 0 27 0 27 0 13 0 44 0 0 0
0 0 25 0 4 0 0 0 0 0 0 0 0 0 0 0 0 0 0 0 0 0 0 0 0 0 0 0 0 16 0 54 0 0 49 43 0 0 0 44 4
0 0 33 0 4 0 0 0 0 0 0 0 0 0 0 0 0 0 0 0 0 0 0 0 0 4 0 0 0 22 0 66 0 2 46 44 0 0 0 42 4
0 0 29 0 3 0 0 0 0 0 0 0 0 0 0 0 0 0 0 0 0 0 0 0 0 4 0 0 0 21 0 61 0 0 47 42 0 0 0 42 4
0 0 35 0 1 0 0 0 0 0 0 0 0 0 0 0 0 0 0 0 0 0 0 0 0 8 0 0 0 27 0 67 0 3 36 36 0 0 0 31 2
0 0 34 0 3 0 0 0 0 0 0 0 0 0 0 0 0 0 0 0 0 0 0 0 0 7 0 0 0 26 0 68 0 3 41 40 0 0 0 36 3
15 0 29 0 0 0 0 0 0 0 0 0 0 0 0 0 0 0 0 0 0 0 16 0 8 15 2 0 0 26 0 43 0 0 12 22 0 9 0 18 0
20 0 29 0 0 0 0 0 0 0 0 0 0 0 0 0 0 0 0 0 0 0 22 0 10 16 3 0 0 21 0 37 0 0 2 17 0 18 0 3 0
27 0 38 7 0 0 0 0 0 0 0 0 0 0 0 0 0 0 0 0 0 0 27 0 13 12 8 0 0 11 0 36 0 15 0 7 0 28 0 0 0
0 0 9 0 5 0 0 0 0 0 0 0 0 0 0 0 0 0 0 0 0 0 0 0 0 0 0 0 0 0 0 15 0 0 37 37 0 0 0 40 7
0 0 35 0 1 0 0 0 0 0 0 0 0 0 0 0 0 0 0 0 0 0 0 0 0 10 0 0 0 27 0 66 0 1 35 38 0 0 0 32 1
0 0 34 0 3 0 0 0 0 0 0 0 0 0 0 0 0 0 0 0 0 0 0 0 0 5 0 0 0 23 0 66 0 3 44 42 0 0 0 39 4
0 0 34 0 3 0 0 0 0 0 0 0 0 0 0 0 0 0 0 0 0 0 0 0 0 5 0 0 0 24 0 67 0 5 42 40 0 0 0 36 3
0 0 32 0 2 0 0 0 0 0 0 0 0 0 0 0 0 0 0 0 0 0 0 0 0 7 0 0 0 25 0 65 0 0 42 41 0 0 0 37 3
0 0 16 0 4 0 0 0 0 0 0 0 0 0 0 0 0 0 0 0 0 0 0 0 0 0 0 0 0 8 0 40 0 0 48 41 0 0 0 45 5
0 0 28 0 4 0 0 0 0 0 0 0 0 0 0 0 0 0 0 0 0 0 0 0 0 1 0 0 0 18 0 58 0 0 48 43 0 0 0 43 4
0 0 25 0 4 0 0 0 0 0 0 0 0 0 0 0 0 0 0 0 0 0 0 0 0 1 0 0 0 16 0 53 0 0 47 42 0 0 0 42 4
32 0 45 18 0 0 0 0 0 0 0 0 0 0 0 0 0 0 0 0 0 0 33 0 15 13 11 0 0 0 0 28 0 22 0 8 0 41 0 0 0
0 0 35 0 1 0 0 0 0 0 0 0 0 0 0 0 0 0 0 0 0 0 0 0 0 11 0 0 0 28 0 66 0 0 36 40 0 0 0 34 2
3 0 33 0 0 0 0 0 0 0 0 0 0 0 0 0 0 0 0 0 0 0 2 0 1 11 0 0 0 27 0 61 0 0 30 32 0 0 0 28 0
0 0 14 0 4 0 0 0 0 0 0 0 0 0 0 0 0 0 0 0 0 0 0 0 0 0 0 0 0 2 0 28 0 0 40 37 0 0 0 40 6
0 0 20 0 4 0 0 0 0 0 0 0 0 0 0 0 0 0 0 0 0 0 0 0 0 0 0 0 0 11 0 46 0 0 47 42 0 0 0 44 5
0 0 35 0 3 0 0 0 0 0 0 0 0 0 0 0 0 0 0 0 0 0 0 0 0 6 0 0 0 26 0 69 0 5 41 40 0 0 0 35 3
0 0 8 0 5 0 0 0 0 0 0 0 0 0 0 0 0 0 0 0 0 0 0 0 0 0 0 0 0 0 0 14 0 0 35 35 0 0 0 37 7
34 0 49 25 0 0 0 0 0 0 0 0 0 0 0 0 0 0 0 0 0 0 35 0 16 12 11 0 0 0 0 25 0 25 0 12 0 44 0 0 0
0 0 11 0 5 0 0 0 0 0 0 0 0 0 0 0 0 0 0 0 0 0 0 0 0 0 0 0 0 0 0 24 0 0 40 36 0 0 0 39 6
20 0 27 0 0 0 0 0 0 0 0 0 0 0 0 0 0 0 0 0 0 0 21 0 11 14 5 0 0 20 0 32 0 0 0 12 0 17 0 0 0
0 0 6 2 5 0 0 0 0 0 0 0 0 0 0 0 0 0 0 0 0 0 0 0 0 0 0 0 0 0 0 7 0 0 32 33 0 0 0 37 7
0 0 29 0 4 0 0 0 0 0 0 0 0 0 0 0 0 0 0 0 0 0 0 0 0 3 0 0 0 21 0 60 0 0 48 43 0 0 0 44 4
0 0 12 0 4 0 0 0 0 0 0 0 0 0 0 0 0 0 0 0 0 0 0 0 0 0 0 0 0 0 0 23 0 0 37 34 0 0 0 36 5
0 0 17 0 4 0 0 0 0 0 0 0 0 0 0 0 0 0 0 0 0 0 0 0 0 0 0 0 0 6 0 38 0 0 44 40 0 0 0 41 5
3 0 33 0 0 0 0 0 0 0 0 0 0 0 0 0 0 0 0 0 0 0 1 0 1 11 0 0 0 27 0 61 0 0 31 33 0 0 0 28 1
0 0 19 0 4 0 0 0 0 0 0 0 0 0 0 0 0 0 0 0 0 0 0 0 0 0 0 0 0 7 0 40 0 0 43 41 0 0 0 41 5
33 0 46 21 0 0 0 0 0 0 0 0 0 0 0 0 0 0 0 0 0 0 33 0 15 13 11 0 0 0 0 27 0 21 0 13 0 42 0 0 0
0 0 22 0 5 0 0 0 0 0 0 0 0 0 0 0 0 0 0 0 0 0 0 0 0 0 0 0 0 14 0 51 0 0 50 44 0 0 0 47 5
0 0 35 0 2 0 0 0 0 0 0 0 0 0 0 0 0 0 0 0 0 0 0 0 0 7 0 0 0 26 0 68 0 4 40 39 0 0 0 34 3
0 0 36 0 1 0 0 0 0 0 0 0 0 0 0 0 0 0 0 0 0 0 0 0 0 9 0 0 0 27 0 67 0 3 34 35 0 0 0 29 1
34 0 50 25 0 0 0 0 0 0 0 0 0 0 0 0 0 0 0 0 0 0 35 0 15 12 12 0 0 0 0 27 0 25 0 14 0 44 0 0 0
5 0 35 0 0 0 0 0 0 0 0 0 0 0 0 0 0 0 0 0 0 0 4 0 2 11 0 0 0 28 0 62 0 1 26 31 0 0 0 25 0
30 0 42 14 0 0 0 0 0 0 0 0 0 0 0 0 0 0 0 0 0 0 30 0 15 13 10 0 0 2 0 31 0 20 0 9 0 37 0 0 0
12 0 32 0 0 0 0 0 0 0 0 0 0 0 0 0 0 0 0 0 0 0 12 0 6 15 0 0 0 27 0 51 0 0 18 27 0 5 0 21 0
0 0 31 0 4 0 0 0 0 0 0 0 0 0 0 0 0 0 0 0 0 0 0 0 0 2 0 0 0 20 0 62 0 1 48 44 0 0 0 43 4
39 0 69 44 0 0 0 0 0 0 0 0 0 0 0 0 0 0 0 0 0 0 41 4 16 12 15 0 0 0 0 30 0 43 0 26 0 55 0 0 0
0 0 27 0 5 0 0 0 0 0 0 0 0 0 0 0 0 0 0 0 0 0 0 0 0 0 0 0 0 18 0 58 0 0 49 43 0 0 0 45 4
10 0 33 0 0 0 0 0 0 0 0 0 0 0 0 0 0 0 0 0 0 0 11 0 5 15 0 0 0 29 0 55 0 0 23 32 0 3 0 27 0
0 0 11 0 4 0 0 0 0 0 0 0 0 0 0 0 0 0 0 0 0 0 0 0 0 0 0 0 0 1 0 25 0 0 40 36 0 0 0 38 5
0 0 14 0 4 0 0 0 0 0 0 0 0 0 0 0 0 0 0 0 0 0 0 0 0 0 0 0 0 2 0 27 0 0 38 35 0 0 0 37 5
17 0 28 0 0 0 0 0 0 0 0 0 0 0 0 0 0 0 0 0 0 0 17 0 8 14 2 0 0 24 0 39 0 0 7 16 0 11 0 10 0
0 0 20 0 4 0 0 0 0 0 0 0 0 0 0 0 0 0 0 0 0 0 0 0 0 0 0 0 0 10 0 44 0 0 46 42 0 0 0 43 5
0 0 30 0 4 0 0 0 0 0 0 0 0 0 0 0 0 0 0 0 0 0 0 0 0 2 0 0 0 18 0 59 0 3 44 41 0 0 0 36 3
0 0 32 0 2 0 0 0 0 0 0 0 0 0 0 0 0 0 0 0 0 0 0 0 0 7 0 0 0 25 0 64 0 0 40 40 0 0 0 37 3
0 0 22 0 4 0 0 0 0 0 0 0 0 0 0 0 0 0 0 0 0 0 0 0 0 0 0 0 0 10 0 46 0 0 47 43 0 0 0 44 5
0 0 8 0 5 0 0 0 0 0 0 0 0 0 0 0 0 0 0 0 0 0 0 0 0 0 0 0 0 0 0 13 0 0 35 35 0 0 0 39 7
0 0 9 0 4 0 0 0 0 0 0 0 0 0 0 0 0 0 0 0 0 0 0 0 0 0 0 0 0 0 0 15 0 0 35 34 0 0 0 38 6
0 0 16 0 3 0 0 0 0 0 0 0 0 0 0 0 0 0 0 0 0 0 0 0 0 0 0 0 0 4 0 34 0 0 42 39 0 0 0 41 5
25 0 35 5 0 0 0 0 0 0 0 0 0 0 0 0 0 0 0 0 0 0 25 0 13 12 7 0 0 12 0 34 0 14 0 6 0 25 0 0 0
0 0 34 0 1 0 0 0 0 0 0 0 0 0 0 0 0 0 0 0 0 0 0 0 0 11 0 0 0 28 0 65 0 0 35 38 0 0 0 31 1
35 0 57 32 0 0 0 0 0 0 0 0 0 0 0 0 0 0 0 0 0 0 37 1 16 11 12 0 0 0 0 27 0 33 0 17 0 47 0 0 0
0 0 31 0 4 0 0 0 0 0 0 0 0 0 0 0 0 0 0 0 0 0 0 0 0 4 0 0 0 22 0 64 0 1 47 44 0 0 0 42 4
0 0 24 0 4 0 0 0 0 0 0 0 0 0 0 0 0 0 0 0 0 0 0 0 0 0 0 0 0 15 0 53 0 0 48 43 0 0 0 43 5
24 0 35 4 0 0 0 0 0 0 0 0 0 0 0 0 0 0 0 0 0 0 24 0 13 12 7 0 0 13 0 36 0 13 0 6 0 25 0 0 0
33 0 48 22 0 0 0 0 0 0 0 0 0 0 0 0 0 0 0 0 0 0 34 0 15 12 11 0 0 0 0 29 0 25 0 10 0 43 0 0 0
12 0 29 0 0 0 0 0 0 0 0 0 0 0 0 0 0 0 0 0 0 0 12 0 6 14 0 0 0 27 0 46 0 0 16 23 0 4 0 20 0
0 0 27 0 4 0 0 0 0 0 0 0 0 0 0 0 0 0 0 0 0 0 0 0 0 0 0 0 0 15 0 55 0 0 46 43 0 0 0 41 4
0 0 27 0 4 0 0 0 0 0 0 0 0 0 0 0 0 0 0 0 0 0 0 0 0 0 0 0 0 14 0 55 0 1 46 44 0 0 0 42 5
16 0 28 0 0 0 0 0 0 0 0 0 0 0 0 0 0 0 0 0 0 0 17 0 8 14 2 0 0 24 0 40 0 0 9 18 0 10 0 13 0
0 0 29 0 5 0 0 0 0 0 0 0 0 0 0 0 0 0 0 0 0 0 0 0 0 0 0 0 0 18 0 60 0 1 49 45 0 0 0 44 5
0 0 24 0 5 0 0 0 0 0 0 0 0 0 0 0 0 0 0 0 0 0 0 0 0 0 0 0 0 14 0 52 0 0 48 43 0 0 0 43 5
0 0 10 0 5 0 0 0 0 0 0 0 0 0 0 0 0 0 0 0 0 0 0 0 0 0 0 0 0 0 0 22 0 0 38 36 0 0 0 37 6
33 0 46 21 0 0 0 0 0 0 0 0 0 0 0 0 0 0 0 0 0 0 33 0 15 12 11 0 0 0 0 26 0 23 0 10 0 42 0 0 0
32 0 44 18 0 0 0 0 0 0 0 0 0 0 0 0 0 0 0 0 0 0 32 0 15 12 11 0 0 0 0 27 0 21 0 10 0 40 0 0 0
21 0 28 1 0 0 0 0 0 0 0 0 0 0 0 0 0 0 0 0 0 0 22 0 11 13 4 0 0 18 0 32 0 6 0 7 0 20 0 0 0
0 0 33 0 4 0 0 0 0 0 0 0 0 0 0 0 0 0 0 0 0 0 0 0 0 3 0 0 0 22 0 66 0 3 46 43 0 0 0 41 4
34 0 48 24 0 0 0 0 0 0 0 0 0 0 0 0 0 0 0 0 0 0 34 0 15 12 12 0 0 0 0 25 0 25 0 13 0 44 0 0 0
33 0 46 22 0 0 0 0 0 0 0 0 0 0 0 0 0 0 0 0 0 0 34 0 15 12 11 0 0 0 0 25 0 22 0 12 0 42 0 0 0
0 0 27 0 5 0 0 0 0 0 0 0 0 0 0 0 0 0 0 0 0 0 0 0 0 0 0 0 0 17 0 57 0 0 50 44 0 0 0 45 5
12 0 30 0 0 0 0 0 0 0 0 0 0 0 0 0 0 0 0 0 0 0 12 0 6 14 1 0 0 27 0 48 0 0 17 23 0 4 0 21 0
0 0 29 0 3 0 0 0 0 0 0 0 0 0 0 0 0 0 0 0 0 0 0 0 0 4 0 0 0 19 0 58 0 0 45 44 0 0 0 41 4
0 0 21 0 4 0 0 0 0 0 0 0 0 0 0 0 0 0 0 0 0 0 0 0 0 0 0 0 0 12 0 47 0 0 48 42 0 0 0 45 5
0 0 16 0 4 0 0 0 0 0 0 0 0 0 0 0 0 0 0 0 0 0 0 0 0 0 0 0 0 7 0 37 0 0 42 37 0 0 0 37 4
0 0 19 0 4 0 0 0 0 0 0 0 0 0 0 0 0 0 0 0 0 0 0 0 0 0 0 0 0 8 0 43 0 0 46 42 0 0 0 43 5
0 0 14 0 4 0 0 0 0 0 0 0 0 0 0 0 0 0 0 0 0 0 0 0 0 0 0 0 0 3 0 28 0 0 38 37 0 0 0 40 6
0 0 12 0 4 0 0 0 0 0 0 0 0 0 0 0 0 0 0 0 0 0 0 0 0 0 0 0 0 1 0 26 0 0 40 36 0 0 0 39 5
0 0 32 0 3 0 0 0 0 0 0 0 0 0 0 0 0 0 0 0 0 0 0 0 0 5 0 0 0 24 0 66 0 1 46 43 0 0 0 42 4
12 0 31 0 0 0 0 0 0 0 0 0 0 0 0 0 0 0 0 0 0 0 11 0 5 13 0 0 0 27 0 49 0 0 16 21 0 3 0 19 0
14 0 30 0 0 0 0 0 0 0 0 0 0 0 0 0 0 0 0 0 0 0 13 0 7 14 1 0 0 26 0 45 0 0 13 19 0 6 0 15 0
0 0 35 0 2 0 0 0 0 0 0 0 0 0 0 0 0 0 0 0 0 0 0 0 0 6 0 0 0 24 0 68 0 3 42 42 0 0 0 37 3
16 0 28 0 0 0 0 0 0 0 0 0 0 0 0 0 0 0 0 0 0 0 17 0 8 13 2 0 0 23 0 38 0 0 7 15 0 10 0 8 0
0 0 28 0 5 0 0 0 0 0 0 0 0 0 0 0 0 0 0 0 0 0 0 0 0 0 0 0 0 18 0 58 0 2 46 41 0 0 0 40 4
6 0 34 0 0 0 0 0 0 0 0 0 0 0 0 0 0 0 0 0 0 0 4 0 2 11 0 0 0 27 0 60 0 1 26 29 0 0 0 23 0
0 0 24 0 4 0 0 0 0 0 0 0 0 0 0 0 0 0 0 0 0 0 0 0 0 0 0 0 0 15 0 53 0 0 50 44 0 0 0 46 5
0 0 31 0 4 0 0 0 0 0 0 0 0 0 0 0 0 0 0 0 0 0 0 0 0 3 0 0 0 22 0 65 0 2 48 44 0 0 0 43 4
0 0 23 0 5 0 0 0 0 0 0 0 0 0 0 0 0 0 0 0 0 0 0 0 0 0 0 0 0 13 0 50 0 0 48 44 0 0 0 44 5
4 0 34 0 0 0 0 0 0 0 0 0 0 0 0 0 0 0 0 0 0 0 3 0 2 11 0 0 0 28 0 61 0 0 29 32 0 0 0 26 0
3 0 34 0 0 0 0 0 0 0 0 0 0 0 0 0 0 0 0 0 0 0 2 0 2 10 0 0 0 27 0 63 0 2 29 32 0 0 0 26 0
9 0 31 0 0 0 0 0 0 0 0 0 0 0 0 0 0 0 0 0 0 0 8 0 4 13 0 0 0 28 0 55 0 0 22 27 0 0 0 23 0
0 0 28 0 4 0 0 0 0 0 0 0 0 0 0 0 0 0 0 0 0 0 0 0 0 2 0 0 0 21 0 60 0 0 49 44 0 0 0 46 5
9 0 33 0 0 0 0 0 0 0 0 0 0 0 0 0 0 0 0 0 0 0 7 0 4 13 0 0 0 28 0 56 0 0 23 28 0 0 0 23 0
0 0 34 0 1 0 0 0 0 0 0 0 0 0 0 0 0 0 0 0 0 0 0 0 0 8 0 0 0 27 0 66 0 2 36 36 0 0 0 32 2
0 0 23 0 4 0 0 0 0 0 0 0 0 0 0 0 0 0 0 0 0 0 0 0 0 0 0 0 0 14 0 51 0 0 49 45 0 0 0 45 5
0 0 32 0 4 0 0 0 0 0 0 0 0 0 0 0 0 0 0 0 0 0 0 0 0 3 0 0 0 22 0 66 0 2 47 43 0 0 0 42 4
0 0 31 0 4 0 0 0 0 0 0 0 0 0 0 0 0 0 0 0 0 0 0 0 0 3 0 0 0 22 0 64 0 0 48 45 0 0 0 44 4
0 0 36 0 1 0 0 0 0 0 0 0 0 0 0 0 0 0 0 0 0 0 0 0 0 8 0 0 0 26 0 67 0 4 36 36 0 0 0 31 2
0 0 25 0 4 0 0 0 0 0 0 0 0 0 0 0 0 0 0 0 0 0 0 0 0 1 0 0 0 16 0 54 0 0 48 43 0 0 0 44 4
0 0 22 0 4 0 0 0 0 0 0 0 0 0 0 0 0 0 0 0 0 0 0 0 0 0 0 0 0 13 0 49 0 0 46 40 0 0 0 41 4
24 0 32 4 0 0 0 0 0 0 0 0 0 0 0 0 0 0 0 0 0 0 24 0 13 13 7 0 0 14 0 34 0 10 0 10 0 25 0 0 0
2 0 33 0 0 0 0 0 0 0 0 0 0 0 0 0 0 0 0 0 0 0 1 0 1 11 0 0 0 28 0 62 0 0 32 34 0 0 0 28 0
0 0 35 0 1 0 0 0 0 0 0 0 0 0 0 0 0 0 0 0 0 0 0 0 0 8 0 0 0 26 0 66 0 3 37 38 0 0 0 33 2
0 0 7 0 4 0 0 0 0 0 0 0 0 0 0 0 0 0 0 0 0 0 0 0 0 0 0 0 0 0 0 16 0 0 37 33 0 0 0 37 5
34 0 48 24 0 0 0 0 0 0 0 0 0 0 0 0 0 0 0 0 0 0 34 0 15 13 12 0 0 0 0 26 0 23 0 13 0 43 0 0 0
33 0 49 21 0 0 0 0 0 0 0 0 0 0 0 0 0 0 0 0 0 0 33 0 15 12 12 0 0 0 0 30 0 25 0 13 0 42 0 0 0
37 0 65 39 0 0 0 0 0 0 0 0 0 0 0 0 0 0 0 0 0 0 37 3 16 10 15 0 0 0 0 29 0 42 0 20 0 51 0 0 0
0 0 23 0 4 0 0 0 0 0 0 0 0 0 0 0 0 0 0 0 0 0 0 0 0 0 0 0 0 13 0 49 0 0 47 42 0 0 0 43 5
0 0 24 0 4 0 0 0 0 0 0 0 0 0 0 0 0 0 0 0 0 0 0 0 0 0 0 0 0 14 0 52 0 0 47 43 0 0 0 42 4
34 0 50 23 0 0 0 0 0 0 0 0 0 0 0 0 0 0 0 0 0 0 34 1 15 11 12 0 0 0 0 29 0 28 0 10 0 44 0 0 0
0 0 19 0 4 0 0 0 0 0 0 0 0 0 0 0 0 0 0 0 0 0 0 0 0 0 0 0 0 9 0 43 0 0 45 41 0 0 0 42 4
14 0 28 0 0 0 0 0 0 0 0 0 0 0 0 0 0 0 0 0 0 0 14 0 6 15 1 0 0 27 0 44 0 0 16 23 0 5 0 21 0
0 0 7 1 5 0 0 0 0 0 0 0 0 0 0 0 0 0 0 0 0 0 0 0 0 0 0 0 0 0 0 10 0 0 35 35 0 0 0 40 8
0 0 0 6 10 0 0 0 0 0 0 0 0 0 0 0 0 0 0 0 0 0 0 0 0 0 0 0 0 0 0 0 0 4 20 30 0 0 0 27 6
31 0 41 16 0 0 0 0 0 0 0 0 0 0 0 0 0 0 0 0 0 0 32 0 15 13 10 0 0 0 0 27 0 18 0 10 0 38 0 0 0
34 0 48 22 0 0 0 0 0 0 0 0 0 0 0 0 0 0 0 0 0 0 35 1 15 12 11 0 0 0 0 28 0 25 0 9 0 43 0 0 0
0 0 18 0 4 0 0 0 0 0 0 0 0 0 0 0 0 0 0 0 0 0 0 0 0 0 0 0 0 7 0 40 0 0 43 40 0 0 0 40 5
17 0 28 0 0 0 0 0 0 0 0 0 0 0 0 0 0 0 0 0 0 0 17 0 8 15 1 0 0 25 0 39 0 0 7 16 0 10 0 11 0
0 0 22 0 5 0 0 0 0 0 0 0 0 0 0 0 0 0 0 0 0 0 0 0 0 0 0 0 0 14 0 50 0 0 48 43 0 0 0 44 5
0 0 14 0 4 0 0 0 0 0 0 0 0 0 0 0 0 0 0 0 0 0 0 0 0 0 0 0 0 3 0 33 0 0 43 39 0 0 0 40 5
0 0 31 0 4 0 0 0 0 0 0 0 0 0 0 0 0 0 0 0 0 0 0 0 0 2 0 0 0 20 0 63 0 2 47 44 0 0 0 43 4
0 0 23 0 4 0 0 0 0 0 0 0 0 0 0 0 0 0 0 0 0 0 0 0 0 0 0 0 0 14 0 50 0 0 48 43 0 0 0 43 5
0 0 15 0 4 0 0 0 0 0 0 0 0 0 0 0 0 0 0 0 0 0 0 0 0 0 0 0 0 2 0 28 0 0 40 38 0 0 0 40 6
0 0 18 0 4 0 0 0 0 0 0 0 0 0 0 0 0 0 0 0 0 0 0 0 0 0 0 0 0 9 0 40 0 0 43 40 0 0 0 41 4
7 0 33 0 0 0 0 0 0 0 0 0 0 0 0 0 0 0 0 0 0 0 6 0 3 13 0 0 0 28 0 57 0 0 25 30 0 0 0 25 0
0 0 33 0 4 0 0 0 0 0 0 0 0 0 0 0 0 0 0 0 0 0 0 0 0 5 0 0 0 23 0 66 0 2 45 42 0 0 0 40 4
0 0 8 0 4 0 0 0 0 0 0 0 0 0 0 0 0 0 0 0 0 0 0 0 0 0 0 0 0 0 0 15 0 0 37 35 0 0 0 40 6
0 0 18 0 4 0 0 0 0 0 0 0 0 0 0 0 0 0 0 0 0 0 0 0 0 0 0 0 0 5 0 37 0 0 42 41 0 0 0 39 5
25 0 36 6 0 0 0 0 0 0 0 0 0 0 0 0 0 0 0 0 0 0 26 0 14 12 8 0 0 10 0 34 0 15 0 7 0 27 0 0 0
37 0 66 40 0 0 0 0 0 0 0 0 0 0 0 0 0 0 0 0 0 0 38 3 16 11 14 0 0 0 0 30 0 41 0 25 0 52 0 0 0
1 0 34 0 0 0 0 0 0 0 0 0 0 0 0 0 0 0 0 0 0 0 1 0 1 10 0 0 0 27 0 63 0 0 34 37 0 0 0 31 0
27 0 38 8 0 0 0 0 0 0 0 0 0 0 0 0 0 0 0 0 0 0 28 0 14 13 8 0 0 9 0 34 0 15 0 8 0 31 0 0 0
0 0 18 0 4 0 0 0 0 0 0 0 0 0 0 0 0 0 0 0 0 0 0 0 0 0 0 0 0 9 0 42 0 0 46 41 0 0 0 43 5
0 0 19 0 4 0 0 0 0 0 0 0 0 0 0 0 0 0 0 0 0 0 0 0 0 0 0 0 0 10 0 44 0 0 47 42 0 0 0 44 5
25 0 33 4 0 0 0 0 0 0 0 0 0 0 0 0 0 0 0 0 0 0 25 0 12 13 6 0 0 13 0 34 0 11 0 7 0 25 0 0 0
0 0 33 0 3 0 0 0 0 0 0 0 0 0 0 0 0 0 0 0 0 0 0 0 0 6 0 0 0 25 0 67 0 3 41 40 0 0 0 37 4
0 0 32 0 3 0 0 0 0 0 0 0 0 0 0 0 0 0 0 0 0 0 0 0 0 5 0 0 0 24 0 66 0 2 46 43 0 0 0 41 4
0 0 33 0 4 0 0 0 0 0 0 0 0 0 0 0 0 0 0 0 0 0 0 0 0 4 0 0 0 22 0 66 0 3 46 43 0 0 0 41 4
0 0 34 0 2 0 0 0 0 0 0 0 0 0 0 0 0 0 0 0 0 0 0 0 0 6 0 0 0 24 0 68 0 1 43 43 0 0 0 39 4
0 0 29 0 4 0 0 0 0 0 0 0 0 0 0 0 0 0 0 0 0 0 0 0 0 2 0 0 0 19 0 59 0 1 47 43 0 0 0 41 4
17 0 27 0 0 0 0 0 0 0 0 0 0 0 0 0 0 0 0 0 0 0 18 0 9 14 3 0 0 22 0 37 0 1 3 14 0 14 0 4 0
25 0 36 7 0 0 0 0 0 0 0 0 0 0 0 0 0 0 0 0 0 0 26 0 13 12 7 0 0 10 0 33 0 14 0 5 0 26 0 0 0
0 0 9 0 4 0 0 0 0 0 0 0 0 0 0 0 0 0 0 0 0 0 0 0 0 0 0 0 0 0 0 14 0 0 35 34 0 0 0 37 7
0 0 26 0 5 0 0 0 0 0 0 0 0 0 0 0 0 0 0 0 0 0 0 0 0 0 0 0 0 16 0 56 0 0 49 44 0 0 0 44 5
35 0 58 32 0 0 0 0 0 0 0 0 0 0 0 0 0 0 0 0 0 0 36 1 15 11 13 0 0 0 0 28 0 34 0 17 0 48 0 0 0
0 0 31 0 4 0 0 0 0 0 0 0 0 0 0 0 0 0 0 0 0 0 0 0 0 1 0 0 0 20 0 63 0 2 47 43 0 0 0 43 4
0 0 34 0 1 0 0 0 0 0 0 0 0 0 0 0 0 0 0 0 0 0 0 0 0 8 0 0 0 27 0 66 0 2 37 37 0 0 0 33 3
6 0 34 0 0 0 0 0 0 0 0 0 0 0 0 0 0 0 0 0 0 0 5 0 3 12 0 0 0 28 0 60 0 0 26 31 0 0 0 24 0
28 0 39 9 0 0 0 0 0 0 0 0 0 0 0 0 0 0 0 0 0 0 29 0 14 12 9 0 0 7 0 33 0 17 0 8 0 32 0 0 0
0 0 16 0 4 0 0 0 0 0 0 0 0 0 0 0 0 0 0 0 0 0 0 0 0 0 0 0 0 5 0 35 0 0 43 40 0 0 0 41 5
0 0 20 0 4 0 0 0 0 0 0 0 0 0 0 0 0 0 0 0 0 0 0 0 0 0 0 0 0 11 0 45 0 0 47 40 0 0 0 43 5
0 0 9 0 4 0 0 0 0 0 0 0 0 0 0 0 0 0 0 0 0 0 0 0 0 0 0 0 0 0 0 19 0 0 39 35 0 0 0 39 6
19 0 27 0 0 0 0 0 0 0 0 0 0 0 0 0 0 0 0 0 0 0 20 0 9 14 2 0 0 23 0 36 0 0 3 14 0 15 0 5 0
21 0 29 1 0 0 0 0 0 0 0 0 0 0 0 0 0 0 0 0 0 0 23 0 12 14 5 0 0 18 0 34 0 4 0 12 0 21 0 0 0
29 0 41 12 0 0 0 0 0 0 0 0 0 0 0 0 0 0 0 0 0 0 29 0 15 13 10 0 0 4 0 33 0 20 0 7 0 36 0 0 0
0 0 15 0 3 0 0 0 0 0 0 0 0 0 0 0 0 0 0 0 0 0 0 0 0 0 0 0 0 3 0 31 0 0 38 35 0 0 0 35 4
0 0 30 0 4 0 0 0 0 0 0 0 0 0 0 0 0 0 0 0 0 0 0 0 0 1 0 0 0 21 0 63 0 1 48 43 0 0 0 44 5
0 0 33 0 1 0 0 0 0 0 0 0 0 0 0 0 0 0 0 0 0 0 0 0 0 10 0 0 0 27 0 65 0 0 39 40 0 0 0 36 3
0 0 34 0 3 0 0 0 0 0 0 0 0 0 0 0 0 0 0 0 0 0 0 0 0 5 0 0 0 24 0 67 0 4 42 40 0 0 0 37 3
0 0 8 0 5 0 0 0 0 0 0 0 0 0 0 0 0 0 0 0 0 0 0 0 0 0 0 0 0 0 0 19 0 0 38 35 0 0 0 38 6
0 0 34 0 3 0 0 0 0 0 0 0 0 0 0 0 0 0 0 0 0 0 0 0 0 6 0 0 0 25 0 68 0 4 41 41 0 0 0 36 3
0 0 34 0 4 0 0 0 0 0 0 0 0 0 0 0 0 0 0 0 0 0 0 0 0 4 0 0 0 24 0 68 0 4 45 44 0 0 0 40 4
0 0 33 0 3 0 0 0 0 0 0 0 0 0 0 0 0 0 0 0 0 0 0 0 0 5 0 0 0 24 0 66 0 4 43 42 0 0 0 38 4
0 0 17 0 4 0 0 0 0 0 0 0 0 0 0 0 0 0 0 0 0 0 0 0 0 0 0 0 0 7 0 40 0 0 46 41 0 0 0 43 5
26 0 36 6 0 0 0 0 0 0 0 0 0 0 0 0 0 0 0 0 0 0 26 0 14 12 9 0 0 10 0 33 0 16 0 7 0 29 0 0 0
34 0 54 28 0 0 0 0 0 0 0 0 0 0 0 0 0 0 0 0 0 0 35 0 15 11 13 0 0 0 0 29 0 31 0 15 0 46 0 0 0
0 0 22 0 4 0 0 0 0 0 0 0 0 0 0 0 0 0 0 0 0 0 0 0 0 0 0 0 0 12 0 48 0 0 46 42 0 0 0 42 4
35 0 55 28 0 0 0 0 0 0 0 0 0 0 0 0 0 0 0 0 0 0 36 1 15 11 12 0 0 0 0 30 0 31 0 15 0 46 0 0 0
0 0 34 0 1 0 0 0 0 0 0 0 0 0 0 0 0 0 0 0 0 0 0 0 0 9 0 0 0 28 0 66 0 1 36 35 0 0 0 33 3
0 0 35 0 3 0 0 0 0 0 0 0 0 0 0 0 0 0 0 0 0 0 0 0 0 6 0 0 0 25 0 67 0 5 41 41 0 0 0 35 3
33 0 45 21 0 0 0 0 0 0 0 0 0 0 0 0 0 0 0 0 0 0 33 0 15 12 11 0 0 0 0 25 0 22 0 10 0 41 0 0 0
0 0 3 1 5 0 0 0 0 0 0 0 0 0 0 0 0 0 0 0 0 0 0 0 0 0 0 0 0 0 0 6 0 0 35 34 0 0 0 38 7
0 0 34 0 2 0 0 0 0 0 0 0 0 0 0 0 0 0 0 0 0 0 0 0 0 7 0 0 0 27 0 67 0 3 39 38 0 0 0 34 3
28 0 37 8 0 0 0 0 0 0 0 0 0 0 0 0 0 0 0 0 0 0 28 0 14 13 8 0 0 9 0 34 0 16 0 8 0 32 0 0 0
25 0 37 6 0 0 0 0 0 0 0 0 0 0 0 0 0 0 0 0 0 0 26 0 13 12 7 0 0 11 0 35 0 14 0 6 0 26 0 0 0
0 0 20 0 4 0 0 0 0 0 0 0 0 0 0 0 0 0 0 0 0 0 0 0 0 0 0 0 0 9 0 43 0 0 45 41 0 0 0 41 4
0 0 13 0 3 0 0 0 0 0 0 0 0 0 0 0 0 0 0 0 0 0 0 0 0 0 0 0 0 1 0 27 0 0 40 36 0 0 0 38 5
2 0 36 0 0 0 0 0 0 0 0 0 0 0 0 0 0 0 0 0 0 0 2 0 1 11 0 0 0 29 0 65 0 1 33 37 0 0 0 30 0
34 0 47 23 0 0 0 0 0 0 0 0 0 0 0 0 0 0 0 0 0 0 34 0 15 12 11 0 0 0 0 26 0 24 0 12 0 43 0 0 0
27 0 35 8 0 0 0 0 0 0 0 0 0 0 0 0 0 0 0 0 0 0 27 0 13 12 7 0 0 10 0 32 0 13 0 4 0 27 0 0 0
0 0 34 0 1 0 0 0 0 0 0 0 0 0 0 0 0 0 0 0 0 0 0 0 0 8 0 0 0 26 0 66 0 1 39 38 0 0 0 36 3
37 0 62 38 0 0 0 0 0 0 0 0 0 0 0 0 0 0 0 0 0 0 38 2 15 11 14 0 0 0 0 27 0 36 0 24 0 51 0 0 0
0 0 22 0 5 0 0 0 0 0 0 0 0 0 0 0 0 0 0 0 0 0 0 0 0 0 0 0 0 12 0 49 0 0 47 42 0 0 0 43 4
0 0 15 0 4 0 0 0 0 0 0 0 0 0 0 0 0 0 0 0 0 0 0 0 0 0 0 0 0 4 0 32 0 0 42 38 0 0 0 41 5
0 0 22 0 4 0 0 0 0 0 0 0 0 0 0 0 0 0 0 0 0 0 0 0 0 0 0 0 0 13 0 50 0 0 49 43 0 0 0 46 5
7 0 34 0 0 0 0 0 0 0 0 0 0 0 0 0 0 0 0 0 0 0 7 0 4 13 0 0 0 28 0 58 0 0 25 30 0 0 0 25 0
31 0 42 16 0 0 0 0 0 0 0 0 0 0 0 0 0 0 0 0 0 0 32 0 15 13 10 0 0 0 0 27 0 18 0 9 0 39 0 0 0
0 0 2 4 7 0 0 0 0 0 0 0 0 0 0 0 0 0 0 0 0 0 0 0 0 0 0 0 0 0 0 0 0 2 25 30 0 0 0 30 7
0 0 26 0 4 0 0 0 0 0 0 0 0 0 0 0 0 0 0 0 0 0 0 0 0 1 0 0 0 16 0 54 0 0 46 43 0 0 0 41 4
0 0 34 0 0 0 0 0 0 0 0 0 0 0 0 0 0 0 0 0 0 0 0 0 0 9 0 0 0 27 0 65 0 1 34 36 0 0 0 31 1
13 0 30 0 0 0 0 0 0 0 0 0 0 0 0 0 0 0 0 0 0 0 13 0 6 15 1 0 0 28 0 47 0 0 17 25 0 5 0 22 0
0 0 17 0 4 0 0 0 0 0 0 0 0 0 0 0 0 0 0 0 0 0 0 0 0 0 0 0 0 4 0 33 0 0 41 39 0 0 0 40 6
6 0 33 0 0 0 0 0 0 0 0 0 0 0 0 0 0 0 0 0 0 0 6 0 2 13 0 0 0 29 0 59 0 0 28 34 0 0 0 27 0
32 0 47 20 0 0 0 0 0 0 0 0 0 0 0 0 0 0 0 0 0 0 32 0 15 12 12 0 0 0 0 29 0 25 0 10 0 42 0 0 0
0 0 26 0 5 0 0 0 0 0 0 0 0 0 0 0 0 0 0 0 0 0 0 0 0 0 0 0 0 15 0 55 0 0 47 43 0 0 0 43 5
0 0 25 0 5 0 0 0 0 0 0 0 0 0 0 0 0 0 0 0 0 0 0 0 0 0 0 0 0 15 0 54 0 0 48 42 0 0 0 43 5
0 0 29 0 4 0 0 0 0 0 0 0 0 0 0 0 0 0 0 0 0 0 0 0 0 1 0 0 0 19 0 60 0 0 48 44 0 0 0 45 5
35 0 56 30 0 0 0 0 0 0 0 0 0 0 0 0 0 0 0 0 0 0 36 0 15 11 13 0 0 0 0 30 0 32 0 17 0 46 0 0 0
0 0 31 0 4 0 0 0 0 0 0 0 0 0 0 0 0 0 0 0 0 0 0 0 0 4 0 0 0 22 0 64 0 2 45 42 0 0 0 39 4
0 0 35 0 2 0 0 0 0 0 0 0 0 0 0 0 0 0 0 0 0 0 0 0 0 8 0 0 0 27 0 68 0 3 38 38 0 0 0 33 3
0 0 35 0 1 0 0 0 0 0 0 0 0 0 0 0 0 0 0 0 0 0 0 0 0 8 0 0 0 27 0 65 0 2 35 35 0 0 0 32 2
0 0 27 0 4 0 0 0 0 0 0 0 0 0 0 0 0 0 0 0 0 0 0 0 0 0 0 0 0 17 0 56 0 0 47 43 0 0 0 43 4
22 0 31 2 0 0 0 0 0 0 0 0 0 0 0 0 0 0 0 0 0 0 23 0 11 13 5 0 0 16 0 35 0 7 0 10 0 21 0 0 0
0 0 21 0 4 0 0 0 0 0 0 0 0 0 0 0 0 0 0 0 0 0 0 0 0 0 0 0 0 12 0 48 0 0 47 42 0 0 0 43 5
16 0 28 0 0 0 0 0 0 0 0 0 0 0 0 0 0 0 0 0 0 0 17 0 8 15 2 0 0 26 0 41 0 0 8 18 0 11 0 12 0
0 0 30 0 4 0 0 0 0 0 0 0 0 0 0 0 0 0 0 0 0 0 0 0 0 2 0 0 0 21 0 63 0 1 48 43 0 0 0 43 4
0 0 9 0 5 0 0 0 0 0 0 0 0 0 0 0 0 0 0 0 0 0 0 0 0 0 0 0 0 0 0 16 0 0 35 34 0 0 0 38 7
14 0 30 0 0 0 0 0 0 0 0 0 0 0 0 0 0 0 0 0 0 0 14 0 7 16 1 0 0 29 0 47 0 0 16 27 0 8 0 24 0
0 0 29 0 5 0 0 0 0 0 0 0 0 0 0 0 0 0 0 0 0 0 0 0 0 0 0 0 0 19 0 60 0 1 49 44 0 0 0 44 5
21 0 29 0 0 0 0 0 0 0 0 0 0 0 0 0 0 0 0 0 0 0 21 0 10 14 4 0 0 20 0 35 0 4 0 11 0 19 0 0 0
0 0 33 0 4 0 0 0 0 0 0 0 0 0 0 0 0 0 0 0 0 0 0 0 0 4 0 0 0 24 0 67 0 3 45 43 0 0 0 41 4
26 0 35 7 0 0 0 0 0 0 0 0 0 0 0 0 0 0 0 0 0 0 27 0 13 13 7 0 0 10 0 32 0 13 0 6 0 28 0 0 0
21 0 29 0 0 0 0 0 0 0 0 0 0 0 0 0 0 0 0 0 0 0 22 0 11 14 4 0 0 18 0 34 0 5 0 9 0 20 0 0 0
12 0 28 0 0 0 0 0 0 0 0 0 0 0 0 0 0 0 0 0 0 0 12 0 6 14 0 0 0 27 0 47 0 0 19 26 0 3 0 21 0
0 0 11 0 4 0 0 0 0 0 0 0 0 0 0 0 0 0 0 0 0 0 0 0 0 0 0 0 0 0 0 21 0 0 35 33 0 0 0 36 5
34 0 54 29 0 0 0 0 0 0 0 0 0 0 0 0 0 0 0 0 0 0 35 0 15 11 13 0 0 0 0 27 0 32 0 15 0 46 0 0 0
0 0 20 0 5 0 0 0 0 0 0 0 0 0 0 0 0 0 0 0 0 0 0 0 0 0 0 0 0 10 0 46 0 0 47 42 0 0 0 44 5
21 0 27 1 0 0 0 0 0 0 0 0 0 0 0 0 0 0 0 0 0 0 21 0 11 13 5 0 0 18 0 31 0 4 0 7 0 18 0 0 0
0 0 17 0 4 0 0 0 0 0 0 0 0 0 0 0 0 0 0 0 0 0 0 0 0 0 0 0 0 7 0 39 0 0 45 40 0 0 0 42 5
0 0 17 0 5 0 0 0 0 0 0 0 0 0 0 0 0 0 0 0 0 0 0 0 0 0 0 0 0 8 0 40 0 0 45 41 0 0 0 42 5
0 0 34 0 1 0 0 0 0 0 0 0 0 0 0 0 0 0 0 0 0 0 0 0 0 8 0 0 0 26 0 65 0 2 37 36 0 0 0 32 2
0 0 34 0 2 0 0 0 0 0 0 0 0 0 0 0 0 0 0 0 0 0 0 0 0 8 0 0 0 26 0 66 0 2 39 38 0 0 0 35 3
2 0 36 0 0 0 0 0 0 0 0 0 0 0 0 0 0 0 0 0 0 0 2 0 1 11 0 0 0 28 0 66 0 1 32 38 0 0 0 28 0
1 0 35 0 0 0 0 0 0 0 0 0 0 0 0 0 0 0 0 0 0 0 1 0 0 10 0 0 0 28 0 65 0 2 31 34 0 0 0 28 0
33 0 49 21 0 0 0 0 0 0 0 0 0 0 0 0 0 0 0 0 0 0 33 0 15 12 12 0 0 0 0 30 0 25 0 13 0 43 0 0 0
3 0 34 0 0 0 0 0 0 0 0 0 0 0 0 0 0 0 0 0 0 0 3 0 2 10 0 0 0 28 0 63 0 2 29 32 0 0 0 26 0
33 0 47 24 0 0 0 0 0 0 0 0 0 0 0 0 0 0 0 0 0 0 34 0 16 11 11 0 0 0 0 24 0 24 0 11 0 43 0 0 0
30 0 44 18 0 0 0 0 0 0 0 0 0 0 0 0 0 0 0 0 0 0 31 0 15 12 12 0 0 0 0 27 0 22 0 10 0 39 0 0 0
36 0 63 35 0 0 0 0 0 0 0 0 0 0 0 0 0 0 0 0 0 0 37 2 15 11 14 0 0 0 0 31 0 38 0 19 0 49 0 0 0
17 0 26 0 0 0 0 0 0 0 0 0 0 0 0 0 0 0 0 0 0 0 18 0 9 14 2 0 0 24 0 38 0 0 5 14 0 11 0 7 0
0 0 32 0 4 0 0 0 0 0 0 0 0 0 0 0 0 0 0 0 0 0 0 0 0 4 0 0 0 22 0 65 0 1 47 44 0 0 0 42 4
0 0 13 0 3 0 0 0 0 0 0 0 0 0 0 0 0 0 0 0 0 0 0 0 0 0 0 0 0 0 0 24 0 0 35 33 0 0 0 34 4
0 0 33 0 4 0 0 0 0 0 0 0 0 0 0 0 0 0 0 0 0 0 0 0 0 4 0 0 0 24 0 68 0 3 46 43 0 0 0 40 4
31 0 43 17 0 0 0 0 0 0 0 0 0 0 0 0 0 0 0 0 0 0 32 0 15 12 11 0 0 0 0 28 0 21 0 9 0 40 0 0 0
