28 0 33 0 0 0 0 0 0 0 0 0 0 0 0 0 0 0 0 0 0 0 0 0 0 0 0 0 0 0 0 0 0 0 0 22 0 13 18 35 0
0 10 0 0 0 0 0 0 0 0 0 0 0 0 0 7 1 0 0 0 3 0 8 0 0 0 5 0 0 0 0 38 7 0 29 0 7 0 0 0 18
36 0 40 0 0 0 0 0 0 0 0 0 0 0 0 0 0 0 0 0 0 0 0 0 0 0 0 0 0 0 0 0 0 0 0 27 0 14 22 41 0
0 11 0 0 0 0 0 0 0 0 0 0 0 0 0 9 1 0 0 0 3 0 8 0 0 0 3 0 0 0 0 43 7 0 31 0 9 0 0 0 19
27 0 31 0 0 0 0 0 0 0 0 0 0 0 0 0 0 0 0 0 0 0 0 0 0 0 0 0 0 0 0 0 0 0 0 20 0 13 17 33 0
1 7 8 0 0 0 0 0 0 0 0 0 0 0 0 4 0 0 0 0 1 0 6 0 0 0 5 0 0 0 0 27 5 0 24 6 2 5 3 15 14
11 4 17 0 0 0 0 0 0 0 0 0 0 0 0 2 0 0 0 0 0 0 4 0 0 0 5 0 0 0 0 20 4 0 21 10 0 9 8 21 11
27 0 32 0 0 0 0 0 0 0 0 0 0 0 0 0 0 0 0 0 0 0 0 0 0 0 0 0 0 0 0 0 0 0 0 22 0 14 19 33 0
0 15 0 0 0 0 0 0 0 0 0 0 0 0 0 11 0 0 0 0 4 0 9 0 0 0 2 0 0 0 0 51 8 0 34 0 12 0 0 0 22
0 12 0 0 0 0 0 0 0 0 0 0 0 0 0 9 0 0 0 0 4 0 7 0 0 0 2 1 0 0 0 50 8 0 35 0 10 0 0 0 22
0 7 3 0 0 0 0 0 0 0 0 0 0 0 0 5 0 0 0 0 1 0 6 0 0 0 5 0 0 0 0 29 6 0 25 3 3 3 2 9 14
0 13 0 0 0 0 0 0 0 0 0 0 0 0 0 10 0 0 0 0 4 0 8 0 0 0 2 0 0 0 0 49 8 0 34 0 11 0 0 0 21
0 13 0 0 0 0 0 0 0 0 0 0 0 0 0 9 0 0 0 0 4 0 9 0 0 0 4 0 0 0 0 45 7 0 31 0 10 0 0 0 20
0 12 0 0 0 0 0 0 0 0 0 0 0 0 0 9 0 0 0 0 4 0 8 0 0 0 2 0 0 0 0 48 8 0 34 0 11 0 0 0 21
0 14 0 0 0 0 0 0 0 0 0 0 0 0 0 12 0 0 0 0 4 0 8 0 0 0 0 1 0 0 0 56 8 0 37 0 14 0 0 0 24
0 17 0 0 0 0 0 0 0 0 0 0 0 0 0 13 0 0 0 0 5 0 9 0 0 0 1 0 0 0 1 58 8 0 37 0 15 0 0 0 25
0 12 0 0 0 0 0 0 0 0 0 0 0 0 0 9 1 0 0 0 3 0 8 0 0 0 4 0 1 0 0 44 7 0 31 0 9 0 0 0 19
0 13 0 0 0 0 0 0 0 0 0 0 0 0 0 10 0 0 0 0 3 0 8 0 0 0 2 1 0 0 0 49 8 0 34 0 11 0 0 0 21
0 14 0 0 0 0 0 0 0 0 0 0 0 0 0 11 0 0 0 0 4 0 9 0 0 0 2 0 0 0 0 50 8 0 34 0 12 0 0 0 22
0 12 0 0 0 0 0 0 0 0 0 0 0 0 0 8 0 0 0 0 3 0 9 0 0 0 4 0 0 0 0 42 7 0 31 0 9 0 0 0 19
0 10 0 0 0 0 0 0 0 0 0 0 0 0 0 7 1 0 0 0 3 0 8 0 0 0 5 0 0 0 0 36 6 0 28 0 6 0 0 0 17
0 13 0 0 0 0 0 0 0 0 0 0 0 0 0 10 0 0 0 0 4 0 9 0 0 0 3 0 1 0 0 45 7 0 31 0 10 0 0 0 20
0 10 0 0 0 0 0 0 0 0 0 0 0 0 0 7 0 0 0 0 3 0 8 0 0 0 5 0 0 0 0 36 7 0 28 0 6 0 0 0 17
32 0 36 0 0 0 0 0 0 0 0 0 0 0 0 0 0 0 0 0 0 0 0 0 0 0 0 0 0 0 0 0 0 0 0 23 0 13 20 37 0
0 12 0 0 0 0 0 0 0 0 0 0 0 0 0 8 0 0 0 0 3 0 9 0 0 0 4 0 0 0 0 42 7 0 30 0 9 0 0 0 19
29 0 32 0 0 0 0 0 0 0 0 0 0 0 0 0 0 0 0 0 0 0 0 0 0 0 0 0 0 0 0 0 0 0 0 21 0 14 18 34 0
28 0 32 0 0 0 0 0 0 0 0 0 0 0 0 0 0 0 0 0 0 0 0 0 0 0 0 0 0 0 0 0 0 0 0 22 0 13 17 35 0
10 4 16 0 0 0 0 0 0 0 0 0 0 0 0 2 0 0 0 0 0 0 5 0 0 0 5 0 0 0 0 21 5 0 21 10 0 9 8 20 11
0 14 0 0 0 0 0 0 0 0 0 0 0 0 0 11 0 0 0 0 4 0 8 0 0 0 1 0 0 0 0 52 8 0 36 0 12 0 0 0 23
0 13 0 0 0 0 0 0 0 0 0 0 0 0 0 9 0 0 0 0 4 0 9 0 0 0 4 0 0 0 0 44 7 0 31 0 10 0 0 0 20
34 0 37 0 0 0 0 0 0 0 0 0 0 0 0 0 0 0 0 0 0 0 0 0 0 0 0 0 0 0 0 0 0 0 0 25 0 13 21 38 0
1 7 0 0 0 0 0 0 0 0 0 0 0 0 0 5 0 0 0 0 1 0 6 0 0 0 1 0 0 0 0 32 4 0 24 2 5 3 1 3 14
33 0 37 0 0 0 0 0 0 0 0 0 0 0 0 0 0 0 0 0 0 0 0 0 0 0 0 0 0 0 0 0 0 0 0 24 0 13 21 38 0
0 14 0 0 0 0 0 0 0 0 0 0 0 0 0 11 0 0 0 0 4 0 9 0 0 0 2 0 0 0 0 51 8 0 34 0 12 0 0 0 22
0 17 0 0 0 0 0 0 0 0 0 0 0 0 0 14 0 0 0 0 5 0 9 0 0 0 0 1 0 0 1 62 8 0 40 0 16 0 0 0 26
28 0 31 0 0 0 0 0 0 0 0 0 0 0 0 0 0 0 0 0 0 0 0 0 0 0 0 0 0 0 0 0 0 0 0 21 0 13 18 33 0
37 0 40 0 0 0 0 0 0 0 0 0 0 0 0 0 0 0 0 0 0 0 0 0 0 0 0 0 0 0 0 0 0 0 0 28 0 14 24 41 0
38 0 42 0 0 0 0 0 0 0 0 0 0 0 0 0 0 0 0 0 0 0 0 0 0 0 0 0 0 0 0 0 0 0 0 28 0 14 23 42 0
35 0 38 0 0 0 0 0 0 0 0 0 0 0 0 0 0 0 0 0 0 0 0 0 0 0 0 0 0 0 0 0 0 0 0 26 0 14 22 39 0
0 13 0 0 0 0 0 0 0 0 0 0 0 0 0 9 0 0 0 0 4 0 9 0 0 0 4 0 1 0 0 45 7 0 31 0 10 0 0 0 20
24 0 28 0 0 0 0 0 0 0 0 0 0 0 0 0 0 0 0 0 0 0 0 0 0 0 2 0 0 0 0 1 0 0 9 18 0 14 15 30 2
12 4 17 0 0 0 0 0 0 0 0 0 0 0 0 2 0 0 0 0 0 0 5 0 0 0 5 0 0 0 0 20 4 0 21 11 0 10 9 22 11
29 0 33 0 0 0 0 0 0 0 0 0 0 0 0 0 0 0 0 0 0 0 0 0 0 0 0 0 0 0 0 0 0 0 0 23 0 13 20 34 0
0 12 0 0 0 0 0 0 0 0 0 0 0 0 0 9 0 0 0 0 3 0 9 0 0 0 3 0 0 0 0 44 7 0 31 0 10 0 0 0 20
33 0 38 0 0 0 0 0 0 0 0 0 0 0 0 0 0 0 0 0 0 0 0 0 0 0 0 0 0 0 0 0 0 0 0 25 0 13 21 39 0
0 11 0 0 0 0 0 0 0 0 0 0 0 0 0 8 0 0 0 0 3 0 8 0 0 0 2 0 0 0 0 45 7 0 33 0 9 0 0 0 21
0 9 0 0 0 0 0 0 0 0 0 0 0 0 0 6 0 0 0 0 2 0 7 0 0 0 5 0 0 0 0 33 6 0 27 0 5 0 0 5 17
0 11 0 0 0 0 0 0 0 0 0 0 0 0 0 7 0 0 0 0 3 0 8 0 0 0 5 0 0 0 0 38 7 0 28 0 7 0 0 0 18
0 8 1 0 0 0 0 0 0 0 0 0 0 0 0 5 1 0 0 0 2 0 7 0 0 0 5 0 0 0 0 31 6 0 26 2 4 3 1 7 15
0 8 2 0 0 0 0 0 0 0 0 0 0 0 0 5 0 0 0 0 2 0 6 0 0 0 6 0 0 0 0 31 6 0 26 3 4 2 1 10 16
4 6 7 0 0 0 0 0 0 0 0 0 0 0 0 4 1 0 0 0 1 0 6 0 0 0 5 0 0 0 0 26 5 0 23 6 2 6 4 13 13
7 5 10 0 0 0 0 0 0 0 0 0 0 0 0 3 0 0 0 0 0 0 5 0 0 0 4 0 0 0 0 22 4 0 20 6 2 7 6 14 11
0 11 0 0 0 0 0 0 0 0 0 0 0 0 0 9 0 0 0 0 3 0 8 0 0 0 3 0 0 0 0 45 8 0 32 0 9 0 0 0 21
0 12 0 0 0 0 0 0 0 0 0 0 0 0 0 9 0 0 0 0 3 0 9 0 0 0 2 0 0 0 0 45 7 0 32 0 11 0 0 0 20
7 5 12 0 0 0 0 0 0 0 0 0 0 0 0 3 0 0 0 0 1 0 5 0 0 0 4 0 0 0 0 24 5 0 22 8 2 8 6 17 13
21 1 25 0 0 0 0 0 0 0 0 0 0 0 0 0 0 0 0 0 0 0 2 0 0 0 4 0 0 0 0 10 2 0 15 16 0 13 13 28 6
25 0 30 0 0 0 0 0 0 0 0 0 0 0 0 0 0 0 0 0 0 0 0 0 0 0 1 0 0 0 0 0 0 0 5 19 0 13 16 31 0
1 7 1 0 0 0 0 0 0 0 0 0 0 0 0 5 0 0 0 0 1 0 7 0 0 0 2 0 0 0 0 31 5 0 24 2 5 3 2 4 14
1 7 4 0 0 0 0 0 0 0 0 0 0 0 0 4 0 0 0 0 1 0 6 0 0 0 6 0 0 0 0 30 6 0 25 4 3 4 2 10 15
0 13 0 0 0 0 0 0 0 0 0 0 0 0 0 10 0 0 0 0 4 0 8 0 0 0 2 1 1 0 0 50 8 0 34 0 11 0 0 0 21
27 0 31 0 0 0 0 0 0 0 0 0 0 0 0 0 0 0 0 0 0 0 0 0 0 0 0 0 0 0 0 0 0 0 0 20 0 13 17 33 0
0 14 0 0 0 0 0 0 0 0 0 0 0 0 0 11 0 0 0 0 4 0 9 0 0 0 3 0 0 0 0 50 8 0 33 0 12 0 0 0 22
0 11 0 0 0 0 0 0 0 0 0 0 0 0 0 8 1 0 0 0 3 0 8 0 0 0 4 0 0 0 0 42 7 0 30 0 8 0 0 0 19
0 15 0 0 0 0 0 0 0 0 0 0 0 0 0 12 0 0 0 0 4 0 8 0 0 0 0 1 0 0 0 56 8 0 37 0 14 0 0 0 24
0 13 0 0 0 0 0 0 0 0 0 0 0 0 0 10 0 0 0 0 4 0 7 0 0 0 1 1 0 0 0 53 8 0 36 0 12 0 0 0 22
28 0 33 0 0 0 0 0 0 0 0 0 0 0 0 0 0 0 0 0 0 0 0 0 0 0 0 0 0 0 0 0 0 0 0 22 0 13 17 35 0
27 0 30 0 0 0 0 0 0 0 0 0 0 0 0 0 0 0 0 0 0 0 0 0 0 0 0 0 0 0 0 0 0 0 0 20 0 13 18 32 0
27 0 31 0 0 0 0 0 0 0 0 0 0 0 0 0 0 0 0 0 0 0 0 0 0 0 0 0 0 0 0 0 0 0 2 21 0 14 17 32 0
0 13 0 0 0 0 0 0 0 0 0 0 0 0 0 10 0 0 0 0 4 0 9 0 0 0 3 0 0 0 0 48 7 0 33 0 11 0 0 0 21
0 11 0 0 0 0 0 0 0 0 0 0 0 0 0 8 1 0 0 0 3 0 8 0 0 0 4 0 0 0 0 40 7 0 29 0 8 0 0 0 19
34 0 36 0 0 0 0 0 0 0 0 0 0 0 0 0 0 0 0 0 0 0 0 0 0 0 0 0 0 0 0 0 0 0 0 25 0 14 21 38 0
29 0 32 0 0 0 0 0 0 0 0 0 0 0 0 0 0 0 0 0 0 0 0 0 0 0 0 0 0 0 0 0 0 0 0 21 0 13 18 34 0
0 12 0 0 0 0 0 0 0 0 0 0 0 0 0 9 0 0 0 0 3 0 8 0 0 0 2 0 0 0 0 46 7 0 33 0 10 0 0 0 20
16 3 21 0 0 0 0 0 0 0 0 0 0 0 0 1 1 0 0 0 0 0 4 0 0 0 5 0 0 0 0 18 4 0 20 13 0 12 11 24 9
18 0 20 0 0 0 0 0 0 0 0 0 0 0 0 0 0 0 0 0 0 0 2 0 0 0 2 0 0 0 0 9 1 0 12 13 0 11 12 22 5
27 0 31 0 0 0 0 0 0 0 0 0 0 0 0 0 0 0 0 0 0 0 0 0 0 0 0 0 0 0 0 0 0 0 2 20 0 13 17 33 0
0 9 0 0 0 0 0 0 0 0 0 0 0 0 0 6 1 0 0 0 2 0 8 0 0 0 5 0 0 0 0 35 6 0 27 0 6 0 0 0 17
0 13 0 0 0 0 0 0 0 0 0 0 0 0 0 9 0 0 0 0 4 0 9 0 0 0 4 0 0 0 0 45 7 0 32 0 10 0 0 0 20
16 1 20 0 0 0 0 0 0 0 0 0 0 0 0 0 0 0 0 0 0 0 2 0 0 0 3 0 0 0 0 13 2 0 15 13 0 11 11 23 7
0 7 4 0 0 0 0 0 0 0 0 0 0 0 0 4 0 0 0 0 2 0 6 0 0 0 5 0 0 0 0 29 6 0 25 3 3 3 1 11 15
22 0 27 0 0 0 0 0 0 0 0 0 0 0 0 0 0 0 0 0 0 0 1 0 0 0 2 0 0 0 0 3 0 0 10 17 0 13 14 29 2
24 0 27 0 0 0 0 0 0 0 0 0 0 0 0 0 0 0 0 0 0 0 0 0 0 0 2 0 0 0 0 0 0 0 6 17 0 13 15 29 0
0 14 0 0 0 0 0 0 0 0 0 0 0 0 0 11 0 0 0 0 4 0 9 0 0 0 2 0 0 0 0 50 7 0 34 0 12 0 0 0 22
21 1 26 0 0 0 0 0 0 0 0 0 0 0 0 0 0 0 0 0 0 0 2 0 0 0 3 0 0 0 0 9 2 0 15 17 0 13 14 29 5
0 13 0 0 0 0 0 0 0 0 0 0 0 0 0 11 0 0 0 0 4 0 7 0 0 0 1 1 0 0 0 53 8 0 36 0 12 0 0 0 23
14 3 18 0 0 0 0 0 0 0 0 0 0 0 0 1 0 0 0 0 0 0 3 0 0 0 4 0 0 0 0 16 3 0 17 11 0 10 10 21 9
0 15 0 0 0 0 0 0 0 0 0 0 0 0 0 12 0 0 0 0 4 0 8 0 0 0 0 1 0 0 0 57 8 0 38 0 14 0 0 0 24
0 18 0 0 0 0 0 0 0 0 0 0 0 0 0 14 0 0 0 0 5 0 9 1 0 0 0 1 0 0 1 64 9 0 41 0 17 0 0 0 26
16 3 21 0 0 0 0 0 0 0 0 0 0 0 0 1 0 0 0 0 0 0 4 0 0 0 4 0 0 0 0 16 3 0 19 13 0 11 11 24 9
9 4 9 0 0 0 0 0 0 0 0 0 0 0 0 3 1 0 0 0 0 0 5 0 0 0 3 0 0 0 0 22 4 0 19 6 2 7 6 12 11
0 10 0 0 0 0 0 0 0 0 0 0 0 0 0 7 1 0 0 0 3 0 8 0 0 0 5 0 0 0 0 38 7 0 29 0 7 0 0 0 18
0 11 0 0 0 0 0 0 0 0 0 0 0 0 0 8 1 0 0 0 3 0 8 0 0 0 4 0 0 0 0 40 7 0 29 0 8 0 0 0 18
28 0 33 0 0 0 0 0 0 0 0 0 0 0 0 0 0 0 0 0 0 0 0 0 0 0 0 0 0 0 0 0 0 0 1 21 0 14 17 35 0
36 0 39 0 0 0 0 0 0 0 0 0 0 0 0 0 0 0 0 0 0 0 0 0 0 0 0 0 0 0 0 0 0 0 0 27 0 14 23 40 0
11 4 17 0 0 0 0 0 0 0 0 0 0 0 0 2 0 0 0 0 0 0 5 0 0 0 6 0 0 0 0 20 5 0 21 10 0 10 8 21 11
0 9 0 0 0 0 0 0 0 0 0 0 0 0 0 6 1 0 0 0 2 0 7 0 0 0 5 0 0 0 0 36 6 0 28 0 6 0 0 0 17
0 7 0 0 0 0 0 0 0 0 0 0 0 0 0 6 0 0 0 0 2 0 6 0 0 0 1 1 0 0 0 35 5 0 25 0 6 1 0 0 15
0 15 0 0 0 0 0 0 0 0 0 0 0 0 0 11 0 0 0 0 4 0 9 0 0 0 2 0 0 0 0 53 8 0 35 0 13 0 0 0 23
0 13 0 0 0 0 0 0 0 0 0 0 0 0 0 10 0 0 0 0 3 0 8 0 0 0 3 0 0 0 0 47 8 0 33 0 11 0 0 0 21
0 7 1 0 0 0 0 0 0 0 0 0 0 0 0 5 0 0 0 0 1 0 6 0 0 0 3 0 0 0 0 31 5 0 24 2 5 3 2 5 15
23 0 28 0 0 0 0 0 0 0 0 0 0 0 0 0 0 0 0 0 0 0 0 0 0 0 2 0 0 0 0 0 0 0 7 18 0 13 15 30 0
0 12 0 0 0 0 0 0 0 0 0 0 0 0 0 8 0 0 0 0 3 0 9 0 0 0 5 0 0 0 0 41 7 0 29 0 8 0 0 0 19
0 15 0 0 0 0 0 0 0 0 0 0 0 0 0 11 0 0 0 0 4 0 9 0 0 0 1 0 0 0 0 54 8 0 36 0 13 0 0 0 23
19 3 23 0 0 0 0 0 0 0 0 0 0 0 0 0 0 0 0 0 0 0 4 0 0 0 4 0 0 0 0 15 3 0 19 15 0 13 12 27 8
34 0 37 0 0 0 0 0 0 0 0 0 0 0 0 0 0 0 0 0 0 0 0 0 0 0 0 0 0 0 0 0 0 0 0 25 0 13 22 38 0
30 0 33 0 0 0 0 0 0 0 0 0 0 0 0 0 0 0 0 0 0 0 0 0 0 0 0 0 0 0 0 0 0 0 0 22 0 13 19 35 0
24 0 28 0 0 0 0 0 0 0 0 0 0 0 0 0 0 0 0 0 0 0 0 0 0 0 2 0 0 0 0 0 0 0 9 18 0 13 15 30 1
21 0 27 0 0 0 0 0 0 0 0 0 0 0 0 0 0 0 0 0 0 0 1 0 0 0 4 0 0 0 0 6 1 0 12 16 0 13 14 29 4
0 19 0 0 0 0 0 0 0 0 0 0 0 0 0 15 0 0 1 0 6 0 9 1 0 0 0 1 0 0 1 67 9 0 43 0 18 0 0 0 28
26 0 30 0 0 0 0 0 0 0 0 0 0 0 0 0 0 0 0 0 0 0 0 0 0 0 0 0 0 0 0 0 0 0 4 20 0 13 16 32 0
15 3 20 0 0 0 0 0 0 0 0 0 0 0 0 1 0 0 0 0 0 0 4 0 0 0 5 0 0 0 0 18 4 0 20 12 0 12 11 24 10
25 0 30 0 0 0 0 0 0 0 0 0 0 0 0 0 0 0 0 0 0 0 0 0 0 0 1 0 0 0 0 0 0 0 4 19 0 13 16 32 0
0 17 0 0 0 0 0 0 0 0 0 0 0 0 0 13 0 0 0 0 5 0 9 0 0 0 0 1 0 0 0 61 8 0 40 0 16 0 0 0 26
36 0 39 0 0 0 0 0 0 0 0 0 0 0 0 0 0 0 0 0 0 0 0 0 0 0 0 0 0 0 0 0 0 0 0 27 0 15 23 41 0
29 0 32 0 0 0 0 0 0 0 0 0 0 0 0 0 0 0 0 0 0 0 0 0 0 0 0 0 0 0 0 0 0 0 0 22 0 13 19 33 0
19 0 20 0 0 0 0 0 0 0 0 0 0 0 0 0 0 0 0 0 0 0 3 0 0 0 0 0 0 0 0 9 0 0 9 13 0 11 12 19 3
0 16 0 0 0 0 0 0 0 0 0 0 0 0 0 12 0 0 0 0 4 0 9 0 0 0 2 0 0 0 0 55 8 0 36 0 14 0 0 0 23
0 13 0 0 0 0 0 0 0 0 0 0 0 0 0 10 0 0 0 0 4 0 8 0 0 0 2 0 0 0 0 50 8 0 34 0 11 0 0 0 22
6 5 9 0 0 0 0 0 0 0 0 0 0 0 0 3 0 0 0 0 1 0 5 0 0 0 4 0 0 0 0 23 4 0 21 6 2 6 5 14 12
0 10 0 0 0 0 0 0 0 0 0 0 0 0 0 7 1 0 0 0 2 0 8 0 0 0 4 0 0 0 0 37 6 0 28 0 7 0 0 0 17
0 16 0 0 0 0 0 0 0 0 0 0 0 0 0 13 0 0 0 0 4 0 8 0 0 0 0 2 0 0 0 60 9 0 39 0 15 0 0 0 25
0 9 0 0 0 0 0 0 0 0 0 0 0 0 0 5 1 0 0 0 2 0 7 0 0 0 5 0 0 0 0 34 6 0 28 0 5 1 0 5 17
0 21 0 0 0 0 0 0 0 0 0 0 0 0 0 17 0 0 1 0 7 0 8 1 0 0 0 2 0 1 2 76 9 0 47 0 21 0 0 0 31
11 4 17 0 0 0 0 0 0 0 0 0 0 0 0 2 0 0 0 0 0 0 5 0 0 0 5 0 0 0 0 20 4 0 21 11 0 10 8 21 11
0 15 0 0 0 0 0 0 0 0 0 0 0 0 0 11 0 0 0 0 4 0 9 0 0 0 1 0 0 0 0 53 8 0 36 0 13 0 0 0 23
27 0 31 0 0 0 0 0 0 0 0 0 0 0 0 0 0 0 0 0 0 0 0 0 0 0 0 0 0 0 0 0 0 0 0 21 0 13 17 33 0
0 17 0 0 0 0 0 0 0 0 0 0 0 0 0 14 0 0 0 0 5 0 8 0 0 0 0 2 0 0 1 64 9 0 41 0 17 0 0 0 26
0 13 0 0 0 0 0 0 0 0 0 0 0 0 0 10 0 0 0 0 4 0 9 0 0 0 3 0 0 0 0 47 7 0 32 0 11 0 0 0 20
0 13 0 0 0 0 0 0 0 0 0 0 0 0 0 10 0 0 0 0 4 0 8 0 0 0 2 0 0 0 0 50 8 0 35 0 12 0 0 0 22
0 17 0 0 0 0 0 0 0 0 0 0 0 0 0 13 0 0 0 0 5 0 9 0 0 0 0 0 0 0 0 61 8 0 40 0 16 0 0 0 26
24 0 28 0 0 0 0 0 0 0 0 0 0 0 0 0 0 0 0 0 0 0 0 0 0 0 2 0 0 0 0 0 0 0 6 18 0 13 15 30 0
22 0 26 0 0 0 0 0 0 0 0 0 0 0 0 0 0 0 0 0 0 0 1 0 0 0 3 0 0 0 0 5 1 0 12 17 0 13 14 29 3
6 5 12 0 0 0 0 0 0 0 0 0 0 0 0 3 0 0 0 0 1 0 5 0 0 0 6 0 0 0 0 24 5 0 23 8 1 7 6 17 13
29 0 32 0 0 0 0 0 0 0 0 0 0 0 0 0 0 0 0 0 0 0 0 0 0 0 0 0 0 0 0 0 0 0 0 21 0 13 18 33 0
30 0 33 0 0 0 0 0 0 0 0 0 0 0 0 0 0 0 0 0 0 0 0 0 0 0 0 0 0 0 0 0 0 0 0 22 0 13 19 35 0
15 1 18 0 0 0 0 0 0 0 0 0 0 0 0 0 0 0 0 0 0 0 3 0 0 0 2 0 0 0 0 12 1 0 12 12 0 9 11 20 7
0 12 0 0 0 0 0 0 0 0 0 0 0 0 0 8 1 0 0 0 3 0 8 0 0 0 4 0 0 0 0 43 7 0 31 0 9 0 0 0 19
0 14 0 0 0 0 0 0 0 0 0 0 0 0 0 10 0 0 0 0 4 0 9 0 0 0 3 0 0 0 0 47 7 0 32 0 11 0 0 0 21
30 0 32 0 0 0 0 0 0 0 0 0 0 0 0 0 0 0 0 0 0 0 0 0 0 0 0 0 0 0 0 0 0 0 0 22 0 13 19 34 0
3 7 6 0 0 0 0 0 0 0 0 0 0 0 0 4 0 0 0 0 1 0 6 0 0 0 5 0 0 0 0 29 6 0 25 5 3 5 4 11 15
30 0 33 0 0 0 0 0 0 0 0 0 0 0 0 0 0 0 0 0 0 0 0 0 0 0 0 0 0 0 0 0 0 0 0 22 0 13 19 35 0
0 16 0 0 0 0 0 0 0 0 0 0 0 0 0 12 0 0 0 0 4 0 9 0 0 0 1 0 0 0 0 56 8 0 37 0 14 0 0 0 24
0 11 0 0 0 0 0 0 0 0 0 0 0 0 0 8 1 0 0 0 3 0 8 0 0 0 4 0 0 0 0 40 7 0 29 0 8 0 0 0 18
0 15 0 0 0 0 0 0 0 0 0 0 0 0 0 11 0 0 0 0 4 0 8 0 0 0 1 1 0 0 0 54 8 0 36 0 13 0 0 0 24
0 12 0 0 0 0 0 0 0 0 0 0 0 0 0 9 0 0 0 0 3 0 9 0 0 0 4 0 0 0 0 43 7 0 31 0 10 0 0 0 19
6 6 10 0 0 0 0 0 0 0 0 0 0 0 0 3 1 0 0 0 1 0 5 0 0 0 5 0 0 0 0 25 5 0 23 7 2 7 6 15 13
0 13 0 0 0 0 0 0 0 0 0 0 0 0 0 10 0 0 0 0 4 0 8 0 0 0 2 0 0 0 0 50 8 0 34 0 12 0 0 0 22
30 0 33 0 0 0 0 0 0 0 0 0 0 0 0 0 0 0 0 0 0 0 0 0 0 0 0 0 0 0 0 0 0 0 0 22 0 13 19 35 0
10 5 13 0 0 0 0 0 0 0 0 0 0 0 0 3 0 0 0 0 0 0 5 0 0 0 4 0 0 0 0 23 4 0 22 9 1 9 8 18 12
0 12 0 0 0 0 0 0 0 0 0 0 0 0 0 9 0 0 0 0 3 0 8 0 0 0 3 0 0 0 0 45 7 0 32 0 10 0 0 0 20
21 1 26 0 0 0 0 0 0 0 0 0 0 0 0 0 0 0 0 0 0 0 2 0 0 0 4 0 0 0 0 9 2 0 15 16 0 14 14 29 5
20 2 25 0 0 0 0 0 0 0 0 0 0 0 0 0 0 0 0 0 0 0 3 0 0 0 4 0 0 0 0 13 3 0 18 16 0 13 13 29 7
27 0 31 0 0 0 0 0 0 0 0 0 0 0 0 0 0 0 0 0 0 0 0 0 0 0 0 0 0 0 0 0 0 0 0 21 0 13 17 33 0
21 1 26 0 0 0 0 0 0 0 0 0 0 0 0 0 0 0 0 0 0 0 2 0 0 0 4 0 0 0 0 10 2 0 16 16 0 13 13 29 6
8 5 13 0 0 0 0 0 0 0 0 0 0 0 0 3 0 0 0 0 1 0 5 0 0 0 5 0 0 0 0 23 5 0 22 8 1 8 7 18 12
37 0 40 0 0 0 0 0 0 0 0 0 0 0 0 0 0 0 0 0 0 0 0 0 0 0 0 0 0 0 0 0 0 0 0 28 0 14 24 41 0
23 0 27 0 0 0 0 0 0 0 0 0 0 0 0 0 0 0 0 0 0 0 1 0 0 0 2 0 0 0 0 4 1 0 11 17 0 14 15 29 3
29 0 32 0 0 0 0 0 0 0 0 0 0 0 0 0 0 0 0 0 0 0 0 0 0 0 0 0 0 0 0 0 0 0 0 22 0 13 19 34 0
26 0 30 0 0 0 0 0 0 0 0 0 0 0 0 0 0 0 0 0 0 0 0 0 0 0 1 0 0 0 0 0 0 0 4 20 0 13 16 32 0
32 0 37 0 0 0 0 0 0 0 0 0 0 0 0 0 0 0 0 0 0 0 0 0 0 0 0 0 0 0 0 0 0 0 0 24 0 13 19 38 0
22 0 26 0 0 0 0 0 0 0 0 0 0 0 0 0 0 0 0 0 0 0 1 0 0 0 3 0 0 0 0 3 0 0 11 17 0 13 14 29 3
28 0 32 0 0 0 0 0 0 0 0 0 0 0 0 0 0 0 0 0 0 0 0 0 0 0 0 0 0 0 0 0 0 0 3 21 0 14 17 34 0
24 0 27 0 0 0 0 0 0 0 0 0 0 0 0 0 0 0 0 0 0 0 1 0 0 0 2 0 0 0 0 5 1 0 10 17 0 14 16 28 4
47 0 49 0 0 0 0 0 0 0 0 0 0 0 0 0 0 0 0 0 0 0 0 0 0 0 0 0 0 0 0 0 0 0 0 34 0 16 30 50 0
0 8 0 0 0 0 0 0 0 0 0 0 0 0 0 6 1 0 0 0 2 0 7 0 0 0 4 0 0 0 0 33 6 0 27 1 5 2 0 5 16
0 9 0 0 0 0 0 0 0 0 0 0 0 0 0 6 0 0 0 0 2 0 7 0 0 0 5 0 0 0 0 33 6 0 27 0 5 0 0 5 16
34 0 37 0 0 0 0 0 0 0 0 0 0 0 0 0 0 0 0 0 0 0 0 0 0 0 0 0 0 0 0 0 0 0 0 25 0 14 22 38 0
0 7 4 0 0 0 0 0 0 0 0 0 0 0 0 4 0 0 0 0 1 0 6 0 0 0 5 0 0 0 0 30 6 0 25 3 3 4 2 10 15
29 0 32 0 0 0 0 0 0 0 0 0 0 0 0 0 0 0 0 0 0 0 0 0 0 0 0 0 0 0 0 0 0 0 0 22 0 14 19 33 0
0 13 0 0 0 0 0 0 0 0 0 0 0 0 0 10 0 0 0 0 4 0 9 0 0 0 3 0 0 0 0 45 7 0 31 0 10 0 0 0 20
35 0 39 0 0 0 0 0 0 0 0 0 0 0 0 0 0 0 0 0 0 0 0 0 0 0 0 0 0 0 0 0 0 0 0 26 0 14 23 39 0
28 0 32 0 0 0 0 0 0 0 0 0 0 0 0 0 0 0 0 0 0 0 0 0 0 0 0 0 0 0 0 0 0 0 0 21 0 12 18 34 0
0 15 0 0 0 0 0 0 0 0 0 0 0 0 0 13 0 0 0 0 4 0 8 0 0 0 0 1 0 0 0 59 8 0 39 0 15 0 0 0 24
42 0 45 0 0 0 0 0 0 0 0 0 0 0 0 0 0 0 0 0 0 0 0 0 0 0 0 0 0 0 0 0 0 0 0 30 0 14 26 46 0
30 0 33 0 0 0 0 0 0 0 0 0 0 0 0 0 0 0 0 0 0 0 0 0 0 0 0 0 0 0 0 0 0 0 0 22 0 13 20 35 0
0 12 0 0 0 0 0 0 0 0 0 0 0 0 0 8 0 0 0 0 3 0 9 0 0 0 3 0 1 0 0 44 7 0 32 0 9 0 0 0 20
31 0 34 0 0 0 0 0 0 0 0 0 0 0 0 0 0 0 0 0 0 0 0 0 0 0 0 0 0 0 0 0 0 0 0 23 0 13 20 35 0
22 0 26 0 0 0 0 0 0 0 0 0 0 0 0 0 0 0 0 0 0 0 0 0 0 0 1 0 0 0 0 0 0 0 7 17 0 12 15 28 1
30 0 33 0 0 0 0 0 0 0 0 0 0 0 0 0 0 0 0 0 0 0 0 0 0 0 0 0 0 0 0 0 0 0 0 22 0 14 18 34 0
28 0 33 0 0 0 0 0 0 0 0 0 0 0 0 0 0 0 0 0 0 0 0 0 0 0 0 0 0 0 0 0 0 0 0 22 0 13 17 35 0
35 0 38 0 0 0 0 0 0 0 0 0 0 0 0 0 0 0 0 0 0 0 0 0 0 0 0 0 0 0 0 0 0 0 0 26 0 14 23 39 0
0 9 0 0 0 0 0 0 0 0 0 0 0 0 0 6 1 0 0 0 2 0 7 0 0 0 5 0 0 0 0 35 7 0 28 0 5 1 0 3 17
0 17 0 0 0 0 0 0 0 0 0 0 0 0 0 12 0 0 0 0 5 0 9 0 0 0 2 0 0 0 1 56 8 0 36 0 14 0 0 0 24
0 12 0 0 0 0 0 0 0 0 0 0 0 0 0 8 0 0 0 0 4 0 9 0 0 0 5 0 0 0 0 40 7 0 29 0 8 0 0 0 19
0 14 0 0 0 0 0 0 0 0 0 0 0 0 0 10 0 0 0 0 4 0 9 0 0 0 3 0 0 0 0 49 8 0 33 0 12 0 0 0 22
13 3 16 0 0 0 0 0 0 0 0 0 0 0 0 1 0 0 0 0 0 0 4 0 0 0 3 0 0 0 0 17 3 0 17 10 0 9 9 19 9
0 17 0 0 0 0 0 0 0 0 0 0 0 0 0 14 0 0 0 0 5 0 8 0 0 0 0 1 0 0 0 62 8 0 40 0 16 0 0 0 25
0 11 0 0 0 0 0 0 0 0 0 0 0 0 0 7 0 0 0 0 3 0 8 0 0 0 5 0 0 0 0 38 7 0 28 0 7 0 0 0 18
0 10 0 0 0 0 0 0 0 0 0 0 0 0 0 7 1 0 0 0 3 0 8 0 0 0 5 0 0 0 0 37 7 0 28 0 7 0 0 0 17
28 0 32 0 0 0 0 0 0 0 0 0 0 0 0 0 0 0 0 0 0 0 0 0 0 0 0 0 0 0 0 0 0 0 0 21 0 13 19 32 0
23 0 27 0 0 0 0 0 0 0 0 0 0 0 0 0 0 0 0 0 0 0 0 0 0 0 2 0 0 0 0 0 0 0 6 17 0 13 15 29 0
23 0 28 0 0 0 0 0 0 0 0 0 0 0 0 0 0 0 0 0 0 0 0 0 0 0 2 0 0 0 0 0 0 0 8 18 0 13 15 30 1
0 14 0 0 0 0 0 0 0 0 0 0 0 0 0 11 0 0 0 0 4 0 8 0 0 0 1 1 0 0 0 54 8 0 36 0 13 0 0 0 23
0 10 0 0 0 0 0 0 0 0 0 0 0 0 0 7 1 0 0 0 3 0 8 0 0 0 5 0 0 0 0 38 7 0 29 0 7 0 0 0 18
0 14 0 0 0 0 0 0 0 0 0 0 0 0 0 10 0 0 0 0 4 0 9 0 0 0 2 0 0 0 0 49 7 0 34 0 12 0 0 0 22
0 13 0 0 0 0 0 0 0 0 0 0 0 0 0 9 0 0 0 0 4 0 9 0 0 0 4 0 0 0 0 45 7 0 32 0 10 0 0 0 20
23 0 27 0 0 0 0 0 0 0 0 0 0 0 0 0 0 0 0 0 0 0 1 0 0 0 0 0 0 0 0 1 0 0 5 17 0 13 16 27 2
30 0 34 0 0 0 0 0 0 0 0 0 0 0 0 0 0 0 0 0 0 0 0 0 0 0 0 0 0 0 0 0 0 0 0 23 0 13 18 36 0
0 11 0 0 0 0 0 0 0 0 0 0 0 0 0 8 1 0 0 0 3 0 8 0 0 0 3 0 0 0 0 44 7 0 32 0 9 0 0 0 20
33 0 37 0 0 0 0 0 0 0 0 0 0 0 0 0 0 0 0 0 0 0 0 0 0 0 0 0 0 0 0 0 0 0 0 25 0 14 22 38 0
14 3 19 0 0 0 0 0 0 0 0 0 0 0 0 1 0 0 0 0 0 0 4 0 0 0 5 0 0 0 0 17 4 0 19 12 0 11 10 22 9
28 0 31 0 0 0 0 0 0 0 0 0 0 0 0 0 0 0 0 0 0 0 0 0 0 0 0 0 0 0 0 0 0 0 0 21 0 13 18 33 0
0 13 0 0 0 0 0 0 0 0 0 0 0 0 0 10 0 0 0 0 4 0 9 0 0 0 3 0 0 0 0 46 7 0 32 0 11 0 0 0 20
33 0 36 0 0 0 0 0 0 0 0 0 0 0 0 0 0 0 0 0 0 0 0 0 0 0 0 0 1 0 0 0 0 0 0 24 0 13 22 37 0
0 15 0 0 0 0 0 0 0 0 0 0 0 0 0 11 0 0 0 0 4 0 9 0 0 0 3 0 0 0 0 50 8 0 34 0 12 0 0 0 22
22 0 25 0 0 0 0 0 0 0 0 0 0 0 0 0 0 0 0 0 0 0 1 0 0 0 2 0 0 0 0 5 1 0 10 16 0 13 15 26 4
27 0 31 0 0 0 0 0 0 0 0 0 0 0 0 0 0 0 0 0 0 0 0 0 0 0 0 0 0 0 0 0 0 0 0 20 0 13 17 32 0
32 0 35 0 0 0 0 0 0 0 0 0 0 0 0 0 0 0 0 0 0 0 0 0 0 0 0 0 0 0 0 0 0 0 0 23 0 13 20 36 0
37 0 40 0 0 0 0 0 0 0 0 0 0 0 0 0 0 0 0 0 0 0 0 0 0 0 0 0 0 0 0 0 0 0 0 28 0 14 24 41 0
0 16 0 0 0 0 0 0 0 0 0 0 0 0 0 13 0 0 0 0 5 0 8 0 0 0 0 2 0 0 0 60 8 0 39 0 15 0 0 0 25
33 0 37 0 0 0 0 0 0 0 0 0 0 0 0 0 0 0 0 0 0 0 0 0 0 0 0 0 0 0 0 0 0 0 0 25 0 13 22 37 0
24 0 29 0 0 0 0 0 0 0 0 0 0 0 0 0 0 0 0 0 0 0 0 0 0 0 2 0 0 0 0 0 0 0 9 18 0 14 15 31 1
0 10 0 0 0 0 0 0 0 0 0 0 0 0 0 8 1 0 0 0 3 0 8 0 0 0 4 0 0 0 0 41 7 0 31 0 8 0 0 0 19
0 11 0 0 0 0 0 0 0 0 0 0 0 0 0 7 1 0 0 0 3 0 8 0 0 0 5 0 0 0 0 40 7 0 30 0 8 0 0 0 19
25 0 30 0 0 0 0 0 0 0 0 0 0 0 0 0 0 0 0 0 0 0 0 0 0 0 0 0 0 0 0 0 0 0 0 19 0 12 16 32 0
28 0 31 0 0 0 0 0 0 0 0 0 0 0 0 0 0 0 0 0 0 0 0 0 0 0 0 0 0 0 0 0 0 0 0 21 0 13 18 33 0
25 0 27 0 0 0 0 0 0 0 0 0 0 0 0 0 0 0 0 0 0 0 0 0 0 0 0 0 0 0 0 0 0 0 4 18 0 13 16 27 0
28 0 31 0 0 0 0 0 0 0 0 0 0 0 0 0 0 0 0 0 0 0 0 0 0 0 0 0 0 0 0 0 0 0 0 21 0 13 18 33 0
0 12 0 0 0 0 0 0 0 0 0 0 0 0 0 9 1 0 0 0 3 0 8 0 0 0 3 0 0 0 0 46 8 0 32 0 10 0 0 0 20
0 12 0 0 0 0 0 0 0 0 0 0 0 0 0 8 0 0 0 0 3 0 9 0 0 0 4 0 0 0 0 42 7 0 30 0 9 0 0 0 19
0 12 0 0 0 0 0 0 0 0 0 0 0 0 0 9 0 0 0 0 3 0 9 0 0 0 4 0 0 0 0 42 7 0 30 0 9 0 0 0 19
25 0 29 0 0 0 0 0 0 0 0 0 0 0 0 0 0 0 0 0 0 0 0 0 0 0 1 0 0 0 0 0 0 0 6 19 0 14 16 30 1
28 0 31 0 0 0 0 0 0 0 0 0 0 0 0 0 0 0 0 0 0 0 0 0 0 0 0 0 0 0 0 0 0 0 0 21 0 13 19 32 0
0 14 0 0 0 0 0 0 0 0 0 0 0 0 0 11 0 0 0 0 4 0 8 0 0 0 1 1 0 0 0 52 8 0 35 0 12 0 0 0 23
0 19 0 0 0 0 0 0 0 0 0 0 0 0 0 15 0 0 1 0 6 0 9 1 0 0 0 1 0 0 3 64 9 0 40 0 17 0 0 0 27
0 11 0 0 0 0 0 0 0 0 0 0 0 0 0 8 1 0 0 0 3 0 8 0 0 0 4 0 0 0 0 41 7 0 29 0 8 0 0 0 18
0 12 0 0 0 0 0 0 0 0 0 0 0 0 0 9 1 0 0 0 3 0 9 0 0 0 4 0 0 0 0 43 7 0 30 0 9 0 0 0 19
0 14 0 0 0 0 0 0 0 0 0 0 0 0 0 10 0 0 0 0 4 0 9 0 0 0 3 0 0 0 0 48 7 0 32 0 11 0 0 0 21
0 13 0 0 0 0 0 0 0 0 0 0 0 0 0 9 0 0 0 0 4 0 9 0 0 0 3 0 0 0 0 46 7 0 32 0 11 0 0 0 20
31 0 35 0 0 0 0 0 0 0 0 0 0 0 0 0 0 0 0 0 0 0 0 0 0 0 0 0 0 0 0 0 0 0 0 23 0 13 19 36 0
35 0 39 0 0 0 0 0 0 0 0 0 0 0 0 0 0 0 0 0 0 0 0 0 0 0 0 0 0 0 0 0 0 0 0 27 0 14 23 40 0
28 0 33 0 0 0 0 0 0 0 0 0 0 0 0 0 0 0 0 0 0 0 0 0 0 0 0 0 0 0 0 0 0 0 0 21 0 13 17 35 0
25 0 30 0 0 0 0 0 0 0 0 0 0 0 0 0 0 0 0 0 0 0 0 0 0 0 2 0 0 0 0 0 0 0 9 20 0 14 16 33 0
0 13 0 0 0 0 0 0 0 0 0 0 0 0 0 10 0 0 0 0 4 0 9 0 0 0 3 0 0 0 0 46 7 0 32 0 11 0 0 0 21
28 0 33 0 0 0 0 0 0 0 0 0 0 0 0 0 0 0 0 0 0 0 0 0 0 0 0 0 0 0 0 0 0 0 0 22 0 13 18 35 0
0 20 0 0 0 0 0 0 0 0 0 0 0 0 0 16 0 0 1 0 6 0 9 1 0 0 0 1 0 0 3 69 9 0 43 0 19 0 0 0 28
10 5 13 0 0 0 0 0 0 0 0 0 0 0 0 3 0 0 0 0 0 0 5 0 0 0 4 0 0 0 0 24 5 0 22 9 1 9 8 18 12
0 15 0 0 0 0 0 0 0 0 0 0 0 0 0 11 0 0 0 0 4 0 8 0 0 0 1 0 0 0 0 54 8 0 37 0 13 0 0 0 24
0 11 0 0 0 0 0 0 0 0 0 0 0 0 0 8 1 0 0 0 3 0 8 0 0 0 4 0 0 0 0 41 7 0 30 0 8 0 0 0 18
0 11 0 0 0 0 0 0 0 0 0 0 0 0 0 7 1 0 0 0 3 0 8 0 0 0 5 0 0 0 0 38 7 0 28 0 7 0 0 0 18
22 0 27 0 0 0 0 0 0 0 0 0 0 0 0 0 0 0 0 0 0 0 1 0 0 0 3 0 0 0 0 6 1 0 13 17 0 13 14 30 4
0 14 0 0 0 0 0 0 0 0 0 0 0 0 0 11 0 0 0 0 4 0 9 0 0 0 3 0 0 0 0 50 8 0 34 0 12 0 0 0 22
0 13 0 0 0 0 0 0 0 0 0 0 0 0 0 10 0 0 0 0 4 0 9 0 0 0 3 0 0 0 0 47 7 0 33 0 11 0 0 0 21
26 0 30 0 0 0 0 0 0 0 0 0 0 0 0 0 0 0 0 0 0 0 0 0 0 0 0 0 0 0 0 0 0 0 2 20 0 14 17 31 0
0 14 0 0 0 0 0 0 0 0 0 0 0 0 0 11 0 0 0 0 4 0 7 0 0 0 0 2 0 0 0 56 8 0 37 0 13 0 0 0 24
37 0 41 0 0 0 0 0 0 0 0 0 0 0 0 0 0 0 0 0 0 0 0 0 0 0 0 0 0 0 0 0 0 0 0 28 0 14 25 42 0
8 4 11 0 0 0 0 0 0 0 0 0 0 0 0 2 0 0 0 0 0 0 5 0 0 0 4 0 0 0 0 22 4 0 20 8 1 7 6 16 11
27 0 30 0 0 0 0 0 0 0 0 0 0 0 0 0 0 0 0 0 0 0 0 0 0 0 0 0 0 0 0 0 0 0 4 20 0 14 17 32 0
35 0 38 0 0 0 0 0 0 0 0 0 0 0 0 0 0 0 0 0 0 0 0 0 0 0 0 0 0 0 0 0 0 0 0 26 0 14 22 39 0
24 0 28 0 0 0 0 0 0 0 0 0 0 0 0 0 0 0 0 0 0 0 0 0 0 0 2 0 0 0 0 2 0 0 10 18 0 14 16 30 2
0 14 0 0 0 0 0 0 0 0 0 0 0 0 0 11 0 0 0 0 4 0 8 0 0 0 1 0 0 0 0 53 8 0 36 0 13 0 0 0 23
0 14 0 0 0 0 0 0 0 0 0 0 0 0 0 10 0 0 0 0 4 0 9 0 0 0 3 0 0 0 0 49 8 0 33 0 12 0 0 0 22
8 5 14 0 0 0 0 0 0 0 0 0 0 0 0 3 0 0 0 0 1 0 5 0 0 0 4 0 0 0 0 22 4 0 22 9 1 8 7 19 12
29 0 33 0 0 0 0 0 0 0 0 0 0 0 0 0 0 0 0 0 0 0 0 0 0 0 0 0 0 0 0 0 0 0 0 22 0 12 18 35 0
0 15 0 0 0 0 0 0 0 0 0 0 0 0 0 11 0 0 0 0 4 0 9 0 0 0 3 0 0 0 0 51 8 0 34 0 12 0 0 0 22
32 0 35 0 0 0 0 0 0 0 0 0 0 0 0 0 0 0 0 0 0 0 0 0 0 0 0 0 0 0 0 0 0 0 0 24 0 13 20 37 0
