11 0 28 0 0 0 0 0 5 0 0 0 0 0 0 0 0 0 0 0 0 0 7 0 0 0 0 1 0 14 0 8 0 0 0 0 0 0 0 0 0
0 0 0 0 0 0 0 0 0 0 0 0 0 0 0 0 0 0 0 0 0 0 0 0 0 0 0 2 0 0 0 0 0 0 32 52 0 0 0 34 6
0 0 10 0 0 0 0 0 0 0 0 0 0 0 0 0 0 0 0 0 0 0 0 0 0 0 0 3 0 1 0 0 0 0 15 28 0 0 0 14 3
0 0 0 0 0 0 0 0 0 0 0 0 0 0 0 0 0 0 0 0 0 0 0 0 0 0 0 2 0 0 0 0 0 0 33 53 0 0 0 36 6
0 0 56 0 0 0 0 0 8 0 0 0 0 0 0 0 0 0 0 0 0 0 0 0 0 0 0 6 0 18 0 0 0 1 0 17 0 0 0 0 0
0 0 0 0 0 0 0 0 0 0 0 0 0 0 0 0 0 0 0 0 0 0 22 0 0 0 2 0 0 0 0 36 0 0 34 33 0 0 0 30 0
26 0 25 0 0 0 0 0 16 0 0 0 0 0 0 0 0 7 0 0 0 0 34 0 0 0 0 0 0 20 0 46 0 0 0 0 0 0 0 0 0
0 0 0 0 0 0 0 0 0 0 0 0 0 0 0 0 0 0 0 0 0 0 0 0 0 0 0 0 0 0 0 8 0 0 45 46 0 1 0 54 12
0 0 0 0 0 0 0 0 0 0 0 0 0 0 0 0 0 0 0 0 0 0 15 0 0 0 2 0 0 0 0 29 0 0 40 39 0 0 0 40 1
0 0 0 0 0 0 0 0 0 0 0 0 0 0 0 0 0 0 0 0 0 0 12 0 0 0 1 0 0 0 0 25 0 0 37 38 0 0 0 38 2
0 0 0 0 0 0 0 0 0 0 0 0 0 0 0 0 0 0 0 0 0 0 0 0 0 0 0 0 0 0 0 8 0 0 45 48 0 0 0 53 11
0 0 0 0 0 0 0 0 0 0 0 0 0 0 0 0 0 0 0 0 0 0 3 0 0 0 0 2 0 0 0 7 0 0 30 39 0 0 0 29 2
0 0 0 0 0 0 0 0 0 0 0 0 0 0 0 0 0 0 0 0 0 0 0 0 0 0 0 0 0 0 0 7 0 0 46 48 0 0 0 55 12
15 0 14 0 0 0 0 0 8 0 0 0 0 0 0 0 0 3 0 0 0 0 24 0 0 0 0 0 0 11 0 35 0 0 0 0 0 0 0 0 0
42 0 124 0 0 0 1 0 28 0 2 0 3 0 0 0 1 0 0 0 1 0 0 0 0 0 0 0 0 61 0 0 0 13 0 0 0 0 0 0 0
0 0 0 0 0 0 0 0 0 0 0 0 0 0 0 0 0 0 0 0 0 0 6 0 0 0 1 0 0 0 0 18 0 0 39 41 0 0 0 42 5
0 0 0 0 0 0 0 0 0 0 0 0 0 0 0 0 0 0 0 0 0 0 8 0 0 0 1 1 0 0 0 19 0 0 35 37 0 0 0 36 4
5 0 0 0 0 0 0 0 1 0 0 0 0 0 0 0 0 1 0 0 0 0 30 0 0 0 1 0 0 0 0 41 0 0 18 15 0 0 0 10 0
0 0 0 0 0 0 0 0 0 0 0 0 0 0 0 0 0 0 0 0 0 0 0 0 0 0 0 3 0 0 0 0 0 0 27 49 0 0 0 27 4
0 0 0 0 0 0 0 0 0 0 0 0 0 0 0 0 0 0 0 0 0 0 0 0 0 0 0 0 0 0 0 6 0 0 43 47 0 0 0 51 11
0 0 0 0 0 0 0 0 0 0 0 0 0 0 0 0 0 0 0 0 0 0 0 0 0 0 0 1 0 0 0 0 0 0 42 52 0 0 0 50 11
30 0 33 0 0 0 0 0 19 0 0 0 0 0 0 0 0 8 0 0 0 0 36 0 0 0 0 0 0 24 0 48 0 0 0 0 0 0 0 0 0
0 0 0 0 0 0 0 0 0 0 0 0 0 0 0 0 0 0 0 0 0 0 7 0 0 0 1 0 0 0 0 21 0 0 42 43 0 0 0 45 5
0 0 0 0 0 0 0 0 0 0 0 0 0 0 0 0 0 0 0 0 0 0 0 0 0 0 0 1 0 0 0 2 0 0 40 48 0 0 0 45 8
17 0 11 0 0 0 0 0 10 0 0 0 0 0 0 0 0 4 0 0 0 0 32 0 0 0 0 0 0 11 0 42 0 0 0 0 0 0 0 0 0
0 0 0 0 0 0 0 0 0 0 0 0 0 0 0 0 0 0 0 0 0 0 2 0 0 0 1 0 0 0 0 17 0 0 45 45 0 0 0 51 9
29 0 29 0 0 0 0 0 18 0 0 0 0 0 0 0 0 7 0 0 0 0 36 0 0 0 0 0 0 22 0 45 0 0 0 0 0 0 0 0 0
0 0 0 0 0 0 0 0 0 0 0 0 0 0 0 0 0 0 0 0 0 0 22 0 0 0 1 0 0 0 0 34 0 0 31 30 0 0 0 27 0
0 0 0 0 0 0 0 0 0 0 0 0 0 0 0 0 0 0 0 0 0 0 0 0 0 0 0 3 0 0 0 0 0 0 32 53 0 0 0 33 5
0 0 0 0 0 0 0 0 0 0 0 0 0 0 0 0 0 0 0 0 0 0 5 0 0 0 1 1 0 0 0 14 0 0 37 43 0 0 0 39 4
0 0 0 0 0 0 0 0 0 0 0 0 0 0 0 0 0 0 0 0 0 0 0 0 0 0 0 1 0 0 0 0 0 0 37 52 0 0 0 42 8
0 0 0 0 0 0 0 0 0 0 0 0 0 0 0 0 0 0 0 0 0 0 0 0 0 0 0 0 0 0 0 0 0 0 43 51 0 1 0 51 11
0 0 0 0 0 0 0 0 0 0 0 0 0 0 0 0 0 0 0 0 0 0 0 0 0 0 0 0 0 0 0 3 0 0 45 47 0 1 0 55 13
0 0 0 0 0 0 0 0 0 0 0 0 0 0 0 0 0 0 0 0 0 0 0 0 0 0 0 2 0 0 0 2 0 0 31 43 0 0 0 32 3
0 0 5 0 0 0 0 0 0 0 0 0 0 0 0 0 0 0 0 0 0 0 0 0 0 0 0 4 0 0 0 0 0 0 24 48 0 0 0 22 4
2 0 27 0 0 0 0 0 3 0 0 0 0 0 0 0 0 0 0 0 0 0 0 0 0 0 0 3 0 10 0 0 0 0 0 12 0 0 0 0 0
0 0 18 0 0 0 0 0 0 0 0 0 0 0 0 0 0 0 0 0 0 0 0 0 0 0 0 5 0 0 0 0 0 0 18 46 0 0 0 13 2
26 0 26 0 0 0 0 0 15 0 0 0 0 0 0 0 0 6 0 0 0 0 32 0 0 0 0 0 0 19 0 42 0 0 0 0 0 0 0 0 0
0 0 0 0 0 0 0 0 0 0 0 0 0 0 0 0 0 0 0 0 0 0 0 0 0 0 0 3 0 0 0 0 0 0 28 52 0 0 0 28 4
0 0 0 0 0 0 0 0 0 0 0 0 0 0 0 0 0 0 0 0 0 0 0 0 0 0 0 2 0 0 0 0 0 0 31 50 0 0 0 33 5
0 0 0 0 0 0 0 0 0 0 0 0 0 0 0 0 0 0 0 0 0 0 0 0 0 0 0 0 0 0 0 6 0 0 46 47 0 1 0 56 13
9 0 0 0 0 0 0 0 3 0 0 0 0 0 0 0 0 2 0 0 0 0 27 0 0 0 0 0 0 3 0 39 0 0 9 2 0 0 0 1 0
0 0 0 0 0 0 0 0 0 0 0 0 0 0 0 0 0 0 0 0 0 0 0 0 0 0 0 3 0 0 0 0 0 0 33 48 0 0 0 34 5
0 0 2 0 0 0 0 0 0 0 0 0 0 0 0 0 0 0 0 0 0 0 0 0 0 0 0 4 0 0 0 0 0 0 25 48 0 0 0 23 3
0 0 0 0 0 0 0 0 0 0 0 0 0 0 0 0 0 0 0 0 0 0 3 0 0 0 1 0 0 0 0 17 0 0 42 43 0 0 0 46 7
0 0 0 0 0 0 0 0 0 0 0 0 0 0 0 0 0 0 0 0 0 0 0 0 0 0 0 1 0 0 0 1 0 0 41 48 0 0 0 48 10
17 0 19 0 0 0 0 0 8 0 0 0 0 0 0 0 0 3 0 0 0 0 23 0 0 0 0 0 0 14 0 34 0 0 0 0 0 0 0 0 0
0 0 0 0 0 0 0 0 0 0 0 0 0 0 0 0 0 0 0 0 0 0 0 0 0 0 0 2 0 0 0 0 0 0 36 49 0 0 0 40 8
0 0 11 0 0 0 0 0 0 0 0 0 0 0 0 0 0 0 0 0 0 0 0 0 0 0 0 4 0 0 0 0 0 0 22 46 0 0 0 18 2
0 0 0 0 0 0 0 0 0 0 0 0 0 0 0 0 0 0 0 0 0 0 0 0 0 0 0 3 0 0 0 0 0 0 33 50 0 0 0 35 6
21 0 43 0 0 0 0 0 12 0 0 0 0 0 0 0 0 0 0 0 0 0 11 0 0 0 0 0 0 23 0 10 0 0 0 0 0 0 0 0 0
32 0 43 0 0 0 0 0 18 0 0 0 0 0 0 0 0 8 0 0 0 0 28 0 0 0 0 0 0 27 0 38 0 0 0 0 0 0 0 0 0
18 0 48 0 0 0 0 0 10 0 0 0 0 0 0 0 0 0 0 0 0 0 1 0 0 0 0 0 0 24 0 0 0 4 0 0 0 0 0 0 0
0 0 0 0 0 0 0 0 0 0 0 0 0 0 0 0 0 0 0 0 0 0 0 0 0 0 0 1 0 0 0 0 0 0 36 51 0 1 0 41 8
21 0 76 0 0 0 0 0 14 0 0 0 0 0 0 0 0 0 0 0 0 0 0 0 0 0 0 1 0 36 0 0 0 8 0 0 0 0 0 0 0
0 0 0 0 0 0 0 0 0 0 0 0 0 0 0 0 0 0 0 0 0 0 0 0 0 0 0 3 0 0 0 0 0 0 30 52 0 0 0 31 5
0 0 0 0 0 0 0 0 0 0 0 0 0 0 0 0 0 0 0 0 0 0 0 0 0 0 0 3 0 0 0 0 0 0 29 51 0 0 0 29 4
0 0 0 0 0 0 0 0 0 0 0 0 0 0 0 0 0 0 0 0 0 0 0 0 0 0 0 3 0 0 0 0 0 0 32 53 0 0 0 34 6
0 0 0 0 0 0 0 0 0 0 0 0 0 0 0 0 0 0 0 0 0 0 0 0 0 0 0 0 0 0 0 0 0 0 44 49 0 1 0 54 12
0 0 0 0 0 0 0 0 0 0 0 0 0 0 0 0 0 0 0 0 0 0 0 0 0 0 0 3 0 0 0 0 0 0 27 49 0 0 0 26 4
0 0 0 0 0 0 0 0 0 0 0 0 0 0 0 0 0 0 0 0 0 0 10 0 0 0 1 0 0 0 0 23 0 0 39 40 0 0 0 40 3
0 0 0 0 0 0 0 0 0 0 0 0 0 0 0 0 0 0 0 0 0 0 16 0 0 0 1 0 0 0 0 30 0 0 37 35 0 0 0 35 0
0 0 13 0 0 0 0 0 0 0 0 0 0 0 0 0 0 0 0 0 0 0 0 0 0 0 0 5 0 0 0 0 0 0 21 46 0 0 0 17 2
0 0 0 0 0 0 0 0 0 0 0 0 0 0 0 0 0 0 0 0 0 0 17 0 0 0 1 0 0 0 0 29 0 0 34 34 0 0 0 32 0
0 0 0 0 0 0 0 0 0 0 0 0 0 0 0 0 0 0 0 0 0 0 0 0 0 0 0 0 0 0 0 6 0 0 45 47 0 1 0 55 13
24 0 27 0 0 0 0 0 13 0 0 0 0 0 0 0 0 6 0 0 0 0 28 0 0 0 0 0 0 19 0 39 0 0 0 0 0 0 0 0 0
13 0 11 0 0 0 0 0 6 0 0 0 0 0 0 0 0 2 0 0 0 0 24 0 0 0 0 0 0 9 0 36 0 0 0 0 0 0 0 0 0
18 0 31 0 0 0 0 0 10 0 0 0 0 0 0 0 0 1 0 0 0 0 16 0 0 0 0 0 0 18 0 21 0 0 0 0 0 0 0 0 0
0 0 0 0 0 0 0 0 0 0 0 0 0 0 0 0 0 0 0 0 0 0 0 0 0 0 0 3 0 0 0 0 0 0 29 51 0 0 0 29 5
2 0 0 0 0 0 0 0 0 0 0 0 0 0 0 0 0 0 0 0 0 0 25 0 0 0 1 0 0 0 0 37 0 0 21 17 0 0 0 14 0
18 0 14 0 0 0 0 0 10 0 0 0 0 0 0 0 0 4 0 0 0 0 30 0 0 0 0 0 0 13 0 42 0 0 0 0 0 0 0 0 0
0 0 0 0 0 0 0 0 0 0 0 0 0 0 0 0 0 0 0 0 0 0 0 0 0 0 0 1 0 0 0 0 0 0 39 53 0 0 0 44 8
0 0 0 0 0 0 0 0 0 0 0 0 0 0 0 0 0 0 0 0 0 0 14 0 0 0 1 1 0 0 0 24 0 0 32 35 0 0 0 31 0
0 0 0 0 0 0 0 0 0 0 0 0 0 0 0 0 0 0 0 0 0 0 14 0 0 0 2 0 0 0 0 28 0 0 37 37 0 0 0 37 0
16 0 53 0 0 0 0 0 9 0 0 0 0 0 0 0 0 0 0 0 0 0 0 0 0 0 0 1 0 25 0 0 0 4 0 0 0 0 0 0 0
0 0 0 0 0 0 0 0 0 0 0 0 0 0 0 0 0 0 0 0 0 0 7 0 0 0 0 2 0 0 0 13 0 0 32 38 0 0 0 31 2
0 0 0 0 0 0 0 0 0 0 0 0 0 0 0 0 0 0 0 0 0 0 0 0 0 0 0 0 0 0 0 13 0 0 44 44 0 0 0 51 10
9 0 47 0 0 0 0 0 6 0 0 0 0 0 0 0 0 0 0 0 0 0 0 0 0 0 0 3 0 20 0 0 0 3 0 0 0 0 0 0 0
0 0 35 0 0 0 0 0 3 0 0 0 0 0 0 0 0 0 0 0 0 0 0 0 0 0 0 6 0 7 0 0 0 0 11 40 0 0 0 1 0
3 0 0 0 0 0 0 0 0 0 0 0 0 0 0 0 0 0 0 0 0 0 24 0 0 0 0 0 0 0 0 37 0 0 19 14 0 0 0 13 0
0 0 15 0 0 0 0 0 0 0 0 0 0 0 0 0 0 0 0 0 0 0 0 0 0 0 0 5 0 0 0 0 0 0 20 46 0 0 0 15 2
36 0 81 0 0 0 0 0 22 0 0 0 0 0 0 0 1 3 0 0 0 0 7 0 0 0 0 0 0 43 0 1 0 4 0 0 0 0 0 0 0
0 0 0 0 0 0 0 0 0 0 0 0 0 0 0 0 0 0 0 0 0 0 0 0 0 0 0 3 0 0 0 0 0 0 32 53 0 0 0 34 6
0 0 20 0 0 0 0 0 1 0 0 0 0 0 0 0 0 0 0 0 0 0 0 0 0 0 0 4 0 4 0 0 0 0 11 30 0 0 0 8 1
8 0 83 0 0 0 0 0 14 0 0 0 0 0 0 0 0 0 0 0 0 0 0 0 0 0 0 6 0 31 0 0 0 4 0 0 0 0 0 0 0
0 0 0 0 0 0 0 0 0 0 0 0 0 0 0 0 0 0 0 0 0 0 16 0 0 0 2 0 0 0 0 29 0 0 37 37 0 0 0 35 0
0 0 0 0 0 0 0 0 0 0 0 0 0 0 0 0 0 0 0 0 0 0 15 0 0 0 1 0 0 0 0 27 0 0 34 35 0 0 0 34 0
16 0 11 0 0 0 0 0 9 0 0 0 0 0 0 0 0 3 0 0 0 0 29 0 0 0 0 0 0 11 0 37 0 0 0 0 0 0 0 0 0
0 0 0 0 0 0 0 0 0 0 0 0 0 0 0 0 0 0 0 0 0 0 0 0 0 0 0 1 0 0 0 0 0 0 37 51 0 0 0 43 8
0 0 0 0 0 0 0 0 0 0 0 0 0 0 0 0 0 0 0 0 0 0 0 0 0 0 0 1 0 0 0 0 0 0 39 51 0 0 0 45 9
0 0 0 0 0 0 0 0 0 0 0 0 0 0 0 0 0 0 0 0 0 0 0 0 0 0 0 0 0 0 0 10 0 0 43 45 0 0 0 50 10
23 0 25 0 0 0 0 0 13 0 0 0 0 0 0 0 0 5 0 0 0 0 28 0 0 0 0 0 0 18 0 39 0 0 0 0 0 0 0 0 0
0 0 0 0 0 0 0 0 0 0 0 0 0 0 0 0 0 0 0 0 0 0 0 0 0 0 0 0 0 0 0 6 0 0 44 46 0 0 0 52 12
0 0 58 0 0 0 0 0 8 0 0 0 0 0 0 0 0 0 0 0 0 0 0 0 0 0 0 7 0 17 0 0 0 0 0 24 0 0 0 0 0
0 0 0 0 0 0 0 0 0 0 0 0 0 0 0 0 0 0 0 0 0 0 8 0 0 0 1 0 0 0 0 22 0 0 42 42 0 0 0 44 5
0 0 0 0 0 0 0 0 0 0 0 0 0 0 0 0 0 0 0 0 0 0 0 0 0 0 0 0 0 0 0 0 0 0 42 50 0 1 0 51 11
5 0 0 0 0 0 0 0 1 0 0 0 0 0 0 0 0 1 0 0 0 0 25 0 0 0 0 0 0 0 0 36 0 0 15 12 0 0 0 9 0
0 0 0 0 0 0 0 0 0 0 0 0 0 0 0 0 0 0 0 0 0 0 14 0 0 0 1 0 0 0 0 27 0 0 36 36 0 0 0 36 1
0 0 0 0 0 0 0 0 0 0 0 0 0 0 0 0 0 0 0 0 0 0 0 0 0 0 0 0 0 0 0 2 0 0 45 47 0 1 0 55 13
0 0 0 0 0 0 0 0 0 0 0 0 0 0 0 0 0 0 0 0 0 0 0 0 0 0 0 0 0 0 0 4 0 0 43 47 0 0 0 51 11
0 0 0 0 0 0 0 0 0 0 0 0 0 0 0 0 0 0 0 0 0 0 16 0 0 0 1 0 0 0 0 27 0 0 35 36 0 0 0 34 0
0 0 0 0 0 0 0 0 0 0 0 0 0 0 0 0 0 0 0 0 0 0 4 0 0 0 1 0 0 0 0 19 0 0 43 42 0 0 0 48 7
0 0 0 0 0 0 0 0 0 0 0 0 0 0 0 0 0 0 0 0 0 0 0 0 0 0 0 3 0 0 0 0 0 0 29 50 0 0 0 29 4
0 0 0 0 0 0 0 0 0 0 0 0 0 0 0 0 0 0 0 0 0 0 0 0 0 0 0 3 0 0 0 0 0 0 30 50 0 0 0 30 4
7 0 1 0 0 0 0 0 3 0 0 0 0 0 0 0 0 1 0 0 0 0 22 0 0 0 0 0 0 3 0 31 0 0 8 4 0 0 0 3 0
38 0 43 0 0 0 0 0 24 0 0 0 0 0 0 0 0 10 0 0 0 0 39 0 0 0 0 0 0 30 0 51 0 0 0 0 0 0 0 0 0
0 0 0 0 0 0 0 0 0 0 0 0 0 0 0 0 0 0 0 0 0 0 0 0 0 0 0 2 0 0 0 0 0 0 31 48 0 0 0 34 5
32 0 100 0 0 0 1 0 22 0 1 0 1 0 0 0 0 0 0 0 0 0 0 0 0 0 0 0 0 48 0 0 0 11 0 0 0 0 0 0 0
0 0 18 0 0 0 0 0 0 0 0 0 0 0 0 0 0 0 0 0 0 0 0 0 0 0 0 5 0 1 0 0 0 0 18 43 0 0 0 14 2
0 0 0 0 0 0 0 0 0 0 0 0 0 0 0 0 0 0 0 0 0 0 0 0 0 0 0 2 0 0 0 0 0 0 34 54 0 0 0 37 6
2 0 1 0 0 0 0 0 1 0 0 0 0 0 0 0 0 0 0 0 0 0 14 0 0 0 0 0 0 1 0 21 0 0 12 13 0 0 0 9 0
0 0 21 0 0 0 0 0 1 0 0 0 0 0 0 0 0 0 0 0 0 0 0 0 0 0 0 5 0 2 0 0 0 0 17 42 0 0 0 11 1
0 0 0 0 0 0 0 0 0 0 0 0 0 0 0 0 0 0 0 0 0 0 18 0 0 0 2 0 0 0 0 31 0 0 36 35 0 0 0 34 0
0 0 43 0 0 0 0 0 5 0 0 0 0 0 0 0 0 0 0 0 0 0 0 0 0 0 0 6 0 10 0 0 0 0 6 35 0 0 0 0 0
0 0 0 0 0 0 0 0 0 0 0 0 0 0 0 0 0 0 0 0 0 0 0 0 0 0 0 1 0 0 0 0 0 0 36 46 0 0 0 41 8
28 0 42 0 0 0 0 0 16 0 0 0 0 0 0 0 0 6 0 0 0 0 23 0 0 0 0 0 0 26 0 30 0 0 0 0 0 0 0 0 0
0 0 0 0 0 0 0 0 0 0 0 0 0 0 0 0 0 0 0 0 0 0 16 0 0 0 1 0 0 0 0 27 0 0 26 26 0 0 0 23 0
29 0 29 0 0 0 0 0 17 0 0 0 0 0 0 0 0 7 0 0 0 0 34 0 0 0 0 0 0 22 0 44 0 0 0 0 0 0 0 0 0
0 0 0 0 0 0 0 0 0 0 0 0 0 0 0 0 0 0 0 0 0 0 0 0 0 0 0 1 0 0 0 0 0 0 38 54 0 1 0 43 8
0 0 12 0 0 0 0 0 0 0 0 0 0 0 0 0 0 0 0 0 0 0 0 0 0 0 0 3 0 2 0 0 0 0 14 31 0 0 0 12 1
0 0 26 0 0 0 0 0 1 0 0 0 0 0 0 0 0 0 0 0 0 0 0 0 0 0 0 6 0 4 0 0 0 0 14 41 0 0 0 7 1
0 0 28 0 0 0 0 0 2 0 0 0 0 0 0 0 0 0 0 0 0 0 0 0 0 0 0 6 0 5 0 0 0 0 13 41 0 0 0 6 0
0 0 12 0 0 0 0 0 0 0 0 0 0 0 0 0 0 0 0 0 0 0 0 0 0 0 0 3 0 2 0 0 0 0 14 24 0 0 0 11 1
0 0 3 0 0 0 0 0 0 0 0 0 0 0 0 0 0 0 0 0 0 0 0 0 0 0 0 4 0 0 0 0 0 0 25 46 0 0 0 23 3
0 0 0 0 0 0 0 0 0 0 0 0 0 0 0 0 0 0 0 0 0 0 0 0 0 0 0 2 0 0 0 0 0 0 33 52 0 0 0 36 6
0 0 0 0 0 0 0 0 0 0 0 0 0 0 0 0 0 0 0 0 0 0 9 0 0 0 1 1 0 0 0 22 0 0 38 39 0 0 0 39 4
36 0 84 0 0 0 0 0 22 0 1 0 0 0 0 0 1 3 0 0 0 0 4 0 0 0 0 0 0 44 0 0 0 6 0 0 0 0 0 0 0
0 0 0 0 0 0 0 0 0 0 0 0 0 0 0 0 0 0 0 0 0 0 0 0 0 0 0 0 0 0 0 9 0 0 43 44 0 0 0 52 11
0 0 0 0 0 0 0 0 0 0 0 0 0 0 0 0 0 0 0 0 0 0 0 0 0 0 0 3 0 0 0 0 0 0 32 52 0 0 0 34 6
33 0 94 0 0 0 0 0 21 0 2 0 1 0 0 0 1 0 0 0 0 0 0 0 0 0 0 0 0 47 0 0 0 9 0 0 0 0 0 0 0
18 0 94 0 0 0 0 0 17 0 1 0 0 0 0 0 0 0 0 0 0 0 0 0 0 0 0 3 0 40 0 0 0 9 0 0 0 0 0 0 0
0 0 6 0 0 0 0 0 0 0 0 0 0 0 0 0 0 0 0 0 0 0 0 0 0 0 0 4 0 0 0 0 0 0 23 44 0 0 0 21 3
0 0 0 0 0 0 0 0 0 0 0 0 0 0 0 0 0 0 0 0 0 0 0 0 0 0 0 4 0 0 0 0 0 0 29 51 0 0 0 29 5
0 0 0 0 0 0 0 0 0 0 0 0 0 0 0 0 0 0 0 0 0 0 0 0 0 0 0 0 0 0 0 0 0 0 43 52 0 1 0 52 11
0 0 0 0 0 0 0 0 0 0 0 0 0 0 0 0 0 0 0 0 0 0 7 0 0 0 1 1 0 0 0 14 0 0 30 37 0 0 0 30 2
0 0 0 0 0 0 0 0 0 0 0 0 0 0 0 0 0 0 0 0 0 0 0 0 0 0 0 0 0 0 0 0 0 0 44 49 0 1 0 53 12
0 0 6 0 0 0 0 0 0 0 0 0 0 0 0 0 0 0 0 0 0 0 0 0 0 0 0 4 0 0 0 0 0 0 24 48 0 0 0 21 3
0 0 0 0 0 0 0 0 0 0 0 0 0 0 0 0 0 0 0 0 0 0 2 0 0 0 0 1 0 0 0 11 0 0 38 44 0 0 0 42 6
10 0 0 0 0 0 0 0 5 0 0 0 0 0 0 0 0 3 0 0 0 0 32 0 0 0 0 0 0 4 0 43 0 0 8 2 0 0 0 0 0
0 0 0 0 0 0 0 0 0 0 0 0 0 0 0 0 0 0 0 0 0 0 16 0 0 0 2 0 0 0 0 30 0 0 39 38 0 0 0 37 0
0 0 0 0 0 0 0 0 0 0 0 0 0 0 0 0 0 0 0 0 0 0 0 0 0 0 0 0 0 0 0 0 0 0 45 50 0 2 0 56 13
0 0 0 0 0 0 0 0 0 0 0 0 0 0 0 0 0 0 0 0 0 0 0 0 0 0 0 0 0 0 0 0 0 0 41 51 0 0 0 48 10
0 0 0 0 0 0 0 0 0 0 0 0 0 0 0 0 0 0 0 0 0 0 0 0 0 0 0 0 0 0 0 8 0 0 45 46 0 0 0 53 12
0 0 0 0 0 0 0 0 0 0 0 0 0 0 0 0 0 0 0 0 0 0 0 0 0 0 0 2 0 0 0 0 0 0 33 48 0 0 0 36 7
0 0 32 0 0 0 0 0 4 0 0 0 0 0 0 0 0 0 0 0 0 0 0 0 0 0 0 5 0 8 0 0 0 0 8 33 0 0 0 1 0
0 0 3 0 0 0 0 0 0 0 0 0 0 0 0 0 0 0 0 0 0 0 0 0 0 0 0 4 0 0 0 0 0 0 26 49 0 0 0 24 3
0 0 0 0 0 0 0 0 0 0 0 0 0 0 0 0 0 0 0 0 0 0 0 0 0 0 0 0 0 0 0 7 0 0 45 46 0 1 0 53 12
24 0 49 0 0 0 0 0 14 0 0 0 0 0 0 0 0 2 0 0 0 0 12 0 0 0 0 0 0 27 0 12 0 1 0 0 0 0 0 0 0
0 0 0 0 0 0 0 0 0 0 0 0 0 0 0 0 0 0 0 0 0 0 0 0 0 0 0 0 0 0 0 3 0 0 42 48 0 0 0 50 11
14 0 10 0 0 0 0 0 7 0 0 0 0 0 0 0 0 2 0 0 0 0 26 0 0 0 0 0 0 9 0 36 0 0 0 0 0 0 0 0 0
0 0 0 0 0 0 0 0 0 0 0 0 0 0 0 0 0 0 0 0 0 0 0 0 0 0 0 0 0 0 0 2 0 0 43 47 0 1 0 51 12
0 0 0 0 0 0 0 0 0 0 0 0 0 0 0 0 0 0 0 0 0 0 1 0 0 0 1 2 0 0 0 6 0 0 32 42 0 0 0 33 3
0 0 0 0 0 0 0 0 0 0 0 0 0 0 0 0 0 0 0 0 0 0 23 0 0 0 1 0 0 0 0 34 0 0 25 24 0 0 0 20 0
0 0 0 0 0 0 0 0 0 0 0 0 0 0 0 0 0 0 0 0 0 0 17 0 0 0 1 0 0 0 0 29 0 0 30 30 0 0 0 28 0
0 0 0 0 0 0 0 0 0 0 0 0 0 0 0 0 0 0 0 0 0 0 0 0 0 0 0 3 0 0 0 0 0 0 32 48 0 0 0 33 5
36 0 49 0 0 0 0 0 21 0 0 0 0 0 0 0 0 9 0 0 0 0 29 0 0 0 0 0 0 31 0 37 0 0 0 0 0 0 0 0 0
6 0 0 0 0 0 0 0 2 0 0 0 0 0 0 0 0 1 0 0 0 0 27 0 0 0 0 0 0 1 0 39 0 0 13 8 0 0 0 6 0
0 0 0 0 0 0 0 0 0 0 0 0 0 0 0 0 0 0 0 0 0 0 15 0 0 0 2 0 0 0 0 30 0 0 41 40 0 0 0 41 1
0 0 0 0 0 0 0 0 0 0 0 0 0 0 0 0 0 0 0 0 0 0 0 0 0 0 0 0 0 0 0 12 0 0 43 44 0 0 0 51 11
0 0 0 0 0 0 0 0 0 0 0 0 0 0 0 0 0 0 0 0 0 0 0 0 0 0 0 4 0 0 0 0 0 0 29 52 0 0 0 29 5
2 0 79 0 0 0 0 0 12 0 0 0 0 0 0 0 0 0 0 0 0 0 0 0 0 0 0 7 0 27 0 0 0 1 0 11 0 0 0 0 0
0 0 0 0 0 0 0 0 0 0 0 0 0 0 0 0 0 0 0 0 0 0 0 0 0 0 0 3 0 0 0 0 0 0 29 50 0 0 0 30 5
6 0 0 0 0 0 0 0 2 0 0 0 0 0 0 0 0 2 0 0 0 0 35 0 0 0 1 0 0 0 0 48 0 0 19 12 0 0 0 8 0
0 0 0 0 0 0 0 0 0 0 0 0 0 0 0 0 0 0 0 0 0 0 0 0 0 0 0 0 0 0 0 6 0 0 42 47 0 0 0 49 10
0 0 0 0 0 0 0 0 0 0 0 0 0 0 0 0 0 0 0 0 0 0 13 0 0 0 2 1 0 0 0 25 0 0 35 37 0 0 0 35 0
0 0 0 0 0 0 0 0 0 0 0 0 0 0 0 0 0 0 0 0 0 0 3 0 0 0 0 2 0 0 0 7 0 0 27 33 0 0 0 27 3
0 0 0 0 0 0 0 0 0 0 0 0 0 0 0 0 0 0 0 0 0 0 0 0 0 0 0 2 0 0 0 0 0 0 34 56 0 0 0 38 7
0 0 0 0 0 0 0 0 0 0 0 0 0 0 0 0 0 0 0 0 0 0 0 0 0 0 0 0 0 0 0 3 0 0 43 47 0 1 0 52 11
48 0 60 0 0 0 0 0 31 0 0 0 0 0 0 0 0 13 0 0 0 0 42 0 0 0 0 0 0 40 0 50 0 0 0 0 0 1 0 0 0
18 0 14 0 0 0 0 0 10 0 0 0 0 0 0 0 0 4 0 0 0 0 31 0 0 0 0 0 0 12 0 42 0 0 0 0 0 0 0 0 0
30 0 49 0 0 0 0 0 17 0 0 0 0 0 0 0 0 5 0 0 0 0 19 0 0 0 0 0 0 28 0 25 0 0 0 0 0 0 0 0 0
16 0 29 0 0 0 0 0 8 0 0 0 0 0 0 0 0 1 0 0 0 0 13 0 0 0 0 0 0 16 0 17 0 0 0 0 0 0 0 0 0
36 0 49 0 0 0 0 0 22 0 0 0 0 0 0 0 0 10 0 0 0 0 30 0 0 0 0 0 0 31 0 41 0 0 0 0 0 0 0 0 0
0 0 16 0 0 0 0 0 0 0 0 0 0 0 0 0 0 0 0 0 0 0 0 0 0 0 0 5 0 1 0 0 0 0 19 43 0 0 0 14 1
0 0 0 0 0 0 0 0 0 0 0 0 0 0 0 0 0 0 0 0 0 0 0 0 0 0 0 1 0 0 0 0 0 0 38 51 0 0 0 43 8
33 0 121 0 0 0 1 0 24 0 2 0 2 0 0 0 1 0 0 0 0 0 0 1 0 0 0 1 0 56 0 0 0 13 0 0 0 0 0 0 0
0 0 0 0 0 0 0 0 0 0 0 0 0 0 0 0 0 0 0 0 0 0 0 0 0 0 0 0 0 0 0 7 0 0 44 45 0 0 0 52 12
0 0 18 0 0 0 0 0 0 0 0 0 0 0 0 0 0 0 0 0 0 0 0 0 0 0 0 5 0 2 0 0 0 0 17 38 0 0 0 12 1
0 0 0 0 0 0 0 1 0 0 0 0 0 0 0 0 0 0 0 0 0 0 22 0 0 0 2 1 0 0 0 33 0 0 32 34 0 0 0 27 0
0 0 0 0 0 0 0 0 0 0 0 0 0 0 0 0 0 0 0 0 0 0 0 0 0 0 0 0 0 0 0 0 0 0 41 54 0 1 0 50 10
0 0 0 0 0 0 0 0 0 0 0 0 0 0 0 0 0 0 0 0 0 0 0 0 0 0 0 1 0 0 0 0 0 0 36 50 0 0 0 41 8
10 0 45 0 0 0 0 0 7 0 0 0 0 0 0 0 0 0 0 0 0 0 0 0 0 0 0 2 0 19 0 0 0 3 0 0 0 0 0 0 0
0 0 0 0 0 0 0 0 0 0 0 0 0 0 0 0 0 0 0 0 0 0 8 0 0 0 1 0 0 0 0 21 0 0 40 42 0 0 0 43 4
8 0 38 0 0 0 0 0 4 0 0 0 0 0 0 0 0 0 0 0 0 0 0 0 0 0 0 2 0 16 0 0 0 1 0 0 0 0 0 0 0
24 0 25 0 0 0 0 0 14 0 0 0 0 0 0 0 0 6 0 0 0 0 30 0 0 0 0 0 0 19 0 41 0 0 0 0 0 0 0 0 0
15 0 11 0 0 0 0 0 8 0 0 0 0 0 0 0 0 3 0 0 0 0 27 0 0 0 0 0 0 10 0 38 0 0 0 0 0 0 0 0 0
0 0 0 0 0 0 0 0 0 0 0 0 0 0 0 0 0 0 0 0 0 0 9 0 0 0 1 0 0 0 0 24 0 0 41 41 0 0 0 43 4
0 0 0 0 0 0 0 0 0 0 0 0 0 0 0 0 0 0 0 0 0 0 16 0 0 0 1 1 0 0 0 27 0 0 33 34 0 0 0 30 0
0 0 0 0 0 0 0 0 0 0 0 0 0 0 0 0 0 0 0 0 0 0 0 0 0 0 0 0 0 0 0 4 0 0 42 46 0 0 0 50 11
0 0 0 0 0 0 0 0 0 0 0 0 0 0 0 0 0 0 0 0 0 0 0 0 0 0 0 1 0 0 0 0 0 0 38 50 0 0 0 43 9
0 0 0 0 0 0 0 0 0 0 0 0 0 0 0 0 0 0 0 0 0 0 19 0 0 0 1 1 0 0 0 30 0 0 30 32 0 0 0 26 0
18 0 64 0 0 0 0 0 11 0 0 0 0 0 0 0 0 0 0 0 0 0 0 0 0 0 0 1 0 30 0 0 0 6 0 0 0 0 0 0 0
0 0 46 0 0 0 0 0 6 0 0 0 0 0 0 0 0 0 0 0 0 0 0 0 0 0 0 5 0 14 0 0 0 1 0 22 0 0 0 0 0
0 0 20 0 0 0 0 0 0 0 0 0 0 0 0 0 0 0 0 0 0 0 0 0 0 0 0 5 0 2 0 0 0 0 17 42 0 0 0 11 1
0 0 0 0 0 0 0 0 0 0 0 0 0 0 0 0 0 0 0 0 0 0 5 0 0 0 0 1 0 0 0 10 0 0 30 37 0 0 0 30 2
0 0 0 0 0 0 0 0 0 0 0 0 0 0 0 0 0 0 0 0 0 0 0 0 0 0 0 2 0 0 0 0 0 0 37 51 0 0 0 41 8
0 0 0 0 0 0 0 0 0 0 0 0 0 0 0 0 0 0 0 0 0 0 0 0 0 0 0 3 0 0 0 0 0 0 36 48 0 0 0 39 7
0 0 0 0 0 1 0 0 0 0 0 0 0 0 0 0 0 0 0 0 0 0 0 0 0 0 0 0 0 0 0 14 0 0 48 44 0 1 0 58 13
0 0 0 0 0 0 0 0 0 0 0 0 0 0 0 0 0 0 0 0 0 0 29 0 0 0 1 0 0 0 0 40 0 0 27 24 0 0 0 19 0
7 0 66 0 0 0 0 0 10 0 0 0 0 0 0 0 0 0 0 0 0 0 0 0 0 0 0 5 0 25 0 0 0 3 0 0 0 0 0 0 0
0 0 0 0 0 0 0 0 0 0 0 0 0 0 0 0 0 0 0 0 0 0 0 0 0 0 0 0 0 0 0 0 0 0 41 51 0 1 0 49 11
0 0 20 0 0 0 0 0 0 0 0 0 0 0 0 0 0 0 0 0 0 0 0 0 0 0 0 5 0 2 0 0 0 0 17 42 0 0 0 11 1
0 0 0 0 0 0 0 0 0 0 0 0 0 0 0 0 0 0 0 0 0 0 11 0 0 0 1 0 0 0 0 24 0 0 39 39 0 0 0 40 3
0 0 0 0 0 0 0 0 0 0 0 0 0 0 0 0 0 0 0 0 0 0 0 0 0 0 0 2 0 0 0 0 0 0 34 51 0 0 0 36 6
0 0 0 0 0 0 0 0 0 0 0 0 0 0 0 0 0 0 0 0 0 0 0 0 0 0 0 0 0 0 0 4 0 0 45 48 0 0 0 53 12
0 0 0 0 0 0 0 0 0 0 0 0 0 0 0 0 0 0 0 0 0 0 3 0 0 0 1 0 0 0 0 16 0 0 42 43 0 0 0 47 7
0 0 0 0 0 0 0 0 0 0 0 0 0 0 0 0 0 0 0 0 0 0 0 0 0 0 0 0 0 0 0 10 0 0 45 43 0 1 0 55 13
0 0 0 0 0 0 0 0 0 0 0 0 0 0 0 0 0 0 0 0 0 0 0 0 0 0 0 4 0 0 0 0 0 0 27 46 0 0 0 26 4
24 0 35 0 0 0 0 0 14 0 0 0 0 0 0 0 0 4 0 0 0 0 22 0 0 0 0 0 0 22 0 29 0 0 0 0 0 0 0 0 0
12 0 33 0 0 0 0 0 6 0 0 0 0 0 0 0 0 0 0 0 0 0 4 0 0 0 0 1 0 17 0 3 0 0 0 0 0 0 0 0 0
0 0 12 0 0 0 0 0 0 0 0 0 0 0 0 0 0 0 0 0 0 0 0 0 0 0 0 5 0 0 0 0 0 0 21 47 0 0 0 17 2
26 0 62 0 0 0 0 0 15 0 0 0 0 0 0 0 0 1 0 0 0 0 6 0 0 0 0 0 0 32 0 0 0 3 0 0 0 0 0 0 0
0 0 0 0 0 0 0 0 0 0 0 0 0 0 0 0 0 0 0 0 0 0 5 0 0 0 1 0 0 0 0 17 0 0 40 42 0 0 0 44 6
10 0 71 0 0 0 0 0 11 0 0 0 0 0 0 0 0 0 0 0 0 0 0 0 0 0 0 4 0 28 0 0 0 4 0 0 0 0 0 0 0
9 0 39 0 0 0 0 0 7 0 0 0 0 0 0 0 0 0 0 0 0 0 0 0 0 0 0 2 0 17 0 0 0 1 0 0 0 0 0 0 0
51 0 74 0 1 1 0 0 31 0 0 0 0 0 0 0 2 15 0 0 0 0 33 0 0 0 0 0 0 45 0 44 0 0 0 0 0 0 0 0 0
0 0 0 0 0 0 0 0 0 0 0 0 0 0 0 0 0 0 0 0 0 0 21 0 0 0 1 0 0 0 0 32 0 0 28 29 0 0 0 23 0
0 0 0 0 0 0 0 0 0 0 0 0 0 0 0 0 0 0 0 0 0 0 0 0 0 0 0 2 0 0 0 0 0 0 33 51 0 0 0 36 7
40 0 89 0 0 0 0 0 24 0 1 0 0 0 0 0 1 4 0 0 0 0 5 0 0 0 0 0 0 47 0 0 0 6 0 0 0 0 0 0 0
0 0 0 0 0 0 0 0 0 0 0 0 0 0 0 0 0 0 0 0 0 0 0 0 0 0 0 0 0 0 0 13 0 0 45 44 0 0 0 53 11
0 0 0 0 0 0 0 0 0 0 0 0 0 0 0 0 0 0 0 0 0 0 0 0 0 0 0 0 0 0 0 3 0 0 43 47 0 1 0 52 12
9 0 77 0 0 0 0 0 13 0 0 0 0 0 0 0 0 0 0 0 0 0 0 0 0 0 0 4 0 30 0 0 0 5 0 0 0 0 0 0 0
29 0 31 0 0 0 0 0 17 0 0 0 0 0 0 0 0 7 0 0 0 0 34 0 0 0 0 0 0 22 0 45 0 0 0 0 0 0 0 0 0
51 0 77 0 1 1 0 0 31 0 0 0 0 0 0 0 2 14 0 0 1 0 30 0 0 0 0 0 0 46 0 39 0 1 0 0 0 0 0 0 0
0 0 0 0 0 0 0 0 0 0 0 0 0 0 0 0 0 0 0 0 0 0 0 0 0 0 0 0 0 0 0 6 0 0 43 46 0 0 0 51 11
0 0 0 0 0 0 0 0 0 0 0 0 0 0 0 0 0 0 0 0 0 0 0 0 0 0 0 0 0 0 0 0 0 0 43 51 0 1 0 52 12
0 0 0 0 0 0 0 0 0 0 0 0 0 0 0 0 0 0 0 0 0 0 0 0 0 0 0 0 0 0 0 3 0 0 43 47 0 0 0 51 12
0 0 0 0 0 0 0 0 0 0 0 0 0 0 0 0 0 0 0 0 0 0 12 0 0 0 1 0 0 0 0 25 0 0 38 39 0 0 0 38 2
0 0 0 0 0 0 0 0 0 0 0 0 0 0 0 0 0 0 0 0 0 0 15 0 0 0 2 0 0 0 0 29 0 0 37 36 0 0 0 36 0
8 0 53 0 0 0 0 0 8 0 0 0 0 0 0 0 0 0 0 0 0 0 0 0 0 0 0 3 0 21 0 0 0 4 0 0 0 0 0 0 0
0 0 0 0 0 0 0 0 0 0 0 0 0 0 0 0 0 0 0 0 0 0 4 0 0 0 1 1 0 0 0 16 0 0 41 45 0 0 0 44 6
0 0 0 0 0 0 0 0 0 0 0 0 0 0 0 0 0 0 0 0 0 0 0 0 0 0 0 4 0 0 0 0 0 0 26 49 0 0 0 24 4
0 0 43 0 0 0 0 0 5 0 0 0 0 0 0 0 0 0 0 0 0 0 0 0 0 0 0 7 0 10 0 0 0 0 6 35 0 0 0 0 0
3 0 0 0 0 0 0 0 0 0 0 0 0 0 0 0 0 1 0 0 0 0 26 0 0 0 0 0 0 0 0 37 0 0 20 16 0 0 0 13 0
0 0 0 0 0 0 0 0 0 0 0 0 0 0 0 0 0 0 0 0 0 0 0 0 0 0 0 0 0 0 0 5 0 0 43 47 0 0 0 51 12
0 0 0 0 0 0 0 0 0 0 0 0 0 0 0 0 0 0 0 0 0 0 0 0 0 0 0 0 0 0 0 6 0 0 44 48 0 0 0 52 11
0 0 51 0 0 0 0 0 7 0 0 0 0 0 0 0 0 0 0 0 0 0 0 0 0 0 0 6 0 15 0 0 0 0 0 25 0 0 0 0 0
17 0 16 0 0 0 0 0 9 0 0 0 0 0 0 0 0 4 0 0 0 0 27 0 0 0 0 0 0 12 0 37 0 0 0 0 0 0 0 0 0
0 0 0 0 0 0 0 0 0 0 0 0 0 0 0 0 0 0 0 0 0 0 0 0 0 0 0 2 0 0 0 0 0 0 35 50 0 0 0 38 7
0 0 0 0 0 0 0 0 0 0 0 0 0 0 0 0 0 0 0 0 0 0 12 0 0 0 1 0 0 0 0 25 0 0 39 40 0 0 0 40 2
0 0 0 0 0 0 0 0 0 0 0 0 0 0 0 0 0 0 0 0 0 0 0 0 0 0 0 0 0 0 0 7 0 0 49 48 0 2 0 60 15
0 0 0 0 0 0 0 0 0 0 0 0 0 0 0 0 0 0 0 0 0 0 0 0 0 0 0 0 0 0 0 11 0 0 41 44 0 0 0 47 9
16 0 48 0 0 0 0 0 9 0 0 0 0 0 0 0 0 0 0 0 0 0 0 0 0 0 0 1 0 23 0 0 0 2 0 0 0 0 0 0 0
0 0 0 0 0 0 0 0 0 0 0 0 0 0 0 0 0 0 0 0 0 0 0 0 0 0 0 4 0 0 0 0 0 0 27 49 0 0 0 26 4
0 0 0 0 0 0 0 0 0 0 0 0 0 0 0 0 0 0 0 0 0 0 0 0 0 0 0 1 0 0 0 3 0 0 43 49 0 0 0 51 11
0 0 0 0 0 0 0 0 0 0 0 0 0 0 0 0 0 0 0 0 0 0 0 0 0 0 0 3 0 0 0 0 0 0 31 54 0 0 0 32 5
12 0 13 0 0 0 0 0 6 0 0 0 0 0 0 0 0 2 0 0 0 0 22 0 0 0 0 0 0 10 0 33 0 0 0 0 0 0 0 0 0
0 0 0 0 0 0 0 0 0 0 0 0 0 0 0 0 0 0 0 0 0 0 0 0 0 0 0 1 0 0 0 7 0 0 41 46 0 0 0 47 10
0 0 63 0 0 0 0 0 9 0 0 0 0 0 0 0 0 0 0 0 0 0 0 0 0 0 0 7 0 19 0 0 0 0 0 21 0 0 0 0 0
0 0 0 0 0 0 0 0 0 0 0 0 0 0 0 0 0 0 0 0 0 0 0 0 0 0 0 0 0 0 0 10 0 0 47 46 0 1 0 56 13
0 0 0 0 0 0 0 0 0 0 0 0 0 0 0 0 0 0 0 0 0 0 0 0 0 0 0 1 0 0 0 0 0 0 36 52 0 0 0 42 8
0 0 0 0 0 0 0 0 0 0 0 0 0 0 0 0 0 0 0 0 0 0 4 0 0 0 0 2 0 0 0 5 0 0 24 35 0 0 0 23 0
0 0 0 0 0 0 0 0 0 0 0 0 0 0 0 0 0 0 0 0 0 0 0 0 0 0 0 0 0 0 0 6 0 0 44 47 0 0 0 53 12
0 0 0 0 0 0 0 0 0 0 0 0 0 0 0 0 0 0 0 0 0 0 0 0 0 0 0 0 0 0 0 11 0 0 41 44 0 0 0 47 9
1 0 0 0 0 0 0 0 0 0 0 0 0 0 0 0 0 0 0 0 0 0 25 0 0 0 1 0 0 0 0 36 0 0 23 21 0 0 0 16 0
33 0 59 0 0 0 0 0 20 0 0 0 0 0 0 0 0 6 0 0 0 0 19 0 0 0 0 0 0 34 0 21 0 1 0 0 0 0 0 0 0
