0 0 32 3 0 0 0 0 0 0 0 0 0 0 0 0 0 0 0 0 0 0 1 2 0 0 0 0 0 0 0 29 0 0 12 19 0 6 0 10 0
0 0 37 9 0 0 2 0 0 0 0 0 0 0 0 0 0 0 0 0 0 0 1 12 14 0 0 0 0 0 0 17 0 0 17 7 0 10 0 3 11
0 0 18 7 0 8 2 0 0 0 0 0 0 0 0 0 0 0 0 1 0 0 0 15 22 0 0 3 0 0 0 0 3 0 11 0 0 8 0 0 26
0 0 32 4 0 0 0 0 0 0 0 0 0 0 0 0 0 0 0 0 0 0 0 5 6 0 0 0 0 0 0 23 0 0 14 15 0 8 0 7 0
0 0 0 0 0 38 0 1 1 0 1 0 0 0 0 0 0 0 0 16 0 0 0 0 6 17 17 36 0 3 0 0 9 0 0 0 18 0 0 0 17
0 0 32 9 0 0 2 0 0 0 0 0 0 0 0 0 0 0 0 0 0 0 0 14 17 0 0 0 0 0 0 10 0 0 16 2 0 10 0 0 16
0 0 30 1 0 0 0 0 0 0 0 0 0 0 0 0 0 0 0 0 0 0 1 0 0 0 0 0 0 0 0 29 0 0 11 21 0 6 0 11 0
0 0 28 0 0 0 0 0 0 0 0 0 0 0 0 0 0 0 0 0 0 0 1 0 0 0 0 0 0 0 0 31 0 0 11 24 0 5 0 14 0
0 0 14 5 0 1 2 0 0 0 0 0 0 0 0 0 0 0 0 0 0 0 0 9 13 0 0 0 0 0 0 0 1 0 9 0 0 5 0 0 15
0 0 31 4 0 0 0 0 0 0 0 0 0 0 0 0 0 0 0 0 0 0 0 4 5 0 0 0 0 0 0 23 0 0 14 16 0 7 0 8 0
0 0 37 12 0 0 3 0 0 0 0 0 0 0 0 0 0 0 0 0 0 0 0 18 20 0 0 0 0 0 0 11 0 0 18 1 0 11 0 0 21
0 0 26 0 0 0 0 0 0 0 0 0 0 0 0 0 0 0 0 0 0 0 0 0 0 0 0 0 0 0 0 31 0 0 10 25 0 4 0 14 0
0 0 32 4 0 0 0 0 0 0 0 0 0 0 0 0 0 0 0 0 0 0 0 5 5 0 0 0 0 0 0 24 0 0 15 16 0 7 0 8 0
0 0 0 1 0 26 1 0 0 0 0 0 0 0 0 0 0 0 0 10 0 0 0 8 14 9 9 23 0 2 0 0 7 0 0 0 10 1 0 0 23
0 0 33 8 0 0 1 0 0 0 0 0 0 0 0 0 0 0 0 0 0 0 0 12 14 0 0 0 0 0 0 14 0 0 16 6 0 9 0 2 12
0 0 0 0 0 50 0 1 4 0 3 0 0 0 0 0 0 0 0 22 0 0 0 0 0 26 25 51 0 4 0 0 13 0 0 0 27 0 0 0 14
0 0 0 0 0 37 0 1 1 0 1 0 0 0 0 0 0 0 0 16 0 0 0 1 6 17 17 36 0 3 0 0 10 0 0 0 18 0 0 0 17
0 0 35 6 0 0 0 0 0 0 0 0 0 0 0 0 0 0 0 0 0 0 1 9 11 0 0 0 0 0 0 19 0 0 16 11 0 9 0 5 6
0 0 33 11 0 0 3 0 0 0 0 0 0 0 0 0 0 0 0 0 0 0 0 17 20 0 0 0 0 0 0 8 0 0 16 0 0 10 0 0 21
0 0 32 3 0 0 0 0 0 0 0 0 0 0 0 0 0 0 0 0 0 0 1 3 2 0 0 0 0 0 0 26 0 0 14 18 0 7 0 10 0
0 0 31 5 0 0 1 0 0 0 0 0 0 0 0 0 0 0 0 0 0 0 0 7 9 0 0 0 0 0 0 18 0 0 15 12 0 8 0 5 5
0 0 10 6 0 14 2 0 0 0 0 0 0 0 0 0 0 0 0 4 0 0 0 14 20 2 1 10 0 0 0 0 5 0 7 0 4 6 0 0 26
0 0 35 5 0 0 0 0 0 0 0 0 0 0 0 0 0 0 0 0 0 0 1 7 7 0 0 0 0 0 0 24 0 0 15 14 0 9 0 7 1
0 0 29 1 0 0 0 0 0 0 0 0 0 0 0 0 0 0 0 0 0 0 1 0 0 0 0 0 0 0 0 28 0 0 12 21 0 6 0 12 0
0 0 36 5 0 0 1 0 0 0 0 0 0 0 0 0 0 0 0 0 0 0 1 7 7 0 0 0 0 0 0 24 0 0 16 14 0 9 0 7 2
0 0 29 8 0 0 2 0 0 0 0 0 0 0 0 0 0 0 0 0 0 0 0 15 19 0 0 0 0 0 0 5 0 0 15 0 0 10 0 0 20
0 0 27 9 0 1 3 0 0 0 0 0 0 0 0 0 0 0 0 0 0 0 0 17 23 0 0 0 0 0 0 0 2 0 15 0 0 10 0 0 26
0 0 31 3 0 0 0 0 0 0 0 0 0 0 0 0 0 0 0 0 0 0 1 2 0 0 0 0 0 0 0 28 0 0 11 19 0 6 0 10 0
0 0 27 10 0 0 2 0 0 0 0 0 0 0 0 0 0 0 0 0 0 0 0 17 21 0 0 0 0 0 0 2 1 0 14 0 0 9 0 0 23
0 0 34 5 0 0 1 0 0 0 0 0 0 0 0 0 0 0 0 0 0 0 0 7 8 0 0 0 0 0 0 22 0 0 16 14 0 8 0 7 2
0 0 16 8 0 10 3 0 0 0 0 0 0 0 0 0 0 0 0 2 0 0 0 16 21 0 0 5 0 0 0 0 3 0 9 0 1 7 0 0 27
0 0 32 3 0 0 0 0 0 0 0 0 0 0 0 0 0 0 0 0 0 0 1 3 2 0 0 0 0 0 0 27 0 0 13 18 0 7 0 10 0
0 0 6 4 0 16 2 0 0 0 0 0 0 0 0 0 0 0 0 5 0 0 0 12 19 3 2 12 0 1 0 0 5 0 6 0 4 6 0 0 25
0 0 1 3 0 18 2 0 0 0 0 0 0 0 0 0 0 0 0 6 0 0 0 10 16 5 4 14 0 1 0 0 5 0 3 0 5 4 0 0 22
0 0 30 1 0 0 0 0 0 0 0 0 0 0 0 0 0 0 0 0 0 0 1 0 0 0 0 0 0 0 0 31 0 0 11 23 0 6 0 13 0
0 0 32 2 0 0 0 0 0 0 0 0 0 0 0 0 0 0 0 0 0 0 1 1 0 0 0 0 0 0 0 30 0 0 12 21 0 6 0 12 0
0 0 28 8 0 0 2 0 0 0 0 0 0 0 0 0 0 0 0 0 0 0 0 14 19 0 0 0 0 0 0 6 0 0 15 0 0 9 0 0 19
0 0 33 4 0 0 0 0 0 0 0 0 0 0 0 0 0 0 0 0 0 0 1 6 5 0 0 0 0 0 0 24 0 0 14 15 0 8 0 8 0
0 0 28 2 0 0 0 0 0 0 0 0 0 0 0 0 0 0 0 0 0 0 0 1 1 0 0 0 0 0 0 24 0 0 13 19 0 6 0 9 0
0 0 0 0 0 56 0 2 6 0 4 0 0 0 0 0 0 0 0 25 0 0 0 0 0 30 29 59 1 4 0 0 14 0 0 0 30 0 0 0 10
0 0 35 7 0 0 1 0 0 0 0 0 0 0 0 0 0 0 0 0 0 0 1 8 9 0 0 0 0 0 0 22 0 0 16 13 0 10 0 6 5
0 0 0 0 0 48 0 1 3 0 3 0 0 0 0 0 0 0 0 21 0 0 0 0 1 24 23 48 0 4 0 0 12 0 0 0 25 0 0 0 15
0 0 29 1 0 0 0 0 0 0 0 0 0 0 0 0 0 0 0 0 0 0 1 0 0 0 0 0 0 0 0 30 0 0 12 23 0 6 0 13 0
0 0 0 0 0 33 0 1 2 0 1 0 0 0 0 0 0 0 0 14 0 0 0 0 0 16 17 34 0 2 0 0 8 0 0 0 17 0 0 0 10
0 0 0 0 0 33 1 0 0 0 1 0 0 0 0 0 0 0 0 13 0 0 0 5 11 14 13 30 0 3 0 0 9 0 0 0 14 0 0 0 21
0 0 0 0 0 69 0 3 9 0 6 0 0 0 0 0 0 0 0 31 0 0 0 0 0 39 37 74 2 6 0 0 17 0 0 0 38 0 0 0 6
0 0 27 0 0 0 0 0 0 0 0 0 0 0 0 0 0 0 0 0 0 0 0 0 0 0 0 0 0 0 0 31 0 0 11 24 0 5 0 13 0
1 0 24 0 0 0 0 0 1 0 0 0 0 0 0 0 0 0 0 0 0 0 0 0 0 0 0 0 0 0 0 33 0 0 9 29 0 3 0 16 0
0 0 0 0 0 46 0 1 4 0 3 0 0 0 0 0 0 0 0 20 0 0 0 0 0 24 23 47 0 4 0 0 12 0 0 0 24 0 0 0 11
0 0 29 0 0 0 0 0 0 0 0 0 0 0 0 0 0 0 0 0 0 0 1 0 0 0 0 0 0 0 0 31 0 0 12 23 0 6 0 13 0
0 0 0 0 0 56 0 2 5 0 4 0 0 0 0 0 0 0 0 25 0 0 0 0 0 30 29 58 0 5 0 0 14 0 0 0 30 0 0 0 13
0 0 32 2 0 0 0 0 0 0 0 0 0 0 0 0 0 0 0 0 0 0 1 1 0 0 0 0 0 0 0 30 0 0 12 21 0 6 0 12 0
0 0 28 2 0 0 0 0 0 0 0 0 0 0 0 0 0 0 0 0 0 0 0 2 2 0 0 0 0 0 0 25 0 0 13 18 0 6 0 9 0
0 0 21 5 0 0 2 0 0 0 0 0 0 0 0 0 0 0 0 0 0 0 0 9 13 0 0 0 0 0 0 6 0 0 12 3 0 7 0 0 13
0 0 0 0 0 43 0 1 2 0 2 0 0 0 0 0 0 0 0 18 0 0 0 0 3 21 20 42 0 4 0 0 11 0 0 0 22 0 0 0 16
0 0 0 0 0 63 0 2 8 0 5 0 0 0 0 0 0 0 0 28 0 0 0 0 0 35 34 67 1 5 0 0 16 0 0 0 35 0 0 0 6
0 0 29 1 0 0 0 0 0 0 0 0 0 0 0 0 0 0 0 0 0 0 1 0 0 0 0 0 0 0 0 30 0 0 11 22 0 6 0 12 0
0 0 33 4 0 0 0 0 0 0 0 0 0 0 0 0 0 0 0 0 0 0 1 5 4 0 0 0 0 0 0 25 0 0 14 16 0 8 0 8 0
0 0 0 0 0 46 0 1 2 0 3 0 0 0 0 0 0 0 0 20 0 0 0 0 3 23 22 46 0 4 0 0 12 0 0 0 24 0 0 0 16
0 0 30 3 0 0 0 0 0 0 0 0 0 0 0 0 0 0 0 0 0 0 1 2 1 0 0 0 0 0 0 27 0 0 12 18 0 7 0 10 0
0 0 36 6 0 0 0 0 0 0 0 0 0 0 0 0 0 0 0 0 0 0 1 7 6 0 0 0 0 0 0 25 0 0 15 14 0 9 0 8 0
0 0 37 7 0 0 1 0 0 0 0 0 0 0 0 0 0 0 0 0 0 0 1 9 10 0 0 0 0 0 0 21 0 0 16 11 0 10 0 5 6
0 0 37 7 0 0 1 0 0 0 0 0 0 0 0 0 0 0 0 0 0 0 1 9 10 0 0 0 0 0 0 22 0 0 16 11 0 10 0 5 5
0 0 0 0 0 28 1 0 0 0 0 0 0 0 0 0 0 0 0 11 0 0 0 7 13 11 11 25 0 2 0 0 8 0 0 0 12 1 0 0 22
0 0 31 4 0 0 0 0 0 0 0 0 0 0 0 0 0 0 0 0 0 0 1 5 6 0 0 0 0 0 0 22 0 0 14 15 0 8 0 7 0
0 0 0 0 0 36 0 1 2 0 2 0 0 0 0 0 0 0 0 15 0 0 0 0 1 18 17 36 0 2 0 0 9 0 0 0 18 0 0 0 12
0 0 36 8 0 0 1 0 0 0 0 0 0 0 0 0 0 0 0 0 0 0 1 10 11 0 0 0 0 0 0 20 0 0 16 10 0 10 0 4 8
0 0 0 1 0 29 1 0 0 0 0 0 0 0 0 0 0 0 0 11 0 0 0 7 14 11 10 26 0 2 0 0 8 0 0 0 12 1 0 0 23
0 0 0 0 0 29 1 0 0 0 0 0 0 0 0 0 0 0 0 11 0 0 0 6 12 11 11 26 0 2 0 0 8 0 0 0 13 0 0 0 22
0 0 35 5 0 0 0 0 0 0 0 0 0 0 0 0 0 0 0 0 0 0 1 6 6 0 0 0 0 0 0 24 0 0 15 15 0 8 0 8 0
0 0 27 0 0 0 0 0 0 0 0 0 0 0 0 0 0 0 0 0 0 0 1 0 0 0 0 0 0 0 0 31 0 0 11 24 0 5 0 13 0
0 0 30 1 0 0 0 0 0 0 0 0 0 0 0 0 0 0 0 0 0 0 1 1 0 0 0 0 0 0 0 28 0 0 12 21 0 6 0 11 0
0 0 5 3 0 15 1 0 0 0 0 0 0 0 0 0 0 0 0 5 0 0 0 10 16 3 2 11 0 1 0 0 4 0 5 0 5 4 0 0 21
0 0 0 0 0 22 0 0 0 0 0 0 0 0 0 0 0 0 0 8 0 0 0 6 11 8 8 19 0 2 0 0 6 0 0 0 9 1 0 0 17
0 0 31 2 0 0 0 0 0 0 0 0 0 0 0 0 0 0 0 0 0 0 1 2 1 0 0 0 0 0 0 26 0 0 13 19 0 7 0 10 0
0 0 25 0 0 0 0 0 1 0 0 0 0 0 0 0 0 0 0 0 0 0 0 0 0 0 0 0 0 0 0 32 0 0 10 27 0 4 0 14 0
1 0 25 0 0 0 0 0 1 0 0 0 0 0 0 0 0 0 0 0 0 0 0 0 0 0 0 0 0 0 0 34 0 0 10 29 0 3 0 16 0
0 0 29 0 0 0 0 0 0 0 0 0 0 0 0 0 0 0 0 0 0 0 1 0 0 0 0 0 0 0 0 31 0 0 11 23 0 5 0 13 0
0 0 0 0 0 71 0 3 10 0 6 0 0 0 0 0 0 0 0 31 0 0 0 0 0 41 39 77 2 6 0 0 18 0 0 0 40 0 0 0 1
0 0 12 2 0 1 2 0 0 0 0 0 0 0 0 0 0 0 0 0 0 0 0 6 10 0 0 0 0 0 0 2 0 0 8 1 0 5 0 0 11
0 0 0 0 0 80 0 4 11 0 7 0 0 0 0 0 0 0 0 36 0 0 0 0 0 46 44 86 2 6 0 0 20 0 0 0 44 0 0 0 1
0 0 31 10 0 0 3 0 0 0 0 0 0 0 0 0 0 0 0 0 0 0 0 17 22 0 0 0 0 0 0 3 0 0 16 0 0 10 0 0 24
0 0 28 0 0 0 0 0 0 0 0 0 0 0 0 0 0 0 0 0 0 0 1 0 0 0 0 0 0 0 0 32 0 0 10 24 0 4 0 13 0
0 0 32 10 0 0 2 0 0 0 0 0 0 0 0 0 0 0 0 0 0 0 0 17 20 0 0 0 0 0 0 7 0 0 16 0 0 10 0 0 21
0 0 37 7 0 0 1 0 0 0 0 0 0 0 0 0 0 0 0 0 0 0 1 10 10 0 0 0 0 0 0 22 0 0 17 11 0 10 0 5 6
0 0 0 0 0 34 1 0 1 0 1 0 0 0 0 0 0 0 0 14 0 0 0 1 5 15 14 32 0 2 0 0 9 0 0 0 15 0 0 0 16
0 0 0 0 0 51 0 1 5 0 3 0 0 0 0 0 0 0 0 22 0 0 0 0 0 27 26 53 0 4 0 0 13 0 0 0 27 0 0 0 11
0 0 21 0 0 0 0 0 0 0 0 0 0 0 0 0 0 0 0 0 0 0 0 1 0 0 0 0 0 0 0 20 0 0 11 17 0 5 0 8 0
1 0 26 0 0 0 0 0 1 0 0 0 0 0 0 0 0 0 0 0 0 0 0 0 0 0 0 0 0 0 0 34 0 0 10 28 0 4 0 15 0
0 0 38 7 0 0 1 0 0 0 0 0 0 0 0 0 0 0 0 0 0 0 1 9 10 0 0 0 0 0 0 22 0 0 17 11 0 10 0 5 5
0 0 32 2 0 0 0 0 0 0 0 0 0 0 0 0 0 0 0 0 0 0 1 2 1 0 0 0 0 0 0 28 0 0 13 19 0 7 0 10 0
0 0 33 8 0 0 2 0 0 0 0 0 0 0 0 0 0 0 0 0 0 0 1 12 15 0 0 0 0 0 0 14 0 0 16 5 0 10 0 1 13
1 0 24 0 0 0 0 0 2 0 0 0 0 0 0 0 0 0 0 0 0 0 0 0 0 0 0 0 0 0 0 36 0 0 8 31 0 2 0 17 0
0 0 27 0 0 0 0 0 0 0 0 0 0 0 0 0 0 0 0 0 0 0 1 0 0 0 0 0 0 0 0 32 0 0 11 25 0 5 0 14 0
0 0 0 0 0 40 0 1 2 0 2 0 0 0 0 0 0 0 0 17 0 0 0 0 3 19 19 40 0 3 0 0 10 0 0 0 20 0 0 0 15
0 0 35 5 0 0 0 0 0 0 0 0 0 0 0 0 0 0 0 0 0 0 1 6 6 0 0 0 0 0 0 24 0 0 15 15 0 8 0 8 0
0 0 12 4 0 7 2 0 0 0 0 0 0 0 0 0 0 0 0 2 0 0 0 10 16 0 0 4 0 0 0 0 2 0 8 0 1 6 0 0 19
0 0 30 1 0 0 0 0 0 0 0 0 0 0 0 0 0 0 0 0 0 0 1 0 0 0 0 0 0 0 0 30 0 0 12 22 0 6 0 12 0
0 0 0 0 0 48 0 1 4 0 3 0 0 0 0 0 0 0 0 21 0 0 0 0 0 25 24 49 0 4 0 0 12 0 0 0 25 0 0 0 13
0 0 5 4 0 15 1 0 0 0 0 0 0 0 0 0 0 0 0 5 0 0 0 11 17 3 2 12 0 1 0 0 4 0 5 0 4 4 0 0 22
0 0 28 1 0 0 0 0 0 0 0 0 0 0 0 0 0 0 0 0 0 0 1 0 0 0 0 0 0 0 0 28 0 0 11 20 0 5 0 11 0
0 0 0 1 0 29 1 0 0 0 0 0 0 0 0 0 0 0 0 11 0 0 0 6 13 11 10 26 0 2 0 0 8 0 0 0 12 0 0 0 22
0 0 10 3 0 5 2 0 0 0 0 0 0 0 0 0 0 0 0 1 0 0 0 8 12 0 0 3 0 0 0 0 2 0 7 0 0 5 0 0 14
0 0 30 9 0 0 3 0 0 0 0 0 0 0 0 0 0 0 0 0 0 0 0 17 21 0 0 0 0 0 0 4 0 0 16 0 0 10 0 0 23
2 0 21 0 0 0 0 0 2 0 0 0 0 0 0 0 0 0 0 0 0 0 0 0 0 0 0 0 0 0 0 37 0 0 9 33 0 2 0 18 0
0 0 6 3 0 14 1 0 0 0 0 0 0 0 0 0 0 0 0 4 0 0 0 10 16 3 2 10 0 1 0 0 4 0 5 0 4 4 0 0 21
0 0 0 0 0 27 1 0 0 0 0 0 0 0 0 0 0 0 0 10 0 0 0 5 10 11 10 24 0 1 0 0 7 0 0 0 12 0 0 0 19
0 0 28 9 0 0 3 0 0 0 0 0 0 0 0 0 0 0 0 0 0 0 0 17 21 0 0 0 0 0 0 3 1 0 15 0 0 10 0 0 23
0 0 0 0 0 47 0 1 3 0 3 0 0 0 0 0 0 0 0 20 0 0 0 0 0 24 23 48 0 4 0 0 12 0 0 0 24 0 0 0 14
0 0 34 5 0 0 0 0 0 0 0 0 0 0 0 0 0 0 0 0 0 0 1 5 5 0 0 0 0 0 0 25 0 0 14 15 0 8 0 7 0
0 0 37 8 0 0 1 0 0 0 0 0 0 0 0 0 0 0 0 0 0 0 1 11 11 0 0 0 0 0 0 20 0 0 16 10 0 10 0 4 8
1 0 25 0 0 0 0 0 1 0 0 0 0 0 0 0 0 0 0 0 0 0 0 0 0 0 0 0 0 0 0 33 0 0 9 27 0 3 0 15 0
0 0 0 0 0 30 1 0 0 0 0 0 0 0 0 0 0 0 0 12 0 0 0 4 9 12 12 28 0 2 0 0 8 0 0 0 13 0 0 0 19
0 0 37 10 0 0 2 0 0 0 0 0 0 0 0 0 0 0 0 0 0 0 0 14 17 0 0 0 0 0 0 14 0 0 18 5 0 11 0 1 15
1 0 26 0 0 0 0 0 1 0 0 0 0 0 0 0 0 0 0 0 0 0 1 0 0 0 0 0 0 0 0 37 0 0 8 29 0 3 0 17 0
0 0 25 8 0 1 3 0 0 0 0 0 0 0 0 0 0 0 0 0 0 0 0 15 20 0 0 0 0 0 0 0 1 0 13 0 0 9 0 0 23
2 0 21 0 0 0 0 0 3 0 0 0 0 0 0 0 0 0 0 0 0 0 0 0 0 0 0 0 0 0 0 40 0 0 7 36 0 0 0 20 0
1 0 23 0 0 0 0 0 2 0 0 0 0 0 0 0 0 0 0 0 0 0 0 0 0 0 0 0 0 0 0 36 0 0 8 32 0 2 0 17 0
0 0 29 0 0 0 0 0 0 0 0 0 0 0 0 0 0 0 0 0 0 0 1 0 0 0 0 0 0 0 0 31 0 0 11 24 0 5 0 13 0
0 0 30 4 0 0 1 0 0 0 0 0 0 0 0 0 0 0 0 0 0 0 0 7 9 0 0 0 0 0 0 18 0 0 14 12 0 8 0 5 4
0 0 27 9 0 0 2 0 0 0 0 0 0 0 0 0 0 0 0 0 0 0 0 16 20 0 0 0 0 0 0 3 1 0 14 0 0 9 0 0 21
0 0 0 0 0 34 0 1 1 0 1 0 0 0 0 0 0 0 0 14 0 0 0 0 5 16 15 32 0 3 0 0 9 0 0 0 16 0 0 0 15
0 0 0 0 0 41 0 1 2 0 2 0 0 0 0 0 0 0 0 17 0 0 0 0 4 20 19 40 0 3 0 0 10 0 0 0 20 0 0 0 16
0 0 28 0 0 0 0 0 0 0 0 0 0 0 0 0 0 0 0 0 0 0 0 0 0 0 0 0 0 0 0 28 0 0 13 22 0 5 0 12 0
0 0 24 9 0 3 3 0 0 0 0 0 0 0 0 0 0 0 0 0 0 0 0 17 23 0 0 0 0 0 0 0 2 0 14 0 0 8 0 0 27
0 0 0 1 0 25 1 0 0 0 0 0 0 0 0 0 0 0 0 9 0 0 0 8 15 9 9 22 0 2 0 0 7 0 0 0 10 2 0 0 23
0 0 0 0 0 42 0 1 2 0 2 0 0 0 0 0 0 0 0 18 0 0 0 0 2 21 20 42 0 3 0 0 11 0 0 0 21 0 0 0 15
0 0 35 10 0 0 2 0 0 0 0 0 0 0 0 0 0 0 0 0 0 0 0 15 18 0 0 0 0 0 0 12 0 0 18 3 0 10 0 0 17
0 0 35 11 0 0 3 0 0 0 0 0 0 0 0 0 0 0 0 0 0 0 1 16 19 0 0 0 0 0 0 11 0 0 18 2 0 11 0 0 19
0 0 0 0 0 74 0 4 12 0 7 0 0 0 0 0 0 1 0 33 0 0 0 0 0 44 41 81 3 6 0 0 18 0 0 0 42 0 0 0 0
2 0 23 0 0 0 0 0 2 0 0 0 0 0 0 0 0 0 0 0 0 0 0 0 0 0 0 0 0 0 0 38 0 0 7 34 0 1 0 20 0
0 0 34 10 0 0 2 0 0 0 0 0 0 0 0 0 0 0 0 0 0 0 0 15 19 0 0 0 0 0 0 9 0 0 16 1 0 11 0 0 19
0 0 1 3 0 21 1 0 0 0 0 0 0 0 0 0 0 0 0 7 0 0 0 12 19 6 5 17 0 1 0 0 6 0 3 0 7 4 0 0 26
0 0 37 10 0 0 2 0 0 0 0 0 0 0 0 0 0 0 0 0 0 0 1 14 16 0 0 0 0 0 0 15 0 0 18 5 0 11 0 1 14
0 0 18 4 0 0 2 0 0 0 0 0 0 0 0 0 0 0 0 0 0 0 0 8 11 0 0 0 0 0 0 5 0 0 10 3 0 6 0 0 11
0 0 26 9 0 0 3 0 0 0 0 0 0 0 0 0 0 0 0 0 0 0 0 15 19 0 0 0 0 0 0 4 1 0 14 0 0 9 0 0 20
0 0 19 8 0 7 3 0 0 0 0 0 0 0 0 0 0 0 0 1 0 0 0 16 22 0 0 3 0 0 0 0 3 0 11 0 0 8 0 0 26
0 0 35 10 0 0 2 0 0 0 0 0 0 0 0 0 0 0 0 0 0 0 0 15 18 0 0 0 0 0 0 12 0 0 18 3 0 10 0 0 18
0 0 29 1 0 0 0 0 0 0 0 0 0 0 0 0 0 0 0 0 0 0 1 0 0 0 0 0 0 0 0 30 0 0 11 22 0 6 0 12 0
0 0 0 0 0 28 1 0 0 0 0 0 0 0 0 0 0 0 0 11 0 0 0 7 14 11 11 25 0 2 0 0 8 0 0 0 12 0 0 0 23
0 0 0 0 0 47 0 1 4 0 3 0 0 0 0 0 0 0 0 21 0 0 0 0 0 25 24 49 0 4 0 0 12 0 0 0 25 0 0 0 12
0 0 28 2 0 0 0 0 0 0 0 0 0 0 0 0 0 0 0 0 0 0 0 1 1 0 0 0 0 0 0 25 0 0 12 19 0 6 0 10 0
0 0 0 0 0 37 1 1 1 0 1 0 0 0 0 0 0 0 0 15 0 0 0 1 6 17 16 35 0 3 0 0 10 0 0 0 17 0 0 0 18
0 0 33 10 0 0 3 0 0 0 0 0 0 0 0 0 0 0 0 0 0 0 0 17 21 0 0 0 0 0 0 6 0 0 17 0 0 10 0 0 22
0 0 27 0 0 0 0 0 0 0 0 0 0 0 0 0 0 0 0 0 0 0 0 0 0 0 0 0 0 0 0 30 0 0 11 24 0 5 0 13 0
0 0 30 1 0 0 0 0 0 0 0 0 0 0 0 0 0 0 0 0 0 0 1 1 0 0 0 0 0 0 0 29 0 0 11 20 0 6 0 11 0
0 0 28 0 0 0 0 0 0 0 0 0 0 0 0 0 0 0 0 0 0 0 0 0 0 0 0 0 0 0 0 28 0 0 12 21 0 5 0 12 0
0 0 29 1 0 0 0 0 0 0 0 0 0 0 0 0 0 0 0 0 0 0 1 0 0 0 0 0 0 0 0 29 0 0 12 22 0 5 0 12 0
0 0 13 5 0 8 2 0 0 0 0 0 0 0 0 0 0 0 0 2 0 0 0 11 17 0 0 5 0 0 0 0 3 0 8 0 1 6 0 0 21
1 0 27 0 0 0 0 0 1 0 0 0 0 0 0 0 0 0 0 0 0 0 0 0 0 0 0 0 0 0 0 34 0 0 8 27 0 3 0 15 0
0 0 22 2 0 0 1 0 0 0 0 0 0 0 0 0 0 0 0 0 0 0 0 2 4 0 0 0 0 0 0 18 0 0 12 15 0 5 0 7 0
1 0 26 0 0 0 0 0 1 0 0 0 0 0 0 0 0 0 0 0 0 0 0 0 0 0 0 0 0 0 0 36 0 0 8 29 0 3 0 16 0
0 0 36 8 0 0 1 0 0 0 0 0 0 0 0 0 0 0 0 0 0 0 1 11 12 0 0 0 0 0 0 18 0 0 16 8 0 10 0 3 10
0 0 0 0 0 37 0 1 1 0 1 0 0 0 0 0 0 0 0 15 0 0 0 0 4 17 17 36 0 3 0 0 10 0 0 0 18 0 0 0 16
0 0 37 8 0 0 1 0 0 0 0 0 0 0 0 0 0 0 0 0 0 0 1 11 12 0 0 0 0 0 0 20 0 0 17 10 0 10 0 4 8
0 0 35 5 0 0 0 0 0 0 0 0 0 0 0 0 0 0 0 0 0 0 1 6 6 0 0 0 0 0 0 25 0 0 15 15 0 8 0 8 0
0 0 29 3 0 0 0 0 0 0 0 0 0 0 0 0 0 0 0 0 0 0 1 2 2 0 0 0 0 0 0 25 0 0 13 18 0 6 0 9 0
0 0 1 3 0 19 2 0 0 0 0 0 0 0 0 0 0 0 0 7 0 0 0 11 17 5 5 16 0 1 0 0 6 0 3 0 7 4 0 0 24
0 0 0 0 0 37 1 1 1 0 1 0 0 0 0 0 0 0 0 16 0 0 0 0 5 17 16 35 0 3 0 0 10 0 0 0 17 0 0 0 17
0 0 25 0 0 0 0 0 1 0 0 0 0 0 0 0 0 0 0 0 0 0 0 0 0 0 0 0 0 0 0 32 0 0 11 28 0 4 0 15 0
0 0 30 6 0 0 1 0 0 0 0 0 0 0 0 0 0 0 0 0 0 0 0 9 12 0 0 0 0 0 0 14 0 0 15 7 0 8 0 2 10
0 0 29 1 0 0 0 0 0 0 0 0 0 0 0 0 0 0 0 0 0 0 0 0 0 0 0 0 0 0 0 29 0 0 12 22 0 6 0 12 0
0 0 0 3 0 21 1 0 0 0 0 0 0 0 0 0 0 0 0 7 0 0 0 10 17 6 5 17 0 1 0 0 6 0 2 0 7 4 0 0 24
0 0 21 7 0 4 3 0 0 0 0 0 0 0 0 0 0 0 0 0 0 0 0 14 19 0 0 0 0 0 0 0 2 0 12 0 0 8 0 0 23
0 0 0 0 0 27 1 0 0 0 0 0 0 0 0 0 0 0 0 10 0 0 0 6 11 10 10 24 0 2 0 0 7 0 0 0 11 0 0 0 20
0 0 0 0 0 24 1 0 0 0 0 0 0 0 0 0 0 0 0 9 0 0 0 6 11 9 9 22 0 2 0 0 6 0 0 0 10 1 0 0 19
0 0 14 6 0 10 2 0 0 0 0 0 0 0 0 0 0 0 0 3 0 0 0 14 20 0 0 6 0 1 0 0 4 0 9 0 1 6 0 0 25
1 0 23 0 0 0 0 0 2 0 0 0 0 0 0 0 0 0 0 0 0 0 0 0 0 0 0 0 0 0 0 37 0 0 8 32 0 3 0 18 0
0 0 0 0 0 75 0 3 10 0 6 0 0 0 0 0 0 0 0 34 0 0 0 0 0 43 41 81 2 7 0 0 19 0 0 0 42 0 0 0 5
0 0 3 3 0 17 1 0 0 0 0 0 0 0 0 0 0 0 0 6 0 0 0 11 17 4 3 14 0 1 0 0 5 0 4 0 5 4 0 0 23
0 0 0 0 0 46 0 1 3 0 3 0 0 0 0 0 0 0 0 20 0 0 0 0 0 23 22 46 0 4 0 0 12 0 0 0 23 0 0 0 13
0 0 35 10 0 0 2 0 0 0 0 0 0 0 0 0 0 0 0 0 0 0 0 15 18 0 0 0 0 0 0 12 0 0 17 3 0 11 0 0 17
0 0 4 3 0 11 2 0 0 0 0 0 0 0 0 0 0 0 0 3 0 0 0 8 13 3 2 9 0 0 0 0 3 0 5 0 3 3 0 0 17
0 0 0 0 0 31 1 0 0 0 1 0 0 0 0 0 0 0 0 13 0 0 0 3 8 14 13 29 0 2 0 0 8 0 0 0 14 0 0 0 18
0 0 0 0 0 62 0 2 7 0 5 0 0 0 0 0 0 0 0 28 0 0 0 0 0 35 33 66 1 5 0 0 16 0 0 0 34 0 0 0 7
0 0 0 0 0 61 0 2 7 0 5 0 0 0 0 0 0 0 0 27 0 0 0 0 0 34 33 65 1 5 0 0 16 0 0 0 34 0 0 0 10
0 0 28 0 0 0 0 0 0 0 0 0 0 0 0 0 0 0 0 0 0 0 0 0 0 0 0 0 0 0 0 30 0 0 11 22 0 5 0 12 0
0 0 33 4 0 0 0 0 0 0 0 0 0 0 0 0 0 0 0 0 0 0 1 5 4 0 0 0 0 0 0 26 0 0 14 16 0 8 0 8 0
0 0 0 0 0 50 0 2 4 0 3 0 0 0 0 0 0 0 0 22 0 0 0 0 0 26 25 52 0 4 0 0 13 0 0 0 26 0 0 0 12
0 0 37 8 0 0 1 0 0 0 0 0 0 0 0 0 0 0 0 0 0 0 1 11 11 0 0 0 0 0 0 20 0 0 16 9 0 10 0 4 8
0 0 34 4 0 0 0 0 0 0 0 0 0 0 0 0 0 0 0 0 0 0 1 5 5 0 0 0 0 0 0 25 0 0 15 16 0 8 0 8 0
0 0 0 1 0 13 1 0 0 0 0 0 0 0 0 0 0 0 0 5 0 0 0 6 10 4 4 12 0 1 0 0 4 0 2 0 4 2 0 0 15
1 0 25 0 0 0 0 0 1 0 0 0 0 0 0 0 0 0 0 0 0 0 0 0 0 0 0 0 0 0 0 34 0 0 9 28 0 4 0 15 0
0 0 25 6 0 0 2 0 0 0 0 0 0 0 0 0 0 0 0 0 0 0 0 11 15 0 0 0 0 0 0 7 0 0 13 2 0 9 0 0 15
0 0 0 0 0 60 0 3 8 0 5 0 0 0 0 0 0 0 0 27 0 0 0 0 0 34 32 64 1 5 0 0 15 0 0 0 33 0 0 0 6
2 0 23 0 0 0 0 0 2 0 0 0 0 0 0 0 0 0 0 0 0 0 0 0 0 0 0 0 0 0 0 38 0 0 8 34 0 2 0 19 0
2 0 22 0 0 0 0 0 2 0 0 0 0 0 0 0 0 0 0 0 0 0 0 0 0 0 0 0 0 0 0 37 0 0 8 33 0 2 0 18 0
0 0 0 0 0 60 0 2 6 0 4 0 0 0 0 0 0 0 0 27 0 0 0 0 0 33 32 64 1 5 0 0 16 0 0 0 33 0 0 0 10
0 0 0 0 0 49 0 2 4 0 3 0 0 0 0 0 0 0 0 21 0 0 0 0 0 26 24 51 0 4 0 0 12 0 0 0 26 0 0 0 13
0 0 29 7 0 0 2 0 0 0 0 0 0 0 0 0 0 0 0 0 0 0 0 14 17 0 0 0 0 0 0 8 0 0 16 1 0 9 0 0 17
0 0 0 2 0 25 1 0 0 0 0 0 0 0 0 0 0 0 0 9 0 0 0 9 16 9 9 22 0 2 0 0 8 0 0 0 10 2 0 0 25
0 0 20 8 0 7 3 0 0 0 0 0 0 0 0 0 0 0 0 0 0 0 0 16 22 0 0 2 0 0 0 0 3 0 12 0 0 8 0 0 26
0 0 34 5 0 0 0 0 0 0 0 0 0 0 0 0 0 0 0 0 0 0 1 5 4 0 0 0 0 0 0 26 0 0 14 15 0 8 0 8 0
0 0 0 0 0 34 0 1 2 0 1 0 0 0 0 0 0 0 0 14 0 0 0 0 2 17 17 34 0 3 0 0 8 0 0 0 18 0 0 0 12
2 0 24 0 0 0 0 0 2 0 0 0 0 0 0 0 0 0 0 0 0 0 0 0 0 0 0 0 0 0 0 37 0 0 6 31 0 2 0 18 0
1 0 22 0 0 0 0 0 2 0 0 0 0 0 0 0 0 0 0 0 0 0 0 0 0 0 0 0 0 0 0 36 0 0 9 32 0 2 0 18 0
0 0 25 0 0 0 0 0 0 0 0 0 0 0 0 0 0 0 0 0 0 0 0 0 0 0 0 0 0 0 0 30 0 0 11 25 0 4 0 13 0
0 0 27 0 0 0 0 0 0 0 0 0 0 0 0 0 0 0 0 0 0 0 0 0 0 0 0 0 0 0 0 28 0 0 13 23 0 5 0 12 0
0 0 35 8 0 0 1 0 0 0 0 0 0 0 0 0 0 0 0 0 0 0 0 12 14 0 0 0 0 0 0 16 0 0 17 7 0 10 0 2 12
0 0 29 1 0 0 0 0 0 0 0 0 0 0 0 0 0 0 0 0 0 0 0 0 0 0 0 0 0 0 0 28 0 0 12 20 0 6 0 11 0
0 0 0 0 0 64 0 3 8 0 5 0 0 0 0 0 0 0 0 28 0 0 0 0 0 36 34 68 1 5 0 0 16 0 0 0 35 0 0 0 5
0 0 0 1 0 11 1 0 0 0 0 0 0 0 0 0 0 0 0 4 0 0 0 3 7 4 4 10 0 0 0 0 3 0 2 0 4 1 0 0 11
0 0 34 5 0 0 0 0 0 0 0 0 0 0 0 0 0 0 0 0 0 0 1 6 6 0 0 0 0 0 0 23 0 0 15 14 0 9 0 7 1
0 0 0 0 0 76 0 4 12 0 7 0 0 0 0 0 0 1 0 33 0 0 0 0 0 45 42 83 3 6 0 0 19 0 0 0 43 0 0 0 0
0 0 0 1 0 24 0 0 0 0 0 0 0 0 0 0 0 0 0 9 0 0 0 7 12 9 8 21 0 2 0 0 7 0 0 0 9 1 0 0 20
0 0 23 9 0 4 3 0 0 0 0 0 0 0 0 0 0 0 0 0 0 0 0 17 23 0 0 0 0 0 0 0 2 0 13 0 0 9 0 0 27
0 0 28 2 0 0 0 0 0 0 0 0 0 0 0 0 0 0 0 0 0 0 0 3 3 0 0 0 0 0 0 22 0 0 13 17 0 6 0 8 0
0 0 33 4 0 0 0 0 0 0 0 0 0 0 0 0 0 0 0 0 0 0 1 4 3 0 0 0 0 0 0 27 0 0 14 18 0 8 0 9 0
0 0 0 0 0 35 0 0 1 0 1 0 0 0 0 0 0 0 0 15 0 0 0 1 6 16 16 34 0 3 0 0 9 0 0 0 17 0 0 0 16
0 0 29 0 0 0 0 0 0 0 0 0 0 0 0 0 0 0 0 0 0 0 1 0 0 0 0 0 0 0 0 30 0 0 11 23 0 6 0 12 0
0 0 0 0 0 58 0 2 6 0 4 0 0 0 0 0 0 0 0 26 0 0 0 0 0 32 31 61 1 5 0 0 15 0 0 0 32 0 0 0 11
0 0 0 0 0 34 1 0 0 0 1 0 0 0 0 0 0 0 0 15 0 0 0 3 8 15 14 32 0 2 0 0 9 0 0 0 15 0 0 0 19
0 0 37 6 0 0 1 0 0 0 0 0 0 0 0 0 0 0 0 0 0 0 1 9 10 0 0 0 0 0 0 22 0 0 17 13 0 9 0 5 5
0 0 27 0 0 0 0 0 0 0 0 0 0 0 0 0 0 0 0 0 0 0 0 0 0 0 0 0 0 0 0 32 0 0 11 26 0 5 0 14 0
0 0 0 3 0 22 2 0 0 0 0 0 0 0 0 0 0 0 0 8 0 0 0 10 17 7 7 19 0 1 0 0 7 0 1 0 9 3 0 0 25
0 0 36 9 0 0 2 0 0 0 0 0 0 0 0 0 0 0 0 0 0 0 1 12 13 0 0 0 0 0 0 18 0 0 17 8 0 10 0 3 11
0 0 0 0 0 37 1 1 1 0 1 0 0 0 0 0 0 0 0 16 0 0 0 1 6 17 17 35 0 3 0 0 10 0 0 0 18 0 0 0 18
0 0 0 0 0 38 0 1 2 0 2 0 0 0 0 0 0 0 0 16 0 0 0 0 3 19 18 38 0 3 0 0 10 0 0 0 19 0 0 0 14
0 0 32 10 0 0 3 0 0 0 0 0 0 0 0 0 0 0 0 0 0 0 1 16 19 0 0 0 0 0 0 9 0 0 16 1 0 10 0 0 19
0 0 33 3 0 0 0 0 0 0 0 0 0 0 0 0 0 0 0 0 0 0 1 2 0 0 0 0 0 0 0 29 0 0 12 19 0 7 0 10 0
0 0 37 9 0 0 2 0 0 0 0 0 0 0 0 0 0 0 0 0 0 0 0 14 17 0 0 0 0 0 0 14 0 0 18 5 0 10 0 0 15
0 0 31 6 0 0 1 0 0 0 0 0 0 0 0 0 0 0 0 0 0 0 0 9 12 0 0 0 0 0 0 16 0 0 16 9 0 8 0 3 9
0 0 0 0 0 52 0 2 4 0 3 0 0 0 0 0 0 0 0 23 0 0 0 0 0 27 26 53 0 4 0 0 13 0 0 0 27 0 0 0 14
0 0 34 5 0 0 0 0 0 0 0 0 0 0 0 0 0 0 0 0 0 0 1 7 7 0 0 0 0 0 0 22 0 0 15 13 0 8 0 6 2
0 0 34 4 0 0 0 0 0 0 0 0 0 0 0 0 0 0 0 0 0 0 1 4 3 0 0 0 0 0 0 27 0 0 14 17 0 8 0 9 0
0 0 35 11 0 0 3 0 0 0 0 0 0 0 0 0 0 0 0 0 0 0 1 16 19 0 0 0 0 0 0 10 0 0 17 1 0 10 0 0 19
0 0 0 0 0 32 1 0 0 0 0 0 0 0 0 0 0 0 0 13 0 0 0 5 11 13 12 29 0 2 0 0 9 0 0 0 14 0 0 0 21
0 0 24 8 0 2 2 0 0 0 0 0 0 0 0 0 0 0 0 0 0 0 0 16 21 0 0 0 0 0 0 0 2 0 13 0 0 8 0 0 24
0 0 0 0 0 50 0 2 5 0 4 0 0 0 0 0 0 0 0 22 0 0 0 0 0 27 25 52 0 4 0 0 12 0 0 0 27 0 0 0 8
0 0 38 10 0 0 2 0 0 0 0 0 0 0 0 0 0 0 0 0 0 0 0 15 17 0 0 0 0 0 0 15 0 0 18 5 0 10 0 1 15
0 0 30 1 0 0 0 0 0 0 0 0 0 0 0 0 0 0 0 0 0 0 1 0 0 0 0 0 0 0 0 29 0 0 13 21 0 6 0 12 0
0 0 34 6 0 0 0 0 0 0 0 0 0 0 0 0 0 0 0 0 0 0 1 8 8 0 0 0 0 0 0 21 0 0 15 11 0 9 0 6 4
3 0 20 0 0 0 0 0 3 0 0 0 0 0 0 0 0 0 0 0 0 0 0 0 0 0 0 0 0 0 0 41 0 0 6 38 0 0 0 22 0
0 0 0 0 0 43 0 1 2 0 2 0 0 0 0 0 0 0 0 18 0 0 0 0 3 21 20 43 0 3 0 0 11 0 0 0 22 0 0 0 15
0 0 0 0 0 32 0 1 1 0 1 0 0 0 0 0 0 0 0 13 0 0 0 0 3 15 15 31 0 2 0 0 8 0 0 0 15 0 0 0 13
0 0 23 6 0 0 2 0 0 0 0 0 0 0 0 0 0 0 0 0 0 0 0 12 16 0 0 0 0 0 0 3 0 0 13 0 0 8 0 0 17
0 0 0 0 0 80 0 4 11 0 7 0 0 0 0 0 0 1 0 36 0 0 0 0 0 46 44 86 2 7 0 0 20 0 0 0 45 0 0 0 1
0 0 34 5 0 0 1 0 0 0 0 0 0 0 0 0 0 0 0 0 0 0 0 8 9 0 0 0 0 0 0 20 0 0 16 12 0 9 0 5 4
0 0 0 0 0 33 1 0 0 0 0 0 0 0 0 0 0 0 0 14 0 0 0 4 10 14 13 31 0 2 0 0 9 0 0 0 15 0 0 0 21
0 0 0 1 0 26 1 0 0 0 0 0 0 0 0 0 0 0 0 10 0 0 0 8 15 9 9 23 0 2 0 0 8 0 0 0 11 1 0 0 24
0 0 28 0 0 0 0 0 0 0 0 0 0 0 0 0 0 0 0 0 0 0 0 0 0 0 0 0 0 0 0 31 0 0 11 24 0 5 0 14 0
0 0 34 8 0 0 2 0 0 0 0 0 0 0 0 0 0 0 0 0 0 0 1 12 15 0 0 0 0 0 0 14 0 0 16 6 0 10 0 1 12
0 0 38 8 0 0 1 0 0 0 0 0 0 0 0 0 0 0 0 0 0 0 1 11 12 0 0 0 0 0 0 20 0 0 17 10 0 10 0 4 8
0 0 0 0 0 35 1 0 0 0 1 0 0 0 0 0 0 0 0 15 0 0 0 3 10 15 15 33 0 3 0 0 10 0 0 0 17 0 0 0 21
0 0 0 0 0 40 0 1 1 0 2 0 0 0 0 0 0 0 0 17 0 0 0 0 6 19 19 39 0 3 0 0 10 0 0 0 20 0 0 0 18
0 0 0 0 0 70 0 3 10 0 6 0 0 0 0 0 0 0 0 31 0 0 0 0 0 41 39 76 2 6 0 0 18 0 0 0 39 0 0 0 0
0 0 32 3 0 0 0 0 0 0 0 0 0 0 0 0 0 0 0 0 0 0 0 4 4 0 0 0 0 0 0 24 0 0 14 17 0 7 0 8 0
0 0 29 0 0 0 0 0 0 0 0 0 0 0 0 0 0 0 0 0 0 0 0 0 0 0 0 0 0 0 0 29 0 0 12 23 0 6 0 12 0
1 0 26 0 0 0 0 0 1 0 0 0 0 0 0 0 0 0 0 0 0 0 0 0 0 0 0 0 0 0 0 34 0 0 9 28 0 3 0 16 0
0 0 30 2 0 0 0 0 0 0 0 0 0 0 0 0 0 0 0 0 0 0 1 2 1 0 0 0 0 0 0 26 0 0 12 18 0 7 0 10 0
0 0 0 0 0 62 0 2 7 0 5 0 0 0 0 0 0 0 0 28 0 0 0 0 0 34 32 65 1 5 0 0 16 0 0 0 33 0 0 0 8
4 0 19 0 0 0 0 0 4 0 0 0 0 0 0 0 0 0 0 0 0 0 0 0 0 0 0 0 0 0 0 46 0 0 5 43 0 0 0 25 0
0 0 4 4 0 17 2 0 0 0 0 0 0 0 0 0 0 0 0 5 0 0 0 12 18 4 3 13 0 1 0 0 5 0 4 0 5 4 0 0 24
0 0 38 9 0 0 2 0 0 0 0 0 0 0 0 0 0 0 0 0 0 0 1 13 15 0 0 0 0 0 0 17 0 0 18 7 0 11 0 2 12
0 0 26 0 0 0 0 0 1 0 0 0 0 0 0 0 0 0 0 0 0 0 0 0 0 0 0 0 0 0 0 33 0 0 10 28 0 4 0 15 0
0 0 36 6 0 0 1 0 0 0 0 0 0 0 0 0 0 0 0 0 0 0 1 8 9 0 0 0 0 0 0 22 0 0 16 12 0 9 0 6 4
