0 0 1 1 6 4 0 0 0 9 0 0 0 0 0 0 2 0 0 0 0 0 0 4 0 0 0 0 0 0 0 0 17 22 0 18 0 0 0 0 3
0 0 0 0 4 11 0 0 0 4 0 0 0 3 0 0 5 0 0 0 0 0 0 1 0 0 0 7 0 0 0 0 10 13 0 10 0 0 0 0 4
0 0 0 0 0 3 0 0 0 0 0 0 0 8 0 0 1 0 0 0 0 0 0 0 0 0 0 9 0 0 0 14 0 0 14 0 4 0 0 1 0
0 1 1 0 0 0 0 0 0 11 0 0 0 0 0 0 0 0 0 0 0 0 0 10 0 0 0 0 0 0 1 9 9 20 4 12 9 0 0 0 0
0 0 1 0 5 3 0 0 0 9 0 0 0 0 0 0 1 0 0 0 0 0 0 4 0 0 0 0 0 0 0 0 15 20 0 15 0 0 0 0 3
0 0 1 0 2 0 0 0 0 8 0 0 0 0 0 0 0 0 0 0 0 0 0 5 0 0 0 0 0 0 0 3 8 15 2 9 4 0 0 0 0
0 0 1 0 0 0 0 0 0 9 0 0 0 0 0 0 0 0 0 0 0 0 0 8 0 0 0 0 0 0 1 11 6 16 7 8 9 0 0 1 0
0 0 1 0 0 0 0 0 0 9 0 0 0 0 0 0 0 0 0 0 0 0 0 9 0 0 0 0 0 0 0 11 6 17 7 9 9 0 0 1 0
0 0 1 0 0 0 0 0 0 5 0 0 0 0 0 0 0 0 0 0 0 0 0 5 0 0 0 0 0 0 1 16 0 6 12 0 7 0 0 1 0
0 0 2 0 0 0 0 0 0 7 0 0 0 0 0 0 0 0 0 0 0 0 0 7 0 0 0 0 0 0 1 19 0 8 13 0 9 0 0 2 0
0 0 0 0 2 18 0 0 0 0 0 0 0 16 0 0 8 0 0 0 0 0 0 0 0 0 0 27 0 0 0 0 0 0 0 0 0 0 0 0 4
0 0 1 0 0 0 0 0 0 7 0 0 0 0 0 0 0 0 0 0 0 0 0 7 0 0 0 0 0 0 1 18 0 9 13 1 9 0 0 2 0
0 0 0 0 0 0 0 0 0 2 0 0 0 3 0 0 0 0 0 0 0 0 0 1 0 0 0 1 0 0 0 17 0 0 15 0 6 0 0 2 0
0 0 0 0 5 14 0 0 0 2 0 0 0 3 0 0 6 0 0 0 0 0 0 0 0 0 0 9 0 0 0 0 11 9 0 10 0 0 0 0 4
0 0 2 0 0 0 0 0 0 6 0 0 0 0 0 0 0 0 0 0 0 0 0 5 0 0 0 0 0 0 1 26 0 2 20 0 11 0 0 3 0
0 0 0 0 1 14 0 0 0 0 0 0 0 14 0 0 6 0 0 0 0 0 0 0 0 0 0 21 0 0 0 1 0 0 4 0 0 0 0 0 3
0 0 0 0 1 0 0 0 0 7 0 0 0 0 0 0 0 0 0 0 0 0 0 5 0 0 0 0 0 0 0 9 4 13 8 5 6 0 0 0 0
0 0 0 0 0 0 0 0 0 4 0 0 0 1 0 0 0 0 0 0 0 0 0 3 0 0 0 0 0 0 0 16 0 3 15 0 6 0 0 2 0
0 0 2 0 0 0 0 0 0 7 0 0 0 0 0 0 0 0 0 0 0 0 0 7 0 0 0 0 0 0 1 17 1 10 12 2 9 0 0 2 0
0 0 0 0 4 20 0 0 0 0 0 0 0 10 0 0 8 0 0 0 0 0 0 0 0 0 0 21 0 0 0 0 3 0 0 3 0 0 0 0 5
0 0 2 0 0 0 0 0 0 6 0 0 0 0 0 0 0 0 0 0 0 0 0 6 0 0 0 0 0 0 2 25 0 2 19 0 10 0 0 3 0
0 0 0 0 3 4 0 0 0 7 0 0 0 1 0 0 1 0 0 0 0 0 0 4 0 0 0 2 0 0 0 0 6 14 1 7 2 0 0 0 2
0 0 1 0 0 0 0 0 0 6 0 0 0 0 0 0 0 0 0 0 0 0 0 6 0 0 0 0 0 0 1 21 0 5 16 0 9 0 0 2 0
0 0 0 0 0 0 0 0 0 4 0 0 0 0 0 0 0 0 0 0 0 0 0 3 0 0 0 0 0 0 0 17 0 4 14 0 7 0 0 2 0
0 0 0 0 5 27 0 0 0 0 0 0 0 13 0 0 12 0 0 0 0 0 0 0 0 0 0 30 0 0 0 0 1 0 0 0 0 0 0 0 7
0 0 0 0 0 0 0 0 0 5 0 0 0 1 0 0 0 0 0 0 0 0 0 4 0 0 0 0 0 0 0 11 0 9 10 1 6 0 0 1 0
0 0 1 0 3 0 0 0 0 8 0 0 0 0 0 0 0 0 0 0 0 0 0 6 0 0 0 0 0 0 0 0 10 17 0 11 3 0 0 0 1
0 0 0 0 2 0 0 0 0 7 0 0 0 0 0 0 0 0 0 0 0 0 0 5 0 0 0 0 0 0 0 2 7 14 1 9 3 0 0 0 1
0 0 0 0 0 8 0 0 0 0 0 0 0 13 0 0 4 0 0 0 0 0 0 0 0 0 0 17 0 0 0 8 0 0 11 0 0 0 0 0 1
0 0 2 0 0 0 0 0 0 6 0 0 0 0 0 0 0 0 0 0 0 0 0 6 0 0 0 0 0 0 1 22 0 6 16 0 10 0 0 2 0
0 0 1 0 0 0 0 0 0 8 0 0 0 0 0 0 0 0 0 0 0 0 0 8 0 0 0 0 0 0 0 11 5 15 7 7 8 0 0 1 0
0 0 1 0 0 0 0 0 0 1 0 0 0 2 0 0 0 0 0 0 0 0 0 0 0 0 0 0 0 0 1 22 0 0 20 0 7 0 0 3 0
0 0 0 0 4 16 0 0 0 1 0 0 0 5 0 0 6 0 0 0 0 0 0 0 0 0 0 12 0 0 0 0 9 9 0 9 0 0 0 0 5
0 0 1 0 0 0 0 0 0 0 0 0 0 3 0 0 0 0 0 0 0 0 0 0 0 0 0 0 0 0 0 22 0 0 19 0 7 0 0 3 0
0 0 0 0 2 18 0 0 0 0 0 0 0 14 0 0 8 0 0 0 0 0 0 0 0 0 0 24 0 0 0 0 0 0 0 0 0 0 0 0 4
0 0 0 0 4 15 0 0 0 0 0 0 0 6 0 0 6 0 0 0 0 0 0 0 0 0 0 13 0 0 0 0 7 6 0 6 0 0 0 0 4
0 0 1 0 1 0 0 0 0 7 0 0 0 0 0 0 0 0 0 0 0 0 0 5 0 0 0 0 0 0 0 6 6 14 5 6 5 0 0 0 0
0 0 0 0 1 0 0 0 0 6 0 0 0 1 0 0 0 0 0 0 0 0 0 4 0 0 0 0 0 0 0 10 2 9 9 2 5 0 0 0 0
0 0 0 0 1 6 0 0 0 2 0 0 0 8 0 0 2 0 0 0 0 0 0 0 0 0 0 10 0 0 0 10 0 0 11 0 3 0 0 0 0
0 0 0 0 3 21 0 0 0 0 0 0 0 14 0 0 9 0 0 0 0 0 0 0 0 0 0 26 0 0 0 0 0 0 0 0 0 0 0 0 4
0 0 0 0 3 18 0 0 0 0 0 0 0 11 0 0 7 0 0 0 0 0 0 0 0 0 0 20 0 0 0 0 1 0 0 0 0 0 0 0 4
0 0 1 0 0 0 0 0 0 8 0 0 0 0 0 0 0 0 0 0 0 0 0 7 0 0 0 0 0 0 0 11 5 14 7 7 8 0 0 0 0
0 1 2 0 0 0 0 0 0 11 0 0 0 0 0 0 0 0 0 0 0 0 0 10 0 0 0 0 0 0 1 13 7 19 7 10 10 0 0 1 0
0 0 0 0 0 5 0 0 0 0 0 0 0 9 0 0 2 0 0 0 0 0 0 0 0 0 0 12 0 0 0 11 0 0 12 0 2 0 0 1 0
0 0 0 0 4 29 0 0 0 0 0 0 0 21 0 0 14 0 2 0 0 0 0 0 1 0 0 42 1 0 0 0 0 0 0 0 0 0 0 1 6
0 0 2 0 0 0 0 0 0 8 0 0 0 0 0 0 0 0 0 0 0 0 0 8 0 0 0 0 0 0 1 21 0 10 15 0 11 0 0 3 0
0 0 0 0 4 21 0 0 0 0 0 0 0 9 0 0 9 0 0 0 0 0 0 0 0 0 0 21 0 0 0 0 3 0 0 3 0 0 0 0 6
0 0 0 0 1 9 0 0 0 0 0 0 0 9 0 0 3 0 0 0 0 0 0 0 0 0 0 13 0 0 0 6 0 1 8 0 1 0 0 0 1
0 0 2 0 0 0 0 0 0 6 0 0 0 0 0 0 0 0 0 0 0 0 0 7 0 0 0 0 0 0 1 20 0 7 14 0 10 0 0 2 0
0 0 1 0 0 0 0 0 0 8 0 0 0 0 0 0 0 0 0 0 0 0 0 7 0 0 0 0 0 0 1 15 3 12 10 4 9 0 0 1 0
0 0 0 0 1 13 0 0 0 0 0 0 0 14 0 0 6 0 0 0 0 0 0 0 0 0 0 22 0 0 0 2 0 0 5 0 0 0 0 0 2
0 0 1 0 3 0 0 0 0 9 0 0 0 0 0 0 0 0 0 0 0 0 0 5 0 0 0 0 0 0 0 0 12 19 0 14 2 0 0 0 1
0 0 0 0 3 21 0 0 0 0 0 0 0 13 0 0 9 0 0 0 0 0 0 0 0 0 0 26 0 0 0 0 0 0 0 0 0 0 0 0 5
0 0 0 0 4 24 0 0 0 0 0 0 0 12 0 0 10 0 0 0 0 0 0 0 0 0 0 27 0 0 0 0 0 0 0 0 0 0 0 0 6
0 0 0 0 2 17 0 0 0 0 0 0 0 14 0 0 7 0 0 0 0 0 0 0 0 0 0 23 0 0 0 0 0 0 0 0 0 0 0 0 4
1 1 1 0 2 0 0 0 0 11 0 0 0 0 0 0 0 0 0 0 0 0 0 9 0 0 0 0 0 0 0 0 14 23 0 16 6 0 0 0 0
0 0 0 0 3 19 0 0 0 0 0 0 0 10 0 0 8 0 0 0 0 0 0 0 0 0 0 20 0 0 0 0 1 0 0 1 0 0 0 0 5
0 0 0 0 4 7 0 0 0 6 0 0 0 0 0 0 3 0 0 0 0 0 0 2 0 0 0 2 0 0 0 0 12 16 0 12 0 0 0 0 3
0 0 1 0 2 0 0 0 0 9 0 0 0 0 0 0 0 0 0 0 0 0 0 7 0 0 0 0 0 0 0 2 10 19 0 12 5 0 0 0 0
0 0 0 0 5 24 0 0 0 0 0 0 0 10 0 0 11 0 0 0 0 0 0 0 0 0 0 24 0 0 0 0 4 0 0 3 0 0 0 0 6
0 0 1 0 3 0 0 0 0 9 0 0 0 0 0 0 0 0 0 0 0 0 0 6 0 0 0 0 0 0 0 0 12 19 0 13 3 0 0 0 1
0 0 0 0 0 0 0 0 0 0 0 0 0 7 0 0 0 0 0 0 0 0 0 0 0 0 0 7 0 0 0 18 0 0 18 0 4 0 0 2 0
0 0 1 0 0 0 0 0 0 6 0 0 0 0 0 0 0 0 0 0 0 0 0 6 0 0 0 0 0 0 1 20 0 6 15 0 9 0 0 2 0
0 0 1 0 0 0 0 0 0 8 0 0 0 0 0 0 0 0 0 0 0 0 0 8 0 0 0 0 0 0 1 16 2 11 11 3 9 0 0 1 0
0 0 0 0 3 13 0 0 0 2 0 0 0 6 0 0 5 0 0 0 0 0 0 0 0 0 0 12 0 0 0 0 5 7 0 5 0 0 0 0 4
0 0 2 0 0 0 0 0 0 8 0 0 0 0 0 0 0 0 0 0 0 0 0 8 0 0 0 0 0 0 2 26 0 6 18 0 12 0 0 3 0
0 0 0 0 3 19 0 0 0 0 0 0 0 10 0 0 8 0 0 0 0 0 0 0 0 0 0 20 0 0 0 0 1 0 0 1 0 0 0 0 5
0 0 1 0 0 0 0 0 0 6 0 0 0 0 0 0 0 0 0 0 0 0 0 6 0 0 0 0 0 0 1 16 0 9 12 1 8 0 0 1 0
0 0 0 0 2 12 0 0 0 0 0 0 0 11 0 0 5 0 0 0 0 0 0 0 0 0 0 17 0 0 0 2 0 0 5 0 0 0 0 0 2
0 0 2 0 0 0 0 0 0 5 0 0 0 0 0 0 0 0 0 0 0 0 0 5 0 0 0 0 0 0 1 23 0 2 18 0 9 0 0 3 0
0 0 1 0 2 0 0 0 0 10 0 0 0 0 0 0 0 0 0 0 0 0 0 7 0 0 0 0 0 0 0 2 11 20 0 14 5 0 0 0 0
0 0 0 0 2 13 0 0 0 1 0 0 0 8 0 0 5 0 0 0 0 0 0 0 0 0 0 14 0 0 0 0 1 5 1 1 0 0 0 0 3
0 0 0 0 0 0 0 0 0 1 0 0 0 5 0 0 0 0 0 0 0 0 0 0 0 0 0 3 0 0 0 15 0 0 14 0 5 0 0 1 0
0 0 0 0 5 7 0 0 0 6 0 0 0 0 0 0 2 0 0 0 0 0 0 2 0 0 0 1 0 0 0 0 14 17 0 14 0 0 0 0 3
0 0 0 0 3 20 0 0 0 0 0 0 0 13 0 0 8 0 0 0 0 0 0 0 0 0 0 24 0 0 0 0 0 0 0 0 0 0 0 0 4
0 0 0 0 3 18 0 0 0 0 0 0 0 10 0 0 7 0 0 0 0 0 0 0 0 0 0 18 0 0 0 0 2 1 0 2 0 0 0 0 5
0 0 0 0 0 0 0 0 0 3 0 0 0 3 0 0 0 0 0 0 0 0 0 1 0 0 0 2 0 0 0 15 0 1 14 0 5 0 0 1 0
0 0 2 0 0 0 0 0 0 6 0 0 0 0 0 0 0 0 0 0 0 0 0 6 0 0 0 0 0 0 1 19 0 6 14 0 9 0 0 2 0
0 0 0 0 2 12 0 0 0 0 0 0 0 11 0 0 5 0 0 0 0 0 0 0 0 0 0 17 0 0 0 2 0 0 5 0 0 0 0 0 2
0 0 1 0 3 0 0 0 0 9 0 0 0 0 0 0 0 0 0 0 0 0 0 6 0 0 0 0 0 0 0 0 12 20 0 14 3 0 0 0 1
0 0 0 0 2 18 0 0 0 0 0 0 0 13 0 0 8 0 0 0 0 0 0 0 0 0 0 24 0 0 0 0 0 0 0 0 0 0 0 0 4
0 0 2 0 0 0 0 0 0 8 0 0 0 0 0 0 0 0 0 0 0 0 0 9 0 0 0 0 0 0 2 22 0 10 15 0 11 0 0 3 0
0 0 0 0 3 19 0 0 0 0 0 0 0 11 0 0 8 0 0 0 0 0 0 0 0 0 0 21 0 0 0 0 0 0 0 0 0 0 0 0 5
0 0 0 0 4 23 0 0 0 0 0 0 0 14 0 0 10 0 0 0 0 0 0 0 0 0 0 28 0 0 0 0 0 0 0 0 0 0 0 0 5
0 0 0 0 2 19 0 0 0 0 0 0 0 16 0 0 9 0 1 0 0 0 0 0 0 0 0 28 0 0 0 0 0 0 0 0 0 0 0 0 4
0 0 1 0 0 0 0 0 0 6 0 0 0 0 0 0 0 0 0 0 0 0 0 5 0 0 0 0 0 0 1 14 1 9 10 2 7 0 0 1 0
0 0 0 0 3 16 0 0 0 0 0 0 0 11 0 0 7 0 0 0 0 0 0 0 0 0 0 19 0 0 0 0 0 0 0 0 0 0 0 0 4
0 0 1 0 0 0 0 0 0 7 0 0 0 0 0 0 0 0 0 0 0 0 0 7 0 0 0 0 0 0 1 16 1 10 12 2 9 0 0 2 0
0 0 2 0 0 0 0 0 0 4 0 0 0 0 0 0 0 0 0 0 0 0 0 3 0 0 0 0 0 0 1 21 0 1 17 0 8 0 0 2 0
0 0 0 0 2 19 0 0 0 0 0 0 0 18 0 0 8 0 1 0 0 0 0 0 0 0 0 29 0 0 0 0 0 0 0 0 0 0 0 0 4
0 0 0 0 2 10 0 0 0 3 0 0 0 7 0 0 4 0 0 0 0 0 0 0 0 0 0 11 0 0 0 2 1 7 5 1 1 0 0 0 2
0 0 0 0 1 0 0 0 0 7 0 0 0 0 0 0 0 0 0 0 0 0 0 5 0 0 0 0 0 0 0 7 5 14 6 6 5 0 0 0 0
0 0 0 0 1 10 0 0 0 1 0 0 0 8 0 0 4 0 0 0 0 0 0 0 0 0 0 13 0 0 0 4 0 2 6 0 1 0 0 0 2
0 0 0 1 6 16 0 0 0 1 0 0 0 1 0 0 7 0 0 0 0 0 0 0 0 0 0 9 0 0 0 0 15 11 0 13 0 0 0 0 6
0 0 0 0 4 6 0 0 0 7 0 0 0 0 0 0 2 0 0 0 0 0 0 3 0 0 0 0 0 0 0 0 13 17 0 13 0 0 0 0 3
0 0 0 0 3 20 0 0 0 0 0 0 0 18 0 0 9 0 1 0 0 0 0 0 0 0 0 31 1 0 0 0 0 0 0 0 0 0 0 0 4
0 0 0 0 3 22 0 0 0 0 0 0 0 15 0 0 10 0 1 0 0 0 0 0 0 0 0 29 0 0 0 0 0 0 0 0 0 0 0 0 5
0 0 0 0 5 12 0 0 0 3 0 0 0 2 0 0 5 0 0 0 0 0 0 0 0 0 0 7 0 0 0 0 12 12 0 11 0 0 0 0 4
1 0 0 1 6 15 0 0 0 1 0 0 0 2 0 0 7 0 0 0 0 0 0 0 0 0 0 10 0 0 0 0 13 10 0 12 0 0 0 0 5
0 0 0 0 1 0 0 0 0 6 0 0 0 0 0 0 0 0 0 0 0 0 0 5 0 0 0 0 0 0 0 8 3 12 7 4 6 0 0 0 0
0 0 0 0 1 0 0 0 0 7 0 0 0 0 0 0 0 0 0 0 0 0 0 5 0 0 0 0 0 0 0 5 6 14 4 7 5 0 0 0 0
0 0 0 0 1 15 0 0 0 0 0 0 0 16 0 0 7 0 1 0 0 0 0 0 0 0 0 24 0 0 0 1 0 0 4 0 0 0 0 0 3
0 0 0 1 5 19 0 0 0 0 0 0 0 5 0 0 8 0 0 0 0 0 0 0 0 0 0 15 0 0 0 0 10 5 0 9 0 0 0 0 6
0 0 3 0 0 0 0 0 0 8 0 0 0 0 0 0 0 0 0 0 0 0 0 9 0 0 0 0 0 0 3 28 0 6 19 0 13 0 0 4 0
0 0 0 0 0 2 0 0 0 0 0 0 0 7 0 0 1 0 0 0 0 0 0 0 0 0 0 7 0 0 0 13 0 0 13 0 4 0 0 1 0
0 1 1 0 1 0 0 0 0 11 0 0 0 0 0 0 0 0 0 0 0 0 0 9 0 0 0 0 0 0 0 4 11 22 1 14 7 0 0 0 0
0 0 0 0 2 3 0 0 0 6 0 0 0 1 0 0 0 0 0 0 0 0 0 4 0 0 0 1 0 0 0 3 5 13 3 6 3 0 0 0 1
0 0 1 0 0 0 0 0 0 0 0 0 0 2 0 0 0 0 0 0 0 0 1 0 0 0 0 0 0 0 0 21 0 0 19 0 6 0 0 2 0
0 0 1 0 1 0 0 0 0 9 0 0 0 0 0 0 0 0 0 0 0 0 0 7 0 0 0 0 0 0 0 6 8 17 3 10 6 0 0 0 0
0 0 0 0 1 13 0 0 0 0 0 0 0 12 0 0 5 0 0 0 0 0 0 0 0 0 0 19 0 0 0 2 0 0 5 0 0 0 0 0 2
0 0 0 0 0 7 0 0 0 1 0 0 0 8 0 0 2 0 0 0 0 0 0 0 0 0 0 12 0 0 0 9 0 0 11 0 2 0 0 1 1
0 0 0 0 2 4 0 0 0 5 0 0 0 3 0 0 1 0 0 0 0 0 0 3 0 0 0 3 0 0 0 3 4 11 4 5 3 0 0 0 1
0 0 0 0 4 24 0 0 0 0 0 0 0 16 0 0 11 0 1 0 0 0 0 0 0 0 0 32 0 0 0 0 0 0 0 0 0 0 0 0 5
0 0 0 0 2 17 0 0 0 0 0 0 0 12 0 0 7 0 0 0 0 0 0 0 0 0 0 20 0 0 0 0 0 0 0 0 0 0 0 0 4
0 0 0 0 3 4 0 0 0 7 0 0 0 1 0 0 1 0 0 0 0 0 0 4 0 0 0 1 0 0 0 0 8 15 0 9 1 0 0 0 2
0 0 0 1 5 12 0 0 0 4 0 0 0 1 0 0 5 0 0 0 0 0 0 1 0 0 0 6 0 0 0 0 13 14 0 12 0 0 0 0 4
0 0 0 0 1 11 0 0 0 0 0 0 0 14 0 0 5 0 0 0 0 0 0 0 0 0 0 21 1 0 0 4 0 0 7 0 0 0 0 0 2
0 0 0 0 2 15 0 0 0 0 0 0 0 11 0 0 6 0 0 0 0 0 0 0 0 0 0 19 0 0 0 0 0 0 1 0 0 0 0 0 4
0 0 0 0 3 21 0 0 0 0 0 0 0 12 0 0 9 0 0 0 0 0 0 0 0 0 0 24 0 0 0 0 0 0 0 0 0 0 0 0 5
0 0 2 0 0 0 0 0 0 10 0 0 0 0 0 0 0 0 0 0 0 0 0 11 0 0 0 0 0 0 4 28 0 10 18 0 14 0 0 3 0
0 0 0 0 4 20 0 0 0 0 0 0 0 10 0 0 8 0 0 0 0 0 0 0 0 0 0 21 0 0 0 0 2 0 0 2 0 0 0 0 5
0 0 3 0 0 0 0 0 0 10 0 0 0 0 0 0 0 0 0 0 0 0 0 11 0 0 0 0 0 0 4 34 0 6 23 0 16 0 0 5 0
0 0 0 1 5 21 0 0 0 0 0 0 0 6 0 0 9 0 0 0 0 0 0 0 0 0 0 18 0 0 0 0 9 2 0 8 0 0 0 0 6
0 0 0 0 4 20 0 0 0 0 0 0 0 10 0 0 9 0 0 0 0 0 0 0 0 0 0 21 0 0 0 0 2 0 0 2 0 0 0 0 6
0 0 2 0 0 0 0 0 0 4 0 0 0 0 0 0 0 0 0 0 0 0 0 4 0 0 0 0 0 0 1 29 0 0 23 0 11 0 0 4 0
0 0 0 0 2 13 0 0 0 0 0 0 0 21 0 0 7 0 2 0 0 0 1 0 0 0 1 31 2 0 0 3 0 0 6 0 0 0 0 1 1
0 0 2 0 0 0 0 0 0 7 0 0 0 0 0 0 0 0 0 0 0 0 0 7 0 0 0 0 0 0 1 21 0 7 15 0 10 0 0 2 0
0 0 0 0 1 0 0 0 0 7 0 0 0 0 0 0 0 0 0 0 0 0 0 6 0 0 0 0 0 0 0 9 4 13 6 6 6 0 0 0 0
0 0 0 0 3 22 0 0 0 0 0 0 0 16 0 0 10 0 1 0 0 0 0 0 0 0 0 30 0 0 0 0 0 0 0 0 0 0 0 0 4
0 0 0 0 0 0 0 0 0 4 0 0 0 0 0 0 0 0 0 0 0 0 0 3 0 0 0 0 0 0 0 18 0 3 15 0 7 0 0 2 0
0 0 0 0 0 0 0 0 0 4 0 0 0 0 0 0 0 0 0 0 0 0 0 3 0 0 0 0 0 0 1 20 0 2 17 0 7 0 0 2 0
0 0 0 0 4 10 0 0 0 6 0 0 0 3 0 0 4 0 0 0 0 0 0 2 0 0 0 6 0 0 0 0 10 14 0 9 0 0 0 0 4
0 0 0 0 3 15 0 0 0 0 0 0 0 7 0 0 6 0 0 0 0 0 0 0 0 0 0 14 0 0 0 0 6 6 0 6 0 0 0 0 4
0 0 0 0 4 22 0 0 0 0 0 0 0 10 0 0 9 0 0 0 0 0 0 0 0 0 0 23 0 0 0 0 3 0 0 2 0 0 0 0 6
0 0 0 0 2 4 0 0 0 7 0 0 0 1 0 0 1 0 0 0 0 0 0 4 0 0 0 1 0 0 0 0 7 15 0 9 2 0 0 0 2
0 0 0 0 0 5 0 0 0 0 0 0 0 8 0 0 2 0 0 0 0 0 0 0 0 0 0 11 0 0 0 11 0 0 12 0 2 0 0 1 0
0 0 0 0 4 25 0 0 0 0 0 0 0 15 0 0 11 0 1 0 0 0 0 0 0 0 0 32 0 0 0 0 0 0 0 0 0 0 0 0 6
0 0 0 0 2 2 0 0 0 8 0 0 0 0 0 0 0 0 0 0 0 0 0 5 0 0 0 0 0 0 0 0 8 16 0 10 3 0 0 0 1
0 0 1 0 2 0 0 0 0 9 0 0 0 0 0 0 0 0 0 0 0 0 0 7 0 0 0 0 0 0 0 1 11 20 0 13 5 0 0 0 0
0 0 0 0 0 8 0 0 0 0 0 0 0 12 0 0 4 0 0 0 0 0 0 0 0 0 0 16 0 0 0 9 0 0 11 0 0 0 0 0 1
0 0 0 1 5 14 0 0 0 1 0 0 0 3 0 0 6 0 0 0 0 0 0 0 0 0 0 10 0 0 0 0 10 9 0 10 0 0 0 0 5
0 0 2 0 0 0 0 0 0 6 0 0 0 0 0 0 0 0 0 0 0 0 0 6 0 0 0 0 0 0 2 26 0 2 19 0 11 0 0 3 0
0 0 0 0 1 12 0 0 0 0 0 0 0 13 0 0 5 0 0 0 0 0 0 0 0 0 0 19 0 0 0 5 0 0 8 0 0 0 0 0 2
0 0 0 0 2 7 0 0 0 3 0 0 0 6 0 0 2 0 0 0 0 0 0 1 0 0 0 8 0 0 0 1 2 8 4 2 1 0 0 0 1
0 0 0 0 2 19 0 0 0 0 0 0 0 14 0 0 8 0 0 0 0 0 0 0 0 0 0 24 0 0 0 0 0 0 0 0 0 0 0 0 4
0 0 0 0 3 0 0 0 0 8 0 0 0 0 0 0 0 0 0 0 0 0 0 5 0 0 0 0 0 0 0 0 10 17 0 11 3 0 0 0 1
1 0 0 1 5 5 0 0 0 7 0 0 0 0 0 0 2 0 0 0 0 0 0 3 0 0 0 0 0 0 0 0 16 20 0 16 0 0 0 0 3
0 0 0 0 0 0 0 0 0 0 0 0 0 6 0 0 0 0 0 0 0 0 0 0 0 0 0 5 0 0 0 17 0 0 16 0 4 0 0 2 0
0 0 3 0 0 0 0 0 0 6 0 0 0 0 0 0 0 0 0 0 0 0 0 7 0 0 0 0 0 0 2 30 0 1 22 0 13 0 0 4 0
0 0 1 0 0 0 0 0 0 7 0 0 0 0 0 0 0 0 0 0 0 0 0 6 0 0 0 0 0 0 1 12 3 12 8 5 7 0 0 1 0
0 0 0 0 0 5 0 0 0 1 0 0 0 7 0 0 2 0 0 0 0 0 0 0 0 0 0 9 0 0 0 9 0 0 10 0 3 0 0 1 1
0 0 3 0 0 0 0 0 0 6 0 0 0 0 0 0 0 0 0 0 0 0 0 7 0 0 0 0 0 0 2 31 0 0 23 0 13 0 0 4 0
0 0 0 0 4 19 0 0 0 0 0 0 0 8 0 0 8 0 0 0 0 0 0 0 0 0 0 18 0 0 0 0 6 2 0 5 0 0 0 0 5
0 0 1 0 0 0 0 0 0 5 0 0 0 0 0 0 0 0 0 0 0 0 0 5 0 0 0 0 0 0 1 19 0 4 15 0 8 0 0 2 0
0 1 1 0 3 0 0 0 0 10 0 0 0 0 0 0 0 0 0 0 0 0 0 7 0 0 0 0 0 0 0 0 14 21 0 16 3 0 0 0 1
0 0 0 0 0 4 0 0 0 0 0 0 0 9 0 0 2 0 0 0 0 0 0 0 0 0 0 11 0 0 0 13 0 0 14 0 3 0 0 1 0
0 0 0 0 2 0 0 0 0 7 0 0 0 0 0 0 0 0 0 0 0 0 0 6 0 0 0 0 0 0 0 3 8 16 2 9 4 0 0 0 0
0 0 0 0 3 20 0 0 0 0 0 0 0 16 0 0 9 0 1 0 0 0 0 0 0 0 0 29 0 0 0 0 0 0 0 0 0 0 0 0 4
0 0 0 0 0 5 0 0 0 0 0 0 0 11 0 0 3 0 0 0 0 0 0 0 0 0 0 14 0 0 0 12 0 0 13 0 2 0 0 1 0
0 0 0 0 3 21 0 0 0 0 0 0 0 15 0 0 9 0 0 0 0 0 0 0 0 0 0 28 0 0 0 0 0 0 0 0 0 0 0 0 5
0 0 0 0 3 14 0 0 0 2 0 0 0 6 0 0 5 0 0 0 0 0 0 0 0 0 0 13 0 0 0 0 6 9 0 6 0 0 0 0 4
0 0 0 0 5 27 0 0 0 0 0 0 0 16 0 0 13 0 1 0 0 0 0 0 0 0 0 35 0 0 0 0 0 0 0 0 0 0 0 0 6
0 0 0 0 1 12 0 0 0 0 0 0 0 13 0 0 5 0 0 0 0 0 0 0 0 0 0 19 0 0 0 4 0 0 7 0 0 0 0 0 2
0 0 0 0 0 10 0 0 0 0 0 0 0 12 0 0 5 0 0 0 0 0 0 0 0 0 0 17 0 0 0 8 0 0 10 0 1 0 0 0 1
0 0 2 0 0 0 0 0 0 9 0 0 0 0 0 0 0 0 0 0 0 0 0 9 0 0 0 0 0 0 1 17 2 13 11 4 10 0 0 2 0
0 0 0 1 6 27 0 0 0 0 0 0 0 10 0 0 12 0 0 0 0 0 0 0 0 0 0 26 0 0 0 0 7 0 0 6 0 0 0 0 7
0 0 3 0 0 0 0 0 0 7 0 0 0 0 0 0 0 0 0 0 0 0 0 8 0 0 0 0 0 0 3 29 0 3 21 0 13 0 0 4 0
0 0 2 0 0 0 0 0 0 9 0 0 0 0 0 0 0 0 0 0 0 0 0 9 0 0 0 0 0 0 2 19 1 12 12 3 11 0 0 2 0
0 1 2 0 4 0 0 0 0 11 0 0 0 0 0 0 0 0 0 0 0 0 0 7 0 0 0 0 0 0 0 0 17 24 0 19 2 0 0 0 1
0 0 1 0 1 0 0 0 0 9 0 0 0 0 0 0 0 0 0 0 0 0 0 7 0 0 0 0 0 0 0 4 10 19 1 12 6 0 0 0 0
0 0 0 0 1 13 0 0 0 0 0 0 0 15 0 0 6 0 0 0 0 0 0 0 0 0 0 22 0 0 0 3 0 0 6 0 0 0 0 0 2
0 0 0 0 4 19 0 0 0 0 0 0 0 8 0 0 8 0 0 0 0 0 0 0 0 0 0 18 0 0 0 0 6 3 0 5 0 0 0 0 6
0 0 0 0 3 20 0 0 0 0 0 0 0 14 0 0 9 0 0 0 0 0 0 0 0 0 0 25 0 0 0 0 0 0 0 0 0 0 0 0 4
0 0 1 0 0 0 0 0 0 0 0 0 0 3 0 0 0 0 0 0 0 0 0 0 0 0 0 1 0 0 0 22 0 0 20 0 6 0 0 3 0
0 1 1 0 1 0 0 0 0 11 0 0 0 0 0 0 0 0 0 0 0 0 0 9 0 0 0 0 0 0 0 4 11 21 1 14 7 0 0 0 0
0 0 0 0 3 19 0 0 0 0 0 0 0 13 0 0 8 0 0 0 0 0 0 0 0 0 0 24 0 0 0 0 0 0 0 0 0 0 0 0 4
0 0 0 0 3 19 0 0 0 0 0 0 0 13 0 0 8 0 0 0 0 0 0 0 0 0 0 24 0 0 0 0 0 0 0 0 0 0 0 0 4
0 0 0 0 4 21 0 0 0 0 0 0 0 9 0 0 9 0 0 0 0 0 0 0 0 0 0 21 0 0 0 0 4 0 0 4 0 0 0 0 6
0 0 0 0 2 6 0 0 0 6 0 0 0 3 0 0 2 0 0 0 0 0 0 3 0 0 0 5 0 0 0 3 4 11 4 4 2 0 0 0 1
0 0 1 0 0 0 0 0 0 6 0 0 0 0 0 0 0 0 0 0 0 0 0 6 0 0 0 0 0 0 1 19 0 6 15 0 9 0 0 2 0
0 0 0 0 5 27 0 0 0 0 0 0 0 10 0 0 12 0 0 0 0 0 0 0 0 0 0 27 0 0 0 0 5 0 0 4 0 0 0 0 7
0 0 1 1 6 2 0 0 0 10 0 0 0 0 0 0 1 0 0 0 0 0 0 5 0 0 0 0 0 0 0 0 19 24 0 20 0 0 0 0 3
0 0 0 0 4 18 0 0 0 0 0 0 0 6 0 0 7 0 0 0 0 0 0 0 0 0 0 15 0 0 0 0 7 5 0 7 0 0 0 0 5
0 0 0 0 3 1 0 0 0 8 0 0 0 0 0 0 0 0 0 0 0 0 0 5 0 0 0 0 0 0 0 0 11 18 0 12 2 0 0 0 2
0 0 0 0 0 0 0 0 0 0 0 0 0 7 0 0 0 0 0 0 0 0 0 0 0 0 0 7 0 0 0 17 0 0 17 0 4 0 0 2 0
0 0 1 0 4 2 0 0 0 9 0 0 0 0 0 0 0 0 0 0 0 0 0 5 0 0 0 0 0 0 0 0 14 20 0 15 0 0 0 0 2
0 0 0 0 0 2 0 0 0 2 0 0 0 7 0 0 1 0 0 0 0 0 0 0 0 0 0 7 0 0 0 15 0 0 15 0 4 0 0 1 0
0 0 0 0 3 19 0 0 0 0 0 0 0 10 0 0 7 0 0 0 0 0 0 0 0 0 0 20 0 0 0 0 1 0 0 1 0 0 0 0 5
0 0 1 0 0 0 0 0 0 8 0 0 0 0 0 0 0 0 0 0 0 0 0 7 0 0 0 0 0 0 1 16 2 11 11 3 9 0 0 2 0
0 0 1 0 0 0 0 0 0 4 0 0 0 0 0 0 0 0 0 0 0 0 0 4 0 0 0 0 0 0 1 24 0 1 19 0 9 0 0 3 0
0 0 0 0 2 0 0 0 0 7 0 0 0 0 0 0 0 0 0 0 0 0 0 5 0 0 0 0 0 0 0 3 6 13 3 7 4 0 0 0 0
0 0 0 0 1 15 0 0 0 0 0 0 0 13 0 0 6 0 0 0 0 0 0 0 0 0 0 21 0 0 0 2 0 0 5 0 0 0 0 0 3
0 0 0 0 4 15 0 0 0 1 0 0 0 7 0 0 6 0 0 0 0 0 0 0 0 0 0 14 0 0 0 0 5 6 0 5 0 0 0 0 4
0 0 0 0 3 22 0 0 0 0 0 0 0 16 0 0 10 0 1 0 0 0 0 0 0 0 0 30 0 0 0 0 0 0 0 0 0 0 0 0 4
0 0 0 0 4 24 0 0 0 0 0 0 0 14 0 0 11 0 0 0 0 0 0 0 0 0 0 30 0 0 0 0 0 0 0 0 0 0 0 0 6
0 0 0 0 0 4 0 0 0 0 0 0 0 8 0 0 2 0 0 0 0 0 0 0 0 0 0 10 0 0 0 13 0 0 13 0 3 0 0 1 0
0 0 0 0 1 11 0 0 0 0 0 0 0 11 0 0 5 0 0 0 0 0 0 0 0 0 0 16 0 0 0 4 0 0 7 0 0 0 0 0 2
0 0 0 0 5 10 0 0 0 5 0 0 0 1 0 0 4 0 0 0 0 0 0 1 0 0 0 4 0 0 0 0 13 14 0 12 0 0 0 0 4
0 0 0 0 2 14 0 0 0 0 0 0 0 11 0 0 6 0 0 0 0 0 0 0 0 0 0 18 0 0 0 0 0 0 3 0 0 0 0 0 3
0 0 0 0 1 13 0 0 0 0 0 0 0 16 0 0 6 0 1 0 0 0 0 0 0 0 0 23 1 0 0 2 0 0 5 0 0 0 0 0 2
0 0 0 0 3 15 0 0 0 1 0 0 0 7 0 0 6 0 0 0 0 0 0 0 0 0 0 13 0 0 0 0 4 6 0 4 0 0 0 0 4
0 0 0 0 4 22 0 0 0 0 0 0 0 12 0 0 9 0 0 0 0 0 0 0 0 0 0 24 0 0 0 0 0 0 0 1 0 0 0 0 5
0 0 2 0 0 0 0 0 0 8 0 0 0 0 0 0 0 0 0 0 0 0 0 8 0 0 0 0 0 0 2 23 0 8 16 0 11 0 0 3 0
0 0 0 0 0 0 0 0 0 0 0 0 0 7 0 0 0 0 0 0 0 0 0 0 0 0 0 7 0 0 0 18 0 0 17 0 4 0 0 1 0
0 0 0 0 1 0 0 0 0 5 0 0 0 3 0 0 0 0 0 0 0 0 0 3 0 0 0 2 0 0 0 9 0 8 9 2 5 0 0 0 0
0 0 0 0 5 25 0 0 0 0 0 0 0 11 0 0 11 0 0 0 0 0 0 0 0 0 0 26 0 0 0 0 3 0 0 3 0 0 0 0 7
0 0 1 0 4 0 0 0 0 9 0 0 0 0 0 0 0 0 0 0 0 0 0 6 0 0 0 0 0 0 0 0 13 20 0 15 2 0 0 0 1
0 0 2 0 0 0 0 0 0 11 0 0 0 0 0 0 0 0 0 0 0 0 0 11 0 0 0 0 0 0 2 19 3 16 12 5 12 0 0 2 0
0 0 0 0 4 21 0 0 0 0 0 0 0 10 0 0 9 0 0 0 0 0 0 0 0 0 0 22 0 0 0 0 3 0 0 3 0 0 0 0 6
0 0 2 0 0 0 0 0 0 12 0 0 0 0 0 0 0 0 0 0 0 0 0 12 0 0 0 0 0 0 3 20 3 17 12 6 13 0 0 2 0
0 0 1 0 0 0 0 0 0 8 0 0 0 0 0 0 0 0 0 0 0 0 0 7 0 0 0 0 0 0 0 10 6 15 6 8 8 0 0 0 0
0 0 1 0 0 0 0 0 0 8 0 0 0 0 0 0 0 0 0 0 0 0 0 8 0 0 0 0 0 0 1 10 6 16 6 8 8 0 0 0 0
0 0 0 0 0 0 0 0 0 0 0 0 0 6 0 0 0 0 0 0 0 0 0 0 0 0 0 5 0 0 0 20 0 0 19 0 5 0 0 2 0
0 0 0 0 3 20 0 0 0 0 0 0 0 16 0 0 9 0 0 0 0 0 0 0 0 0 0 27 0 0 0 0 0 0 0 0 0 0 0 0 4
0 0 1 0 0 0 0 0 0 7 0 0 0 0 0 0 0 0 0 0 0 0 0 7 0 0 0 0 0 0 0 16 2 11 11 3 9 0 0 1 0
0 0 0 0 2 17 0 0 0 0 0 0 0 12 0 0 7 0 0 0 0 0 0 0 0 0 0 20 0 0 0 0 0 0 0 0 0 0 0 0 4
0 1 1 0 3 0 0 0 0 10 0 0 0 0 0 0 0 0 0 0 0 0 0 7 0 0 0 0 0 0 0 0 13 21 0 16 4 0 0 0 0
0 0 0 0 0 0 0 0 0 1 0 0 0 3 0 0 0 0 0 0 0 0 0 0 0 0 0 0 0 0 0 21 0 0 19 0 7 0 0 2 0
0 0 0 0 3 9 0 0 0 5 0 0 0 3 0 0 3 0 0 0 0 0 0 2 0 0 0 6 0 0 0 0 8 12 0 8 0 0 0 0 3
0 0 1 0 5 0 0 0 0 10 0 0 0 0 0 0 0 0 0 0 0 0 0 6 0 0 0 0 0 0 0 0 16 22 0 17 1 0 0 0 2
0 0 0 0 4 1 0 0 0 9 0 0 0 0 0 0 0 0 0 0 0 0 0 5 0 0 0 0 0 0 0 0 12 18 0 13 2 0 0 0 2
0 0 0 0 4 9 0 0 0 5 0 0 0 2 0 0 4 0 0 0 0 0 0 2 0 0 0 5 0 0 0 0 10 13 0 9 0 0 0 0 4
0 0 1 0 3 0 0 0 0 10 0 0 0 0 0 0 0 0 0 0 0 0 0 7 0 0 0 0 0 0 0 0 14 21 0 16 3 0 0 0 1
0 0 2 0 0 0 0 0 0 10 0 0 0 0 0 0 0 0 0 0 0 0 0 10 0 0 0 0 0 0 1 13 6 17 8 8 10 0 0 1 0
0 0 1 0 0 0 0 0 0 7 0 0 0 0 0 0 0 0 0 0 0 0 0 7 0 0 0 0 0 0 0 13 3 11 10 4 8 0 0 1 0
0 0 0 0 0 4 0 0 0 1 0 0 0 7 0 0 1 0 0 0 0 0 0 0 0 0 0 9 0 0 0 13 0 0 14 0 4 0 0 1 0
0 0 0 0 6 30 0 0 0 0 0 0 0 13 0 0 14 0 0 0 0 0 0 0 0 0 0 33 0 0 0 0 2 0 0 1 0 0 0 0 8
0 1 2 0 0 0 0 0 0 10 0 0 0 0 0 0 0 0 0 0 0 0 0 10 0 0 0 0 0 0 1 12 7 18 7 10 10 0 0 1 0
0 0 0 0 4 13 0 0 0 2 0 0 0 3 0 0 5 0 0 0 0 0 0 0 0 0 0 9 0 0 0 0 11 11 0 10 0 0 0 0 5
0 0 2 0 0 0 0 0 0 10 0 0 0 0 0 0 0 0 0 0 0 0 0 10 0 0 0 0 0 0 2 17 4 15 10 6 11 0 0 1 0
0 0 0 0 0 0 0 0 0 1 0 0 0 6 0 0 0 0 0 0 0 0 0 0 0 0 0 5 0 0 0 16 0 0 16 0 5 0 0 2 0
0 0 0 0 3 11 0 0 0 4 0 0 0 4 0 0 4 0 0 0 0 0 0 1 0 0 0 8 0 0 0 0 8 11 0 8 0 0 0 0 4
0 0 0 0 3 19 0 0 0 0 0 0 0 13 0 0 8 0 0 0 0 0 0 0 0 0 0 23 0 0 0 0 0 0 0 0 0 0 0 0 4
0 0 0 0 0 5 0 0 0 1 0 0 0 8 0 0 2 0 0 0 0 0 0 0 0 0 0 9 0 0 0 10 0 0 11 0 3 0 0 1 0
0 0 1 0 0 0 0 0 0 9 0 0 0 0 0 0 0 0 0 0 0 0 0 9 0 0 0 0 0 0 1 16 4 14 10 6 10 0 0 1 0
0 0 0 0 2 13 0 0 0 0 0 0 0 9 0 0 5 0 0 0 0 0 0 0 0 0 0 16 0 0 0 0 0 0 2 0 0 0 0 0 3
0 0 1 0 0 0 0 0 0 10 0 0 0 0 0 0 0 0 0 0 0 0 0 9 0 0 0 0 0 0 1 7 9 18 4 11 7 0 0 0 0
0 0 0 0 0 0 0 0 0 1 0 0 0 3 0 0 0 0 0 0 0 0 0 0 0 0 0 1 0 0 0 22 0 0 20 0 7 0 0 2 0
0 0 0 0 0 3 0 0 0 0 0 0 0 7 0 0 1 0 0 0 0 0 0 0 0 0 0 8 0 0 0 12 0 0 13 0 3 0 0 1 0
0 0 1 0 0 0 0 0 0 9 0 0 0 0 0 0 0 0 0 0 0 0 0 9 0 0 0 0 0 0 1 14 5 15 9 6 10 0 0 1 0
0 0 0 0 3 22 0 0 0 0 0 0 0 18 0 0 10 0 1 0 0 0 0 0 0 0 0 32 0 0 0 0 0 0 0 0 0 0 0 0 4
0 0 0 0 1 13 0 0 0 0 0 0 0 12 0 0 5 0 0 0 0 0 0 0 0 0 0 19 0 0 0 4 0 0 7 0 0 0 0 0 2
0 0 3 0 0 0 0 0 0 5 0 0 0 0 0 0 0 0 0 0 0 0 0 6 0 0 0 0 0 0 2 31 0 0 23 0 12 0 0 4 0
0 0 2 0 0 0 0 0 0 8 0 0 0 0 0 0 0 0 0 0 0 0 0 8 0 0 0 0 0 0 1 16 3 12 11 4 10 0 0 1 0
0 0 0 0 0 0 0 0 0 6 0 0 0 0 0 0 0 0 0 0 0 0 0 5 0 0 0 0 0 0 0 14 1 8 11 1 7 0 0 1 0
0 0 2 0 0 0 0 0 0 6 0 0 0 0 0 0 0 0 0 0 0 0 0 6 0 0 0 0 0 0 1 23 0 4 18 0 10 0 0 3 0
0 0 0 0 0 3 0 0 0 0 0 0 0 8 0 0 1 0 0 0 0 0 0 0 0 0 0 10 0 0 0 13 0 0 13 0 3 0 0 1 0
0 0 0 0 2 11 0 0 0 1 0 0 0 8 0 0 4 0 0 0 0 0 0 0 0 0 0 13 0 0 0 0 1 5 2 1 0 0 0 0 3
0 0 2 0 2 0 0 0 0 10 0 0 0 0 0 0 0 0 0 0 0 0 0 8 0 0 0 0 0 0 0 2 11 21 0 14 6 0 0 0 0
0 0 1 0 0 0 0 0 0 4 0 0 0 0 0 0 0 0 0 0 0 0 0 3 0 0 0 0 0 0 0 22 0 2 18 0 8 0 0 2 0
0 0 1 0 0 0 0 0 0 9 0 0 0 0 0 0 0 0 0 0 0 0 0 9 0 0 0 0 0 0 2 20 1 12 13 3 11 0 0 2 0
0 0 1 0 0 0 0 0 0 8 0 0 0 0 0 0 0 0 0 0 0 0 0 8 0 0 0 0 0 0 1 19 1 11 13 2 11 0 0 2 0
0 0 0 0 3 21 0 0 0 0 0 0 0 13 0 0 9 0 0 0 0 0 0 0 0 0 0 24 0 0 0 0 0 0 0 0 0 0 0 0 5
0 0 2 0 0 0 0 0 0 7 0 0 0 0 0 0 0 0 0 0 0 0 0 7 0 0 0 0 0 0 2 22 0 6 16 0 10 0 0 3 0
0 0 0 0 2 0 0 0 0 7 0 0 0 0 0 0 0 0 0 0 0 0 0 5 0 0 0 0 0 0 0 5 6 14 4 7 4 0 0 0 0
0 0 0 0 4 19 0 0 0 0 0 0 0 9 0 0 8 0 0 0 0 0 0 0 0 0 0 19 0 0 0 0 2 0 0 2 0 0 0 0 5
