0 0 0 0 0 0 0 9 0 0 0 0 0 0 0 0 0 0 0 0 0 0 0 0 0 0 0 0 0 0 0 42 0 0 74 91 0 0 0 65 0
0 0 0 0 0 0 0 27 0 0 0 0 0 0 0 0 0 0 0 0 0 0 0 0 0 0 0 0 6 0 0 21 0 0 56 67 0 0 0 54 0
0 0 43 0 0 0 0 0 0 0 0 0 0 0 0 0 0 0 0 0 0 0 78 0 0 0 0 0 0 0 0 16 8 0 0 0 0 12 0 0 0
0 0 0 0 0 0 0 42 0 0 0 0 0 0 0 0 0 0 0 0 0 0 0 0 0 1 0 0 16 0 0 0 0 0 25 34 0 0 0 31 2
0 0 25 0 0 0 0 0 0 0 0 0 0 0 0 0 0 0 0 0 0 0 65 0 2 8 0 0 8 0 0 9 7 0 0 0 0 10 0 0 0
0 0 0 1 0 0 0 36 0 0 0 0 0 0 0 0 0 0 0 0 0 0 0 0 0 0 0 0 10 0 0 9 0 0 44 53 0 0 0 48 1
0 0 0 0 0 0 0 36 0 0 0 0 0 0 0 0 0 0 0 0 0 0 6 0 1 13 0 0 21 0 0 0 3 0 2 13 0 0 0 5 2
0 0 0 0 0 0 0 16 0 0 0 0 0 0 0 0 0 0 0 0 0 0 0 0 0 0 0 0 0 0 0 34 0 0 67 84 0 0 0 59 0
0 0 4 0 0 0 0 0 0 0 0 0 0 0 0 0 0 0 0 0 0 0 0 0 0 0 0 0 0 0 0 58 0 0 88 107 0 0 0 77 0
0 0 23 0 0 0 0 0 0 0 0 0 0 0 0 0 0 0 0 0 0 0 63 0 1 7 0 0 8 0 0 8 7 0 0 0 0 9 0 0 0
0 0 0 0 0 0 0 18 0 0 0 0 0 0 0 0 0 0 0 0 0 0 0 0 0 0 0 0 1 0 0 31 0 0 65 80 0 0 0 58 0
0 0 0 0 0 0 0 14 0 0 0 0 0 0 0 0 0 0 0 0 0 0 0 0 0 0 0 0 0 0 0 37 0 0 69 86 0 0 0 61 0
0 0 0 0 0 0 0 11 0 0 0 0 0 0 0 0 0 0 0 0 0 0 0 0 0 0 0 0 0 0 0 40 0 0 71 90 0 0 0 62 0
0 0 0 0 0 0 0 0 0 0 0 0 0 0 0 0 0 0 0 0 0 0 0 0 0 0 0 0 0 0 0 51 0 0 82 100 0 0 0 71 0
3 0 3 0 0 0 0 16 0 0 0 0 0 0 0 0 0 0 0 0 0 0 38 0 4 22 0 0 19 0 0 0 7 0 0 0 0 0 0 0 0
3 0 0 0 0 0 0 24 0 0 0 0 0 0 0 0 0 0 0 0 0 0 28 0 4 22 0 0 21 0 0 0 7 0 0 5 0 0 0 0 1
0 0 0 0 0 0 0 39 0 0 0 0 0 0 0 0 0 0 0 0 0 0 0 0 0 9 0 0 20 0 0 0 1 0 7 18 0 0 0 13 3
5 0 2 0 0 0 0 20 0 0 0 0 0 0 0 0 0 0 0 0 0 0 36 0 4 25 0 0 22 0 0 0 8 0 0 2 0 0 0 0 0
0 0 31 0 0 0 0 0 0 0 0 0 0 0 0 0 0 0 0 0 0 0 69 0 0 0 0 0 2 0 0 13 6 0 0 0 0 10 0 0 0
0 0 0 0 0 0 0 11 0 0 0 0 0 0 0 0 0 0 0 0 0 0 0 0 0 0 0 0 0 0 0 40 0 0 72 90 0 0 0 63 0
0 0 0 0 0 0 0 29 0 0 0 0 0 0 0 0 0 0 0 0 0 0 0 0 0 0 0 0 7 0 0 17 0 0 53 63 0 0 0 53 0
0 0 0 0 0 0 0 8 0 0 0 0 0 0 0 0 0 0 0 0 0 0 0 0 0 0 0 0 0 0 0 43 0 0 74 92 0 0 0 64 0
0 0 17 0 0 0 0 0 0 0 0 0 0 0 0 0 0 0 0 0 0 0 56 0 2 11 0 0 11 0 0 6 6 0 0 0 0 8 0 0 0
0 0 0 1 0 0 0 35 0 0 0 0 0 0 0 0 0 0 0 0 0 0 0 0 0 0 0 0 10 0 0 10 0 0 46 54 0 0 0 49 1
0 0 0 0 0 0 0 2 0 0 0 0 0 0 0 0 0 0 0 0 0 0 0 0 0 0 0 0 0 0 0 50 0 0 81 98 0 0 0 71 0
0 0 12 0 0 0 0 2 0 0 0 0 0 0 0 0 0 0 0 0 0 0 50 0 3 16 0 0 13 0 0 4 6 0 0 0 0 5 0 0 0
0 0 28 0 0 0 0 0 0 0 0 0 0 0 0 0 0 0 0 0 0 0 68 0 1 5 0 0 5 0 0 11 7 0 0 0 0 10 0 0 0
0 0 0 0 0 0 0 5 0 0 0 0 0 0 0 0 0 0 0 0 0 0 0 0 0 0 0 0 0 0 0 47 0 0 78 96 0 0 0 67 0
0 0 0 1 0 0 0 43 0 0 0 0 0 0 0 0 0 0 0 0 0 0 0 0 0 0 0 0 14 0 0 0 0 0 36 43 0 0 0 43 2
0 0 0 1 0 0 0 37 0 0 0 0 0 0 0 0 0 0 0 0 0 0 0 0 0 0 0 0 11 0 0 7 0 0 43 51 0 0 0 47 1
0 0 0 0 0 0 0 13 0 0 0 0 0 0 0 0 0 0 0 0 0 0 0 0 0 0 0 0 0 0 0 37 0 0 70 86 0 0 0 61 0
0 0 0 0 0 0 0 9 0 0 0 0 0 0 0 0 0 0 0 0 0 0 0 0 0 0 0 0 0 0 0 42 0 0 74 92 0 0 0 64 0
1 0 13 0 0 0 0 1 0 0 0 0 0 0 0 0 0 0 0 0 0 0 53 0 3 18 0 0 15 0 0 3 7 0 0 0 0 5 0 0 0
0 0 0 0 0 0 0 13 0 0 0 0 0 0 0 0 0 0 0 0 0 0 0 0 0 0 0 0 0 0 0 37 0 0 70 87 0 0 0 61 0
0 0 0 0 0 0 0 13 0 0 0 0 0 0 0 0 0 0 0 0 0 0 0 0 0 0 0 0 0 0 0 38 0 0 70 87 0 0 0 61 0
0 0 0 1 0 0 0 35 0 0 0 0 0 0 0 0 0 0 0 0 0 0 0 0 0 0 0 0 10 0 0 10 0 0 46 54 0 0 0 49 1
0 0 39 0 0 0 0 0 0 0 0 0 0 0 0 0 0 0 0 0 0 0 76 0 0 0 0 0 0 0 0 15 8 0 0 0 0 12 0 0 0
0 0 0 0 0 0 0 30 0 0 0 0 0 0 0 0 0 0 0 0 0 0 0 0 0 0 0 0 8 0 0 17 0 0 52 62 0 0 0 53 0
1 0 14 0 0 0 0 0 0 0 0 0 0 0 0 0 0 0 0 0 0 0 55 0 3 17 0 0 14 0 0 3 8 0 0 0 0 6 0 0 0
0 0 0 1 0 0 0 43 0 0 0 0 0 0 0 0 0 0 0 0 0 0 0 0 0 0 0 0 14 0 0 0 0 0 35 43 0 0 0 42 2
0 0 12 0 0 0 0 2 0 0 0 0 0 0 0 0 0 0 0 0 0 0 47 0 2 13 0 0 12 0 0 6 5 0 0 0 0 5 0 0 0
4 0 10 0 0 0 0 6 0 0 0 0 0 0 0 0 0 0 0 0 0 0 53 0 4 23 0 0 18 0 0 0 9 0 0 0 0 4 0 0 0
0 0 0 0 0 0 0 2 0 0 0 0 0 0 0 0 0 0 0 0 0 0 0 0 0 0 0 0 0 0 0 49 0 0 81 98 0 0 0 70 0
0 0 36 0 0 0 0 0 0 0 0 0 0 0 0 0 0 0 0 0 0 0 71 0 0 0 0 0 0 0 0 15 7 0 0 0 0 11 0 0 0
0 0 0 0 0 0 0 15 0 0 0 0 0 0 0 0 0 0 0 0 0 0 0 0 0 0 0 0 0 0 0 36 0 0 69 86 0 0 0 60 0
0 0 30 0 0 0 0 0 0 0 0 0 0 0 0 0 0 0 0 0 0 0 68 0 1 2 0 0 4 0 0 12 7 0 0 0 0 10 0 0 0
0 0 22 0 0 0 0 0 0 0 0 0 0 0 0 0 0 0 0 0 0 0 61 0 2 10 0 0 9 0 0 8 7 0 0 0 0 9 0 0 0
0 0 35 0 0 0 0 0 0 0 0 0 0 0 0 0 0 0 0 0 0 0 73 0 1 0 0 0 1 0 0 14 7 0 0 0 0 11 0 0 0
0 0 0 0 0 0 0 2 0 0 0 0 0 0 0 0 0 0 0 0 0 0 0 0 0 0 0 0 0 0 0 50 0 0 81 99 0 0 0 70 0
0 0 0 0 0 0 0 18 0 0 0 0 0 0 0 0 0 0 0 0 0 0 0 0 0 0 0 0 1 0 0 32 0 0 66 81 0 0 0 59 0
0 0 0 0 0 0 0 41 0 0 0 0 0 0 0 0 0 0 0 0 0 0 0 0 0 4 0 0 18 0 0 0 0 0 17 28 0 0 0 24 2
0 0 0 0 0 0 0 15 0 0 0 0 0 0 0 0 0 0 0 0 0 0 0 0 0 0 0 0 0 0 0 36 0 0 68 85 0 0 0 60 0
0 0 0 0 0 0 0 3 0 0 0 0 0 0 0 0 0 0 0 0 0 0 0 0 0 0 0 0 0 0 0 48 0 0 79 96 0 0 0 68 0
0 0 23 0 0 0 0 0 0 0 0 0 0 0 0 0 0 0 0 0 0 0 62 0 1 6 0 0 7 0 0 9 6 0 0 0 0 9 0 0 0
4 0 5 0 0 0 0 14 0 0 0 0 0 0 0 0 0 0 0 0 0 0 42 0 5 24 0 0 20 0 0 0 8 0 0 0 0 1 0 0 0
0 0 24 0 0 0 0 0 0 0 0 0 0 0 0 0 0 0 0 0 0 0 62 0 1 6 0 0 7 0 0 9 6 0 0 0 0 9 0 0 0
0 0 30 0 0 0 0 0 0 0 0 0 0 0 0 0 0 0 0 0 0 0 70 0 1 4 0 0 4 0 0 11 7 0 0 0 0 10 0 0 0
1 0 0 0 0 0 0 29 0 0 0 0 0 0 0 0 0 0 0 0 0 0 17 0 3 18 0 0 21 0 0 0 5 0 0 9 0 0 0 0 2
0 0 11 0 2 0 0 0 0 0 0 0 0 0 0 0 0 0 0 0 0 0 0 1 0 0 0 0 0 0 0 77 0 0 109 132 0 1 0 94 0
0 0 0 0 0 0 0 28 0 0 0 0 0 0 0 0 0 0 0 0 0 0 0 0 0 0 0 0 7 0 0 18 0 0 54 65 0 0 0 52 0
0 0 0 0 0 0 0 40 0 0 0 0 0 0 0 0 0 0 0 0 0 0 0 0 0 7 0 0 18 0 0 0 0 0 11 22 0 0 0 17 3
0 0 0 0 0 0 0 23 0 0 0 0 0 0 0 0 0 0 0 0 0 0 0 0 0 0 0 0 3 0 0 25 0 0 60 73 0 0 0 56 0
0 0 0 0 0 0 0 9 0 0 0 0 0 0 0 0 0 0 0 0 0 0 0 0 0 0 0 0 0 0 0 42 0 0 73 91 0 0 0 63 0
0 0 0 0 0 0 0 2 0 0 0 0 0 0 0 0 0 0 0 0 0 0 0 0 0 0 0 0 0 0 0 50 0 0 80 97 0 0 0 69 0
0 0 0 0 0 0 0 22 0 0 0 0 0 0 0 0 0 0 0 0 0 0 0 0 0 0 0 0 3 0 0 26 0 0 61 74 0 0 0 57 0
0 0 40 0 0 0 0 0 0 0 0 0 0 0 0 0 0 0 0 0 0 0 73 0 0 0 0 0 0 0 0 17 7 0 0 0 0 12 0 0 0
0 0 0 0 0 0 0 42 0 0 0 0 0 0 0 0 0 0 0 0 0 0 0 0 0 3 0 0 17 0 0 0 0 0 19 29 0 0 0 25 2
1 0 0 0 0 0 0 29 0 0 0 0 0 0 0 0 0 0 0 0 0 0 18 0 3 18 0 0 21 0 0 0 5 0 0 9 0 0 0 0 2
0 0 34 0 0 0 0 0 0 0 0 0 0 0 0 0 0 0 0 0 0 0 71 0 0 0 0 0 1 0 0 14 7 0 0 0 0 11 0 0 0
0 0 0 0 0 0 0 29 0 0 0 0 0 0 0 0 0 0 0 0 0 0 0 0 0 0 0 0 6 0 0 18 0 0 54 64 0 0 0 54 0
0 0 0 1 0 0 0 40 0 0 0 0 0 0 0 0 0 0 0 0 0 0 0 0 0 0 0 0 13 0 0 4 0 0 38 48 0 0 0 44 1
0 0 0 1 0 0 0 45 0 0 0 0 0 0 0 0 0 0 0 0 0 0 0 0 0 0 0 0 17 0 0 0 0 0 25 34 0 0 0 32 3
0 0 0 0 0 0 0 41 0 0 0 0 0 0 0 0 0 0 0 0 0 0 0 0 0 6 0 0 19 0 0 0 0 0 12 23 0 0 0 18 3
0 0 0 0 0 0 0 10 0 0 0 0 0 0 0 0 0 0 0 0 0 0 0 0 0 0 0 0 0 0 0 42 0 0 73 91 0 0 0 64 0
0 0 0 0 0 0 0 2 0 0 0 0 0 0 0 0 0 0 0 0 0 0 0 0 0 0 0 0 0 0 0 50 0 0 80 97 0 0 0 69 0
0 0 0 1 0 0 0 38 0 0 0 0 0 0 0 0 0 0 0 0 0 0 0 0 0 0 0 0 12 0 0 6 0 0 40 49 0 0 0 45 1
0 0 34 0 0 0 0 0 0 0 0 0 0 0 0 0 0 0 0 0 0 0 69 0 1 0 0 0 1 0 0 15 6 0 0 0 0 11 0 0 0
1 0 16 0 0 0 0 0 0 0 0 0 0 0 0 0 0 0 0 0 0 0 58 0 3 16 0 0 13 0 0 4 8 0 0 0 0 7 0 0 0
0 0 0 0 0 0 0 40 0 0 0 0 0 0 0 0 0 0 0 0 0 0 0 0 0 6 0 0 18 0 0 0 0 0 14 24 0 0 0 19 2
0 0 19 0 0 0 0 0 0 0 0 0 0 0 0 0 0 0 0 0 0 0 59 0 2 10 0 0 10 0 0 7 7 0 0 0 0 8 0 0 0
0 0 4 0 0 0 0 0 0 0 0 0 0 0 0 0 0 0 0 0 0 0 0 0 0 0 0 0 0 0 0 59 0 0 88 107 0 1 0 77 0
4 0 0 0 0 0 0 22 0 0 0 0 0 0 0 0 0 0 0 0 0 0 31 0 4 23 0 0 21 0 0 0 7 0 0 5 0 0 0 0 1
0 0 0 0 0 0 0 44 0 0 0 0 0 0 0 0 0 0 0 0 0 0 0 0 0 1 0 0 17 0 0 0 0 0 23 33 0 0 0 30 2
5 0 2 0 0 0 0 17 0 0 0 0 0 0 0 0 0 0 0 0 0 0 39 1 5 25 0 0 20 0 0 0 8 0 0 1 0 0 0 0 0
0 0 14 0 0 0 0 0 0 0 0 0 0 0 0 0 0 0 0 0 0 0 53 0 2 14 0 0 13 0 0 5 6 0 0 0 0 6 0 0 0
0 0 3 0 0 0 0 0 0 0 0 0 0 0 0 0 0 0 0 0 0 0 0 0 0 0 0 0 0 0 0 59 0 0 88 108 0 1 0 77 0
1 0 0 0 0 0 0 30 0 0 0 0 0 0 0 0 0 0 0 0 0 0 15 0 2 18 0 0 21 0 0 0 5 0 0 10 0 0 0 0 2
0 0 0 1 0 0 0 41 0 0 0 0 0 0 0 0 0 0 0 0 0 0 0 0 0 0 0 0 13 0 0 2 0 0 37 45 0 0 0 43 2
2 0 0 0 0 0 0 25 0 0 0 0 0 0 0 0 0 0 0 0 0 0 25 0 3 21 0 0 21 0 0 0 6 0 0 6 0 0 0 0 1
0 0 3 0 0 0 0 0 0 0 0 0 0 0 0 0 0 0 0 0 0 0 0 0 0 0 0 0 0 0 0 56 0 0 86 103 0 0 0 75 0
0 0 0 0 0 0 0 5 0 0 0 0 0 0 0 0 0 0 0 0 0 0 0 0 0 0 0 0 0 0 0 46 0 0 77 95 0 0 0 67 0
0 0 0 0 0 0 0 28 0 0 0 0 0 0 0 0 0 0 0 0 0 0 0 0 0 0 0 0 6 0 0 19 0 0 55 65 0 0 0 54 0
0 0 26 0 0 0 0 0 0 0 0 0 0 0 0 0 0 0 0 0 0 0 66 0 1 6 0 0 6 0 0 10 7 0 0 0 0 10 0 0 0
0 0 18 0 0 0 0 0 0 0 0 0 0 0 0 0 0 0 0 0 0 0 59 0 3 14 0 0 12 0 0 6 7 0 0 0 0 8 0 0 0
0 0 0 1 0 0 0 45 0 0 0 0 0 0 0 0 0 0 0 0 0 0 0 0 0 0 0 0 16 0 0 0 0 0 27 36 0 0 0 35 2
0 0 5 0 0 0 0 0 0 0 0 0 0 0 0 0 0 0 0 0 0 0 0 0 0 0 0 0 0 0 0 60 0 0 90 109 0 0 0 79 0
0 0 25 0 0 0 0 0 0 0 0 0 0 0 0 0 0 0 0 0 0 0 62 0 1 4 0 0 5 0 0 11 6 0 0 0 0 9 0 0 0
0 0 0 0 0 0 0 5 0 0 0 0 0 0 0 0 0 0 0 0 0 0 0 0 0 0 0 0 0 0 0 47 0 0 78 95 0 0 0 68 0
2 0 5 0 0 0 0 13 0 0 0 0 0 0 0 0 0 0 0 0 0 0 41 0 3 19 0 0 17 0 0 0 6 0 0 0 0 2 0 0 0
0 0 20 0 0 0 0 0 0 0 0 0 0 0 0 0 0 0 0 0 0 0 60 0 2 11 0 0 10 0 0 7 7 0 0 0 0 8 0 0 0
0 0 0 0 0 0 0 8 0 0 0 0 0 0 0 0 0 0 0 0 0 0 0 0 0 0 0 0 0 0 0 43 0 0 74 93 0 0 0 64 0
3 0 0 0 0 0 0 25 0 0 0 0 0 0 0 0 0 0 0 0 0 0 26 0 3 21 0 0 21 0 0 0 7 0 0 6 0 0 0 0 1
0 0 31 0 0 0 0 0 0 0 0 0 0 0 0 0 0 0 0 0 0 0 69 0 1 2 0 0 4 0 0 12 7 0 0 0 0 10 0 0 0
0 0 3 0 0 0 0 0 0 0 0 0 0 0 0 0 0 0 0 0 0 0 0 0 0 0 0 0 0 0 0 56 0 0 87 104 0 0 0 75 0
2 0 10 0 0 0 0 7 0 0 0 0 0 0 0 0 0 0 0 0 0 0 49 0 4 21 0 0 17 0 0 1 8 0 0 0 0 3 0 0 0
0 0 0 0 0 0 0 15 0 0 0 0 0 0 0 0 0 0 0 0 0 0 0 0 0 0 0 0 0 0 0 35 0 0 68 84 0 0 0 60 0
0 0 41 0 0 0 0 0 0 0 0 0 0 0 0 0 0 0 0 0 0 0 76 0 0 0 0 0 0 0 0 16 8 0 0 0 0 12 0 0 0
0 0 2 0 0 0 0 0 0 0 0 0 0 0 0 0 0 0 0 0 0 0 0 0 0 0 0 0 0 0 0 54 0 0 84 102 0 0 0 73 0
0 0 0 0 0 0 0 29 0 0 0 0 0 0 0 0 0 0 0 0 0 0 0 0 0 0 0 0 7 0 0 17 0 0 52 63 0 0 0 52 0
0 0 1 0 0 0 0 0 0 0 0 0 0 0 0 0 0 0 0 0 0 0 0 0 0 0 0 0 0 0 0 53 0 0 83 101 0 0 0 72 0
0 0 0 1 0 0 0 45 0 0 0 0 0 0 0 0 0 0 0 0 0 0 0 0 0 0 0 0 16 0 0 0 0 0 29 38 0 0 0 36 2
0 0 0 0 0 0 0 44 0 0 0 0 0 0 0 0 0 0 0 0 0 0 0 0 0 1 0 0 18 0 0 0 0 0 23 32 0 0 0 30 2
0 0 34 0 0 0 0 0 0 0 0 0 0 0 0 0 0 0 0 0 0 0 71 0 0 0 0 0 1 0 0 13 7 0 0 0 0 11 0 0 0
0 0 37 0 0 0 0 0 0 0 0 0 0 0 0 0 0 0 0 0 0 0 71 0 0 0 0 0 0 0 0 16 7 0 0 0 0 11 0 0 0
2 0 8 0 0 0 0 10 0 0 0 0 0 0 0 0 0 0 0 0 0 0 45 0 3 20 0 0 17 0 0 0 7 0 0 0 0 3 0 0 0
0 0 16 0 0 0 0 0 0 0 0 0 0 0 0 0 0 0 0 0 0 0 54 0 2 14 0 0 12 0 0 5 7 0 0 0 0 7 0 0 0
0 0 33 0 0 0 0 0 0 0 0 0 0 0 0 0 0 0 0 0 0 0 72 0 1 2 0 0 3 0 0 12 8 0 0 0 0 11 0 0 0
0 0 14 0 0 0 0 0 0 0 0 0 0 0 0 0 0 0 0 0 0 0 53 0 2 14 0 0 12 0 0 5 6 0 0 0 0 7 0 0 0
2 0 9 0 0 0 0 7 0 0 0 0 0 0 0 0 0 0 0 0 0 0 48 0 4 21 0 0 17 0 0 0 8 0 0 0 0 3 0 0 0
0 0 20 0 0 0 0 0 0 0 0 0 0 0 0 0 0 0 0 0 0 0 58 0 1 8 0 0 9 0 0 7 6 0 0 0 0 9 0 0 0
0 0 0 0 0 0 0 42 0 0 0 0 0 0 0 0 0 0 0 0 0 0 0 0 0 4 0 0 18 0 0 0 0 0 19 26 0 0 0 24 2
0 0 0 0 0 0 0 16 0 0 0 0 0 0 0 0 0 0 0 0 0 0 0 0 0 0 0 0 0 0 0 34 0 0 68 84 0 0 0 60 0
0 0 0 0 0 0 0 1 0 0 0 0 0 0 0 0 0 0 0 0 0 0 0 0 0 0 0 0 0 0 0 50 0 0 81 99 0 0 0 70 0
0 0 0 0 0 0 0 1 0 0 0 0 0 0 0 0 0 0 0 0 0 0 0 0 0 0 0 0 0 0 0 51 0 0 82 99 0 0 0 71 0
0 0 0 0 0 0 0 35 0 0 0 0 0 0 0 0 0 0 0 0 0 0 6 0 1 13 0 0 20 0 0 0 3 0 2 12 0 0 0 6 2
0 0 5 0 0 0 0 0 0 0 0 0 0 0 0 0 0 0 0 0 0 0 0 0 0 0 0 0 0 0 0 61 0 0 91 109 0 0 0 80 0
0 0 0 1 0 0 0 38 0 0 0 0 0 0 0 0 0 0 0 0 0 0 0 0 0 0 0 0 12 0 0 6 0 0 41 48 0 0 0 46 1
0 0 0 0 0 0 0 11 0 0 0 0 0 0 0 0 0 0 0 0 0 0 0 0 0 0 0 0 0 0 0 40 0 0 72 90 0 0 0 62 0
0 0 0 1 0 0 0 37 0 0 0 0 0 0 0 0 0 0 0 0 0 0 0 0 0 0 0 0 10 0 0 8 0 0 43 52 0 0 0 48 1
0 0 0 0 0 0 0 11 0 0 0 0 0 0 0 0 0 0 0 0 0 0 0 0 0 0 0 0 0 0 0 40 0 0 72 90 0 0 0 63 0
0 0 0 0 0 0 0 3 0 0 0 0 0 0 0 0 0 0 0 0 0 0 0 0 0 0 0 0 0 0 0 48 0 0 79 97 0 0 0 69 0
0 0 0 1 0 0 0 42 0 0 0 0 0 0 0 0 0 0 0 0 0 0 0 0 0 0 0 0 14 0 0 0 0 0 34 43 0 0 0 40 1
0 0 0 1 0 0 0 34 0 0 0 0 0 0 0 0 0 0 0 0 0 0 0 0 0 0 0 0 10 0 0 12 0 0 48 56 0 0 0 51 1
4 0 0 0 0 0 0 23 0 0 0 0 0 0 0 0 0 0 0 0 0 0 30 1 4 23 0 0 21 0 0 0 7 0 0 5 0 0 0 0 1
0 0 0 0 0 0 0 28 0 0 0 0 0 0 0 0 0 0 0 0 0 0 0 0 0 0 0 0 6 0 0 19 0 0 54 64 0 0 0 54 0
0 0 0 0 0 0 0 8 0 0 0 0 0 0 0 0 0 0 0 0 0 0 0 0 0 0 0 0 0 0 0 42 0 0 74 92 0 0 0 64 0
0 0 0 0 0 0 0 2 0 0 0 0 0 0 0 0 0 0 0 0 0 0 0 0 0 0 0 0 0 0 0 50 0 0 81 99 0 0 0 71 0
0 0 0 0 0 0 0 29 0 0 0 0 0 0 0 0 0 0 0 0 0 0 0 0 0 0 0 0 7 0 0 18 0 0 53 63 0 0 0 53 0
0 0 12 0 3 0 0 0 0 0 0 0 0 0 0 0 0 0 0 0 0 0 0 2 0 0 0 0 0 0 0 81 0 1 114 137 0 0 0 99 0
0 0 1 0 0 0 0 0 0 0 0 0 0 0 0 0 0 0 0 0 0 0 0 0 0 0 0 0 0 0 0 53 0 0 83 101 0 0 0 72 0
0 0 0 0 0 0 0 40 0 0 0 0 0 0 0 0 0 0 0 0 0 0 0 0 0 6 0 0 19 0 0 0 0 0 13 23 0 0 0 18 2
0 0 0 1 0 0 0 41 0 0 0 0 0 0 0 0 0 0 0 0 0 0 0 0 0 0 0 0 13 0 0 3 0 0 38 46 0 0 0 44 2
0 0 0 0 0 0 0 33 0 0 0 0 0 0 0 0 0 0 0 0 0 0 11 0 2 15 0 0 21 0 0 0 4 0 0 12 0 0 0 1 2
0 0 0 0 0 0 0 32 0 0 0 0 0 0 0 0 0 0 0 0 0 0 0 0 0 0 0 0 8 0 0 14 0 0 49 58 0 0 0 51 0
0 0 3 0 0 0 0 0 0 0 0 0 0 0 0 0 0 0 0 0 0 0 0 0 0 0 0 0 0 0 0 57 0 0 87 106 0 0 0 76 0
0 0 0 0 0 0 0 33 0 0 0 0 0 0 0 0 0 0 0 0 0 0 10 0 2 15 0 0 21 0 0 0 4 0 0 12 0 0 0 2 2
0 0 0 0 0 0 0 9 0 0 0 0 0 0 0 0 0 0 0 0 0 0 0 0 0 0 0 0 0 0 0 42 0 0 73 91 0 0 0 63 0
0 0 2 0 0 0 0 0 0 0 0 0 0 0 0 0 0 0 0 0 0 0 0 0 0 0 0 0 0 0 0 55 0 0 85 103 0 0 0 74 0
0 0 0 0 0 0 0 21 0 0 0 0 0 0 0 0 0 0 0 0 0 0 0 0 0 0 0 0 2 0 0 28 0 0 63 76 0 0 0 58 0
0 0 0 0 0 0 0 32 0 0 0 0 0 0 0 0 0 0 0 0 0 0 0 0 0 0 0 0 8 0 0 14 0 0 50 58 0 0 0 51 0
0 0 2 0 0 0 0 0 0 0 0 0 0 0 0 0 0 0 0 0 0 0 0 0 0 0 0 0 0 0 0 54 0 0 84 101 0 0 0 73 0
0 0 0 0 0 0 0 16 0 0 0 0 0 0 0 0 0 0 0 0 0 0 0 0 0 0 0 0 0 0 0 34 0 0 67 83 0 0 0 59 0
0 0 23 0 0 0 0 0 0 0 0 0 0 0 0 0 0 0 0 0 0 0 61 0 1 6 0 0 7 0 0 9 6 0 0 0 0 9 0 0 0
0 0 7 0 1 0 0 0 0 0 0 0 0 0 0 0 0 0 0 0 0 0 0 0 0 0 0 0 0 0 0 68 0 0 98 120 0 1 0 85 0
2 0 0 0 0 0 0 26 0 0 0 0 0 0 0 0 0 0 0 0 0 0 24 0 3 21 0 0 21 0 0 0 7 0 0 7 0 0 0 0 1
0 0 0 0 0 0 0 31 0 0 0 0 0 0 0 0 0 0 0 0 0 0 0 0 0 0 0 0 9 0 0 15 0 0 50 59 0 0 0 51 0
0 0 0 1 0 0 0 34 0 0 0 0 0 0 0 0 0 0 0 0 0 0 0 0 0 0 0 0 9 0 0 12 0 0 47 56 0 0 0 51 1
0 0 0 0 0 0 0 11 0 0 0 0 0 0 0 0 0 0 0 0 0 0 0 0 0 0 0 0 0 0 0 40 0 0 71 90 0 0 0 62 0
0 0 38 0 0 0 0 0 0 0 0 0 0 0 0 0 0 0 0 0 0 0 75 0 0 0 0 0 0 0 0 14 8 0 0 0 0 11 0 0 0
0 0 0 0 0 0 0 5 0 0 0 0 0 0 0 0 0 0 0 0 0 0 0 0 0 0 0 0 0 0 0 46 0 0 76 94 0 0 0 66 0
0 0 0 0 0 0 0 30 0 0 0 0 0 0 0 0 0 0 0 0 0 0 15 0 2 17 0 0 20 0 0 0 5 0 0 10 0 0 0 0 2
0 0 0 0 0 0 0 42 0 0 0 0 0 0 0 0 0 0 0 0 0 0 0 0 0 3 0 0 18 0 0 0 0 0 17 27 0 0 0 23 2
0 0 0 0 0 0 0 25 0 0 0 0 0 0 0 0 0 0 0 0 0 0 0 0 0 0 0 0 5 0 0 22 0 0 57 69 0 0 0 55 0
0 0 0 1 0 0 0 39 0 0 0 0 0 0 0 0 0 0 0 0 0 0 0 0 0 0 0 0 12 0 0 5 0 0 40 49 0 0 0 45 2
0 0 26 0 0 0 0 0 0 0 0 0 0 0 0 0 0 0 0 0 0 0 65 0 1 4 0 0 6 0 0 11 6 0 0 0 0 10 0 0 0
0 0 10 0 2 0 0 0 0 0 0 0 0 0 0 0 0 0 0 0 0 0 0 0 0 0 0 0 0 0 0 75 0 0 106 128 0 1 0 92 0
0 0 0 0 0 0 0 31 0 0 0 0 0 0 0 0 0 0 0 0 0 0 0 0 0 0 0 0 8 0 0 16 0 0 52 61 0 0 0 53 0
0 0 5 0 0 0 0 0 0 0 0 0 0 0 0 0 0 0 0 0 0 0 0 0 0 0 0 0 0 0 0 62 0 0 91 110 0 1 0 79 0
0 0 3 0 0 0 0 0 0 0 0 0 0 0 0 0 0 0 0 0 0 0 0 0 0 0 0 0 0 0 0 56 0 0 86 104 0 0 0 75 0
0 0 0 1 0 0 0 37 0 0 0 0 0 0 0 0 0 0 0 0 0 0 0 0 0 0 0 0 11 0 0 8 0 0 44 52 0 0 0 48 1
3 0 10 0 0 0 0 7 0 0 0 0 0 0 0 0 0 0 0 0 0 0 51 0 4 22 0 0 18 0 0 0 9 0 0 0 0 4 0 0 0
0 0 0 0 0 0 0 5 0 0 0 0 0 0 0 0 0 0 0 0 0 0 0 0 0 0 0 0 0 0 0 47 0 0 79 95 0 0 0 69 0
0 0 22 0 0 0 0 0 0 0 0 0 0 0 0 0 0 0 0 0 0 0 63 0 2 8 0 0 9 0 0 6 7 0 0 0 0 9 0 0 0
0 0 0 0 0 0 0 31 0 0 0 0 0 0 0 0 0 0 0 0 0 0 15 0 2 18 0 0 21 0 0 0 5 0 0 10 0 0 0 0 2
0 0 38 0 0 0 0 0 0 0 0 0 0 0 0 0 0 0 0 0 0 0 75 0 0 0 0 0 0 0 0 15 8 0 0 0 0 11 0 0 0
0 0 8 0 1 0 0 0 0 0 0 0 0 0 0 0 0 0 0 0 0 0 0 0 0 0 0 0 0 0 0 69 0 0 99 120 0 1 0 86 0
0 0 0 0 0 0 0 41 0 0 0 0 0 0 0 0 0 0 0 0 0 0 0 0 0 5 0 0 18 0 0 0 0 0 16 25 0 0 0 22 3
0 0 0 1 0 0 0 39 0 0 0 0 0 0 0 0 0 0 0 0 0 0 0 0 0 0 0 0 13 0 0 3 0 0 39 47 0 0 0 44 1
0 0 0 0 0 0 0 25 0 0 0 0 0 0 0 0 0 0 0 0 0 0 0 0 0 0 0 0 4 0 0 23 0 0 57 70 0 0 0 55 0
0 0 45 0 0 0 0 0 0 0 0 0 0 0 0 0 0 0 0 0 0 0 78 0 0 0 0 0 0 0 0 18 8 0 0 0 0 12 0 0 0
0 0 21 0 0 0 0 0 0 0 0 0 0 0 0 0 0 0 0 0 0 0 61 0 2 11 0 0 10 0 0 7 7 0 0 0 0 8 0 0 0
1 0 13 0 0 0 0 1 0 0 0 0 0 0 0 0 0 0 0 0 0 0 54 0 3 18 0 0 15 0 0 2 8 0 0 0 0 6 0 0 0
0 0 0 0 0 0 0 31 0 0 0 0 0 0 0 0 0 0 0 0 0 0 0 0 0 0 0 0 8 0 0 15 0 0 51 59 0 0 0 52 0
0 0 0 0 0 0 0 34 0 0 0 0 0 0 0 0 0 0 0 0 0 0 9 0 2 14 0 0 20 0 0 0 3 0 0 13 0 0 0 4 2
0 0 22 0 0 0 0 0 0 0 0 0 0 0 0 0 0 0 0 0 0 0 59 0 1 8 0 0 8 0 0 9 6 0 0 0 0 9 0 0 0
3 0 2 0 0 0 0 20 0 0 0 0 0 0 0 0 0 0 0 0 0 0 34 0 4 22 0 0 20 0 0 0 7 0 0 0 0 0 0 0 0
0 0 37 0 0 0 0 0 0 0 0 0 0 0 0 0 0 0 0 0 0 0 72 0 0 0 0 0 0 0 0 16 7 0 0 0 0 11 0 0 0
0 0 0 0 0 0 0 28 0 0 0 0 0 0 0 0 0 0 0 0 0 0 0 0 0 0 0 0 6 0 0 19 0 0 54 64 0 0 0 53 0
0 0 20 0 0 0 0 0 0 0 0 0 0 0 0 0 0 0 0 0 0 0 62 0 2 11 0 0 10 0 0 6 8 0 0 0 0 9 0 0 0
0 0 34 0 0 0 0 0 0 0 0 0 0 0 0 0 0 0 0 0 0 0 71 0 0 0 0 0 2 0 0 13 7 0 0 0 0 11 0 0 0
1 0 19 0 0 0 0 0 0 0 0 0 0 0 0 0 0 0 0 0 0 0 62 0 3 16 0 0 12 0 0 5 8 0 0 0 0 7 0 0 0
0 0 25 0 0 0 0 0 0 0 0 0 0 0 0 0 0 0 0 0 0 0 67 0 2 8 0 0 7 0 0 9 7 0 0 0 0 10 0 0 0
0 0 16 0 0 0 0 0 0 0 0 0 0 0 0 0 0 0 0 0 0 0 58 0 3 15 0 0 12 0 0 5 7 0 0 0 0 7 0 0 0
2 0 11 0 0 0 0 4 0 0 0 0 0 0 0 0 0 0 0 0 0 0 51 0 4 20 0 0 16 0 0 2 8 0 0 0 0 4 0 0 0
0 0 29 0 0 0 0 0 0 0 0 0 0 0 0 0 0 0 0 0 0 0 67 0 1 2 0 0 4 0 0 12 6 0 0 0 0 10 0 0 0
0 0 0 0 0 0 0 40 0 0 0 0 0 0 0 0 0 0 0 0 0 0 0 0 0 7 0 0 19 0 0 0 0 0 11 22 0 0 0 16 2
0 0 0 1 0 0 0 38 0 0 0 0 0 0 0 0 0 0 0 0 0 0 0 0 0 0 0 0 12 0 0 7 0 0 42 50 0 0 0 47 2
0 0 0 0 0 0 0 20 0 0 0 0 0 0 0 0 0 0 0 0 0 0 0 0 0 0 0 0 2 0 0 29 0 0 63 77 0 0 0 57 0
0 0 0 0 0 0 0 6 0 0 0 0 0 0 0 0 0 0 0 0 0 0 0 0 0 0 0 0 0 0 0 45 0 0 76 94 0 0 0 66 0
0 0 1 0 0 0 0 0 0 0 0 0 0 0 0 0 0 0 0 0 0 0 0 0 0 0 0 0 0 0 0 54 0 0 83 101 0 0 0 72 0
0 0 10 0 2 0 0 0 0 0 0 0 0 0 0 0 0 0 0 0 0 0 0 0 0 0 0 0 0 0 0 74 0 0 106 126 0 1 0 92 0
0 0 0 0 0 0 0 32 0 0 0 0 0 0 0 0 0 0 0 0 0 0 0 0 0 0 0 0 9 0 0 14 0 0 49 58 0 0 0 51 0
0 0 0 0 0 0 0 20 0 0 0 0 0 0 0 0 0 0 0 0 0 0 0 0 0 0 0 0 2 0 0 29 0 0 63 77 0 0 0 58 0
0 0 0 0 0 0 0 9 0 0 0 0 0 0 0 0 0 0 0 0 0 0 0 0 0 0 0 0 0 0 0 42 0 0 74 92 0 0 0 64 0
0 0 0 0 0 0 0 1 0 0 0 0 0 0 0 0 0 0 0 0 0 0 0 0 0 0 0 0 0 0 0 51 0 0 82 100 0 0 0 71 0
0 0 21 0 0 0 0 0 0 0 0 0 0 0 0 0 0 0 0 0 0 0 59 0 1 8 0 0 9 0 0 8 6 0 0 0 0 9 0 0 0
0 0 0 0 0 0 0 33 0 0 0 0 0 0 0 0 0 0 0 0 0 0 13 0 2 16 0 0 21 0 0 0 4 0 0 11 0 0 0 0 2
0 0 0 0 0 0 0 42 0 0 0 0 0 0 0 0 0 0 0 0 0 0 0 0 0 6 0 0 19 0 0 0 0 0 16 25 0 0 0 23 3
0 0 0 0 0 0 0 16 0 0 0 0 0 0 0 0 0 0 0 0 0 0 0 0 0 0 0 0 0 0 0 33 0 0 67 82 0 0 0 59 0
0 0 0 0 0 0 0 14 0 0 0 0 0 0 0 0 0 0 0 0 0 0 0 0 0 0 0 0 0 0 0 37 0 0 70 87 0 0 0 61 0
0 0 26 0 0 0 0 0 0 0 0 0 0 0 0 0 0 0 0 0 0 0 65 0 1 5 0 0 6 0 0 9 7 0 0 0 0 10 0 0 0
0 0 46 0 0 0 0 0 0 0 0 0 0 0 0 0 0 0 0 0 0 0 82 0 0 0 0 0 0 0 0 16 9 0 0 0 0 13 0 0 0
0 0 0 0 0 0 0 11 0 0 0 0 0 0 0 0 0 0 0 0 0 0 0 0 0 0 0 0 0 0 0 40 0 0 71 89 0 0 0 62 0
0 0 24 0 0 0 0 0 0 0 0 0 0 0 0 0 0 0 0 0 0 0 63 0 1 6 0 0 7 0 0 9 6 0 0 0 0 10 0 0 0
0 0 38 0 0 0 0 0 0 0 0 0 0 0 0 0 0 0 0 0 0 0 75 0 0 0 0 0 0 0 0 14 8 0 0 0 0 12 0 0 0
4 0 0 0 0 0 0 22 0 0 0 0 0 0 0 0 0 0 0 0 0 0 33 0 4 23 0 0 21 0 0 0 8 0 0 4 0 0 0 0 1
3 0 7 0 0 0 0 10 0 0 0 0 0 0 0 0 0 0 0 0 0 0 45 0 4 23 0 0 18 0 0 0 8 0 0 0 0 2 0 0 0
0 0 0 0 0 0 0 25 0 0 0 0 0 0 0 0 0 0 0 0 0 0 0 0 0 0 0 0 4 0 0 23 0 0 58 68 0 0 0 56 0
0 0 0 1 0 0 0 44 0 0 0 0 0 0 0 0 0 0 0 0 0 0 0 0 0 0 0 0 15 0 0 0 0 0 33 42 0 0 0 40 2
4 0 1 0 0 0 0 21 0 0 0 0 0 0 0 0 0 0 0 0 0 0 32 1 5 24 0 0 20 0 0 0 7 0 0 4 0 0 0 0 1
0 0 0 0 0 0 0 28 0 0 0 0 0 0 0 0 0 0 0 0 0 0 0 0 0 0 0 0 6 0 0 20 0 0 55 65 0 0 0 54 0
0 0 46 0 0 0 0 0 0 0 0 0 0 0 0 0 0 0 0 0 0 0 80 0 0 0 0 0 0 0 0 18 8 0 0 0 0 13 0 0 0
0 0 29 0 0 0 0 0 0 0 0 0 0 0 0 0 0 0 0 0 0 0 67 0 0 2 0 0 4 0 0 11 6 0 0 0 0 10 0 0 0
0 0 3 0 0 0 0 0 0 0 0 0 0 0 0 0 0 0 0 0 0 0 0 0 0 0 0 0 0 0 0 59 0 0 89 109 0 1 0 78 0
0 0 0 0 0 0 0 22 0 0 0 0 0 0 0 0 0 0 0 0 0 0 0 0 0 0 0 0 3 0 0 27 0 0 61 74 0 0 0 57 0
0 0 34 0 0 0 0 0 0 0 0 0 0 0 0 0 0 0 0 0 0 0 72 0 1 1 0 0 2 0 0 13 7 0 0 0 0 11 0 0 0
0 0 0 0 0 0 0 25 0 0 0 0 0 0 0 0 0 0 0 0 0 0 0 0 0 0 0 0 4 0 0 24 0 0 59 70 0 0 0 56 0
3 0 8 0 0 0 0 9 0 0 0 0 0 0 0 0 0 0 0 0 0 0 47 0 4 21 0 0 17 0 0 0 8 0 0 0 0 3 0 0 0
0 0 28 0 0 0 0 0 0 0 0 0 0 0 0 0 0 0 0 0 0 0 68 0 1 4 0 0 5 0 0 11 7 0 0 0 0 10 0 0 0
0 0 0 0 0 0 0 19 0 0 0 0 0 0 0 0 0 0 0 0 0 0 0 0 0 0 0 0 1 0 0 31 0 0 65 80 0 0 0 59 0
0 0 4 0 0 0 0 0 0 0 0 0 0 0 0 0 0 0 0 0 0 0 0 0 0 0 0 0 0 0 0 59 0 0 89 107 0 0 0 77 0
0 0 0 0 0 0 0 43 0 0 0 0 0 0 0 0 0 0 0 0 0 0 0 0 0 2 0 0 18 0 0 0 0 0 20 29 0 0 0 26 2
0 0 0 1 0 0 0 41 0 0 0 0 0 0 0 0 0 0 0 0 0 0 0 0 0 0 0 0 13 0 0 2 0 0 37 45 0 0 0 43 2
0 0 0 0 0 0 0 16 0 0 0 0 0 0 0 0 0 0 0 0 0 0 0 0 0 0 0 0 0 0 0 33 0 0 67 82 0 0 0 59 0
1 0 0 0 0 0 0 30 0 0 0 0 0 0 0 0 0 0 0 0 0 0 16 0 2 18 0 0 21 0 0 0 5 0 0 9 0 0 0 0 2
0 0 26 0 0 0 0 0 0 0 0 0 0 0 0 0 0 0 0 0 0 0 64 0 1 5 0 0 6 0 0 10 7 0 0 0 0 10 0 0 0
0 0 8 0 1 0 0 0 0 0 0 0 0 0 0 0 0 0 0 0 0 0 0 0 0 0 0 0 0 0 0 70 0 0 99 121 0 1 0 86 0
0 0 0 0 0 0 0 44 0 0 0 0 0 0 0 0 0 0 0 0 0 0 0 0 0 0 0 0 16 0 0 0 0 0 27 35 0 0 0 34 2
0 0 26 0 0 0 0 0 0 0 0 0 0 0 0 0 0 0 0 0 0 0 62 0 1 3 0 0 4 0 0 12 5 0 0 0 0 9 0 0 0
0 0 27 0 0 0 0 0 0 0 0 0 0 0 0 0 0 0 0 0 0 0 64 0 0 2 0 0 4 0 0 12 6 0 0 0 0 10 0 0 0
0 0 65 1 0 0 0 0 0 0 0 0 0 0 0 0 0 0 0 0 0 0 95 0 0 0 0 0 0 0 0 23 9 0 0 0 0 15 0 0 0
0 0 46 0 0 0 0 0 0 0 0 0 0 0 0 0 0 0 0 0 0 0 81 0 0 0 0 0 0 0 0 17 8 0 0 0 0 12 0 0 0
1 0 13 0 0 0 0 1 0 0 0 0 0 0 0 0 0 0 0 0 0 0 53 0 3 17 0 0 14 0 0 3 7 0 0 0 0 6 0 0 0
0 0 0 0 0 0 0 3 0 0 0 0 0 0 0 0 0 0 0 0 0 0 0 0 0 0 0 0 0 0 0 49 0 0 79 97 0 0 0 69 0
0 0 18 0 0 0 0 0 0 0 0 0 0 0 0 0 0 0 0 0 0 0 59 0 2 11 0 0 11 0 0 5 7 0 0 0 0 8 0 0 0
0 0 59 0 0 0 0 0 0 0 0 0 0 0 0 0 0 0 0 0 0 0 89 0 0 0 0 0 0 0 0 22 8 0 0 0 0 14 0 0 0
0 0 0 0 0 0 0 28 0 0 0 0 0 0 0 0 0 0 0 0 0 0 0 0 0 0 0 0 6 0 0 18 0 0 54 64 0 0 0 53 0
0 0 39 0 0 0 0 0 0 0 0 0 0 0 0 0 0 0 0 0 0 0 75 0 0 0 0 0 0 0 0 15 7 0 0 0 0 12 0 0 0
0 0 0 0 0 0 0 2 0 0 0 0 0 0 0 0 0 0 0 0 0 0 0 0 0 0 0 0 0 0 0 49 0 0 80 96 0 0 0 70 0
0 0 20 0 0 0 0 0 0 0 0 0 0 0 0 0 0 0 0 0 0 0 58 0 1 7 0 0 8 0 0 9 6 0 0 0 0 8 0 0 0
0 0 0 0 0 0 0 13 0 0 0 0 0 0 0 0 0 0 0 0 0 0 0 0 0 0 0 0 0 0 0 38 0 0 70 88 0 0 0 60 0
0 0 0 0 0 0 0 19 0 0 0 0 0 0 0 0 0 0 0 0 0 0 0 0 0 0 0 0 1 0 0 31 0 0 65 79 0 0 0 59 0
0 0 0 1 0 0 0 41 0 0 0 0 0 0 0 0 0 0 0 0 0 0 0 0 0 0 0 0 13 0 0 2 0 0 38 46 0 0 0 44 2
0 0 0 0 0 0 0 29 0 0 0 0 0 0 0 0 0 0 0 0 0 0 0 0 0 0 0 0 6 0 0 18 0 0 53 62 0 0 0 53 0
0 0 15 0 0 0 0 0 0 0 0 0 0 0 0 0 0 0 0 0 0 0 54 0 2 12 0 0 12 0 0 5 6 0 0 0 0 7 0 0 0
4 0 12 0 0 0 0 3 0 0 0 0 0 0 0 0 0 0 0 0 0 0 56 0 4 23 0 0 17 0 0 0 9 0 0 0 0 5 0 0 0
