0 0 23 0 0 0 0 0 0 0 0 0 0 3 0 0 0 0 0 0 0 0 0 1 0 0 18 0 0 0 1 0 0 0 15 0 0 0 0 20 0
0 0 50 0 0 0 0 0 0 20 0 0 0 0 0 0 0 1 0 0 5 0 0 0 0 2 0 0 0 0 3 0 0 0 19 0 3 19 0 48 0
0 0 0 0 0 0 0 21 0 0 0 0 0 11 0 0 0 0 0 0 0 0 0 7 0 0 61 0 0 0 0 0 43 0 0 0 0 0 0 0 0
0 0 46 0 0 0 0 0 0 3 0 0 0 0 0 0 0 0 0 0 0 0 0 0 0 0 0 0 0 0 2 0 0 0 20 0 0 8 0 42 1
0 0 54 0 0 0 0 0 0 20 0 0 0 0 0 0 0 1 0 0 6 0 0 0 0 0 0 0 0 0 2 0 0 0 17 0 4 19 0 54 0
0 0 51 0 0 0 0 0 0 32 0 0 0 0 0 0 0 1 0 0 10 0 0 0 0 2 0 0 0 0 2 0 0 0 15 0 5 28 0 53 0
0 0 40 0 0 0 0 0 0 19 0 0 0 0 0 0 0 0 0 0 2 0 0 0 0 6 0 0 0 0 4 0 0 0 23 0 2 22 0 34 0
0 0 0 0 0 0 0 13 0 0 0 0 0 13 0 0 0 0 0 0 0 0 0 11 0 0 42 0 0 0 0 0 56 0 0 0 0 0 0 0 0
0 0 39 0 0 0 0 0 0 0 0 0 0 0 0 0 0 0 0 0 0 0 0 0 0 0 4 0 0 0 2 0 0 0 21 0 0 6 0 35 0
0 0 11 0 0 0 0 2 0 0 0 0 0 6 0 0 0 0 0 0 0 0 0 3 0 0 36 0 0 0 0 0 7 0 9 0 0 0 0 9 0
0 0 32 0 0 0 0 0 0 0 0 0 0 2 0 0 0 0 0 0 0 0 0 0 0 0 20 0 0 0 1 0 0 0 18 0 0 0 0 27 0
0 0 43 0 0 0 0 0 0 39 0 0 0 0 0 0 0 0 0 0 10 0 0 0 0 10 0 0 0 0 4 0 0 0 16 0 5 34 1 43 0
0 0 0 0 0 0 0 21 0 0 0 0 0 11 0 0 0 0 0 0 0 0 0 7 0 0 62 0 0 0 0 0 45 0 0 0 0 0 0 0 0
0 0 32 0 0 0 0 0 0 6 0 0 0 0 0 0 0 0 0 0 0 0 0 0 0 3 0 0 0 0 3 0 0 0 25 0 1 14 0 24 0
0 0 0 0 0 0 0 24 0 0 0 0 0 11 0 0 0 1 0 0 0 0 0 6 0 0 67 0 0 0 0 0 42 0 0 0 0 0 0 0 0
0 0 43 0 0 0 0 0 0 4 0 0 0 0 0 0 0 0 0 0 0 0 0 0 0 0 0 0 0 0 2 0 0 0 21 0 1 9 0 39 0
0 0 0 0 0 0 0 15 0 0 0 0 0 10 0 0 0 0 0 0 0 0 0 5 0 0 54 0 0 0 0 0 34 0 0 0 0 0 0 0 0
0 0 56 0 0 0 0 0 0 19 0 0 0 0 0 0 0 0 0 0 6 0 0 0 0 0 0 0 0 0 1 0 0 0 16 0 4 19 0 58 0
0 0 0 0 0 0 0 10 0 0 0 0 0 9 0 0 0 0 0 0 0 0 0 4 0 0 36 0 0 0 0 0 33 0 5 0 0 0 0 0 0
0 0 17 0 0 0 0 0 0 0 0 0 0 5 0 0 0 0 0 0 0 0 0 2 0 0 30 0 0 0 1 0 5 0 13 0 0 0 0 13 0
0 0 39 0 0 0 0 0 0 23 0 0 0 0 0 0 0 0 0 0 3 0 0 0 0 10 0 0 0 0 4 0 0 0 23 0 2 26 0 34 0
0 0 41 0 0 0 0 0 0 24 0 0 0 0 0 0 0 0 0 0 3 0 0 0 0 10 0 0 0 0 4 0 0 0 24 0 2 26 0 35 0
0 0 54 0 0 0 0 0 0 30 0 0 0 0 0 0 0 1 0 0 10 0 0 0 0 0 0 0 0 0 1 0 0 0 14 0 5 26 0 57 0
0 0 56 0 0 0 0 0 0 17 0 0 0 0 0 0 0 0 0 0 6 0 0 0 0 0 0 0 0 0 0 0 0 0 17 0 3 18 0 57 0
0 0 0 0 0 0 0 19 0 0 0 0 0 11 0 0 0 0 0 0 0 0 0 6 0 0 57 0 0 0 0 0 43 0 0 0 0 0 0 0 0
0 0 0 0 0 0 0 22 0 0 0 0 0 11 0 0 0 0 0 0 0 0 0 6 0 0 63 0 0 0 0 0 42 0 0 0 0 0 0 0 0
0 0 47 0 0 0 0 0 0 23 0 0 0 0 0 0 0 0 0 0 4 0 0 0 0 6 0 0 0 0 4 0 0 0 22 0 3 23 0 42 0
0 0 53 0 0 0 0 0 0 15 0 0 0 0 0 0 0 0 0 0 4 0 0 0 0 0 0 0 0 0 2 0 0 0 19 0 2 16 0 52 0
0 0 50 0 0 0 0 0 0 8 0 0 0 0 0 0 0 0 0 0 1 0 0 0 0 0 0 0 0 0 1 0 0 0 18 0 1 12 0 48 1
0 0 15 0 0 0 0 0 0 0 0 0 0 5 0 0 0 0 0 0 0 0 0 1 0 0 12 0 0 0 1 0 12 0 19 0 0 3 0 10 0
0 0 51 0 0 0 0 0 0 19 0 0 0 0 0 0 0 1 0 0 5 0 0 0 0 0 0 0 0 0 2 0 0 0 17 0 3 19 0 51 0
0 0 21 0 0 0 0 0 0 3 0 0 0 3 0 0 0 0 0 0 0 0 0 0 0 2 0 0 0 0 2 0 9 0 22 0 0 11 0 15 0
0 0 0 0 0 0 0 10 0 0 0 0 0 8 0 0 0 1 0 0 0 0 0 4 0 0 48 0 0 0 0 0 16 0 0 0 0 0 0 0 0
0 0 4 0 0 0 0 5 0 0 0 0 0 6 0 0 0 2 0 0 0 0 0 3 0 0 44 0 0 0 0 0 9 0 3 0 0 0 0 3 0
0 0 0 0 0 0 0 21 0 0 0 0 0 11 0 0 0 1 0 0 0 0 0 6 0 0 61 0 0 0 0 0 38 0 0 0 0 0 0 0 0
0 0 26 0 0 0 0 0 0 0 0 0 0 3 0 0 0 0 0 0 0 0 0 2 0 0 28 0 0 0 1 0 0 0 14 0 0 0 0 22 0
0 0 34 0 0 0 0 0 0 19 0 0 0 0 0 0 0 0 0 0 1 0 0 0 0 10 0 0 0 0 4 0 0 0 25 0 2 24 0 27 0
0 0 57 0 0 0 0 0 0 23 0 0 0 0 0 0 0 1 0 0 8 0 0 0 0 0 0 0 0 0 0 0 0 0 15 0 4 22 0 61 0
0 0 56 0 0 0 0 0 0 25 0 0 0 0 0 0 0 1 0 0 10 0 0 0 0 0 0 0 0 0 0 0 0 0 13 0 5 23 0 61 0
0 0 5 0 0 0 0 1 0 9 0 0 0 7 0 0 0 0 0 0 0 0 0 1 0 11 0 0 0 0 1 0 30 0 29 0 0 22 0 0 0
0 0 61 0 0 0 0 0 0 35 0 0 0 0 0 0 0 1 0 0 14 0 0 0 0 0 0 0 0 0 0 0 0 0 11 0 7 29 0 69 0
0 0 25 0 0 0 0 3 1 28 0 0 0 0 0 0 0 0 0 0 0 0 0 0 0 20 0 0 0 0 4 0 3 0 28 0 1 33 0 15 0
0 0 55 0 0 0 0 0 0 22 0 0 0 0 0 0 0 1 0 0 7 0 0 0 0 0 0 0 0 0 2 0 0 0 17 0 4 21 0 55 0
0 0 31 0 0 0 0 0 0 15 0 0 0 0 0 0 0 0 0 0 0 0 0 0 0 8 0 0 0 0 3 0 0 0 26 0 1 21 0 24 0
0 0 25 0 0 0 0 0 0 11 0 0 0 1 0 0 0 0 0 0 0 0 0 0 0 8 0 0 0 0 3 0 7 0 27 0 0 19 0 16 0
0 0 0 0 0 0 0 12 0 0 0 0 0 12 0 0 0 0 0 0 0 0 0 6 0 0 42 0 0 0 0 0 42 0 2 0 0 0 0 0 0
0 0 24 0 0 0 0 0 0 0 0 0 0 3 0 0 0 0 0 0 0 0 0 1 0 0 23 0 0 0 0 0 0 0 15 0 0 0 0 21 0
0 0 0 0 0 0 0 7 0 0 0 0 0 10 0 0 0 0 0 0 0 0 0 5 0 0 35 0 0 0 0 0 30 0 7 0 0 0 0 0 0
0 0 0 0 0 0 0 15 0 0 0 0 0 12 0 0 0 0 0 0 0 0 0 8 0 0 47 0 0 0 0 0 48 0 0 0 0 0 0 0 0
0 0 52 0 0 0 0 0 0 38 0 0 0 0 0 0 0 1 0 0 13 0 0 0 0 2 0 0 0 0 1 0 0 0 12 0 6 32 0 58 0
0 0 0 0 0 0 0 13 0 0 0 0 0 10 0 0 0 1 0 0 0 0 0 4 0 0 52 0 0 0 0 0 25 0 0 0 0 0 0 0 0
0 0 54 0 0 0 0 0 0 22 0 0 0 0 0 0 0 0 0 0 8 0 0 0 0 0 0 0 0 0 1 0 0 0 16 0 4 21 0 55 0
0 0 57 0 0 0 0 0 0 40 0 0 0 0 0 0 0 2 0 0 15 0 0 0 0 1 0 0 0 0 0 0 0 0 11 0 7 33 0 64 0
0 0 0 0 0 0 0 2 0 4 0 0 0 8 0 0 0 0 0 0 0 0 0 2 0 7 0 0 0 0 0 0 34 0 27 0 0 18 0 0 0
0 0 0 0 0 0 0 14 0 0 0 0 0 10 0 0 0 2 0 0 0 0 0 5 0 0 55 0 0 0 0 0 27 0 0 0 0 0 0 0 0
0 0 0 0 0 0 0 19 0 0 0 0 0 12 0 0 0 0 0 0 0 0 0 10 0 0 58 0 0 0 0 0 54 0 0 0 0 0 0 0 0
0 0 0 0 0 0 0 11 0 0 0 0 0 9 0 0 0 1 0 0 0 0 0 4 0 0 50 0 0 0 0 0 24 0 0 0 0 0 0 0 0
0 0 40 0 0 0 0 0 0 34 0 0 0 0 0 0 0 0 0 0 7 0 0 0 0 12 0 0 0 0 5 0 0 0 20 0 3 31 1 37 0
0 0 0 0 0 0 0 14 0 0 0 0 0 13 0 0 0 0 0 0 0 0 0 9 0 0 44 0 0 0 0 0 54 0 0 0 0 0 0 0 0
0 0 34 0 0 0 0 0 0 0 0 0 0 0 0 0 0 0 0 0 0 0 0 0 0 0 7 0 0 0 1 0 0 0 20 0 0 5 0 29 1
0 0 0 0 0 0 0 11 0 0 0 0 0 10 0 0 0 0 0 0 0 0 0 5 0 0 43 0 0 0 0 0 32 0 1 0 0 0 0 0 0
0 0 54 0 0 0 0 0 0 19 0 0 0 0 0 0 0 1 0 0 6 0 0 0 0 0 0 0 0 0 1 0 0 0 16 0 4 19 0 55 0
0 0 20 0 0 0 0 0 0 0 0 0 0 5 0 0 0 0 0 0 0 0 0 3 0 0 32 0 0 0 0 0 4 0 14 0 0 0 0 16 0
0 0 63 0 0 0 0 0 0 36 0 0 0 0 0 0 0 1 0 0 15 0 0 0 0 0 0 0 0 0 0 0 0 0 11 0 7 31 0 72 0
0 0 0 0 0 0 0 17 0 0 0 0 0 10 0 0 0 0 0 0 0 0 0 4 0 0 52 0 0 0 0 0 35 0 0 0 0 0 0 0 0
0 0 34 0 0 0 0 0 0 10 0 0 0 0 0 0 0 0 0 0 0 0 0 0 0 3 0 0 0 0 3 0 0 0 25 0 1 15 0 27 0
0 0 0 0 0 0 0 19 0 0 0 0 0 12 0 0 0 0 0 0 0 0 0 9 0 0 56 0 0 0 0 0 50 0 0 0 0 0 0 0 0
0 0 54 0 0 0 0 0 0 25 0 0 0 0 0 0 0 1 0 0 9 0 0 0 0 0 0 0 0 0 0 0 0 0 15 0 4 23 0 58 0
0 0 0 0 0 0 0 10 0 0 0 0 0 9 0 0 0 0 0 0 0 0 0 4 0 0 38 0 0 0 0 0 30 0 5 0 0 0 0 0 0
0 0 46 0 0 0 0 0 0 34 0 0 0 0 0 0 0 0 0 0 8 0 0 0 0 8 0 0 0 0 4 0 0 0 18 0 5 30 0 44 0
0 0 52 0 0 0 0 0 0 14 0 0 0 0 0 0 0 0 0 0 4 0 0 0 0 0 0 0 0 0 2 0 0 0 20 0 2 16 0 50 0
0 0 48 0 0 0 0 0 0 24 0 0 0 0 0 0 0 0 0 0 6 0 0 0 0 3 0 0 0 0 3 0 0 0 18 0 3 24 0 47 0
0 0 0 0 0 0 0 14 0 0 0 0 0 13 0 0 0 0 0 0 0 0 0 10 0 0 44 0 0 0 0 0 56 0 0 0 0 0 0 0 0
0 0 0 0 0 0 0 9 0 0 0 0 0 11 0 0 0 0 0 0 0 0 0 6 0 0 39 0 0 0 0 0 39 0 4 0 0 0 0 0 0
0 0 58 0 0 0 0 0 0 26 0 0 0 0 0 0 0 1 0 0 9 0 0 0 0 0 0 0 0 0 0 0 0 0 16 0 4 24 0 61 0
0 0 50 0 0 0 0 0 0 37 0 0 0 0 0 0 0 1 0 0 11 0 0 0 0 5 0 0 0 0 3 0 0 0 14 0 6 31 0 52 0
0 0 52 0 0 0 0 0 0 30 0 0 0 0 0 0 0 1 0 0 10 0 0 0 0 0 0 0 0 0 1 0 0 0 13 0 5 26 0 55 0
0 0 0 0 0 0 0 16 0 0 0 0 0 10 0 0 0 2 0 0 0 0 0 5 0 0 56 0 0 0 0 0 29 0 0 0 0 0 0 0 0
0 0 49 0 0 0 0 0 0 26 0 0 0 0 0 0 0 0 0 0 7 0 0 0 0 4 0 0 0 0 3 0 0 0 19 0 3 25 0 48 0
0 0 22 0 0 0 0 0 0 0 0 0 0 3 0 0 0 0 0 0 0 0 0 0 0 0 17 0 0 0 1 0 3 0 16 0 0 0 0 18 0
0 0 31 0 0 0 0 0 0 20 0 0 0 0 0 0 0 0 0 0 0 0 0 0 0 13 0 0 0 0 4 0 0 0 28 0 2 26 0 23 0
0 0 0 0 0 0 0 16 0 0 0 0 0 12 0 0 0 0 0 0 0 0 0 9 0 0 51 0 0 0 0 0 50 0 0 0 0 0 0 0 0
0 0 50 0 0 0 0 0 0 14 0 0 0 0 0 0 0 0 0 0 3 0 0 0 0 0 0 0 0 0 3 0 0 0 19 0 2 16 0 48 0
0 0 49 0 0 0 0 0 0 13 0 0 0 0 0 0 0 0 0 0 3 0 0 0 0 0 0 0 0 0 3 0 0 0 20 0 2 15 0 46 0
0 0 0 0 0 0 0 12 0 0 0 0 0 10 0 0 0 1 0 0 0 0 0 5 0 0 52 0 0 0 0 0 25 0 0 0 0 0 0 0 0
0 0 0 0 0 0 0 23 0 0 0 0 0 12 0 0 0 0 0 0 0 0 0 9 0 0 67 0 1 0 0 0 53 0 0 0 0 0 0 0 0
0 0 43 0 0 0 0 0 0 4 0 0 0 0 0 0 0 0 0 0 0 0 0 0 0 0 0 0 0 0 2 0 0 0 21 0 0 8 0 38 0
0 0 49 0 0 0 0 0 0 15 0 0 0 0 0 0 0 0 0 0 3 0 0 0 0 1 0 0 0 0 3 0 0 0 23 0 3 17 0 45 0
0 0 0 0 0 0 0 14 0 0 0 0 0 11 0 0 0 0 0 0 0 0 0 7 0 0 46 0 0 0 0 0 43 0 0 0 0 0 0 0 0
0 0 59 0 0 0 0 0 0 24 0 0 0 0 0 0 0 1 0 0 9 0 0 0 0 0 0 0 0 0 0 0 0 0 14 0 5 22 0 64 0
0 0 58 0 0 0 0 0 0 18 0 0 0 0 0 0 0 0 0 0 6 0 0 0 0 0 0 0 0 0 1 0 0 0 17 0 3 19 0 60 0
0 0 52 0 0 0 0 0 0 25 0 0 0 0 0 0 0 1 0 0 8 0 0 0 0 0 0 0 0 0 1 0 0 0 15 0 4 23 0 54 0
0 0 50 0 0 0 0 0 0 25 0 0 0 0 0 0 0 0 0 0 6 0 0 0 0 4 0 0 0 0 3 0 0 0 19 0 3 24 0 48 0
0 0 0 0 0 0 0 2 0 0 0 0 0 10 0 0 0 0 0 0 0 0 0 3 0 6 0 0 0 0 0 0 37 0 27 0 0 15 0 0 0
0 0 0 0 0 0 0 16 0 0 0 0 0 12 0 0 0 0 0 0 0 0 0 8 0 0 51 0 0 0 0 0 48 0 0 0 0 0 0 0 0
0 0 49 0 0 0 0 0 0 9 0 0 0 0 0 0 0 0 0 0 1 0 0 0 0 0 0 0 0 0 2 0 0 0 20 0 1 13 0 47 1
0 0 53 0 0 0 0 0 0 22 0 0 0 0 0 0 0 1 0 0 7 0 0 0 0 0 0 0 0 0 1 0 0 0 16 0 4 20 0 54 0
0 0 0 0 0 0 0 2 0 4 0 0 0 11 0 0 0 0 0 0 0 0 0 4 0 10 0 1 0 0 0 0 45 1 30 0 0 21 0 0 0
0 0 57 0 0 0 0 0 0 30 0 0 0 0 0 0 0 1 0 0 11 0 0 0 0 0 0 0 0 0 0 0 0 0 13 0 5 26 0 62 0
0 0 9 0 0 0 0 0 0 7 0 0 0 6 0 0 0 0 0 0 0 0 0 1 0 7 0 0 0 0 1 0 22 0 26 0 0 19 0 2 0
0 0 47 0 0 0 0 0 0 25 0 0 0 0 0 0 0 0 0 0 5 0 0 0 0 6 0 0 0 0 4 0 0 0 21 0 3 25 0 44 0
0 0 0 0 0 0 0 19 0 0 0 0 0 12 0 0 0 0 0 0 0 0 0 10 0 0 59 0 1 0 0 0 53 0 0 0 0 0 0 0 0
0 0 0 0 0 0 0 17 0 0 0 0 0 11 0 0 0 0 0 0 0 0 0 5 0 0 53 0 0 0 0 0 39 0 0 0 0 0 0 0 0
0 0 46 0 0 0 0 0 0 9 0 0 0 0 0 0 0 0 0 0 1 0 0 0 0 0 0 0 0 0 2 0 0 0 20 0 2 12 0 43 0
0 0 54 0 0 0 0 0 0 16 0 0 0 0 0 0 0 0 0 0 5 0 0 0 0 0 0 0 0 0 2 0 0 0 19 0 3 17 0 53 0
0 0 51 0 0 0 0 0 0 28 0 0 0 0 0 0 0 1 0 0 9 0 0 0 0 2 0 0 0 0 2 0 0 0 16 0 5 25 0 52 0
0 0 27 0 0 0 0 0 0 0 0 0 0 2 0 0 0 0 0 0 0 0 0 2 0 0 23 0 0 0 0 0 0 0 15 0 0 0 0 25 0
0 0 23 0 0 0 0 0 0 19 0 0 0 0 0 0 0 0 0 0 0 0 0 0 0 13 0 0 0 0 3 0 7 0 28 0 1 26 0 15 0
0 0 44 0 0 0 0 0 0 0 0 0 0 0 0 0 0 0 0 0 0 0 0 0 0 0 6 0 0 0 1 0 0 0 22 0 0 7 0 40 0
0 0 0 0 0 0 0 22 0 0 0 0 0 11 0 0 0 0 0 0 0 0 0 7 0 0 64 0 0 0 0 0 44 0 0 0 0 0 0 0 0
0 0 47 0 0 0 0 0 0 26 0 0 0 0 0 0 0 0 0 0 7 0 0 0 0 3 0 0 0 0 3 0 0 0 17 0 4 24 0 47 0
0 0 0 0 0 0 0 5 0 0 0 0 0 8 0 0 0 0 0 0 0 0 0 3 0 0 37 0 0 0 0 0 22 0 7 0 0 0 0 0 0
0 0 37 0 0 0 0 1 1 44 0 0 0 0 0 0 0 0 0 0 8 0 1 0 0 18 0 0 0 0 5 0 0 0 19 0 4 39 2 33 0
0 0 0 0 0 0 0 24 0 0 0 0 0 11 0 0 0 0 0 0 0 0 0 7 0 0 68 0 0 0 0 0 47 0 0 0 0 0 0 0 0
0 0 57 0 0 0 0 0 0 18 0 0 0 0 0 0 0 0 0 0 6 0 0 0 0 0 0 0 0 0 1 0 0 0 17 0 3 19 0 58 0
0 0 44 0 0 0 0 0 0 31 0 0 0 0 0 0 0 0 0 0 7 0 0 0 0 8 0 0 0 0 4 0 0 0 19 0 4 29 0 42 0
0 0 0 0 0 0 0 3 0 0 0 0 0 9 0 0 0 0 0 0 0 0 0 4 0 0 15 0 0 0 0 0 30 0 20 0 0 3 0 0 0
0 0 51 0 0 0 0 0 0 15 0 0 0 0 0 0 0 0 0 0 4 0 0 0 0 0 0 0 0 0 3 0 0 0 21 0 2 17 0 48 0
0 0 41 0 0 0 0 0 0 28 0 0 0 0 0 0 0 0 0 0 4 0 0 0 0 12 0 0 0 0 4 0 0 0 24 0 3 29 0 35 0
0 0 0 0 0 0 0 18 0 0 0 0 0 12 0 0 0 0 0 0 0 0 0 10 0 0 60 0 1 0 0 0 56 0 0 0 0 0 0 0 0
0 0 0 0 0 0 0 24 0 0 0 0 0 11 0 0 0 1 0 0 0 0 0 7 0 0 69 0 0 0 0 0 46 0 0 0 0 0 0 0 0
0 0 35 0 0 0 0 0 0 0 0 0 0 0 0 0 0 0 0 0 0 0 0 0 0 0 5 0 0 0 1 0 0 0 21 0 0 7 0 30 0
0 0 53 0 0 0 0 0 0 25 0 0 0 0 0 0 0 1 0 0 8 0 0 0 0 0 0 0 0 0 2 0 0 0 16 0 4 23 0 55 0
0 0 44 0 0 0 0 0 0 26 0 0 0 0 0 0 0 0 0 0 5 0 0 0 0 9 0 0 0 0 4 0 0 0 22 0 3 27 0 40 0
0 0 38 0 0 0 0 0 0 0 0 0 0 0 0 0 0 0 0 0 0 0 0 0 0 0 10 0 0 0 1 0 0 0 19 0 0 5 0 34 0
0 0 0 0 0 0 0 18 0 0 0 0 0 12 0 0 0 0 0 0 0 0 0 7 0 0 55 0 0 0 0 0 47 0 0 0 0 0 0 0 0
0 0 56 0 0 0 0 0 0 22 0 0 0 0 0 0 0 1 0 0 7 0 0 0 0 0 0 0 0 0 2 0 0 0 17 0 4 21 0 57 0
0 0 51 0 0 0 0 0 0 26 0 0 0 0 0 0 0 1 0 0 8 0 0 0 0 1 0 0 0 0 2 0 0 0 15 0 4 23 0 53 0
0 0 0 0 0 0 0 11 0 0 0 0 0 14 0 0 0 0 0 0 0 0 0 9 0 0 31 0 0 0 0 0 57 0 5 0 0 0 0 0 0
0 0 0 0 0 0 0 11 0 0 0 0 0 12 0 0 0 0 0 0 0 0 0 8 0 0 33 0 0 0 0 0 49 0 3 0 0 0 0 0 0
0 0 56 0 0 0 0 0 0 37 0 0 0 0 0 0 0 1 0 0 14 0 0 0 0 0 0 0 0 0 0 0 0 0 11 0 6 31 0 63 0
0 0 0 0 0 0 0 21 0 0 0 0 0 12 0 0 0 0 0 0 0 0 0 7 0 0 61 0 0 0 0 0 45 0 0 0 0 0 0 0 0
0 0 47 0 0 0 0 0 0 10 0 0 0 0 0 0 0 0 0 0 2 0 0 0 0 0 0 0 0 0 3 0 0 0 21 0 2 13 0 43 0
0 0 11 0 0 0 0 3 0 0 0 0 0 6 0 0 0 1 0 0 0 0 0 4 0 0 41 0 0 0 0 0 6 0 6 0 0 0 0 8 0
0 0 51 0 0 0 0 0 0 24 0 0 0 0 0 0 0 1 0 0 7 0 0 0 0 1 0 0 0 0 2 0 0 0 17 0 4 23 0 52 0
0 0 48 0 0 0 0 0 0 19 0 0 0 0 0 0 0 0 0 0 4 0 0 0 0 2 0 0 0 0 4 0 0 0 19 0 3 20 0 45 0
0 0 0 0 0 0 0 28 1 0 0 0 0 11 0 0 1 2 0 0 0 0 0 6 0 0 75 0 0 0 0 0 46 0 0 0 0 0 0 0 0
0 0 0 0 0 0 0 4 0 0 0 0 0 9 0 0 0 0 0 0 0 0 0 5 0 0 26 0 0 0 0 0 31 0 14 0 0 0 0 0 0
0 0 31 0 0 0 0 2 0 28 0 0 0 0 0 0 0 0 0 0 1 0 0 0 0 19 0 0 0 0 5 0 0 0 28 0 2 33 0 22 0
0 0 0 0 0 0 0 16 0 0 0 0 0 12 0 0 0 0 0 0 0 0 0 8 0 0 47 0 0 0 0 0 49 0 0 0 0 0 0 0 0
0 0 0 0 0 0 0 15 0 0 0 0 0 11 0 0 0 0 0 0 0 0 0 5 0 0 50 0 0 0 0 0 37 0 0 0 0 0 0 0 0
0 0 0 0 0 0 0 18 0 0 0 0 0 11 0 0 0 0 0 0 0 0 0 8 0 0 58 0 0 0 0 0 47 0 0 0 0 0 0 0 0
0 0 51 0 0 0 0 0 0 43 0 0 0 0 0 0 0 1 0 0 14 0 0 0 0 4 0 0 0 0 1 0 0 0 11 0 7 35 0 56 0
0 0 41 0 0 0 0 0 0 20 0 0 0 0 0 0 0 0 0 0 3 0 0 0 0 7 0 0 0 0 4 0 0 0 23 0 2 22 0 36 0
0 0 59 0 0 0 0 0 0 14 0 0 0 0 0 0 0 0 0 0 5 0 0 0 0 0 0 0 0 0 0 0 0 0 18 0 2 17 0 60 0
0 0 0 0 0 0 0 14 0 0 0 0 0 11 0 0 0 0 0 0 0 0 0 6 0 0 46 0 0 0 0 0 39 0 0 0 0 0 0 0 0
0 0 48 0 0 0 0 0 0 14 0 0 0 0 0 0 0 0 0 0 3 0 0 0 0 0 0 0 0 0 3 0 0 0 20 0 2 16 0 45 0
0 0 0 0 0 0 0 22 0 0 0 0 0 12 0 0 0 0 0 0 0 0 0 7 0 0 65 0 0 0 0 0 46 0 0 0 0 0 0 0 0
0 0 50 0 0 0 0 0 0 20 0 0 0 0 0 0 0 0 0 0 5 0 0 0 0 3 0 0 0 0 3 0 0 0 20 0 3 20 0 47 0
0 0 47 0 0 0 0 0 0 38 0 0 0 0 0 0 0 0 0 0 11 0 0 0 0 6 0 0 0 0 3 0 0 0 15 0 6 32 0 49 0
0 0 46 0 0 0 0 0 0 0 0 0 0 0 0 0 0 0 0 0 0 0 0 0 0 0 3 0 0 0 0 0 0 0 21 0 0 8 0 43 1
0 0 0 0 0 0 0 20 0 0 0 0 0 11 0 0 0 0 0 0 0 0 0 5 0 0 60 0 0 0 0 0 38 0 0 0 0 0 0 0 0
0 0 0 0 0 0 0 22 0 0 0 0 0 12 0 0 0 0 0 0 0 0 0 12 0 0 64 0 1 0 0 0 59 0 0 0 0 0 0 0 0
0 0 0 0 0 0 0 8 0 0 0 0 0 11 0 0 0 0 0 0 0 0 0 5 0 0 22 0 0 0 0 0 41 0 13 0 0 0 0 0 0
0 0 17 0 0 0 0 0 0 11 0 0 0 3 0 0 0 0 0 0 0 0 0 0 0 10 0 0 0 0 3 0 16 0 29 0 0 21 0 8 0
0 0 54 0 0 0 0 0 0 21 0 0 0 0 0 0 0 1 0 0 7 0 0 0 0 0 0 0 0 0 2 0 0 0 17 0 4 20 0 54 0
0 0 53 0 0 0 0 0 0 25 0 0 0 0 0 0 0 1 0 0 8 0 0 0 0 1 0 0 0 0 2 0 0 0 16 0 4 23 0 54 0
0 0 0 0 0 0 0 31 1 0 0 0 0 10 0 0 1 3 0 0 0 0 0 7 0 0 81 0 1 0 0 0 48 0 0 0 0 0 0 0 0
0 0 28 0 0 0 0 0 0 0 0 0 0 3 0 0 0 0 0 0 0 0 0 1 0 0 23 0 0 0 1 0 0 0 17 0 0 0 0 23 0
0 0 0 0 0 0 0 20 0 0 0 0 0 11 0 0 0 0 0 0 0 0 0 7 0 0 59 0 0 0 0 0 43 0 0 0 0 0 0 0 0
0 0 55 0 0 0 0 0 0 29 0 0 0 0 0 0 0 1 0 0 10 0 0 0 0 0 0 0 0 0 1 0 0 0 15 0 5 25 0 58 0
0 0 45 0 0 0 0 0 0 16 0 0 0 0 0 0 0 0 0 0 3 0 0 0 0 3 0 0 0 0 3 0 0 0 21 0 2 19 0 41 0
0 0 8 0 0 0 0 5 0 0 0 0 0 7 0 0 0 1 0 0 0 0 0 4 0 0 43 0 0 0 0 0 7 0 6 0 0 0 0 6 0
0 0 48 0 0 0 0 0 0 22 0 0 0 0 0 0 0 0 0 0 5 0 0 0 0 2 0 0 0 0 3 0 0 0 18 0 3 22 0 47 0
0 0 47 0 0 0 0 0 0 29 0 0 0 0 0 0 0 0 0 0 7 0 0 0 0 7 0 0 0 0 4 0 0 0 20 0 4 28 0 44 0
0 0 57 0 0 0 0 0 0 19 0 0 0 0 0 0 0 0 0 0 6 0 0 0 0 0 0 0 0 0 1 0 0 0 17 0 3 19 0 58 0
0 0 42 0 0 0 0 0 0 0 0 0 0 0 0 0 0 0 0 0 0 0 0 0 0 0 10 0 0 0 1 0 0 0 19 0 0 4 0 39 1
0 0 55 0 0 0 0 0 0 14 0 0 0 0 0 0 0 0 0 0 4 0 0 0 0 0 0 0 0 0 1 0 0 0 19 0 2 16 0 55 0
0 0 0 0 0 0 0 5 0 0 0 0 0 8 0 0 0 0 0 0 0 0 0 3 0 0 34 0 0 0 0 0 20 0 9 0 0 0 0 0 0
0 0 53 0 0 0 0 0 0 26 0 0 0 0 0 0 0 0 0 0 9 0 0 0 0 0 0 0 0 0 1 0 0 0 15 0 5 24 0 56 0
0 0 0 0 0 0 0 10 0 0 0 0 0 13 0 0 0 0 0 0 0 0 0 9 0 0 26 0 0 0 0 0 55 0 7 0 0 0 0 0 0
0 0 0 0 0 0 0 18 0 0 0 0 0 12 0 0 0 0 0 0 0 0 0 8 0 0 54 0 0 0 0 0 49 0 0 0 0 0 0 0 0
0 0 0 0 0 0 0 18 0 0 0 0 0 12 0 0 0 0 0 0 0 0 0 10 0 0 57 0 0 0 0 0 54 0 0 0 0 0 0 0 0
0 0 51 0 0 0 0 0 0 11 0 0 0 0 0 0 0 0 0 0 3 0 0 0 0 0 0 0 0 0 2 0 0 0 19 0 2 14 0 50 0
0 0 55 0 0 0 0 0 0 23 0 0 0 0 0 0 0 1 0 0 7 0 0 0 0 0 0 0 0 0 2 0 0 0 16 0 4 21 0 56 0
0 0 50 0 0 0 0 0 0 24 0 0 0 0 0 0 0 0 0 0 6 0 0 0 0 1 0 0 0 0 2 0 0 0 17 0 4 22 0 49 0
0 0 0 0 0 0 0 6 0 0 0 0 0 13 0 0 0 0 0 0 0 0 0 7 0 0 15 0 0 0 0 0 48 0 18 0 0 2 0 0 0
0 0 0 0 0 0 0 14 0 0 0 0 0 11 0 0 0 0 0 0 0 0 0 5 0 0 50 0 0 0 0 0 33 0 0 0 0 0 0 0 0
0 0 53 0 0 0 0 0 0 25 0 0 0 0 0 0 0 1 0 0 9 0 0 0 0 0 0 0 0 0 2 0 0 0 15 0 4 23 0 55 0
0 0 2 0 0 0 0 6 0 0 0 0 0 7 0 0 0 1 0 0 0 0 0 4 0 0 46 0 0 0 0 0 13 0 4 0 0 0 0 0 0
0 0 55 0 0 0 0 0 0 21 0 0 0 0 0 0 0 1 0 0 7 0 0 0 0 0 0 0 0 0 1 0 0 0 16 0 4 20 0 57 0
0 0 42 0 0 0 0 0 0 13 0 1 0 0 0 0 0 0 0 0 1 0 0 0 0 1 0 0 0 0 4 0 0 0 22 0 2 16 0 37 0
0 0 36 0 0 0 0 0 0 3 0 0 0 0 0 0 0 0 0 0 0 0 0 0 0 0 0 0 0 0 2 0 0 0 23 0 0 10 0 30 0
0 0 0 0 0 0 0 18 0 0 0 0 0 12 0 0 0 0 0 0 0 0 0 10 0 0 55 0 0 0 0 0 55 0 0 0 0 0 0 0 0
0 0 41 0 0 0 0 0 0 0 0 0 0 0 0 0 0 0 0 0 0 0 0 0 0 0 7 0 0 0 1 0 0 0 21 0 0 6 0 36 0
0 0 3 0 0 0 0 0 0 7 0 0 0 7 0 0 0 0 0 0 0 0 0 2 0 9 0 0 0 0 1 0 31 0 28 0 0 21 0 0 0
0 0 45 0 0 0 0 0 0 27 0 0 0 0 0 0 0 0 0 0 7 0 0 0 0 5 0 0 0 0 3 0 0 0 18 0 4 26 0 44 0
0 0 43 0 0 0 0 0 0 25 0 0 0 0 0 0 0 0 0 0 4 0 0 0 0 9 0 0 0 0 4 0 0 0 24 0 2 26 0 37 0
0 0 47 0 0 0 0 0 0 7 0 0 0 0 0 0 0 0 0 0 1 0 0 0 0 0 0 0 0 0 2 0 0 0 21 0 1 12 0 44 0
0 0 51 0 0 0 0 0 0 21 0 0 0 0 0 0 0 0 0 0 6 0 0 0 0 0 0 0 0 0 2 0 0 0 17 0 3 20 0 52 0
0 0 42 0 0 0 0 0 0 28 0 0 0 0 0 0 0 0 0 0 5 0 0 0 0 10 0 0 0 0 4 0 0 0 21 0 3 28 0 38 0
0 0 57 0 0 0 0 0 0 18 0 0 0 0 0 0 0 0 0 0 6 0 0 0 0 0 0 0 0 0 1 0 0 0 17 0 3 19 0 58 0
0 0 42 0 0 0 0 0 0 0 0 0 0 0 0 0 0 0 0 0 0 0 0 0 0 0 8 0 0 0 1 0 0 0 20 0 0 6 0 38 0
0 0 57 0 0 0 0 0 0 17 0 0 0 0 0 0 0 0 0 0 6 0 0 0 0 0 0 0 0 0 0 0 0 0 16 0 3 18 0 59 0
0 0 39 0 0 0 0 0 0 28 0 0 0 0 0 0 0 0 0 0 4 0 0 0 0 12 0 0 0 0 5 0 0 0 23 0 3 30 0 33 0
0 0 0 0 0 0 0 20 0 0 0 0 0 11 0 0 0 0 0 0 0 0 0 7 0 0 60 0 0 0 0 0 43 0 0 0 0 0 0 0 0
0 0 0 0 0 0 0 25 0 0 0 0 0 11 0 0 1 1 0 0 0 0 0 8 0 0 72 0 0 0 0 0 49 0 0 0 0 0 0 0 0
0 0 31 0 0 0 0 0 0 3 0 0 0 0 0 0 0 0 0 0 0 0 0 0 0 0 0 0 0 0 2 0 0 0 21 0 0 9 0 26 0
0 0 54 0 0 0 0 0 0 18 0 0 0 0 0 0 0 1 0 0 5 0 0 0 0 0 0 0 0 0 1 0 0 0 17 0 3 18 0 55 0
0 0 54 0 0 0 0 0 0 28 0 0 0 0 0 0 0 1 0 0 10 0 0 0 0 1 0 0 0 0 2 0 0 0 15 0 5 25 0 56 0
0 0 0 0 0 0 0 17 0 0 0 0 0 11 0 0 0 1 0 0 0 0 0 6 0 0 59 0 0 0 0 0 34 0 0 0 0 0 0 0 0
0 0 0 0 0 0 0 17 0 0 0 0 0 9 0 0 0 4 0 0 0 0 0 4 0 0 57 0 0 0 0 0 20 0 0 0 0 0 0 0 0
0 0 55 0 0 0 0 0 0 23 0 0 0 0 0 0 0 1 0 0 7 0 0 0 0 0 0 0 0 0 1 0 0 0 16 0 4 21 0 56 0
0 0 43 0 0 0 0 0 0 11 0 0 0 0 0 0 0 0 0 0 0 0 0 0 0 2 0 0 0 0 3 0 0 0 23 0 1 14 0 37 0
0 0 51 0 0 0 0 0 0 10 0 0 0 0 0 0 0 0 0 0 2 0 0 0 0 0 0 0 0 0 1 0 0 0 20 0 1 14 0 50 0
0 0 22 0 0 0 0 0 0 6 0 0 0 2 0 0 0 0 0 0 0 0 0 0 0 4 0 0 0 0 3 0 8 0 24 0 0 14 0 15 0
0 0 0 0 0 0 0 24 0 0 0 0 0 12 0 0 0 0 0 0 0 0 0 10 0 0 71 0 1 0 0 0 55 0 0 0 0 0 0 0 0
0 0 17 0 0 0 0 1 0 0 0 0 0 6 0 0 0 0 0 0 0 0 0 3 0 0 37 0 0 0 0 0 2 0 10 0 0 0 0 14 0
0 0 0 0 0 0 0 11 0 0 0 0 0 10 0 0 0 0 0 0 0 0 0 4 0 0 44 0 0 0 0 0 27 0 1 0 0 0 0 0 0
0 0 39 0 0 0 0 0 0 17 0 0 0 0 0 0 0 0 0 0 2 0 0 0 0 5 0 0 0 0 4 0 0 0 22 0 2 20 0 33 0
0 0 49 0 0 0 0 0 0 7 0 0 0 0 0 0 0 0 0 0 1 0 0 0 0 0 0 0 0 0 2 0 0 0 21 0 1 12 0 46 0
0 0 0 0 0 0 0 3 0 0 0 0 0 9 0 0 0 0 0 0 0 0 0 3 0 0 25 0 0 0 0 0 28 0 15 0 0 0 0 0 0
0 0 39 0 0 0 0 0 0 14 0 0 0 0 0 0 0 0 0 0 1 0 0 0 0 4 0 0 0 0 4 0 0 0 23 0 2 18 0 34 0
0 0 49 0 0 0 0 0 0 20 0 0 0 0 0 0 0 0 0 0 5 0 0 0 0 2 0 0 0 0 3 0 0 0 19 0 3 20 0 46 0
0 0 38 0 0 0 0 0 0 13 0 0 0 0 0 0 0 0 0 0 0 0 0 0 0 3 0 0 0 0 4 0 0 0 23 0 1 17 0 33 0
0 0 0 0 0 0 0 16 0 0 0 0 0 11 0 0 0 0 0 0 0 0 0 5 0 0 52 0 0 0 0 0 36 0 0 0 0 0 0 0 0
0 0 53 0 0 0 0 0 0 18 0 0 0 0 0 0 0 1 0 0 5 0 0 0 0 0 0 0 0 0 2 0 0 0 18 0 3 18 0 52 0
0 0 54 0 0 0 0 0 0 34 0 0 0 0 0 0 0 1 0 0 12 0 0 0 0 1 0 0 0 0 1 0 0 0 13 0 6 29 0 59 0
0 0 0 0 0 0 0 16 0 0 0 0 0 11 0 0 0 0 0 0 0 0 0 6 0 0 47 0 0 0 0 0 40 0 0 0 0 0 0 0 0
0 0 59 0 0 0 0 0 0 18 0 0 0 0 0 0 0 0 0 0 6 0 0 0 0 0 0 0 0 0 1 0 0 0 17 0 4 19 0 59 0
0 0 27 0 0 0 0 0 0 9 0 0 0 0 0 0 0 0 0 0 0 0 0 0 0 4 0 0 0 0 3 0 2 0 24 0 0 15 0 20 0
0 0 6 0 0 0 0 2 0 2 0 0 0 7 0 0 0 0 0 0 0 0 0 1 0 4 0 0 0 0 1 0 24 0 24 0 0 13 0 1 0
0 0 0 0 0 0 0 19 0 0 0 0 0 11 0 0 0 0 0 0 0 0 0 7 0 0 59 0 0 0 0 0 46 0 0 0 0 0 0 0 0
0 0 2 0 0 0 0 1 0 1 0 0 0 8 0 0 0 0 0 0 0 0 0 2 0 5 0 0 0 0 1 0 30 0 26 0 0 13 0 0 0
0 0 0 0 0 0 0 14 0 0 0 0 0 12 0 0 0 0 0 0 0 0 0 7 0 0 48 0 0 0 0 0 44 0 0 0 0 0 0 0 0
0 0 0 0 0 0 0 18 0 0 0 0 0 11 0 0 0 2 0 0 0 0 0 4 0 0 59 0 0 0 0 0 31 0 0 0 0 0 0 0 0
0 0 0 0 0 0 0 8 0 0 0 0 0 13 0 0 0 0 0 0 0 0 0 7 0 0 22 0 0 0 0 0 50 0 13 0 0 0 0 0 0
0 0 53 0 0 0 0 0 0 19 0 0 0 0 0 0 0 1 0 0 6 0 0 0 0 0 0 0 0 0 1 0 0 0 17 0 4 19 0 53 0
0 0 55 0 0 0 0 0 0 27 0 0 0 0 0 0 0 1 0 0 9 0 0 0 0 0 0 0 0 0 1 0 0 0 15 0 5 24 0 58 0
0 0 0 0 0 0 0 10 0 0 0 0 0 11 0 0 0 0 0 0 0 0 0 5 0 0 38 0 0 0 0 0 41 0 5 0 0 0 0 0 0
0 0 47 0 0 0 0 0 0 40 0 0 0 0 0 0 0 0 0 0 11 0 0 0 0 7 0 0 0 0 3 0 0 0 15 0 6 34 0 48 0
0 0 0 0 0 0 0 12 0 0 0 0 0 13 0 0 0 0 0 0 0 0 0 10 0 0 36 0 0 0 0 0 57 0 0 0 0 0 0 0 0
0 0 0 0 0 0 0 15 0 0 0 0 0 12 0 0 0 0 0 0 0 0 0 8 0 0 46 0 0 0 0 0 49 0 0 0 0 0 0 0 0
0 0 21 0 0 0 0 0 0 0 0 0 0 3 0 0 0 0 0 0 0 0 0 0 0 0 24 0 0 0 1 0 0 0 12 0 0 0 0 18 0
0 0 0 0 0 0 0 13 0 0 0 0 0 9 0 0 0 0 0 0 0 0 0 4 0 0 48 0 0 0 0 0 29 0 0 0 0 0 0 0 0
0 0 36 0 0 0 0 1 1 39 0 0 0 0 0 0 0 0 0 0 6 0 0 0 0 19 0 0 0 0 6 0 0 0 24 0 3 38 2 29 0
0 0 55 0 0 0 0 0 0 30 0 0 0 0 0 0 0 1 0 0 11 0 0 0 0 0 0 0 0 0 1 0 0 0 13 0 5 26 0 60 0
0 0 0 0 0 0 0 15 0 0 0 0 0 13 0 0 0 0 0 0 0 0 0 9 0 0 45 0 0 0 0 0 52 0 0 0 0 0 0 0 0
0 0 58 0 0 0 0 0 0 32 0 0 0 0 0 0 0 1 0 0 12 0 0 0 0 0 0 0 0 0 0 0 0 0 12 0 6 27 0 64 0
0 0 0 0 0 0 0 4 0 0 0 0 0 8 0 0 0 0 0 0 0 0 0 3 0 0 28 0 0 0 0 0 24 0 11 0 0 0 0 0 0
0 0 0 0 0 0 0 18 0 0 0 0 0 11 0 0 0 0 0 0 0 0 0 6 0 0 55 0 0 0 0 0 37 0 0 0 0 0 0 0 0
0 0 55 0 0 0 0 0 0 17 0 0 0 0 0 0 0 1 0 0 5 0 0 0 0 0 0 0 0 0 2 0 0 0 17 0 3 17 0 55 0
0 0 44 0 0 0 0 0 0 14 0 0 0 0 0 0 0 0 0 0 2 0 0 0 0 2 0 0 0 0 3 0 0 0 21 0 2 16 0 40 0
0 0 56 0 0 0 0 0 0 39 0 0 0 0 0 0 0 1 0 0 14 0 0 0 0 0 0 0 0 0 0 0 0 0 10 0 7 32 0 63 0
0 0 0 0 0 0 0 13 0 0 0 0 0 12 0 0 0 0 0 0 0 0 0 7 0 0 38 0 0 0 0 0 46 0 3 0 0 0 0 0 0
0 0 12 0 0 0 0 0 0 0 0 0 0 6 0 0 0 0 0 0 0 0 0 3 0 0 22 0 0 0 0 0 13 0 16 0 0 0 0 8 0
0 0 0 0 0 0 0 17 0 0 0 0 0 12 0 0 0 0 0 0 0 0 0 8 0 0 54 0 0 0 0 0 50 0 0 0 0 0 0 0 0
0 0 0 0 0 0 0 3 0 2 0 0 0 11 0 0 0 0 0 0 0 0 0 4 0 10 0 0 0 0 0 0 44 0 28 0 0 19 0 0 0
0 0 0 0 0 0 0 11 0 0 0 0 0 12 0 0 0 0 0 0 0 0 0 7 0 0 34 0 0 0 0 0 46 0 3 0 0 0 0 0 0
0 0 53 0 0 0 0 0 0 25 0 0 0 0 0 0 0 1 0 0 8 0 0 0 0 0 0 0 0 0 2 0 0 0 16 0 4 22 0 55 0
0 0 0 0 0 0 0 24 0 0 0 0 0 12 0 0 0 0 0 0 0 0 0 7 0 0 67 0 0 0 0 0 44 0 0 0 0 0 0 0 0
0 0 7 0 0 0 0 1 0 7 0 0 0 7 0 0 0 0 0 0 0 0 0 1 0 9 0 0 0 0 1 0 28 0 29 0 0 20 0 0 0
0 0 55 0 0 0 0 0 0 17 0 0 0 0 0 0 0 1 0 0 5 0 0 0 0 0 0 0 0 0 1 0 0 0 17 0 3 18 0 56 0
0 0 66 0 0 0 0 0 0 40 0 0 0 0 0 0 0 0 0 0 17 0 0 0 0 0 0 0 0 0 0 0 0 0 11 0 8 34 0 78 0
0 0 53 0 0 0 0 0 0 14 0 0 0 0 0 0 0 0 0 0 4 0 0 0 0 0 0 0 0 0 2 0 0 0 20 0 3 16 0 51 0
0 0 56 0 0 0 0 0 0 25 0 0 0 0 0 0 0 1 0 0 8 0 0 0 0 0 0 0 0 0 1 0 0 0 17 0 4 23 0 58 0
