19 0 0 0 0 0 0 0 0 0 0 0 0 0 0 0 0 0 0 0 0 0 0 3 0 0 0 0 0 0 0 54 0 0 59 14 0 2 0 77 0
13 0 0 0 0 0 0 0 0 0 0 0 0 0 0 0 0 0 0 0 0 0 0 1 0 0 0 0 0 0 0 49 0 0 61 15 0 1 0 70 0
16 0 0 0 0 0 0 0 0 0 0 0 0 0 0 0 0 0 0 0 0 0 0 2 0 0 0 0 0 0 0 53 0 0 60 14 0 1 0 76 0
11 0 0 0 0 0 0 0 0 0 0 0 0 0 0 0 0 0 0 0 0 0 0 1 0 0 0 0 0 0 0 47 0 0 63 17 0 0 0 67 0
17 0 0 0 0 0 0 0 0 0 0 0 0 0 0 0 0 0 0 0 0 0 0 3 0 0 0 0 0 0 0 54 0 0 59 13 0 1 0 77 0
18 0 0 0 0 0 0 0 0 0 0 0 0 0 0 0 0 0 0 0 0 0 0 3 0 0 0 0 0 0 0 55 0 0 59 13 0 2 0 78 0
17 0 0 0 0 0 0 0 0 0 0 0 0 0 0 0 0 0 0 0 0 0 0 3 0 0 0 0 0 0 0 54 0 0 59 13 0 1 0 78 0
15 0 0 0 0 0 0 0 0 0 0 0 0 0 0 0 0 0 0 0 0 0 0 2 0 0 0 0 0 0 0 50 0 0 59 14 0 1 0 72 0
0 0 42 51 0 0 0 0 0 0 0 0 0 0 0 0 0 0 0 0 0 0 53 0 0 0 47 40 0 0 0 0 0 0 0 3 0 0 0 0 31
5 0 1 0 0 0 0 0 0 0 0 0 0 0 0 0 0 0 0 0 0 0 0 0 0 0 0 0 0 0 0 39 0 0 62 20 0 0 0 56 0
0 0 41 56 0 0 0 0 0 0 0 0 0 0 0 0 0 0 0 0 0 0 57 0 0 0 49 44 0 0 0 0 0 0 0 0 0 0 0 0 34
3 0 5 0 0 0 0 0 0 0 0 0 0 0 0 0 0 0 0 0 0 0 0 0 0 0 0 0 0 0 0 34 0 0 58 19 0 0 0 49 0
1 0 6 0 0 0 0 0 0 0 0 0 0 0 0 0 0 0 0 0 0 0 0 0 0 0 2 0 0 0 0 33 0 0 58 20 0 0 0 47 0
15 0 0 0 0 0 0 0 0 0 0 0 0 0 0 0 0 0 0 0 0 0 0 2 0 0 0 0 0 0 0 51 0 0 60 14 0 1 0 74 0
18 0 0 0 0 0 0 0 0 0 0 0 0 0 0 0 0 0 0 0 0 0 0 3 0 0 0 0 0 0 0 54 0 0 58 13 0 1 0 76 0
15 0 0 0 0 0 0 0 0 0 0 0 0 0 0 0 0 0 0 0 0 0 0 2 0 0 0 0 0 0 0 50 0 0 60 14 0 1 0 72 0
0 0 38 51 0 0 0 0 0 0 0 0 0 0 0 0 0 0 0 0 0 0 52 0 0 0 46 40 0 0 0 0 0 0 0 0 0 0 0 0 31
4 0 2 0 0 0 0 0 0 0 0 0 0 0 0 0 0 0 0 0 0 0 0 0 0 0 0 0 0 0 0 38 0 0 63 20 0 0 0 55 0
0 0 36 38 0 0 0 0 0 0 0 0 0 0 0 0 0 0 0 0 0 0 39 0 0 0 37 29 0 0 0 0 0 0 7 10 0 0 0 0 23
0 0 42 78 0 0 0 0 0 0 0 0 0 0 0 0 0 0 0 0 0 0 82 0 0 0 62 64 0 0 0 0 0 0 0 0 0 0 0 0 45
0 0 40 51 0 0 0 0 0 0 0 0 0 0 0 0 0 0 0 0 0 0 53 0 0 0 46 40 0 0 0 0 0 0 0 0 0 0 0 0 31
0 0 40 58 0 0 0 0 0 0 0 0 0 0 0 0 0 0 0 0 0 0 60 0 0 0 50 45 1 0 0 0 0 0 0 0 0 0 0 0 35
0 0 36 39 0 0 0 0 0 0 0 0 0 0 0 0 0 0 0 0 0 0 40 0 0 0 39 30 0 0 0 0 0 0 2 9 0 0 0 0 24
11 0 0 0 0 0 0 0 0 0 0 0 0 0 0 0 0 0 0 0 0 0 0 1 0 0 0 0 0 0 0 48 0 0 63 17 0 0 0 69 0
16 0 0 0 0 0 0 0 0 0 0 0 0 0 0 0 0 0 0 0 0 0 0 2 0 0 0 0 0 0 0 51 0 0 59 13 0 1 0 73 0
0 0 41 67 0 0 0 0 0 0 0 0 0 0 0 0 0 0 0 0 0 0 70 0 0 0 55 53 0 0 0 0 0 0 0 0 0 0 0 0 40
11 0 0 0 0 0 0 0 0 0 0 0 0 0 0 0 0 0 0 0 0 0 0 1 0 0 0 0 0 0 0 48 0 0 63 17 0 0 0 69 0
18 0 0 0 0 0 0 0 0 0 0 0 0 0 0 0 0 0 0 0 0 0 0 3 0 0 0 0 0 0 0 54 0 0 59 13 0 1 0 77 0
0 0 40 56 0 0 0 0 0 0 0 0 0 0 0 0 0 0 0 0 0 0 57 0 0 0 49 44 0 0 0 0 0 0 0 0 0 0 0 0 34
10 0 0 0 0 0 0 0 0 0 0 0 0 0 0 0 0 0 0 0 0 0 0 1 0 0 0 0 0 0 0 46 0 0 61 17 0 0 0 66 0
7 0 0 0 0 0 0 0 0 0 0 0 0 0 0 0 0 0 0 0 0 0 0 0 0 0 0 0 0 0 0 42 0 0 62 18 0 0 0 61 0
17 0 0 0 0 0 0 0 0 0 0 0 0 0 0 0 0 0 0 0 0 0 0 2 0 0 0 0 0 0 0 55 0 0 60 13 0 1 0 79 0
7 0 0 0 0 0 0 0 0 0 0 0 0 0 0 0 0 0 0 0 0 0 0 0 0 0 0 0 0 0 0 44 0 0 63 19 0 0 0 64 0
0 0 40 66 0 0 0 0 0 0 0 0 0 0 0 0 0 0 0 0 0 0 69 0 0 0 54 53 0 0 0 0 0 0 0 0 0 0 0 0 40
18 0 0 0 0 0 0 0 0 0 0 0 0 0 0 0 0 0 0 0 0 0 0 2 0 0 0 0 0 0 0 54 0 0 59 13 0 1 0 77 0
2 0 7 0 0 0 0 0 0 0 0 0 0 0 0 0 0 0 0 0 0 0 0 0 0 0 2 0 0 0 0 33 0 0 59 19 0 0 0 48 0
15 0 0 0 0 0 0 0 0 0 0 0 0 0 0 0 0 0 0 0 0 0 0 2 0 0 0 0 0 0 0 51 0 0 60 14 0 1 0 73 0
18 0 0 0 0 0 0 0 0 0 0 0 0 0 0 0 0 0 0 0 0 0 0 3 0 0 0 0 0 0 0 55 0 0 59 13 0 1 0 78 0
14 0 0 0 0 0 0 0 0 0 0 0 0 0 0 0 0 0 0 0 0 0 0 2 0 0 0 0 0 0 0 51 0 0 60 14 0 1 0 72 0
11 0 0 0 0 0 0 0 0 0 0 0 0 0 0 0 0 0 0 0 0 0 0 1 0 0 0 0 0 0 0 49 0 0 65 17 0 0 0 70 0
4 0 2 0 0 0 0 0 0 0 0 0 0 0 0 0 0 0 0 0 0 0 0 0 0 0 0 0 0 0 0 36 0 0 59 19 0 0 0 52 0
12 0 0 0 0 0 0 0 0 0 0 0 0 0 0 0 0 0 0 0 0 0 0 1 0 0 0 0 0 0 0 49 0 0 62 16 0 0 0 70 0
0 0 30 26 0 0 0 0 0 0 0 0 0 0 0 0 0 0 0 0 0 0 27 0 0 0 29 19 0 0 0 5 0 0 36 18 0 0 0 8 15
15 0 0 0 0 0 0 0 0 0 0 0 0 0 0 0 0 0 0 0 0 0 0 2 0 0 0 0 0 0 0 50 0 0 59 14 0 1 0 71 0
20 0 0 0 0 0 0 0 0 0 0 0 0 0 0 0 0 0 0 0 0 0 0 3 0 0 0 0 0 0 0 56 0 0 59 13 0 2 0 80 0
0 0 41 58 0 0 0 0 0 0 0 0 0 0 0 0 0 0 0 0 0 0 60 0 0 0 50 46 1 0 0 0 0 0 0 0 0 0 0 0 35
12 0 0 0 0 0 0 0 0 0 0 0 0 0 0 0 0 0 0 0 0 0 0 1 0 0 0 0 0 0 0 49 0 0 61 16 0 0 0 70 0
0 0 39 47 0 0 0 0 0 0 0 0 0 0 0 0 0 0 0 0 0 0 49 0 0 0 44 37 0 0 0 0 0 0 0 5 0 0 0 0 29
0 0 39 57 0 0 0 0 0 0 0 0 0 0 0 0 0 0 0 0 0 0 59 0 0 0 48 45 1 0 0 0 0 0 0 0 0 0 0 0 35
0 0 40 64 0 0 0 0 0 0 0 0 0 0 0 0 0 0 0 0 0 0 67 0 0 0 53 51 1 0 0 0 0 0 0 0 0 0 0 0 39
0 0 28 24 0 0 0 0 0 0 0 0 0 0 0 0 0 0 0 0 0 0 24 0 0 0 27 18 0 0 0 3 0 0 31 16 0 0 0 5 14
0 0 26 21 0 0 0 0 0 0 0 0 0 0 0 0 0 0 0 0 0 0 21 0 0 0 24 15 0 0 0 7 0 0 34 16 0 0 0 10 12
0 0 38 46 0 0 0 0 0 0 0 0 0 0 0 0 0 0 0 0 0 0 47 0 0 0 43 36 0 0 0 0 0 0 0 4 0 0 0 0 28
0 0 36 46 0 0 0 0 0 0 0 0 0 0 0 0 0 0 0 0 0 0 48 0 0 0 42 36 0 0 0 0 0 0 0 2 0 0 0 0 29
0 0 39 40 0 0 0 0 0 0 0 0 0 0 0 0 0 0 0 0 0 0 41 0 0 0 40 31 0 0 0 0 0 0 11 12 0 0 0 0 24
0 0 39 61 0 0 0 0 0 0 0 0 0 0 0 0 0 0 0 0 0 0 63 0 0 0 51 48 1 0 0 0 0 0 0 0 0 0 0 0 37
0 0 27 22 0 0 0 0 0 0 0 0 0 0 0 0 0 0 0 0 0 0 22 0 0 0 25 16 0 0 0 6 0 0 35 17 0 0 0 9 13
15 0 0 0 0 0 0 0 0 0 0 0 0 0 0 0 0 0 0 0 0 0 0 2 0 0 0 0 0 0 0 51 0 0 60 14 0 1 0 74 0
17 0 0 0 0 0 0 0 0 0 0 0 0 0 0 0 0 0 0 0 0 0 0 3 0 0 0 0 0 0 0 54 0 0 59 13 0 1 0 77 0
0 0 30 28 0 0 0 0 0 0 0 0 0 0 0 0 0 0 0 0 0 0 29 0 0 0 30 21 0 0 0 0 0 0 21 13 0 0 0 0 17
16 0 0 0 0 0 0 0 0 0 0 0 0 0 0 0 0 0 0 0 0 0 0 2 0 0 0 0 0 0 0 53 0 0 60 14 0 1 0 75 0
7 0 0 0 0 0 0 0 0 0 0 0 0 0 0 0 0 0 0 0 0 0 0 0 0 0 0 0 0 0 0 41 0 0 60 18 0 0 0 59 0
16 0 0 0 0 0 0 0 0 0 0 0 0 0 0 0 0 0 0 0 0 0 0 2 0 0 0 0 0 0 0 52 0 0 59 14 0 1 0 75 0
12 0 0 0 0 0 0 0 0 0 0 0 0 0 0 0 0 0 0 0 0 0 0 1 0 0 0 0 0 0 0 48 0 0 62 16 0 0 0 69 0
0 0 38 62 0 0 0 0 0 0 0 0 0 0 0 0 0 0 0 0 0 0 64 0 0 0 51 49 1 0 0 0 0 0 0 0 0 0 0 0 37
15 0 0 0 0 0 0 0 0 0 0 0 0 0 0 0 0 0 0 0 0 0 0 2 0 0 0 0 0 0 0 51 0 0 61 14 0 1 0 73 0
0 0 42 59 0 0 0 0 0 0 0 0 0 0 0 0 0 0 0 0 0 0 61 0 0 0 51 46 1 0 0 0 0 0 0 0 0 0 0 0 36
18 0 0 0 0 0 0 0 0 0 0 0 0 0 0 0 0 0 0 0 0 0 0 3 0 0 0 0 0 0 0 53 0 0 58 14 0 2 0 75 0
19 0 0 0 0 0 0 0 0 0 0 0 0 0 0 0 0 0 0 0 0 0 0 3 0 0 0 0 0 0 0 55 0 0 58 12 0 2 0 79 0
18 0 0 0 0 0 0 0 0 0 0 0 0 0 0 0 0 0 0 0 0 0 0 3 0 0 0 0 0 0 0 53 0 0 59 14 0 1 0 75 0
4 0 2 0 0 0 0 0 0 0 0 0 0 0 0 0 0 0 0 0 0 0 0 0 0 0 0 0 0 0 0 34 0 0 58 19 0 0 0 50 0
17 0 0 0 0 0 0 0 0 0 0 0 0 0 0 0 0 0 0 0 0 0 0 3 0 0 0 0 0 0 0 53 0 0 59 13 0 1 0 76 0
0 0 42 69 0 0 0 0 0 0 0 0 0 0 0 0 0 0 0 0 0 0 72 0 0 0 57 56 0 0 0 0 0 0 0 0 0 0 0 0 41
0 0 30 30 0 0 0 0 0 0 0 0 0 0 0 0 0 0 0 0 0 0 31 0 0 0 31 23 0 0 0 0 0 0 13 11 0 0 0 0 18
17 0 0 0 0 0 0 0 0 0 0 0 0 0 0 0 0 0 0 0 0 0 0 2 0 0 0 0 0 0 0 51 0 0 58 13 0 1 0 73 0
16 0 0 0 0 0 0 0 0 0 0 0 0 0 0 0 0 0 0 0 0 0 0 2 0 0 0 0 0 0 0 53 0 0 60 13 0 1 0 76 0
0 0 40 59 0 0 0 0 0 0 0 0 0 0 0 0 0 0 0 0 0 0 62 0 0 0 50 47 1 0 0 0 0 0 0 0 0 0 0 0 36
1 0 10 0 0 0 0 0 0 0 0 0 0 0 0 0 0 0 0 0 0 0 0 0 0 0 4 0 0 0 0 30 0 0 57 19 0 0 0 44 0
5 0 0 0 0 0 0 0 0 0 0 0 0 0 0 0 0 0 0 0 0 0 0 0 0 0 0 0 0 0 0 38 0 0 59 19 0 0 0 55 0
18 0 0 0 0 0 0 0 0 0 0 0 0 0 0 0 0 0 0 0 0 0 0 2 0 0 0 0 0 0 0 55 0 0 59 13 0 1 0 78 0
0 0 21 11 0 0 0 0 0 0 0 0 0 0 0 0 0 0 0 0 0 0 11 0 0 0 17 7 0 0 0 20 0 0 50 19 0 0 0 30 5
15 0 0 0 0 0 0 0 0 0 0 0 0 0 0 0 0 0 0 0 0 0 0 2 0 0 0 0 0 0 0 51 0 0 60 14 0 1 0 74 0
17 0 0 0 0 0 0 0 0 0 0 0 0 0 0 0 0 0 0 0 0 0 0 3 0 0 0 0 0 0 0 54 0 0 59 13 0 1 0 77 0
0 0 34 37 0 0 0 0 0 0 0 0 0 0 0 0 0 0 0 0 0 0 38 0 0 0 36 28 0 0 0 0 0 0 8 10 0 0 0 0 23
17 0 0 0 0 0 0 0 0 0 0 0 0 0 0 0 0 0 0 0 0 0 0 2 0 0 0 0 0 0 0 53 0 0 59 14 0 1 0 75 0
6 0 0 0 0 0 0 0 0 0 0 0 0 0 0 0 0 0 0 0 0 0 0 0 0 0 0 0 0 0 0 41 0 0 62 19 0 0 0 59 0
14 0 0 0 0 0 0 0 0 0 0 0 0 0 0 0 0 0 0 0 0 0 0 1 0 0 0 0 0 0 0 51 0 0 63 15 0 1 0 73 0
16 0 0 0 0 0 0 0 0 0 0 0 0 0 0 0 0 0 0 0 0 0 0 2 0 0 0 0 0 0 0 52 0 0 59 14 0 1 0 74 0
0 0 27 24 0 0 0 0 0 0 0 0 0 0 0 0 0 0 0 0 0 0 25 0 0 0 26 18 0 0 0 1 0 0 28 15 0 0 0 2 15
10 0 0 0 0 0 0 0 0 0 0 0 0 0 0 0 0 0 0 0 0 0 0 1 0 0 0 0 0 0 0 45 0 0 62 17 0 0 0 64 0
18 0 0 0 0 0 0 0 0 0 0 0 0 0 0 0 0 0 0 0 0 0 0 3 0 0 0 0 0 0 0 54 0 0 58 13 0 1 0 77 0
0 0 39 57 0 0 0 0 0 0 0 0 0 0 0 0 0 0 0 0 0 0 59 0 0 0 49 45 1 0 0 0 0 0 0 0 0 0 0 0 35
12 0 0 0 0 0 0 0 0 0 0 0 0 0 0 0 0 0 0 0 0 0 0 1 0 0 0 0 0 0 0 49 0 0 62 16 0 0 0 71 0
17 0 0 0 0 0 0 0 0 0 0 0 0 0 0 0 0 0 0 0 0 0 0 2 0 0 0 0 0 0 0 52 0 0 59 14 0 1 0 75 0
0 0 41 67 0 0 0 0 0 0 0 0 0 0 0 0 0 0 0 0 0 0 70 0 0 0 55 53 1 0 0 0 0 0 0 0 0 0 0 0 40
0 0 11 0 0 0 0 0 0 0 0 0 0 0 0 0 0 0 0 0 0 0 0 0 0 0 6 0 0 0 0 28 0 0 53 19 0 0 0 40 0
0 0 28 25 0 0 0 0 0 0 0 0 0 0 0 0 0 0 0 0 0 0 25 0 0 0 28 18 0 0 0 1 0 0 29 16 0 0 0 2 15
0 0 34 34 0 0 0 0 0 0 0 0 0 0 0 0 0 0 0 0 0 0 34 0 0 0 35 26 0 0 0 0 0 0 15 13 0 0 0 0 20
8 0 0 0 0 0 0 0 0 0 0 0 0 0 0 0 0 0 0 0 0 0 0 0 0 0 0 0 0 0 0 45 0 0 64 19 0 0 0 64 0
17 0 0 0 0 0 0 0 0 0 0 0 0 0 0 0 0 0 0 0 0 0 0 2 0 0 0 0 0 0 0 53 0 0 59 13 0 1 0 75 0
0 0 31 29 0 0 0 0 0 0 0 0 0 0 0 0 0 0 0 0 0 0 30 0 0 0 31 22 0 0 0 0 0 0 20 14 0 0 0 0 17
16 0 0 0 0 0 0 0 0 0 0 0 0 0 0 0 0 0 0 0 0 0 0 2 0 0 0 0 0 0 0 52 0 0 58 13 0 1 0 74 0
9 0 0 0 0 0 0 0 0 0 0 0 0 0 0 0 0 0 0 0 0 0 0 0 0 0 0 0 0 0 0 45 0 0 63 18 0 0 0 65 0
17 0 0 0 0 0 0 0 0 0 0 0 0 0 0 0 0 0 0 0 0 0 0 2 0 0 0 0 0 0 0 54 0 0 59 14 0 1 0 76 0
0 0 27 23 0 0 0 0 0 0 0 0 0 0 0 0 0 0 0 0 0 0 23 0 0 0 26 17 0 0 0 4 0 0 33 16 0 0 0 7 13
0 0 31 31 0 0 0 0 0 0 0 0 0 0 0 0 0 0 0 0 0 0 31 0 0 0 32 24 0 0 0 0 0 0 9 11 0 0 0 0 20
0 0 39 56 0 0 0 0 0 0 0 0 0 0 0 0 0 0 0 0 0 0 58 0 0 0 49 44 1 0 0 0 0 0 0 0 0 0 0 0 34
5 0 0 0 0 0 0 0 0 0 0 0 0 0 0 0 0 0 0 0 0 0 0 0 0 0 0 0 0 0 0 38 0 0 60 19 0 0 0 55 0
18 0 0 0 0 0 0 0 0 0 0 0 0 0 0 0 0 0 0 0 0 0 0 3 0 0 0 0 0 0 0 55 0 0 59 13 0 1 0 79 0
0 0 31 30 0 0 0 0 0 0 0 0 0 0 0 0 0 0 0 0 0 0 30 0 0 0 31 23 0 0 0 0 0 0 21 14 0 0 0 0 18
17 0 0 0 0 0 0 0 0 0 0 0 0 0 0 0 0 0 0 0 0 0 0 3 0 0 0 0 0 0 0 53 0 0 59 14 0 1 0 76 0
0 0 40 61 0 0 0 0 0 0 0 0 0 0 0 0 0 0 0 0 0 0 63 0 0 0 51 48 1 0 0 0 0 0 0 0 0 0 0 0 37
14 0 0 0 0 0 0 0 0 0 0 0 0 0 0 0 0 0 0 0 0 0 0 2 0 0 0 0 0 0 0 49 0 0 59 14 0 0 0 70 0
4 0 1 0 0 0 0 0 0 0 0 0 0 0 0 0 0 0 0 0 0 0 0 0 0 0 0 0 0 0 0 39 0 0 61 19 0 0 0 56 0
0 0 41 49 0 0 0 0 0 0 0 0 0 0 0 0 0 0 0 0 0 0 51 0 0 0 46 39 0 0 0 0 0 0 0 2 0 0 0 0 30
0 0 41 68 0 0 0 0 0 0 0 0 0 0 0 0 0 0 0 0 0 0 71 0 0 0 56 55 1 0 0 0 0 0 0 0 0 0 0 0 41
17 0 0 0 0 0 0 0 0 0 0 0 0 0 0 0 0 0 0 0 0 0 0 2 0 0 0 0 0 0 0 53 0 0 58 13 0 1 0 76 0
0 0 42 69 0 0 0 0 0 0 0 0 0 0 0 0 0 0 0 0 0 0 72 0 0 0 56 55 1 0 0 0 0 0 0 0 0 0 0 0 41
0 0 39 58 0 0 0 0 0 0 0 0 0 0 0 0 0 0 0 0 0 0 61 0 0 0 49 46 1 0 0 0 0 0 0 0 0 0 0 0 36
0 0 42 59 0 0 0 0 0 0 0 0 0 0 0 0 0 0 0 0 0 0 61 0 0 0 51 46 0 0 0 0 0 0 0 0 0 0 0 0 36
0 0 40 55 0 0 0 0 0 0 0 0 0 0 0 0 0 0 0 0 0 0 57 0 0 0 48 43 0 0 0 0 0 0 0 0 0 0 0 0 34
19 0 0 0 0 0 0 0 0 0 0 0 0 0 0 0 0 0 0 0 0 0 0 3 0 0 0 0 0 0 0 54 0 0 58 13 0 2 0 76 0
19 0 0 0 0 0 0 0 0 0 0 0 0 0 0 0 0 0 0 0 0 0 0 3 0 0 0 0 0 0 0 55 0 0 59 13 0 2 0 78 0
0 0 23 14 0 0 0 0 0 0 0 0 0 0 0 0 0 0 0 0 0 0 15 0 0 0 20 10 0 0 0 18 0 0 50 21 0 0 0 28 8
18 0 0 0 0 0 0 0 0 0 0 0 0 0 0 0 0 0 0 0 0 0 0 2 0 0 0 0 0 0 0 55 0 0 58 13 0 2 0 78 0
0 0 40 61 0 0 0 0 0 0 0 0 0 0 0 0 0 0 0 0 0 0 64 0 0 0 51 48 1 0 0 0 0 0 0 0 0 0 0 0 37
18 0 0 0 0 0 0 0 0 0 0 0 0 0 0 0 0 0 0 0 0 0 0 3 0 0 0 0 0 0 0 55 0 0 58 12 0 1 0 79 0
17 0 0 0 0 0 0 0 0 0 0 0 0 0 0 0 0 0 0 0 0 0 0 3 0 0 0 0 0 0 0 54 0 0 59 13 0 1 0 76 0
0 0 40 64 0 0 0 0 0 0 0 0 0 0 0 0 0 0 0 0 0 0 67 0 0 0 53 51 0 0 0 0 0 0 0 0 0 0 0 0 39
0 0 38 41 0 0 0 0 0 0 0 0 0 0 0 0 0 0 0 0 0 0 42 0 0 0 40 32 0 0 0 0 0 0 1 9 0 0 0 0 25
19 0 0 0 0 0 0 0 0 0 0 0 0 0 0 0 0 0 0 0 0 0 0 3 0 0 0 0 0 0 0 56 0 0 59 13 0 2 0 79 0
4 0 2 0 0 0 0 0 0 0 0 0 0 0 0 0 0 0 0 0 0 0 0 0 0 0 0 0 0 0 0 36 0 0 59 19 0 0 0 51 0
17 0 0 0 0 0 0 0 0 0 0 0 0 0 0 0 0 0 0 0 0 0 0 3 0 0 0 0 0 0 0 54 0 0 58 13 0 1 0 76 0
0 0 43 57 0 0 0 0 0 0 0 0 0 0 0 0 0 0 0 0 0 0 59 0 0 0 50 45 0 0 0 0 0 0 0 0 0 0 0 0 35
16 0 0 0 0 0 0 0 0 0 0 0 0 0 0 0 0 0 0 0 0 0 0 2 0 0 0 0 0 0 0 52 0 0 58 14 0 1 0 74 0
0 0 38 58 0 0 0 0 0 0 0 0 0 0 0 0 0 0 0 0 0 0 60 0 0 0 49 46 1 0 0 0 0 0 0 0 0 0 0 0 35
0 0 15 6 0 0 0 0 0 0 0 0 0 0 0 0 0 0 0 0 0 0 5 0 0 0 12 3 0 0 0 23 0 0 52 19 0 0 0 34 3
18 0 0 0 0 0 0 0 0 0 0 0 0 0 0 0 0 0 0 0 0 0 0 3 0 0 0 0 0 0 0 54 0 0 58 13 0 1 0 78 0
19 0 0 0 0 0 0 0 0 0 0 0 0 0 0 0 0 0 0 0 0 0 0 3 0 0 0 0 0 0 0 55 0 0 58 12 0 2 0 78 0
0 0 40 60 0 0 0 0 0 0 0 0 0 0 0 0 0 0 0 0 0 0 62 0 0 0 51 47 1 0 0 0 0 0 0 0 0 0 0 0 37
16 0 0 0 0 0 0 0 0 0 0 0 0 0 0 0 0 0 0 0 0 0 0 2 0 0 0 0 0 0 0 52 0 0 59 14 0 1 0 75 0
11 0 0 0 0 0 0 0 0 0 0 0 0 0 0 0 0 0 0 0 0 0 0 1 0 0 0 0 0 0 0 47 0 0 62 17 0 0 0 68 0
18 0 0 0 0 0 0 0 0 0 0 0 0 0 0 0 0 0 0 0 0 0 0 3 0 0 0 0 0 0 0 53 0 0 59 13 0 1 0 76 0
0 0 37 45 0 0 0 0 0 0 0 0 0 0 0 0 0 0 0 0 0 0 46 0 0 0 43 35 0 0 0 0 0 0 0 4 0 0 0 0 27
0 0 14 2 0 0 0 0 0 0 0 0 0 0 0 0 0 0 0 0 0 0 2 0 0 0 9 0 0 0 0 25 0 0 54 20 0 0 0 37 1
10 0 0 0 0 0 0 0 0 0 0 0 0 0 0 0 0 0 0 0 0 0 0 1 0 0 0 0 0 0 0 46 0 0 63 18 0 0 0 65 0
0 0 21 12 0 0 0 0 0 0 0 0 0 0 0 0 0 0 0 0 0 0 13 0 0 0 17 8 0 0 0 14 0 0 41 17 0 0 0 22 7
0 0 40 45 0 0 0 0 0 0 0 0 0 0 0 0 0 0 0 0 0 0 47 0 0 0 44 35 0 0 0 0 0 0 0 8 0 0 0 0 27
17 0 0 0 0 0 0 0 0 0 0 0 0 0 0 0 0 0 0 0 0 0 0 2 0 0 0 0 0 0 0 54 0 0 60 13 0 1 0 77 0
0 0 40 65 0 0 0 0 0 0 0 0 0 0 0 0 0 0 0 0 0 0 68 0 0 0 54 52 0 0 0 0 0 0 0 0 0 0 0 0 39
17 0 0 0 0 0 0 0 0 0 0 0 0 0 0 0 0 0 0 0 0 0 0 3 0 0 0 0 0 0 0 53 0 0 58 13 0 1 0 75 0
9 0 0 0 0 0 0 0 0 0 0 0 0 0 0 0 0 0 0 0 0 0 0 0 0 0 0 0 0 0 0 46 0 0 64 18 0 0 0 67 0
18 0 0 0 0 0 0 0 0 0 0 0 0 0 0 0 0 0 0 0 0 0 0 3 0 0 0 0 0 0 0 55 0 0 59 13 0 2 0 78 0
17 0 0 0 0 0 0 0 0 0 0 0 0 0 0 0 0 0 0 0 0 0 0 3 0 0 0 0 0 0 0 54 0 0 59 13 0 1 0 76 0
17 0 0 0 0 0 0 0 0 0 0 0 0 0 0 0 0 0 0 0 0 0 0 3 0 0 0 0 0 0 0 54 0 0 59 13 0 1 0 77 0
19 0 0 0 0 0 0 0 0 0 0 0 0 0 0 0 0 0 0 0 0 0 0 3 0 0 0 0 0 1 0 54 0 0 58 14 0 2 0 75 0
18 0 0 0 0 0 0 0 0 0 0 0 0 0 0 0 0 0 0 0 0 0 0 3 0 0 0 0 0 0 0 55 0 0 58 13 0 1 0 78 0
10 0 0 0 0 0 0 0 0 0 0 0 0 0 0 0 0 0 0 0 0 0 0 1 0 0 0 0 0 0 0 46 0 0 62 17 0 0 0 66 0
0 0 39 55 0 0 0 0 0 0 0 0 0 0 0 0 0 0 0 0 0 0 57 0 0 0 48 43 0 0 0 0 0 0 0 0 0 0 0 0 34
15 0 0 0 0 0 0 0 0 0 0 0 0 0 0 0 0 0 0 0 0 0 0 2 0 0 0 0 0 0 0 51 0 0 61 15 0 1 0 73 0
18 0 0 0 0 0 0 0 0 0 0 0 0 0 0 0 0 0 0 0 0 0 0 3 0 0 0 0 0 0 0 54 0 0 58 13 0 1 0 77 0
0 0 41 65 0 0 0 0 0 0 0 0 0 0 0 0 0 0 0 0 0 0 68 0 0 0 54 52 1 0 0 0 0 0 0 0 0 0 0 0 39
18 0 0 0 0 0 0 0 0 0 0 0 0 0 0 0 0 0 0 0 0 0 0 3 0 0 0 0 0 0 0 54 0 0 59 13 0 2 0 77 0
18 0 0 0 0 0 0 0 0 0 0 0 0 0 0 0 0 0 0 0 0 0 0 3 0 0 0 0 0 0 0 53 0 0 59 14 0 1 0 75 0
10 0 0 0 0 0 0 0 0 0 0 0 0 0 0 0 0 0 0 0 0 0 0 1 0 0 0 0 0 0 0 45 0 0 62 17 0 0 0 65 0
17 0 0 0 0 0 0 0 0 0 0 0 0 0 0 0 0 0 0 0 0 0 0 2 0 0 0 0 0 0 0 53 0 0 59 13 0 1 0 76 0
17 0 0 0 0 0 0 0 0 0 0 0 0 0 0 0 0 0 0 0 0 0 0 2 0 0 0 0 0 0 0 54 0 0 59 13 0 1 0 77 0
14 0 0 0 0 0 0 0 0 0 0 0 0 0 0 0 0 0 0 0 0 0 0 1 0 0 0 0 0 0 0 50 0 0 61 15 0 1 0 72 0
2 0 6 0 0 0 0 0 0 0 0 0 0 0 0 0 0 0 0 0 0 0 0 0 0 0 0 0 0 0 0 35 0 0 60 19 0 0 0 50 0
0 0 40 60 0 0 0 0 0 0 0 0 0 0 0 0 0 0 0 0 0 0 63 0 0 0 51 47 1 0 0 0 0 0 0 0 0 0 0 0 36
18 0 0 0 0 0 0 0 0 0 0 0 0 0 0 0 0 0 0 0 0 0 0 3 0 0 0 0 0 0 0 54 0 0 58 13 0 2 0 75 0
0 0 37 43 0 0 0 0 0 0 0 0 0 0 0 0 0 0 0 0 0 0 44 0 0 0 41 34 0 0 0 0 0 0 0 5 0 0 0 0 26
0 0 36 43 0 0 0 0 0 0 0 0 0 0 0 0 0 0 0 0 0 0 44 0 0 0 41 33 0 0 0 0 0 0 0 6 0 0 0 0 26
0 0 36 36 0 0 0 0 0 0 0 0 0 0 0 0 0 0 0 0 0 0 37 0 0 0 37 28 0 0 0 0 0 0 16 13 0 0 0 0 22
5 0 0 0 0 0 0 0 0 0 0 0 0 0 0 0 0 0 0 0 0 0 0 0 0 0 0 0 0 0 0 39 0 0 62 20 0 0 0 56 0
18 0 0 0 0 0 0 0 0 0 0 0 0 0 0 0 0 0 0 0 0 0 0 3 0 0 0 0 0 0 0 54 0 0 58 13 0 2 0 76 0
16 0 0 0 0 0 0 0 0 0 0 0 0 0 0 0 0 0 0 0 0 0 0 2 0 0 0 0 0 0 0 52 0 0 59 13 0 1 0 75 0
0 0 40 71 0 0 0 0 0 0 0 0 0 0 0 0 0 0 0 0 0 0 74 0 0 0 57 57 0 0 0 0 0 0 0 0 0 0 0 0 41
0 0 43 58 0 0 0 0 0 0 0 0 0 0 0 0 0 0 0 0 0 0 60 0 0 0 51 45 0 0 0 0 0 0 0 0 0 0 0 0 35
0 0 42 50 0 0 0 0 0 0 0 0 0 0 0 0 0 0 0 0 0 0 52 0 0 0 47 39 0 0 0 0 0 0 0 4 0 0 0 0 31
7 0 0 0 0 0 0 0 0 0 0 0 0 0 0 0 0 0 0 0 0 0 0 0 0 0 0 0 0 0 0 43 0 0 65 20 0 0 0 62 0
11 0 0 0 0 0 0 0 0 0 0 0 0 0 0 0 0 0 0 0 0 0 0 1 0 0 0 0 0 0 0 47 0 0 63 17 0 0 0 67 0
10 0 0 0 0 0 0 0 0 0 0 0 0 0 0 0 0 0 0 0 0 0 0 1 0 0 0 0 0 0 0 46 0 0 61 17 0 0 0 66 0
17 0 0 0 0 0 0 0 0 0 0 0 0 0 0 0 0 0 0 0 0 0 0 2 0 0 0 0 0 0 0 54 0 0 59 13 0 1 0 78 0
0 0 37 44 0 0 0 0 0 0 0 0 0 0 0 0 0 0 0 0 0 0 45 0 0 0 41 34 0 0 0 0 0 0 0 5 0 0 0 0 27
0 0 13 3 0 0 0 0 0 0 0 0 0 0 0 0 0 0 0 0 0 0 3 0 0 0 8 0 0 0 0 24 0 0 51 18 0 0 0 36 1
18 0 0 0 0 0 0 0 0 0 0 0 0 0 0 0 0 0 0 0 0 0 0 3 0 0 0 0 0 0 0 54 0 0 59 14 0 1 0 76 0
0 0 38 41 0 0 0 0 0 0 0 0 0 0 0 0 0 0 0 0 0 0 43 0 0 0 41 32 0 0 0 0 0 0 4 10 0 0 0 0 25
19 0 0 0 0 0 0 0 0 0 0 0 0 0 0 0 0 0 0 0 0 0 0 3 0 0 0 0 0 0 0 56 0 0 59 13 0 2 0 80 0
15 0 0 0 0 0 0 0 0 0 0 0 0 0 0 0 0 0 0 0 0 0 0 2 0 0 0 0 0 0 0 51 0 0 61 14 0 1 0 73 0
18 0 0 0 0 0 0 0 0 0 0 0 0 0 0 0 0 0 0 0 0 0 0 3 0 0 0 0 0 0 0 55 0 0 59 13 0 2 0 79 0
18 0 0 0 0 0 0 0 0 0 0 0 0 0 0 0 0 0 0 0 0 0 0 3 0 0 0 0 0 0 0 53 0 0 57 13 0 2 0 75 0
17 0 0 0 0 0 0 0 0 0 0 0 0 0 0 0 0 0 0 0 0 0 0 2 0 0 0 0 0 0 0 53 0 0 59 13 0 1 0 75 0
16 0 0 0 0 0 0 0 0 0 0 0 0 0 0 0 0 0 0 0 0 0 0 2 0 0 0 0 0 0 0 52 0 0 59 13 0 1 0 75 0
18 0 0 0 0 0 0 0 0 0 0 0 0 0 0 0 0 0 0 0 0 0 0 3 0 0 0 0 0 0 0 55 0 0 59 13 0 2 0 79 0
17 0 0 0 0 0 0 0 0 0 0 0 0 0 0 0 0 0 0 0 0 0 0 2 0 0 0 0 0 0 0 53 0 0 59 14 0 1 0 75 0
0 0 39 65 0 0 0 0 0 0 0 0 0 0 0 0 0 0 0 0 0 0 68 0 0 0 54 52 0 0 0 0 0 0 0 0 0 0 0 0 38
0 0 41 56 0 0 0 0 0 0 0 0 0 0 0 0 0 0 0 0 0 0 58 0 0 0 49 44 1 0 0 0 0 0 0 0 0 0 0 0 35
0 0 40 66 0 0 0 0 0 0 0 0 0 0 0 0 0 0 0 0 0 0 68 0 0 0 54 53 1 0 0 0 0 0 0 0 0 0 0 0 39
6 0 0 0 0 0 0 0 0 0 0 0 0 0 0 0 0 0 0 0 0 0 0 0 0 0 0 0 0 0 0 41 0 0 62 19 0 0 0 59 0
0 0 33 31 0 0 0 0 0 0 0 0 0 0 0 0 0 0 0 0 0 0 31 0 0 0 33 23 0 0 0 0 0 0 29 16 0 0 0 0 18
0 0 11 0 0 0 0 0 0 0 0 0 0 0 0 0 0 0 0 0 0 0 0 0 0 0 6 0 0 0 0 28 0 0 54 20 0 0 0 41 0
0 0 41 58 0 0 0 0 0 0 0 0 0 0 0 0 0 0 0 0 0 0 60 0 0 0 50 46 1 0 0 0 0 0 0 0 0 0 0 0 35
15 0 0 0 0 0 0 0 0 0 0 0 0 0 0 0 0 0 0 0 0 0 0 2 0 0 0 0 0 0 0 51 0 0 58 14 0 1 0 72 0
19 0 0 0 0 0 0 0 0 0 0 0 0 0 0 0 0 0 0 0 0 0 0 3 0 0 0 0 0 0 0 55 0 0 58 13 0 2 0 77 0
0 0 40 64 0 0 0 0 0 0 0 0 0 0 0 0 0 0 0 0 0 0 67 0 0 0 53 51 1 0 0 0 0 0 0 0 0 0 0 0 39
1 0 8 0 0 0 0 0 0 0 0 0 0 0 0 0 0 0 0 0 0 0 0 0 0 0 2 0 0 0 0 31 0 0 56 19 0 0 0 45 0
13 0 0 0 0 0 0 0 0 0 0 0 0 0 0 0 0 0 0 0 0 0 0 1 0 0 0 0 0 0 0 48 0 0 60 15 0 0 0 69 0
15 0 0 0 0 0 0 0 0 0 0 0 0 0 0 0 0 0 0 0 0 0 0 2 0 0 0 0 0 0 0 52 0 0 60 14 0 1 0 74 0
0 0 17 6 0 0 0 0 0 0 0 0 0 0 0 0 0 0 0 0 0 0 6 0 0 0 12 3 0 0 0 23 0 0 52 19 0 0 0 34 3
16 0 0 0 0 0 0 0 0 0 0 0 0 0 0 0 0 0 0 0 0 0 0 2 0 0 0 0 0 0 0 52 0 0 60 13 0 1 0 75 0
10 0 0 0 0 0 0 0 0 0 0 0 0 0 0 0 0 0 0 0 0 0 0 1 0 0 0 0 0 0 0 46 0 0 63 18 0 0 0 65 0
0 0 42 54 0 0 0 0 0 0 0 0 0 0 0 0 0 0 0 0 0 0 56 0 0 0 49 43 0 0 0 0 0 0 0 0 0 0 0 0 32
18 0 0 0 0 0 0 0 0 0 0 0 0 0 0 0 0 0 0 0 0 0 0 3 0 0 0 0 0 0 0 56 0 0 60 13 0 2 0 81 0
18 0 0 0 0 0 0 0 0 0 0 0 0 0 0 0 0 0 0 0 0 0 0 3 0 0 0 0 0 0 0 54 0 0 59 13 0 1 0 76 0
0 0 41 58 0 0 0 0 0 0 0 0 0 0 0 0 0 0 0 0 0 0 60 0 0 0 51 46 1 0 0 0 0 0 0 0 0 0 0 0 36
0 0 40 68 0 0 0 0 0 0 0 0 0 0 0 0 0 0 0 0 0 0 71 0 0 0 55 54 0 0 0 0 0 0 0 0 0 0 0 0 40
0 0 20 13 0 0 0 0 0 0 0 0 0 0 0 0 0 0 0 0 0 0 13 0 0 0 17 8 0 0 0 17 0 0 46 18 0 0 0 26 7
16 0 0 0 0 0 0 0 0 0 0 0 0 0 0 0 0 0 0 0 0 0 0 2 0 0 0 0 0 0 0 52 0 0 59 14 0 1 0 75 0
0 0 40 59 0 0 0 0 0 0 0 0 0 0 0 0 0 0 0 0 0 0 61 0 0 0 50 46 1 0 0 0 0 0 0 0 0 0 0 0 36
10 0 0 0 0 0 0 0 0 0 0 0 0 0 0 0 0 0 0 0 0 0 0 1 0 0 0 0 0 0 0 45 0 0 62 17 0 0 0 65 0
17 0 0 0 0 0 0 0 0 0 0 0 0 0 0 0 0 0 0 0 0 0 0 3 0 0 0 0 0 0 0 53 0 0 59 13 0 1 0 76 0
2 0 6 0 0 0 0 0 0 0 0 0 0 0 0 0 0 0 0 0 0 0 0 0 0 0 1 0 0 0 0 33 0 0 57 20 0 0 0 47 0
6 0 0 0 0 0 0 0 0 0 0 0 0 0 0 0 0 0 0 0 0 0 0 0 0 0 0 0 0 0 0 41 0 0 62 19 0 0 0 59 0
16 0 0 0 0 0 0 0 0 0 0 0 0 0 0 0 0 0 0 0 0 0 0 2 0 0 0 0 0 0 0 52 0 0 59 14 0 1 0 74 0
0 0 18 9 0 0 0 0 0 0 0 0 0 0 0 0 0 0 0 0 0 0 10 0 0 0 14 6 0 0 0 19 0 0 47 18 0 0 0 28 5
18 0 0 0 0 0 0 0 0 0 0 0 0 0 0 0 0 0 0 0 0 0 0 3 0 0 0 0 0 0 0 54 0 0 59 14 0 2 0 75 0
5 0 0 0 0 0 0 0 0 0 0 0 0 0 0 0 0 0 0 0 0 0 0 0 0 0 0 0 0 0 0 38 0 0 59 18 0 0 0 55 0
16 0 0 0 0 0 0 0 0 0 0 0 0 0 0 0 0 0 0 0 0 0 0 2 0 0 0 0 0 0 0 53 0 0 59 13 0 1 0 76 0
20 0 0 0 0 0 0 0 0 0 0 0 0 0 0 0 0 0 0 0 0 0 0 3 0 0 0 0 0 0 0 55 0 0 58 13 0 2 0 77 0
18 0 0 0 0 0 0 0 0 0 0 0 0 0 0 0 0 0 0 0 0 0 0 3 0 0 0 0 0 0 0 53 0 0 59 14 0 1 0 75 0
15 0 0 0 0 0 0 0 0 0 0 0 0 0 0 0 0 0 0 0 0 0 0 2 0 0 0 0 0 0 0 52 0 0 59 13 0 1 0 74 0
17 0 0 0 0 0 0 0 0 0 0 0 0 0 0 0 0 0 0 0 0 0 0 2 0 0 0 0 0 0 0 54 0 0 59 13 0 1 0 76 0
17 0 0 0 0 0 0 0 0 0 0 0 0 0 0 0 0 0 0 0 0 0 0 2 0 0 0 0 0 0 0 54 0 0 59 13 0 1 0 77 0
0 0 32 30 0 0 0 0 0 0 0 0 0 0 0 0 0 0 0 0 0 0 30 0 0 0 31 22 0 0 0 0 0 0 26 15 0 0 0 0 18
0 0 22 14 0 0 0 0 0 0 0 0 0 0 0 0 0 0 0 0 0 0 14 0 0 0 19 9 0 0 0 14 0 0 44 19 0 0 0 22 7
12 0 0 0 0 0 0 0 0 0 0 0 0 0 0 0 0 0 0 0 0 0 0 1 0 0 0 0 0 0 0 49 0 0 64 17 0 0 0 71 0
0 0 36 37 0 0 0 0 0 0 0 0 0 0 0 0 0 0 0 0 0 0 38 0 0 0 38 28 0 0 0 0 0 0 20 13 0 0 0 0 22
15 0 0 0 0 0 0 0 0 0 0 0 0 0 0 0 0 0 0 0 0 0 0 2 0 0 0 0 0 0 0 52 0 0 60 14 0 1 0 74 0
9 0 0 0 0 0 0 0 0 0 0 0 0 0 0 0 0 0 0 0 0 0 0 1 0 0 0 0 0 0 0 45 0 0 62 17 0 0 0 64 0
0 0 21 12 0 0 0 0 0 0 0 0 0 0 0 0 0 0 0 0 0 0 12 0 0 0 17 8 0 0 0 19 0 0 49 19 0 0 0 28 7
17 0 0 0 0 0 0 0 0 0 0 0 0 0 0 0 0 0 0 0 0 0 0 2 0 0 0 0 0 0 0 53 0 0 59 13 0 1 0 76 0
16 0 0 0 0 0 0 0 0 0 0 0 0 0 0 0 0 0 0 0 0 0 0 2 0 0 0 0 0 0 0 53 0 0 59 13 0 1 0 76 0
0 0 41 67 0 0 0 0 0 0 0 0 0 0 0 0 0 0 0 0 0 0 70 0 0 0 55 54 1 0 0 0 0 0 0 0 0 0 0 0 40
17 0 0 0 0 0 0 0 0 0 0 0 0 0 0 0 0 0 0 0 0 0 0 2 0 0 0 0 0 0 0 53 0 0 59 13 0 1 0 75 0
1 0 6 0 0 0 0 0 0 0 0 0 0 0 0 0 0 0 0 0 0 0 0 0 0 0 1 0 0 0 0 32 0 0 57 19 0 0 0 47 0
17 0 0 0 0 0 0 0 0 0 0 0 0 0 0 0 0 0 0 0 0 0 0 2 0 0 0 0 0 0 0 54 0 0 61 14 0 1 0 77 0
0 0 32 30 0 0 0 0 0 0 0 0 0 0 0 0 0 0 0 0 0 0 31 0 0 0 32 23 0 0 0 0 0 0 27 15 0 0 0 0 18
0 0 40 59 0 0 0 0 0 0 0 0 0 0 0 0 0 0 0 0 0 0 62 0 0 0 50 47 1 0 0 0 0 0 0 0 0 0 0 0 36
0 0 31 29 0 0 0 0 0 0 0 0 0 0 0 0 0 0 0 0 0 0 30 0 0 0 31 22 0 0 0 0 0 0 21 13 0 0 0 0 18
17 0 0 0 0 0 0 0 0 0 0 0 0 0 0 0 0 0 0 0 0 0 0 2 0 0 0 0 0 0 0 54 0 0 60 13 0 1 0 78 0
0 0 23 14 0 0 0 0 0 0 0 0 0 0 0 0 0 0 0 0 0 0 15 0 0 0 19 10 0 0 0 16 0 0 46 20 0 0 0 23 8
16 0 0 0 0 0 0 0 0 0 0 0 0 0 0 0 0 0 0 0 0 0 0 2 0 0 0 0 0 0 0 54 0 0 60 13 0 1 0 77 0
0 0 41 71 0 0 0 0 0 0 0 0 0 0 0 0 0 0 0 0 1 0 74 0 0 0 57 57 0 0 0 0 0 0 0 0 0 0 0 0 42
0 0 36 38 0 0 0 0 0 0 0 0 0 0 0 0 0 0 0 0 0 0 39 0 0 0 38 29 0 0 0 0 0 0 12 12 0 0 0 0 23
0 0 28 28 0 0 0 0 0 0 0 0 0 0 0 0 0 0 0 0 0 0 28 0 0 0 28 20 0 0 0 0 0 0 19 13 0 0 0 0 17
