0 0 32 14 0 0 0 0 0 0 0 0 0 0 0 0 0 0 0 0 0 0 9 8 0 0 0 16 13 9 0 15 2 0 4 30 0 23 3 7 9
42 0 0 0 0 0 0 0 0 0 0 0 0 0 0 0 0 0 0 0 0 0 0 0 0 0 4 0 0 0 0 52 0 0 71 0 0 0 0 61 0
0 0 38 7 0 0 1 0 0 0 0 0 0 0 0 0 0 0 0 4 0 0 15 10 0 0 0 16 13 11 0 0 5 0 0 25 0 32 9 0 14
0 0 39 7 0 0 1 0 0 0 0 0 0 0 0 0 0 0 0 4 0 0 15 10 0 0 0 15 11 11 0 0 5 1 0 25 0 32 9 0 15
0 0 39 9 0 0 1 0 0 0 0 0 0 0 0 0 0 0 0 3 0 0 15 11 0 0 0 17 13 11 0 0 5 0 0 28 0 31 8 0 14
6 0 25 13 0 0 0 0 0 0 0 0 0 0 0 0 0 0 0 0 0 0 5 6 0 0 0 12 11 6 0 22 1 0 16 27 0 16 1 17 6
42 0 0 0 0 0 0 0 0 0 0 0 0 0 0 0 0 0 0 0 0 0 0 0 0 0 4 0 0 0 0 52 0 0 72 0 0 0 0 61 0
0 0 41 6 0 0 0 0 0 0 0 0 0 0 0 1 0 0 0 5 0 0 16 10 0 0 0 15 11 11 0 0 6 1 0 25 0 34 9 0 16
43 0 0 0 0 0 0 0 0 0 0 0 0 0 0 0 0 0 0 0 0 0 0 0 0 1 4 0 0 0 0 52 0 0 73 0 0 0 0 61 0
0 0 39 7 0 0 1 0 0 0 0 0 0 0 0 0 0 0 0 4 0 0 15 10 0 0 0 16 12 11 0 0 5 0 0 26 0 32 9 0 15
41 0 0 0 0 0 0 0 0 0 0 0 0 0 0 0 0 0 0 0 0 0 0 0 0 0 4 0 0 0 0 52 0 0 70 0 0 0 0 61 0
37 0 0 0 0 0 0 0 0 0 0 0 0 0 0 0 0 0 0 0 0 0 0 0 0 0 4 0 0 0 0 51 0 0 67 0 0 0 0 60 0
0 0 38 11 0 0 0 0 0 0 0 0 0 0 0 0 0 0 0 2 0 0 14 10 0 0 0 18 14 11 0 0 4 0 0 28 0 30 7 0 13
41 0 0 0 0 0 0 0 0 0 0 0 0 0 0 0 0 0 0 0 0 0 0 0 0 0 4 0 0 0 0 53 0 0 72 0 0 0 0 62 0
41 0 0 0 0 0 0 0 0 0 0 0 0 0 0 0 0 0 0 0 0 0 0 0 0 0 4 0 0 0 0 53 0 0 71 0 0 0 0 62 0
0 0 34 7 0 0 1 0 0 0 0 0 0 0 0 0 0 0 0 3 0 0 13 8 0 0 0 13 10 10 0 0 4 0 0 22 0 26 7 0 13
39 0 0 0 0 0 0 0 0 0 0 0 0 0 0 0 0 0 0 0 0 0 0 0 0 0 4 0 0 0 0 51 0 0 70 0 0 0 0 61 0
0 0 32 11 0 0 0 0 0 0 0 0 0 0 0 0 0 0 0 1 0 0 10 8 0 0 0 16 12 9 0 4 3 0 0 28 0 24 4 0 9
0 0 35 8 0 0 0 0 0 0 0 0 0 0 0 0 0 0 0 2 0 0 14 10 0 0 0 16 13 11 0 0 4 0 0 25 0 29 7 0 12
0 0 39 7 0 0 1 0 0 0 0 0 0 0 0 0 0 0 0 4 0 0 16 11 0 0 0 17 13 12 0 0 5 0 0 26 0 33 9 0 15
37 0 0 0 0 0 0 0 0 0 0 0 0 0 0 0 0 0 0 0 0 0 0 0 0 0 3 0 0 0 0 51 0 0 67 0 0 0 0 60 0
43 0 0 0 0 0 0 0 0 0 0 0 0 0 0 0 0 0 0 0 0 0 0 0 0 0 4 0 0 0 0 53 0 0 72 0 0 0 0 62 0
3 0 26 12 0 0 0 0 0 0 0 0 0 0 0 0 0 0 0 0 0 0 7 6 0 0 0 13 11 7 0 20 1 0 11 27 0 17 2 12 6
0 0 40 7 0 0 1 0 0 0 0 0 0 0 0 0 0 0 0 4 0 0 15 10 0 0 0 15 12 11 0 0 5 1 0 25 0 33 9 0 15
7 0 22 11 0 0 0 0 0 0 0 0 0 0 0 0 0 0 0 0 0 0 4 5 0 0 1 10 10 5 0 25 1 0 18 24 0 13 1 18 5
39 0 0 0 0 0 0 0 0 0 0 0 0 0 0 0 0 0 0 0 0 0 0 0 0 0 4 0 0 0 0 52 0 0 70 0 0 0 0 62 0
48 0 0 0 0 0 0 0 0 0 0 0 0 0 0 0 0 0 0 0 0 0 0 0 0 2 4 0 0 0 0 54 0 0 79 0 0 0 0 66 0
0 0 33 13 0 0 0 0 0 0 0 0 0 0 0 0 0 0 0 0 0 0 10 9 0 0 0 16 13 9 0 12 2 0 0 30 0 24 4 0 9
42 0 0 0 0 0 0 0 0 0 0 0 0 0 0 0 0 0 0 0 0 0 0 0 0 0 4 0 0 0 0 52 0 0 72 0 0 0 0 63 0
38 0 0 0 0 0 0 0 0 0 0 0 0 0 0 0 0 0 0 0 0 0 0 0 0 0 4 0 0 0 0 53 0 0 69 0 0 0 0 62 0
0 0 34 13 0 0 0 0 0 0 0 0 0 0 0 0 0 0 0 0 0 0 10 9 0 0 0 16 13 10 0 9 3 0 0 31 0 25 4 0 10
41 0 0 0 0 0 0 0 0 0 0 0 0 0 0 0 0 0 0 0 0 0 0 0 0 0 4 0 0 0 0 52 0 0 71 0 0 0 0 61 0
0 0 36 11 0 0 0 0 0 0 0 0 0 0 0 0 0 0 0 2 0 0 13 9 0 0 0 17 13 11 0 0 4 0 0 29 0 28 6 0 11
39 0 0 0 0 0 0 0 0 0 0 0 0 0 0 0 0 0 0 0 0 0 0 0 0 0 4 0 0 0 0 52 0 0 69 0 0 0 0 62 0
27 0 3 8 0 0 0 0 0 0 0 0 0 0 0 0 0 0 0 0 0 0 0 0 0 0 2 1 2 0 0 46 0 0 52 14 0 0 0 49 0
30 0 0 6 0 0 0 0 0 0 0 0 0 0 0 0 0 0 0 0 0 0 0 0 0 0 3 0 1 0 0 48 0 0 58 9 0 0 0 53 0
44 0 0 0 0 0 0 0 0 0 0 0 0 0 0 0 0 0 0 0 0 0 0 0 0 1 4 0 0 0 0 52 0 0 73 0 0 0 0 62 0
49 0 0 0 0 0 0 0 0 0 0 0 0 0 0 0 0 0 0 0 0 0 0 0 0 2 4 0 0 0 0 55 0 0 81 0 0 0 0 67 0
41 0 0 0 0 0 0 0 0 0 0 0 0 0 0 0 0 0 0 0 0 0 0 0 0 0 4 0 0 0 0 52 0 0 72 0 0 0 0 62 0
0 0 32 13 0 0 0 0 0 0 0 0 0 0 0 0 0 0 0 0 0 0 10 8 0 0 0 16 13 9 0 7 3 0 0 30 0 23 4 0 9
32 0 0 4 0 0 0 0 0 0 0 0 0 0 0 0 0 0 0 0 0 0 0 0 0 0 3 0 0 0 0 49 0 0 60 5 0 0 0 55 0
0 0 35 10 0 0 0 0 0 0 0 0 0 0 0 0 0 0 0 2 0 0 14 10 0 0 0 17 14 11 0 0 4 0 0 27 0 29 7 0 12
23 0 2 6 0 0 0 0 0 0 0 0 0 0 0 0 0 0 0 0 0 0 0 0 0 0 2 0 3 0 0 41 0 0 44 11 0 0 0 40 0
0 0 40 8 0 0 1 0 0 0 0 0 0 0 0 0 0 0 0 4 0 0 15 11 0 0 0 16 13 11 0 0 5 0 0 27 0 33 9 0 15
0 0 33 12 0 0 0 0 0 0 0 0 0 0 0 0 0 0 0 1 0 0 11 9 0 0 0 16 13 10 0 5 3 0 0 29 0 25 5 0 10
39 0 0 0 0 0 0 0 0 0 0 0 0 0 0 0 0 0 0 0 0 0 0 0 0 0 4 0 0 0 0 52 0 0 70 0 0 0 0 62 0
0 0 41 5 0 0 0 0 0 0 0 0 0 0 0 1 0 0 0 5 0 0 16 10 0 0 0 13 10 11 0 0 6 1 0 24 0 33 9 0 17
41 0 0 0 0 0 0 0 0 0 0 0 0 0 0 0 0 0 0 0 0 0 0 0 0 0 4 0 0 0 0 52 0 0 72 0 0 0 0 63 0
40 0 0 0 0 0 0 0 0 0 0 0 0 0 0 0 0 0 0 0 0 0 0 0 0 0 4 0 0 0 0 52 0 0 71 0 0 0 0 62 0
0 0 31 12 0 0 0 0 0 0 0 0 0 0 0 0 0 0 0 0 0 0 9 8 0 0 0 16 12 9 0 11 2 0 0 28 0 23 4 0 9
39 0 0 0 0 0 0 0 0 0 0 0 0 0 0 0 0 0 0 0 0 0 0 0 0 0 4 0 0 0 0 52 0 0 69 0 0 0 0 62 0
0 0 36 8 0 0 1 0 0 0 0 0 0 0 0 0 0 0 0 3 0 0 14 10 0 0 0 15 12 10 0 0 5 0 0 25 0 29 7 0 13
7 0 28 14 0 0 0 0 0 0 0 0 0 0 0 0 0 0 0 0 0 0 6 7 0 0 1 13 12 6 0 26 1 0 18 30 0 17 1 19 7
0 0 34 8 0 0 1 0 0 0 0 0 0 0 0 0 0 0 0 3 0 0 13 9 0 0 0 14 11 10 0 0 4 0 0 24 0 27 7 0 13
38 0 0 0 0 0 0 0 0 0 0 0 0 0 0 0 0 0 0 0 0 0 0 0 0 0 4 0 0 0 0 51 0 0 68 0 0 0 0 60 0
31 0 0 5 0 0 0 0 0 0 0 0 0 0 0 0 0 0 0 0 0 0 0 0 0 0 3 0 0 0 0 50 0 0 59 8 0 0 0 53 0
7 0 21 11 0 0 0 0 0 0 0 0 0 0 0 0 0 0 0 0 0 0 5 5 0 0 1 10 9 5 0 23 1 0 18 24 0 13 1 18 5
19 0 11 10 0 0 0 0 0 0 0 0 0 0 0 0 0 0 0 0 0 0 0 2 0 0 2 4 6 1 0 39 0 0 38 19 0 3 0 35 0
34 0 0 4 0 0 0 0 0 0 0 0 0 0 0 0 0 0 0 0 0 0 0 0 0 0 3 0 0 0 0 51 0 0 63 5 0 0 0 58 0
41 0 0 0 0 0 0 0 0 0 0 0 0 0 0 0 0 0 0 0 0 0 0 0 0 0 4 0 0 0 0 51 0 0 70 0 0 0 0 60 0
43 0 0 0 0 0 0 0 0 0 0 0 0 0 0 0 0 0 0 0 0 0 0 0 0 0 4 0 0 0 0 53 0 0 73 0 0 0 0 62 0
17 0 19 13 0 0 0 0 0 0 0 0 0 0 0 0 0 0 0 0 0 0 2 4 0 0 1 8 9 3 0 37 0 0 36 25 0 8 0 35 3
0 0 37 9 0 0 0 0 0 0 0 0 0 0 0 0 0 0 0 3 0 0 15 10 0 0 0 17 14 12 0 0 5 0 0 27 0 31 8 0 13
41 0 0 0 0 0 0 0 0 0 0 0 0 0 0 0 0 0 0 0 0 0 0 0 0 0 4 0 0 0 0 52 0 0 71 0 0 0 0 61 0
40 0 0 0 0 0 0 0 0 0 0 0 0 0 0 0 0 0 0 0 0 0 0 0 0 0 4 0 0 0 0 51 0 0 70 0 0 0 0 61 0
42 0 0 0 0 0 0 0 0 0 0 0 0 0 0 0 0 0 0 0 0 0 0 0 0 0 4 0 0 0 0 52 0 0 72 0 0 0 0 61 0
0 0 36 8 0 0 0 0 0 0 0 0 0 0 0 0 0 0 0 3 0 0 14 10 0 0 0 16 13 11 0 0 5 0 0 25 0 30 7 0 13
0 0 34 13 0 0 0 0 0 0 0 0 0 0 0 0 0 0 0 0 0 0 11 9 0 0 0 17 14 10 0 12 3 0 0 31 0 25 4 0 10
14 0 25 16 0 0 0 0 0 0 0 0 0 0 0 0 0 0 0 0 0 0 4 6 0 0 1 11 11 5 0 35 1 0 33 31 0 14 0 33 5
0 0 41 7 0 0 1 0 0 0 0 0 0 0 0 0 0 0 0 4 0 0 16 10 0 0 0 16 12 12 0 0 6 1 0 26 0 34 9 0 16
0 0 33 10 0 0 0 0 0 0 0 0 0 0 0 0 0 0 0 1 0 0 12 9 0 0 0 16 13 10 0 0 3 0 0 27 0 26 5 0 11
28 0 0 6 0 0 0 0 0 0 0 0 0 0 0 0 0 0 0 0 0 0 0 0 0 0 2 0 1 0 0 46 0 0 55 10 0 0 0 50 0
42 0 0 0 0 0 0 0 0 0 0 0 0 0 0 0 0 0 0 0 0 0 0 0 0 0 4 0 0 0 0 52 0 0 72 0 0 0 0 62 0
0 0 40 6 0 0 0 0 0 0 0 0 0 0 0 1 0 0 0 4 0 0 15 10 0 0 0 14 10 11 0 0 5 1 0 24 0 32 9 0 16
0 0 39 9 0 0 1 0 0 0 0 0 0 0 0 0 0 0 0 3 0 0 15 10 0 0 0 16 13 11 0 0 5 0 0 26 0 31 8 0 15
42 0 0 0 0 0 0 0 0 0 0 0 0 0 0 0 0 0 0 0 0 0 0 0 0 1 4 0 0 0 0 52 0 0 71 0 0 0 0 60 0
39 0 0 0 0 0 0 0 0 0 0 0 0 0 0 0 0 0 0 0 0 0 0 0 0 0 4 0 0 0 0 52 0 0 70 0 0 0 0 61 0
0 0 35 10 0 0 0 0 0 0 0 0 0 0 0 0 0 0 0 2 0 0 14 10 0 0 0 17 13 11 0 0 4 0 0 27 0 29 7 0 12
11 0 23 13 0 0 0 0 0 0 0 0 0 0 0 0 0 0 0 0 0 0 4 5 0 0 1 11 10 5 0 31 1 0 27 27 0 13 0 27 5
0 0 38 7 0 0 0 0 0 0 0 0 0 0 0 0 0 0 0 4 0 0 15 10 0 0 0 14 11 10 0 0 5 0 0 24 0 31 8 0 14
0 0 36 2 0 0 0 0 0 0 0 0 0 0 0 1 0 0 0 5 0 0 15 8 0 0 0 11 7 9 0 0 5 2 0 19 0 31 9 0 16
41 0 0 0 0 0 0 0 0 0 0 0 0 0 0 0 0 0 0 0 0 0 0 0 0 0 4 0 0 0 0 52 0 0 70 0 0 0 0 60 0
0 0 40 7 0 0 0 0 0 0 0 0 0 0 0 0 0 0 0 4 0 0 15 10 0 0 0 15 12 11 0 0 5 0 0 25 0 32 9 0 15
0 0 33 13 0 0 0 0 0 0 0 0 0 0 0 0 0 0 0 0 0 0 10 8 0 0 0 16 13 10 0 10 3 0 0 30 0 24 4 0 9
46 0 0 0 0 0 0 0 0 0 0 0 0 0 0 0 0 0 0 0 0 0 0 0 0 1 4 0 0 0 0 54 0 0 77 0 0 0 0 64 0
40 0 0 0 0 0 0 0 0 0 0 0 0 0 0 0 0 0 0 0 0 0 0 0 0 0 4 0 0 0 0 51 0 0 69 0 0 0 0 61 0
0 0 34 8 0 0 0 0 0 0 0 0 0 0 0 0 0 0 0 2 0 0 14 9 0 0 0 16 12 11 0 0 4 0 0 24 0 28 7 0 12
29 0 0 7 0 0 0 0 0 0 0 0 0 0 0 0 0 0 0 0 0 0 0 0 0 0 2 0 1 0 0 47 0 0 55 11 0 0 0 51 0
45 0 0 0 0 0 0 0 0 0 0 0 0 0 0 0 0 0 0 0 0 0 0 0 0 1 4 0 0 0 0 53 0 0 75 0 0 0 0 63 0
40 0 0 0 0 0 0 0 0 0 0 0 0 0 0 0 0 0 0 0 0 0 0 0 0 0 4 0 0 0 0 52 0 0 70 0 0 0 0 62 0
0 0 35 9 0 0 0 0 0 0 0 0 0 0 0 0 0 0 0 2 0 0 14 9 0 0 0 16 13 11 0 0 4 0 0 25 0 29 7 0 12
0 0 35 12 0 0 0 0 0 0 0 0 0 0 0 0 0 0 0 1 0 0 12 9 0 0 0 17 14 10 0 0 3 0 0 30 0 27 5 0 11
0 0 37 8 0 0 1 0 0 0 0 0 0 0 0 0 0 0 0 3 0 0 14 10 0 0 0 15 12 11 0 0 5 0 0 25 0 30 8 0 14
44 0 0 0 0 0 0 0 0 0 0 0 0 0 0 0 0 0 0 0 0 0 0 0 0 1 4 0 0 0 0 53 0 0 74 0 0 0 0 62 0
42 0 0 0 0 0 0 0 0 0 0 0 0 0 0 0 0 0 0 0 0 0 0 0 0 0 4 0 0 0 0 52 0 0 72 0 0 0 0 62 0
41 0 0 0 0 0 0 0 0 0 0 0 0 0 0 0 0 0 0 0 0 0 0 0 0 0 4 0 0 0 0 52 0 0 70 0 0 0 0 61 0
0 0 36 9 0 0 0 0 0 0 0 0 0 0 0 0 0 0 0 3 0 0 14 9 0 0 0 16 12 11 0 0 4 0 0 26 0 28 7 0 13
0 0 36 9 0 0 0 0 0 0 0 0 0 0 0 0 0 0 0 2 0 0 14 10 0 0 0 17 13 11 0 0 4 0 0 27 0 30 7 0 12
0 0 34 5 0 0 0 0 0 0 0 0 0 0 0 0 0 0 0 4 0 0 13 8 0 0 0 12 8 9 0 0 4 1 0 21 0 27 7 0 13
50 0 0 0 0 0 0 0 0 0 0 0 0 0 0 0 0 0 0 0 0 0 0 0 0 3 4 0 0 0 0 56 0 0 84 0 0 0 0 69 0
19 0 12 10 0 0 0 0 0 0 0 0 0 0 0 0 0 0 0 0 0 0 0 3 0 0 2 5 6 2 0 39 0 0 37 20 0 4 0 35 1
0 0 35 8 0 0 0 0 0 0 0 0 0 0 0 0 0 0 0 3 0 0 14 10 0 0 0 16 12 11 0 0 5 0 0 25 0 29 7 0 13
41 0 0 0 0 0 0 0 0 0 0 0 0 0 0 0 0 0 0 0 0 0 0 0 0 0 4 0 0 0 0 51 0 0 71 0 0 0 0 61 0
0 0 37 8 0 0 1 0 0 0 0 0 0 0 0 0 0 0 0 3 0 0 14 10 0 0 0 16 12 11 0 0 5 0 0 25 0 30 8 0 14
42 0 0 0 0 0 0 0 0 0 0 0 0 0 0 0 0 0 0 0 0 0 0 0 0 0 4 0 0 0 0 52 0 0 72 0 0 0 0 62 0
27 0 3 8 0 0 0 0 0 0 0 0 0 0 0 0 0 0 0 0 0 0 0 0 0 0 3 1 3 0 0 46 0 0 53 15 0 0 0 48 0
0 0 28 12 0 0 0 0 0 0 0 0 0 0 0 0 0 0 0 0 0 0 8 7 0 0 0 14 11 8 0 10 2 0 1 27 0 21 3 3 8
40 0 0 0 0 0 0 0 0 0 0 0 0 0 0 0 0 0 0 0 0 0 0 0 0 0 4 0 0 0 0 53 0 0 71 0 0 0 0 62 0
0 0 35 8 0 0 1 0 0 0 0 0 0 0 0 0 0 0 0 3 0 0 13 9 0 0 0 14 11 10 0 0 4 0 0 24 0 27 7 0 13
0 0 34 10 0 0 0 0 0 0 0 0 0 0 0 0 0 0 0 1 0 0 12 9 0 0 0 16 13 11 0 0 4 0 0 27 0 27 6 0 11
0 0 36 9 0 0 0 0 0 0 0 0 0 0 0 0 0 0 0 3 0 0 14 10 0 0 0 17 13 11 0 0 5 0 0 26 0 30 7 0 13
39 0 0 0 0 0 0 0 0 0 0 0 0 0 0 0 0 0 0 0 0 0 0 0 0 0 4 0 0 0 0 53 0 0 70 0 0 0 0 62 0
43 0 0 0 0 0 0 0 0 0 0 0 0 0 0 0 0 0 0 0 0 0 0 0 0 0 4 0 0 0 0 53 0 0 73 0 0 0 0 62 0
40 0 0 0 0 0 0 0 0 0 0 0 0 0 0 0 0 0 0 0 0 0 0 0 0 0 4 0 0 0 0 51 0 0 70 0 0 0 0 61 0
6 0 29 15 0 0 0 0 0 0 0 0 0 0 0 0 0 0 0 0 0 0 6 7 0 0 0 14 12 7 0 25 1 0 18 31 0 19 2 19 7
0 0 34 10 0 0 0 0 0 0 0 0 0 0 0 0 0 0 0 2 0 0 13 9 0 0 0 16 13 10 0 0 4 0 0 27 0 27 6 0 11
0 0 37 5 0 0 0 0 0 0 0 0 0 0 0 1 0 0 0 4 0 0 15 9 0 0 0 13 9 10 0 0 5 1 0 21 0 30 8 0 15
36 0 0 2 0 0 0 0 0 0 0 0 0 0 0 0 0 0 0 0 0 0 0 0 0 0 3 0 0 0 0 53 0 0 67 0 0 0 0 60 0
0 0 39 4 0 0 0 0 0 0 0 0 0 0 0 1 0 0 0 5 0 0 15 9 0 0 0 12 8 10 0 0 5 2 0 22 0 31 9 0 16
0 0 36 11 0 0 0 0 0 0 0 0 0 0 0 0 0 0 0 2 0 0 13 9 0 0 0 17 14 11 0 0 4 0 0 28 0 28 6 0 12
41 0 0 0 0 0 0 0 0 0 0 0 0 0 0 0 0 0 0 0 0 0 0 0 0 0 4 0 0 0 0 52 0 0 72 0 0 0 0 63 0
39 0 0 0 0 0 0 0 0 0 0 0 0 0 0 0 0 0 0 0 0 0 0 0 0 0 4 0 0 0 0 52 0 0 70 0 0 0 0 62 0
0 0 37 6 0 0 0 0 0 0 0 0 0 0 0 0 0 0 0 4 0 0 15 9 0 0 0 14 10 10 0 0 5 1 0 23 0 30 8 0 15
39 0 0 0 0 0 0 0 0 0 0 0 0 0 0 0 0 0 0 0 0 0 0 0 0 0 4 0 0 0 0 52 0 0 69 0 0 0 0 61 0
0 0 33 15 0 0 0 0 0 0 0 0 0 0 0 0 0 0 0 0 0 0 9 9 0 0 0 16 13 9 0 15 2 0 4 32 0 22 3 6 10
44 0 0 0 0 0 0 0 0 0 0 0 0 0 0 0 0 0 0 0 0 0 0 0 0 1 4 0 0 0 0 54 0 0 75 0 0 0 0 63 0
43 0 0 0 0 0 0 0 0 0 0 0 0 0 0 0 0 0 0 0 0 0 0 0 0 0 4 0 0 0 0 53 0 0 73 0 0 0 0 62 0
41 0 0 0 0 0 0 0 0 0 0 0 0 0 0 0 0 0 0 0 0 0 0 0 0 0 4 0 0 0 0 51 0 0 70 0 0 0 0 60 0
51 0 0 0 0 0 0 0 0 0 0 0 0 0 0 0 0 0 0 0 0 0 0 0 0 2 4 0 0 0 0 57 0 0 83 0 0 0 0 69 0
40 0 0 0 0 0 0 0 0 0 0 0 0 0 0 0 0 0 0 0 0 0 0 0 0 0 4 0 0 0 0 53 0 0 71 0 0 0 0 62 0
41 0 0 0 0 0 0 0 0 0 0 0 0 0 0 0 0 0 0 0 0 0 0 0 0 0 4 0 0 0 0 52 0 0 71 0 0 0 0 61 0
0 0 35 8 0 0 0 0 0 0 0 0 0 0 0 0 0 0 0 3 0 0 14 9 0 0 0 15 12 10 0 0 4 0 0 24 0 28 7 0 13
0 0 41 6 0 0 0 0 0 0 0 0 0 0 0 1 0 0 0 5 0 0 16 10 0 0 0 14 10 11 0 0 5 1 0 25 0 33 9 0 16
0 0 39 5 0 0 0 0 0 0 0 0 0 0 0 1 0 0 0 5 0 0 15 9 0 0 0 13 9 10 0 0 5 2 0 22 0 31 9 0 16
0 0 41 5 0 0 0 0 0 0 0 0 0 0 0 2 0 0 0 5 0 0 16 10 0 0 0 13 9 10 0 0 5 2 0 23 0 33 9 0 17
34 0 0 1 0 0 0 0 0 0 0 0 0 0 0 0 0 0 0 0 0 0 0 0 0 0 3 0 0 0 0 49 0 0 63 0 0 0 0 56 0
38 0 0 0 0 0 0 0 0 0 0 0 0 0 0 0 0 0 0 0 0 0 0 0 0 0 4 0 0 0 0 51 0 0 67 0 0 0 0 60 0
45 0 0 0 0 0 0 0 0 0 0 0 0 0 0 0 0 0 0 0 0 0 0 0 0 1 4 0 0 0 0 53 0 0 75 0 0 0 0 63 0
10 0 22 13 0 0 0 0 0 0 0 0 0 0 0 0 0 0 0 0 0 0 4 5 0 0 1 10 10 5 0 26 1 0 24 26 0 13 1 24 5
0 0 37 7 0 0 1 0 0 0 0 0 0 0 0 0 0 0 0 3 0 0 15 10 0 0 0 16 12 11 0 0 5 0 0 25 0 31 8 0 14
8 0 23 12 0 0 0 0 0 0 0 0 0 0 0 0 0 0 0 0 0 0 5 6 0 0 0 11 10 6 0 25 1 0 19 26 0 14 1 20 6
25 0 8 9 0 0 0 0 0 0 0 0 0 0 0 0 0 0 0 0 0 0 0 1 0 0 2 4 5 1 0 44 0 0 49 18 0 1 0 45 0
39 0 0 0 0 0 0 0 0 0 0 0 0 0 0 0 0 0 0 0 0 0 0 0 0 0 4 0 0 0 0 52 0 0 69 0 0 0 0 62 0
0 0 36 8 0 0 1 0 0 0 0 0 0 0 0 0 0 0 0 3 0 0 14 10 0 0 0 16 13 11 0 0 5 0 0 25 0 29 7 0 13
24 0 7 9 0 0 0 0 0 0 0 0 0 0 0 0 0 0 0 0 0 0 0 1 0 0 2 3 5 0 0 42 0 0 46 17 0 0 0 42 0
40 0 0 0 0 0 0 0 0 0 0 0 0 0 0 0 0 0 0 0 0 0 0 0 0 0 4 0 0 0 0 51 0 0 69 0 0 0 0 60 0
0 0 37 8 0 0 0 0 0 0 0 0 0 0 0 0 0 0 0 3 0 0 15 10 0 0 0 17 13 11 0 0 5 0 0 26 0 31 8 0 13
0 0 32 8 0 0 0 0 0 0 0 0 0 0 0 0 0 0 0 2 0 0 13 9 0 0 0 16 12 10 0 0 4 0 0 24 0 27 6 0 11
13 0 19 12 0 0 0 0 0 0 0 0 0 0 0 0 0 0 0 0 0 0 3 4 0 0 1 9 8 4 0 30 0 0 31 23 0 10 0 30 4
17 0 17 13 0 0 0 0 0 0 0 0 0 0 0 0 0 0 0 0 0 0 1 4 0 0 1 7 8 3 0 37 0 0 37 24 0 7 0 36 2
0 0 39 3 0 0 0 0 0 0 0 0 0 0 0 1 0 0 0 5 0 0 16 8 0 0 0 11 7 10 0 0 5 2 0 20 0 32 9 0 17
37 0 0 0 0 0 0 0 0 0 0 0 0 0 0 0 0 0 0 0 0 0 0 0 0 0 3 0 0 0 0 52 0 0 69 0 0 0 0 61 0
38 0 0 3 0 0 0 0 0 0 0 0 0 0 0 0 0 0 0 0 0 0 0 0 0 0 3 0 0 0 0 54 0 0 69 0 0 0 0 63 0
0 0 34 14 0 0 0 0 0 0 0 0 0 0 0 0 0 0 0 0 0 0 10 9 0 0 0 17 14 10 0 9 3 0 0 31 0 24 4 0 10
45 0 0 0 0 0 0 0 0 0 0 0 0 0 0 0 0 0 0 0 0 0 0 0 0 1 4 0 0 0 0 53 0 0 75 0 0 0 0 63 0
0 0 33 13 0 0 0 0 0 0 0 0 0 0 0 0 0 0 0 0 0 0 10 8 0 0 0 16 13 9 0 10 3 0 0 30 0 24 4 0 10
15 0 18 12 0 0 0 0 0 0 0 0 0 0 0 0 0 0 0 0 0 0 2 4 0 0 1 8 8 3 0 34 0 0 32 24 0 9 0 31 3
10 0 20 12 0 0 0 0 0 0 0 0 0 0 0 0 0 0 0 0 0 0 4 5 0 0 1 10 9 5 0 27 1 0 25 25 0 12 0 24 4
15 0 19 13 0 0 0 0 0 0 0 0 0 0 0 0 0 0 0 0 0 0 2 5 0 0 1 8 8 3 0 34 0 0 33 24 0 10 0 32 3
0 0 32 13 0 0 0 0 0 0 0 0 0 0 0 0 0 0 0 0 0 0 9 8 0 0 0 15 13 9 0 15 2 0 1 30 0 23 3 3 9
0 0 33 15 0 0 0 0 0 0 0 0 0 0 0 0 0 0 0 0 0 0 9 8 0 0 0 16 12 9 0 8 3 0 1 30 0 22 4 4 10
0 0 34 9 0 0 0 0 0 0 0 0 0 0 0 0 0 0 0 2 0 0 13 9 0 0 0 16 13 11 0 0 4 0 0 26 0 27 6 0 11
37 0 0 0 0 0 0 0 0 0 0 0 0 0 0 0 0 0 0 0 0 0 0 0 0 0 4 0 0 0 0 51 0 0 67 0 0 0 0 60 0
11 0 21 12 0 0 0 0 0 0 0 0 0 0 0 0 0 0 0 0 0 0 4 5 0 0 1 10 9 5 0 30 0 0 25 25 0 12 0 25 4
0 0 38 10 0 0 0 0 0 0 0 0 0 0 0 0 0 0 0 3 0 0 15 11 0 0 0 18 15 12 0 0 5 0 0 28 0 32 8 0 13
46 0 0 0 0 0 0 0 0 0 0 0 0 0 0 0 0 0 0 0 0 0 0 0 0 1 4 0 0 0 0 54 0 0 77 0 0 0 0 64 0
14 0 20 13 0 0 0 0 0 0 0 0 0 0 0 0 0 0 0 0 0 0 3 5 0 0 1 10 9 4 0 33 0 0 32 25 0 11 0 31 4
0 0 37 9 0 0 1 0 0 0 0 0 0 0 0 0 0 0 0 3 0 0 14 10 0 0 0 16 13 11 0 0 5 0 0 27 0 29 7 0 13
0 0 40 4 0 0 0 0 0 0 0 0 0 0 0 1 0 0 0 5 0 0 16 9 0 0 0 13 9 10 0 0 5 2 0 22 0 33 9 0 17
0 0 31 12 0 0 0 0 0 0 0 0 0 0 0 0 0 0 0 0 0 0 10 8 0 0 0 15 12 9 0 7 3 0 0 28 0 23 4 0 9
42 0 0 0 0 0 0 0 0 0 0 0 0 0 0 0 0 0 0 0 0 0 0 0 0 0 4 0 0 0 0 53 0 0 73 0 0 0 0 62 0
36 0 0 2 0 0 0 0 0 0 0 0 0 0 0 0 0 0 0 0 0 0 0 0 0 0 4 0 0 0 0 51 0 0 66 0 0 0 0 59 0
26 0 2 8 0 0 0 0 0 0 0 0 0 0 0 0 0 0 0 0 0 0 0 0 0 0 2 1 2 0 0 44 0 0 51 12 0 0 0 48 0
0 0 29 13 0 0 0 0 0 0 0 0 0 0 0 0 0 0 0 0 0 0 8 7 0 0 0 14 12 8 0 16 2 0 9 29 0 20 3 10 8
40 0 0 0 0 0 0 0 0 0 0 0 0 0 0 0 0 0 0 0 0 0 0 0 0 0 4 0 0 0 0 53 0 0 72 0 0 0 0 63 0
0 0 42 0 1 0 0 0 0 0 0 0 0 0 0 3 1 0 1 7 0 0 19 8 1 1 0 10 5 11 0 0 6 4 0 17 0 36 11 0 20
0 0 32 12 0 0 0 0 0 0 0 0 0 0 0 0 0 0 0 1 0 0 10 8 0 0 0 15 13 9 0 9 3 0 0 29 0 23 4 0 9
41 0 0 0 0 0 0 0 0 0 0 0 0 0 0 0 0 0 0 0 0 0 0 0 0 0 4 0 0 0 0 52 0 0 72 0 0 0 0 62 0
30 0 0 6 0 0 0 0 0 0 0 0 0 0 0 0 0 0 0 0 0 0 0 0 0 0 2 0 0 0 0 48 0 0 56 8 0 0 0 52 0
43 0 0 0 0 0 0 0 0 0 0 0 0 0 0 0 0 0 0 0 0 0 0 0 0 0 4 0 0 0 0 53 0 0 72 0 0 0 0 61 0
0 0 37 5 0 0 0 0 0 0 0 0 0 0 0 0 0 0 0 4 0 0 15 9 0 0 0 13 10 10 0 0 5 1 0 23 0 30 8 0 15
34 0 0 4 0 0 0 0 0 0 0 0 0 0 0 0 0 0 0 0 0 0 0 0 0 0 3 0 0 0 0 50 0 0 64 3 0 0 0 59 0
45 0 0 0 0 0 0 0 0 0 0 0 0 0 0 0 0 0 0 0 0 0 0 0 0 1 4 0 0 0 0 54 0 0 76 0 0 0 0 64 0
0 0 35 13 0 0 0 0 0 0 0 0 0 0 0 0 0 0 0 1 0 0 11 9 0 0 0 17 14 10 0 5 3 0 0 30 0 26 5 0 11
0 0 32 12 0 0 0 0 0 0 0 0 0 0 0 0 0 0 0 1 0 0 10 8 0 0 0 16 13 9 0 5 3 0 0 28 0 24 4 0 10
0 0 37 7 0 0 1 0 0 0 0 0 0 0 0 0 0 0 0 4 0 0 14 10 0 0 0 15 11 11 0 0 5 0 0 24 0 30 8 0 14
35 0 0 1 0 0 0 0 0 0 0 0 0 0 0 0 0 0 0 0 0 0 0 0 0 0 3 0 0 0 0 49 0 0 63 0 0 0 0 56 0
10 0 21 12 0 0 0 0 0 0 0 0 0 0 0 0 0 0 0 0 0 0 4 5 0 0 1 10 10 5 0 27 0 0 23 25 0 13 0 23 5
0 0 34 9 0 0 0 0 0 0 0 0 0 0 0 0 0 0 0 2 0 0 14 10 0 0 0 16 13 11 0 0 4 0 0 25 0 28 7 0 12
0 0 33 9 0 0 0 0 0 0 0 0 0 0 0 0 0 0 0 2 0 0 13 9 0 0 0 16 13 11 0 0 4 0 0 26 0 28 6 0 11
40 0 0 0 0 0 0 0 0 0 0 0 0 0 0 0 0 0 0 0 0 0 0 0 0 0 4 0 0 0 0 52 0 0 69 0 0 0 0 61 0
15 0 13 10 0 0 0 0 0 0 0 0 0 0 0 0 0 0 0 0 0 0 1 3 0 0 1 6 7 3 0 32 0 0 32 20 0 6 0 30 2
0 0 36 5 0 0 0 0 0 0 0 0 0 0 0 0 0 0 0 4 0 0 15 9 0 0 0 13 9 10 0 0 5 1 0 22 0 29 8 0 15
0 0 39 5 0 0 0 0 0 0 0 0 0 0 0 0 0 0 0 4 0 0 15 9 0 0 0 14 10 10 0 0 5 1 0 23 0 32 9 0 15
41 0 0 0 0 0 0 0 0 0 0 0 0 0 0 0 0 0 0 0 0 0 0 0 0 0 4 0 0 0 0 52 0 0 71 0 0 0 0 61 0
33 0 0 4 0 0 0 0 0 0 0 0 0 0 0 0 0 0 0 0 0 0 0 0 0 0 3 0 0 0 0 50 0 0 62 4 0 0 0 56 0
27 0 1 7 0 0 0 0 0 0 0 0 0 0 0 0 0 0 0 0 0 0 0 0 0 0 2 0 2 0 0 46 0 0 53 13 0 0 0 48 0
12 0 23 13 0 0 0 0 0 0 0 0 0 0 0 0 0 0 0 0 0 0 4 5 0 0 1 11 10 5 0 31 1 0 28 27 0 13 0 28 5
0 0 37 6 0 0 0 0 0 0 0 0 0 0 0 0 0 0 0 4 0 0 15 9 0 0 0 15 11 10 0 0 5 0 0 23 0 30 8 0 14
0 0 34 14 0 0 0 0 0 0 0 0 0 0 0 0 0 0 0 0 0 0 10 9 0 0 0 16 13 10 0 9 3 0 0 30 0 25 4 0 10
0 0 39 6 0 0 0 0 0 0 0 0 0 0 0 1 0 0 0 4 0 0 15 9 0 0 0 13 10 10 0 0 5 1 0 23 0 31 8 0 15
0 0 35 8 0 0 0 0 0 0 0 0 0 0 0 0 0 0 0 3 0 0 14 9 0 0 0 16 13 11 0 0 5 0 0 25 0 29 7 0 12
41 0 0 0 0 0 0 0 0 0 0 0 0 0 0 0 0 0 0 0 0 0 0 0 0 0 4 0 0 0 0 52 0 0 70 0 0 0 0 60 0
40 0 0 0 0 0 0 0 0 0 0 0 0 0 0 0 0 0 0 0 0 0 0 0 0 0 4 0 0 0 0 51 0 0 70 0 0 0 0 61 0
0 0 38 7 0 0 0 0 0 0 0 0 0 0 0 0 0 0 0 4 0 0 14 9 0 0 0 14 10 10 0 0 5 1 0 24 0 30 8 0 15
0 0 37 6 0 0 0 0 0 0 0 0 0 0 0 0 0 0 0 4 0 0 15 10 0 0 0 15 12 11 0 0 5 0 0 24 0 31 8 0 14
26 0 0 6 0 0 0 0 0 0 0 0 0 0 0 0 0 0 0 0 0 0 0 0 0 0 3 0 2 0 0 43 0 0 50 10 0 0 0 45 0
32 0 0 4 0 0 0 0 0 0 0 0 0 0 0 0 0 0 0 0 0 0 0 0 0 0 3 0 0 0 0 49 0 0 60 5 0 0 0 55 0
37 0 0 0 0 0 0 0 0 0 0 0 0 0 0 0 0 0 0 0 0 0 0 0 0 0 3 0 0 0 0 51 0 0 67 0 0 0 0 59 0
38 0 0 0 0 0 0 0 0 0 0 0 0 0 0 0 0 0 0 0 0 0 0 0 0 0 4 0 0 0 0 53 0 0 69 0 0 0 0 61 0
0 0 33 13 0 0 0 0 0 0 0 0 0 0 0 0 0 0 0 1 0 0 11 9 0 0 0 16 13 10 0 5 3 0 0 29 0 25 4 0 10
30 0 0 8 0 0 0 0 0 0 0 0 0 0 0 0 0 0 0 0 0 0 0 0 0 0 2 0 1 0 0 49 0 0 58 12 0 0 0 54 0
0 0 35 9 0 0 0 0 0 0 0 0 0 0 0 0 0 0 0 3 0 0 14 10 0 0 0 16 13 11 0 0 4 0 0 25 0 29 7 0 12
43 0 0 0 0 0 0 0 0 0 0 0 0 0 0 0 0 0 0 0 0 0 0 0 0 0 4 0 0 0 0 53 0 0 73 0 0 0 0 62 0
41 0 0 0 0 0 0 0 0 0 0 0 0 0 0 0 0 0 0 0 0 0 0 0 0 0 4 0 0 0 0 52 0 0 71 0 0 0 0 62 0
43 0 0 0 0 0 0 0 0 0 0 0 0 0 0 0 0 0 0 0 0 0 0 0 0 0 4 0 0 0 0 53 0 0 73 0 0 0 0 62 0
0 0 33 13 0 0 0 0 0 0 0 0 0 0 0 0 0 0 0 1 0 0 10 9 0 0 0 16 13 9 0 8 3 0 0 30 0 24 4 0 10
0 0 37 9 0 0 0 0 0 0 0 0 0 0 0 0 0 0 0 3 0 0 15 10 0 0 0 17 14 11 0 0 5 0 0 26 0 31 8 0 13
43 0 0 0 0 0 0 0 0 0 0 0 0 0 0 0 0 0 0 0 0 0 0 0 0 0 4 0 0 0 0 53 0 0 72 0 0 0 0 62 0
4 0 27 13 0 0 0 0 0 0 0 0 0 0 0 0 0 0 0 0 0 0 6 6 0 0 0 13 11 7 0 21 1 0 14 28 0 18 2 15 7
41 0 0 0 0 0 0 0 0 0 0 0 0 0 0 0 0 0 0 0 0 0 0 0 0 0 4 0 0 0 0 52 0 0 71 0 0 0 0 62 0
19 0 14 11 0 0 0 0 0 0 0 0 0 0 0 0 0 0 0 0 0 0 0 3 0 0 2 6 7 2 0 39 0 0 40 22 0 5 0 37 1
0 0 41 4 0 0 0 0 0 0 0 0 0 0 0 2 0 0 0 5 0 0 17 9 0 0 0 12 8 10 0 0 6 2 0 22 0 33 10 0 18
46 0 0 0 0 0 0 0 0 0 0 0 0 0 0 0 0 0 0 0 0 0 0 0 0 1 4 0 0 0 0 54 0 0 76 0 0 0 0 64 0
47 0 0 0 0 0 0 0 0 0 0 0 0 0 0 0 0 0 0 0 0 0 0 0 0 2 4 0 0 0 0 54 0 0 78 0 0 0 0 65 0
0 0 40 6 0 0 0 0 0 0 0 0 0 0 0 1 0 0 0 4 0 0 15 10 0 0 0 15 10 11 0 0 5 1 0 24 0 33 9 0 16
18 0 18 13 0 0 0 0 0 0 0 0 0 0 0 0 0 0 0 0 0 0 1 4 0 0 2 8 9 3 0 38 0 0 37 26 0 8 0 35 3
8 0 25 13 0 0 0 0 0 0 0 0 0 0 0 0 0 0 0 0 0 0 5 6 0 0 0 12 10 6 0 26 1 0 18 27 0 16 1 19 6
28 0 0 6 0 0 0 0 0 0 0 0 0 0 0 0 0 0 0 0 0 0 0 0 0 0 2 0 1 0 0 46 0 0 53 10 0 0 0 48 0
43 0 0 0 0 0 0 0 0 0 0 0 0 0 0 0 0 0 0 0 0 0 0 0 0 0 4 0 0 0 0 54 0 0 73 0 0 0 0 63 0
0 0 40 6 0 0 0 0 0 0 0 0 0 0 0 1 0 0 0 5 0 0 16 10 0 0 0 14 10 11 0 0 5 1 0 24 0 32 9 0 16
42 0 0 0 0 0 0 0 0 0 0 0 0 0 0 0 0 0 0 0 0 0 0 0 0 0 4 0 0 0 0 51 0 0 71 0 0 0 0 61 0
12 0 21 13 0 0 0 0 0 0 0 0 0 0 0 0 0 0 0 0 0 0 3 5 0 0 0 10 9 5 0 31 0 0 27 26 0 12 0 26 4
0 0 40 8 0 0 1 0 0 0 0 0 0 0 0 0 0 0 0 4 0 0 15 11 0 0 0 16 13 11 0 0 5 0 0 27 0 32 8 0 15
0 0 39 6 0 0 0 0 0 0 0 0 0 0 0 0 0 0 0 4 0 0 15 10 0 0 0 15 11 11 0 0 5 1 0 24 0 32 9 0 15
40 0 0 0 0 0 0 0 0 0 0 0 0 0 0 0 0 0 0 0 0 0 0 0 0 0 4 0 0 0 0 51 0 0 70 0 0 0 0 61 0
0 0 38 12 0 0 0 0 0 0 0 0 0 0 0 0 0 0 0 1 0 0 13 10 0 0 0 19 14 12 0 0 4 0 0 30 0 30 6 0 12
0 0 35 7 0 0 0 0 0 0 0 0 0 0 0 0 0 0 0 3 0 0 14 9 0 0 0 15 12 11 0 0 5 0 0 24 0 29 7 0 13
15 0 16 11 0 0 0 0 0 0 0 0 0 0 0 0 0 0 0 0 0 0 1 3 0 0 1 7 7 3 0 33 0 0 32 21 0 8 0 30 2
0 0 33 10 0 0 0 0 0 0 0 0 0 0 0 0 0 0 0 1 0 0 12 9 0 0 0 16 13 10 0 0 3 0 0 27 0 26 5 0 11
33 0 0 4 0 0 0 0 0 0 0 0 0 0 0 0 0 0 0 0 0 0 0 0 0 0 3 0 0 0 0 50 0 0 63 4 0 0 0 57 0
26 0 4 8 0 0 0 0 0 0 0 0 0 0 0 0 0 0 0 0 0 0 0 0 0 0 2 2 4 0 0 44 0 0 49 14 0 0 0 46 0
0 0 32 13 0 0 0 0 0 0 0 0 0 0 0 0 0 0 0 0 0 0 9 8 0 0 0 15 12 9 0 8 2 0 0 29 0 23 4 0 10
0 0 38 9 0 0 1 0 0 0 0 0 0 0 0 0 0 0 0 3 0 0 15 10 0 0 0 16 13 11 0 0 5 0 0 27 0 31 8 0 14
0 0 40 4 0 0 0 0 0 0 0 0 0 0 0 1 0 0 0 5 0 0 16 9 0 0 0 12 8 10 0 0 5 2 0 22 0 32 9 0 17
48 0 0 0 0 0 0 0 0 0 0 0 0 0 0 0 0 0 0 0 0 0 0 0 0 2 4 0 0 0 0 55 0 0 79 0 0 0 0 66 0
0 0 37 6 0 0 0 0 0 0 0 0 0 0 0 0 0 0 0 4 0 0 15 9 0 0 0 14 11 10 0 0 5 1 0 24 0 30 8 0 14
41 0 0 0 0 0 0 0 0 0 0 0 0 0 0 0 0 0 0 0 0 0 0 0 0 0 4 0 0 0 0 51 0 0 72 0 0 0 0 62 0
40 0 0 0 0 0 0 0 0 0 0 0 0 0 0 0 0 0 0 0 0 0 0 0 0 0 4 0 0 0 0 52 0 0 71 0 0 0 0 62 0
42 0 0 0 0 0 0 0 0 0 0 0 0 0 0 0 0 0 0 0 0 0 0 0 0 0 4 0 0 0 0 52 0 0 72 0 0 0 0 62 0
0 0 36 10 0 0 0 0 0 0 0 0 0 0 0 0 0 0 0 2 0 0 14 10 0 0 0 17 13 11 0 0 4 0 0 27 0 29 7 0 12
0 0 34 9 0 0 1 0 0 0 0 0 0 0 0 0 0 0 0 2 1 0 13 9 0 0 0 15 12 10 0 0 4 0 0 25 0 26 7 0 12
21 0 11 11 0 0 0 0 0 0 0 0 0 0 0 0 0 0 0 0 0 0 0 2 0 0 1 5 6 1 0 40 0 0 42 20 0 3 0 40 0
38 0 0 0 0 0 0 0 0 0 0 0 0 0 0 0 0 0 0 0 0 0 0 0 0 0 4 0 0 0 0 50 0 0 68 0 0 0 0 60 0
13 0 22 14 0 0 0 0 0 0 0 0 0 0 0 0 0 0 0 0 0 0 3 5 0 0 1 10 10 4 0 30 0 0 29 27 0 12 0 29 5
43 0 0 0 0 0 0 0 0 0 0 0 0 0 0 0 0 0 0 0 0 0 0 0 0 0 4 0 0 0 0 52 0 0 73 0 0 0 0 62 0
