0 0 21 0 0 0 0 0 0 0 0 0 0 0 0 0 0 0 0 0 0 0 6 0 20 0 0 0 0 0 0 18 0 0 31 32 0 0 0 29 9
0 0 17 0 0 0 0 0 0 0 0 0 0 0 0 0 0 0 0 0 0 0 4 0 7 0 0 0 0 3 0 23 14 0 31 48 0 19 0 19 0
0 0 21 0 0 0 0 0 0 0 0 0 0 0 0 0 0 0 0 0 0 0 8 0 17 0 0 0 0 0 0 25 0 0 37 49 0 9 0 31 5
0 0 15 0 0 0 0 0 0 0 0 0 0 0 0 0 0 0 0 0 0 0 0 0 0 0 0 0 0 12 0 19 34 0 27 52 0 25 0 17 0
0 0 14 0 0 0 0 0 0 0 0 0 0 0 0 0 0 0 0 0 0 0 0 0 0 0 0 0 0 10 0 18 31 0 24 46 0 26 0 11 0
0 0 20 0 0 0 0 0 0 0 0 0 0 0 0 0 0 0 0 0 0 0 9 0 17 0 0 0 0 0 0 26 0 0 38 52 0 9 0 33 5
0 0 13 1 0 0 0 0 0 0 0 0 0 0 0 0 0 0 0 0 0 0 0 0 0 0 0 0 0 11 0 17 33 0 28 57 0 21 0 23 0
0 0 18 0 0 0 0 0 0 0 0 0 0 0 0 0 0 0 0 0 0 0 0 3 24 0 4 0 0 0 0 10 0 0 16 0 0 0 0 23 16
0 0 24 0 0 0 0 0 0 0 0 0 0 0 0 0 0 0 0 0 0 0 0 4 29 0 6 0 0 0 0 16 0 0 18 0 0 0 0 24 17
0 0 22 0 0 0 0 0 0 0 0 0 0 0 0 0 0 0 0 0 0 0 7 0 16 0 0 0 0 0 0 25 0 0 37 47 0 11 0 28 4
0 0 20 0 0 0 0 0 0 0 0 0 0 0 0 0 0 0 0 0 0 0 8 0 20 0 0 0 0 0 0 22 0 0 36 42 0 3 0 33 9
0 0 14 0 0 0 0 0 0 0 0 0 0 0 0 0 0 0 0 0 0 0 1 0 0 0 0 0 0 8 0 19 26 0 26 44 0 25 0 10 0
0 0 17 1 0 0 0 0 0 0 0 0 0 0 0 0 0 0 0 0 0 0 0 2 23 0 3 0 0 0 0 9 0 0 16 0 0 0 0 23 17
0 0 12 3 0 0 0 0 0 0 0 0 0 0 0 0 0 0 0 0 0 0 0 0 0 0 0 0 0 10 0 19 28 0 31 62 0 17 0 30 0
0 0 21 0 0 0 0 0 0 0 0 0 0 0 0 0 0 0 0 0 0 0 0 3 26 0 4 0 0 0 0 14 0 0 18 0 0 0 0 24 16
0 0 21 0 0 0 0 0 0 0 0 0 0 0 0 0 0 0 0 0 0 0 0 2 25 0 4 0 0 0 0 13 0 0 18 0 0 0 0 25 16
0 0 11 1 0 0 0 0 0 0 0 0 0 0 0 0 0 0 0 0 0 0 0 0 0 0 0 0 0 11 0 18 32 0 29 59 0 19 0 27 0
0 0 19 0 0 0 0 0 0 0 0 0 0 0 0 0 0 0 0 0 0 0 0 2 24 0 4 0 0 0 0 11 0 0 18 0 0 0 0 23 15
0 0 12 1 0 0 0 0 0 0 0 0 0 0 0 0 0 0 0 0 0 0 0 0 0 0 0 0 0 12 0 18 33 0 29 59 0 21 0 24 0
0 0 13 0 0 0 0 0 0 0 0 0 0 0 0 0 0 0 0 0 0 0 0 0 0 0 0 0 0 12 0 18 34 0 26 50 0 25 0 15 0
0 0 14 0 0 0 0 0 0 0 0 0 0 0 0 0 0 0 0 0 0 0 0 0 0 0 0 0 0 11 0 18 35 0 25 48 0 27 0 12 0
0 0 13 0 0 0 0 0 0 0 0 0 0 0 0 0 0 0 0 0 0 0 0 0 0 0 0 0 0 11 0 18 32 0 27 51 0 24 0 17 0
0 0 15 10 0 0 0 0 0 0 0 0 0 0 0 0 0 0 0 0 0 0 0 0 0 0 0 0 0 9 0 26 20 0 39 69 0 11 0 42 0
0 0 14 0 0 0 0 0 0 0 0 0 0 0 0 0 0 0 0 0 0 0 0 0 0 0 0 0 0 12 0 19 34 0 27 52 0 25 0 17 0
0 0 13 4 0 0 0 0 0 0 0 0 0 0 0 0 0 0 0 0 0 0 0 0 0 0 0 0 0 10 0 20 28 0 33 63 0 17 0 31 0
0 0 13 7 0 0 0 0 0 0 0 0 0 0 0 0 0 0 0 0 0 0 0 0 0 0 0 0 0 9 0 23 24 0 36 66 0 13 0 38 0
0 0 16 0 0 0 0 0 0 0 0 0 0 0 0 0 0 0 0 0 0 0 0 0 0 0 0 0 0 10 0 17 34 0 24 44 0 29 0 7 0
0 0 14 0 0 0 0 0 0 0 0 0 0 0 0 0 0 0 0 0 0 0 0 0 0 0 0 0 0 10 0 18 33 0 24 45 0 28 0 9 0
0 0 13 0 0 0 0 0 0 0 0 0 0 0 0 0 0 0 0 0 0 0 0 0 0 0 0 0 0 11 0 19 33 0 28 53 0 24 0 19 0
0 0 19 0 0 0 0 0 0 0 0 0 0 0 0 0 0 0 0 0 0 0 5 0 22 0 1 0 0 0 0 17 0 0 30 28 0 0 0 32 12
0 0 18 0 0 0 0 0 0 0 0 0 0 0 0 0 0 0 0 0 0 0 1 1 23 0 3 0 0 0 0 10 0 0 19 6 0 0 0 26 14
0 0 22 0 0 0 0 0 0 0 0 0 0 0 0 0 0 0 0 0 0 0 0 3 27 0 5 0 0 0 0 14 0 0 17 0 0 0 0 25 17
0 0 16 0 0 0 0 0 0 0 0 0 0 0 0 0 0 0 0 0 0 0 3 0 4 0 0 0 0 5 0 22 21 0 28 46 0 22 0 14 0
0 0 15 8 0 0 0 0 0 0 0 0 0 0 0 0 0 0 0 0 0 0 0 0 0 0 0 0 0 9 0 24 24 0 38 69 0 13 0 40 0
0 0 19 0 0 0 0 0 0 0 0 0 0 0 0 0 0 0 0 0 0 0 7 0 21 0 0 0 0 0 0 19 0 0 33 36 0 0 0 34 11
0 0 19 0 0 0 0 0 0 0 0 0 0 0 0 0 0 0 0 0 0 0 5 0 22 0 1 0 0 0 0 17 0 0 30 28 0 0 0 30 12
0 0 12 0 0 0 0 0 0 0 0 0 0 0 0 0 0 0 0 0 0 0 0 0 0 0 0 0 0 11 0 19 32 0 30 58 0 21 0 24 0
0 0 15 0 0 0 0 0 0 0 0 0 0 0 0 0 0 0 0 0 0 0 0 0 0 0 0 0 0 9 0 18 30 0 25 45 0 27 0 9 0
0 0 12 0 0 0 0 0 0 0 0 0 0 0 0 0 0 0 0 0 0 0 0 0 0 0 0 0 0 11 0 18 32 0 26 53 0 23 0 19 0
0 0 20 0 0 0 0 0 0 0 0 0 0 0 0 0 0 0 0 0 0 0 7 0 11 0 0 0 0 1 0 28 8 0 37 56 0 17 0 27 0
0 0 13 0 0 0 0 0 0 0 0 0 0 0 0 0 0 0 0 0 0 0 0 0 0 0 0 0 0 10 0 18 29 0 27 56 0 22 0 22 0
0 0 19 0 0 0 0 0 0 0 0 0 0 0 0 0 0 0 0 0 0 0 4 0 22 0 2 0 0 0 0 15 0 0 28 23 0 0 0 30 12
0 0 20 0 0 0 0 0 0 0 0 0 0 0 0 0 0 0 0 0 0 0 0 3 24 0 4 0 0 0 0 12 0 0 18 0 0 0 0 24 16
0 0 19 0 0 0 0 0 0 0 0 0 0 0 0 0 0 0 0 0 0 0 0 2 23 0 3 0 0 0 0 10 0 0 17 0 0 0 0 24 16
0 0 26 0 0 0 0 0 0 0 0 0 0 0 0 0 0 0 0 0 0 0 0 3 31 0 6 0 0 0 0 17 0 0 18 0 0 0 0 24 18
0 0 16 12 0 0 0 0 0 0 0 0 0 0 0 0 0 0 0 0 0 0 0 0 0 0 0 0 0 8 0 28 20 0 40 70 0 9 0 45 0
0 0 15 6 0 0 0 0 0 0 0 0 0 0 0 0 0 0 0 0 0 0 0 0 0 0 0 0 0 9 0 24 24 0 37 68 0 15 0 37 0
0 0 17 0 0 0 0 0 0 0 0 0 0 0 0 0 0 0 0 0 0 0 2 1 22 0 3 0 0 0 0 10 0 0 21 11 0 0 0 27 14
0 0 25 0 0 0 0 0 0 0 0 0 0 0 0 0 0 0 0 0 0 0 0 4 29 0 5 0 0 0 0 16 0 0 18 0 0 0 0 22 17
0 0 20 0 0 0 0 0 0 0 0 0 0 0 0 0 0 0 0 0 0 0 7 0 22 0 1 0 0 0 0 21 0 0 34 35 0 0 0 34 11
0 0 15 0 0 0 0 0 0 0 0 0 0 0 0 0 0 0 0 0 0 0 1 0 0 0 0 0 0 9 0 17 31 0 25 43 0 27 0 7 0
0 0 14 0 0 0 0 0 0 0 0 0 0 0 0 0 0 0 0 0 0 0 0 0 0 0 0 0 0 10 0 19 32 0 26 49 0 26 0 14 0
0 0 19 0 0 0 0 0 0 0 0 0 0 0 0 0 0 0 0 0 0 0 0 3 24 0 4 0 0 0 0 11 0 0 18 0 0 0 0 24 16
0 0 27 0 0 0 0 0 0 0 0 0 0 0 0 0 0 0 0 0 0 0 0 3 31 0 6 0 0 0 0 16 0 0 17 0 0 0 0 22 17
0 0 23 0 0 0 0 0 0 0 0 0 0 0 0 0 0 0 0 0 0 0 7 0 22 0 1 0 0 0 0 21 0 0 34 34 0 0 0 31 10
0 0 11 2 0 0 0 0 0 0 0 0 0 0 0 0 0 0 0 0 0 0 0 0 0 0 0 0 0 11 0 20 29 0 32 64 0 18 0 31 0
0 0 18 0 0 0 0 0 0 0 0 0 0 0 0 0 0 0 0 0 0 0 1 1 23 0 3 0 0 0 0 11 0 0 21 9 0 0 0 27 15
0 0 32 0 0 0 0 0 0 0 0 0 0 0 0 0 0 0 0 0 0 0 0 2 39 0 8 0 0 0 0 20 0 0 18 0 0 0 0 26 19
0 0 12 3 0 0 0 0 0 0 0 0 0 0 0 0 0 0 0 0 0 0 0 0 0 0 0 0 0 11 0 19 28 0 31 62 0 17 0 30 0
0 0 15 10 0 0 0 0 0 0 0 0 0 0 0 0 0 0 0 0 0 0 0 0 0 0 0 0 0 9 0 26 22 0 39 72 0 12 0 44 0
0 0 14 8 0 0 0 0 0 0 0 0 0 0 0 0 0 0 0 0 0 0 0 0 0 0 0 0 0 9 0 24 22 0 37 69 0 12 0 40 0
0 0 18 0 0 0 0 0 0 0 0 0 0 0 0 0 0 0 0 0 0 0 1 2 24 0 3 0 0 0 0 11 0 0 20 5 0 0 0 25 15
0 0 14 6 0 0 0 0 0 0 0 0 0 0 0 0 0 0 0 0 0 0 0 0 0 0 0 0 0 10 0 23 24 0 35 66 0 15 0 36 0
0 0 14 0 0 0 0 0 0 0 0 0 0 0 0 0 0 0 0 0 0 0 0 0 0 0 0 0 0 11 0 18 31 0 25 47 0 26 0 13 0
0 0 13 1 0 0 0 0 0 0 0 0 0 0 0 0 0 0 0 0 0 0 0 0 0 0 0 0 0 11 0 19 31 0 31 60 0 20 0 26 0
0 0 11 0 0 0 0 0 0 0 0 0 0 0 0 0 0 0 0 0 0 0 0 0 0 0 0 0 0 11 0 18 32 0 29 58 0 20 0 24 0
0 0 14 0 0 0 0 0 0 0 0 0 0 0 0 0 0 0 0 0 0 0 0 0 0 0 0 0 0 11 0 18 34 0 27 52 0 25 0 16 0
0 0 22 0 0 0 0 0 0 0 0 0 0 0 0 0 0 0 0 0 0 0 7 0 21 0 1 0 0 0 0 21 0 0 35 37 0 1 0 32 9
0 0 13 4 0 0 0 0 0 0 0 0 0 0 0 0 0 0 0 0 0 0 0 0 0 0 0 0 0 11 0 21 27 0 33 64 0 16 0 33 0
0 0 15 8 0 0 0 0 0 0 0 0 0 0 0 0 0 0 0 0 0 0 0 0 0 0 0 0 0 9 0 25 23 0 38 69 0 13 0 40 0
0 0 19 0 0 0 0 0 0 0 0 0 0 0 0 0 0 0 0 0 0 0 3 0 5 0 0 0 0 6 0 24 23 0 31 45 0 25 0 12 0
0 0 13 0 0 0 0 0 0 0 0 0 0 0 0 0 0 0 0 0 0 0 0 0 0 0 0 0 0 11 0 19 31 0 29 58 0 21 0 23 0
0 0 16 14 0 0 0 0 0 0 0 0 0 0 0 0 0 0 0 0 0 0 0 0 0 0 0 0 1 8 0 28 18 0 41 72 0 8 0 48 0
0 0 21 0 0 0 0 0 0 0 0 0 0 0 0 0 0 0 0 0 0 0 8 0 16 0 0 0 0 0 0 24 0 0 36 46 0 8 0 29 6
0 0 24 0 0 0 0 0 0 0 0 0 0 0 0 0 0 0 0 0 0 0 0 4 29 0 5 0 0 0 0 17 0 0 18 0 0 0 0 23 17
0 0 18 0 0 0 0 0 0 0 0 0 0 0 0 0 0 0 0 0 0 0 3 0 22 0 2 0 0 0 0 13 0 0 25 19 0 0 0 28 13
0 0 19 0 0 0 0 0 0 0 0 0 0 0 0 0 0 0 0 0 0 0 8 0 13 0 0 0 0 0 0 27 6 0 37 53 0 15 0 28 1
0 0 23 0 0 0 0 0 0 0 0 0 0 0 0 0 0 0 0 0 0 0 8 0 16 0 0 0 0 0 0 28 0 0 38 50 0 13 0 28 3
0 0 12 1 0 0 0 0 0 0 0 0 0 0 0 0 0 0 0 0 0 0 0 0 0 0 0 0 0 11 0 19 32 0 30 60 0 20 0 26 0
0 0 18 0 0 0 0 0 0 0 0 0 0 0 0 0 0 0 0 0 0 0 3 1 23 0 2 0 0 0 0 13 0 0 24 16 0 0 0 27 13
0 0 20 0 0 0 0 0 0 0 0 0 0 0 0 0 0 0 0 0 0 0 5 0 13 0 0 0 0 0 0 22 4 0 32 45 0 13 0 24 1
0 0 14 0 0 0 0 0 0 0 0 0 0 0 0 0 0 0 0 0 0 0 0 0 0 0 0 0 0 10 0 18 32 0 25 46 0 27 0 10 0
0 0 15 0 0 0 0 0 0 0 0 0 0 0 0 0 0 0 0 0 0 0 0 0 0 0 0 0 0 11 0 19 33 0 25 48 0 27 0 12 0
0 0 12 2 0 0 0 0 0 0 0 0 0 0 0 0 0 0 0 0 0 0 0 0 0 0 0 0 0 11 0 19 30 0 31 63 0 18 0 29 0
0 0 18 0 0 0 0 0 0 0 0 0 0 0 0 0 0 0 0 0 0 0 3 0 5 0 0 0 0 5 0 24 21 0 30 47 0 23 0 14 0
0 0 21 0 0 0 0 0 0 0 0 0 0 0 0 0 0 0 0 0 0 0 0 4 27 0 5 0 0 0 0 14 0 0 17 0 0 0 0 23 17
0 0 15 0 0 0 0 0 0 0 0 0 0 0 0 0 0 0 0 0 0 0 0 0 0 0 0 0 0 10 0 19 32 0 25 47 0 27 0 11 0
0 0 12 2 0 0 0 0 0 0 0 0 0 0 0 0 0 0 0 0 0 0 0 0 0 0 0 0 0 11 0 19 30 0 31 63 0 18 0 30 0
0 0 12 0 0 0 0 0 0 0 0 0 0 0 0 0 0 0 0 0 0 0 0 0 0 0 0 0 0 11 0 19 31 0 28 56 0 21 0 22 0
0 0 14 3 0 0 0 0 0 0 0 0 0 0 0 0 0 0 0 0 0 0 0 0 0 0 0 0 0 11 0 20 28 0 33 64 0 18 0 31 0
0 0 18 0 0 0 0 0 0 0 0 0 0 0 0 0 0 0 0 0 0 0 0 2 24 0 4 0 0 0 0 9 0 0 17 0 0 0 0 25 15
0 0 27 0 0 0 0 0 0 0 0 0 0 0 0 0 0 0 0 0 0 0 0 3 33 0 6 0 0 0 0 18 0 0 18 0 0 0 0 25 18
0 0 14 0 0 0 0 0 0 0 0 0 0 0 0 0 0 0 0 0 0 0 0 0 0 0 0 0 0 11 0 19 33 0 26 49 0 26 0 13 0
0 0 16 15 0 0 0 0 0 0 0 0 0 0 0 0 0 0 0 0 0 0 0 0 0 0 0 0 0 7 0 28 18 0 42 73 0 6 0 53 0
0 0 22 0 0 0 0 0 0 0 0 0 0 0 0 0 0 0 0 0 0 0 0 3 26 0 4 0 0 0 0 14 0 0 17 0 0 0 0 25 17
0 0 14 5 0 0 0 0 0 0 0 0 0 0 0 0 0 0 0 0 0 0 0 0 0 0 0 0 0 11 0 22 27 0 36 68 0 17 0 35 0
0 0 15 13 0 0 0 0 0 0 0 0 0 0 0 0 0 0 0 0 0 0 0 0 0 0 0 0 1 8 0 27 18 0 39 68 0 8 0 46 0
0 0 14 11 0 0 0 0 0 0 0 0 0 0 0 0 0 0 0 0 0 0 0 0 0 0 0 0 0 8 0 26 18 0 38 69 0 9 0 43 0
0 0 13 0 0 0 0 0 0 0 0 0 0 0 0 0 0 0 0 0 0 0 0 0 0 0 0 0 0 11 0 18 31 0 28 56 0 22 0 21 0
0 0 17 0 0 0 0 0 0 0 0 0 0 0 0 0 0 0 0 0 0 0 3 0 22 0 2 0 0 0 0 11 0 0 24 18 0 0 0 29 13
0 0 15 9 0 0 0 0 0 0 0 0 0 0 0 0 0 0 0 0 0 0 0 0 0 0 0 0 0 8 0 25 20 0 38 69 0 12 0 41 0
0 0 21 0 0 0 0 0 0 0 0 0 0 0 0 0 0 0 0 0 0 0 6 0 22 0 1 0 0 0 0 20 0 0 33 31 0 0 0 31 11
0 0 18 0 0 0 0 0 0 0 0 0 0 0 0 0 0 0 0 0 0 0 1 1 23 0 3 0 0 0 0 9 0 0 19 6 0 0 0 26 14
0 0 15 8 0 0 0 0 0 0 0 0 0 0 0 0 0 0 0 0 0 0 0 0 0 0 0 0 0 9 0 25 21 0 37 67 0 12 0 40 0
0 0 16 0 0 0 0 0 0 0 0 0 0 0 0 0 0 0 0 0 0 0 0 0 0 0 0 0 0 12 0 19 36 0 25 46 0 29 0 9 0
0 0 15 12 0 0 0 0 0 0 0 0 0 0 0 0 0 0 0 0 0 0 0 0 0 0 0 0 0 8 0 28 20 0 41 72 0 10 0 47 0
0 0 20 0 0 0 0 0 0 0 0 0 0 0 0 0 0 0 0 0 0 0 8 0 19 0 0 0 0 0 0 21 0 0 35 42 0 3 0 33 8
0 0 22 0 0 0 0 0 0 0 0 0 0 0 0 0 0 0 0 0 0 0 7 0 20 0 0 0 0 0 0 23 0 0 36 40 0 5 0 30 7
0 0 15 11 0 0 0 0 0 0 0 0 0 0 0 0 0 0 0 0 0 0 0 0 0 0 0 0 0 8 0 27 20 0 39 71 0 10 0 46 0
0 0 13 0 0 0 0 0 0 0 0 0 0 0 0 0 0 0 0 0 0 0 0 0 0 0 0 0 0 11 0 19 31 0 28 54 0 22 0 20 0
0 0 14 0 0 0 0 0 0 0 0 0 0 0 0 0 0 0 0 0 0 0 4 0 4 0 0 0 0 4 0 21 16 0 29 49 0 19 0 19 0
0 0 20 0 0 0 0 0 0 0 0 0 0 0 0 0 0 0 0 0 0 0 0 3 25 0 4 0 0 0 0 13 0 0 19 0 0 0 0 25 16
0 0 14 0 0 0 0 0 0 0 0 0 0 0 0 0 0 0 0 0 0 0 0 0 0 0 0 0 0 12 0 18 34 0 26 50 0 27 0 14 0
0 0 15 7 0 0 0 0 0 0 0 0 0 0 0 0 0 0 0 0 0 0 0 0 0 0 0 0 0 10 0 25 24 0 38 69 0 15 0 38 0
0 0 14 0 0 0 0 0 0 0 0 0 0 0 0 0 0 0 0 0 0 0 0 0 0 0 0 0 0 11 0 19 32 0 26 50 0 25 0 16 0
0 0 16 10 0 0 0 0 0 0 0 0 0 0 0 0 0 0 0 0 0 0 0 0 0 0 0 0 0 9 0 27 22 0 40 71 0 12 0 43 0
0 0 15 0 0 0 0 0 0 0 0 0 0 0 0 0 0 0 0 0 0 0 0 0 0 0 0 0 0 11 0 19 33 0 26 49 0 26 0 13 0
0 0 17 0 0 0 0 0 0 0 0 0 0 0 0 0 0 0 0 0 0 0 4 0 6 0 0 0 0 4 0 23 19 0 30 45 0 21 0 15 0
0 0 21 0 0 0 0 0 0 0 0 0 0 0 0 0 0 0 0 0 0 0 8 0 21 0 0 0 0 0 0 21 0 0 35 37 0 0 0 33 11
0 0 12 0 0 0 0 0 0 0 0 0 0 0 0 0 0 0 0 0 0 0 0 0 0 0 0 0 0 12 0 18 33 0 28 56 0 22 0 22 0
0 0 17 0 0 0 0 0 0 0 0 0 0 0 0 0 0 0 0 0 0 0 2 1 22 0 2 0 0 0 0 11 0 0 22 12 0 0 0 28 14
0 0 20 0 0 0 0 0 0 0 0 0 0 0 0 0 0 0 0 0 0 0 7 0 21 0 0 0 0 0 0 20 0 0 33 36 0 1 0 30 9
0 0 16 10 0 0 0 0 0 0 0 0 0 0 0 0 0 0 0 0 0 0 0 0 0 0 0 0 0 9 0 28 21 0 40 70 0 11 0 42 0
0 0 22 0 0 0 0 0 0 0 0 0 0 0 0 0 0 0 0 0 0 0 0 3 26 0 5 0 0 0 0 13 0 0 17 0 0 0 0 21 16
0 0 15 0 0 0 0 0 0 0 0 0 0 0 0 0 0 0 0 0 0 0 0 0 0 0 0 0 0 11 0 17 36 0 23 42 0 29 0 5 0
0 0 14 0 0 0 0 0 0 0 0 0 0 0 0 0 0 0 0 0 0 0 0 0 0 0 0 0 0 12 0 18 34 0 26 51 0 26 0 15 0
0 0 19 0 0 0 0 0 0 0 0 0 0 0 0 0 0 0 0 0 0 0 0 2 24 0 4 0 0 0 0 11 0 0 18 0 0 0 0 24 16
0 0 15 0 0 0 0 0 0 0 0 0 0 0 0 0 0 0 0 0 0 0 1 0 0 0 0 0 0 9 0 18 31 0 25 45 0 27 0 8 0
0 0 17 0 0 0 0 0 0 0 0 0 0 0 0 0 0 0 0 0 0 0 1 2 24 0 3 0 0 0 0 10 0 0 18 1 0 0 0 25 15
0 0 14 0 0 0 0 0 0 0 0 0 0 0 0 0 0 0 0 0 0 0 0 0 0 0 0 0 0 11 0 19 33 0 27 53 0 25 0 17 0
0 0 19 0 0 0 0 0 0 0 0 0 0 0 0 0 0 0 0 0 0 0 4 0 7 0 0 0 0 4 0 24 19 0 31 46 0 22 0 14 0
0 0 19 0 0 0 0 0 0 0 0 0 0 0 0 0 0 0 0 0 0 0 0 2 24 0 3 0 0 0 0 10 0 0 18 0 0 0 0 24 15
0 0 12 0 0 0 0 0 0 0 0 0 0 0 0 0 0 0 0 0 0 0 0 0 0 0 0 0 0 11 0 18 33 0 29 56 0 22 0 22 0
0 0 14 0 0 0 0 0 0 0 0 0 0 0 0 0 0 0 0 0 0 0 0 0 0 0 0 0 0 11 0 20 33 0 28 54 0 24 0 19 0
0 0 14 0 0 0 0 0 0 0 0 0 0 0 0 0 0 0 0 0 0 0 0 0 0 0 0 0 0 11 0 19 33 0 27 51 0 25 0 16 0
0 0 20 0 0 0 0 0 0 0 0 0 0 0 0 0 0 0 0 0 0 0 7 0 22 0 1 0 0 0 0 20 0 0 33 32 0 0 0 32 12
0 0 18 0 0 0 0 0 0 0 0 0 0 0 0 0 0 0 0 0 0 0 4 0 22 0 2 0 0 0 0 13 0 0 26 20 0 0 0 29 12
0 0 28 0 0 0 0 0 0 0 0 0 0 0 0 0 0 0 0 0 0 0 0 3 34 0 7 0 0 0 0 18 0 0 18 0 0 0 0 24 18
0 0 24 1 0 0 0 0 0 0 0 0 0 0 0 0 0 0 0 0 0 0 9 0 21 0 0 0 0 0 0 25 0 0 39 44 0 2 0 36 10
0 0 15 0 0 0 0 0 0 0 0 0 0 0 0 0 0 0 0 0 0 0 0 0 0 0 0 0 0 11 0 18 33 0 24 46 0 27 0 11 0
0 0 12 3 0 0 0 0 0 0 0 0 0 0 0 0 0 0 0 0 0 0 0 0 0 0 0 0 0 11 0 19 29 0 31 61 0 17 0 30 0
0 0 14 0 0 0 0 0 0 0 0 0 0 0 0 0 0 0 0 0 0 0 0 0 0 0 0 0 0 11 0 19 33 0 27 51 0 25 0 16 0
0 0 20 0 0 0 0 0 0 0 0 0 0 0 0 0 0 0 0 0 0 0 7 0 20 0 0 0 0 0 0 20 0 0 33 36 0 0 0 32 10
0 0 15 0 0 0 0 0 0 0 0 0 0 0 0 0 0 0 0 0 0 0 0 0 0 0 0 0 0 11 0 19 34 0 26 48 0 27 0 13 0
0 0 14 0 0 0 0 0 0 0 0 0 0 0 0 0 0 0 0 0 0 0 0 0 0 0 0 0 0 9 0 18 29 0 24 46 0 26 0 11 0
0 0 15 12 0 0 0 0 0 0 0 0 0 0 0 0 0 0 0 0 0 0 0 0 0 0 0 0 1 8 0 28 19 0 40 69 0 9 0 44 0
0 0 16 0 0 0 0 0 0 0 0 0 0 0 0 0 0 0 0 0 0 0 2 0 1 0 0 0 0 7 0 22 25 0 29 46 0 25 0 12 0
0 0 12 2 0 0 0 0 0 0 0 0 0 0 0 0 0 0 0 0 0 0 0 0 0 0 0 0 0 11 0 19 29 0 31 61 0 19 0 28 0
0 0 14 0 0 0 0 0 0 0 0 0 0 0 0 0 0 0 0 0 0 0 0 0 0 0 0 0 0 11 0 18 33 0 25 48 0 27 0 12 0
0 0 15 7 0 0 0 0 0 0 0 0 0 0 0 0 0 0 0 0 0 0 0 0 0 0 0 0 0 9 0 25 24 0 38 70 0 15 0 39 0
0 0 22 0 0 0 0 0 0 0 0 0 0 0 0 0 0 0 0 0 0 0 7 0 22 0 1 0 0 0 0 21 0 0 34 34 0 0 0 33 11
0 0 15 9 0 0 0 0 0 0 0 0 0 0 0 0 0 0 0 0 0 0 0 0 0 0 0 0 0 9 0 25 22 0 38 71 0 13 0 42 0
0 0 22 0 0 0 0 0 0 0 0 0 0 0 0 0 0 0 0 0 0 0 0 3 27 0 5 0 0 0 0 14 0 0 17 0 0 0 0 22 17
0 0 29 0 0 0 0 0 0 0 0 0 0 0 0 0 0 0 0 0 0 0 0 3 36 0 8 0 0 0 0 18 0 0 17 0 0 0 0 26 18
0 0 11 1 0 0 0 0 0 0 0 0 0 0 0 0 0 0 0 0 0 0 0 0 0 0 0 0 0 11 0 18 32 0 29 59 0 19 0 26 0
0 0 11 2 0 0 0 0 0 0 0 0 0 0 0 0 0 0 0 0 0 0 0 0 0 0 0 0 0 11 0 18 31 0 30 60 0 19 0 27 0
0 0 14 0 0 0 0 0 0 0 0 0 0 0 0 0 0 0 0 0 0 0 0 0 0 0 0 0 0 12 0 18 35 0 25 48 0 28 0 12 0
0 0 13 0 0 0 0 0 0 0 0 0 0 0 0 0 0 0 0 0 0 0 0 0 0 0 0 0 0 12 0 18 34 0 27 52 0 25 0 17 0
0 0 18 0 0 0 0 0 0 0 0 0 0 0 0 0 0 0 0 0 0 0 6 0 22 0 2 0 0 0 0 17 0 0 30 31 0 0 0 32 11
0 0 18 0 0 0 0 0 0 0 0 0 0 0 0 0 0 0 0 0 0 0 4 0 8 0 0 0 0 3 0 24 14 0 31 48 0 19 0 18 0
0 0 14 0 0 0 0 0 0 0 0 0 0 0 0 0 0 0 0 0 0 0 0 0 0 0 0 0 0 10 0 18 33 0 25 45 0 28 0 9 0
0 0 20 0 0 0 0 0 0 0 0 0 0 0 0 0 0 0 0 0 0 0 6 0 11 0 0 0 0 1 0 26 8 0 34 50 0 16 0 24 0
0 0 25 0 0 0 0 0 0 0 0 0 0 0 0 0 0 0 0 0 0 0 0 4 29 0 5 0 0 0 0 17 0 0 18 0 0 0 0 23 17
0 0 14 0 0 0 0 0 0 0 0 0 0 0 0 0 0 0 0 0 0 0 0 0 0 0 0 0 0 10 0 19 32 0 25 48 0 27 0 12 0
0 0 23 0 0 0 0 0 0 0 0 0 0 0 0 0 0 0 0 0 0 0 7 0 17 0 0 0 0 0 0 25 0 0 38 45 0 9 0 29 5
0 0 20 0 0 0 0 0 0 0 0 0 0 0 0 0 0 0 0 0 0 0 0 2 24 0 4 0 0 0 0 11 0 0 18 0 0 0 0 24 15
0 0 14 0 0 0 0 0 0 0 0 0 0 0 0 0 0 0 0 0 0 0 0 0 0 0 0 0 0 10 0 19 30 0 25 47 0 27 0 12 0
0 0 24 0 0 0 0 0 0 0 0 0 0 0 0 0 0 0 0 0 0 0 8 0 20 0 0 0 0 0 0 25 0 0 37 41 0 5 0 31 8
0 0 14 0 0 0 0 0 0 0 0 0 0 0 0 0 0 0 0 0 0 0 0 0 0 0 0 0 0 10 0 19 29 0 25 47 0 25 0 12 0
0 0 12 0 0 0 0 0 0 0 0 0 0 0 0 0 0 0 0 0 0 0 0 0 0 0 0 0 0 11 0 19 32 0 28 55 0 22 0 22 0
0 0 13 3 0 0 0 0 0 0 0 0 0 0 0 0 0 0 0 0 0 0 0 0 0 0 0 0 0 11 0 22 28 0 34 66 0 18 0 32 0
0 0 13 0 0 0 0 0 0 0 0 0 0 0 0 0 0 0 0 0 0 0 0 0 0 0 0 0 0 11 0 18 31 0 29 56 0 22 0 21 0
0 0 16 10 0 0 0 0 0 0 0 0 0 0 0 0 0 0 0 0 0 0 0 0 0 0 0 0 0 8 0 27 20 0 38 67 0 11 0 41 0
0 0 17 0 0 0 0 0 0 0 0 0 0 0 0 0 0 0 0 0 0 0 3 0 6 0 0 0 0 5 0 21 21 0 29 44 0 22 0 12 0
0 0 19 0 0 0 0 0 0 0 0 0 0 0 0 0 0 0 0 0 0 0 0 3 24 0 4 0 0 0 0 11 0 0 17 0 0 0 0 23 16
0 0 15 0 0 0 0 0 0 0 0 0 0 0 0 0 0 0 0 0 0 0 0 0 0 0 0 0 0 12 0 18 35 0 25 49 0 27 0 12 0
0 0 26 0 0 0 0 0 0 0 0 0 0 0 0 0 0 0 0 0 0 0 0 4 31 0 6 0 0 0 0 18 0 0 19 0 0 0 0 24 17
0 0 27 0 0 0 0 0 0 0 0 0 0 0 0 0 0 0 0 0 0 0 0 3 32 0 7 0 0 0 0 17 0 0 17 0 0 0 0 24 18
0 0 11 2 0 0 0 0 0 0 0 0 0 0 0 0 0 0 0 0 0 0 0 0 0 0 0 0 0 10 0 18 28 0 30 60 0 17 0 28 0
0 0 24 0 0 0 0 0 0 0 0 0 0 0 0 0 0 0 0 0 0 0 0 3 28 0 5 0 0 0 0 16 0 0 17 0 0 0 0 23 17
0 0 13 0 0 0 0 0 0 0 0 0 0 0 0 0 0 0 0 0 0 0 0 0 0 0 0 0 0 9 0 18 28 0 24 45 0 25 0 11 0
0 0 16 0 0 0 0 0 0 0 0 0 0 0 0 0 0 0 0 0 0 0 0 0 0 0 0 0 0 10 0 17 34 0 23 43 0 28 0 7 0
0 0 15 0 0 0 0 0 0 0 0 0 0 0 0 0 0 0 0 0 0 0 0 0 0 0 0 0 0 10 0 17 32 0 23 45 0 27 0 8 0
0 0 11 2 0 0 0 0 0 0 0 0 0 0 0 0 0 0 0 0 0 0 0 0 0 0 0 0 0 11 0 17 30 0 28 58 0 18 0 26 0
0 0 21 0 0 0 0 0 0 0 0 0 0 0 0 0 0 0 0 0 0 0 6 0 22 0 1 0 0 0 0 19 0 0 32 30 0 0 0 32 12
0 0 15 7 0 0 0 0 0 0 0 0 0 0 0 0 0 0 0 0 0 0 0 0 0 0 0 0 0 9 0 24 24 0 38 69 0 14 0 39 0
0 0 16 14 0 0 0 0 0 0 0 0 0 0 0 0 0 0 0 0 0 0 0 0 0 0 0 0 0 8 0 28 19 0 41 71 0 7 0 51 0
0 0 21 0 0 0 0 0 0 0 0 0 0 0 0 0 0 0 0 0 0 0 9 0 19 0 0 0 0 0 0 25 0 0 38 48 0 6 0 34 7
0 0 15 0 0 0 0 0 0 0 0 0 0 0 0 0 0 0 0 0 0 0 0 0 0 0 0 0 0 12 0 19 36 0 28 51 0 27 0 15 0
0 0 15 8 0 0 0 0 0 0 0 0 0 0 0 0 0 0 0 0 0 0 0 0 0 0 0 0 0 9 0 26 23 0 38 70 0 13 0 41 0
0 0 16 14 0 0 0 0 0 0 0 0 0 0 0 0 0 0 0 0 0 0 0 0 0 0 0 0 1 8 0 29 18 0 41 69 0 8 0 47 0
0 0 14 0 0 0 0 0 0 0 0 0 0 0 0 0 0 0 0 0 0 0 0 0 0 0 0 0 0 10 0 18 32 0 24 47 0 27 0 11 0
0 0 18 0 0 0 0 0 0 0 0 0 0 0 0 0 0 0 0 0 0 0 4 0 6 0 0 0 0 5 0 25 20 0 31 47 0 22 0 14 0
0 0 15 12 0 0 0 0 0 0 0 0 0 0 0 0 0 0 0 0 0 0 0 0 0 0 0 0 0 8 0 28 19 0 40 71 0 9 0 46 0
0 0 15 8 0 0 0 0 0 0 0 0 0 0 0 0 0 0 0 0 0 0 0 0 0 0 0 0 0 9 0 25 22 0 38 68 0 13 0 38 0
0 0 12 2 0 0 0 0 0 0 0 0 0 0 0 0 0 0 0 0 0 0 0 0 0 0 0 0 0 11 0 18 31 0 30 61 0 18 0 28 0
0 0 14 0 0 0 0 0 0 0 0 0 0 0 0 0 0 0 0 0 0 0 0 0 0 0 0 0 0 10 0 18 32 0 24 46 0 27 0 10 0
0 0 16 15 0 0 0 0 0 0 0 0 0 0 0 0 0 0 0 0 0 0 0 0 0 0 0 0 0 7 0 25 17 0 40 70 0 6 0 52 0
0 0 21 0 0 0 0 0 0 0 0 0 0 0 0 0 0 0 0 0 0 0 7 0 13 0 0 0 0 0 0 25 5 0 36 50 0 14 0 25 0
0 0 17 0 0 0 0 0 0 0 0 0 0 0 0 0 0 0 0 0 0 0 7 0 9 0 0 0 0 1 0 26 8 0 34 55 0 15 0 28 0
0 0 15 0 0 0 0 0 0 0 0 0 0 0 0 0 0 0 0 0 0 0 0 0 0 0 0 0 0 9 0 21 29 0 27 48 0 26 0 13 0
0 0 21 0 0 0 0 0 0 0 0 0 0 0 0 0 0 0 0 0 0 0 10 0 18 0 0 0 0 0 0 27 0 0 40 50 0 7 0 34 7
0 0 15 15 0 0 0 0 0 0 0 0 0 0 0 0 0 0 0 0 0 0 0 0 0 0 0 0 1 7 0 26 18 0 39 69 0 6 0 49 0
0 0 17 13 0 0 0 0 0 0 0 0 0 0 0 0 0 0 0 0 0 0 0 0 0 0 0 0 0 8 0 29 19 0 41 72 0 10 0 46 0
0 0 23 0 0 0 0 0 0 0 0 0 0 0 0 0 0 0 0 0 0 0 6 0 14 0 0 0 0 0 0 24 3 0 35 46 0 14 0 24 1
0 0 13 6 0 0 0 0 0 0 0 0 0 0 0 0 0 0 0 0 0 0 0 0 0 0 0 0 0 9 0 22 23 0 35 66 0 13 0 36 0
0 0 19 0 0 0 0 0 0 0 0 0 0 0 0 0 0 0 0 0 0 0 7 0 12 0 0 0 0 0 0 23 1 0 33 50 0 11 0 28 2
0 0 15 11 0 0 0 0 0 0 0 0 0 0 0 0 0 0 0 0 0 0 0 0 0 0 0 0 0 8 0 28 19 0 39 69 0 10 0 44 0
0 0 11 1 0 0 0 0 0 0 0 0 0 0 0 0 0 0 0 0 0 0 0 0 0 0 0 0 0 11 0 18 31 0 29 59 0 19 0 26 0
0 0 18 0 0 0 0 0 0 0 0 0 0 0 0 0 0 0 0 0 0 0 0 2 23 0 3 0 0 0 1 9 0 0 17 0 0 0 0 24 16
0 0 16 7 0 0 0 0 0 0 0 0 0 0 0 0 0 0 0 0 0 0 0 0 0 0 0 0 0 9 0 25 23 0 38 69 0 14 0 38 0
0 0 19 0 0 0 0 0 0 0 0 0 0 0 0 0 0 0 0 0 0 0 7 0 16 0 0 0 0 0 0 22 0 0 33 42 0 10 0 26 4
0 0 11 3 0 0 0 0 0 0 0 0 0 0 0 0 0 0 0 0 0 0 0 0 0 0 0 0 0 11 0 18 28 0 30 60 0 17 0 28 0
0 0 16 13 0 0 0 0 0 0 0 0 0 0 0 0 0 0 0 0 0 0 0 0 0 0 0 0 1 8 0 28 19 0 41 71 0 9 0 47 0
0 0 12 0 0 0 0 0 0 0 0 0 0 0 0 0 0 0 0 0 0 0 0 0 0 0 0 0 0 11 0 18 32 0 29 58 0 21 0 23 0
0 0 21 0 0 0 0 0 0 0 0 0 0 0 0 0 0 0 0 0 0 0 8 0 21 0 0 0 0 0 0 23 0 0 36 39 0 1 0 34 10
0 0 18 0 0 0 0 0 0 0 0 0 0 0 0 0 0 0 0 0 0 0 7 0 9 0 0 0 0 2 0 26 11 0 35 53 0 18 0 24 0
0 0 13 0 0 0 0 0 0 0 0 0 0 0 0 0 0 0 0 0 0 0 0 0 0 0 0 0 0 11 0 19 32 0 27 51 0 24 0 17 0
0 0 18 0 0 0 0 0 0 0 0 0 0 0 0 0 0 0 0 0 0 0 2 0 22 0 2 0 0 0 0 11 0 0 23 15 0 0 0 28 13
0 0 12 0 0 0 0 0 0 0 0 0 0 0 0 0 0 0 0 0 0 0 0 0 0 0 0 0 0 11 0 18 32 0 29 57 0 20 0 24 0
0 0 26 0 0 0 0 0 0 0 0 0 0 0 0 0 0 0 0 0 0 0 0 3 30 0 6 0 0 0 0 16 0 0 17 0 0 0 0 24 18
0 0 24 0 0 0 0 0 0 0 0 0 0 0 0 0 0 0 0 0 0 0 0 3 28 0 5 0 0 0 0 16 0 0 18 0 0 0 0 24 18
0 0 13 0 0 0 0 0 0 0 0 0 0 0 0 0 0 0 0 0 0 0 0 0 0 0 0 0 0 12 0 18 35 0 27 53 0 24 0 18 0
0 0 22 0 0 0 0 0 0 0 0 0 0 0 0 0 0 0 0 0 0 0 8 0 17 0 0 0 0 0 0 27 0 0 39 49 0 9 0 30 5
0 0 15 0 0 0 0 0 0 0 0 0 0 0 0 0 0 0 0 0 0 0 0 0 0 0 0 0 0 11 0 19 33 0 27 49 0 27 0 13 0
0 0 13 0 0 0 0 0 0 0 0 0 0 0 0 0 0 0 0 0 0 0 0 0 0 0 0 0 0 12 0 18 34 0 29 57 0 22 0 22 0
0 0 15 7 0 0 0 0 0 0 0 0 0 0 0 0 0 0 0 0 0 0 0 0 0 0 0 0 0 9 0 25 23 0 38 70 0 13 0 40 0
0 0 19 0 0 0 0 0 0 0 0 0 0 0 0 0 0 0 0 0 0 0 0 3 24 0 4 0 0 0 0 10 0 0 16 0 0 0 0 23 16
0 0 15 1 0 0 0 0 0 0 0 0 0 0 0 0 0 0 0 0 0 0 4 0 21 0 2 0 0 0 0 14 0 0 26 21 0 0 0 33 14
0 0 19 0 0 0 0 0 0 0 0 0 0 0 0 0 0 0 0 0 0 0 0 2 24 0 4 0 0 0 0 10 0 0 16 0 0 0 0 23 16
0 0 14 0 0 0 0 0 0 0 0 0 0 0 0 0 0 0 0 0 0 0 1 0 0 0 0 0 0 9 0 17 29 0 24 43 0 26 0 8 0
0 0 14 9 0 0 0 0 0 0 0 0 0 0 0 0 0 0 0 0 0 0 0 0 0 0 0 0 0 9 0 25 21 0 39 72 0 11 0 44 0
0 0 20 0 0 0 0 0 0 0 0 0 0 0 0 0 0 0 0 0 0 0 6 0 20 0 1 0 0 0 0 18 0 0 31 32 0 0 0 29 9
0 0 14 12 0 0 0 0 0 0 0 0 0 0 0 0 0 0 0 0 0 0 0 0 0 0 0 0 1 8 0 27 17 0 38 68 0 8 0 45 0
0 0 21 0 0 0 0 0 0 0 0 0 0 0 0 0 0 0 0 0 0 0 7 0 20 0 0 0 0 0 0 20 0 0 33 37 0 2 0 30 8
0 0 14 0 0 0 0 0 0 0 0 0 0 0 0 0 0 0 0 0 0 0 0 0 0 0 0 0 0 13 0 17 37 0 25 47 0 27 0 11 0
0 0 16 0 0 0 0 0 0 0 0 0 0 0 0 0 0 0 0 0 0 0 1 0 0 0 0 0 0 8 0 20 28 0 26 46 0 26 0 10 0
0 0 20 0 0 0 0 0 0 0 0 0 0 0 0 0 0 0 0 0 0 0 7 0 22 0 0 0 0 0 0 20 0 0 35 37 0 0 0 35 11
0 0 23 0 0 0 0 0 0 0 0 0 0 0 0 0 0 0 0 0 0 0 0 3 27 0 5 0 0 0 0 14 0 0 16 0 0 0 0 21 16
0 0 21 0 0 0 0 0 0 0 0 0 0 0 0 0 0 0 0 0 0 0 0 3 26 0 4 0 0 0 0 13 0 0 17 0 0 0 0 23 16
0 0 16 0 0 0 0 0 0 0 0 0 0 0 0 0 0 0 0 0 0 0 0 0 0 0 0 0 0 12 0 19 37 0 26 48 0 29 0 11 0
0 0 20 0 0 0 0 0 0 0 0 0 0 0 0 0 0 0 0 0 0 0 8 0 16 0 0 0 0 0 0 24 0 0 36 49 0 9 0 30 5
0 0 13 7 0 0 0 0 0 0 0 0 0 0 0 0 0 0 0 0 0 0 0 0 0 0 0 0 0 9 0 23 22 0 35 65 0 13 0 36 0
0 0 22 0 0 0 0 0 0 0 0 0 0 0 0 0 0 0 0 0 0 0 9 0 19 0 0 0 0 0 0 25 0 0 37 44 0 6 0 31 7
0 0 13 0 0 0 0 0 0 0 0 0 0 0 0 0 0 0 0 0 0 0 0 0 0 0 0 0 0 10 0 20 28 0 30 58 0 20 0 25 0
0 0 12 3 0 0 0 0 0 0 0 0 0 0 0 0 0 0 0 0 0 0 0 0 0 0 0 0 0 10 0 20 29 0 32 63 0 17 0 32 0
0 0 24 0 0 0 0 0 0 0 0 0 0 0 0 0 0 0 0 0 0 0 0 3 28 0 5 0 0 0 0 15 0 0 16 0 0 0 0 22 17
0 0 22 0 0 0 0 0 0 0 0 0 0 0 0 0 0 0 0 0 0 0 0 3 26 0 5 0 0 0 0 13 0 0 16 0 0 0 0 23 17
0 0 12 3 0 0 0 0 0 0 0 0 0 0 0 0 0 0 0 0 0 0 0 0 0 0 0 0 0 10 0 19 27 0 31 62 0 16 0 31 0
0 0 17 0 0 0 0 0 0 0 0 0 0 0 0 0 0 0 0 0 0 0 3 0 3 0 0 0 0 6 0 22 24 0 29 47 0 24 0 13 0
0 0 16 13 0 0 0 0 0 0 0 0 0 0 0 0 0 0 0 0 0 0 0 0 0 0 0 0 1 8 0 28 19 0 40 70 0 9 0 46 0
0 0 15 10 0 0 0 0 0 0 0 0 0 0 0 0 0 0 0 0 0 0 0 0 0 0 0 0 0 9 0 26 21 0 38 70 0 12 0 42 0
0 0 15 8 0 0 0 0 0 0 0 0 0 0 0 0 0 0 0 0 0 0 0 0 0 0 0 0 0 9 0 25 23 0 38 69 0 13 0 40 0
0 0 20 0 0 0 0 0 0 0 0 0 0 0 0 0 0 0 0 0 0 0 4 0 22 0 2 0 0 0 0 16 0 0 28 23 0 0 0 28 11
0 0 14 5 0 0 0 0 0 0 0 0 0 0 0 0 0 0 0 0 0 0 0 0 0 0 0 0 0 10 0 23 26 0 36 67 0 16 0 36 0
0 0 24 1 0 0 0 0 0 0 0 0 0 0 0 0 0 0 0 0 0 0 10 0 21 0 0 0 0 0 0 28 0 0 42 52 0 6 0 37 8
