0 0 0 0 1 0 0 0 0 0 0 0 0 0 0 0 0 0 0 0 0 0 0 0 1 0 0 1 0 3 0 41 0 13 0 8 0 0 0 0 0
0 0 0 0 1 0 0 0 0 0 0 0 0 0 0 0 0 0 0 0 0 0 0 0 0 0 0 1 0 0 0 75 0 18 0 5 0 0 0 0 0
0 0 0 0 2 0 0 0 0 0 0 0 0 0 0 0 0 0 0 0 0 0 0 0 1 0 0 1 0 2 0 36 0 11 0 7 0 0 0 0 0
0 0 0 0 3 0 0 0 0 0 0 0 0 0 0 0 0 0 0 0 0 0 0 0 0 0 0 0 0 1 0 55 0 14 0 6 0 0 0 0 0
2 0 8 3 0 12 0 0 3 0 0 0 0 0 0 0 0 0 32 0 0 7 12 0 4 7 0 1 0 3 0 0 2 0 15 3 0 0 0 0 0
0 0 0 0 5 0 0 0 0 0 0 0 0 0 0 0 0 0 0 0 0 0 0 0 0 0 0 0 0 0 0 62 0 13 0 3 0 0 0 0 0
0 0 0 0 5 0 0 0 0 0 0 0 0 0 0 0 0 0 0 0 0 0 0 0 0 0 0 0 0 1 0 32 0 8 0 4 0 0 0 0 0
3 0 19 5 0 27 0 0 4 0 0 0 0 0 0 0 0 0 71 0 0 24 28 0 3 12 0 0 0 0 0 0 1 0 37 0 0 0 0 0 0
0 0 0 0 0 0 0 0 1 0 0 0 0 0 0 0 0 0 0 0 0 0 0 0 4 0 0 1 0 3 0 18 1 10 0 8 0 0 0 0 0
0 0 0 0 4 0 0 0 0 0 0 0 0 0 0 0 0 0 0 0 0 0 0 0 0 0 0 0 0 2 0 26 0 8 0 5 0 0 0 0 0
0 0 5 11 7 32 0 0 1 0 0 0 0 0 0 0 0 0 32 0 0 21 17 0 0 12 0 0 0 0 0 0 0 0 19 0 0 0 0 0 0
0 0 7 8 3 26 0 0 2 0 0 0 0 0 0 0 0 0 35 0 0 17 17 0 1 10 0 0 0 0 0 0 0 0 19 0 0 0 0 0 0
0 0 0 0 0 0 0 0 1 0 0 0 0 0 0 0 0 0 0 0 0 0 0 0 5 0 0 1 0 5 1 23 2 12 0 11 0 0 0 0 0
3 0 13 6 0 22 0 0 3 0 0 0 0 0 0 0 0 0 53 0 0 16 21 0 4 10 0 0 0 0 0 0 2 0 27 0 0 0 0 0 0
1 0 10 8 1 28 0 0 3 0 0 0 0 0 0 0 0 0 45 0 0 20 20 0 2 11 0 0 0 0 0 0 0 0 24 0 0 0 0 0 0
0 0 0 0 0 0 0 0 0 0 0 0 0 0 0 0 0 0 0 0 0 0 0 0 3 0 0 1 0 4 0 26 1 11 0 8 0 0 0 0 0
3 0 16 4 0 21 0 0 4 0 0 0 0 0 0 0 0 0 60 0 0 17 23 0 4 10 0 0 0 0 0 0 2 0 31 0 0 0 0 0 0
1 0 10 7 0 26 0 0 3 0 0 0 0 0 0 0 0 0 44 0 0 18 20 0 2 11 0 0 0 0 0 0 0 0 23 0 0 0 0 0 0
2 0 10 5 0 20 0 0 2 0 0 0 0 0 0 0 0 0 43 0 0 14 17 0 3 9 0 0 0 0 0 0 2 0 22 0 0 0 0 0 0
0 0 0 0 0 0 0 0 2 0 0 0 0 0 0 0 0 0 0 0 0 0 0 0 5 0 0 1 0 6 1 29 1 15 0 14 0 0 0 0 0
1 0 2 0 0 0 0 0 2 0 0 0 0 0 0 0 0 0 7 0 0 0 2 0 4 2 0 1 0 4 0 4 2 7 2 8 0 0 0 0 0
1 0 6 3 0 11 0 0 2 0 0 0 0 0 0 0 0 0 25 0 0 6 10 0 4 6 0 1 0 2 0 0 2 1 11 4 0 0 0 0 0
0 0 0 0 0 0 0 0 0 0 0 0 0 0 0 0 0 0 0 0 0 0 0 0 3 0 0 2 0 4 0 43 1 15 0 10 0 0 0 0 0
0 0 0 0 0 0 0 0 0 0 0 0 0 0 0 0 0 0 0 0 0 0 0 0 0 0 0 1 0 1 0 72 0 18 0 7 0 0 0 0 0
0 0 0 14 14 37 0 0 0 0 0 0 0 0 0 0 0 1 13 0 0 22 11 0 0 11 0 0 0 0 0 0 0 0 11 0 0 0 0 0 0
2 0 10 5 0 18 0 0 2 0 0 0 0 0 0 0 0 0 42 0 0 12 17 0 3 8 0 0 0 1 0 0 2 0 20 0 0 0 0 0 0
2 0 11 6 0 23 0 0 2 0 0 0 0 0 0 0 0 0 47 0 0 16 20 0 3 10 0 0 0 0 0 0 1 0 24 0 0 0 0 0 0
0 0 0 0 5 0 0 0 0 0 0 0 0 0 0 0 0 0 0 0 0 0 0 0 0 0 0 0 0 0 0 49 0 10 0 2 0 0 0 0 0
0 0 0 0 4 0 0 0 0 0 0 0 0 0 0 0 0 0 0 0 0 0 0 0 0 0 0 0 0 0 0 64 0 14 0 3 0 0 0 0 0
0 0 0 0 3 0 0 0 0 0 0 0 0 0 0 0 0 0 0 0 0 0 0 0 0 0 0 1 0 2 0 35 0 10 0 6 0 0 0 0 0
0 0 7 9 3 28 0 0 2 0 0 0 0 0 0 0 0 0 37 0 0 19 18 0 1 11 0 0 0 0 0 0 0 0 20 0 0 0 0 0 0
0 0 0 3 9 2 0 0 0 0 0 0 0 0 0 0 0 0 0 0 0 0 0 0 0 0 0 0 0 0 0 26 0 4 0 0 0 0 0 0 0
1 0 5 1 0 6 0 0 3 0 0 0 0 0 0 0 0 0 20 0 0 4 8 0 5 5 0 1 0 4 0 0 2 3 9 5 0 0 0 0 0
0 0 0 11 14 25 0 0 0 0 0 0 0 0 0 0 0 0 0 0 0 13 3 0 0 7 0 0 1 0 0 0 0 0 2 0 0 0 0 0 0
3 0 18 4 0 22 0 0 4 0 0 0 0 0 0 0 0 0 66 0 0 19 25 0 4 11 0 0 0 0 0 0 2 0 34 0 0 0 0 0 0
0 0 0 0 1 0 0 0 0 0 0 0 0 0 0 0 0 0 0 0 0 0 0 0 0 0 0 1 0 0 0 69 0 17 0 6 0 0 0 0 0
0 0 0 0 1 0 0 0 0 0 0 0 0 0 0 0 0 0 0 0 0 0 0 0 0 0 0 1 0 1 0 72 0 18 0 8 0 0 0 0 0
0 0 4 10 6 28 0 0 1 0 0 0 0 0 0 0 0 0 28 0 0 17 15 0 0 11 0 0 0 0 0 0 0 0 16 0 0 0 0 0 0
0 0 0 0 5 0 0 0 0 0 0 0 0 0 0 0 0 0 0 0 0 0 0 0 0 0 0 0 0 0 0 43 0 9 0 3 0 0 0 0 0
0 0 0 0 0 0 0 0 0 0 0 0 0 0 0 0 0 0 0 0 0 0 0 0 0 0 0 1 0 2 0 55 0 16 0 8 0 0 0 0 0
0 0 0 9 10 23 0 0 0 0 0 0 0 0 0 0 0 0 6 0 0 12 6 0 0 8 0 0 0 0 0 0 0 0 6 0 0 0 0 0 0
2 0 14 6 0 25 0 0 3 0 0 0 0 0 0 0 0 0 57 0 0 20 23 0 2 11 0 0 0 0 0 0 1 0 30 0 0 0 0 0 0
0 0 0 0 2 0 0 0 0 0 0 0 0 0 0 0 0 0 0 0 0 0 0 0 0 0 0 0 0 0 0 81 0 18 0 5 0 0 0 0 0
0 0 0 6 5 13 0 0 0 0 0 0 0 0 0 0 0 0 5 0 0 6 4 0 0 5 0 0 0 0 0 0 0 0 4 1 0 0 0 0 0
1 0 2 0 0 0 0 0 2 0 0 0 0 0 0 0 0 0 1 0 0 0 0 0 6 0 0 2 0 6 1 13 2 12 0 13 0 0 0 0 0
0 0 0 0 1 0 0 0 0 0 0 0 0 0 0 0 0 0 0 0 0 0 0 0 1 0 0 1 0 2 0 45 0 13 0 8 0 0 0 0 0
1 0 6 7 2 22 0 0 2 0 0 0 0 0 0 0 0 0 31 0 0 14 15 0 2 9 0 0 0 0 0 0 1 0 17 0 0 0 0 0 0
0 0 0 0 1 0 0 0 0 0 0 0 0 0 0 0 0 0 0 0 0 0 0 0 0 0 0 0 0 1 0 68 0 17 0 7 0 0 0 0 0
2 0 10 5 0 20 0 0 3 0 0 0 0 0 0 0 0 0 41 0 0 14 17 0 3 9 0 0 0 0 0 0 1 0 21 0 0 0 0 0 0
2 0 11 5 0 20 0 0 3 0 0 0 0 0 0 0 0 0 46 0 0 14 19 0 4 9 0 0 0 0 0 0 2 0 23 0 0 0 0 0 0
0 0 0 9 7 22 0 0 0 0 0 0 0 0 0 0 0 0 12 0 0 12 8 0 0 8 0 0 0 0 0 0 0 0 8 0 0 0 0 0 0
0 0 1 10 8 25 0 0 0 0 0 0 0 0 0 0 0 0 15 0 0 14 9 0 0 9 0 0 0 0 0 0 0 0 10 0 0 0 0 0 0
3 0 18 5 0 24 0 0 4 0 0 0 0 0 0 0 0 0 68 0 0 20 27 0 3 11 0 0 0 0 0 0 2 0 35 0 0 0 0 0 0
2 0 10 6 0 21 0 0 2 0 0 0 0 0 0 0 0 0 41 0 0 15 17 0 3 9 0 0 0 0 0 0 1 0 21 0 0 0 0 0 0
0 0 0 0 2 0 0 0 0 0 0 0 0 0 0 0 0 0 0 0 0 0 0 0 0 0 0 0 0 2 0 50 0 14 0 7 0 0 0 0 0
0 0 4 11 7 30 0 0 1 0 0 0 0 0 0 0 0 0 26 0 0 19 14 0 0 11 0 0 0 0 0 0 0 0 16 0 0 0 0 0 0
3 0 15 4 0 21 0 0 4 0 0 0 0 0 0 0 0 0 57 0 0 17 23 0 4 10 0 0 0 0 0 0 2 0 29 0 0 0 0 0 0
1 0 9 6 0 20 0 0 2 0 0 0 0 0 0 0 0 0 38 0 0 14 16 0 3 9 0 0 0 0 0 0 1 0 19 0 0 0 0 0 0
2 0 13 5 0 22 0 0 3 0 0 0 0 0 0 0 0 0 51 0 0 17 21 0 3 10 0 0 0 0 0 0 2 0 26 0 0 0 0 0 0
1 0 8 6 0 20 0 0 2 0 0 0 0 0 0 0 0 0 36 0 0 13 15 0 2 9 0 0 0 0 0 0 1 0 18 0 0 0 0 0 0
0 0 0 10 9 24 0 0 0 0 0 0 0 0 0 0 0 0 10 0 0 13 8 0 0 8 0 0 0 0 0 0 0 0 8 0 0 0 0 0 0
0 0 0 2 6 2 0 0 0 0 0 0 0 0 0 0 0 0 0 0 0 0 0 0 0 0 0 0 0 0 0 21 0 5 0 2 0 0 0 0 0
2 0 8 0 0 4 0 0 4 0 0 0 0 0 0 0 0 0 28 0 0 1 9 0 7 5 0 1 0 6 1 0 3 6 12 9 0 0 0 0 0
0 0 0 0 0 0 0 0 1 0 0 0 0 0 0 0 0 0 0 0 0 0 0 0 4 0 0 1 0 5 0 24 1 12 0 11 0 0 0 0 0
2 0 10 6 0 21 0 0 2 0 0 0 0 0 0 0 0 0 42 0 0 15 18 0 3 9 0 0 0 0 0 0 1 0 21 0 0 0 0 0 0
0 0 0 0 4 0 0 0 0 0 0 0 0 0 0 0 0 0 0 0 0 0 0 0 0 0 0 0 0 0 0 50 0 12 0 5 0 0 0 0 0
3 0 15 4 0 20 0 0 4 0 0 0 0 0 0 0 0 0 56 0 0 17 22 0 4 10 0 0 0 1 0 0 2 0 28 0 0 0 0 0 0
2 0 11 5 0 20 0 0 3 0 0 0 0 0 0 0 0 0 44 0 0 14 18 0 3 9 0 0 0 0 0 0 2 0 22 0 0 0 0 0 0
0 0 0 0 0 0 0 0 0 0 0 0 0 0 0 0 0 0 0 0 0 0 0 0 0 0 0 1 0 2 0 67 0 18 0 8 0 0 0 0 0
3 0 19 5 0 26 0 0 4 0 0 0 0 0 0 0 0 0 70 0 0 22 28 0 3 11 0 0 0 0 0 0 2 0 36 0 0 0 0 0 0
2 0 12 5 0 23 0 0 3 0 0 0 0 0 0 0 0 0 49 0 0 18 21 0 3 10 0 0 0 0 0 0 1 0 26 0 0 0 0 0 0
0 0 0 0 2 0 0 0 0 0 0 0 0 0 0 0 0 0 0 0 0 0 0 0 0 0 0 1 0 2 0 44 0 13 0 7 0 0 0 0 0
2 0 12 5 0 20 0 0 3 0 0 0 0 0 0 0 0 0 47 0 0 15 19 0 3 9 0 0 0 0 0 0 2 0 24 0 0 0 0 0 0
0 0 0 0 0 0 0 0 0 0 0 0 0 0 0 0 0 0 0 0 0 0 0 0 1 0 0 1 0 3 0 55 0 17 0 10 0 0 0 0 0
0 0 0 0 0 0 0 0 1 0 0 0 0 0 0 0 0 0 0 0 0 0 0 0 4 0 0 1 0 3 0 15 1 9 0 8 0 0 0 0 0
0 0 0 0 5 0 0 0 0 0 0 0 0 0 0 0 0 0 0 0 0 0 0 0 0 0 0 0 0 1 0 31 0 8 0 5 0 0 0 0 0
1 0 4 0 0 3 0 0 2 0 0 0 0 0 0 0 0 0 12 0 0 1 5 0 4 3 0 1 0 4 0 0 2 5 5 6 0 0 0 0 0
0 0 0 0 7 0 0 0 0 0 0 0 0 0 0 0 0 0 0 0 0 0 0 0 0 0 0 0 0 0 0 43 0 8 0 1 0 0 0 0 0
0 0 7 9 5 31 0 0 2 0 0 0 0 0 0 0 0 0 38 0 0 21 18 0 0 12 0 0 0 0 0 0 0 0 21 0 0 0 0 0 0
0 0 0 0 2 0 0 0 0 0 0 0 0 0 0 0 0 0 0 0 0 0 0 0 0 0 0 1 0 1 0 55 0 14 0 7 0 0 0 0 0
0 0 5 8 5 26 0 0 1 0 0 0 0 0 0 0 0 0 29 0 0 17 14 0 0 10 0 0 0 0 0 0 0 0 16 0 0 0 0 0 0
0 0 1 12 9 32 0 0 0 0 0 0 0 0 0 0 0 0 21 0 0 19 13 0 0 11 0 0 0 0 0 0 0 0 14 0 0 0 0 0 0
0 0 0 0 6 0 0 0 0 0 0 0 0 0 0 0 0 0 0 0 0 0 0 0 0 0 0 0 0 0 0 44 0 10 0 3 0 0 0 0 0
0 0 0 0 5 0 0 0 0 0 0 0 0 0 0 0 0 0 0 0 0 0 0 0 0 0 0 0 0 0 0 52 0 11 0 3 0 0 0 0 0
0 0 0 1 7 0 0 0 0 0 0 0 0 0 0 0 0 0 0 0 0 0 0 0 0 0 0 0 0 0 0 28 0 5 0 1 0 0 0 0 0
4 0 16 3 0 16 0 0 4 0 0 0 0 1 0 0 0 0 57 0 0 11 21 0 6 9 0 0 0 3 0 0 4 0 27 3 0 0 0 0 0
0 0 0 11 10 28 0 0 0 0 0 0 0 0 0 0 0 0 12 0 0 16 9 0 0 9 0 0 0 0 0 0 0 0 9 0 0 0 0 0 0
0 0 0 0 0 0 0 0 0 0 0 0 0 0 0 0 0 0 0 0 0 0 0 0 0 0 0 1 0 1 0 62 0 16 0 8 0 0 0 0 0
0 0 0 3 3 9 0 0 2 0 0 0 0 0 0 0 0 0 6 0 0 4 3 0 1 4 0 0 0 1 0 0 1 3 3 4 0 0 0 0 0
0 0 0 11 11 29 0 0 0 0 0 0 0 0 0 0 0 0 11 0 0 16 9 0 0 10 0 0 0 0 0 0 0 0 9 0 0 0 0 0 0
0 0 0 0 1 0 0 0 0 0 0 0 0 0 0 0 0 0 0 0 0 0 0 0 0 0 0 1 0 2 0 49 0 14 0 8 0 0 0 0 0
0 0 0 0 1 0 0 0 0 0 0 0 0 0 0 0 0 0 0 0 0 0 0 0 2 0 0 1 0 3 0 29 1 10 0 7 0 0 0 0 0
0 0 0 0 0 0 0 0 1 0 0 0 0 0 0 0 0 0 0 0 0 0 0 0 4 0 0 1 0 4 1 21 1 11 0 10 0 0 0 0 0
0 0 0 0 0 0 0 0 1 0 0 0 0 0 0 0 0 0 0 0 0 0 0 0 4 0 0 1 0 5 1 20 1 12 0 11 0 0 0 0 0
1 0 9 6 0 20 0 0 2 0 0 0 0 0 0 0 0 0 38 0 0 13 16 0 3 9 0 0 0 0 0 0 1 0 19 0 0 0 0 0 0
0 0 0 0 0 0 0 0 0 0 0 0 0 0 0 0 0 0 0 0 0 0 0 1 0 0 0 1 0 1 0 113 0 27 0 9 0 0 0 0 0
0 0 0 12 11 33 0 0 0 0 0 0 0 0 0 0 0 0 16 0 0 20 11 0 0 11 0 0 0 0 0 0 0 0 12 0 0 0 0 0 0
0 0 0 0 2 0 0 0 0 0 0 0 0 0 0 0 0 0 0 0 0 0 0 0 0 0 0 1 0 0 0 70 0 17 0 6 0 0 0 0 0
2 0 13 5 0 20 0 0 3 0 0 0 0 0 0 0 0 0 51 0 0 16 20 0 4 10 0 0 0 0 0 0 2 0 26 0 0 0 0 0 0
1 0 10 7 0 26 0 0 2 0 0 0 0 0 0 0 0 0 46 0 0 18 20 0 1 11 0 0 0 0 0 0 1 0 24 0 0 0 0 0 0
0 0 0 0 4 0 0 0 0 0 0 0 0 0 0 0 0 0 0 0 0 0 0 0 0 0 0 0 0 0 0 64 0 15 0 5 0 0 0 0 0
0 0 0 5 7 11 0 0 0 0 0 0 0 0 0 0 0 0 0 0 0 4 0 0 0 3 0 0 0 0 0 7 0 1 0 0 0 0 0 0 0
2 0 12 6 0 24 0 0 3 0 0 0 0 0 0 0 0 0 49 0 0 19 21 0 3 11 0 0 0 0 0 0 1 0 25 0 0 0 0 0 0
0 0 0 0 3 0 0 0 0 0 0 0 0 0 0 0 0 0 0 0 0 0 0 0 0 0 0 0 0 1 0 41 0 11 0 5 0 0 0 0 0
2 0 9 5 0 19 0 0 2 0 0 0 0 0 0 0 0 0 38 0 0 13 16 0 3 9 0 0 0 0 0 0 2 0 19 0 0 0 0 0 0
2 0 8 2 0 9 0 0 3 0 0 0 0 0 0 0 0 0 30 0 0 5 11 0 5 6 0 1 0 4 0 0 2 1 14 4 0 0 0 0 0
0 0 0 0 0 0 0 0 0 0 0 0 0 0 0 0 0 0 0 0 0 0 0 0 0 0 0 1 0 2 0 58 0 17 0 9 0 0 0 0 0
0 0 0 14 14 38 0 0 0 0 0 0 0 0 0 0 0 0 15 0 0 22 12 0 0 12 0 0 0 0 0 0 0 0 13 0 0 0 0 0 0
0 0 0 13 11 33 0 0 0 0 0 0 0 0 0 0 0 0 17 0 0 19 12 0 0 11 0 0 0 0 0 0 0 0 12 0 0 0 0 0 0
0 0 0 0 3 0 0 0 0 0 0 0 0 0 0 0 0 0 0 0 0 0 0 0 0 0 0 0 0 1 0 42 0 11 0 5 0 0 0 0 0
1 0 4 1 0 5 0 0 2 0 0 0 0 0 0 0 0 0 13 0 0 2 5 0 4 4 0 1 0 3 0 0 2 5 6 7 0 0 0 0 0
0 0 0 7 5 16 0 0 1 0 0 0 0 0 0 0 0 0 9 0 0 8 6 0 1 6 0 0 0 0 0 0 0 0 6 0 0 0 0 0 0
0 0 0 0 3 0 0 0 0 0 0 0 0 0 0 0 0 0 0 0 0 0 0 0 0 0 0 0 0 1 0 42 0 11 0 5 0 0 0 0 0
0 0 0 0 1 0 0 0 0 0 0 0 0 0 0 0 0 0 0 0 0 0 0 0 0 0 0 1 0 2 0 55 0 15 0 8 0 0 0 0 0
0 0 0 0 1 0 0 0 0 0 0 0 0 0 0 0 0 0 0 0 0 0 0 0 2 0 0 1 0 3 0 33 1 11 0 8 0 0 0 0 0
0 0 6 7 2 20 0 0 2 0 0 0 0 0 0 0 0 0 28 0 0 12 13 0 2 8 0 0 0 0 0 0 1 0 15 0 0 0 0 0 0
0 0 0 0 0 0 0 0 2 0 0 0 0 0 0 0 0 0 0 0 0 0 0 0 5 0 0 1 0 5 0 24 1 13 0 12 0 0 0 0 0
0 0 7 9 4 30 0 0 2 0 0 0 0 0 0 0 0 0 39 0 0 21 19 0 0 12 0 0 0 0 0 0 0 0 22 0 0 0 0 0 0
0 0 0 0 1 0 0 0 0 0 0 0 0 0 0 0 0 0 0 0 0 0 0 0 0 0 0 1 0 1 0 61 0 16 0 7 0 0 0 0 0
2 0 11 5 0 20 0 0 3 0 0 0 0 0 0 0 0 0 45 0 0 15 19 0 3 9 0 0 0 0 0 0 1 0 23 0 0 0 0 0 0
0 0 0 0 5 0 0 0 0 0 0 0 0 0 0 0 0 0 0 0 0 0 0 0 0 0 0 0 0 0 0 65 0 13 0 3 0 0 0 0 0
0 0 0 0 1 0 0 0 0 0 0 0 0 0 0 0 0 0 0 0 0 0 0 0 0 0 0 1 0 2 0 66 0 17 0 7 0 0 0 0 0
0 0 0 0 6 0 0 0 0 0 0 0 0 0 0 0 0 0 0 0 0 0 0 0 0 0 0 0 0 0 0 41 0 7 0 0 0 0 0 0 0
1 0 8 7 0 22 0 0 2 0 0 0 0 0 0 0 0 0 36 0 0 14 16 0 3 9 0 0 0 0 0 0 1 0 18 0 0 0 0 0 0
3 0 12 4 0 17 0 0 3 0 0 0 0 0 0 0 0 0 44 0 0 11 17 0 4 8 0 1 0 2 0 0 2 0 21 0 0 0 0 0 0
0 0 0 0 0 0 0 0 0 0 0 0 0 0 0 0 0 0 0 0 0 0 0 0 2 0 0 1 0 4 0 49 0 16 0 11 0 0 0 0 0
0 0 0 6 9 11 0 0 0 0 0 0 0 0 0 0 0 0 0 0 0 3 0 0 0 3 0 0 0 0 0 12 0 1 0 0 0 0 0 0 0
1 0 5 0 0 0 0 0 3 0 0 0 0 0 0 0 0 0 15 0 0 0 5 0 6 3 0 1 0 5 1 0 2 8 6 9 0 0 0 0 0
0 0 0 0 0 0 0 0 2 0 0 0 0 0 0 0 0 0 0 0 0 0 0 0 5 0 0 2 0 5 1 31 1 14 0 12 0 0 0 0 0
1 0 5 2 0 7 0 0 2 0 0 0 0 0 0 0 0 0 17 0 0 3 7 0 4 4 0 0 0 3 0 0 2 4 7 6 0 0 0 0 0
3 0 14 4 0 18 0 0 4 0 0 0 0 0 0 0 0 0 53 0 0 13 20 0 4 9 0 0 0 1 0 0 3 0 26 0 0 0 0 0 0
0 0 0 1 5 1 0 0 0 0 0 0 0 0 0 0 0 0 0 0 0 0 0 0 0 0 0 0 0 1 0 18 0 5 0 3 0 0 0 0 0
2 0 11 6 0 23 0 0 3 0 0 0 0 0 0 0 0 0 45 0 0 17 19 0 2 10 0 0 0 0 0 0 1 0 23 0 0 0 0 0 0
2 0 13 6 0 24 0 0 3 0 0 0 0 0 0 0 0 0 52 0 0 19 21 0 2 10 0 0 0 0 0 0 1 0 27 0 0 0 0 0 0
0 0 4 6 2 18 0 0 2 0 0 0 0 0 0 0 0 0 21 0 0 10 10 0 1 8 0 0 0 1 0 0 1 0 11 0 0 0 0 0 0
0 0 0 5 8 10 0 0 0 0 0 0 0 0 0 0 0 0 0 0 0 4 0 0 0 3 0 0 0 0 0 10 0 3 0 1 0 0 0 0 0
0 0 0 0 1 0 0 0 0 0 0 0 0 0 0 0 0 0 0 0 0 0 0 0 0 0 0 1 0 0 0 72 0 17 0 6 0 0 0 0 0
0 0 0 0 0 0 0 0 0 0 0 0 0 0 0 0 0 0 0 0 0 0 0 0 1 0 0 1 0 3 0 46 0 14 0 9 0 0 0 0 0
0 0 0 10 10 26 0 0 0 0 0 0 0 0 0 0 0 0 11 0 0 15 8 0 0 9 0 0 0 0 0 0 0 0 8 0 0 0 0 0 0
2 0 9 3 0 13 0 0 3 0 0 0 0 0 0 0 0 0 35 0 0 8 14 0 5 8 0 0 0 3 1 0 2 0 16 3 0 0 0 0 0
0 0 0 8 10 20 0 0 0 0 0 0 0 0 0 0 0 0 0 0 0 10 3 0 0 6 0 0 0 0 0 0 0 0 3 0 0 0 0 0 0
0 0 0 0 5 0 0 0 0 0 0 0 0 0 0 0 0 0 0 0 0 0 0 0 0 0 0 0 0 0 0 51 0 11 0 3 0 0 0 0 0
2 0 11 6 0 23 0 0 3 0 0 0 0 0 0 0 0 0 44 0 0 17 19 0 2 10 0 0 0 0 0 0 1 0 23 0 0 0 0 0 0
0 0 0 0 3 0 0 0 0 0 0 0 0 0 0 0 0 0 0 0 0 0 0 0 0 0 0 0 0 1 0 58 0 15 0 6 0 0 0 0 0
0 0 0 0 0 0 0 0 0 0 0 0 0 0 0 0 0 0 0 0 0 0 0 1 0 0 0 2 0 3 0 76 0 21 0 11 0 0 0 0 0
0 0 0 7 10 14 0 0 0 0 0 0 0 0 0 0 0 0 0 0 0 6 0 0 0 4 0 0 0 0 0 8 0 0 0 0 0 0 0 0 0
1 0 2 1 0 3 0 0 1 0 0 0 0 0 0 0 0 0 8 0 0 1 3 0 4 3 0 0 0 3 0 3 2 6 3 6 0 0 0 0 0
1 0 10 7 0 24 0 0 3 0 0 0 0 0 0 0 0 0 44 0 0 18 19 0 2 10 0 0 0 0 0 0 1 0 23 0 0 0 0 0 0
1 0 9 7 0 23 0 0 2 0 0 0 0 0 0 0 0 0 40 0 0 16 18 0 2 10 0 0 0 0 0 0 1 0 21 0 0 0 0 0 0
2 0 12 5 0 21 0 0 3 0 0 0 0 0 0 0 0 0 49 0 0 16 20 0 3 10 0 0 0 0 0 0 2 0 25 0 0 0 0 0 0
2 0 10 5 0 19 0 0 3 0 0 0 0 0 0 0 0 0 42 0 0 13 17 0 3 9 0 0 0 1 0 0 2 0 21 0 0 0 0 0 0
0 0 0 0 0 0 0 0 2 0 0 0 0 0 0 0 0 0 0 0 0 0 0 0 5 0 0 1 0 4 0 16 2 10 0 10 0 0 0 0 0
0 0 0 8 6 19 0 0 0 0 0 0 0 0 0 0 0 0 11 0 0 10 7 0 0 7 0 0 0 0 0 0 0 0 7 0 0 0 0 0 0
0 0 4 7 3 21 0 0 1 0 0 0 0 0 0 0 0 0 24 0 0 13 12 0 1 8 0 0 0 0 0 0 1 0 13 0 0 0 0 0 0
1 0 8 6 0 20 0 0 2 0 0 0 0 0 0 0 0 0 37 0 0 13 16 0 3 9 0 0 0 0 0 0 1 0 18 0 0 0 0 0 0
0 0 1 9 7 24 0 0 0 0 0 0 0 0 0 0 0 0 17 0 0 14 10 0 0 8 0 0 0 0 0 0 0 0 11 0 0 0 0 0 0
0 0 0 10 10 25 0 0 0 0 0 0 0 0 0 0 0 0 9 0 0 14 7 0 0 8 0 0 0 0 0 0 0 0 7 0 0 0 0 0 0
0 0 1 6 4 14 0 0 1 0 0 0 0 0 0 0 0 0 11 0 0 7 6 0 2 6 0 0 0 1 0 0 1 1 6 2 0 0 0 0 0
0 0 0 11 10 26 0 0 0 0 0 0 0 0 0 0 0 0 8 0 0 14 7 0 0 9 0 0 0 0 0 0 0 0 7 0 0 0 0 0 0
2 0 10 6 0 19 0 0 3 0 0 0 0 0 0 0 0 0 40 0 0 13 17 0 4 9 0 0 0 0 0 0 2 0 20 0 0 0 0 0 0
2 0 13 5 0 22 0 0 3 0 0 0 0 0 0 0 0 0 53 0 0 17 22 0 3 10 0 0 0 0 0 0 1 0 27 0 0 0 0 0 0
2 0 13 6 0 24 0 0 3 0 0 0 0 0 0 0 0 0 52 0 0 19 22 0 3 11 0 0 0 0 0 0 1 0 27 0 0 0 0 0 0
0 0 0 13 14 33 0 0 0 0 0 0 0 0 0 0 0 0 8 0 0 18 9 0 0 10 0 0 0 0 0 0 0 0 8 0 0 0 0 0 0
2 0 11 5 0 21 0 0 3 0 0 0 0 0 0 0 0 0 45 0 0 16 19 0 3 10 0 0 0 0 0 0 1 0 23 0 0 0 0 0 0
1 0 5 0 0 1 0 0 3 0 0 0 0 0 0 0 0 0 15 0 0 0 5 0 6 3 0 1 0 5 0 0 2 6 6 8 0 0 0 0 0
0 0 6 10 6 32 0 0 2 0 0 0 0 0 0 0 0 0 35 0 0 22 18 0 0 12 0 0 0 0 0 0 0 0 20 0 0 0 0 0 0
3 0 11 3 0 15 0 0 3 0 0 0 0 0 0 0 0 0 43 0 0 10 16 0 4 8 0 0 0 2 0 0 2 0 21 1 0 0 0 0 0
0 0 5 11 7 33 0 0 2 0 0 0 0 0 0 0 0 0 32 0 0 22 17 0 0 12 0 0 0 0 0 0 0 0 19 0 0 0 0 0 0
0 0 0 0 0 0 0 0 0 0 0 0 0 0 0 0 0 0 0 0 0 0 0 0 1 0 0 1 0 3 0 43 0 13 0 8 0 0 0 0 0
3 0 17 5 0 23 0 0 4 0 0 0 0 0 0 0 0 0 63 0 0 19 25 0 3 10 0 0 0 0 0 0 2 0 32 0 0 0 0 0 0
3 0 16 5 0 23 0 0 4 0 0 0 0 0 0 0 0 0 62 0 0 19 24 0 4 11 0 0 0 0 0 0 2 0 32 0 0 0 0 0 0
0 0 4 10 6 27 0 0 1 0 0 0 0 0 0 0 0 0 25 0 0 16 13 0 0 10 0 0 0 0 0 0 0 0 15 0 0 0 0 0 0
1 0 6 3 0 11 0 0 2 0 0 0 0 0 0 0 0 0 24 0 0 6 10 0 5 6 0 0 0 3 0 0 2 2 12 5 0 0 0 0 0
0 0 4 8 4 23 0 0 1 0 0 0 0 0 0 0 0 0 24 0 0 14 12 0 0 9 0 0 0 0 0 0 0 0 14 0 0 0 0 0 0
0 0 1 5 3 13 0 0 1 0 0 0 0 0 0 0 0 0 11 0 0 6 6 0 2 6 0 0 0 1 0 0 1 2 6 3 0 0 0 0 0
0 0 0 0 0 0 0 0 0 0 0 0 0 0 0 0 0 0 0 0 0 0 0 0 0 0 0 1 0 2 0 84 0 22 0 10 0 0 0 0 0
2 0 5 0 0 4 0 0 3 0 0 0 0 0 0 0 0 0 17 0 0 1 6 0 5 4 0 0 0 4 1 0 3 5 7 8 0 0 0 0 0
0 0 0 0 0 0 0 0 0 0 0 0 0 0 0 0 0 0 0 0 0 0 0 0 2 0 0 1 0 3 0 39 0 13 0 9 0 0 0 0 0
0 0 0 0 4 0 0 0 0 0 0 0 0 0 0 0 0 0 0 0 0 0 0 0 0 0 0 0 0 1 0 52 0 12 0 5 0 0 0 0 0
1 0 5 2 0 8 0 0 2 0 0 0 0 0 0 0 0 0 18 0 0 6 7 0 4 5 0 0 0 3 0 0 2 1 9 4 0 0 0 0 0
0 0 0 0 3 0 0 0 0 0 0 0 0 0 0 0 0 0 0 0 0 0 0 0 1 0 0 1 0 2 0 37 0 11 0 7 0 0 0 0 0
0 0 3 7 4 19 0 0 1 0 0 0 0 0 0 0 0 0 18 0 0 11 9 0 1 8 0 0 0 0 0 0 1 0 10 0 0 0 0 0 0
0 0 0 0 2 0 0 0 0 0 0 0 0 0 0 0 0 0 0 0 0 0 0 0 0 0 0 1 0 2 0 48 0 13 0 7 0 0 0 0 0
0 0 0 11 12 27 0 0 0 0 0 0 0 0 0 0 0 0 1 0 0 13 5 0 0 8 0 0 0 0 0 0 0 0 4 0 0 0 0 0 0
2 0 11 6 0 21 0 0 3 0 0 0 0 0 0 0 0 0 45 0 0 15 19 0 3 10 0 0 0 0 0 0 1 0 23 0 0 0 0 0 0
2 0 10 5 0 17 0 0 3 0 0 0 0 0 0 0 0 0 39 0 0 12 16 0 4 8 0 0 0 1 0 0 2 0 19 0 0 0 0 0 0
0 0 0 0 0 0 0 0 0 0 0 0 0 0 0 0 0 0 0 0 0 0 0 0 3 0 0 2 0 5 0 50 0 18 0 13 0 0 0 0 0
3 0 13 5 0 21 0 0 3 0 0 0 0 0 0 0 0 0 52 0 0 15 21 0 3 10 0 0 0 1 0 0 2 0 26 0 0 0 0 0 0
0 0 0 0 4 0 0 0 0 0 0 0 0 0 0 0 0 0 0 0 0 0 0 0 0 0 0 0 0 1 0 49 0 12 0 5 0 0 0 0 0
0 0 0 13 14 33 0 0 0 0 0 0 0 0 0 0 0 0 4 0 0 17 7 0 0 10 0 0 0 0 0 0 0 0 6 0 0 0 0 0 0
0 0 0 1 6 0 0 0 0 0 0 0 0 0 0 0 0 0 0 0 0 0 0 0 0 0 0 0 0 0 0 29 0 7 0 3 0 0 0 0 0
1 0 6 8 2 24 0 0 2 0 0 0 0 0 0 0 0 0 33 0 0 16 16 0 1 10 0 0 0 0 0 0 0 0 18 0 0 0 0 0 0
0 0 3 9 7 25 0 0 0 0 0 0 0 0 0 0 0 0 21 0 0 16 11 0 0 9 0 0 0 0 0 0 0 0 13 0 0 0 0 0 0
0 0 0 0 2 0 0 0 0 0 0 0 0 0 0 0 0 0 0 0 0 0 0 0 0 0 0 1 0 1 0 59 0 15 0 7 0 0 0 0 0
0 0 0 0 5 0 0 0 0 0 0 0 0 0 0 0 0 0 0 0 0 0 0 0 0 0 0 0 0 0 0 60 0 13 0 2 0 0 0 0 0
0 0 0 0 0 0 0 0 0 0 0 0 0 0 0 0 0 0 0 0 0 0 0 0 0 0 0 1 0 2 0 60 0 17 0 8 0 0 0 0 0
0 0 0 0 0 0 0 0 0 0 0 0 0 0 0 0 0 0 0 0 0 0 0 0 1 0 0 1 0 3 0 42 0 13 0 9 0 0 0 0 0
2 0 6 1 0 5 0 0 3 0 0 0 0 0 0 0 0 0 23 0 0 2 8 0 6 5 0 1 0 5 1 0 2 4 10 7 0 0 0 0 0
0 0 0 0 2 0 0 0 0 0 0 0 0 0 0 0 0 0 0 0 0 0 0 0 1 0 0 0 0 2 0 30 1 10 0 7 0 0 0 0 0
0 0 0 0 3 0 0 0 0 0 0 0 0 0 0 0 0 0 0 0 0 0 0 0 0 0 0 0 0 1 0 49 0 12 0 5 0 0 0 0 0
0 0 0 0 1 0 0 0 0 0 0 0 0 0 0 0 0 0 0 0 0 0 0 0 0 0 0 1 0 1 0 54 0 14 0 6 0 0 0 0 0
0 0 0 0 5 0 0 0 0 0 0 0 0 0 0 0 0 0 0 0 0 0 0 0 0 0 0 0 0 0 0 36 0 9 0 3 0 0 0 0 0
0 0 0 0 1 0 0 0 0 0 0 0 0 0 0 0 0 0 0 0 0 0 0 0 0 0 0 1 0 2 0 54 0 15 0 7 0 0 0 0 0
2 0 10 4 0 17 0 0 2 0 0 0 0 0 0 0 0 0 39 0 0 11 16 0 3 8 0 0 0 1 0 0 2 0 19 0 0 0 0 0 0
0 0 0 0 0 0 0 0 0 0 0 0 0 0 0 0 0 0 0 0 0 0 0 0 1 0 0 1 0 3 0 53 0 16 0 10 0 0 0 0 0
0 0 0 0 4 0 0 0 0 0 0 0 0 0 0 0 0 0 0 0 0 0 0 0 0 0 0 0 0 0 0 56 0 13 0 5 0 0 0 0 0
1 0 5 1 0 5 0 0 3 0 0 0 0 0 0 0 0 0 19 0 0 2 7 0 6 5 0 0 0 5 1 0 3 6 8 8 0 0 0 0 0
0 0 0 0 0 0 0 0 1 0 0 0 0 0 0 0 0 0 0 0 0 0 0 0 4 0 0 1 0 4 0 27 1 13 0 11 0 0 0 0 0
0 0 0 0 0 0 0 0 0 0 0 0 0 0 0 0 0 0 0 0 0 0 0 0 1 0 0 1 0 3 0 46 0 14 0 8 0 0 0 0 0
1 0 10 7 0 26 0 0 2 0 0 0 0 0 0 0 0 0 45 0 0 18 20 0 2 11 0 0 0 0 0 0 1 0 24 0 0 0 0 0 0
0 0 0 0 1 0 0 0 0 0 0 0 0 0 0 0 0 0 0 0 0 0 0 0 0 0 0 1 0 1 0 59 0 16 0 7 0 0 0 0 0
0 0 2 6 4 16 0 0 1 0 0 0 0 0 0 0 0 0 14 0 0 9 8 0 2 7 0 0 0 0 0 0 1 0 8 1 0 0 0 0 0
0 0 0 5 11 10 0 0 0 0 0 0 0 0 0 0 0 0 0 0 0 3 0 0 0 2 0 0 0 0 0 15 0 0 0 0 0 0 0 0 0
0 0 0 5 7 12 0 0 0 0 0 0 0 0 0 0 0 0 0 0 0 5 1 0 0 4 0 0 0 0 0 5 0 1 0 0 0 0 0 0 0
2 0 11 5 0 21 0 0 3 0 0 0 0 0 0 0 0 0 45 0 0 16 19 0 3 10 0 0 0 0 0 0 1 0 23 0 0 0 0 0 0
2 0 7 0 0 1 0 0 4 0 0 0 0 0 0 0 0 0 23 0 0 0 7 0 7 4 0 1 0 6 1 0 3 7 9 9 0 0 0 0 0
0 0 0 0 0 0 0 0 1 0 0 0 0 0 0 0 0 0 0 0 0 0 0 0 3 0 0 1 0 4 0 41 1 15 0 12 0 0 0 0 0
0 0 0 0 1 0 0 0 1 0 0 0 0 0 0 0 0 0 0 0 0 0 0 0 2 0 0 1 0 3 0 20 1 9 0 8 0 0 0 0 0
0 0 0 0 0 0 0 0 0 0 0 0 0 0 0 0 0 0 0 0 0 0 0 0 0 0 0 1 0 1 0 92 0 22 0 8 0 0 0 0 0
0 0 0 0 0 0 0 0 0 0 0 0 0 0 0 0 0 0 0 0 0 0 0 0 1 0 0 1 0 3 0 48 0 15 0 9 0 0 0 0 0
1 0 7 8 2 26 0 0 2 0 0 0 0 0 0 0 0 0 35 0 0 17 17 0 1 10 0 0 0 0 0 0 0 0 19 0 0 0 0 0 0
0 0 0 0 1 0 0 0 0 0 0 0 0 0 0 0 0 0 0 0 0 0 0 0 0 0 0 1 0 2 0 46 0 14 0 8 0 0 0 0 0
0 0 0 0 0 0 0 0 1 0 0 0 0 0 0 0 0 0 0 0 0 0 0 0 4 0 0 1 0 4 0 21 1 12 0 11 0 0 0 0 0
0 0 0 0 0 0 0 0 0 0 0 0 0 0 0 0 0 0 0 0 0 0 0 0 1 0 0 1 0 3 0 51 0 15 0 9 0 0 0 0 0
0 0 0 0 0 0 0 0 1 0 0 0 0 0 0 0 0 0 0 0 0 0 0 0 3 0 0 2 0 4 0 31 1 12 0 9 0 0 0 0 0
1 0 8 6 0 20 0 0 2 0 0 0 0 0 0 0 0 0 35 0 0 13 15 0 3 9 0 0 0 0 0 0 1 0 18 0 0 0 0 0 0
2 0 12 5 0 21 0 0 3 0 0 0 0 0 0 0 0 0 48 0 0 15 20 0 3 9 0 0 0 0 0 0 2 0 24 0 0 0 0 0 0
2 0 11 6 0 21 0 0 3 0 0 0 0 0 0 0 0 0 46 0 0 15 19 0 4 10 0 0 0 0 0 0 2 0 23 0 0 0 0 0 0
0 0 0 0 0 0 0 0 2 0 0 0 0 0 0 0 0 0 0 0 0 0 0 0 5 0 0 1 0 5 1 22 2 12 0 12 0 0 0 0 0
0 0 0 2 7 0 0 0 0 0 0 0 0 0 0 0 0 0 0 0 0 0 0 0 0 0 0 0 0 0 0 25 0 5 0 1 0 0 0 0 0
0 0 0 0 2 0 0 0 0 0 0 0 0 0 0 0 0 0 0 0 0 0 0 0 0 0 0 1 0 1 0 42 0 12 0 6 0 0 0 0 0
0 0 0 0 0 0 0 0 1 0 0 0 0 0 0 0 0 0 0 0 0 0 0 0 3 0 0 1 0 4 0 17 1 10 0 8 0 0 0 0 0
1 0 4 0 0 0 0 0 3 0 0 0 0 0 0 0 0 0 11 0 0 0 3 0 5 2 0 1 0 5 1 2 2 8 4 10 0 0 0 0 0
0 0 2 11 8 30 0 0 0 0 0 0 0 0 0 0 0 0 22 0 0 18 13 0 0 10 0 0 0 0 0 0 0 0 14 0 0 0 0 0 0
0 0 5 11 7 34 0 0 2 0 0 0 0 0 0 0 0 0 35 0 0 23 18 0 0 13 0 0 0 0 0 0 0 0 20 0 0 0 0 0 0
2 0 12 5 0 23 0 0 3 0 0 0 0 0 0 0 0 0 49 0 0 18 21 0 3 10 0 0 0 0 0 0 1 0 26 0 0 0 0 0 0
0 0 0 0 1 0 0 0 0 0 0 0 0 0 0 0 0 0 0 0 0 0 0 0 2 0 0 1 0 3 0 37 1 12 0 9 0 0 0 0 0
0 0 0 0 5 0 0 0 0 0 0 0 0 0 0 0 0 0 0 0 0 0 0 0 0 0 0 0 0 1 0 31 0 8 0 5 0 0 0 0 0
0 0 0 12 11 31 0 0 0 0 0 0 0 0 0 0 0 0 16 0 0 19 11 0 0 11 0 0 0 0 0 0 0 0 12 0 0 0 0 0 0
3 0 14 4 0 21 0 0 4 0 0 0 0 0 0 0 0 0 55 0 0 17 22 0 4 10 0 0 0 1 0 0 2 0 28 0 0 0 0 0 0
0 0 2 1 0 1 0 0 2 0 0 0 0 0 0 0 0 0 7 0 0 0 3 0 4 2 0 1 0 4 0 3 2 7 2 8 0 0 0 0 0
0 0 0 0 3 0 0 0 0 0 0 0 0 0 0 0 0 0 0 0 0 0 0 0 0 0 0 0 0 1 0 47 0 12 0 6 0 0 0 0 0
1 0 1 0 0 0 0 0 2 0 0 0 0 0 0 0 0 0 0 0 0 0 0 0 6 0 0 1 0 6 1 16 2 12 0 13 0 0 0 0 0
0 0 4 5 2 16 0 0 1 0 0 0 0 0 0 0 0 0 19 0 0 9 9 0 2 7 0 0 0 1 0 0 1 0 10 1 0 0 0 0 0
0 0 2 3 2 9 0 0 1 0 0 0 0 0 0 0 0 0 10 0 0 4 5 0 2 4 0 0 0 1 0 0 1 2 5 3 0 0 0 0 0
0 0 0 13 12 34 0 0 0 0 0 0 0 0 0 0 0 0 17 0 0 21 12 0 0 11 0 0 0 0 0 0 0 0 13 0 0 0 0 0 0
0 0 0 0 0 0 0 0 0 0 0 0 0 0 0 0 0 0 0 0 0 0 0 0 2 0 0 1 0 3 0 35 1 12 0 9 0 0 0 0 0
0 0 0 0 4 0 0 0 0 0 0 0 0 0 0 0 0 0 0 0 0 0 0 0 0 0 0 0 0 2 0 39 0 11 0 6 0 0 0 0 0
0 0 0 0 0 0 0 0 0 0 0 0 0 0 0 0 0 0 0 0 0 0 0 0 0 0 0 1 0 1 0 70 0 18 0 7 0 0 0 0 0
0 0 0 0 0 0 0 0 0 0 0 0 0 0 0 0 0 0 0 0 0 0 0 0 1 0 0 2 0 3 0 52 0 16 0 10 0 0 0 0 0
0 0 0 0 0 0 0 0 1 0 0 0 0 0 0 0 0 0 0 0 0 0 0 0 4 0 0 2 0 5 0 27 1 13 0 11 0 0 0 0 0
0 0 1 11 9 30 0 0 0 0 0 0 0 0 0 0 0 0 20 0 0 18 12 0 0 10 0 0 0 0 0 0 0 0 13 0 0 0 0 0 0
0 0 0 0 4 0 0 0 0 0 0 0 0 0 0 0 0 0 0 0 0 0 0 0 0 0 0 0 0 1 0 23 0 7 0 4 0 0 0 0 0
0 0 0 12 12 32 0 0 0 0 0 0 0 0 0 0 0 0 13 0 0 18 10 0 0 10 0 0 0 0 0 0 0 0 10 0 0 0 0 0 0
0 0 4 5 1 14 0 0 2 0 0 0 0 0 0 0 0 0 21 0 0 8 9 0 3 7 0 0 0 1 0 0 1 0 11 2 0 0 0 0 0
2 0 7 2 0 7 0 0 4 0 0 0 0 0 0 0 0 0 26 0 0 3 10 0 6 6 0 1 0 5 1 0 3 4 11 7 0 0 0 0 0
