0 0 0 10 3 0 0 0 0 0 0 0 0 0 0 0 0 6 0 0 0 2 0 3 0 13 3 7 2 9 0 38 0 0 20 34 0 0 6 27 0
15 0 8 0 0 0 0 0 0 0 0 0 0 0 0 0 0 0 0 0 0 0 4 0 0 0 0 0 0 0 0 22 0 0 30 36 0 0 0 37 8
36 0 30 0 0 0 0 0 0 0 0 0 0 0 0 0 0 0 0 0 0 0 11 0 0 0 0 0 0 0 0 0 0 0 0 0 0 0 0 0 0
3 0 0 1 0 0 0 0 0 0 0 0 0 0 0 0 0 0 0 0 0 0 0 1 0 5 0 2 0 4 0 28 0 0 35 41 0 0 0 47 6
0 0 0 6 2 0 0 0 0 0 0 0 0 0 0 0 0 2 0 0 0 0 0 2 0 10 2 6 2 8 0 36 0 0 26 37 0 0 1 41 2
0 0 0 9 4 0 0 0 0 0 0 0 0 0 0 0 0 4 0 0 0 1 0 3 0 12 3 7 2 9 0 35 0 0 19 32 0 0 5 28 0
0 0 0 7 3 0 0 0 0 0 0 0 0 0 0 0 0 2 0 0 0 0 0 3 0 11 3 6 2 9 0 35 0 0 21 34 0 0 2 36 2
0 0 0 10 4 0 0 0 0 0 0 0 0 0 0 0 0 6 0 0 0 2 0 3 1 13 2 7 2 8 0 34 0 0 18 31 0 0 6 24 0
22 0 14 0 0 0 0 0 0 0 0 0 0 0 0 0 0 0 0 0 0 0 8 0 0 0 0 0 0 0 0 7 0 0 15 17 0 0 0 16 6
22 0 14 0 0 0 0 0 0 0 0 0 0 0 0 0 0 0 0 0 0 0 7 0 0 0 0 0 0 0 0 7 0 0 15 16 0 0 0 16 5
16 0 10 0 0 0 0 0 0 0 0 0 0 0 0 0 0 0 0 0 0 0 6 0 0 0 0 0 0 0 0 20 0 0 29 34 0 0 0 34 8
0 0 0 10 4 0 0 0 0 0 0 0 0 0 0 0 0 7 0 0 0 3 0 3 1 13 3 6 1 8 0 35 0 0 16 31 0 0 7 16 0
0 0 0 8 3 0 0 0 0 0 0 0 0 0 0 0 0 3 0 0 0 0 0 3 0 11 2 7 3 9 0 36 0 0 22 34 0 0 2 37 1
0 0 0 7 4 0 0 0 0 0 0 0 0 0 0 0 0 2 0 0 0 0 0 2 0 11 2 6 3 9 0 34 0 0 21 33 0 0 2 36 2
11 0 6 0 0 0 0 0 0 0 0 0 0 0 0 0 0 0 0 0 0 0 3 1 0 1 0 0 0 0 0 24 0 0 32 38 0 0 0 40 7
2 0 0 2 0 0 0 0 0 0 0 0 0 0 0 0 0 0 0 0 0 0 0 1 0 5 0 2 0 3 0 27 0 0 33 38 0 0 0 44 6
10 0 5 0 0 0 0 0 0 0 0 0 0 0 0 0 0 0 0 0 0 0 3 1 0 1 0 0 0 0 0 23 0 0 33 38 0 0 0 40 7
0 0 0 5 1 0 0 0 0 0 0 0 0 0 0 0 0 0 0 0 0 0 0 2 0 9 1 5 2 7 0 32 0 0 28 36 0 0 0 45 3
0 0 0 11 3 0 0 0 0 0 0 0 0 0 0 0 0 9 0 0 0 4 0 5 2 14 4 6 0 6 0 36 0 0 13 29 0 0 9 6 0
0 0 0 10 5 0 0 0 0 0 0 0 0 0 0 0 0 6 0 0 0 2 0 3 1 13 2 6 2 8 0 35 0 0 17 31 0 0 7 20 0
0 0 0 8 4 0 0 0 0 0 0 0 0 0 0 0 0 3 0 0 0 0 0 2 0 11 3 6 3 9 0 34 0 0 20 33 0 0 2 34 2
0 0 0 10 5 0 0 0 0 0 0 0 0 0 0 0 0 7 0 0 0 3 0 4 2 13 3 6 1 7 0 33 0 0 13 28 0 0 7 12 0
0 0 0 4 1 0 0 0 0 0 0 0 0 0 0 0 0 0 0 0 0 0 0 2 0 7 0 4 1 6 0 30 0 0 32 39 0 0 0 44 5
9 0 5 0 0 0 0 0 0 0 0 0 0 0 0 0 0 0 0 0 0 0 4 1 0 2 0 0 0 1 0 27 0 0 36 41 0 0 0 43 7
12 0 7 0 0 0 0 0 0 0 0 0 0 0 0 0 0 0 0 0 0 0 4 0 0 0 0 0 0 0 0 24 0 0 33 39 0 0 0 40 8
0 0 0 6 3 0 0 0 0 0 0 0 0 0 0 0 0 1 0 0 0 0 0 2 0 9 1 6 2 8 0 33 0 0 24 34 0 0 1 40 3
0 0 0 8 4 0 0 0 0 0 0 0 0 0 0 0 0 3 0 0 0 1 0 3 0 12 2 7 3 9 0 35 0 0 21 33 0 0 3 33 1
0 0 0 6 2 0 0 0 0 0 0 0 0 0 0 0 0 1 0 0 0 0 0 2 0 10 2 5 2 8 0 35 0 0 25 36 0 0 1 40 3
37 0 31 0 0 0 0 0 0 0 0 0 0 0 0 0 0 0 0 0 0 0 12 0 0 0 0 0 0 0 0 0 0 0 0 0 0 0 0 0 0
0 0 0 6 2 0 0 0 0 0 0 0 0 0 0 0 0 1 0 0 0 0 0 2 0 10 2 6 2 8 0 34 0 0 25 35 0 0 0 41 3
27 0 21 0 0 0 0 0 0 0 0 0 0 0 0 0 0 0 0 0 0 0 8 0 0 0 0 0 0 0 0 0 0 0 0 0 0 0 0 0 0
0 0 0 8 3 0 0 0 0 0 0 0 0 0 0 0 0 3 0 0 0 0 0 3 0 11 3 6 3 9 0 37 0 0 21 34 0 0 3 36 2
32 0 26 0 0 0 0 0 0 0 0 0 0 0 0 0 0 0 0 0 0 0 11 0 0 0 0 0 0 0 0 0 0 0 0 0 0 0 0 0 0
0 0 0 7 2 0 0 0 0 0 0 0 0 0 0 0 0 2 0 0 0 0 0 3 0 11 3 6 3 9 0 37 0 0 23 35 0 0 2 39 2
27 0 20 0 0 0 0 0 0 0 0 0 0 0 0 0 0 0 0 0 0 0 9 0 0 0 0 0 0 0 0 0 0 0 0 0 0 0 0 0 1
3 0 0 1 0 0 0 0 0 0 0 0 0 0 0 0 0 0 0 0 0 0 1 1 0 5 0 2 0 3 0 29 0 0 36 42 0 0 0 47 6
0 0 0 9 4 0 0 0 0 0 0 0 0 0 0 0 0 5 0 0 0 1 0 3 0 12 3 7 3 9 0 36 0 0 19 31 0 0 5 29 0
0 0 0 8 4 0 0 0 0 0 0 0 0 0 0 0 0 3 0 0 0 1 0 3 0 11 2 6 3 9 0 35 0 0 20 33 0 0 4 31 1
34 0 27 0 0 0 0 0 0 0 0 0 0 0 0 0 0 0 0 0 0 0 10 0 0 0 0 0 0 0 0 0 0 0 0 0 0 0 0 0 0
0 0 0 10 4 0 0 0 0 0 0 0 0 0 0 0 0 8 0 0 0 4 0 4 2 14 3 6 0 7 0 36 0 0 14 30 0 0 8 10 0
0 0 0 9 4 0 0 0 0 0 0 0 0 0 0 0 0 4 0 0 0 1 0 3 0 12 3 6 2 9 0 36 0 0 20 33 0 0 4 29 1
0 0 0 3 0 0 0 0 0 0 0 0 0 0 0 0 0 0 0 0 0 0 0 1 0 7 0 4 1 6 0 31 0 0 30 38 0 0 0 46 4
0 0 0 3 0 0 0 0 0 0 0 0 0 0 0 0 0 0 0 0 0 0 0 2 0 7 0 4 1 6 0 31 0 0 32 40 0 0 0 47 5
0 0 0 2 0 0 0 0 0 0 0 0 0 0 0 0 0 0 0 0 0 0 0 1 0 6 0 3 1 5 0 28 0 0 32 38 0 0 0 46 5
1 0 0 2 0 0 0 0 0 0 0 0 0 0 0 0 0 0 0 0 0 0 0 1 0 5 0 3 1 4 0 27 0 0 32 37 0 0 0 44 5
20 0 14 0 0 0 0 0 0 0 0 0 0 0 0 0 0 0 0 0 0 0 7 0 0 0 0 0 0 0 0 4 0 0 12 11 0 0 0 10 4
35 0 30 0 0 0 0 0 0 0 0 0 0 0 0 0 0 0 0 0 0 0 12 0 0 0 0 0 0 0 0 0 0 0 0 0 0 0 0 0 0
0 0 0 8 3 0 0 0 0 0 0 0 0 0 0 0 0 3 0 0 0 0 0 3 0 12 3 7 3 9 0 37 0 0 22 34 0 0 2 37 1
0 0 0 3 0 0 0 0 0 0 0 0 0 0 0 0 0 0 0 0 0 0 0 1 0 7 0 3 1 5 0 30 0 0 32 39 0 0 0 47 5
0 0 0 6 2 0 0 0 0 0 0 0 0 0 0 0 0 1 0 0 0 0 0 2 0 9 1 5 2 8 0 33 0 0 26 36 0 0 0 41 3
19 0 11 0 0 0 0 0 0 0 0 0 0 0 0 0 0 0 0 0 0 0 5 0 0 0 0 0 0 0 0 14 0 0 22 26 0 0 0 28 7
29 0 24 0 0 0 0 0 0 0 0 0 0 0 0 0 0 0 0 0 0 0 10 0 0 0 0 0 0 0 0 0 0 0 0 0 0 0 0 0 0
27 0 17 0 0 0 0 0 0 0 0 0 0 0 0 0 0 0 0 0 0 0 6 0 0 0 0 0 0 0 0 0 0 0 6 7 0 0 0 7 5
34 0 29 0 0 0 0 0 0 0 0 0 0 0 0 0 0 0 0 0 0 0 12 0 0 0 0 0 0 0 0 0 0 0 0 0 0 0 0 0 0
0 0 0 5 0 0 0 0 0 0 0 0 0 0 0 0 0 0 0 0 0 0 0 2 0 8 1 5 2 7 0 34 0 0 32 40 0 0 0 47 4
0 0 0 3 0 0 0 0 0 0 0 0 0 0 0 0 0 0 0 0 0 0 0 1 0 7 0 4 1 5 0 30 0 0 31 38 0 0 0 45 4
25 0 16 0 0 0 0 0 0 0 0 0 0 0 0 0 0 0 0 0 0 0 7 0 0 0 0 0 0 0 0 2 0 0 11 11 0 0 0 10 5
8 0 4 0 0 0 0 0 0 0 0 0 0 0 0 0 0 0 0 0 0 0 2 1 0 2 0 0 0 1 0 24 0 0 34 39 0 0 0 41 7
0 0 0 9 5 0 0 0 0 0 0 0 0 0 0 0 0 3 0 0 0 1 0 3 1 11 2 6 2 9 0 34 0 0 19 32 0 0 4 29 1
0 0 0 8 3 0 0 0 0 0 0 0 0 0 0 0 0 3 0 0 0 0 0 3 0 11 3 6 3 9 0 37 0 0 22 34 0 0 2 37 2
0 0 0 10 4 0 0 0 0 0 0 0 0 0 0 0 0 5 0 0 0 2 0 3 1 13 3 7 2 9 0 36 0 0 20 33 0 0 6 26 0
0 0 0 5 2 0 0 0 0 0 0 0 0 0 0 0 0 0 0 0 0 0 0 2 0 8 1 5 2 7 0 32 0 0 27 36 0 0 0 42 3
42 0 34 0 0 0 0 0 0 0 0 0 0 0 0 0 0 0 0 0 0 0 12 0 0 0 0 0 0 0 0 0 0 0 0 0 0 0 0 0 0
40 0 33 0 0 0 0 0 0 0 0 0 0 0 0 0 0 0 0 0 0 0 12 0 0 0 0 0 0 0 0 0 0 0 0 0 0 0 0 0 0
0 0 0 12 3 0 0 0 0 0 0 0 0 0 0 0 0 12 0 0 0 7 0 6 2 15 5 5 0 4 0 40 0 0 9 28 0 0 13 0 0
21 0 13 0 0 0 0 0 0 0 0 0 0 0 0 0 0 0 0 0 0 0 7 0 0 0 0 0 0 0 0 11 0 0 19 22 0 0 0 23 7
0 0 0 9 4 0 0 0 0 0 0 0 0 0 0 0 0 5 0 0 0 2 0 3 1 12 2 6 2 8 0 35 0 0 19 33 0 0 6 24 0
2 0 0 1 0 0 0 0 0 0 0 0 0 0 0 0 0 0 0 0 0 0 0 1 0 5 0 2 0 4 0 29 0 0 36 41 0 0 0 46 6
23 0 17 0 0 0 0 0 0 0 0 0 0 0 0 0 0 0 0 0 0 0 8 0 0 0 0 0 0 0 0 0 0 0 3 1 0 0 0 0 2
0 0 0 7 3 0 0 0 0 0 0 0 0 0 0 0 0 2 0 0 0 0 0 2 0 11 3 6 3 9 0 36 0 0 22 34 0 0 2 38 2
1 0 0 2 0 0 0 0 0 0 0 0 0 0 0 0 0 0 0 0 0 0 0 2 0 6 0 3 1 4 0 30 0 0 35 41 0 0 0 47 6
0 0 0 2 0 0 0 0 0 0 0 0 0 0 0 0 0 0 0 0 0 0 0 1 0 6 0 3 1 4 0 27 0 0 32 38 0 0 0 44 5
44 0 37 0 0 0 0 0 0 0 0 0 0 0 0 0 0 0 0 0 0 0 12 0 0 0 0 0 0 0 0 0 0 0 0 0 0 0 0 0 0
0 0 0 10 4 0 0 0 0 0 0 0 0 0 0 0 0 6 0 0 0 2 0 3 1 13 3 7 2 9 0 37 0 0 20 34 0 0 6 25 0
7 0 2 0 0 0 0 0 0 0 0 0 0 0 0 0 0 0 0 0 0 0 2 1 0 3 0 0 0 2 0 26 0 0 35 40 0 0 0 44 7
25 0 17 0 0 0 0 0 0 0 0 0 0 0 0 0 0 0 0 0 0 0 7 0 0 0 0 0 0 0 0 0 0 0 6 5 0 0 0 3 4
0 0 0 4 1 0 0 0 0 0 0 0 0 0 0 0 0 0 0 0 0 0 0 1 0 7 0 4 2 6 0 30 0 0 29 37 0 0 0 44 4
11 0 6 0 0 0 0 0 0 0 0 0 0 0 0 0 0 0 0 0 0 0 3 1 0 1 0 0 0 0 0 25 0 0 32 39 0 0 0 41 7
18 0 10 0 0 0 0 0 0 0 0 0 0 0 0 0 0 0 0 0 0 0 5 0 0 0 0 0 0 0 0 12 0 0 18 23 0 0 0 26 6
0 0 0 8 3 0 0 0 0 0 0 0 0 0 0 0 0 3 0 0 0 0 0 3 0 12 3 7 3 9 0 38 0 0 23 35 0 0 2 39 1
8 0 4 0 0 0 0 0 0 0 0 0 0 0 0 0 0 0 0 0 0 0 3 1 0 2 0 0 0 1 0 26 0 0 34 40 0 0 0 42 7
3 0 0 2 0 0 0 0 0 0 0 0 0 0 0 0 0 0 0 0 0 0 0 1 0 5 0 2 0 4 0 27 0 0 34 39 0 0 0 45 6
0 0 0 10 4 0 0 0 0 0 0 0 0 0 0 0 0 6 0 0 0 2 0 3 1 13 3 7 2 8 0 36 0 0 19 32 0 0 6 24 0
11 0 6 0 0 0 0 0 0 0 0 0 0 0 0 0 0 0 0 0 0 0 4 0 0 1 0 0 0 0 0 23 0 0 31 37 0 0 0 38 7
21 0 14 0 0 0 0 0 0 0 0 0 0 0 0 0 0 0 0 0 0 0 8 0 0 0 0 0 0 0 0 8 0 0 16 18 0 0 0 17 6
0 0 0 9 4 0 0 0 0 0 0 0 0 0 0 0 0 4 0 0 0 1 0 3 0 11 2 6 2 8 0 33 0 0 19 32 0 0 4 27 1
7 0 3 0 0 0 0 0 0 0 0 0 0 0 0 0 0 0 0 0 0 0 2 1 0 3 0 0 0 2 0 27 0 0 35 41 0 0 0 43 7
8 0 4 0 0 0 0 0 0 0 0 0 0 0 0 0 0 0 0 0 0 0 2 1 0 2 0 0 0 1 0 25 0 0 33 39 0 0 0 42 7
21 0 14 0 0 0 0 0 0 0 0 0 0 0 0 0 0 0 0 0 0 0 7 0 0 0 0 0 0 0 0 2 0 0 10 9 0 0 0 10 4
10 0 6 0 0 0 0 0 0 0 0 0 0 0 0 0 0 0 0 0 0 0 4 1 0 1 0 0 0 0 0 25 0 0 34 39 0 0 0 41 7
0 0 0 10 4 0 0 0 0 0 0 0 0 0 0 0 0 8 0 0 0 3 0 4 1 13 3 6 1 8 0 37 0 0 16 31 0 0 8 15 0
26 0 21 0 0 0 0 0 0 0 0 0 0 0 0 0 0 0 0 0 0 0 9 0 0 0 0 0 0 0 0 0 0 0 0 0 0 0 0 0 0
3 0 0 1 0 0 0 0 0 0 0 0 0 0 0 0 0 0 0 0 0 0 0 1 0 5 0 2 0 3 0 27 0 0 34 40 0 0 0 46 6
0 0 0 8 4 0 0 0 0 0 0 0 0 0 0 0 0 3 0 0 0 1 0 2 0 12 2 7 3 9 0 35 0 0 20 32 0 0 3 32 1
0 0 0 11 4 0 0 0 0 0 0 0 0 0 0 0 0 9 0 0 0 4 0 5 2 14 4 6 1 7 0 38 0 0 14 30 0 0 9 7 0
7 0 2 0 0 0 0 0 0 0 0 0 0 0 0 0 0 0 0 0 0 0 1 1 0 3 0 0 0 2 0 25 0 0 33 38 0 0 0 42 7
0 0 0 6 2 0 0 0 0 0 0 0 0 0 0 0 0 1 0 0 0 0 0 2 0 10 2 6 2 8 0 36 0 0 28 38 0 0 0 44 3
0 0 0 10 4 0 0 0 0 0 0 0 0 0 0 0 0 8 0 0 0 4 0 4 2 13 3 6 1 7 0 37 0 0 15 30 0 0 9 11 0
0 0 0 7 4 0 0 0 0 0 0 0 0 0 0 0 0 2 0 0 0 0 0 2 0 10 2 6 3 9 0 35 0 0 22 34 0 0 1 38 2
0 0 0 4 0 0 0 0 0 0 0 0 0 0 0 0 0 0 0 0 0 0 0 2 0 8 1 5 2 7 0 34 0 0 31 40 0 0 0 47 4
13 0 8 0 0 0 0 0 0 0 0 0 0 0 0 0 0 0 0 0 0 0 4 0 0 0 0 0 0 0 0 22 0 0 31 36 0 0 0 37 8
19 0 11 0 0 0 0 0 0 0 0 0 0 0 0 0 0 0 0 0 0 0 6 0 0 0 0 0 0 0 0 12 0 0 20 23 0 0 0 24 6
33 0 26 0 0 0 0 0 0 0 0 0 0 0 0 0 0 0 0 0 0 0 9 0 0 0 0 0 0 0 0 0 0 0 0 0 0 0 0 0 0
0 0 0 9 4 0 0 0 0 0 0 0 0 0 0 0 0 4 0 0 0 1 0 3 0 12 3 7 3 9 0 35 0 0 20 33 0 0 4 30 1
11 0 6 0 0 0 0 0 0 0 0 0 0 0 0 0 0 0 0 0 0 0 5 1 0 0 0 0 0 0 0 23 0 0 32 37 0 0 0 39 7
0 0 0 10 4 0 0 0 0 0 0 0 0 0 0 0 0 6 0 0 0 2 0 3 1 13 3 6 1 8 0 35 0 0 16 31 0 0 7 19 0
0 0 0 6 3 0 0 0 0 0 0 0 0 0 0 0 0 1 0 0 0 0 0 2 0 10 2 6 3 8 0 35 0 0 25 36 0 0 1 42 3
29 0 21 0 0 0 0 0 0 0 0 0 0 0 0 0 0 0 0 0 0 0 7 0 0 0 0 0 0 0 0 0 0 0 0 0 0 0 0 0 0
29 0 24 0 0 0 0 0 0 0 0 0 0 0 0 0 0 0 0 0 0 0 10 0 0 0 0 0 0 0 0 0 0 0 0 0 0 0 0 0 0
0 0 0 9 4 0 0 0 0 0 0 0 0 0 0 0 0 5 0 0 0 2 0 3 1 12 3 7 2 8 0 33 0 0 17 31 0 0 5 24 0
0 0 0 9 4 0 0 0 0 0 0 0 0 0 0 0 0 6 0 0 0 2 0 3 1 13 3 6 2 8 0 34 0 0 17 31 0 0 6 22 0
0 0 0 4 1 0 0 0 0 0 0 0 0 0 0 0 0 0 0 0 0 0 0 2 0 8 1 5 2 7 0 31 0 0 28 36 0 0 0 44 3
24 0 18 0 0 0 0 0 0 0 0 0 0 0 0 0 0 0 0 0 0 0 8 0 0 0 0 0 0 0 0 0 0 0 2 0 0 0 0 0 2
21 0 13 0 0 0 0 0 0 0 0 0 0 0 0 0 0 0 0 0 0 0 6 0 0 0 0 0 0 0 0 7 0 0 14 16 0 0 0 17 5
13 0 7 0 0 0 0 0 0 0 0 0 0 0 0 0 0 0 0 0 0 0 4 1 0 0 0 0 0 0 0 23 0 0 31 37 0 0 0 39 7
0 0 0 7 3 0 0 0 0 0 0 0 0 0 0 0 0 2 0 0 0 0 0 3 0 11 2 6 3 9 0 36 0 0 23 35 0 0 2 39 2
0 0 0 9 4 0 0 0 0 0 0 0 0 0 0 0 0 4 0 0 0 1 0 3 0 12 3 7 3 9 0 36 0 0 19 33 0 0 4 30 1
6 0 2 1 0 0 0 0 0 0 0 0 0 0 0 0 0 0 0 0 0 0 0 1 0 3 0 1 0 2 0 25 0 0 33 38 0 0 0 43 7
0 0 0 10 4 0 0 0 0 0 0 0 0 0 0 0 0 8 0 0 0 4 0 4 2 13 3 6 1 7 0 36 0 0 14 29 0 0 8 10 0
34 0 27 0 0 0 0 0 0 0 0 0 0 0 0 0 0 0 0 0 0 0 10 0 0 0 0 0 0 0 0 0 0 0 0 0 0 0 0 0 0
30 0 24 0 0 0 0 0 0 0 0 0 0 0 0 0 0 0 0 0 0 0 10 0 0 0 0 0 0 0 0 0 0 0 0 0 0 0 0 0 0
0 0 0 8 3 0 0 0 0 0 0 0 0 0 0 0 0 3 0 0 0 0 0 3 0 11 3 6 3 9 0 37 0 0 22 35 0 0 2 37 2
14 0 8 0 0 0 0 0 0 0 0 0 0 0 0 0 0 0 0 0 0 0 4 0 0 0 0 0 0 0 0 23 0 0 33 39 0 0 0 40 8
0 0 0 3 0 0 0 0 0 0 0 0 0 0 0 0 0 0 0 0 0 0 0 1 0 7 0 3 1 5 0 30 0 0 34 40 0 0 0 47 5
0 0 0 9 3 0 0 0 0 0 0 0 0 0 0 0 0 4 0 0 0 1 0 3 0 12 3 7 3 9 0 37 0 0 22 34 0 0 4 32 1
0 0 0 3 0 0 0 0 0 0 0 0 0 0 0 0 0 0 0 0 0 0 0 1 0 7 0 4 1 6 0 31 0 0 32 39 0 0 0 47 4
8 0 3 0 0 0 0 0 0 0 0 0 0 0 0 0 0 0 0 0 0 0 1 1 0 3 0 0 0 1 0 24 0 0 33 39 0 0 0 42 7
0 0 0 6 3 0 0 0 0 0 0 0 0 0 0 0 0 1 0 0 0 0 0 2 0 10 2 6 3 8 0 33 0 0 23 33 0 0 1 38 2
35 0 29 0 0 0 0 0 0 0 0 0 0 0 0 0 0 0 0 0 0 0 12 0 0 0 0 0 0 0 0 0 0 0 0 0 0 0 0 0 0
0 0 0 5 2 0 0 0 0 0 0 0 0 0 0 0 0 0 0 0 0 0 0 2 0 8 1 5 2 7 0 32 0 0 26 35 0 1 0 41 3
0 0 0 10 5 0 0 0 0 0 0 0 0 0 0 0 0 7 0 0 0 3 0 4 2 13 3 6 0 7 0 35 0 1 13 29 0 0 8 11 0
4 0 0 1 0 0 0 0 0 0 0 0 0 0 0 0 0 0 0 0 0 0 0 1 0 4 0 1 0 3 0 27 0 0 34 39 0 0 0 45 6
0 0 0 10 5 0 0 0 0 0 0 0 0 0 0 0 0 7 0 0 0 3 0 3 2 13 3 7 1 8 0 34 0 0 15 29 0 0 7 16 0
0 0 0 7 4 0 0 0 0 0 0 0 0 0 0 0 0 2 0 0 0 0 0 2 0 10 2 6 3 9 0 34 0 0 22 33 0 0 2 36 2
0 0 0 7 3 0 0 0 0 0 0 0 0 0 0 0 0 1 0 0 0 0 0 3 0 10 2 6 2 8 0 35 0 0 23 35 0 0 1 40 2
0 0 0 12 3 0 0 0 0 0 0 0 0 0 0 0 0 14 0 0 0 7 0 7 2 15 5 5 0 4 0 41 0 0 8 27 0 0 13 0 0
25 0 17 0 0 0 0 0 0 0 0 0 0 0 0 0 0 0 0 0 0 0 7 0 0 0 0 0 0 0 0 1 0 0 10 11 0 0 0 10 5
6 0 2 0 0 0 0 0 0 0 0 0 0 0 0 0 0 0 0 0 0 0 1 1 0 3 0 1 0 2 0 26 0 0 34 39 0 0 0 42 7
0 0 0 7 4 0 0 0 0 0 0 0 0 0 0 0 0 2 0 0 0 0 0 2 0 11 3 7 3 9 0 35 0 0 21 33 0 0 2 37 1
0 0 0 5 0 0 0 0 0 0 0 0 0 0 0 0 0 0 0 0 0 0 0 2 0 9 1 5 2 7 0 33 0 0 29 38 0 0 0 45 4
6 0 2 0 0 0 0 0 0 0 0 0 0 0 0 0 0 0 0 0 0 0 1 1 0 3 0 1 0 2 0 26 0 0 35 40 0 0 0 44 7
0 0 0 8 3 0 0 0 0 0 0 0 0 0 0 0 0 3 0 0 0 0 0 3 0 12 3 7 3 9 0 39 0 0 23 36 0 0 2 39 2
4 0 0 1 0 0 0 0 0 0 0 0 0 0 0 0 0 0 0 0 0 0 0 1 0 4 0 2 0 3 0 27 0 0 34 40 0 0 0 45 6
0 0 0 5 1 0 0 0 0 0 0 0 0 0 0 0 0 0 0 0 0 0 0 2 0 9 1 5 2 8 0 34 0 0 30 39 0 0 0 44 4
17 0 9 0 0 0 0 0 0 0 0 0 0 0 0 0 0 0 0 0 0 0 4 0 0 0 0 0 0 0 0 15 0 0 23 28 0 0 0 30 6
10 0 5 0 0 0 0 0 0 0 0 0 0 0 0 0 0 0 0 0 0 0 4 1 0 2 0 0 0 0 0 26 0 0 34 40 0 0 0 42 8
0 0 0 7 3 0 0 0 0 0 0 0 0 0 0 0 0 1 0 0 0 0 0 2 0 10 2 6 3 8 0 34 0 0 23 34 0 0 1 39 2
42 0 35 0 0 0 0 0 0 0 0 0 0 0 0 0 0 0 0 0 0 0 12 0 0 0 0 0 0 0 0 0 0 0 0 0 0 0 0 0 0
11 0 6 0 0 0 0 0 0 0 0 0 0 0 0 0 0 0 0 0 0 0 2 0 0 1 0 0 0 0 0 21 0 0 30 35 0 0 0 37 7
0 0 0 6 2 0 0 0 0 0 0 0 0 0 0 0 0 1 0 0 0 0 0 2 0 10 2 6 3 9 0 36 0 0 25 36 0 0 0 42 2
0 0 0 10 5 0 0 0 0 0 0 0 0 0 0 0 0 5 0 0 0 2 0 3 1 12 2 6 2 8 0 35 0 0 18 31 0 0 6 21 0
0 0 0 12 4 0 0 0 0 0 0 0 0 0 0 0 0 12 0 0 0 6 0 6 3 15 4 5 0 5 0 39 0 0 9 28 0 0 12 0 0
7 0 3 0 0 0 0 0 0 0 0 0 0 0 0 0 0 0 0 0 0 0 2 1 0 3 0 0 0 2 0 26 0 0 34 39 0 0 0 42 7
26 0 19 0 0 0 0 0 0 0 0 0 0 0 0 0 0 0 0 0 0 0 8 0 0 0 0 0 0 0 0 0 0 0 0 0 0 0 0 0 1
27 0 22 0 0 0 0 0 0 0 0 0 0 0 0 0 0 0 0 0 0 0 10 0 0 0 0 0 0 0 0 0 0 0 0 0 0 0 0 0 0
17 0 10 0 0 0 0 0 0 0 0 0 0 0 0 0 0 0 0 0 0 0 5 0 0 0 0 0 0 0 0 17 0 0 24 29 0 0 0 31 7
24 0 17 0 0 0 0 0 0 0 0 0 0 0 0 0 0 0 0 0 0 0 7 0 0 0 0 0 0 0 0 0 0 0 4 2 0 0 0 0 3
0 0 0 5 1 0 0 0 0 0 0 0 0 0 0 0 0 0 0 0 0 0 0 2 0 9 1 5 2 7 0 33 0 0 28 37 0 0 0 43 3
32 0 26 0 0 0 0 0 0 0 0 0 0 0 0 0 0 0 0 0 0 0 10 0 0 0 0 0 0 0 0 0 0 0 0 0 0 0 0 0 0
3 0 0 1 0 0 0 0 0 0 0 0 0 0 0 0 0 0 0 0 0 0 1 1 0 5 0 2 0 3 0 29 0 0 36 41 0 0 0 46 6
14 0 8 0 0 0 0 0 0 0 0 0 0 0 0 0 0 0 0 0 0 0 4 0 0 0 0 0 0 0 0 22 0 0 32 37 0 0 0 38 8
34 0 27 0 0 0 0 0 0 0 0 0 0 0 0 0 0 0 0 0 0 0 9 0 0 0 0 0 0 0 0 0 0 0 0 0 0 0 0 0 0
19 0 12 0 0 0 0 0 0 0 0 0 0 0 0 0 0 0 0 0 0 0 7 0 0 0 0 0 0 0 0 15 0 0 23 27 0 0 0 27 7
0 0 0 3 0 0 0 0 0 0 0 0 0 0 0 0 0 0 0 0 0 0 0 1 0 7 0 4 2 6 0 30 0 0 30 38 0 0 0 46 4
0 0 0 5 1 0 0 0 0 0 0 0 0 0 0 0 0 0 0 0 0 0 0 2 0 9 1 5 2 7 0 33 0 0 30 39 0 0 0 46 4
0 0 0 8 4 0 0 0 0 0 0 0 0 0 0 0 0 4 0 0 0 1 0 3 0 11 2 6 3 9 0 35 0 0 20 33 0 0 4 31 1
0 0 0 10 4 0 0 0 0 0 0 0 0 0 0 0 0 8 0 0 0 4 0 4 2 13 3 6 1 7 0 36 0 0 14 29 0 0 8 12 0
0 0 0 4 0 0 0 0 0 0 0 0 0 0 0 0 0 0 0 0 0 0 0 2 0 7 0 4 1 6 0 31 0 0 31 39 0 0 0 46 5
0 0 0 8 4 0 0 0 0 0 0 0 0 0 0 0 0 4 0 0 0 1 0 3 0 12 3 6 2 8 0 34 0 0 19 32 0 0 4 29 0
5 0 1 1 0 0 0 0 0 0 0 0 0 0 0 0 0 0 0 0 0 0 0 1 0 4 0 1 0 2 0 24 0 0 33 38 0 0 0 42 6
34 0 27 0 0 0 0 0 0 0 0 0 0 0 0 0 0 0 0 0 0 0 9 0 0 0 0 0 0 0 0 0 0 0 0 0 0 0 0 0 0
0 0 0 8 2 0 0 0 0 0 0 0 0 0 0 0 0 2 0 0 0 0 0 3 0 11 3 7 3 9 0 38 0 0 24 36 0 0 2 40 2
11 0 7 0 0 0 0 0 0 0 0 0 0 0 0 0 0 0 0 0 0 0 5 0 0 0 0 0 0 0 0 24 0 0 33 38 0 0 0 39 8
0 0 0 9 4 0 0 0 0 0 0 0 0 0 0 0 0 5 0 0 0 2 0 3 1 12 3 6 2 8 0 34 0 0 18 31 0 0 5 24 0
0 0 0 10 4 0 0 0 0 0 0 0 0 0 0 0 0 8 0 0 0 3 0 4 1 13 3 6 1 7 0 35 0 0 16 30 0 0 8 14 0
8 0 4 0 0 0 0 0 0 0 0 0 0 0 0 0 0 0 0 0 0 0 3 1 0 2 0 0 0 1 0 26 0 0 34 40 0 0 0 42 7
0 0 0 1 0 0 0 0 0 0 0 0 0 0 0 0 0 0 0 0 0 0 0 1 0 6 0 3 0 4 0 28 0 0 34 40 0 0 0 45 5
0 0 0 8 3 0 0 0 0 0 0 0 0 0 0 0 0 3 0 0 0 0 0 3 0 12 3 7 3 9 0 37 0 0 22 35 0 0 3 36 1
0 0 0 4 0 0 0 0 0 0 0 0 0 0 0 0 0 0 0 0 0 0 0 2 0 8 0 5 1 6 0 32 0 0 32 39 0 0 0 46 4
0 0 0 10 4 0 0 0 0 0 0 0 0 0 0 0 0 7 0 0 0 3 0 3 1 13 3 7 2 8 0 36 0 0 18 32 0 0 7 21 0
0 0 0 8 4 0 0 0 0 0 0 0 0 0 0 0 0 4 0 0 0 1 0 3 0 12 3 6 2 9 0 35 0 0 20 33 0 0 3 31 1
0 0 0 6 2 0 0 0 0 0 0 0 0 0 0 0 0 1 0 0 0 0 0 2 0 10 2 6 2 8 0 35 0 0 26 36 0 0 1 41 3
0 0 0 7 4 0 0 0 0 0 0 0 0 0 0 0 0 3 0 0 0 0 0 2 0 11 2 6 3 9 0 33 0 0 20 32 0 0 2 34 1
14 0 8 0 0 0 0 0 0 0 0 0 0 0 0 0 0 0 0 0 0 0 4 0 0 0 0 0 0 0 0 20 0 0 28 33 0 0 0 35 7
0 0 0 4 1 0 0 0 0 0 0 0 0 0 0 0 0 0 0 0 0 0 0 1 0 8 0 5 2 7 0 29 0 0 29 36 0 0 0 42 3
0 0 0 8 4 0 0 0 0 0 0 0 0 0 0 0 0 3 0 0 0 0 0 2 0 11 2 7 3 9 0 36 0 0 21 33 0 0 2 37 2
30 0 26 0 0 0 0 0 0 0 0 0 0 0 0 0 0 0 0 0 0 0 10 0 0 0 0 0 0 0 0 0 0 0 0 0 0 0 0 0 0
0 0 0 8 3 0 0 0 0 0 0 0 0 0 0 0 0 4 0 0 0 1 0 3 0 12 3 7 3 9 0 37 0 0 21 34 0 0 4 33 1
0 0 0 5 1 0 0 0 0 0 0 0 0 0 0 0 0 0 0 0 0 0 0 2 0 9 1 5 2 7 0 32 0 0 27 36 0 0 0 42 3
0 0 0 10 4 0 0 0 0 0 0 0 0 0 0 0 0 5 0 0 0 2 0 3 1 12 2 7 2 9 0 36 0 0 19 32 0 0 6 25 0
7 0 2 0 0 0 0 0 0 0 0 0 0 0 0 0 0 0 0 0 0 0 1 1 0 3 0 0 0 2 0 26 0 0 34 39 0 0 0 44 7
1 0 0 1 0 0 0 0 0 0 0 0 0 0 0 0 0 0 0 0 0 0 0 1 0 5 0 2 0 4 0 27 0 0 32 38 0 0 0 44 5
3 0 0 1 0 0 0 0 0 0 0 0 0 0 0 0 0 0 0 0 0 0 0 1 0 5 0 2 0 3 0 27 0 0 33 39 0 0 0 44 6
15 0 9 0 0 0 0 0 0 0 0 0 0 0 0 0 0 0 0 0 0 0 5 0 0 0 0 0 0 0 0 18 0 0 26 31 0 0 0 32 7
0 0 0 6 2 0 0 0 0 0 0 0 0 0 0 0 0 0 0 0 0 0 0 2 0 9 1 5 2 8 0 35 0 0 29 38 0 0 0 43 4
27 0 20 0 0 0 0 0 0 0 0 0 0 0 0 0 0 0 0 0 0 0 7 0 0 0 0 0 0 0 0 0 0 0 0 0 0 0 0 0 1
14 0 9 0 0 0 0 0 0 0 0 0 0 0 0 0 0 0 0 0 0 0 5 0 0 0 0 0 0 0 0 21 0 0 31 36 0 0 0 36 8
0 0 0 5 1 0 0 0 0 0 0 0 0 0 0 0 0 0 0 0 0 0 0 2 0 9 1 5 2 7 0 33 0 0 28 37 0 0 0 45 3
6 0 2 1 0 0 0 0 0 0 0 0 0 0 0 0 0 0 0 0 0 0 2 1 0 4 0 1 0 2 0 27 0 0 35 41 0 0 0 44 7
0 0 0 6 2 0 0 0 0 0 0 0 0 0 0 0 0 1 0 0 0 0 0 2 0 10 2 6 2 8 0 33 0 0 25 34 0 0 0 40 2
0 0 0 4 0 0 0 0 0 0 0 0 0 0 0 0 0 0 0 0 0 0 0 2 0 7 0 4 2 6 0 31 0 0 32 39 0 0 0 46 4
0 0 0 9 4 0 0 0 0 0 0 0 0 0 0 0 0 5 0 0 0 2 0 3 1 13 3 7 2 9 0 35 0 0 19 32 0 0 5 26 0
0 0 0 4 1 0 0 0 0 0 0 0 0 0 0 0 0 0 0 0 0 0 0 2 0 8 0 5 2 7 0 32 0 0 30 38 0 0 0 45 4
0 0 0 9 4 0 0 0 0 0 0 0 0 0 0 0 0 5 0 0 0 1 0 3 0 13 3 7 3 9 0 35 0 0 19 32 0 0 5 27 0
26 0 19 0 0 0 0 0 0 0 0 0 0 0 0 0 0 0 0 0 0 0 8 0 0 0 0 0 0 0 0 0 0 0 0 0 0 0 0 0 2
0 0 0 8 4 0 0 0 0 0 0 0 0 0 0 0 0 3 0 0 0 1 0 2 0 11 3 6 3 9 0 35 0 0 19 32 0 0 3 32 1
20 0 13 0 0 0 0 0 0 0 0 0 0 0 0 0 0 0 0 0 0 0 6 0 0 0 0 0 0 0 0 7 0 0 14 16 0 0 0 18 5
9 0 4 0 0 0 0 0 0 0 0 0 0 0 0 0 0 0 0 0 0 0 3 1 0 2 0 0 0 1 0 24 0 0 33 38 0 0 0 40 7
26 0 19 0 0 0 0 0 0 0 0 0 0 0 0 0 0 0 0 0 0 0 8 0 0 0 0 0 0 0 0 0 0 0 2 0 0 0 0 0 3
0 0 0 9 4 0 0 0 0 0 0 0 0 0 0 0 0 6 0 0 0 2 0 3 1 12 3 6 2 8 0 33 0 0 17 30 0 0 6 21 0
0 0 0 8 4 0 0 0 0 0 0 0 0 0 0 0 0 3 0 0 0 0 0 3 0 12 3 7 3 9 0 36 0 0 21 33 0 0 2 36 1
30 0 22 0 0 0 0 0 0 0 0 0 0 0 0 0 0 0 0 0 0 0 7 0 0 0 0 0 0 0 0 0 0 0 0 0 0 0 0 0 0
8 0 4 0 0 0 0 0 0 0 0 0 0 0 0 0 0 0 0 0 0 0 2 1 0 2 0 0 0 1 0 25 0 0 34 40 0 0 0 42 7
1 0 0 2 0 0 0 0 0 0 0 0 0 0 0 0 0 0 0 0 0 0 0 1 0 5 0 3 0 4 0 27 0 0 33 39 0 0 0 45 5
29 0 22 0 0 0 0 0 0 0 0 0 0 0 0 0 0 0 0 0 0 0 8 0 0 0 0 0 0 0 0 0 0 0 0 0 0 0 0 0 0
34 0 27 0 0 0 0 0 0 0 0 0 0 0 0 0 0 0 0 0 0 0 9 0 0 0 0 0 0 0 0 0 0 0 0 0 0 0 0 0 0
28 0 22 0 0 0 0 0 0 0 0 0 0 0 0 0 0 0 0 0 0 0 10 0 0 0 0 0 0 0 0 0 0 0 0 0 0 0 0 0 0
28 0 23 0 0 0 0 0 0 0 0 0 0 0 0 0 0 0 0 0 0 0 10 0 0 0 0 0 0 0 0 0 0 0 0 0 0 0 0 0 0
49 0 41 0 0 0 0 0 0 0 0 0 0 0 0 0 0 0 0 0 0 0 13 0 0 0 0 0 0 0 0 0 0 0 0 0 0 0 0 0 0
0 0 0 10 5 0 0 0 0 0 0 0 0 0 0 0 0 6 0 0 0 2 0 3 1 13 3 6 1 8 0 35 0 1 17 31 0 0 7 18 0
30 0 23 0 0 0 0 0 0 0 0 0 0 0 0 0 0 0 0 0 0 0 9 0 0 0 0 0 0 0 0 0 0 0 0 0 0 0 0 0 0
37 0 30 0 0 0 0 0 0 0 0 0 0 0 0 0 0 0 0 0 0 0 11 0 0 0 0 0 0 0 0 0 0 0 0 0 0 0 0 0 0
0 0 0 6 2 0 0 0 0 0 0 0 0 0 0 0 0 0 0 0 0 0 0 2 0 9 1 6 2 8 0 35 0 0 27 37 0 0 0 43 3
0 0 0 6 3 0 0 0 0 0 0 0 0 0 0 0 0 1 0 0 0 0 0 2 0 9 1 6 2 8 0 31 0 0 22 32 0 0 1 37 3
0 0 0 10 4 0 0 0 0 0 0 0 0 0 0 0 0 6 0 0 0 2 0 3 0 12 3 6 2 8 0 35 0 0 18 32 0 0 6 23 0
45 0 39 0 0 0 0 0 0 0 0 0 0 0 0 0 0 0 0 0 0 0 13 0 0 0 0 0 0 0 0 0 0 0 0 0 0 0 0 0 0
0 0 0 10 4 0 0 0 0 0 0 0 0 0 0 0 0 7 0 0 0 3 0 4 2 13 3 6 1 7 0 35 0 0 15 30 0 0 8 14 0
6 0 2 0 0 0 0 0 0 0 0 0 0 0 0 0 0 0 0 0 0 0 2 1 0 3 0 0 0 2 0 26 0 0 34 40 0 0 0 43 7
0 0 0 5 2 0 0 0 0 0 0 0 0 0 0 0 0 0 0 0 0 0 0 2 0 8 1 5 2 7 0 34 0 0 29 38 0 0 0 43 4
30 0 23 0 0 0 0 0 0 0 0 0 0 0 0 0 0 0 0 0 0 0 8 0 0 0 0 0 0 0 0 0 0 0 0 0 0 0 0 0 0
36 0 30 0 0 0 0 0 0 0 0 0 0 0 0 0 0 0 0 0 0 0 12 0 0 0 0 0 0 0 0 0 0 0 0 0 0 0 0 0 0
18 0 12 0 0 0 0 0 0 0 0 0 0 0 0 0 0 0 0 0 0 0 7 0 0 0 0 0 0 0 0 13 0 0 21 23 0 0 0 23 6
1 0 0 1 0 0 0 0 0 0 0 0 0 0 0 0 0 0 0 0 0 0 0 1 0 5 0 2 0 4 0 28 0 0 34 40 0 0 0 45 6
0 0 0 9 4 0 0 0 0 0 0 0 0 0 0 0 0 5 0 0 0 1 0 3 0 12 3 6 3 8 0 35 0 0 19 32 0 0 5 27 0
1 0 0 2 0 0 0 0 0 0 0 0 0 0 0 0 0 0 0 0 0 0 0 1 0 5 0 3 1 4 0 27 0 0 33 39 0 0 0 46 5
0 0 0 7 4 0 0 0 0 0 0 0 0 0 0 0 0 2 0 0 0 0 0 2 0 11 3 6 3 9 0 35 0 0 21 33 0 0 2 36 2
28 0 20 0 0 0 0 0 0 0 0 0 0 0 0 0 0 0 0 0 0 0 7 0 0 0 0 0 0 0 0 0 0 0 3 0 0 0 0 0 4
26 0 20 0 0 0 0 0 0 0 0 0 0 0 0 0 0 0 0 0 0 0 7 0 0 0 0 0 0 0 0 0 0 0 0 0 0 0 0 0 0
1 0 0 2 0 0 0 0 0 0 0 0 0 0 0 0 0 0 0 0 0 0 0 1 0 5 0 3 1 4 0 25 0 0 31 36 0 0 0 42 5
25 0 17 0 0 0 0 0 0 0 0 0 0 0 0 0 0 0 0 0 0 0 7 0 0 0 0 0 0 0 0 0 0 0 7 8 0 0 0 6 4
0 0 0 4 1 0 0 0 0 0 0 0 0 0 0 0 0 0 0 0 0 0 0 1 0 8 1 5 2 7 0 31 0 0 28 36 0 0 0 45 3
1 0 0 2 0 0 0 0 0 0 0 0 0 0 0 0 0 0 0 0 0 0 0 1 0 6 0 3 1 4 0 27 0 0 32 37 0 0 0 44 5
0 0 0 7 3 0 0 0 0 0 0 0 0 0 0 0 0 2 0 0 0 0 0 3 0 11 3 6 3 9 0 38 0 0 23 35 0 0 1 40 2
4 0 0 1 0 0 0 0 0 0 0 0 0 0 0 0 0 0 0 0 0 0 0 1 0 4 0 1 0 3 0 28 0 0 35 41 0 0 0 46 7
0 0 0 3 0 0 0 0 0 0 0 0 0 0 0 0 0 0 0 0 0 0 0 1 0 7 0 4 2 6 0 31 0 0 31 38 0 0 0 47 4
30 0 24 0 0 0 0 0 0 0 0 0 0 0 0 0 0 0 0 0 0 0 9 0 0 0 0 0 0 0 0 0 0 0 0 0 0 0 0 0 0
0 0 0 10 4 0 0 0 0 0 0 0 0 0 0 0 0 7 0 0 0 3 0 4 1 13 3 6 2 8 0 36 0 0 17 31 0 0 7 18 0
0 0 0 10 5 0 0 0 0 0 0 0 0 0 0 0 0 7 0 0 0 3 0 4 2 13 3 6 1 8 0 36 0 0 16 30 0 0 8 14 0
5 0 1 1 0 0 0 0 0 0 0 0 0 0 0 0 0 0 0 0 0 0 0 1 0 4 0 1 0 2 0 24 0 0 32 37 0 0 0 41 6
36 0 31 0 0 0 0 0 0 0 0 0 0 0 0 0 0 0 0 0 0 0 12 0 0 0 0 0 0 0 0 0 0 0 0 0 0 0 0 0 0
0 0 0 7 3 0 0 0 0 0 0 0 0 0 0 0 0 2 0 0 0 0 0 2 0 11 2 6 2 9 0 35 0 0 22 34 0 0 2 36 2
6 0 2 1 0 0 0 0 0 0 0 0 0 0 0 0 0 0 0 0 0 0 1 1 0 3 0 1 0 2 0 25 0 0 33 39 0 0 0 42 7
0 0 0 10 4 0 0 0 0 0 0 0 0 0 0 0 0 8 0 0 0 3 0 4 1 14 3 7 1 8 0 36 0 0 15 30 0 0 8 15 0
29 0 23 0 0 0 0 0 0 0 0 0 0 0 0 0 0 0 0 0 0 0 9 0 0 0 0 0 0 0 0 0 0 0 0 0 0 0 0 0 0
0 0 0 8 4 0 0 0 0 0 0 0 0 0 0 0 0 4 0 0 0 1 0 3 0 12 3 6 2 9 0 35 0 0 20 33 0 0 4 29 1
2 0 0 1 0 0 0 0 0 0 0 0 0 0 0 0 0 0 0 0 0 0 0 1 0 5 0 2 0 3 0 26 0 0 33 38 0 0 0 43 6
