0 0 9 0 0 0 0 0 0 0 0 0 0 0 0 0 0 0 0 0 0 0 0 0 0 0 0 1 0 3 0 37 0 2 8 38 0 0 0 16 0
7 0 0 1 0 0 1 0 0 0 0 5 0 0 1 2 0 0 1 3 0 0 8 0 0 0 9 0 1 0 0 0 0 2 9 0 0 4 0 8 10
7 0 0 3 2 0 4 0 0 0 2 27 0 5 9 1 0 0 0 14 0 0 13 0 6 2 34 0 0 0 0 0 0 0 0 0 0 0 0 0 21
0 0 14 0 0 0 0 0 0 0 0 0 0 0 0 0 0 0 0 0 0 0 0 0 0 0 0 0 0 6 0 38 0 4 9 38 0 1 0 15 0
0 0 13 0 0 0 0 0 0 0 0 0 0 0 0 0 0 0 0 0 0 0 0 0 0 0 0 0 0 6 0 40 0 3 7 38 0 1 0 15 0
5 0 0 3 7 0 8 0 0 0 6 43 0 8 15 0 0 0 0 25 0 0 21 0 10 4 50 2 0 0 2 0 0 0 0 0 1 0 0 0 32
7 0 7 0 0 0 0 0 0 0 0 0 0 0 0 3 0 0 1 0 0 0 0 0 0 0 0 0 2 1 0 13 0 5 15 28 0 6 0 34 0
2 0 10 0 0 0 0 0 0 0 0 0 0 0 0 1 0 0 2 0 0 0 4 0 0 0 0 0 3 4 0 12 0 6 19 28 0 5 0 27 0
0 0 17 0 0 0 0 0 0 0 0 0 0 0 0 0 0 0 0 0 0 0 0 0 0 0 0 0 0 8 0 41 0 5 5 36 0 1 0 16 0
0 0 10 0 0 0 0 0 0 0 0 0 0 0 0 0 0 0 0 0 0 0 0 0 0 0 0 0 0 3 0 31 0 4 11 35 0 2 0 19 0
1 0 11 0 1 0 0 0 0 0 0 0 0 0 0 0 0 0 3 0 0 0 9 0 0 0 0 0 4 5 1 13 0 7 25 35 0 6 0 27 4
0 0 8 0 7 0 4 0 0 0 0 0 0 0 0 0 0 0 3 12 1 0 23 0 0 0 1 0 7 6 4 0 0 5 28 17 0 2 0 0 20
0 0 14 0 0 0 0 0 0 0 0 0 0 0 0 0 0 0 0 0 0 0 0 0 0 0 0 0 0 6 0 35 0 4 8 34 0 1 0 18 0
2 0 5 0 4 0 3 0 0 0 0 0 0 0 0 0 0 0 2 11 0 0 18 0 0 0 2 0 5 4 2 0 0 4 23 14 0 3 0 0 16
9 0 0 0 0 0 0 0 0 0 0 0 0 0 0 2 0 0 0 0 0 0 0 0 0 0 0 0 0 0 0 14 0 2 16 27 0 5 0 23 0
3 0 0 3 9 0 9 0 0 0 6 40 0 5 14 0 0 0 0 26 0 0 25 0 9 3 46 2 1 0 3 0 0 0 2 0 1 0 0 0 33
0 0 16 0 0 0 0 0 0 0 0 0 0 0 0 0 0 0 1 0 0 0 1 0 0 0 0 0 1 8 0 32 0 6 12 36 0 2 0 19 0
0 0 10 0 0 0 0 0 0 0 0 0 0 0 0 0 0 0 1 0 0 0 1 0 0 0 0 0 2 4 0 23 0 5 18 36 0 3 0 23 0
4 0 3 0 0 0 0 0 0 0 0 0 0 0 0 1 0 0 0 0 0 0 0 0 0 0 0 0 0 0 0 22 0 2 13 32 0 3 0 24 0
0 0 17 0 0 0 0 0 0 0 0 0 0 0 0 0 0 0 1 0 0 0 0 0 0 0 0 0 0 8 0 37 0 5 10 36 0 2 0 16 0
0 0 16 0 0 0 0 0 0 0 0 0 0 0 0 0 0 0 1 0 0 0 2 0 0 0 0 0 1 8 0 30 0 6 14 34 0 2 0 17 0
9 0 0 3 1 0 3 0 0 0 1 24 0 5 8 2 0 0 0 11 0 0 10 0 5 2 30 0 0 0 0 0 0 0 0 0 0 0 0 0 17
0 0 16 0 0 0 0 0 0 0 0 0 0 0 0 0 0 0 0 0 0 0 0 0 0 0 0 0 0 8 0 38 0 5 8 36 0 1 0 16 0
9 0 5 0 0 0 0 0 0 0 0 0 0 0 0 3 0 0 0 0 0 0 0 0 0 0 0 0 0 0 0 10 0 4 14 24 0 7 0 31 0
18 0 0 7 0 0 0 0 0 0 0 0 0 0 0 7 0 0 0 0 0 1 0 0 0 1 0 0 0 0 0 0 0 0 0 4 0 6 0 31 0
0 0 10 0 0 0 0 0 0 0 0 0 0 0 0 1 0 0 0 0 0 0 0 0 0 0 0 0 0 2 0 24 0 4 11 31 0 4 0 28 0
0 0 16 0 0 0 0 0 0 0 0 0 0 0 0 0 0 0 0 0 0 0 0 0 0 0 0 0 0 7 0 38 0 5 7 36 0 2 0 18 0
8 0 0 4 2 0 5 0 0 0 3 36 0 9 12 1 0 0 0 15 0 0 10 0 9 3 43 2 0 0 0 0 0 0 0 0 0 0 0 0 21
7 0 5 0 0 0 0 0 0 0 0 0 0 0 0 3 0 0 1 0 0 0 1 0 0 0 0 0 2 0 0 6 0 4 15 22 0 5 0 30 0
1 0 0 0 9 0 8 0 0 0 3 25 0 2 9 0 0 0 2 21 1 0 27 0 5 1 30 0 5 0 4 0 0 0 15 0 0 0 0 0 30
16 0 0 6 0 0 0 0 0 0 0 0 0 0 0 6 0 0 0 0 0 1 0 0 0 0 1 0 0 0 0 0 0 1 0 2 0 6 0 28 0
0 0 15 0 3 0 0 0 0 0 0 0 0 0 0 0 0 0 2 3 1 0 11 0 0 0 0 0 3 9 1 22 0 6 17 28 0 2 0 4 4
8 0 0 2 2 0 2 0 0 0 0 10 0 0 2 1 0 0 1 7 0 0 11 0 1 1 15 0 2 0 1 0 0 1 10 0 0 3 0 2 15
11 0 3 1 0 0 0 0 0 0 0 0 0 0 0 4 0 0 0 0 0 0 0 0 0 0 0 0 1 0 0 7 0 4 14 22 0 7 0 32 0
9 0 0 5 2 0 6 0 0 0 4 45 0 11 15 1 0 0 0 19 0 0 12 0 11 4 52 2 0 0 0 0 0 0 0 0 0 0 0 0 26
0 0 15 0 0 0 0 0 0 0 0 0 0 0 0 0 0 0 2 0 0 0 3 0 0 0 0 0 2 7 1 28 0 6 17 37 0 3 0 22 0
8 0 4 0 0 0 0 0 0 0 0 0 0 0 0 4 0 0 0 0 0 0 0 0 0 0 0 0 1 0 0 12 0 3 15 27 0 6 0 33 0
9 0 1 0 0 0 0 0 0 0 0 0 0 0 0 3 0 0 0 0 0 0 0 0 0 0 0 0 0 0 0 13 0 2 14 26 0 5 0 27 0
2 0 11 0 0 0 0 0 0 0 0 0 0 0 0 0 0 0 2 0 0 0 4 0 0 0 0 0 3 4 1 17 0 6 22 35 0 5 0 29 0
6 0 6 0 0 0 0 0 0 0 0 0 0 0 0 3 0 0 1 0 0 0 2 0 0 0 0 0 2 0 0 8 0 5 16 25 0 5 0 29 0
0 0 13 0 0 0 0 0 0 0 0 0 0 0 0 0 0 0 0 0 0 0 0 0 0 0 0 0 0 6 0 31 0 5 12 36 0 2 0 20 0
15 0 0 9 0 0 3 0 0 0 2 45 0 15 17 6 0 0 0 7 0 0 0 0 10 4 53 2 0 0 0 0 0 0 0 0 0 0 0 0 13
0 0 14 0 0 0 0 0 0 0 0 0 0 0 0 0 0 0 0 0 0 0 0 0 0 0 0 0 0 6 0 40 0 3 6 38 0 0 0 15 0
0 0 11 0 0 0 0 0 0 0 0 0 0 0 0 0 0 0 0 0 0 0 0 0 0 0 0 0 0 4 0 30 0 4 10 34 0 1 0 21 0
0 0 13 0 0 0 0 0 0 0 0 0 0 0 0 0 0 0 1 0 0 0 2 0 0 0 0 0 2 6 0 25 0 6 18 37 0 3 0 25 0
0 0 12 0 0 0 0 0 0 0 0 0 0 0 0 0 0 0 0 0 0 0 0 0 0 0 0 0 0 5 0 33 0 4 12 36 0 2 0 17 0
4 0 6 0 0 0 0 0 0 0 0 0 0 0 0 2 0 0 0 0 0 0 0 0 0 0 0 0 1 0 0 17 0 4 18 33 0 5 0 29 0
16 0 0 5 0 0 0 0 0 0 0 0 0 0 0 6 0 0 0 0 0 1 0 0 0 0 1 0 0 0 0 0 0 1 0 3 0 6 0 28 0
0 0 7 0 8 0 4 0 0 0 0 1 0 0 1 0 0 0 3 13 1 0 25 0 0 0 4 0 6 6 4 0 0 4 25 12 0 1 0 0 21
2 0 2 0 5 0 4 0 0 0 0 7 0 0 2 0 0 0 3 11 0 0 19 0 0 0 10 0 5 2 2 0 0 3 19 3 0 2 0 0 19
0 0 15 0 0 0 0 0 0 0 0 0 0 0 0 0 0 0 1 0 0 0 0 0 0 0 0 0 0 7 0 34 0 5 11 36 0 2 0 17 0
3 0 0 3 9 0 9 0 0 0 6 41 0 6 14 0 0 0 0 27 0 0 24 0 9 3 47 2 0 0 3 0 0 0 1 0 1 0 0 0 33
9 0 2 2 0 0 0 0 0 0 0 0 0 0 0 4 0 0 0 0 0 1 0 0 0 0 0 0 0 0 0 2 0 2 4 10 0 5 0 26 0
0 0 15 0 0 0 0 0 0 0 0 0 0 0 0 0 0 0 0 0 0 0 0 0 0 0 0 0 0 7 0 41 0 4 4 36 0 0 0 17 0
0 0 13 0 0 0 0 0 0 0 0 0 0 0 0 0 0 0 2 0 0 0 6 0 0 0 0 0 3 6 1 20 0 7 22 37 0 4 0 24 1
0 0 17 0 0 0 0 0 0 0 0 0 0 0 0 0 0 0 0 0 0 0 0 0 0 0 0 0 0 8 0 37 0 5 9 36 0 1 0 16 0
0 0 9 0 0 0 0 0 0 0 0 0 0 0 0 0 0 0 1 0 0 0 0 0 0 0 0 0 2 3 0 22 0 4 18 37 0 3 0 25 0
0 0 15 0 0 0 0 0 0 0 0 0 0 0 0 0 0 0 0 0 0 0 0 0 0 0 0 0 0 6 0 42 0 3 4 37 0 1 0 16 0
0 0 14 0 0 0 0 0 0 0 0 0 0 0 0 0 0 0 0 0 0 0 0 0 0 0 0 0 0 6 0 41 0 3 5 37 0 1 0 15 0
11 0 0 4 0 0 0 0 0 0 0 3 0 1 0 5 0 0 0 0 0 0 0 0 0 1 9 0 0 0 0 0 0 1 0 0 0 5 0 18 3
7 0 0 3 3 0 5 0 0 0 3 37 0 8 13 0 0 0 0 17 0 0 13 0 9 4 43 2 0 0 0 0 0 0 0 0 0 0 0 0 24
0 0 9 0 0 0 0 0 0 0 0 0 0 0 0 0 0 0 0 0 0 0 0 0 0 0 0 1 0 3 0 32 0 3 14 38 0 1 0 18 0
0 0 17 0 0 0 0 0 0 0 0 0 0 0 0 0 0 0 0 0 0 0 0 0 0 0 0 0 0 8 0 45 0 4 1 36 0 0 0 16 0
0 0 12 0 6 0 2 0 0 0 0 0 0 0 0 0 0 0 3 8 1 0 20 0 0 0 0 0 6 8 3 7 0 6 26 25 0 2 0 1 14
0 0 13 0 0 0 0 0 0 0 0 0 0 0 0 0 0 0 0 0 0 0 0 0 0 0 0 1 0 5 0 41 0 2 5 38 0 0 0 15 0
4 0 0 2 6 0 6 0 0 0 3 28 0 3 10 0 0 0 0 19 0 0 19 0 6 2 34 1 0 0 2 0 0 0 5 0 0 0 0 0 26
0 0 12 0 0 0 0 0 0 0 0 0 0 0 0 0 0 0 0 0 0 0 0 0 0 0 0 1 0 5 0 44 0 2 4 39 0 0 0 13 0
6 0 6 0 0 0 0 0 0 0 0 0 0 0 0 1 0 0 2 0 0 0 4 0 0 0 0 0 2 2 0 3 0 5 13 16 0 5 0 22 3
14 0 0 11 2 0 10 1 0 0 9 82 0 23 30 2 0 0 0 29 0 0 13 0 20 8 91 5 0 0 0 0 0 0 0 0 2 0 0 0 38
7 0 0 2 3 0 4 0 0 0 1 18 0 2 6 1 0 0 1 11 0 0 14 0 3 2 24 0 0 0 1 0 0 0 6 0 0 1 0 0 19
12 0 0 7 0 0 3 0 0 0 2 41 0 13 15 4 0 0 0 10 0 0 3 0 9 4 48 2 0 0 0 0 0 0 0 0 0 0 0 0 16
0 0 13 0 1 0 0 0 0 0 0 0 0 0 0 0 0 0 2 0 0 0 7 0 0 0 0 0 3 6 1 21 0 7 21 35 0 4 0 20 2
12 0 0 2 0 0 0 0 0 0 0 0 0 0 0 5 0 0 0 0 0 0 0 0 0 0 0 0 0 0 0 4 0 2 7 14 0 7 0 28 0
11 0 3 1 0 0 0 0 0 0 0 0 0 0 0 4 0 0 0 0 0 0 0 0 0 0 0 0 0 0 0 9 0 3 13 23 0 7 0 32 0
0 0 9 0 0 0 0 0 0 0 0 0 0 0 0 0 0 0 0 0 0 0 0 0 0 0 0 1 0 3 0 32 0 2 10 36 0 1 0 17 0
1 0 11 0 0 0 0 0 0 0 0 0 0 0 0 0 0 0 2 0 0 0 6 0 0 0 0 0 3 5 1 17 0 6 23 35 0 5 0 26 2
0 0 16 0 0 0 0 0 0 0 0 0 0 0 0 0 0 0 0 0 0 0 0 0 0 0 0 0 0 7 0 39 0 4 6 36 0 1 0 15 0
0 0 15 0 0 0 0 0 0 0 0 0 0 0 0 0 0 0 0 0 0 0 0 0 0 0 0 0 0 7 0 41 0 4 4 36 0 0 0 18 0
0 0 8 0 0 0 0 0 0 0 0 0 0 0 0 0 0 0 0 0 0 0 0 0 0 0 0 0 1 3 0 28 0 4 17 38 0 2 0 19 0
2 0 10 0 0 0 0 0 0 0 0 0 0 0 0 0 0 0 3 0 0 0 7 0 0 0 0 0 3 5 1 12 0 7 22 31 0 5 0 27 3
15 0 0 5 0 0 0 0 0 0 0 0 0 0 0 5 0 0 0 0 0 0 0 0 0 0 0 0 0 0 0 1 0 1 6 10 0 6 0 28 0
8 0 4 0 0 0 0 0 0 0 0 0 0 0 0 3 0 0 0 0 0 0 0 0 0 0 0 0 1 0 0 15 0 3 17 30 0 5 0 30 0
0 0 13 0 0 0 0 0 0 0 0 0 0 0 0 0 0 0 1 0 0 0 0 0 0 0 0 0 1 5 0 30 0 5 12 36 0 3 0 22 0
3 0 8 0 1 0 0 0 0 0 0 0 0 0 0 0 0 0 2 0 0 0 9 0 0 0 0 0 4 3 1 6 0 6 21 24 0 4 0 20 5
0 0 0 0 9 0 7 0 0 0 2 14 0 0 5 0 0 0 3 19 1 0 28 0 1 0 18 0 7 3 5 0 0 2 24 0 0 0 0 0 28
4 0 0 3 6 0 7 0 0 0 4 36 0 6 12 0 0 0 0 22 0 0 19 0 8 3 42 2 0 0 2 0 0 0 0 0 0 0 0 0 28
0 0 14 0 1 0 0 0 0 0 0 0 0 0 0 0 0 0 2 0 0 0 6 0 0 0 0 0 3 7 1 27 0 6 21 40 0 3 0 19 0
1 0 6 0 6 0 4 0 0 0 0 1 0 0 0 0 0 0 3 11 0 0 22 0 0 0 3 0 7 5 3 0 0 5 28 16 0 3 0 1 19
7 0 0 3 2 0 4 0 0 0 2 26 0 5 9 1 0 0 0 13 0 0 13 0 6 2 32 0 0 0 0 0 0 0 0 0 0 0 0 0 19
0 0 19 0 0 0 0 0 0 0 0 0 0 0 0 0 0 0 0 0 0 0 0 0 0 0 0 0 0 9 0 47 0 4 0 36 0 0 0 15 0
0 0 14 0 0 0 0 0 0 0 0 0 0 0 0 0 0 0 0 0 0 0 0 0 0 0 0 0 0 7 0 33 0 5 13 37 0 2 0 19 0
6 0 7 0 0 0 0 0 0 0 0 0 0 0 0 3 0 0 1 0 0 0 0 0 0 0 0 0 2 1 0 12 0 5 17 29 0 6 0 33 0
8 0 0 5 4 0 9 0 0 0 6 54 0 12 19 0 0 0 0 25 0 0 17 0 13 5 61 3 0 0 0 0 0 0 0 0 1 0 0 0 33
10 0 2 2 0 0 0 0 0 0 0 0 0 0 0 4 0 0 0 0 0 0 0 0 0 0 0 0 0 0 0 3 0 3 10 16 0 6 0 28 0
0 0 0 0 10 0 7 0 0 0 2 14 0 0 5 0 0 0 3 19 2 0 30 0 1 0 17 0 8 3 5 0 0 1 25 0 0 0 0 0 29
0 0 11 0 0 0 0 0 0 0 0 0 0 0 0 0 0 0 0 0 0 0 0 0 0 0 0 1 0 5 0 33 0 3 9 35 0 1 0 17 0
2 0 3 0 7 0 5 0 0 0 0 7 0 0 1 0 0 0 3 14 1 0 23 0 0 0 11 0 6 3 4 0 0 4 24 6 0 2 0 0 23
4 0 0 4 10 0 12 0 0 0 8 57 0 10 21 0 0 0 0 33 0 0 27 0 13 5 65 4 0 0 3 0 1 0 0 0 2 0 0 0 41
0 0 17 0 0 0 0 0 0 0 0 0 0 0 0 0 0 0 0 0 0 0 0 0 0 0 0 0 0 9 0 34 0 5 7 29 0 1 0 8 0
4 0 0 3 7 0 9 0 0 0 6 44 0 8 16 0 0 0 0 25 0 0 22 0 11 4 52 2 0 0 2 0 0 0 0 0 1 0 0 0 33
0 0 14 0 0 0 0 0 0 0 0 0 0 0 0 0 0 0 0 0 0 0 0 0 0 0 0 0 0 6 0 37 0 4 9 37 0 1 0 17 0
0 0 8 0 0 0 0 0 0 0 0 0 0 0 0 0 0 0 0 0 0 0 0 0 0 0 0 1 0 2 0 34 0 2 10 38 0 1 0 16 0
0 0 16 0 1 0 0 0 0 0 0 0 0 0 0 0 0 0 1 0 0 0 4 0 0 0 0 0 1 8 0 30 0 5 12 32 0 2 0 12 0
0 0 16 0 0 0 0 0 0 0 0 0 0 0 0 0 0 0 0 0 0 0 0 0 0 0 0 0 0 7 0 42 0 4 3 36 0 0 0 17 0
0 0 11 0 3 0 1 0 0 0 0 0 0 0 0 0 0 0 4 3 0 0 14 0 0 0 0 0 6 6 2 6 0 7 26 29 0 4 0 18 9
0 0 14 0 0 0 0 0 0 0 0 0 0 0 0 0 0 0 2 0 0 0 5 0 0 0 0 0 3 7 1 22 0 7 21 37 0 3 0 25 0
9 0 0 5 0 0 3 0 0 0 2 30 0 8 10 2 0 0 0 11 0 0 8 0 7 3 37 1 0 0 0 0 0 0 0 0 0 0 0 0 17
2 0 0 0 8 0 7 0 0 0 2 17 0 0 6 0 0 0 2 17 1 0 26 0 2 0 23 0 5 0 4 0 0 1 18 0 0 0 0 0 27
0 0 14 0 0 0 0 0 0 0 0 0 0 0 0 0 0 0 0 0 0 0 0 0 0 0 0 0 0 6 0 36 0 4 8 36 0 1 0 19 0
2 0 11 0 0 0 0 0 0 0 0 0 0 0 0 1 0 0 1 0 0 0 3 0 0 0 0 0 2 4 0 18 0 6 17 32 0 5 0 26 0
0 0 8 0 6 0 3 0 0 0 0 0 0 0 0 0 0 0 3 10 1 0 21 0 0 0 0 0 6 6 3 0 0 6 27 20 0 2 0 0 17
14 0 0 8 0 0 2 0 0 0 1 35 0 13 13 6 0 0 0 4 0 0 0 0 8 3 42 1 0 0 0 0 0 0 0 0 0 0 0 0 10
0 0 13 0 3 0 0 0 0 0 0 0 0 0 0 0 0 0 3 0 0 0 10 0 0 0 0 0 4 7 2 16 0 7 23 33 0 4 0 18 5
18 0 0 11 0 0 1 0 0 0 1 42 0 17 17 8 0 0 0 0 0 1 0 0 9 4 50 1 0 0 0 0 0 0 0 0 0 0 0 0 5
0 0 16 0 0 0 0 0 0 0 0 0 0 0 0 0 0 0 0 0 0 0 0 0 0 0 0 0 0 7 0 45 0 4 2 38 0 0 0 16 0
0 0 14 0 0 0 0 0 0 0 0 0 0 0 0 0 0 0 0 0 0 0 0 0 0 0 0 0 0 6 0 37 0 4 8 36 0 1 0 16 0
3 0 0 3 8 0 9 0 0 0 6 41 0 6 14 0 0 0 0 27 0 0 24 0 9 3 48 2 0 0 3 0 0 0 0 0 1 0 0 0 33
7 0 0 3 2 0 2 0 0 0 0 12 0 1 4 1 0 0 1 7 0 0 11 0 2 1 18 0 1 0 1 0 0 0 7 0 0 2 0 0 15
12 0 0 7 0 0 3 0 0 0 1 35 0 11 12 4 0 0 0 8 0 0 1 0 8 3 42 1 0 0 0 0 0 0 0 0 0 0 0 0 13
6 0 0 5 7 0 10 0 0 0 7 56 0 11 19 0 0 0 0 29 0 0 22 0 14 5 63 3 0 0 2 0 1 0 0 0 1 0 0 0 37
0 0 15 0 1 0 0 0 0 0 0 0 0 0 0 0 0 0 1 1 0 0 5 0 0 0 0 0 1 9 0 29 0 5 13 30 0 1 0 7 0
17 0 0 9 0 0 0 0 0 0 0 16 0 9 6 8 0 0 0 0 0 3 0 0 2 2 22 0 0 0 0 0 0 0 0 0 0 2 0 15 0
1 0 0 1 10 0 9 0 0 0 4 29 0 2 11 0 0 0 2 25 0 0 30 0 5 2 35 0 5 0 5 0 0 0 15 0 0 0 0 0 34
1 0 8 0 0 0 0 0 0 0 0 0 0 0 0 0 0 0 0 0 0 0 0 0 0 0 0 0 2 2 0 21 0 4 20 37 0 4 0 26 0
0 0 9 0 0 0 0 0 0 0 0 0 0 0 0 0 0 0 0 0 0 0 0 0 0 0 0 1 0 3 0 32 0 2 10 36 0 1 0 16 0
4 0 4 0 0 0 0 0 0 0 0 0 0 0 0 1 0 0 0 0 0 0 0 0 0 0 0 0 1 0 0 21 0 3 15 32 0 4 0 25 0
0 0 15 0 0 0 0 0 0 0 0 0 0 0 0 0 0 0 0 0 0 0 0 0 0 0 0 0 0 7 0 39 0 4 7 37 0 1 0 17 0
0 0 10 0 0 0 0 0 0 0 0 0 0 0 0 0 0 0 0 0 0 0 0 0 0 0 0 0 0 4 0 29 0 4 12 35 0 2 0 19 0
0 0 11 0 0 0 0 0 0 0 0 0 0 0 0 0 0 0 2 0 0 0 5 0 0 0 0 0 4 5 1 17 0 7 21 34 0 4 0 27 0
3 0 8 0 1 0 1 0 0 0 0 0 0 0 0 1 0 0 3 0 0 0 9 0 0 0 0 0 3 3 1 4 0 6 20 23 0 5 0 23 6
5 0 0 3 5 0 6 0 0 0 4 34 0 6 11 0 0 0 0 20 0 0 18 0 8 2 40 1 0 0 1 0 0 0 0 0 0 0 0 0 26
4 0 0 4 9 0 10 0 0 0 8 52 0 9 19 0 0 0 0 30 0 0 25 0 13 5 60 3 0 0 3 0 0 0 0 0 1 0 0 0 38
0 0 15 0 0 0 0 0 0 0 0 0 0 0 0 0 1 0 0 0 0 0 0 0 0 0 0 0 0 7 0 36 0 4 8 35 0 1 0 15 0
0 0 12 0 0 0 0 0 0 0 0 0 0 0 0 0 0 0 1 0 0 0 0 0 0 0 0 0 1 5 0 29 0 5 14 36 0 2 0 19 0
2 0 10 0 0 0 0 0 0 0 0 0 0 0 0 1 0 0 2 0 0 0 4 0 0 0 0 0 3 3 0 14 0 6 20 31 0 5 0 29 0
5 0 0 2 5 0 5 0 0 0 2 23 0 2 8 0 0 0 1 16 0 0 18 0 5 2 29 0 1 0 2 0 0 0 7 0 0 0 0 0 24
0 0 11 0 0 0 0 0 0 0 0 0 0 0 0 0 0 0 0 0 0 0 0 0 0 0 0 0 1 4 0 28 0 4 14 35 0 2 0 20 0
0 0 9 0 0 0 0 0 0 0 0 0 0 0 0 0 0 0 0 0 0 0 0 0 0 0 0 1 0 3 0 39 0 1 7 39 0 0 0 13 0
5 0 0 2 4 0 5 0 0 0 2 25 0 3 8 0 0 0 0 16 0 0 16 0 5 1 31 0 0 0 1 0 0 0 3 0 0 0 0 0 22
8 0 2 1 0 0 0 0 0 0 0 0 0 0 0 3 0 0 1 0 0 0 4 0 0 0 3 0 0 0 0 0 0 3 10 7 0 5 0 19 6
10 0 3 1 0 0 0 0 0 0 0 0 0 0 0 4 0 0 0 0 0 0 0 0 0 0 0 0 0 0 0 4 0 4 9 15 0 6 0 31 0
12 0 1 2 0 0 0 0 0 0 0 0 0 0 0 5 0 0 0 0 0 0 0 0 0 0 0 0 0 0 0 0 0 3 6 8 0 6 0 26 0
1 0 10 0 3 0 1 0 0 0 0 0 0 0 0 0 0 0 3 2 0 0 13 0 0 0 0 0 5 5 2 8 0 7 25 30 0 4 0 19 8
0 0 15 0 1 0 0 0 0 0 0 0 0 0 0 0 0 0 2 0 0 0 6 0 0 0 0 0 3 7 1 21 0 7 20 34 0 4 0 21 0
0 0 6 0 0 0 0 0 0 0 0 0 0 0 0 1 0 0 0 0 0 0 0 0 0 0 0 0 1 1 0 23 0 3 16 34 0 3 0 22 0
0 0 2 0 9 0 6 0 0 0 1 11 0 0 4 0 0 0 3 18 1 0 29 0 0 0 14 0 8 4 5 0 0 3 27 4 0 0 0 0 28
13 0 0 6 0 0 0 0 0 0 0 6 0 2 1 5 0 0 0 0 0 1 0 0 1 1 12 0 0 0 0 0 0 0 0 0 0 4 0 17 0
4 0 0 2 7 0 8 0 0 0 5 36 0 5 12 0 0 0 0 24 0 0 22 0 8 3 42 2 0 0 2 0 0 0 2 0 1 0 0 0 30
12 0 0 4 0 0 0 0 0 0 0 0 0 0 0 5 0 0 0 0 0 0 0 0 0 0 0 0 0 0 0 3 0 2 6 12 0 6 0 29 0
0 0 15 0 0 0 0 0 0 0 0 0 0 0 0 0 0 0 0 0 0 0 0 0 0 0 0 0 0 7 0 36 0 4 8 36 0 2 0 17 0
8 0 0 2 2 0 3 0 0 0 0 12 0 0 3 1 0 0 1 8 0 0 13 0 1 1 18 0 1 0 1 0 0 1 10 0 0 3 0 0 17
0 0 9 0 0 0 0 0 0 0 0 0 0 0 0 0 0 0 0 0 0 0 0 0 0 0 0 1 0 3 0 32 0 3 13 38 0 1 0 16 0
0 0 8 0 0 0 0 0 0 0 0 0 0 0 0 1 0 0 0 0 0 0 0 0 0 0 0 0 0 2 0 26 0 3 11 33 0 2 0 23 0
0 0 17 0 0 0 0 0 0 0 0 0 0 0 0 0 0 0 1 0 0 0 1 0 0 0 0 0 0 9 0 35 0 6 11 35 0 2 0 14 0
0 0 16 0 0 0 0 0 0 0 0 0 0 0 0 0 0 0 0 0 0 0 0 0 0 0 0 0 0 8 0 38 0 5 7 35 0 2 0 15 0
0 0 9 0 6 0 3 0 0 0 0 0 0 0 0 0 0 0 3 10 1 0 22 0 0 0 0 0 7 6 4 0 0 5 26 16 0 2 0 0 18
2 0 0 1 8 0 8 0 0 0 3 26 0 2 9 0 0 0 1 21 0 0 25 0 5 1 32 0 3 0 3 0 0 0 12 0 0 0 0 0 29
15 0 0 5 0 0 0 0 0 0 0 4 0 1 0 5 0 0 0 0 0 1 0 0 0 1 9 0 0 0 0 0 0 0 0 0 0 5 0 20 0
0 0 17 0 0 0 0 0 0 0 0 0 0 0 0 0 0 0 0 0 0 0 0 0 0 0 0 0 0 7 0 46 0 4 0 36 0 0 0 16 0
3 0 5 0 0 0 0 0 0 0 0 0 0 0 0 1 0 0 0 0 0 0 0 0 0 0 0 0 1 0 0 20 0 3 19 36 0 4 0 24 0
10 0 0 0 0 0 0 0 0 0 0 0 0 0 0 3 0 0 0 0 0 0 0 0 0 0 0 0 0 0 0 16 0 2 15 30 0 5 0 26 0
0 0 16 0 1 0 0 0 0 0 0 0 0 0 0 0 0 0 1 0 0 0 3 0 0 0 0 0 1 8 0 31 0 6 14 35 0 2 0 14 0
0 0 6 0 8 0 5 0 0 0 0 3 0 0 1 0 0 0 3 14 1 0 26 0 0 0 7 0 7 5 4 0 0 4 27 12 0 2 0 0 23
0 0 7 0 0 0 0 0 0 0 0 0 0 0 0 0 0 0 0 0 0 0 0 0 0 0 0 1 0 2 0 31 0 2 12 37 0 1 0 16 0
6 0 7 0 0 0 0 0 0 0 0 0 0 0 0 2 0 0 1 0 0 0 2 0 0 0 0 0 2 1 0 12 0 5 19 30 0 6 0 32 0
0 0 6 0 7 0 4 0 0 0 0 2 0 0 0 0 0 0 3 12 1 0 24 0 0 0 5 0 7 5 4 0 0 5 27 13 0 2 0 0 21
0 0 0 0 10 0 7 0 0 0 3 17 0 0 7 0 0 0 2 20 1 0 30 0 3 0 22 0 7 2 5 0 0 0 21 0 0 0 0 0 30
11 0 1 2 0 0 0 0 0 0 0 0 0 0 0 4 0 0 0 0 0 0 0 0 0 0 0 0 0 0 0 3 0 3 9 15 0 6 0 28 0
16 0 0 7 0 0 0 0 0 0 0 7 0 3 1 6 0 0 0 0 0 2 0 0 1 1 12 0 0 0 0 0 0 0 0 0 0 4 0 21 0
4 0 0 3 8 0 10 0 0 0 7 47 0 8 17 0 0 0 0 29 0 0 24 0 11 4 54 3 0 0 3 0 0 0 0 0 1 0 0 0 36
6 0 6 0 0 0 0 0 0 0 0 0 0 0 0 2 0 0 2 0 0 0 7 0 0 0 0 0 2 2 1 4 0 5 18 21 0 6 0 24 5
8 0 0 3 2 0 4 0 0 0 1 22 0 4 7 1 0 0 0 12 0 0 12 0 4 2 29 0 0 0 0 0 0 0 1 0 0 0 0 0 19
2 0 7 0 4 0 2 0 0 0 0 0 0 0 0 0 0 0 3 6 1 0 16 0 0 0 0 0 6 4 2 0 0 5 24 18 0 4 0 11 13
13 0 0 6 0 0 1 0 0 0 0 15 0 6 5 5 0 0 0 0 0 1 0 0 3 1 22 0 0 0 0 0 0 0 0 0 0 2 0 5 5
0 0 11 0 0 0 0 0 0 0 0 0 0 0 0 0 0 0 0 0 0 0 0 0 0 0 0 0 0 5 0 36 0 3 9 37 0 1 0 15 0
0 0 10 0 0 0 0 0 0 0 0 0 0 0 0 0 0 0 0 0 0 0 0 0 0 0 0 0 1 4 0 27 0 4 14 36 0 2 0 24 0
3 0 8 0 0 0 0 0 0 0 0 0 0 0 0 2 0 0 2 0 0 0 5 0 0 0 0 0 3 3 0 9 0 6 20 29 0 5 0 27 2
9 0 3 0 0 0 0 0 0 0 0 0 0 0 0 2 0 0 0 0 0 0 0 0 0 0 0 0 1 0 0 12 0 4 17 28 0 6 0 31 0
0 0 13 0 0 0 0 0 0 0 0 0 0 0 0 0 0 0 0 0 0 0 0 0 0 0 0 0 0 5 0 39 0 3 6 37 0 0 0 16 0
0 0 13 0 0 0 0 0 0 0 0 0 0 0 0 0 0 0 0 0 0 0 0 0 0 0 0 1 0 6 0 43 0 2 3 38 0 0 0 15 0
4 0 5 0 0 0 0 0 0 0 0 0 0 0 0 1 0 0 0 0 0 0 0 0 0 0 0 0 2 0 0 17 0 4 19 33 0 5 0 27 0
5 0 6 0 0 0 0 0 0 0 0 0 0 0 0 3 0 0 0 0 0 0 0 0 0 0 0 0 1 0 0 16 0 4 16 31 0 5 0 30 0
0 0 11 0 0 0 0 0 0 0 0 0 0 0 0 0 0 0 0 0 0 0 0 0 0 0 0 1 0 4 0 40 0 2 4 38 0 0 0 16 0
0 0 13 0 1 0 0 0 0 0 0 0 0 0 0 0 0 0 2 0 0 0 5 0 0 0 0 0 3 6 1 21 0 7 20 35 0 4 0 24 0
0 0 11 0 0 0 0 0 0 0 0 0 0 0 0 0 0 0 0 0 0 0 0 0 0 0 0 0 1 5 0 30 0 5 15 37 0 2 0 20 0
8 0 4 0 0 0 0 0 0 0 0 0 0 0 0 2 0 0 2 0 0 0 5 0 0 0 0 0 2 0 0 0 0 4 13 11 0 5 0 21 5
10 0 3 1 0 0 0 0 0 0 0 0 0 0 0 4 0 0 0 0 0 0 0 0 0 0 0 0 0 0 0 6 0 4 10 18 0 7 0 32 0
5 0 5 0 0 0 0 0 0 0 0 0 0 0 0 3 0 0 0 0 0 0 0 0 0 0 0 0 1 0 0 18 0 3 14 30 0 4 0 28 0
1 0 10 0 0 0 0 0 0 0 0 0 0 0 0 2 0 0 1 0 0 0 0 0 0 0 0 0 2 2 0 18 0 6 15 31 0 5 0 34 0
0 0 12 0 0 0 0 0 0 0 0 0 0 0 0 0 0 0 0 0 0 0 0 0 0 0 0 1 0 4 0 41 0 2 6 38 0 0 0 15 0
0 0 9 0 0 0 0 0 0 0 0 0 0 0 0 0 0 0 0 0 0 0 0 0 0 0 0 1 0 3 0 32 0 3 12 37 0 2 0 18 0
0 0 9 0 0 0 0 0 0 0 0 0 0 0 0 0 0 0 0 0 0 0 0 0 0 0 0 1 0 4 0 32 0 2 10 35 0 1 0 14 0
2 0 10 0 0 0 0 0 0 0 0 0 0 0 0 1 0 0 2 0 0 0 4 0 0 0 0 0 3 4 0 12 0 6 19 29 0 5 0 29 0
0 0 15 0 0 0 0 0 0 0 0 0 0 0 0 0 0 0 1 0 0 0 0 0 0 0 0 0 0 7 0 35 0 5 11 37 0 1 0 18 0
5 0 0 2 5 0 6 0 0 0 2 25 0 3 8 0 0 0 1 17 0 0 19 0 5 2 31 0 1 0 2 0 0 0 6 0 0 0 0 0 24
0 0 15 0 2 0 0 0 0 0 0 0 0 0 0 0 0 0 1 1 0 0 7 0 0 0 0 0 2 9 1 27 0 6 16 32 0 1 0 10 0
0 0 7 0 0 0 0 0 0 0 0 0 0 0 0 0 0 0 0 0 0 0 0 0 0 0 0 1 0 2 0 30 0 2 12 37 0 1 0 16 0
0 0 6 0 7 0 4 0 0 0 0 2 0 0 0 0 0 0 3 11 1 0 23 0 0 0 5 0 6 5 4 0 0 5 24 11 0 2 0 0 20
1 0 7 0 0 0 0 0 0 0 0 0 0 0 0 0 0 0 0 0 0 0 0 0 0 0 0 0 2 2 0 22 0 3 20 37 0 3 0 21 0
20 0 0 10 0 0 0 0 0 0 0 17 0 12 7 11 0 0 0 0 0 4 0 0 2 3 25 0 0 0 0 0 0 0 0 0 0 3 0 19 0
6 0 0 5 7 0 10 0 0 0 7 58 0 12 20 0 0 0 0 29 0 0 21 0 14 6 65 4 0 0 1 0 0 0 0 0 1 0 0 0 37
0 0 7 0 0 0 0 0 0 0 0 0 0 0 0 0 0 0 0 0 0 0 0 0 0 0 0 1 0 2 0 28 0 2 13 35 0 1 0 17 0
0 0 12 0 0 0 0 0 0 0 0 0 0 0 0 0 0 0 0 0 0 0 0 0 0 0 0 0 0 5 0 35 0 3 10 37 0 1 0 17 0
0 0 10 0 0 0 0 0 0 0 0 0 0 0 0 0 0 0 0 0 0 0 0 0 0 0 0 0 0 3 0 34 0 2 10 36 0 1 0 16 0
21 0 0 9 0 0 0 0 0 0 0 4 0 2 1 9 0 0 0 0 0 2 0 0 0 2 10 0 0 0 0 0 0 0 0 0 0 5 0 30 0
0 0 6 0 7 0 4 0 0 0 0 3 0 0 1 0 0 0 3 11 1 0 24 0 0 0 7 0 7 5 4 0 0 5 26 11 0 2 0 0 22
10 0 0 5 0 0 3 0 0 0 2 32 0 8 11 2 0 0 0 10 0 0 6 0 7 3 39 1 0 0 0 0 0 0 0 0 0 0 0 0 16
0 0 19 0 0 0 0 0 0 0 0 0 0 0 0 0 1 0 0 0 0 0 0 0 0 0 0 0 0 9 0 47 0 5 0 36 0 0 0 15 0
14 0 0 4 0 0 0 0 0 0 0 0 0 0 0 5 0 0 0 0 0 0 0 0 0 1 3 0 0 0 0 0 0 1 2 2 0 6 0 23 0
0 0 13 0 0 0 0 0 0 0 0 0 0 0 0 0 0 0 0 0 0 0 0 0 0 0 0 0 0 5 0 39 0 3 6 37 0 0 0 17 0
0 0 14 0 0 0 0 0 0 0 0 0 0 0 0 0 0 0 1 0 0 0 0 0 0 0 0 0 0 6 0 32 0 5 13 36 0 2 0 18 0
0 0 13 0 3 0 1 0 0 0 0 0 0 0 0 0 0 0 2 4 1 0 13 0 0 0 0 0 4 7 2 16 0 6 24 31 0 2 0 11 6
3 0 0 3 8 0 9 0 0 0 5 40 0 5 14 0 0 0 0 27 0 0 25 0 9 3 47 2 1 0 3 0 0 0 3 0 1 0 0 0 33
0 0 11 0 0 0 0 0 0 0 0 0 0 0 0 0 0 0 0 0 0 0 0 0 0 0 0 1 0 5 0 37 0 3 9 38 0 0 0 14 0
3 0 0 2 7 0 7 0 0 0 4 32 0 4 11 0 0 0 0 22 0 0 21 0 7 2 37 1 1 0 2 0 0 0 5 0 0 0 0 0 28
0 0 0 0 11 0 9 0 0 0 4 23 0 0 9 0 0 0 2 23 1 0 33 0 4 1 29 0 7 1 6 0 0 0 21 0 0 0 0 0 34
3 0 0 3 7 0 8 0 0 0 5 36 0 6 13 0 0 0 0 23 0 0 22 0 8 3 43 1 0 0 2 0 0 0 2 0 1 0 0 0 30
16 0 0 7 0 0 0 0 0 0 0 3 0 1 0 7 0 0 0 0 0 2 0 0 0 1 8 0 0 0 0 0 0 0 0 0 0 5 0 26 0
1 0 6 0 4 0 2 0 0 0 0 0 0 0 0 0 0 0 3 8 0 0 18 0 0 0 0 0 5 4 3 0 0 5 25 18 0 3 0 5 15
14 0 0 9 0 0 6 0 0 0 5 60 0 18 22 3 0 0 0 18 0 0 7 0 14 6 68 3 0 0 0 0 0 0 0 0 1 0 0 0 25
1 0 1 0 8 0 6 0 0 0 1 12 0 0 4 0 0 0 2 17 1 0 26 0 1 0 16 0 6 3 4 0 0 2 24 1 0 0 0 0 26
8 0 0 3 1 0 3 0 0 0 0 16 0 2 5 1 0 0 0 9 0 0 11 0 3 1 22 0 0 0 0 0 0 0 2 0 0 2 0 0 16
10 0 1 1 0 0 0 0 0 0 0 0 0 0 0 3 0 0 0 0 0 0 0 0 0 0 0 0 0 0 0 11 0 2 14 25 0 6 0 28 0
8 0 0 5 3 0 7 0 0 0 5 47 0 11 16 0 0 0 0 21 0 0 15 0 11 4 55 3 0 0 0 0 0 0 0 0 1 0 0 0 29
0 0 9 0 5 0 3 0 0 0 0 0 0 0 0 0 0 0 3 8 1 0 18 0 0 0 0 0 6 5 3 2 0 6 25 21 0 3 0 4 14
0 0 14 0 4 0 0 0 0 0 0 0 0 0 0 0 0 0 2 4 1 0 13 0 0 0 0 0 4 9 2 19 0 6 18 26 0 1 0 2 7
0 0 12 0 0 0 0 0 0 0 0 0 0 0 0 0 0 0 0 0 0 0 0 0 0 0 0 0 1 5 0 30 0 4 12 35 0 2 0 20 0
0 0 13 0 0 0 0 0 0 0 0 0 0 0 0 0 0 0 0 0 0 0 0 0 0 0 0 0 0 6 0 35 0 4 10 36 0 1 0 15 0
5 0 0 2 5 0 5 0 0 0 1 21 0 2 7 0 0 0 1 15 0 0 18 0 4 1 27 0 1 0 2 0 0 0 9 0 0 0 0 0 23
5 0 0 4 7 0 10 0 0 0 7 53 0 11 19 0 0 0 0 29 0 0 23 0 13 5 61 3 0 0 2 0 0 0 0 0 1 0 0 0 37
0 0 10 0 0 0 0 0 0 0 0 0 0 0 0 0 0 0 1 0 0 0 1 0 0 0 0 0 2 3 0 24 0 5 19 37 0 3 0 23 0
15 0 0 6 0 0 0 0 0 0 0 0 0 0 0 6 0 0 0 0 0 1 0 0 0 1 5 0 0 0 0 0 0 0 0 0 0 6 0 28 0
0 0 14 0 0 0 0 0 0 0 0 0 0 0 0 0 0 0 0 0 0 0 0 0 0 0 0 0 0 6 0 43 0 3 5 38 0 0 0 14 0
0 0 2 0 8 0 5 0 0 0 1 10 0 0 3 0 0 0 2 16 1 0 24 0 0 0 14 0 6 3 4 0 0 2 22 2 0 0 0 0 24
0 0 0 0 11 0 9 0 0 0 3 23 0 1 9 0 0 0 2 23 1 0 31 0 4 1 28 0 7 1 5 0 0 0 20 0 0 0 0 0 33
13 0 0 8 0 0 5 0 0 0 3 49 0 14 18 3 0 0 0 14 0 0 5 0 12 5 56 3 0 0 0 0 0 0 0 0 0 0 0 0 20
0 0 16 0 0 0 0 0 0 0 0 0 0 0 0 0 0 0 0 0 0 0 0 0 0 0 0 0 0 7 0 51 0 2 0 40 0 0 0 15 0
3 0 4 0 4 0 3 0 0 0 0 3 0 0 0 0 0 0 3 8 0 0 17 0 0 0 7 0 4 2 2 0 0 4 19 7 0 3 0 3 16
0 0 7 0 8 0 4 0 0 0 0 2 0 0 1 0 0 0 3 14 1 0 25 0 0 0 4 0 7 6 4 0 0 4 26 13 0 1 0 0 22
14 0 0 9 0 0 4 0 0 0 3 50 0 16 19 4 0 0 0 11 0 0 2 0 12 5 58 3 0 0 0 0 0 0 0 0 0 0 0 0 18
0 0 14 0 2 0 0 0 0 0 0 0 0 0 0 0 0 0 2 0 0 0 8 0 0 0 0 0 4 7 1 21 0 6 18 32 0 2 0 15 1
0 0 11 0 0 0 0 0 0 0 0 0 0 0 0 0 0 0 0 0 0 0 0 0 0 0 0 0 0 5 0 31 0 4 9 34 0 1 0 20 0
6 0 0 4 4 0 6 0 0 0 4 37 0 8 13 0 0 0 0 19 0 0 15 0 9 3 44 1 0 0 0 0 0 0 0 0 0 0 0 0 25
0 0 16 0 0 0 0 0 0 0 0 0 0 0 0 0 0 0 0 0 0 0 0 0 0 0 0 0 0 7 0 44 0 4 3 37 0 0 0 15 0
0 0 10 0 0 0 0 0 0 0 0 0 0 0 0 0 0 0 1 0 0 0 0 0 0 0 0 0 2 4 0 23 0 5 18 37 0 4 0 27 0
4 0 3 0 0 0 0 0 0 0 0 0 0 0 0 1 0 0 0 0 0 0 0 0 0 0 0 1 0 0 0 21 0 1 16 34 0 2 0 21 0
6 0 0 5 8 0 11 0 0 0 8 61 0 13 22 0 0 0 0 32 0 0 24 0 15 6 69 4 0 0 2 0 1 0 0 0 1 0 0 0 40
0 0 18 0 0 0 0 0 0 0 0 0 0 0 0 0 1 0 0 0 0 0 0 0 0 0 0 0 0 7 0 54 0 3 0 40 0 0 0 16 0
0 0 15 0 4 0 0 0 0 0 0 0 0 0 0 0 0 0 3 2 1 0 12 0 0 0 0 0 5 8 2 18 0 7 21 30 0 3 0 10 6
0 0 17 0 0 0 0 0 0 0 0 0 0 0 0 0 0 0 0 0 0 0 0 0 0 0 0 0 0 7 0 44 0 4 2 37 0 0 0 17 0
12 0 0 7 1 0 7 0 0 0 5 54 0 14 19 1 0 0 0 20 0 0 11 0 13 5 61 3 0 0 0 0 0 0 0 0 1 0 0 0 27
0 0 14 0 0 0 0 0 0 0 0 0 0 0 0 0 0 0 0 0 0 0 0 0 0 0 0 0 0 6 0 40 0 3 5 36 0 0 0 16 0
0 0 14 0 0 0 0 0 0 0 0 0 0 0 0 0 0 0 0 0 0 0 0 0 0 0 0 0 0 6 0 37 0 4 9 37 0 2 0 18 0
3 0 5 0 0 0 0 0 0 0 0 0 0 0 0 1 0 0 0 0 0 0 0 0 0 0 0 0 1 0 0 21 0 3 17 34 0 3 0 23 0
0 0 18 0 0 0 0 0 0 0 0 0 0 0 0 0 0 0 0 0 0 0 0 0 0 0 0 0 0 8 0 46 0 4 1 37 0 0 0 17 0
12 0 0 7 0 0 3 0 0 0 2 36 0 12 13 4 0 0 0 7 0 0 1 0 8 3 43 1 0 0 0 0 0 0 0 0 0 0 0 0 13
