0 0 23 11 0 0 0 0 6 0 0 0 0 0 0 0 0 0 0 0 0 0 1 0 0 4 0 0 5 0 0 44 6 0 22 47 0 0 10 4 9
0 17 18 0 0 0 0 0 0 0 0 0 0 0 0 0 0 0 0 0 0 0 0 0 0 1 2 0 0 0 0 0 0 0 63 0 0 0 0 86 0
0 17 16 0 0 0 0 0 0 0 0 0 0 0 0 0 0 0 0 0 0 0 0 0 0 3 1 0 0 0 0 0 0 0 62 0 0 0 0 85 0
0 0 28 9 0 0 0 0 2 0 0 0 0 0 0 0 0 0 0 0 0 0 0 0 0 6 0 0 5 0 0 31 7 0 40 37 0 0 7 21 6
0 0 14 12 0 0 0 0 19 0 0 0 0 0 0 0 0 0 0 0 0 0 0 0 2 0 0 0 0 0 0 84 5 0 0 83 0 16 26 0 20
2 3 14 5 0 0 0 0 0 0 0 0 0 0 0 0 0 0 0 0 0 0 0 0 0 8 0 0 5 0 0 22 5 0 41 33 0 0 0 33 8
5 6 12 3 0 0 0 0 0 0 0 0 0 0 0 0 0 0 0 0 0 0 0 0 0 9 0 0 7 0 0 12 4 0 45 23 0 0 0 42 7
3 9 12 0 0 0 0 0 0 0 0 0 0 0 0 0 0 0 0 0 0 0 0 0 0 8 0 0 5 0 0 0 2 0 48 2 0 0 0 51 1
0 17 16 0 0 0 0 0 0 0 0 0 0 0 0 0 0 0 0 0 0 0 0 0 0 1 2 0 0 0 0 0 0 0 62 0 0 0 0 84 0
2 16 14 0 0 0 0 0 0 0 0 0 0 0 0 0 0 0 0 0 0 0 0 0 0 5 0 0 0 0 0 0 0 0 61 0 0 0 0 80 0
4 18 16 0 0 0 0 0 0 0 0 0 0 0 0 0 0 0 0 0 0 0 1 0 0 6 0 0 0 0 0 0 0 0 63 0 0 0 0 87 0
0 19 18 0 0 0 0 0 0 0 0 0 0 0 0 0 0 0 0 0 0 0 0 0 0 0 3 0 0 0 0 0 0 0 67 0 0 0 0 93 0
2 15 15 0 0 0 0 0 0 0 0 0 0 0 0 0 0 0 0 0 0 0 0 0 0 5 0 0 0 0 0 0 0 0 58 0 0 0 0 73 0
0 0 20 12 0 0 0 0 14 0 0 0 0 0 0 0 0 0 0 0 0 0 0 0 1 0 0 0 3 0 0 68 6 0 0 70 0 8 21 0 15
1 18 16 0 0 0 0 0 0 0 0 0 0 0 0 0 0 0 0 0 0 0 0 0 0 2 1 0 0 0 0 0 0 0 63 0 0 0 0 87 0
2 14 13 0 0 0 0 0 0 0 0 0 0 0 0 0 0 0 0 0 0 0 0 0 0 6 0 0 0 0 0 0 1 0 54 0 0 0 0 67 0
2 16 14 0 0 0 0 0 0 0 0 0 0 0 0 0 0 0 0 0 0 0 0 0 0 5 0 0 0 0 0 0 0 0 59 0 0 0 0 78 0
0 17 17 0 0 0 0 0 0 0 0 0 0 0 0 0 0 0 0 0 0 0 0 0 0 2 1 0 0 0 0 0 0 0 66 0 0 0 0 87 0
5 5 13 4 0 0 0 0 0 0 0 0 0 0 0 0 0 0 0 0 0 0 1 0 0 9 0 0 7 0 0 14 4 0 43 22 0 0 0 39 6
0 0 16 11 0 0 0 0 16 0 0 0 0 0 0 0 0 0 0 0 0 0 0 0 1 0 0 0 2 0 0 74 6 0 0 76 0 13 22 0 17
0 0 24 11 0 0 0 0 7 0 0 0 0 0 0 0 0 0 0 0 0 0 0 0 0 2 0 0 4 0 0 44 7 0 17 49 0 0 12 0 9
3 0 24 12 0 0 0 0 2 0 0 0 0 0 0 0 0 0 0 0 0 0 4 1 0 9 0 1 8 0 0 34 6 0 39 37 0 0 6 24 8
7 5 17 9 0 0 0 0 0 0 0 0 0 0 0 0 0 0 0 0 0 0 7 2 0 11 0 2 8 0 0 22 5 1 37 22 0 0 0 34 8
7 10 11 1 0 0 0 0 0 0 0 0 0 0 0 0 0 0 0 0 0 0 1 0 0 10 0 0 7 0 0 3 3 0 44 11 0 0 0 47 5
5 6 13 4 0 0 0 0 0 0 0 0 0 0 0 0 0 0 0 0 0 0 0 0 0 10 0 0 7 0 0 14 4 0 47 25 0 0 0 42 7
0 0 18 12 0 0 0 0 17 0 0 0 0 0 0 0 0 0 0 0 0 0 0 1 2 0 0 0 2 0 0 74 6 0 0 74 0 11 23 0 17
3 12 12 0 0 0 0 0 0 0 0 0 0 0 0 0 0 0 0 0 0 0 0 0 0 7 0 0 2 0 0 0 1 0 53 0 0 0 0 61 0
0 0 16 12 0 0 0 0 18 0 0 0 0 0 0 0 0 0 0 0 0 0 0 1 2 0 0 0 1 0 0 77 6 0 0 77 0 14 24 0 18
3 14 14 0 0 0 0 0 0 0 0 0 0 0 0 0 0 0 0 0 0 0 0 0 0 7 0 0 2 0 0 0 1 0 56 0 0 0 0 66 0
0 0 25 11 0 0 0 0 9 0 0 0 0 0 0 0 0 0 0 0 0 0 0 0 0 0 0 0 5 0 0 55 6 0 4 59 0 4 15 0 12
2 15 14 0 0 0 0 0 0 0 0 0 0 0 0 0 0 0 0 0 0 0 0 0 0 5 0 0 0 0 0 0 0 0 56 0 0 0 0 70 0
6 9 11 1 0 0 0 0 0 0 0 0 0 0 0 0 0 0 0 0 0 0 0 0 0 9 0 0 6 0 0 2 3 0 46 11 0 0 0 47 4
5 13 13 0 0 0 0 0 0 0 0 0 0 0 0 0 0 0 0 0 0 0 0 0 0 8 0 0 4 0 0 0 1 0 48 0 0 0 0 57 0
0 0 26 8 0 0 0 0 2 0 0 0 0 0 0 0 0 0 0 0 0 0 0 0 0 6 0 1 6 0 0 34 7 0 37 43 0 0 7 20 9
6 10 10 0 0 0 0 0 0 0 0 0 0 0 0 0 0 0 0 0 0 0 1 0 0 9 0 0 5 0 0 0 2 0 44 0 0 0 0 51 0
7 8 10 4 0 0 0 0 0 0 0 0 0 0 0 0 0 0 0 0 0 0 4 1 0 11 0 1 7 0 0 9 4 0 41 15 0 0 0 42 6
0 0 14 11 0 0 0 0 18 0 0 0 0 0 0 0 0 0 0 0 0 0 0 0 2 0 0 0 0 0 0 83 5 0 0 84 0 16 26 0 19
2 0 23 9 0 0 0 0 1 0 0 0 0 0 0 0 0 0 0 0 0 0 1 0 0 8 0 1 7 0 0 29 6 0 43 35 0 0 5 27 7
1 14 14 0 0 0 0 0 0 0 0 0 0 0 0 0 0 0 0 0 0 0 0 0 0 5 0 0 0 0 0 0 0 0 57 0 0 0 0 71 0
1 13 13 0 0 0 0 0 0 0 0 0 0 0 0 0 0 0 0 0 0 0 0 0 0 5 0 0 0 0 0 0 0 0 54 0 0 0 0 66 0
5 3 17 8 0 0 0 0 0 0 0 0 0 0 0 0 0 0 0 0 0 0 3 1 0 10 0 1 8 0 0 24 5 0 42 28 0 0 0 34 7
4 3 16 6 0 0 0 0 0 0 0 0 0 0 0 0 0 0 0 0 0 0 2 0 0 9 0 1 7 0 0 21 5 0 44 27 0 0 0 36 6
5 4 16 7 0 0 0 0 0 0 0 0 0 0 0 0 0 0 0 0 0 0 4 1 0 10 0 1 7 0 0 20 5 0 43 24 0 0 0 37 6
3 12 11 0 0 0 0 0 0 0 0 0 0 0 0 0 0 0 0 0 0 0 0 0 0 6 0 0 2 0 0 0 2 0 46 0 0 0 0 55 0
5 6 11 3 0 0 0 0 0 0 0 0 0 0 0 0 0 0 0 0 0 0 0 0 0 9 0 0 7 0 0 10 4 0 43 20 0 0 0 41 6
5 5 15 4 0 0 0 0 0 0 0 0 0 0 0 0 0 0 0 0 0 0 0 0 0 9 0 0 7 0 0 15 4 0 47 24 0 0 0 41 6
0 0 18 13 0 0 0 0 13 0 0 0 0 0 0 0 0 0 0 0 0 0 2 1 2 0 0 0 4 0 0 70 5 0 0 71 0 10 20 0 16
0 0 9 11 0 0 0 0 22 0 0 0 0 0 0 0 0 0 0 0 0 0 0 0 2 0 0 0 0 0 0 96 4 0 0 93 0 20 30 0 23
0 0 16 13 0 0 0 0 16 0 0 0 0 0 0 0 0 0 0 0 0 0 1 1 2 0 0 0 2 0 0 76 6 0 0 74 0 12 23 0 17
5 5 16 5 0 0 0 0 0 0 0 0 0 0 0 0 0 0 0 0 0 0 0 0 0 10 0 0 7 0 0 17 4 0 47 26 0 0 0 41 7
0 0 26 10 0 0 0 0 5 0 0 0 0 0 0 0 0 0 0 0 0 0 0 0 0 4 0 0 5 0 0 38 6 0 30 44 0 0 10 9 8
6 11 10 0 0 0 0 0 0 0 0 0 0 0 0 0 0 0 0 0 0 0 0 0 0 8 0 0 5 0 0 0 2 0 45 0 0 0 0 51 0
6 9 11 1 0 0 0 0 0 0 0 0 0 0 0 0 0 0 0 0 0 0 0 0 0 10 0 0 7 0 0 5 3 0 44 16 0 0 0 45 7
3 16 16 0 0 0 0 0 0 0 0 0 0 0 0 0 0 0 0 0 0 0 0 0 0 6 0 0 1 0 0 0 0 0 58 0 0 0 0 71 0
1 0 27 9 0 0 0 0 2 0 0 0 0 0 0 0 0 0 0 0 0 0 0 0 0 7 0 0 7 0 0 30 6 0 42 38 0 0 6 25 7
0 0 15 11 0 0 0 0 17 0 0 0 0 0 0 0 0 0 0 0 0 0 0 0 1 0 0 0 2 0 0 77 7 0 0 80 0 14 23 0 18
5 8 14 1 0 0 0 0 0 0 0 0 0 0 0 0 0 0 0 0 0 0 0 0 0 9 0 0 7 0 0 14 4 0 45 26 0 0 0 42 8
0 0 24 11 0 0 0 0 6 0 0 0 0 0 0 0 0 0 0 0 0 0 0 0 0 3 0 0 6 0 0 46 6 0 19 51 0 1 11 0 10
1 17 15 0 0 0 0 0 0 0 0 0 0 0 0 0 0 0 0 0 0 0 0 0 0 4 0 0 0 0 0 0 0 0 63 0 0 0 0 83 0
5 5 13 4 0 0 0 0 0 0 0 0 0 0 0 0 0 0 0 0 0 0 0 0 0 9 0 0 7 0 0 17 4 0 44 27 0 0 0 37 7
6 8 11 3 0 0 0 0 0 0 0 0 0 0 0 0 0 0 0 0 0 0 2 1 0 10 0 0 8 0 0 11 4 0 42 18 0 0 0 42 7
5 13 11 0 0 0 0 0 0 0 0 0 0 0 0 0 0 0 0 0 0 0 0 0 0 7 0 0 3 0 0 0 1 0 51 0 0 0 0 62 0
7 12 9 0 0 0 0 0 0 0 0 0 0 0 0 0 0 0 0 0 0 0 0 0 0 9 0 0 6 0 0 0 1 0 43 1 0 0 0 49 3
0 0 10 11 0 0 0 0 20 0 0 0 0 0 0 0 0 0 0 0 0 0 0 0 2 0 0 0 0 0 0 91 5 0 0 90 0 19 28 0 22
1 15 13 0 0 0 0 0 0 0 0 0 0 0 0 0 0 0 0 0 0 0 0 0 0 4 0 0 0 0 0 0 0 0 61 0 0 0 0 78 0
5 2 19 10 0 0 0 0 0 0 0 0 0 0 0 0 0 0 0 0 0 0 4 1 0 10 0 1 8 0 0 27 6 0 41 30 0 0 2 31 8
0 0 25 12 0 0 0 0 7 0 0 0 0 0 0 0 0 0 0 0 0 0 2 0 0 4 0 0 6 0 0 45 6 0 22 48 0 0 12 2 9
0 0 15 12 0 0 0 0 17 0 0 0 0 0 0 0 0 0 0 0 0 0 0 0 2 0 0 0 1 0 0 78 6 0 0 80 0 13 24 0 18
6 8 12 2 0 0 0 0 0 0 0 0 0 0 0 0 0 0 0 0 0 0 0 0 0 10 0 0 7 0 0 11 3 0 44 20 0 0 0 43 8
0 0 27 11 0 0 0 0 4 0 0 0 0 0 0 0 0 0 0 0 0 0 1 0 0 5 0 1 6 0 0 39 6 0 29 42 0 0 8 13 8
7 13 10 0 0 0 0 0 0 0 0 0 0 0 0 0 0 0 0 0 0 0 2 1 0 10 0 0 5 0 0 0 2 0 46 0 0 0 0 56 0
0 0 15 11 0 0 0 0 21 0 0 0 0 0 0 0 0 0 0 0 0 0 0 0 2 0 0 0 0 0 0 94 4 0 0 90 0 20 29 0 23
0 0 15 12 0 0 0 0 19 0 0 0 0 0 0 0 0 0 0 0 0 0 0 1 2 0 0 0 0 0 0 82 5 0 0 82 0 15 25 0 19
8 7 15 9 0 0 0 0 0 0 0 0 0 0 0 0 0 0 0 0 0 0 8 3 0 12 0 2 9 0 0 17 5 2 40 16 0 0 0 39 7
0 0 7 10 0 0 0 0 20 0 0 0 0 0 0 0 0 0 0 0 0 0 0 0 1 0 0 0 0 0 0 92 5 0 0 92 0 19 27 0 23
1 14 15 0 0 0 0 0 0 0 0 0 0 0 0 0 0 0 0 0 0 0 0 0 0 5 0 0 0 0 0 0 0 0 57 0 0 0 0 70 0
2 0 21 9 0 0 0 0 1 0 0 0 0 0 0 0 0 0 0 0 0 0 2 0 0 8 0 1 6 0 0 30 6 0 38 35 0 0 4 25 8
3 0 22 10 0 0 0 0 2 0 0 0 0 0 0 0 0 0 0 0 0 0 3 1 0 8 0 1 8 0 0 35 6 0 34 39 0 0 6 20 10
1 14 14 0 0 0 0 0 0 0 0 0 0 0 0 0 0 0 0 0 0 0 0 0 0 5 0 0 0 0 0 0 0 0 58 0 0 0 0 74 0
0 0 22 11 0 0 0 0 11 0 0 0 0 0 0 0 0 0 0 0 0 0 0 0 0 0 0 0 3 0 0 63 7 0 0 68 1 8 18 0 14
1 16 14 0 0 0 0 0 0 0 0 0 0 0 0 0 0 0 0 0 0 0 0 0 0 4 0 0 0 0 0 0 0 0 63 0 0 0 0 82 0
6 7 11 4 0 0 0 0 0 0 0 0 0 0 0 0 0 0 0 0 0 0 2 0 0 10 0 0 7 0 0 12 4 0 45 19 0 0 0 44 7
1 18 17 0 0 0 0 0 0 0 0 0 0 0 0 0 0 0 0 0 0 0 0 0 0 4 1 0 0 0 0 0 0 0 62 0 0 0 0 82 0
0 0 20 12 0 0 0 0 16 0 0 0 0 0 0 0 0 0 0 0 0 0 0 1 2 0 0 0 2 0 0 73 6 0 0 73 0 11 23 0 16
0 0 9 11 0 0 0 0 21 0 0 0 0 0 0 0 0 0 0 0 0 0 0 0 2 0 0 0 0 0 0 94 4 0 0 92 0 20 29 0 23
0 0 23 12 0 0 0 0 7 0 0 0 0 0 0 0 0 0 0 0 0 0 1 0 0 3 0 0 5 0 0 50 6 0 14 53 0 1 13 0 10
2 0 28 13 0 0 0 0 3 0 0 0 0 0 0 0 0 0 0 0 0 0 4 1 0 7 0 1 7 0 0 37 7 0 33 38 0 0 8 17 9
0 0 15 12 0 0 0 0 19 0 0 0 0 0 0 0 0 0 0 0 0 0 0 1 2 0 0 0 0 0 0 87 5 0 0 86 0 17 27 0 21
5 6 12 3 0 0 0 0 0 0 0 0 0 0 0 0 0 0 0 0 0 0 1 0 0 9 0 0 6 0 0 10 4 0 44 18 0 0 0 42 5
3 14 13 0 0 0 0 0 0 0 0 0 0 0 0 0 0 0 0 0 0 0 0 0 0 7 0 0 0 0 0 0 1 0 55 0 0 0 0 69 0
0 15 15 0 0 0 0 0 0 0 0 0 0 0 0 0 0 0 0 0 0 0 0 0 0 3 0 0 0 0 0 0 0 0 57 0 0 0 0 74 0
8 10 9 2 0 0 0 0 0 0 0 0 0 0 0 0 0 0 0 0 0 0 4 1 0 11 0 0 7 0 0 6 3 0 42 12 0 0 0 45 6
1 16 15 0 0 0 0 0 0 0 0 0 0 0 0 0 0 0 0 0 0 0 0 0 0 5 0 0 0 0 0 0 0 0 59 0 0 0 0 75 0
5 2 19 9 0 0 0 0 0 0 0 0 0 0 0 0 0 0 0 0 0 0 3 1 0 10 0 1 7 0 0 23 6 0 41 28 0 0 2 32 7
3 12 11 0 0 0 0 0 0 0 0 0 0 0 0 0 0 0 0 0 0 0 0 0 0 7 0 0 2 0 0 0 2 0 49 0 0 0 0 58 0
1 0 22 9 0 0 0 0 2 0 0 0 0 0 0 0 0 0 0 0 0 0 0 0 0 7 0 1 6 0 0 36 6 0 39 42 1 0 6 21 8
0 0 16 12 0 0 0 0 17 0 0 0 0 0 0 0 0 0 0 0 0 0 0 0 1 0 0 0 1 0 0 79 6 0 0 81 0 13 24 0 18
4 12 11 0 0 0 0 0 0 0 0 0 0 0 0 0 0 0 0 0 0 0 0 0 0 8 0 0 3 0 0 0 1 0 50 0 0 0 0 58 0
6 12 12 0 0 0 0 0 0 0 0 0 0 0 0 0 0 0 0 0 0 0 1 1 0 9 0 0 4 0 0 0 3 0 48 0 0 0 0 57 0
5 7 12 2 0 0 0 0 0 0 0 0 0 0 0 0 0 0 0 0 0 0 0 0 0 9 0 0 6 0 0 7 4 0 44 17 0 0 0 43 5
3 14 12 0 0 0 0 0 0 0 0 0 0 0 0 0 0 0 0 0 0 0 0 0 0 6 0 0 1 0 0 0 1 0 54 0 0 0 0 67 0
0 0 19 13 0 0 0 0 17 0 0 0 0 0 0 0 0 0 0 0 0 0 1 1 2 0 0 0 2 0 0 77 6 0 0 76 0 13 24 0 18
3 15 15 0 0 0 0 0 0 0 0 0 0 0 0 0 0 0 0 0 0 0 0 0 0 6 0 0 0 0 0 0 0 0 57 0 0 0 0 74 0
0 0 14 11 0 0 0 0 19 0 0 0 0 0 0 0 0 0 0 0 0 0 0 0 2 0 0 0 0 0 0 84 5 0 0 83 0 16 26 0 20
5 3 16 9 0 0 0 0 0 0 0 0 0 0 0 0 0 0 0 0 0 0 4 1 0 10 0 1 7 0 0 24 6 0 41 27 0 0 1 34 7
1 16 15 0 0 0 0 0 0 0 0 0 0 0 0 0 0 0 0 0 0 0 0 0 0 4 0 0 0 0 0 0 0 0 62 0 0 0 0 80 0
0 0 15 11 0 0 0 0 18 0 0 0 0 0 0 0 0 0 0 0 0 0 0 0 1 0 0 0 1 0 0 80 6 0 0 82 0 14 25 0 19
0 0 14 11 0 0 0 0 18 0 0 0 0 0 0 0 0 0 0 0 0 0 0 0 2 0 0 0 1 0 0 80 6 0 0 81 0 15 24 0 19
0 16 14 0 0 0 0 0 0 0 0 0 0 0 0 0 0 0 0 0 0 0 0 0 0 2 1 0 0 0 0 0 0 0 61 0 0 0 0 80 0
1 0 22 10 0 0 0 0 2 0 0 0 0 0 0 0 0 0 0 0 0 0 1 0 0 7 0 1 6 0 0 32 6 0 40 37 0 0 6 23 7
6 4 18 10 0 0 0 0 0 0 0 0 0 0 0 0 0 0 0 0 0 0 7 2 0 10 0 2 8 0 0 25 6 1 36 25 0 0 1 32 8
0 0 21 13 0 0 0 0 14 0 0 0 0 0 0 0 0 0 0 0 0 0 0 1 1 0 0 0 3 0 0 65 6 0 0 67 0 7 20 0 14
2 0 25 8 0 0 0 0 0 0 0 0 0 0 0 0 0 0 0 0 0 0 0 0 0 8 0 0 7 0 0 25 6 0 47 33 0 0 3 32 6
4 10 10 0 0 0 0 0 0 0 0 0 0 0 0 0 0 0 0 0 0 0 0 0 0 7 0 0 4 0 0 0 2 0 47 0 0 0 0 52 0
2 18 15 0 0 0 0 0 0 0 0 0 0 0 0 0 0 0 0 0 0 0 0 0 0 4 0 0 0 0 0 0 0 0 61 0 0 0 0 84 0
5 10 10 0 0 0 0 0 0 0 0 0 0 0 0 0 0 0 0 0 0 0 0 0 0 9 0 0 5 0 0 0 3 0 45 10 0 0 0 47 4
1 16 14 0 0 0 0 0 0 0 0 0 0 0 0 0 0 0 0 0 0 0 0 0 0 5 0 0 0 0 0 0 0 0 58 0 0 0 0 76 0
0 0 16 12 0 0 0 0 15 0 0 0 0 0 0 0 0 0 0 0 0 0 0 0 2 0 0 0 2 0 0 69 6 0 0 71 0 8 21 0 15
2 17 15 0 0 0 0 0 0 0 0 0 0 0 0 0 0 0 0 0 0 0 0 0 0 4 0 0 0 0 0 0 0 0 59 0 0 0 0 79 0
0 0 23 10 0 0 0 0 8 0 0 0 0 0 0 0 0 0 0 0 0 0 0 0 0 0 0 0 4 0 0 52 6 0 6 55 0 3 14 0 11
0 0 17 11 0 0 0 0 19 0 0 0 0 0 0 0 0 0 0 0 0 0 0 1 2 0 0 0 0 0 0 84 5 0 0 83 0 17 26 0 20
5 8 13 1 0 0 0 0 0 0 0 0 0 0 0 0 0 0 0 0 0 0 0 0 0 9 0 0 6 0 0 8 3 0 46 20 0 0 0 44 7
0 0 19 11 0 0 0 0 17 0 0 0 0 0 0 0 0 0 0 0 0 0 0 0 2 0 0 0 1 0 0 75 6 0 0 77 0 13 24 0 16
4 3 17 6 0 0 0 0 0 0 0 0 0 0 0 0 0 0 0 0 0 0 0 0 0 9 0 0 7 0 0 19 5 0 46 28 0 0 0 37 6
2 18 17 0 0 0 0 0 0 0 0 0 0 0 0 0 0 0 0 0 0 0 0 0 0 4 0 0 0 0 0 0 0 0 66 0 0 0 0 87 0
2 15 14 0 0 0 0 0 0 0 0 0 0 0 0 0 0 0 0 0 0 0 0 0 0 5 0 0 0 0 0 0 0 0 58 0 0 0 0 73 0
0 0 25 12 0 0 0 0 6 0 0 0 0 0 0 0 0 0 0 0 0 0 2 0 0 4 0 0 5 0 0 43 6 0 23 46 0 0 11 4 8
1 13 15 0 0 0 0 0 0 0 0 0 0 0 0 0 0 0 0 0 0 0 0 0 0 5 0 0 0 0 0 0 1 0 59 0 0 0 0 71 0
0 16 13 0 0 0 0 0 0 0 0 0 0 0 0 0 0 0 0 0 0 0 0 0 0 3 0 0 0 0 0 0 0 0 61 0 0 0 0 80 0
4 4 15 4 0 0 0 0 0 0 0 0 0 0 0 0 0 0 0 0 0 0 0 0 0 9 0 0 6 0 0 17 4 0 46 27 0 0 0 39 7
6 8 12 2 0 0 0 0 0 0 0 0 0 0 0 0 0 0 0 0 0 0 0 0 0 9 0 0 7 0 0 12 4 0 45 23 0 0 0 43 7
0 0 25 14 0 0 0 0 8 0 0 0 0 0 0 0 0 0 0 0 0 0 4 1 0 4 0 0 6 0 0 52 7 0 14 52 0 0 13 0 12
2 0 22 9 0 0 0 0 0 0 0 0 0 0 0 0 0 0 0 0 0 0 0 0 0 8 0 0 7 0 0 30 6 0 44 37 0 0 4 29 8
0 0 24 10 0 0 0 0 7 0 0 0 0 0 0 0 0 0 0 0 0 0 0 0 0 2 0 0 5 0 0 48 7 0 15 53 0 1 13 0 10
6 6 12 4 0 0 0 0 0 0 0 0 0 0 0 0 0 0 0 0 0 0 3 0 0 10 0 0 7 0 0 13 4 0 43 17 0 0 0 41 6
2 14 13 0 0 0 0 0 0 0 0 0 0 0 0 0 0 0 0 0 0 0 0 0 0 5 0 0 0 0 0 0 1 0 54 0 0 0 0 67 0
0 0 24 12 0 0 0 0 12 0 0 0 0 0 0 0 0 0 0 0 0 0 0 0 1 0 0 0 4 0 0 61 6 0 0 64 0 6 18 0 13
1 18 17 0 0 0 0 0 0 0 0 0 0 0 0 0 0 0 0 0 0 0 0 0 0 4 1 0 0 0 0 0 0 0 63 0 0 0 0 82 0
0 0 24 12 0 0 0 0 11 0 0 0 0 0 0 0 0 0 0 0 0 0 0 0 1 0 0 0 5 0 0 61 6 0 0 64 0 6 17 0 14
0 0 17 12 0 0 0 0 18 0 0 0 0 0 0 0 0 0 0 0 0 0 0 0 2 0 0 0 1 0 0 78 6 0 0 79 0 13 24 0 18
6 4 17 8 0 0 0 0 0 0 0 0 0 0 0 0 0 0 0 0 0 0 4 1 0 10 0 1 8 0 0 25 5 0 43 30 0 0 0 36 9
0 16 15 0 0 0 0 0 0 0 0 0 0 0 0 0 0 0 0 0 0 0 0 0 0 2 1 0 0 0 0 0 0 0 61 0 0 0 0 81 0
0 0 24 11 0 0 0 0 4 0 0 0 0 0 0 0 0 0 0 0 0 0 1 0 0 5 0 0 6 0 0 40 6 0 29 44 0 0 9 11 9
7 8 9 3 0 0 0 0 0 0 0 0 0 0 0 0 0 0 0 0 0 0 1 0 0 10 0 0 7 0 0 7 3 0 44 17 0 0 0 44 6
1 16 14 0 0 0 0 0 0 0 0 0 0 0 0 0 0 0 0 0 0 0 0 0 0 4 0 0 0 0 0 0 0 0 59 0 0 0 0 77 0
0 0 23 11 0 0 0 0 8 0 0 0 0 0 0 0 0 0 0 0 0 0 0 0 0 1 0 0 5 0 0 52 6 0 8 56 1 2 14 0 11
0 0 16 12 0 0 0 0 17 0 0 0 0 0 0 0 0 0 0 0 0 0 0 0 2 0 0 0 2 0 0 79 6 0 0 81 0 14 24 0 19
0 0 19 12 0 0 0 0 15 0 0 0 0 0 0 0 0 0 0 0 0 0 0 0 2 0 0 0 2 0 0 63 6 0 0 64 0 5 20 0 13
0 17 17 0 0 0 0 0 0 0 0 0 0 0 0 0 0 0 0 0 0 0 0 0 0 1 2 0 0 0 0 0 0 0 63 0 0 0 0 86 0
2 0 23 9 0 0 0 0 1 0 0 0 0 0 0 0 0 0 0 0 0 0 1 0 0 8 0 0 7 0 0 29 6 0 44 36 0 0 5 27 7
5 11 10 0 0 0 0 0 0 0 0 0 0 0 0 0 0 0 0 0 0 0 0 0 0 9 0 0 5 0 0 0 2 0 48 2 0 0 0 53 2
3 15 14 0 0 0 0 0 0 0 0 0 0 0 0 0 0 0 0 0 0 0 0 0 0 6 0 0 0 0 0 0 0 0 55 0 0 0 0 69 0
2 0 22 8 0 0 0 0 0 0 0 0 0 0 0 0 0 0 0 0 0 0 1 0 0 8 0 0 7 0 0 29 6 0 43 36 0 0 4 28 8
6 12 13 0 0 0 0 0 0 0 0 0 0 0 0 0 0 0 0 0 0 0 4 1 0 10 0 1 5 0 0 0 3 0 47 0 0 0 0 56 0
0 0 15 11 0 0 0 0 18 0 0 0 0 0 0 0 0 0 0 0 0 0 0 0 2 0 0 0 0 0 0 84 5 0 0 84 0 16 25 0 19
1 0 25 10 0 0 0 0 3 0 0 0 0 0 0 0 0 0 0 0 0 0 1 0 0 7 0 0 6 0 0 38 6 0 35 42 0 0 7 17 8
1 16 15 0 0 0 0 0 0 0 0 0 0 0 0 0 0 0 0 0 0 0 0 0 0 4 0 0 0 0 0 0 0 0 58 0 0 0 0 75 0
0 21 19 0 0 0 0 0 0 0 0 0 0 0 0 0 0 0 0 0 0 0 0 0 0 0 4 0 0 0 0 0 0 0 69 0 0 0 0 99 0
6 5 14 7 0 0 0 0 0 0 0 0 0 0 0 0 0 0 0 0 0 0 5 1 0 10 0 1 8 0 0 18 5 1 38 20 0 0 0 36 7
5 10 8 0 0 0 0 0 0 0 0 0 0 0 0 0 0 0 0 0 0 0 0 0 0 8 0 0 5 0 0 0 2 0 44 9 0 0 0 47 4
9 10 11 6 0 0 0 0 0 0 0 0 0 0 0 0 0 0 0 0 0 0 8 2 0 12 0 1 9 0 0 10 4 1 40 11 0 0 0 43 6
6 10 10 0 0 0 0 0 0 0 0 0 0 0 0 0 0 0 0 0 0 0 0 0 0 9 0 0 7 0 0 0 2 0 44 11 0 0 0 46 5
8 7 12 6 0 0 0 0 0 0 0 0 0 0 0 0 0 0 0 0 0 0 5 1 0 12 0 1 9 0 0 17 4 1 42 22 0 0 0 40 8
0 17 15 0 0 0 0 0 0 0 0 0 0 0 0 0 0 0 0 0 0 0 0 0 0 3 1 0 0 0 0 0 0 0 64 0 0 0 0 85 0
0 16 17 0 0 0 0 0 0 0 0 0 0 0 0 0 0 0 0 0 0 0 0 0 0 3 1 0 0 0 0 0 0 0 61 0 0 0 0 79 0
4 12 12 0 0 0 0 0 0 0 0 0 0 0 0 0 0 0 0 0 0 0 0 0 0 7 0 0 4 0 0 0 2 0 48 0 0 0 0 55 0
4 17 13 0 0 0 0 0 0 0 0 0 0 0 0 0 0 0 0 0 0 0 0 0 0 6 0 0 0 0 0 0 0 0 57 0 0 0 0 75 0
5 5 16 4 0 0 0 0 0 0 0 0 0 0 0 0 0 0 0 0 0 0 0 0 0 10 0 0 8 0 0 16 4 0 48 26 0 0 0 41 8
0 0 6 12 0 0 0 0 20 0 0 0 0 0 0 0 0 0 0 0 0 0 0 0 1 0 0 0 0 0 0 91 4 0 0 89 0 18 28 0 22
2 14 16 0 0 0 0 0 0 0 0 0 0 0 0 0 0 0 0 0 0 0 0 0 0 6 0 0 0 0 0 0 0 0 58 0 0 0 0 72 0
4 4 17 5 0 0 0 0 0 0 0 0 0 0 0 0 0 0 0 0 0 0 0 0 0 9 0 0 7 0 0 18 5 0 46 27 0 0 0 38 7
2 0 22 7 0 0 0 0 0 0 0 0 0 0 0 0 0 0 0 0 0 0 0 0 0 8 0 0 6 0 0 24 6 0 44 33 0 0 3 31 7
0 0 15 11 0 0 0 0 18 0 0 0 0 0 0 0 0 0 0 0 0 0 0 0 2 0 0 0 0 0 0 85 6 0 0 86 0 17 26 0 20
0 0 15 11 0 0 0 0 18 0 0 0 0 0 0 0 0 0 0 0 0 0 0 0 2 0 0 0 0 0 0 81 6 0 0 82 0 15 25 0 19
0 0 11 11 0 0 0 0 22 0 0 0 0 0 0 0 0 0 0 0 0 0 0 0 3 0 0 0 0 0 0 96 3 0 0 90 0 21 30 0 23
6 7 10 4 0 0 0 0 0 0 0 0 0 0 0 0 0 0 0 0 0 0 1 1 0 10 0 0 7 0 0 18 4 0 41 26 0 0 0 39 8
8 10 9 2 0 0 0 0 0 0 0 0 0 0 0 0 0 0 0 0 0 0 3 1 0 11 0 0 8 0 0 7 3 0 41 14 0 0 0 44 7
7 10 10 1 0 0 0 0 0 0 0 0 0 0 0 0 0 0 0 0 0 0 0 0 0 10 0 0 7 0 0 3 3 0 44 12 0 0 0 46 5
0 18 17 0 0 0 0 0 0 0 0 0 0 0 0 0 0 0 0 0 0 0 0 0 0 0 3 0 0 0 0 0 0 0 64 0 0 0 0 88 0
3 0 24 9 0 0 0 0 0 0 0 0 0 0 0 0 0 0 0 0 0 0 1 0 0 9 0 0 7 0 0 29 6 0 46 35 0 0 4 31 7
1 1 22 6 0 0 0 0 0 0 0 0 0 0 0 0 0 0 0 0 0 0 0 0 0 7 0 0 6 0 0 24 5 0 46 35 0 0 2 33 8
4 12 12 0 0 0 0 0 0 0 0 0 0 0 0 0 0 0 0 0 0 0 0 0 0 7 0 0 3 0 0 0 2 0 49 0 0 0 0 56 0
2 16 14 0 0 0 0 0 0 0 0 0 0 0 0 0 0 0 0 0 0 0 0 0 0 4 0 0 0 0 0 0 0 0 62 0 0 0 0 82 0
0 0 22 12 0 0 0 0 12 0 0 0 0 0 0 0 0 0 0 0 0 0 0 0 1 0 0 0 4 0 0 62 6 0 0 64 0 6 18 0 13
0 0 19 12 0 0 0 0 14 0 0 0 0 0 0 0 0 0 0 0 0 0 0 0 1 0 0 0 3 0 0 67 6 0 0 70 0 8 20 0 14
5 9 10 0 0 0 0 0 0 0 0 0 0 0 0 0 0 0 0 0 0 0 0 0 0 9 0 0 5 0 0 4 3 0 45 15 0 0 0 46 5
6 12 12 0 0 0 0 0 0 0 0 0 0 0 0 0 0 0 0 0 0 0 4 1 0 9 0 1 5 0 0 0 3 0 45 0 0 0 0 55 0
5 8 14 1 0 0 0 0 0 0 0 0 0 0 0 0 0 0 0 0 0 0 0 0 0 9 0 0 6 0 0 9 4 0 48 21 0 0 0 46 6
1 19 16 0 0 0 0 0 0 0 0 0 0 0 0 0 0 0 0 0 0 0 0 0 0 3 1 0 0 0 0 0 0 0 64 0 0 0 0 89 0
0 20 18 0 0 0 0 0 0 0 0 0 0 0 0 0 0 0 0 0 0 0 0 0 0 0 3 0 0 0 0 0 0 0 71 0 0 0 0 100 0
4 1 23 10 0 0 0 0 1 0 0 0 0 0 0 0 0 0 0 0 0 0 4 1 0 9 0 1 8 0 0 30 6 0 38 32 0 0 4 27 8
1 16 16 0 0 0 0 0 0 0 0 0 0 0 0 0 0 0 0 0 0 0 0 0 0 4 0 0 0 0 0 0 0 0 59 0 0 0 0 76 0
3 18 15 0 0 0 0 0 0 0 0 0 0 0 0 0 0 0 0 0 0 0 0 0 0 6 0 0 0 0 0 0 0 0 56 0 0 0 0 75 0
5 4 16 7 0 0 0 0 0 0 0 0 0 0 0 0 0 0 0 0 0 0 4 1 0 10 0 1 8 0 0 22 5 0 44 26 0 0 0 37 7
0 0 26 9 0 0 0 0 3 0 0 0 0 0 0 0 0 0 0 0 0 0 0 0 0 5 0 0 6 0 0 35 6 0 35 42 0 0 8 15 8
0 0 21 11 0 0 0 0 12 0 0 0 0 0 0 0 0 0 0 0 0 0 0 0 1 0 0 0 4 0 0 69 7 0 0 73 0 11 20 0 16
4 13 12 0 0 0 0 0 0 0 0 0 0 0 0 0 0 0 0 0 0 0 0 0 0 7 0 0 3 0 0 0 1 0 52 0 0 0 0 61 0
7 5 17 9 0 0 0 0 0 0 0 0 0 0 0 0 0 0 0 0 0 0 5 2 0 12 0 1 9 0 0 23 5 0 42 25 0 0 0 37 8
0 0 19 11 0 0 0 0 14 0 0 0 0 0 0 0 0 0 0 0 0 0 0 0 1 0 0 0 3 0 0 68 6 0 0 71 0 10 20 0 15
6 5 14 5 0 0 0 0 0 0 0 0 0 0 0 0 0 0 0 0 0 0 2 0 0 10 0 0 8 0 0 17 4 0 44 26 0 0 0 39 8
6 7 11 3 0 0 0 0 0 0 0 0 0 0 0 0 0 0 0 0 0 0 2 0 0 10 0 0 7 0 0 12 4 0 42 19 0 0 0 41 7
0 16 18 0 0 0 0 0 0 0 0 0 0 0 0 0 0 0 0 0 0 0 0 0 0 3 0 0 0 0 0 0 0 0 59 0 0 0 0 76 0
4 3 15 6 0 0 0 0 0 0 0 0 0 0 0 0 0 0 0 0 0 0 1 0 0 9 0 0 7 0 0 22 5 0 44 31 0 0 0 35 8
0 0 20 11 0 0 0 0 11 0 0 0 0 0 0 0 0 0 0 0 0 0 0 0 1 0 0 0 4 0 0 60 6 0 0 63 0 6 17 0 12
0 0 23 12 0 0 0 0 10 0 0 0 0 0 0 0 0 0 0 0 0 0 2 1 1 1 0 0 5 0 0 55 6 0 0 57 0 3 15 0 12
5 7 12 3 0 0 0 0 0 0 0 0 0 0 0 0 0 0 0 0 0 0 0 0 0 9 0 0 7 0 0 14 4 0 45 25 0 0 0 41 7
6 9 11 0 0 0 0 0 0 0 0 0 0 0 0 0 0 0 0 0 0 0 0 0 0 9 0 0 6 0 0 7 3 0 42 19 0 0 0 43 7
5 11 10 0 0 0 0 0 0 0 0 0 0 0 0 0 0 0 0 0 0 0 0 0 0 8 0 0 4 0 0 0 1 0 46 0 0 0 0 53 0
2 16 14 0 0 0 0 0 0 0 0 0 0 0 0 0 0 0 0 0 0 0 0 0 0 5 0 0 0 0 0 0 0 0 59 0 0 0 0 78 0
8 11 9 1 0 0 0 0 0 0 0 0 0 0 0 0 0 0 0 0 0 0 3 0 0 10 0 0 8 0 0 0 2 0 43 7 0 0 0 47 5
3 12 12 0 0 0 0 0 0 0 0 0 0 0 0 0 0 0 0 0 0 0 0 0 0 7 0 0 2 0 0 0 1 0 51 0 0 0 0 60 0
6 9 10 1 0 0 0 0 0 0 0 0 0 0 0 0 0 0 0 0 0 0 1 0 0 10 0 0 7 0 0 1 3 0 43 9 0 0 0 46 5
0 0 21 11 0 0 0 0 13 0 0 0 0 0 0 0 0 0 0 0 0 0 0 0 1 0 0 0 3 0 0 66 6 0 0 70 0 9 20 0 15
0 0 13 11 0 0 0 0 20 0 0 0 0 0 0 0 0 0 0 0 0 0 0 0 2 0 0 0 0 0 0 87 5 0 0 87 0 17 27 0 20
0 0 11 11 0 0 0 0 20 0 0 0 0 0 0 0 0 0 0 0 0 0 0 0 1 0 0 0 0 0 0 93 6 0 0 95 0 18 28 0 23
7 8 8 3 0 0 0 0 0 0 0 0 0 0 0 0 0 0 0 0 0 0 3 0 0 11 0 0 8 0 0 8 3 0 42 15 0 0 0 43 6
1 14 13 0 0 0 0 0 0 0 0 0 0 0 0 0 0 0 0 0 0 0 0 0 0 4 0 0 0 0 0 0 0 0 55 0 0 0 0 68 0
1 12 15 0 0 0 0 0 0 0 0 0 0 0 0 0 0 0 0 0 0 0 0 0 0 5 0 0 0 0 0 0 1 0 54 0 0 0 0 64 0
5 7 13 3 0 0 0 0 0 0 0 0 0 0 0 0 0 0 0 0 0 0 0 0 0 10 0 0 7 0 0 10 4 0 47 20 0 0 0 44 6
1 17 16 0 0 0 0 0 0 0 0 0 0 0 0 0 0 0 0 0 0 0 0 0 0 3 0 0 0 0 0 0 0 0 63 0 0 0 0 82 0
2 16 13 0 0 0 0 0 0 0 0 0 0 0 0 0 0 0 0 0 0 0 0 0 0 5 0 0 0 0 0 0 0 0 59 0 0 0 0 75 0
2 15 14 0 0 0 0 0 0 0 0 0 0 0 0 0 0 0 0 0 0 0 0 0 0 5 0 0 0 0 0 0 0 0 55 0 0 0 0 70 0
2 15 13 0 0 0 0 0 0 0 0 0 0 0 0 0 0 0 0 0 0 0 0 0 0 6 0 0 0 0 0 0 0 0 57 0 0 0 0 74 0
5 5 15 4 0 0 0 0 0 0 0 0 0 0 0 0 0 0 0 0 0 0 0 0 0 10 0 0 8 0 0 16 4 0 46 27 0 0 0 40 8
2 18 16 0 0 0 0 0 0 0 0 0 0 0 0 0 0 0 0 0 0 0 0 0 0 4 0 0 0 0 0 0 0 0 61 0 0 0 0 81 0
0 17 16 0 0 0 0 0 0 0 0 0 0 0 0 0 0 0 0 0 0 0 0 0 0 3 0 0 0 0 0 0 0 0 62 0 0 0 0 82 0
0 0 22 12 0 0 0 0 13 0 0 0 0 0 0 0 0 0 0 0 0 0 0 0 2 0 0 0 4 0 0 63 6 0 0 65 0 7 19 0 13
0 0 17 12 0 0 0 0 19 0 0 0 0 0 0 0 0 0 0 0 0 0 0 1 3 0 0 0 0 0 0 82 5 0 0 80 0 15 26 0 18
6 13 12 0 0 0 0 0 0 0 0 0 0 0 0 0 0 0 0 0 0 0 0 0 0 8 0 0 4 0 0 0 2 0 47 0 0 0 0 57 0
0 0 11 11 0 0 0 0 19 0 0 0 0 0 0 0 0 0 0 0 0 0 0 0 1 0 0 0 0 0 0 87 5 0 0 86 0 17 27 0 21
0 0 12 12 0 0 0 0 20 0 0 0 0 0 0 0 0 0 0 0 0 0 0 0 2 0 0 0 0 0 0 87 5 0 0 86 0 16 27 0 20
2 15 16 0 0 0 0 0 0 0 0 0 0 0 0 0 0 0 0 0 0 0 0 0 0 5 0 0 0 0 0 0 0 0 58 0 0 0 0 72 0
0 17 17 0 0 0 0 0 0 0 0 0 0 0 0 0 0 0 0 0 0 0 0 0 0 3 0 0 0 0 0 0 0 0 61 0 0 0 0 80 0
6 6 12 5 0 0 0 0 0 0 0 0 0 0 0 0 0 0 0 0 0 0 3 0 0 10 0 1 7 0 0 13 4 0 42 19 0 0 0 40 6
0 18 17 0 0 0 0 0 0 0 0 0 0 0 0 0 0 0 0 0 0 0 0 0 0 2 1 0 0 0 0 0 0 0 65 0 0 0 0 88 0
1 13 14 0 0 0 0 0 0 0 0 0 0 0 0 0 0 0 0 0 0 0 0 0 0 5 0 0 0 0 0 0 1 0 57 0 0 0 0 68 0
3 0 24 11 0 0 0 0 2 0 0 0 0 0 0 0 0 0 0 0 0 0 3 1 0 8 0 1 7 0 0 33 6 0 38 36 0 0 6 23 7
4 2 17 8 0 0 0 0 0 0 0 0 0 0 0 0 0 0 0 0 0 0 3 0 0 9 0 1 7 0 0 25 5 0 40 30 0 0 1 31 7
5 7 11 2 0 0 0 0 0 0 0 0 0 0 0 0 0 0 0 0 0 0 0 0 0 9 0 0 7 0 0 9 4 0 43 21 0 0 0 42 6
5 6 13 3 0 0 0 0 0 0 0 0 0 0 0 0 0 0 0 0 0 0 0 0 0 9 0 0 7 0 0 15 4 0 44 27 0 0 0 39 8
4 0 25 12 0 0 0 0 2 0 0 0 0 0 0 0 0 0 0 0 0 0 6 2 0 9 0 2 8 0 0 32 6 1 33 32 0 0 5 22 8
3 0 26 12 0 0 0 0 3 0 0 0 0 0 0 0 0 0 0 0 0 0 6 1 0 9 0 1 8 0 0 34 6 1 37 35 0 0 6 23 8
0 0 12 11 0 0 0 0 19 0 0 0 0 0 0 0 0 0 0 0 0 0 0 0 1 0 0 0 0 0 0 87 5 0 0 88 0 17 26 0 21
0 18 18 0 0 0 0 0 0 0 0 0 0 0 0 0 0 0 0 0 0 0 0 0 0 1 2 0 0 0 0 0 0 0 65 0 0 0 0 89 0
6 8 10 2 0 0 0 0 0 0 0 0 0 0 0 0 0 0 0 0 0 0 0 0 0 10 0 0 7 0 0 10 3 0 43 20 0 0 0 42 7
0 0 24 10 0 0 0 0 3 0 0 0 0 0 0 0 0 0 0 0 0 0 0 0 0 6 0 0 6 0 0 35 6 0 36 39 0 0 7 19 7
0 0 14 12 0 0 0 0 17 0 0 0 0 0 0 0 0 0 0 0 0 0 0 1 2 0 0 0 1 0 0 79 5 0 0 78 0 14 24 0 19
2 17 15 0 0 0 0 0 0 0 0 0 0 0 0 0 0 0 0 0 0 0 0 0 0 4 0 0 0 0 0 0 0 0 60 0 0 0 0 81 0
0 18 17 0 0 0 0 0 0 0 0 0 0 0 0 0 0 0 0 0 0 0 0 0 0 3 1 0 0 0 0 0 0 0 62 0 0 0 0 82 0
7 10 10 1 0 0 0 0 0 0 0 0 0 0 0 0 0 0 0 0 0 0 3 1 0 10 0 0 6 0 0 0 3 0 45 0 0 0 0 51 1
2 15 12 0 0 0 0 0 0 0 0 0 0 0 0 0 0 0 0 0 0 0 0 0 0 5 0 0 0 0 0 0 0 0 57 0 0 0 0 73 0
5 5 14 5 0 0 0 0 0 0 0 0 0 0 0 0 0 0 0 0 0 0 1 0 0 10 0 0 7 0 0 22 5 0 44 31 0 0 0 38 9
5 12 12 0 0 0 0 0 0 0 0 0 0 0 0 0 0 0 0 0 0 0 2 0 0 9 0 0 4 0 0 0 2 0 50 0 0 0 0 60 0
0 0 34 9 0 0 0 0 4 0 0 0 0 0 0 0 0 0 0 0 0 0 0 0 0 5 0 0 6 0 0 34 7 0 37 42 0 0 9 15 7
2 14 13 0 0 0 0 0 0 0 0 0 0 0 0 0 0 0 0 0 0 0 0 0 0 6 0 0 0 0 0 0 0 0 57 0 0 0 0 71 0
3 2 19 7 0 0 0 0 0 0 0 0 0 0 0 0 0 0 0 0 0 0 1 0 0 9 0 0 7 0 0 26 5 0 44 34 0 0 2 32 8
