0 1 13 0 0 0 0 0 0 0 0 0 0 0 0 0 0 0 0 0 0 0 0 0 0 0 0 0 0 0 0 15 0 1 42 38 0 0 0 39 0
0 0 10 7 0 0 0 0 0 0 0 0 0 0 0 0 0 0 0 0 0 0 6 0 0 0 3 14 0 0 0 23 0 2 4 13 0 1 0 5 0
8 0 0 17 0 0 0 0 0 6 0 0 0 1 14 0 0 0 9 0 0 0 12 0 0 0 10 47 47 0 0 0 0 0 0 0 0 0 0 0 0
25 0 2 0 0 0 0 0 0 0 0 0 0 0 0 0 0 0 0 0 0 0 0 8 0 0 0 2 0 0 0 20 0 0 13 34 0 0 0 20 0
0 0 13 0 0 0 0 0 0 0 0 0 0 0 0 0 0 0 0 0 0 0 1 0 0 0 0 0 0 0 0 19 0 2 42 41 0 0 0 38 0
14 0 6 0 0 0 0 0 0 0 0 0 0 0 0 0 0 0 0 0 0 0 0 6 0 0 0 0 0 0 0 21 0 0 26 38 0 0 0 27 0
0 0 11 0 0 0 0 0 0 0 0 0 0 0 0 0 0 0 0 0 0 0 3 1 0 0 0 0 0 0 0 17 0 1 41 41 0 0 0 36 0
0 1 16 0 0 0 0 0 0 0 0 0 0 0 0 0 0 0 0 0 0 0 0 0 0 0 0 0 0 0 0 18 0 2 42 36 0 2 0 40 1
9 0 0 23 0 0 1 0 0 8 0 0 0 1 21 0 0 0 15 0 0 0 16 0 0 0 14 64 67 0 0 0 0 0 0 0 0 0 0 0 0
14 0 8 0 0 0 0 0 0 0 0 0 0 0 0 0 0 0 0 0 0 0 0 7 1 0 0 0 0 0 0 24 0 2 24 41 0 0 0 29 0
0 0 13 0 0 0 0 0 0 0 0 0 0 0 0 0 0 0 0 0 0 0 2 0 0 0 0 0 0 0 0 15 0 1 44 39 0 0 0 38 0
0 0 16 0 0 0 0 0 0 0 0 0 0 1 0 0 0 0 0 0 0 0 2 0 0 0 0 0 0 0 0 29 0 2 36 35 0 1 0 35 0
0 0 15 0 0 0 0 0 0 0 0 0 0 0 0 0 0 0 0 0 0 0 4 0 0 0 0 0 0 0 0 28 0 2 35 36 0 0 0 32 0
36 0 0 24 0 0 2 0 0 13 0 0 0 1 23 0 0 0 21 0 0 0 16 0 0 0 14 80 86 0 0 0 0 0 0 0 0 0 0 0 0
0 0 16 6 0 0 0 0 0 0 0 0 0 0 0 0 0 0 0 0 0 0 5 0 0 0 1 4 0 0 0 33 0 2 23 27 0 2 0 24 0
31 0 0 4 0 0 0 0 0 2 0 0 0 0 0 0 0 0 0 0 0 0 0 5 0 0 0 15 5 0 0 2 0 0 0 6 0 0 0 0 0
46 0 0 3 0 0 0 0 0 3 0 0 0 0 0 0 0 0 0 0 0 0 0 10 0 0 0 16 3 0 0 7 0 0 0 14 0 2 0 0 0
0 1 14 0 0 0 0 0 0 0 0 0 0 0 0 0 0 0 0 0 0 0 0 0 0 0 0 0 0 0 0 12 0 1 43 36 0 0 0 39 1
0 0 15 14 0 0 0 0 0 0 0 0 0 0 3 0 0 1 0 0 0 1 6 0 0 0 6 20 0 0 0 28 0 1 0 4 0 4 0 3 0
0 1 13 0 0 0 0 0 0 0 0 0 0 0 0 0 0 0 0 0 0 0 0 0 0 0 0 0 0 0 0 11 0 1 44 38 0 0 0 40 1
0 0 13 0 0 0 0 0 0 0 0 0 0 0 0 0 0 0 0 0 0 0 3 0 0 0 0 0 0 0 0 15 0 1 43 39 0 0 0 37 0
0 0 11 0 0 0 0 0 0 0 0 0 0 0 0 0 0 0 0 0 0 0 3 2 0 0 0 0 0 0 0 19 0 1 41 43 0 0 0 36 0
0 1 14 0 0 0 0 0 0 0 0 0 0 0 0 0 0 0 0 0 0 0 0 0 0 0 0 0 0 0 0 11 0 1 45 38 0 0 0 39 1
0 2 15 0 0 0 0 0 0 0 0 0 0 0 0 0 0 0 0 0 0 0 0 0 0 0 0 0 0 0 0 13 0 1 44 36 0 0 0 40 1
0 2 15 0 0 1 0 0 0 0 0 0 0 0 0 0 0 0 0 0 0 0 0 0 0 0 0 0 0 0 0 11 0 1 44 36 0 0 0 40 1
0 0 12 0 0 0 0 0 0 0 0 0 0 0 0 0 0 0 0 0 0 0 2 1 0 0 0 0 0 0 0 17 0 1 42 41 0 0 0 38 0
34 0 0 0 0 0 0 0 0 1 0 0 0 0 0 0 0 0 0 0 0 0 0 9 0 0 0 8 0 0 0 16 0 0 0 25 0 1 0 12 0
0 0 14 0 0 0 0 0 0 0 0 0 0 0 0 0 0 0 0 0 0 0 0 2 0 0 0 0 0 0 0 27 0 2 38 43 0 0 0 38 0
0 1 14 0 0 0 0 0 0 0 0 0 0 0 0 0 0 0 0 0 0 0 0 0 0 0 0 0 0 0 0 14 0 1 43 36 0 0 0 39 1
0 0 13 0 0 0 0 0 0 0 0 0 0 0 0 0 0 0 0 0 0 0 0 0 0 0 0 0 0 0 0 15 0 1 42 39 0 0 0 38 0
0 0 0 12 0 0 0 0 0 2 0 0 0 0 5 0 0 0 0 0 0 0 8 0 0 0 5 24 16 0 0 2 0 0 0 0 0 0 0 0 0
1 0 12 3 0 0 0 0 0 0 0 0 0 0 0 0 0 1 0 0 0 0 0 3 0 0 0 3 0 0 0 28 0 3 17 32 0 1 0 22 0
13 0 7 0 0 0 0 0 0 0 0 0 0 0 0 0 0 0 0 0 0 0 0 6 0 0 0 0 0 0 0 22 0 1 26 40 0 0 0 28 0
0 2 17 0 0 0 0 0 0 0 0 0 0 0 0 0 0 0 0 0 0 0 0 0 0 0 0 0 0 0 0 16 0 2 42 34 0 2 0 41 1
0 0 15 0 0 0 0 0 0 0 0 0 0 0 0 0 0 0 0 0 0 0 0 0 0 0 0 0 0 0 0 21 0 2 40 37 0 0 0 37 0
29 0 0 4 0 0 0 0 0 1 0 0 0 0 0 0 0 0 0 0 0 0 0 6 0 0 0 9 0 0 0 10 0 0 0 21 0 0 0 7 0
0 0 15 1 0 0 0 0 0 0 0 0 0 0 0 0 0 0 0 0 0 0 3 2 0 0 0 0 0 0 0 32 0 3 30 39 0 0 0 31 0
0 0 14 0 0 0 0 0 0 0 0 0 0 0 0 0 0 0 0 0 0 0 1 0 0 0 0 0 0 0 0 16 0 1 42 38 0 0 0 38 0
47 0 0 10 0 0 0 0 0 5 0 0 0 1 0 0 0 0 0 0 0 0 0 5 0 0 0 26 16 0 0 0 0 0 0 0 0 4 0 0 0
0 0 14 0 0 0 0 0 0 0 0 0 0 0 0 0 0 0 0 0 0 0 0 1 0 0 0 0 0 0 0 20 0 2 41 42 0 0 0 39 0
0 1 14 0 0 0 0 0 0 0 0 0 0 0 0 0 0 0 0 0 0 0 0 0 0 0 0 0 0 0 0 14 0 1 42 37 0 0 0 39 0
0 0 14 0 0 0 0 0 0 0 0 0 0 0 0 0 0 0 0 0 0 0 1 0 0 0 0 0 0 0 0 19 0 2 41 38 0 0 0 38 0
0 2 15 0 0 1 1 0 0 0 0 1 0 0 0 0 0 0 0 0 0 0 0 0 0 0 0 0 0 0 0 11 0 1 45 36 0 0 0 41 2
0 0 15 0 0 0 0 0 0 0 0 0 0 0 0 0 0 0 0 0 0 0 0 0 0 0 0 0 0 0 0 23 0 2 40 39 0 0 0 38 0
0 0 17 3 0 0 0 0 0 0 0 0 0 2 0 0 0 0 0 0 0 0 2 0 0 0 1 0 0 0 0 33 0 3 30 29 0 3 0 30 0
32 0 0 14 0 0 0 0 0 7 0 0 0 0 6 0 0 0 5 0 0 0 8 0 0 0 5 40 37 0 0 0 0 0 0 0 0 1 0 0 0
0 0 12 0 0 0 0 0 0 0 0 0 0 0 0 0 0 0 0 0 0 0 3 1 0 0 0 0 0 0 0 16 0 1 43 40 0 0 0 37 0
12 0 9 0 0 0 0 0 0 0 0 0 0 0 0 0 0 0 0 0 0 0 0 6 1 0 0 0 0 0 0 22 0 2 25 40 0 0 0 29 0
0 0 11 0 0 0 0 0 0 0 0 0 0 0 0 0 0 0 0 0 0 0 3 2 0 0 0 0 0 0 0 18 0 1 43 42 0 0 0 35 0
1 0 12 0 0 0 0 0 0 0 0 0 0 0 0 0 0 0 0 0 0 0 0 4 0 0 0 0 0 0 0 24 0 2 36 45 0 0 0 36 0
21 0 0 8 0 0 0 0 0 2 0 0 0 0 0 0 0 0 0 0 0 0 3 1 0 0 0 19 10 0 0 0 0 0 0 0 0 0 0 0 0
47 0 0 4 0 0 0 0 0 3 0 0 0 0 0 0 0 0 0 0 0 0 0 10 0 0 0 15 2 0 0 7 0 0 0 16 0 2 0 0 0
0 0 13 0 0 0 0 0 0 0 0 0 0 0 0 0 0 0 0 0 0 0 3 0 0 0 0 0 0 0 0 14 0 1 44 40 0 0 0 37 0
28 0 0 13 0 0 0 0 0 8 0 0 0 0 8 0 0 0 7 0 0 0 9 0 0 0 5 43 41 0 0 0 0 0 0 0 0 0 0 0 0
0 1 13 0 0 0 0 0 0 0 0 0 0 0 0 0 0 0 0 0 0 0 1 0 0 0 0 0 0 0 0 15 0 1 42 38 0 0 0 37 0
3 0 9 0 0 0 0 0 0 0 0 0 0 0 0 0 0 0 0 0 0 0 2 3 0 0 0 0 0 0 0 18 0 0 36 38 0 0 0 31 0
51 0 0 10 0 0 0 0 0 5 0 0 0 1 0 0 0 0 0 0 0 0 0 7 0 0 0 26 14 0 0 0 0 0 0 0 0 4 0 0 0
0 0 13 0 0 0 0 0 0 0 0 0 0 0 0 0 0 0 0 0 0 0 1 0 0 0 0 0 0 0 0 18 0 1 41 40 0 0 0 38 0
0 0 12 0 0 0 0 0 0 0 0 0 0 0 0 0 0 0 0 0 0 0 3 1 0 0 0 0 0 0 0 19 0 2 41 43 0 0 0 36 0
0 0 12 0 0 0 0 0 0 0 0 0 0 0 0 0 0 0 0 0 0 0 0 1 0 0 0 0 0 0 0 18 0 1 41 41 0 0 0 38 0
21 0 0 12 0 0 0 0 0 6 0 0 0 0 6 0 0 0 5 0 0 0 9 0 0 0 5 36 34 0 0 0 0 0 0 0 0 0 0 0 0
0 2 15 0 0 1 0 0 0 0 0 0 0 0 0 0 0 0 0 0 0 0 0 0 0 0 0 0 0 0 0 12 0 1 44 36 0 0 0 40 1
0 1 14 0 0 0 0 0 0 0 0 0 0 0 0 0 0 0 0 0 0 0 0 0 0 0 0 0 0 0 0 12 0 1 43 36 0 0 0 39 1
0 0 12 0 0 0 0 0 0 0 0 0 0 0 0 0 0 0 0 0 0 0 1 3 0 0 0 0 0 0 0 20 0 2 40 44 0 0 0 36 0
0 2 15 0 0 1 0 0 0 0 0 0 0 0 0 0 0 0 0 0 0 0 0 0 0 0 0 0 0 0 0 13 0 1 42 34 0 0 0 39 1
0 0 13 0 0 0 0 0 0 0 0 0 0 0 0 0 0 0 0 0 0 0 2 0 0 0 0 0 0 0 0 14 0 1 43 39 0 0 0 38 0
0 0 16 0 0 0 0 0 0 0 0 0 0 0 0 0 0 0 0 0 0 0 2 0 0 0 0 0 0 0 0 25 0 2 38 36 0 0 0 35 0
0 0 12 0 0 0 0 0 0 0 0 0 0 0 0 0 0 0 0 0 0 0 2 0 0 0 0 0 0 0 0 15 0 1 42 39 0 0 0 37 0
0 0 12 0 0 0 0 0 0 0 0 0 0 0 0 0 0 0 0 0 0 0 3 0 0 0 0 0 0 0 0 14 0 1 44 40 0 0 0 37 0
0 0 13 0 0 0 0 0 0 0 0 0 0 0 0 0 0 0 0 0 0 0 2 0 0 0 0 0 0 0 0 13 0 1 44 40 0 0 0 37 0
0 1 15 0 0 0 0 0 0 0 0 0 0 0 0 0 0 0 0 0 0 0 0 0 0 0 0 0 0 0 0 18 0 2 41 38 0 0 0 40 0
25 0 2 0 0 0 0 0 0 0 0 0 0 0 0 0 0 0 0 0 0 0 0 8 0 0 0 1 0 0 0 19 0 0 13 34 0 0 0 21 0
13 0 0 11 0 0 0 0 0 4 0 0 0 0 6 0 0 0 3 0 0 0 8 0 0 0 5 33 31 0 0 0 0 0 0 0 0 0 0 0 0
0 0 13 0 0 0 0 0 0 0 0 0 0 0 0 0 0 0 0 0 0 0 0 0 0 0 0 0 0 0 0 17 0 1 41 39 0 0 0 38 0
25 0 0 11 0 0 0 0 0 5 0 0 0 0 3 0 0 0 2 0 0 0 6 0 0 0 3 34 28 0 0 0 0 0 0 0 0 1 0 0 0
44 0 0 4 0 0 0 0 0 3 0 0 0 0 0 0 0 0 0 0 0 0 0 10 0 0 0 14 1 0 0 12 0 0 0 18 0 2 0 3 0
0 0 13 0 0 0 0 0 0 0 0 0 0 0 0 0 0 0 0 0 0 0 0 0 0 0 0 0 0 0 0 14 0 1 42 38 0 0 0 39 0
19 0 4 0 0 0 0 0 0 0 0 0 0 0 0 0 0 0 0 0 0 0 0 7 0 0 0 0 0 0 0 19 0 1 17 36 0 0 0 22 0
0 1 13 0 0 0 0 0 0 0 0 0 0 0 0 0 0 0 0 0 0 0 0 0 0 0 0 0 0 0 0 12 0 1 42 35 0 0 0 38 1
0 0 5 16 0 0 0 0 0 0 0 0 0 0 7 0 0 1 0 0 0 0 8 0 0 0 7 29 12 0 0 10 0 0 0 0 0 2 0 0 0
0 1 14 0 0 0 0 0 0 0 0 0 0 0 0 0 0 0 0 0 0 0 0 0 0 0 0 0 0 0 0 14 0 1 42 36 0 0 0 39 0
32 0 0 23 0 0 2 0 0 12 0 0 0 0 23 0 0 0 20 0 0 0 16 0 0 0 14 77 83 0 0 0 0 0 0 0 0 0 0 0 0
0 0 17 2 0 0 0 0 0 0 0 0 0 1 0 0 0 0 0 0 0 0 3 0 0 0 0 0 0 0 0 32 0 2 32 33 0 1 0 32 0
54 0 0 10 0 0 0 0 0 6 0 0 0 1 0 0 0 0 0 0 0 0 0 7 0 0 0 28 17 0 0 0 0 0 0 0 0 4 0 0 0
0 0 16 0 0 0 0 0 0 0 0 0 0 0 0 0 0 0 0 0 0 0 2 1 0 0 0 0 0 0 0 29 0 2 39 41 0 0 0 37 0
18 0 0 10 0 0 0 0 0 4 0 0 0 0 1 0 0 0 0 0 0 0 5 0 0 0 2 28 21 0 0 0 0 0 0 0 0 0 0 0 0
24 0 0 10 0 0 0 0 0 5 0 0 0 0 2 0 0 0 2 0 0 0 6 0 0 0 2 31 26 0 0 0 0 0 0 0 0 0 0 0 0
8 0 11 0 0 0 0 0 0 0 0 0 0 0 0 0 0 1 0 0 0 0 0 5 1 0 0 0 0 0 0 27 0 2 25 41 0 0 0 31 0
0 1 13 0 0 0 0 0 0 0 0 0 0 0 0 0 0 0 0 0 0 0 1 0 0 0 0 0 0 0 0 15 0 1 43 39 0 0 0 38 0
7 0 9 0 0 0 0 0 0 0 0 0 0 0 0 0 0 1 0 0 0 0 0 5 0 0 0 0 0 0 0 23 0 2 29 41 0 0 0 31 0
0 0 14 0 0 0 0 0 0 0 0 0 0 0 0 0 0 0 0 0 0 0 6 0 0 0 0 0 0 0 0 25 0 2 32 36 0 0 0 29 0
0 1 15 0 0 0 0 0 0 0 0 0 0 0 0 0 0 0 0 0 0 0 0 0 0 0 0 0 0 0 0 17 0 2 41 36 0 0 0 38 1
4 0 10 0 0 0 0 0 0 0 0 0 0 0 0 0 0 0 0 0 0 0 0 4 0 0 0 0 0 0 0 20 0 1 35 43 0 0 0 35 0
0 2 15 0 0 1 0 0 0 0 0 0 0 0 0 0 0 0 0 0 0 0 0 0 0 0 0 0 0 0 0 13 0 1 42 34 0 1 0 39 2
0 1 14 0 0 0 0 0 0 0 0 0 0 0 0 0 0 0 0 0 0 0 0 0 0 0 0 0 0 0 0 14 0 1 42 37 0 0 0 38 1
0 0 13 0 0 0 0 0 0 0 0 0 0 0 0 0 0 0 0 0 0 0 2 0 0 0 0 0 0 0 0 15 0 1 44 40 0 0 0 38 0
0 0 14 0 0 0 0 0 0 0 0 0 0 0 0 0 0 0 0 0 0 0 0 0 0 0 0 0 0 0 0 19 0 1 40 37 0 0 0 37 0
0 1 16 0 0 0 0 0 0 0 0 0 0 0 0 0 0 0 0 0 0 0 0 0 0 0 0 0 0 0 0 17 0 2 42 35 0 1 0 40 1
0 1 15 0 0 0 0 0 0 0 0 0 0 0 0 0 0 0 0 0 0 0 0 0 0 0 0 0 0 0 0 15 0 1 41 35 0 0 0 39 1
0 0 13 0 0 0 0 0 0 0 0 0 0 0 0 0 0 0 0 0 0 0 2 0 0 0 0 0 0 0 0 14 0 1 44 40 0 0 0 38 0
19 0 4 0 0 0 0 0 0 0 0 0 0 1 0 0 0 0 0 0 0 0 0 7 0 0 0 0 0 0 0 18 0 0 19 35 0 0 0 24 0
0 0 12 0 0 0 0 0 0 0 0 0 0 0 0 0 0 0 0 0 0 0 3 2 0 0 0 0 0 0 0 20 0 1 42 44 0 0 0 36 0
21 0 4 0 0 0 0 0 0 0 0 0 0 0 0 0 0 0 0 0 0 0 0 7 0 0 0 1 0 0 0 20 0 1 14 35 0 0 0 22 0
0 1 15 0 0 1 0 0 0 0 0 0 0 0 0 0 0 0 0 0 0 0 0 0 0 0 0 0 0 0 0 13 0 1 42 35 0 1 0 39 1
0 0 13 0 0 0 0 0 0 0 0 0 0 0 0 0 0 0 0 0 0 0 2 0 0 0 0 0 0 0 0 17 0 1 41 38 0 0 0 37 0
0 1 14 0 0 0 0 0 0 0 0 0 0 0 0 0 0 0 0 0 0 0 0 0 0 0 0 0 0 0 0 15 0 1 42 38 0 0 0 39 0
0 0 15 13 0 0 0 0 0 0 0 0 0 0 1 0 0 1 0 0 0 1 5 0 0 0 4 16 0 0 0 32 0 2 5 12 0 4 0 9 0
0 1 14 0 0 0 0 0 0 0 0 0 0 0 0 0 0 0 0 0 0 0 0 0 0 0 0 0 0 0 0 15 0 1 42 38 0 0 0 40 0
39 0 0 16 0 0 0 0 0 8 0 0 0 1 7 0 0 0 6 0 0 0 8 0 0 0 5 44 41 0 0 0 1 0 0 0 0 2 0 0 0
0 2 15 0 0 0 0 0 0 0 0 0 0 0 0 0 0 0 0 0 0 0 0 0 0 0 0 0 0 0 0 13 0 1 42 36 0 0 0 39 1
0 0 12 0 0 0 0 0 0 0 0 0 0 0 0 0 0 0 0 0 0 0 2 0 0 0 0 0 0 0 0 16 0 1 43 41 0 0 0 38 0
0 0 16 0 0 0 0 0 0 0 0 0 0 0 0 0 0 0 0 0 0 0 0 0 0 0 0 0 0 0 0 25 0 2 39 38 0 0 0 38 0
15 0 6 0 0 0 0 0 0 0 0 0 0 0 0 0 0 0 0 0 0 0 0 7 0 0 0 0 0 0 0 21 0 0 25 38 0 0 0 26 0
0 0 14 0 0 0 0 0 0 0 0 0 0 0 0 0 0 0 0 0 0 0 0 2 0 0 0 0 0 0 0 24 0 2 42 46 0 0 0 40 0
0 0 14 15 0 0 0 0 0 0 0 0 0 0 5 0 0 1 0 0 0 2 6 0 0 0 7 24 0 0 0 25 0 0 0 0 0 4 0 0 0
2 0 12 0 0 0 0 0 0 0 0 0 0 0 0 0 0 0 0 0 0 0 1 4 0 0 0 0 0 0 0 26 0 2 32 42 0 0 0 33 0
0 0 16 6 0 0 0 0 0 0 0 0 0 0 0 0 0 0 0 0 0 0 5 0 0 0 2 6 0 0 0 35 0 3 21 26 0 2 0 22 0
0 0 17 3 0 0 0 0 0 0 0 0 0 2 0 0 0 0 0 0 0 0 3 0 0 0 1 0 0 0 0 33 0 2 29 29 0 2 0 29 0
5 0 7 4 0 0 0 0 0 0 0 0 0 0 0 0 0 0 0 0 0 0 2 2 0 0 0 6 0 0 0 18 0 1 8 21 0 0 0 11 0
0 0 15 0 0 0 0 0 0 0 0 0 0 0 0 0 0 0 0 0 0 0 1 0 0 0 0 0 0 0 0 23 0 2 40 40 0 0 0 37 0
0 0 13 0 0 0 0 0 0 0 0 0 0 0 0 0 0 0 0 0 0 0 1 0 0 0 0 0 0 0 0 18 0 1 41 40 0 0 0 37 0
24 0 0 11 0 0 0 0 0 5 0 0 0 0 4 0 0 0 3 0 0 0 6 0 0 0 3 33 29 0 0 0 0 0 0 0 0 0 0 0 0
0 0 12 0 0 0 0 0 0 0 0 0 0 0 0 0 0 0 0 0 0 0 2 1 0 0 0 0 0 0 0 14 0 1 43 40 0 0 0 36 0
0 1 14 0 0 0 0 0 0 0 0 0 0 0 0 0 0 0 0 0 0 0 0 0 0 0 0 0 0 0 0 15 0 1 42 37 0 0 0 38 0
0 0 13 0 0 0 0 0 0 0 0 0 0 0 0 0 0 0 0 0 0 0 2 0 0 0 0 0 0 0 0 13 0 1 43 39 0 0 0 37 0
0 0 16 0 0 0 0 0 0 0 0 0 0 0 0 0 0 0 0 0 0 0 1 0 0 0 0 0 0 0 0 26 0 2 39 39 0 0 0 38 0
0 0 10 9 0 0 0 0 0 0 0 0 0 0 2 0 0 0 0 0 0 0 7 0 0 0 4 15 1 0 0 22 0 1 4 9 0 1 0 2 0
32 0 0 3 0 0 0 0 0 1 0 0 0 0 0 0 0 0 0 0 0 0 0 6 0 0 0 11 0 0 0 7 0 0 0 15 0 0 0 2 0
9 0 9 0 0 0 0 0 0 0 0 0 0 0 0 0 0 0 0 0 0 0 1 5 0 0 0 0 0 0 0 22 0 1 32 42 0 0 0 31 0
24 0 0 2 0 0 0 0 0 0 0 0 0 0 0 0 0 0 0 0 0 0 0 6 0 0 0 6 0 0 0 11 0 0 2 22 0 0 0 9 0
0 1 14 0 0 1 0 0 0 0 0 0 0 0 0 0 0 0 0 0 0 0 0 0 0 0 0 0 0 0 0 11 0 1 44 36 0 0 0 38 2
1 0 12 0 0 0 0 0 0 0 0 0 0 0 0 0 0 0 0 0 0 0 1 4 0 0 0 0 0 0 0 23 0 2 39 46 0 0 0 37 0
0 0 14 0 0 0 0 0 0 0 0 0 0 0 0 0 0 0 0 0 0 0 0 0 0 0 0 0 0 0 0 17 0 1 42 39 0 0 0 39 0
49 0 0 9 0 0 0 0 0 5 0 0 0 0 0 0 0 0 0 0 0 0 0 7 0 0 0 24 12 0 0 0 0 0 0 0 0 3 0 0 0
14 0 0 9 0 0 0 0 0 3 0 0 0 0 1 0 0 0 0 0 0 0 5 0 0 0 2 22 16 0 0 0 0 0 0 0 0 0 0 0 0
0 1 13 0 0 0 0 0 0 0 0 0 0 0 0 0 0 0 0 0 0 0 0 0 0 0 0 0 0 0 0 12 0 1 42 37 0 0 0 38 1
40 0 0 15 0 0 0 0 0 8 0 0 0 2 4 0 0 0 4 0 0 0 7 0 0 0 4 39 35 0 0 0 1 0 0 0 0 3 0 0 0
3 0 11 0 0 0 0 0 0 0 0 0 0 0 0 0 0 0 0 0 0 0 1 4 0 0 0 0 0 0 0 23 0 2 37 45 0 0 0 35 0
0 0 13 0 0 0 0 0 0 0 0 0 0 0 0 0 0 0 0 0 0 0 0 0 0 0 0 0 0 0 0 16 0 1 41 37 0 0 0 38 0
0 1 13 0 0 0 0 0 0 0 0 0 0 0 0 0 0 0 0 0 0 0 0 0 0 0 0 0 0 0 0 15 0 1 41 37 0 0 0 38 0
21 0 0 22 0 0 1 0 0 9 0 0 0 1 20 0 0 0 17 0 0 0 14 0 0 0 13 67 69 0 0 0 0 0 0 0 0 0 0 0 0
12 0 0 8 0 0 0 0 0 1 0 0 0 0 0 0 0 0 0 0 0 0 2 1 0 0 0 16 5 0 0 5 0 0 0 0 0 0 0 0 0
0 0 14 0 0 0 0 0 0 0 0 0 0 0 0 0 0 0 0 0 0 0 0 0 0 0 0 0 0 0 0 16 0 1 43 39 0 0 0 39 0
41 0 0 7 0 0 0 0 0 4 0 0 0 1 0 0 0 0 0 0 0 0 0 5 0 0 0 21 12 0 0 0 0 0 0 0 0 2 0 0 0
0 0 13 0 0 0 0 0 0 0 0 0 0 0 0 0 0 0 0 0 0 0 2 0 0 0 0 0 0 0 0 19 0 1 41 40 0 0 0 37 0
27 0 1 0 0 0 0 0 0 0 0 0 0 1 0 0 0 0 0 0 0 0 0 8 0 0 0 3 0 0 0 18 0 0 9 31 0 0 0 18 0
60 0 0 14 0 0 0 0 0 8 0 0 0 2 0 0 0 0 0 0 0 0 2 5 0 0 1 36 28 0 0 0 0 0 0 0 0 6 0 0 0
25 0 0 16 0 0 1 0 0 8 0 0 0 1 13 0 0 0 11 0 0 0 11 0 0 0 8 52 52 0 0 0 0 0 0 0 0 0 0 0 0
8 0 11 0 0 0 0 0 0 0 0 0 0 0 0 0 0 1 0 0 0 0 0 5 1 0 0 0 0 0 0 25 0 2 29 44 0 0 0 33 0
24 0 0 11 0 0 0 0 0 5 0 0 0 0 3 0 0 0 3 0 0 0 8 0 0 0 3 31 28 0 0 0 0 0 0 0 0 0 0 0 0
0 1 13 0 0 0 0 0 0 0 0 0 0 0 0 0 0 0 0 0 0 0 0 0 0 0 0 0 0 0 0 15 0 1 42 38 0 0 0 40 0
0 0 12 0 0 0 0 0 0 0 0 0 0 0 0 0 0 0 0 0 0 0 2 1 0 0 0 0 0 0 0 16 0 1 43 42 0 0 0 38 0
4 0 10 0 0 0 0 0 0 0 0 0 0 0 0 0 0 0 0 0 0 0 0 4 0 0 0 0 0 0 0 19 0 1 35 42 0 0 0 34 0
0 0 12 0 0 0 0 0 0 0 0 0 0 0 0 0 0 0 0 0 0 0 3 0 0 0 0 0 0 0 0 15 0 1 44 40 0 0 0 36 0
0 1 15 0 0 0 0 0 0 0 0 0 0 0 0 0 0 0 0 0 0 0 0 0 0 0 0 0 0 0 0 18 0 2 41 37 0 0 0 38 0
0 1 14 0 0 0 0 0 0 0 0 0 0 0 0 0 0 0 0 0 0 0 1 0 0 0 0 0 0 0 0 14 0 1 44 38 0 0 0 38 0
9 0 0 17 0 0 0 0 0 6 0 0 0 1 15 0 0 0 10 0 0 0 12 0 0 0 10 50 51 0 0 0 0 0 0 0 0 0 0 0 0
0 1 14 0 0 0 0 0 0 0 0 0 0 0 0 0 0 0 0 0 0 0 0 0 0 0 0 0 0 0 0 15 0 1 41 36 0 0 0 38 1
0 0 12 0 0 0 0 0 0 0 0 0 0 0 0 0 0 0 0 0 0 0 1 0 0 0 0 0 0 0 0 16 0 1 42 40 0 0 0 38 0
0 0 15 0 0 0 0 0 0 0 0 0 0 0 0 0 0 0 0 0 0 0 3 0 0 0 0 0 0 0 0 27 0 2 36 36 0 0 0 33 0
0 0 16 2 0 0 0 0 0 0 0 0 0 1 0 0 0 0 0 0 0 0 3 0 0 0 0 0 0 0 0 31 0 2 31 33 0 1 0 31 0
26 0 3 0 0 0 0 0 0 0 0 0 0 0 0 0 0 0 0 0 0 0 0 9 0 0 0 1 0 0 0 20 0 0 12 35 0 0 0 21 0
17 0 6 0 0 0 0 0 0 0 0 0 0 0 0 0 0 0 0 0 0 0 0 7 0 0 0 0 0 0 0 21 0 1 22 38 0 0 0 25 0
5 0 2 6 0 0 0 0 0 1 0 0 0 0 0 0 0 0 0 0 0 0 5 0 0 0 1 11 3 0 0 11 0 0 0 8 0 0 0 0 0
0 0 4 13 0 0 0 0 0 1 0 0 0 0 6 0 0 0 0 0 0 0 8 0 0 0 6 26 12 0 0 10 0 0 0 0 0 1 0 0 0
0 0 14 0 0 0 0 0 0 0 0 0 0 0 0 0 0 0 0 0 0 0 1 0 0 0 0 0 0 0 0 17 0 1 41 37 0 0 0 37 0
0 1 13 0 0 0 0 0 0 0 0 0 0 0 0 0 0 0 0 0 0 0 1 0 0 0 0 0 0 0 0 14 0 1 43 38 0 0 0 38 0
0 1 13 0 0 0 0 0 0 0 0 0 0 0 0 0 0 0 0 0 0 0 1 0 0 0 0 0 0 0 0 16 0 1 40 36 0 0 0 36 0
19 0 4 0 0 0 0 0 0 0 0 0 0 1 0 0 0 0 0 0 0 0 0 7 0 0 0 0 0 0 0 20 0 0 19 36 0 0 0 24 0
16 0 0 18 0 0 0 0 0 6 0 0 0 2 13 0 0 0 11 0 0 0 12 0 0 0 9 49 49 0 0 0 0 0 0 0 0 0 0 0 0
0 0 13 5 0 0 0 0 0 0 0 0 0 0 0 0 0 0 0 0 0 0 7 0 0 0 2 7 0 0 0 28 0 2 18 24 0 0 0 17 0
41 0 0 19 0 0 2 0 0 12 0 0 0 1 16 0 0 0 14 0 0 0 12 0 0 0 9 66 67 0 0 0 1 0 0 0 0 1 0 0 0
0 0 11 0 0 0 0 0 0 0 0 0 0 0 0 0 0 0 0 0 0 0 2 2 0 0 0 0 0 0 0 20 0 1 38 43 0 0 0 35 0
0 0 12 0 0 0 0 0 0 0 0 0 0 0 0 0 0 0 0 0 0 0 2 0 0 0 0 0 0 0 0 14 0 1 44 40 0 0 0 38 0
0 0 13 0 0 0 0 0 0 0 0 0 0 0 0 0 0 0 0 0 0 0 2 2 0 0 0 0 0 0 0 22 0 2 40 43 0 0 0 36 0
0 1 13 0 0 0 0 0 0 0 0 0 0 0 0 0 0 0 0 0 0 0 1 0 0 0 0 0 0 0 0 15 0 1 42 37 0 0 0 37 0
15 0 0 14 0 0 0 0 0 5 0 0 0 0 8 0 0 0 6 0 0 0 9 0 0 0 6 38 35 0 0 0 0 0 0 0 0 0 0 0 0
0 0 12 0 0 0 0 0 0 0 0 0 0 0 0 0 0 0 0 0 0 0 1 0 0 0 0 0 0 0 0 15 0 1 43 40 0 0 0 38 0
0 0 13 0 0 0 0 0 0 0 0 0 0 0 0 0 0 0 0 0 0 0 2 0 0 0 0 0 0 0 0 16 0 1 43 40 0 0 0 38 0
0 2 16 0 0 1 0 0 0 0 0 1 0 0 0 0 0 0 0 0 0 0 0 0 0 0 0 0 0 0 0 13 0 1 45 36 0 1 0 42 2
0 0 12 0 0 0 0 0 0 0 0 0 0 0 0 0 0 0 0 0 0 0 2 0 0 0 0 0 0 0 0 15 0 1 43 41 0 0 0 38 0
0 0 12 0 0 0 0 0 0 0 0 0 0 0 0 0 0 0 0 0 0 0 2 2 0 0 0 0 0 0 0 17 0 1 41 42 0 0 0 36 0
8 0 0 9 0 0 0 0 0 3 0 0 0 0 3 0 0 0 0 0 0 0 6 0 0 0 3 24 17 0 0 0 0 0 0 0 0 0 0 0 0
0 0 12 0 0 0 0 0 0 0 0 0 0 0 0 0 0 0 0 0 0 0 2 0 0 0 0 0 0 0 0 16 0 1 43 41 0 0 0 38 0
0 1 16 0 0 0 0 0 0 0 0 0 0 1 0 0 0 0 0 0 0 0 0 0 0 0 0 0 0 0 0 18 0 2 40 34 0 2 0 40 1
0 0 13 0 0 0 0 0 0 0 0 0 0 0 0 0 0 0 0 0 0 0 3 0 0 0 0 0 0 0 0 17 0 1 42 38 0 0 0 36 0
0 0 0 12 0 0 0 0 0 2 0 0 0 0 6 0 0 0 0 0 0 0 8 0 0 0 6 26 18 0 0 1 0 0 0 0 0 0 0 0 0
6 0 9 0 0 0 0 0 0 0 0 0 0 0 0 0 0 0 0 0 0 0 0 4 0 0 0 0 0 0 0 20 0 1 34 41 0 0 0 33 0
0 0 16 0 0 0 0 0 0 0 0 0 0 0 0 0 0 0 0 0 0 0 4 0 0 0 0 0 0 0 0 30 0 2 34 36 0 0 0 32 0
28 0 0 11 0 0 0 0 0 4 0 0 0 0 0 0 0 0 0 0 0 0 4 0 0 0 1 29 21 0 0 0 0 0 0 0 0 1 0 0 0
0 0 16 0 0 0 0 0 0 0 0 0 0 0 0 0 0 0 0 0 0 0 0 0 0 0 0 0 0 0 0 23 0 2 40 37 0 0 0 37 0
0 1 14 0 0 0 0 0 0 0 0 0 0 0 0 0 0 0 0 0 0 0 0 0 0 0 0 0 0 0 0 14 0 1 42 36 0 0 0 38 1
0 0 10 0 0 0 0 0 0 0 0 0 0 0 0 0 0 0 0 0 0 0 3 3 0 0 0 0 0 0 0 19 0 1 38 41 0 0 0 33 0
0 0 12 0 0 0 0 0 0 0 0 0 0 0 0 0 0 0 0 0 0 0 1 2 0 0 0 0 0 0 0 20 0 2 41 44 0 0 0 37 0
0 1 15 0 0 0 0 0 0 0 0 0 0 0 0 0 0 0 0 0 0 0 0 0 0 0 0 0 0 0 0 16 0 1 42 37 0 0 0 40 0
0 0 14 0 0 0 0 0 0 0 0 0 0 0 0 0 0 1 0 0 0 0 0 3 0 0 0 0 0 0 0 26 0 2 41 47 0 0 0 40 0
12 0 0 8 0 0 0 0 0 1 0 0 0 0 0 0 0 0 0 0 0 0 3 0 0 0 0 18 7 0 0 4 0 0 0 0 0 0 0 0 0
0 0 15 0 0 0 0 0 0 0 0 0 0 0 0 0 0 0 0 0 0 0 4 0 0 0 0 0 0 0 0 29 0 2 31 34 0 0 0 29 0
0 0 15 2 0 0 0 0 0 0 0 0 0 0 0 0 0 0 0 0 0 0 4 1 0 0 0 0 0 0 0 30 0 3 29 34 0 0 0 28 0
0 1 13 0 0 0 0 0 0 0 0 0 0 0 0 0 0 0 0 0 0 0 0 0 0 0 0 0 0 0 0 15 0 1 40 36 0 0 0 37 1
0 0 14 0 0 0 0 0 0 0 0 0 0 0 0 0 0 0 0 0 0 0 0 0 0 0 0 0 0 0 0 20 0 2 41 39 0 0 0 39 0
22 0 0 10 0 0 0 0 0 5 0 0 0 0 3 0 0 0 3 0 0 0 6 0 0 0 3 30 26 0 0 0 0 0 0 0 0 0 0 0 0
0 0 10 8 0 0 0 0 0 0 0 0 0 0 0 0 0 0 0 0 0 0 6 0 0 0 2 12 0 0 0 22 0 1 5 14 0 0 0 6 0
0 0 12 0 0 0 0 0 0 0 0 0 0 0 0 0 0 0 0 0 0 0 1 0 0 0 0 0 0 0 0 15 0 1 41 37 0 0 0 37 0
0 0 15 0 0 0 0 0 0 0 0 0 0 0 0 0 0 0 0 0 0 0 1 0 0 0 0 0 0 0 0 25 0 2 38 39 0 0 0 35 0
0 0 13 0 0 0 0 0 0 0 0 0 0 0 0 0 0 0 0 0 0 0 0 0 0 0 0 0 0 0 0 15 0 1 42 38 0 0 0 38 0
0 1 14 0 0 0 0 0 0 0 0 0 0 0 0 0 0 0 0 0 0 0 0 0 0 0 0 0 0 0 0 15 0 1 43 38 0 0 0 40 0
22 0 4 0 0 0 0 0 0 0 0 0 0 0 0 0 0 0 0 0 0 0 0 8 0 0 0 0 0 0 0 22 0 1 17 37 0 0 0 23 0
0 0 16 2 0 0 0 0 0 0 0 0 0 1 0 0 0 0 0 0 0 0 3 0 0 0 0 0 0 0 0 32 0 2 32 32 0 2 0 31 0
22 0 3 3 0 0 0 0 0 0 0 0 0 0 0 0 0 0 0 0 0 0 0 6 1 0 0 6 0 0 0 17 0 0 3 26 0 1 0 14 0
0 1 14 0 0 0 0 0 0 0 0 0 0 0 0 0 0 0 0 0 0 0 0 0 0 0 0 0 0 0 0 14 0 1 44 38 0 0 0 40 0
0 0 13 0 0 0 0 0 0 0 0 0 0 0 0 0 0 0 0 0 0 0 1 0 0 0 0 0 0 0 0 17 0 1 42 41 0 0 0 38 0
0 1 13 0 0 0 0 0 0 0 0 0 0 0 0 0 0 0 0 0 0 0 1 0 0 0 0 0 0 0 0 15 0 1 43 39 0 0 0 38 0
3 0 10 0 0 0 0 0 0 0 0 0 0 0 0 0 0 0 0 0 0 0 1 4 0 0 0 0 0 0 0 20 0 1 38 42 0 0 0 34 0
0 1 14 0 0 0 0 0 0 0 0 0 0 0 0 0 0 0 0 0 0 0 1 0 0 0 0 0 0 0 0 16 0 1 40 35 0 0 0 37 0
7 0 9 0 0 0 0 0 0 0 0 0 0 0 0 0 0 0 0 0 0 0 0 5 0 0 0 0 0 0 0 21 0 1 33 42 0 0 0 32 0
19 0 5 0 0 0 0 0 0 0 0 0 0 0 0 0 0 0 0 0 0 0 0 7 0 0 0 0 0 0 0 20 0 1 17 35 0 0 0 24 0
0 0 16 0 0 0 0 0 0 0 0 0 0 0 0 0 0 0 0 0 0 0 0 0 0 0 0 0 0 0 0 24 0 2 40 38 0 1 0 39 0
0 0 14 0 0 0 0 0 0 0 0 0 0 0 0 0 0 0 0 0 0 0 0 0 0 0 0 0 0 0 0 16 0 1 43 39 0 0 0 39 0
0 1 13 0 0 0 0 0 0 0 0 0 0 0 0 0 0 0 0 0 0 0 0 0 0 0 0 0 0 0 0 12 0 1 43 37 0 0 0 38 1
26 0 0 13 0 0 0 0 0 7 0 0 0 0 7 0 0 0 7 0 0 0 9 0 0 0 5 41 39 0 0 0 0 0 0 0 0 0 0 0 0
0 0 13 0 0 0 0 0 0 0 0 0 0 0 0 0 0 0 0 0 0 0 1 0 0 0 0 0 0 0 0 17 0 1 41 39 0 0 0 37 0
0 0 12 0 0 0 0 0 0 0 0 0 0 0 0 0 0 0 0 0 0 0 2 1 0 0 0 0 0 0 0 16 0 1 42 41 0 0 0 37 0
0 0 11 0 0 0 0 0 0 0 0 0 0 0 0 0 0 0 0 0 0 0 2 2 0 0 0 0 0 0 0 17 0 1 43 42 0 0 0 36 0
0 1 16 0 0 0 0 0 0 0 0 0 0 0 0 0 0 0 0 0 0 0 0 0 0 0 0 0 0 0 0 20 0 2 41 36 0 1 0 40 0
0 0 13 0 0 0 0 0 0 0 0 0 0 0 0 0 0 0 0 0 0 0 0 0 0 0 0 0 0 0 0 15 0 1 43 40 0 0 0 39 0
3 0 11 1 0 0 0 0 0 0 0 0 0 0 0 0 0 0 0 0 0 0 2 3 0 0 0 1 0 0 0 26 0 2 21 35 0 0 0 24 0
0 0 13 0 0 0 0 0 0 0 0 0 0 0 0 0 0 0 0 0 0 0 0 2 0 0 0 0 0 0 0 21 0 2 41 43 0 0 0 38 0
28 0 0 9 0 0 0 0 0 4 0 0 0 0 0 0 0 0 0 0 0 0 2 1 0 0 0 28 19 0 0 0 0 0 0 0 0 1 0 0 0
14 0 0 9 0 0 0 0 0 4 0 0 0 0 2 0 0 0 0 0 0 0 7 0 0 0 3 24 19 0 0 0 0 0 0 0 0 0 0 0 0
0 2 14 0 0 1 0 0 0 0 0 0 0 0 1 0 0 0 0 0 0 0 0 0 0 0 0 0 0 0 0 10 0 1 44 35 0 0 0 38 2
0 0 16 0 0 0 0 0 0 0 0 0 0 0 0 0 0 0 0 0 0 0 0 0 0 0 0 0 0 0 0 23 0 2 39 37 0 1 0 39 0
0 1 14 0 0 0 0 0 0 0 0 0 0 0 0 0 0 0 0 0 0 0 0 0 0 0 0 0 0 0 0 12 0 1 42 36 0 0 0 38 1
0 1 15 0 0 0 0 0 0 0 0 0 0 0 0 0 0 0 0 0 0 0 0 0 0 0 0 0 0 0 0 13 0 1 41 34 0 1 0 38 1
0 0 12 0 0 0 0 0 0 0 0 0 0 0 0 0 0 0 0 0 0 0 2 0 0 0 0 0 0 0 0 15 0 1 42 39 0 0 0 37 0
0 0 13 0 0 0 0 0 0 0 0 0 0 0 0 0 0 0 0 0 0 0 0 3 0 0 0 0 0 0 0 24 0 2 40 47 0 0 0 39 0
45 0 0 19 0 0 0 0 0 11 0 0 0 2 11 0 0 0 10 0 0 0 10 0 0 0 7 55 53 0 0 0 1 0 0 0 0 3 0 0 0
0 0 16 0 0 0 0 0 0 0 0 0 0 1 0 0 0 0 0 0 0 0 0 0 0 0 0 0 0 0 0 25 0 2 36 34 0 1 0 36 0
0 1 12 0 0 0 0 0 0 0 0 0 0 0 0 0 0 0 0 0 0 0 2 0 0 0 0 0 0 0 0 13 0 1 43 38 0 0 0 37 1
0 0 12 0 0 0 0 0 0 0 0 0 0 0 0 0 0 0 0 0 0 0 2 0 0 0 0 0 0 0 0 15 0 1 43 40 0 0 0 38 0
0 1 13 0 0 0 0 0 0 0 0 0 0 0 0 0 0 0 0 0 0 0 0 0 0 0 0 0 0 0 0 11 0 1 41 35 0 0 0 37 1
0 0 11 0 0 0 0 0 0 0 0 0 0 0 0 0 0 0 0 0 0 0 2 2 0 0 0 0 0 0 0 18 0 1 42 43 0 0 0 36 0
0 0 15 6 0 0 0 0 0 0 0 0 0 0 0 0 0 0 0 0 0 0 5 0 0 0 1 7 0 0 0 32 0 3 18 26 0 1 0 19 0
0 0 15 10 0 0 0 0 0 0 0 0 0 0 1 0 0 1 0 0 0 1 6 0 0 0 4 15 0 0 0 30 0 2 8 13 0 3 0 10 0
0 1 13 0 0 0 0 0 0 0 0 0 0 0 0 0 0 0 0 0 0 0 0 0 0 0 0 0 0 0 0 13 0 1 43 37 0 0 0 39 1
4 0 5 7 0 0 0 0 0 0 0 0 0 0 0 0 0 1 0 0 0 0 2 1 0 0 0 13 0 0 0 16 0 1 0 11 0 0 0 1 0
0 0 11 2 0 0 0 0 0 0 0 0 0 0 0 0 0 0 0 0 0 0 4 1 0 0 0 3 0 0 0 24 0 2 20 28 0 0 0 19 0
24 0 0 14 0 0 0 0 0 7 0 0 0 0 8 0 0 0 7 0 0 0 9 0 0 0 5 42 39 0 0 0 0 0 0 0 0 0 0 0 0
0 1 14 0 0 0 0 0 0 0 0 0 0 0 0 0 0 0 0 0 0 0 1 0 0 0 0 0 0 0 0 16 0 1 41 36 0 0 0 37 0
21 0 3 0 0 0 0 0 0 0 0 0 0 1 0 0 0 0 0 0 0 0 0 8 0 0 0 0 0 0 0 20 0 0 18 35 0 0 0 22 0
0 1 13 0 0 0 0 0 0 0 0 0 0 0 0 0 0 0 0 0 0 0 1 0 0 0 0 0 0 0 0 12 0 1 44 38 0 0 0 38 0
16 0 0 13 0 0 0 0 0 5 0 0 0 0 7 0 0 0 6 0 0 0 8 0 0 0 6 38 36 0 0 0 0 0 0 0 0 0 0 0 0
0 0 12 0 0 1 0 0 0 0 0 0 0 0 0 0 1 0 0 0 0 0 4 1 0 0 0 0 0 0 0 15 0 1 45 40 0 0 0 35 0
0 0 13 0 0 0 0 0 0 0 0 0 0 0 0 0 0 0 0 0 0 0 1 0 0 0 0 0 0 0 0 15 0 1 41 38 0 0 0 37 0
0 0 13 0 0 0 0 0 0 0 0 0 0 0 0 0 0 0 0 0 0 0 1 1 0 0 0 0 0 0 0 16 0 1 44 42 0 0 0 39 0
0 0 16 3 0 0 0 0 0 0 0 0 0 1 0 0 0 0 0 0 0 0 4 0 0 0 0 0 0 0 0 34 0 3 29 32 0 2 0 28 0
