1 0 13 3 0 0 0 0 0 0 0 0 0 0 0 0 0 0 0 0 0 0 0 3 0 0 0 0 0 0 0 21 0 0 52 57 0 0 0 51 2
3 0 10 9 0 0 0 0 0 0 0 0 0 0 0 0 0 0 0 0 0 0 0 0 0 0 0 10 0 2 0 41 0 0 20 31 0 0 0 29 0
1 0 11 3 0 0 0 0 0 0 0 0 0 0 0 0 0 0 0 0 0 0 0 1 0 0 0 1 0 0 0 25 0 0 45 51 0 0 0 47 1
3 0 8 8 0 0 0 0 0 0 0 0 0 0 0 0 0 0 0 0 0 0 0 0 0 0 0 11 0 2 0 44 0 0 22 32 0 0 0 36 0
3 0 1 10 0 0 0 0 0 0 0 0 0 0 0 0 0 0 0 0 0 0 0 0 0 0 0 14 0 2 0 47 0 0 28 38 0 0 0 37 0
1 0 44 0 0 0 0 0 0 0 0 0 0 0 0 0 0 0 0 0 0 0 16 34 0 0 0 0 0 0 0 7 0 0 29 21 0 0 0 60 5
3 0 11 7 0 0 0 0 0 0 0 0 0 0 0 0 0 0 0 0 0 0 0 0 0 0 0 8 0 1 0 39 0 0 24 35 0 0 0 32 0
1 0 19 0 0 0 0 0 0 0 0 0 0 0 0 0 0 0 0 0 0 0 0 10 0 0 0 0 0 0 0 17 0 0 62 63 0 0 0 64 2
1 0 16 1 0 0 0 0 0 0 0 0 0 0 0 0 0 0 0 0 0 0 0 8 0 0 0 0 0 0 0 21 0 0 57 59 0 0 0 60 1
7 0 47 0 0 0 0 0 0 0 0 0 0 0 0 0 0 0 0 0 0 0 20 43 0 0 0 0 0 0 0 0 0 0 0 0 0 0 0 45 8
14 0 0 11 0 0 0 0 0 0 0 0 0 0 0 0 0 0 0 0 0 0 7 0 0 0 0 16 0 1 0 59 0 0 36 48 0 0 0 43 0
4 0 3 8 0 0 0 0 0 0 0 0 0 0 0 0 0 0 0 0 0 0 1 0 0 0 0 14 0 2 0 52 0 0 26 37 0 0 0 40 0
10 0 0 9 0 0 0 0 0 0 0 0 0 0 0 0 0 0 0 0 0 0 5 0 0 0 0 15 0 2 0 56 0 0 30 41 0 0 0 44 0
1 0 18 0 0 0 0 0 0 0 0 0 0 0 0 0 0 0 0 0 0 0 0 9 0 0 0 0 0 0 0 19 0 0 61 62 0 0 0 63 2
33 0 2 12 7 0 0 0 0 0 0 1 0 0 0 0 0 0 0 0 0 0 12 0 0 0 0 16 0 0 0 70 0 0 40 61 0 0 0 40 0
0 0 18 0 0 0 0 0 0 0 0 0 0 0 0 0 0 0 0 0 0 0 0 11 0 0 0 0 0 0 0 21 0 0 54 56 0 0 0 61 0
1 0 9 5 0 0 0 0 0 0 0 0 0 0 0 0 0 0 0 0 0 0 0 0 0 0 0 4 0 0 0 27 0 0 33 41 0 0 0 36 1
0 0 39 0 0 0 0 0 0 0 0 0 0 0 0 0 0 0 0 0 0 0 11 28 0 0 0 0 1 0 0 14 0 0 50 47 0 0 0 70 4
13 0 0 11 0 0 0 0 0 0 0 0 0 0 0 0 0 0 0 0 0 0 6 0 0 0 0 16 0 1 0 56 0 0 35 49 0 0 0 43 0
3 0 8 10 0 0 0 0 0 0 0 0 0 0 0 0 0 0 0 0 0 0 0 0 0 0 0 12 0 2 0 44 0 0 23 35 0 0 0 34 0
2 0 12 3 0 0 0 0 0 0 0 0 0 0 0 0 0 0 0 0 0 0 0 3 0 0 0 0 0 0 0 23 0 0 50 55 0 0 0 52 1
0 0 9 5 0 0 0 0 0 0 0 0 0 0 0 0 0 0 0 0 0 0 0 0 0 0 0 3 0 0 0 26 0 0 41 49 0 0 0 42 2
1 0 19 2 0 0 0 0 0 0 0 0 0 0 0 0 0 0 0 0 0 0 0 8 0 0 0 0 0 0 0 17 0 0 63 65 0 0 0 62 3
0 0 33 0 0 0 0 0 0 0 0 0 0 0 0 0 0 0 0 0 0 0 9 22 0 0 0 0 0 0 0 19 0 0 56 54 0 0 0 70 2
0 0 23 0 0 0 0 0 0 0 0 0 0 0 0 0 0 0 0 0 0 0 1 14 0 0 0 0 0 0 0 18 0 0 60 60 0 0 0 66 2
0 0 11 6 0 0 0 0 0 0 0 0 0 0 0 0 0 0 0 0 0 0 0 0 0 0 0 5 0 1 0 31 0 0 33 41 0 0 0 37 0
2 0 18 1 0 0 0 0 0 0 0 0 0 0 0 0 0 0 0 0 0 0 0 7 0 0 0 0 0 0 0 18 0 0 61 63 0 0 0 61 3
1 0 20 0 0 0 0 0 0 0 0 0 0 0 0 0 0 0 0 0 0 0 0 11 0 0 0 0 0 0 0 17 0 0 61 62 0 0 0 65 2
5 0 46 0 0 0 0 0 0 0 0 0 0 0 0 0 0 0 0 0 0 0 19 42 0 0 0 0 0 0 0 0 0 0 2 0 0 0 0 47 9
1 0 43 0 0 0 0 0 0 0 0 0 0 0 0 0 0 0 0 0 0 0 16 33 0 0 0 0 0 0 0 7 0 0 34 28 0 0 0 62 6
3 0 10 8 0 0 0 0 0 0 0 0 0 0 0 0 0 0 0 0 0 0 0 0 0 0 0 9 0 1 0 39 0 0 24 34 0 0 0 31 0
1 0 12 7 0 0 0 0 0 0 0 0 0 0 0 0 0 0 0 0 0 0 0 0 0 0 0 7 0 1 0 38 0 0 28 37 0 0 0 34 0
0 0 28 0 0 0 0 0 0 0 0 0 0 0 0 0 0 0 0 0 0 0 7 19 0 0 0 0 0 0 0 19 0 0 54 54 0 0 0 67 2
45 0 5 12 11 0 0 0 0 0 0 2 0 0 0 0 0 0 0 0 0 0 19 0 0 0 1 16 0 0 0 85 0 0 42 70 0 0 0 42 0
13 0 54 0 0 0 0 0 0 0 0 0 0 0 0 0 0 0 0 0 0 0 18 45 0 0 1 0 0 0 0 0 0 0 0 0 0 0 0 41 11
1 0 19 1 0 0 0 0 0 0 0 0 0 0 0 0 0 0 0 0 0 0 0 9 0 0 0 0 0 0 0 18 0 0 61 63 0 0 0 63 3
0 0 11 3 0 0 0 0 0 0 0 0 0 0 0 0 0 0 0 0 0 0 0 2 0 0 0 1 0 0 0 27 0 0 45 51 0 0 0 48 1
0 0 22 0 0 0 0 0 0 0 0 0 0 0 0 0 0 0 0 0 0 0 0 13 0 0 0 0 0 0 0 18 0 0 56 56 0 0 0 63 2
2 0 9 7 0 0 0 0 0 0 0 0 0 0 0 0 0 0 0 0 0 0 0 0 0 0 0 9 0 1 0 41 0 0 21 32 0 0 0 33 0
0 0 33 0 0 0 0 0 0 0 0 0 0 0 0 0 0 0 0 0 0 0 9 23 0 0 0 0 0 0 0 17 0 0 53 52 0 0 0 69 2
1 0 11 5 0 0 0 0 0 0 0 0 0 0 0 0 0 0 0 0 0 0 0 0 0 0 0 6 0 0 0 35 0 0 31 40 0 0 0 36 0
0 0 41 0 0 0 0 0 0 0 0 0 0 0 0 0 0 0 0 0 0 0 15 31 0 0 0 0 0 0 0 12 0 0 41 35 0 0 0 66 5
1 0 12 6 0 0 0 0 0 0 0 0 0 0 0 0 0 0 0 0 0 0 0 0 0 0 0 3 0 0 0 27 0 0 42 49 0 0 0 41 2
2 0 14 1 0 0 0 0 0 0 0 0 0 0 0 0 0 0 0 0 0 0 0 5 0 0 0 0 0 0 0 22 0 0 52 56 0 0 0 56 1
2 0 9 8 0 0 0 0 0 0 0 0 0 0 0 0 0 0 0 0 0 0 0 0 0 0 0 10 0 1 0 41 0 0 20 31 0 0 0 32 0
2 0 11 7 0 0 0 0 0 0 0 0 0 0 0 0 0 0 0 0 0 0 0 0 0 0 0 10 0 1 0 44 0 0 22 32 0 0 0 35 0
1 0 10 4 0 0 0 0 0 0 0 0 0 0 0 0 0 0 0 0 0 0 0 0 0 0 0 3 0 0 0 27 0 0 38 45 0 0 0 41 1
4 0 3 9 0 0 0 0 0 0 0 0 0 0 0 0 0 0 0 0 0 0 0 0 0 0 0 14 0 2 0 48 0 0 26 37 0 0 0 38 0
1 0 10 5 0 0 0 0 0 0 0 0 0 0 0 0 0 0 0 0 0 0 0 0 0 0 0 8 0 1 0 38 0 0 23 31 0 0 0 34 0
0 0 36 0 0 0 0 0 0 0 0 0 0 0 0 0 0 0 0 0 0 0 8 24 0 0 0 0 0 0 0 17 0 0 55 54 0 0 0 72 3
1 0 19 0 0 0 0 0 0 0 0 0 0 0 0 0 0 0 0 0 0 0 0 11 0 0 0 0 0 0 0 21 0 0 58 59 0 0 0 64 1
1 0 9 7 0 0 0 0 0 0 0 0 0 0 0 0 0 0 0 0 0 0 0 0 0 0 0 9 0 1 0 40 0 0 23 33 0 0 0 32 0
1 0 20 0 0 0 0 0 0 0 0 0 0 0 0 0 0 0 0 0 0 0 0 11 0 0 0 0 0 0 0 19 0 0 60 62 0 0 0 64 2
1 0 23 0 0 0 0 0 0 0 0 0 0 0 0 0 0 0 0 0 0 0 1 14 0 0 0 0 0 0 0 19 0 0 59 59 0 0 0 66 2
33 0 2 13 7 0 0 0 0 0 0 1 0 0 0 0 0 0 0 0 0 0 12 0 0 0 0 16 0 0 0 71 0 0 41 63 0 0 0 39 0
1 0 11 5 0 0 0 0 0 0 0 0 0 0 0 0 0 0 0 0 0 0 0 0 0 0 0 4 0 0 0 31 0 0 38 45 0 0 0 41 0
1 0 11 4 0 0 0 0 0 0 0 0 0 0 0 0 0 0 0 0 0 0 0 1 0 0 0 1 0 0 0 21 0 0 46 53 0 0 0 46 3
1 0 22 0 0 0 0 0 0 0 0 0 0 0 0 0 0 0 0 0 0 0 0 13 0 0 0 0 0 0 0 17 0 0 59 60 0 0 0 64 2
1 0 4 7 0 0 0 0 0 0 0 0 0 0 0 0 0 0 0 0 0 0 0 0 0 0 0 12 0 2 0 43 0 0 21 31 0 0 0 34 0
2 0 17 1 0 0 0 0 0 0 0 0 0 0 0 0 0 0 0 0 0 0 0 7 0 0 0 0 0 0 0 19 0 0 59 61 0 0 0 61 2
20 0 0 9 0 0 0 0 0 0 0 0 0 0 0 0 0 0 0 0 0 0 9 0 0 0 0 15 0 0 0 60 0 0 31 46 0 0 0 42 0
1 0 18 0 0 0 0 0 0 0 0 0 0 0 0 0 0 0 0 0 0 0 0 10 0 0 0 0 0 0 0 19 0 0 57 58 0 0 0 62 1
0 0 10 7 0 0 0 0 0 0 0 0 0 0 0 0 0 0 0 0 0 0 0 0 0 0 0 7 0 1 0 35 0 0 27 37 0 0 0 32 0
2 0 19 0 0 0 0 0 0 0 0 0 0 0 0 0 0 0 0 0 0 0 0 9 0 0 0 0 0 0 0 19 0 0 60 61 0 0 0 64 2
11 0 0 12 0 0 0 0 0 0 0 0 0 0 0 0 0 0 0 0 0 0 4 0 0 0 0 16 0 2 0 55 0 0 34 46 0 0 0 42 0
0 0 11 5 0 0 0 0 0 0 0 0 0 0 0 0 0 0 0 0 0 0 0 0 0 0 0 3 0 0 0 30 0 0 40 47 0 0 0 42 1
1 0 12 7 0 0 0 0 0 0 0 0 0 0 0 0 0 0 0 0 0 0 0 0 0 0 0 7 0 1 0 37 0 0 28 38 0 0 0 34 0
3 0 9 8 0 0 0 0 0 0 0 0 0 0 0 0 0 0 0 0 0 0 0 0 0 0 0 11 0 1 0 43 0 0 21 32 0 0 0 33 0
2 0 15 1 0 0 0 0 0 0 0 0 0 0 0 0 0 0 0 0 0 0 0 5 0 0 0 0 0 0 0 20 0 0 57 59 0 0 0 58 2
0 0 42 0 0 0 0 0 0 0 0 0 0 0 0 0 0 0 0 0 0 0 15 32 0 0 0 0 0 0 0 12 0 0 40 34 0 0 0 66 5
0 0 43 0 0 0 0 0 0 0 0 0 0 0 0 0 0 0 0 0 0 0 13 31 0 0 0 0 0 0 0 8 0 0 42 35 0 0 0 64 6
1 0 11 6 0 0 0 0 0 0 0 0 0 0 0 0 0 0 0 0 0 0 0 0 0 0 0 4 0 0 0 28 0 0 40 49 0 0 0 40 2
1 0 10 7 0 0 0 0 0 0 0 0 0 0 0 0 0 0 0 0 0 0 0 0 0 0 0 5 0 1 0 28 0 0 33 42 0 0 0 35 1
0 0 24 0 0 0 0 0 0 0 0 0 0 0 0 0 0 0 0 0 0 0 3 16 0 0 0 0 0 0 0 18 0 0 55 56 0 0 0 65 2
12 0 0 10 0 0 0 0 0 0 0 0 0 0 0 0 0 0 0 0 0 0 7 0 0 0 0 17 0 1 0 58 0 0 34 47 0 0 0 44 0
1 0 15 2 0 0 0 0 0 0 0 0 0 0 0 0 0 0 0 0 0 0 0 5 0 0 0 0 0 0 0 22 0 0 57 60 0 0 0 58 2
0 0 30 0 0 0 0 0 0 0 0 0 0 0 0 0 0 0 0 0 0 0 4 19 0 0 0 0 0 0 0 16 0 0 57 57 0 0 0 69 3
8 0 2 11 0 0 0 0 0 0 0 0 0 0 0 0 0 0 0 0 0 0 0 0 0 0 0 16 0 2 0 52 0 0 28 41 0 0 0 42 0
16 0 0 12 1 0 0 0 0 0 0 0 0 0 0 0 0 0 0 0 0 0 7 0 0 0 0 16 0 1 0 58 0 0 35 49 0 0 0 39 0
2 0 16 0 0 0 0 0 0 0 0 0 0 0 0 0 0 0 0 0 0 0 0 8 0 0 0 0 0 0 0 21 0 0 57 60 0 0 0 61 1
3 0 5 9 0 0 0 0 0 0 0 0 0 0 0 0 0 0 0 0 0 0 0 0 0 0 0 13 0 2 0 46 0 0 24 34 0 0 0 37 0
38 0 2 15 10 0 0 0 0 0 0 2 0 0 0 0 0 0 0 0 0 0 15 0 0 0 0 17 0 0 0 77 0 0 49 73 0 0 0 43 0
2 0 9 9 0 0 0 0 0 0 0 0 0 0 0 0 0 0 0 0 0 0 0 0 0 0 0 10 0 2 0 41 0 0 21 32 0 0 0 31 0
0 0 13 3 0 0 0 0 0 0 0 0 0 0 0 0 0 0 0 0 0 0 0 4 0 0 0 0 0 0 0 20 0 0 55 59 0 0 0 53 3
0 0 17 0 0 0 0 0 0 0 0 0 0 0 0 0 0 0 0 0 0 0 0 9 0 0 0 0 0 0 0 22 0 0 54 56 0 0 0 60 0
1 0 11 3 0 0 0 0 0 0 0 0 0 0 0 0 0 0 0 0 0 0 0 1 0 0 0 1 0 0 0 26 0 0 45 50 0 0 0 47 1
89 0 14 11 16 0 0 0 0 0 0 0 0 0 0 0 0 0 0 0 0 0 30 0 0 0 0 13 0 0 0 101 0 1 36 77 0 0 0 50 0
3 0 14 2 0 0 0 0 0 0 0 0 0 0 0 0 0 0 0 0 0 0 0 5 0 0 0 0 0 0 0 21 0 0 54 58 0 0 0 57 2
1 0 16 2 0 0 0 0 0 0 0 0 0 0 0 0 0 0 0 0 0 0 0 5 0 0 0 0 0 0 0 17 0 0 60 63 0 0 0 59 3
2 0 44 0 0 0 0 0 0 0 0 0 0 0 0 0 0 0 0 0 0 0 17 36 0 0 0 0 0 0 0 1 0 0 22 13 0 0 0 56 7
6 0 1 9 0 0 0 0 0 0 0 0 0 0 0 0 0 0 0 0 0 0 1 0 0 0 0 15 0 2 0 52 0 0 28 39 0 0 0 42 0
0 0 41 0 0 0 0 0 0 0 0 0 0 0 0 0 0 0 0 0 0 0 13 29 0 0 0 0 0 0 0 15 0 0 46 42 0 0 0 67 5
32 0 1 14 7 0 0 0 0 0 0 1 0 0 0 0 0 0 0 0 0 0 11 0 0 0 1 17 0 0 0 69 0 0 41 62 0 0 0 38 0
29 0 1 11 5 0 0 0 0 0 0 1 0 0 0 0 0 0 0 0 0 0 12 0 0 0 0 16 0 0 0 66 0 0 37 57 0 0 0 38 0
1 0 14 2 0 0 0 0 0 0 0 0 0 0 0 0 0 0 0 0 0 0 0 5 0 0 0 0 0 0 0 23 0 0 52 55 0 0 0 56 1
1 0 20 0 0 0 0 0 0 0 0 0 0 0 0 0 0 0 0 0 0 0 0 12 0 0 0 0 0 0 0 19 0 0 62 63 0 0 0 66 1
1 0 11 6 0 0 0 0 0 0 0 0 0 0 0 0 0 0 0 0 0 0 0 0 0 0 0 5 0 1 0 32 0 0 35 43 0 0 0 38 0
0 0 10 5 0 0 0 0 0 0 0 0 0 0 0 0 0 0 0 0 0 0 0 0 0 0 0 4 0 0 0 28 0 0 38 45 0 0 0 41 1
2 0 10 10 0 0 0 0 0 0 0 0 0 0 0 0 0 0 0 0 0 0 0 0 0 0 0 10 0 1 0 39 0 0 21 32 0 0 0 27 0
2 0 24 0 0 0 0 0 0 0 0 0 0 0 0 0 0 0 0 0 0 0 0 14 0 0 0 0 0 0 0 17 0 0 61 63 0 0 0 67 3
6 0 1 11 0 0 0 0 0 0 0 0 0 0 0 0 0 0 0 0 0 0 0 0 0 0 0 15 0 2 0 47 0 0 27 38 0 0 0 37 0
1 0 12 2 0 0 0 0 0 0 0 0 0 0 0 0 0 0 0 0 0 0 0 3 0 0 0 0 0 0 0 22 0 0 49 54 0 0 0 50 1
1 0 11 8 0 0 0 0 0 0 0 0 0 0 0 0 0 0 0 0 0 0 0 0 0 0 0 7 0 1 0 34 0 0 28 37 0 0 0 31 1
1 0 12 8 0 0 0 0 0 0 0 0 0 0 0 0 0 0 0 0 0 0 0 0 0 0 0 8 0 1 0 40 0 0 25 36 0 0 0 32 0
0 0 18 0 0 0 0 0 0 0 0 0 0 0 0 0 0 0 0 0 0 0 0 9 0 0 0 0 0 0 0 18 0 0 60 61 0 0 0 62 2
0 0 43 0 0 0 0 0 0 0 0 0 0 0 0 0 0 0 0 0 0 0 13 30 0 0 0 0 0 0 0 12 0 0 44 39 0 0 0 68 5
1 0 10 7 0 0 0 0 0 0 0 0 0 0 0 0 0 0 0 0 0 0 0 0 0 0 0 6 0 0 0 32 0 0 29 39 0 0 0 32 2
1 0 10 6 0 0 0 0 0 0 0 0 0 0 0 0 0 0 0 0 0 0 0 0 0 0 0 4 0 0 0 28 0 0 34 42 0 0 0 35 2
0 0 32 0 0 0 0 0 0 0 0 0 0 0 0 0 0 0 0 0 0 0 7 21 0 0 0 0 0 0 0 19 0 0 56 55 0 0 0 70 2
39 0 1 14 11 0 0 0 0 0 0 2 0 0 0 0 0 0 0 0 0 0 15 0 0 0 0 17 0 0 0 77 0 0 46 68 0 0 0 40 0
2 0 12 2 0 0 0 0 0 0 0 0 0 0 0 0 0 0 0 0 0 0 0 5 0 0 0 0 0 0 0 25 0 0 47 51 0 0 0 52 0
1 0 12 8 0 0 0 0 0 0 0 0 0 0 0 0 0 0 0 0 0 0 0 0 0 0 0 8 0 1 0 38 0 0 28 37 0 0 0 33 0
1 0 14 3 0 0 0 0 0 0 0 0 0 0 0 0 0 0 0 0 0 0 0 4 0 0 0 0 0 0 0 23 0 0 54 58 0 0 0 54 2
5 0 44 0 0 0 0 0 0 0 0 0 0 0 0 0 0 0 0 0 0 0 18 40 0 0 0 0 0 0 0 0 0 0 5 0 0 0 0 47 7
0 0 28 0 0 0 0 0 0 0 0 0 0 0 0 0 0 0 0 0 0 0 3 17 0 0 0 0 0 0 0 18 0 0 62 61 0 0 0 71 2
8 0 0 12 0 0 0 0 0 0 0 0 0 0 0 0 0 0 0 0 0 0 2 0 0 0 0 16 0 2 0 52 0 0 33 43 0 0 0 42 0
1 0 10 4 0 0 0 0 0 0 0 0 0 0 0 0 0 0 0 0 0 0 0 0 0 0 0 4 0 0 0 30 0 0 36 44 0 0 0 40 0
2 0 44 0 0 0 0 0 0 0 0 0 0 0 0 0 0 0 0 0 0 0 18 39 0 0 1 0 0 0 0 0 0 0 13 3 0 0 0 50 8
18 0 60 0 0 0 0 0 0 0 0 0 0 0 0 0 0 0 0 0 0 0 18 45 0 0 0 0 0 0 0 0 0 0 0 0 0 0 0 41 13
21 0 68 1 0 0 0 0 0 0 0 0 0 0 0 0 0 0 0 0 0 0 14 46 0 0 0 0 0 0 0 0 0 0 0 0 0 0 0 40 16
1 0 13 3 0 0 0 0 0 0 0 0 0 0 0 0 0 0 0 0 0 0 0 4 0 0 0 0 0 0 0 22 0 0 50 55 0 0 0 50 1
1 0 11 7 0 0 0 0 0 0 0 0 0 0 0 0 0 0 0 0 0 0 0 0 0 0 0 5 0 0 0 32 0 0 33 42 0 0 0 35 1
1 0 11 8 0 0 0 0 0 0 0 0 0 0 0 0 0 0 0 0 0 0 0 0 0 0 0 8 0 1 0 36 0 0 23 33 0 0 0 28 0
0 0 11 3 0 0 0 0 0 0 0 0 0 0 0 0 0 0 0 0 0 0 0 1 0 0 0 2 0 0 0 25 0 0 41 47 0 0 0 45 1
1 0 11 8 0 0 0 0 0 0 0 0 0 0 0 0 0 0 0 0 0 0 0 0 0 0 0 7 0 1 0 38 0 0 27 36 0 0 0 33 0
17 0 0 10 0 0 0 0 0 0 0 0 0 0 0 0 0 0 0 0 0 0 8 0 0 0 0 16 0 1 0 58 0 0 32 47 0 0 0 40 0
4 0 4 8 0 0 0 0 0 0 0 0 0 0 0 0 0 0 0 0 0 0 0 0 0 0 0 14 0 2 0 48 0 0 23 35 0 0 0 38 0
0 0 13 1 0 0 0 0 0 0 0 0 0 0 0 0 0 0 0 0 0 0 0 5 0 0 0 0 0 0 0 24 0 0 50 54 0 0 0 54 1
1 0 12 5 0 0 0 0 0 0 0 0 0 0 0 0 0 0 0 0 0 0 0 0 0 0 0 3 0 0 0 28 0 0 40 47 0 0 0 43 1
2 0 8 10 0 0 0 0 0 0 0 0 0 0 0 0 0 0 0 0 0 0 0 0 0 0 0 11 0 2 0 43 0 0 23 34 0 0 0 32 0
50 0 11 12 11 0 0 0 0 0 0 1 0 0 0 0 0 0 0 0 0 0 21 0 0 0 1 16 0 0 0 93 0 0 39 70 0 0 0 43 0
1 0 11 8 0 0 0 0 0 0 0 0 0 0 0 0 0 0 0 0 0 0 0 0 0 0 0 8 0 1 0 37 0 0 25 34 0 0 0 31 0
44 0 6 12 10 0 0 0 0 0 0 2 0 0 0 0 0 0 0 0 0 0 18 0 0 0 1 16 0 0 0 84 0 0 40 66 0 0 0 42 0
1 0 13 3 0 0 0 0 0 0 0 0 0 0 0 0 0 0 0 0 0 0 0 3 0 0 0 0 0 0 0 22 0 0 50 55 0 0 0 51 2
2 0 13 3 0 0 0 0 0 0 0 0 0 0 0 0 0 0 0 0 0 0 0 3 0 0 0 0 0 0 0 18 0 0 52 57 0 0 0 52 2
1 0 17 1 0 0 0 0 0 0 0 0 0 0 0 0 0 0 0 0 0 0 0 7 0 0 0 0 0 0 0 18 0 0 60 62 0 0 0 60 3
0 0 42 0 0 0 0 0 0 0 0 0 0 0 0 0 0 0 0 0 0 0 12 30 0 0 0 0 0 0 0 10 0 0 43 39 0 0 0 66 5
14 0 0 10 0 0 0 0 0 0 0 0 0 0 0 0 0 0 0 0 0 0 7 0 0 0 0 16 0 1 0 57 0 0 32 46 0 0 0 41 0
1 0 20 0 0 0 0 0 0 0 0 0 0 0 0 0 0 0 0 0 0 0 0 11 0 0 0 0 0 0 0 19 0 0 60 62 0 0 0 63 2
1 0 19 1 0 0 0 0 0 0 0 0 0 0 0 0 0 0 0 0 0 0 0 8 0 0 0 0 0 0 0 17 0 0 63 64 0 0 0 63 3
1 0 10 4 0 0 0 0 0 0 0 0 0 0 0 0 0 0 0 0 0 0 0 0 0 0 0 3 0 0 0 27 0 0 38 45 0 0 0 42 1
2 0 14 2 0 0 0 0 0 0 0 0 0 0 0 0 0 0 0 0 0 0 0 4 0 0 0 0 0 0 0 22 0 0 53 57 0 0 0 55 2
1 0 10 6 0 0 0 0 0 0 0 0 0 0 0 0 0 0 0 0 0 0 0 0 0 0 0 6 0 1 0 35 0 0 28 37 0 0 0 34 0
2 0 11 8 0 0 0 0 0 0 0 0 0 0 0 0 0 0 0 0 0 0 0 0 0 0 0 9 0 1 0 41 0 0 21 32 0 0 0 33 0
2 0 16 0 0 0 0 0 0 0 0 0 0 0 0 0 0 0 0 0 0 0 0 8 0 0 0 0 0 0 0 21 0 0 55 58 0 0 0 59 1
4 0 45 0 0 0 0 0 0 0 0 0 0 0 0 0 0 0 0 0 0 0 19 40 0 0 0 0 0 0 0 0 0 0 10 0 0 0 0 50 7
32 0 3 11 6 0 0 0 0 0 0 0 0 0 0 0 0 0 0 0 0 0 13 0 0 0 0 16 0 0 0 69 0 0 36 57 0 0 0 41 0
2 0 16 2 0 0 0 0 0 0 0 0 0 0 0 0 0 0 0 0 0 0 0 6 0 0 0 0 0 0 0 19 0 0 59 62 0 0 0 60 2
7 0 1 10 0 0 0 0 0 0 0 0 0 0 0 0 0 0 0 0 0 0 1 0 0 0 0 16 0 2 0 52 0 0 30 42 0 0 0 43 0
2 0 26 0 0 0 0 0 0 0 0 0 0 0 0 0 0 0 0 0 0 0 3 16 0 0 0 0 0 0 0 18 0 0 59 59 0 0 0 68 2
1 0 24 0 0 0 0 0 0 0 0 0 0 0 0 0 0 0 0 0 0 0 2 15 0 0 0 0 0 0 0 17 0 0 58 58 0 0 0 64 2
0 0 11 3 0 0 0 0 0 0 0 0 0 0 0 0 0 0 0 0 0 0 0 1 0 0 0 2 0 0 0 26 0 0 43 49 0 0 0 45 1
2 0 11 7 0 0 0 0 0 0 0 0 0 0 0 0 0 0 0 0 0 0 0 0 0 0 0 8 0 1 0 39 0 0 23 33 0 0 0 31 0
2 0 13 3 0 0 0 0 0 0 0 0 0 0 0 0 0 0 0 0 0 0 0 3 0 0 0 0 0 0 0 23 0 0 49 54 0 0 0 51 2
1 0 11 5 0 0 0 0 0 0 0 0 0 0 0 0 0 0 0 0 0 0 0 0 0 0 0 2 0 0 0 26 0 0 42 49 0 0 0 42 2
33 0 0 12 8 0 0 0 0 0 0 1 0 0 0 0 0 0 0 0 0 0 14 0 0 0 0 16 0 0 0 70 0 0 42 62 0 0 0 38 0
2 0 17 2 0 0 0 0 0 0 0 0 0 0 0 0 0 0 0 0 0 0 0 6 0 0 0 0 0 0 0 19 0 0 59 61 0 0 0 59 2
2 0 10 8 0 0 0 0 0 0 0 0 0 0 0 0 0 0 0 0 0 0 0 0 0 0 0 9 0 1 0 40 0 0 24 35 0 0 0 31 0
3 0 8 9 0 0 0 0 0 0 0 0 0 0 0 0 0 0 0 0 0 0 0 0 0 0 0 12 0 2 0 47 0 0 24 34 0 0 0 37 0
30 0 2 14 7 0 0 0 0 0 0 1 0 0 0 0 0 0 0 0 0 0 11 0 0 0 1 16 0 0 0 70 0 0 42 62 0 0 0 40 0
27 0 1 13 5 0 0 0 0 0 0 0 0 0 0 0 0 0 0 0 0 0 11 0 0 0 1 17 0 0 0 68 0 0 40 61 0 0 0 41 0
3 0 10 6 0 0 0 0 0 0 0 0 0 0 0 0 0 0 0 0 0 0 0 0 0 0 0 11 0 1 0 45 0 0 19 30 0 0 0 37 0
22 0 66 0 0 0 0 0 0 0 0 0 0 0 0 0 0 0 0 0 0 0 15 46 0 0 0 0 0 0 0 0 0 0 0 0 0 0 0 40 16
4 0 2 8 0 0 0 0 0 0 0 0 0 0 0 0 0 0 0 0 0 0 1 0 0 0 0 14 0 2 0 49 0 0 25 35 0 0 0 39 0
3 0 9 8 0 0 0 0 0 0 0 0 0 0 0 0 0 0 0 0 0 0 0 0 0 0 0 10 0 2 0 44 0 0 21 32 0 0 0 34 0
1 0 10 7 0 0 0 0 0 0 0 0 0 0 0 0 0 0 0 0 0 0 0 0 0 0 0 8 0 1 0 38 0 0 23 33 0 0 0 30 0
1 0 24 0 0 0 0 0 0 0 0 0 0 0 0 0 0 0 0 0 0 0 1 14 0 0 0 0 0 0 0 19 0 0 62 62 0 0 0 67 2
1 0 11 6 0 0 0 0 0 0 0 0 0 0 0 0 0 0 0 0 0 0 0 0 0 0 0 5 0 0 0 31 0 0 36 44 0 0 0 38 1
0 0 39 0 0 0 0 0 0 0 0 0 0 0 0 0 0 0 0 0 0 0 10 27 0 0 0 0 1 0 0 13 0 0 53 50 0 0 0 70 5
1 0 12 3 0 0 0 0 0 0 0 0 0 0 0 0 0 0 0 0 0 0 0 2 0 0 0 1 0 0 0 26 0 0 46 52 0 0 0 49 1
1 0 22 0 0 0 0 0 0 0 0 0 0 0 0 0 0 0 0 0 0 0 2 15 0 0 0 0 0 0 0 20 0 0 56 57 0 0 0 65 2
12 0 0 8 0 0 0 0 0 0 0 0 0 0 0 0 0 0 0 0 0 0 7 0 0 0 0 15 0 1 0 56 0 0 31 43 0 0 0 42 0
1 0 11 8 0 0 0 0 0 0 0 0 0 0 0 0 0 0 0 0 0 0 0 0 0 0 0 7 0 1 0 37 0 0 30 39 0 0 0 32 0
2 0 42 0 0 0 0 0 0 0 0 0 0 0 0 0 0 0 0 0 0 0 16 35 0 0 0 0 0 0 0 4 0 0 25 17 0 0 0 57 7
3 0 5 8 0 0 0 0 0 0 0 0 0 0 0 0 0 0 0 0 0 0 0 0 0 0 0 13 0 2 0 48 0 0 23 34 0 0 0 37 0
1 0 11 4 0 0 0 0 0 0 0 0 0 0 0 0 0 0 0 0 0 0 0 0 0 0 0 4 0 0 0 31 0 0 37 45 0 0 0 43 0
25 0 76 6 0 0 0 0 0 0 0 0 0 0 0 0 0 0 0 0 0 0 10 45 0 0 0 0 0 0 0 0 0 0 0 0 0 0 0 37 19
3 0 6 8 0 0 0 0 0 0 0 0 0 0 0 0 0 0 0 0 0 0 0 0 0 0 0 12 0 2 0 47 0 0 22 33 0 0 0 35 0
1 0 14 2 0 0 0 0 0 0 0 0 0 0 0 0 0 0 0 0 0 0 0 4 0 0 0 0 0 0 0 22 0 0 51 55 0 0 0 52 1
0 0 24 0 0 0 0 0 0 0 0 0 0 0 0 0 0 0 0 0 0 0 2 15 0 0 0 0 0 0 0 19 0 0 56 55 0 0 0 65 1
3 0 11 8 0 0 0 0 0 0 0 0 0 0 0 0 0 0 0 0 0 0 0 0 0 0 0 10 0 1 0 43 0 0 23 34 0 0 0 33 0
52 0 5 10 10 0 0 0 0 0 0 1 0 0 0 0 0 0 0 0 0 0 19 0 0 0 0 15 0 0 0 82 0 0 36 62 0 0 0 42 0
6 0 0 11 0 0 0 0 0 0 0 0 0 0 0 0 0 0 0 0 0 0 1 0 0 0 0 16 0 2 0 48 0 0 32 43 0 0 0 40 0
2 0 16 1 0 0 0 0 0 0 0 0 0 0 0 0 0 0 0 0 0 0 0 6 0 0 0 0 0 0 0 21 0 0 56 59 0 0 0 58 2
9 0 0 8 0 0 0 0 0 0 0 0 0 0 0 0 0 0 0 0 0 0 4 0 0 0 0 15 0 2 0 51 0 0 29 40 0 0 0 44 0
0 0 36 0 0 0 0 0 0 0 0 0 0 0 0 0 0 0 0 0 0 0 12 26 0 0 0 0 0 0 0 17 0 0 50 47 0 0 0 70 2
1 0 24 0 0 0 0 0 0 0 0 0 0 0 0 0 0 0 0 0 0 0 1 15 0 0 0 0 0 0 0 18 0 0 59 60 0 0 0 66 2
1 0 10 7 0 0 0 0 0 0 0 0 0 0 0 0 0 0 0 0 0 0 0 0 0 0 0 10 0 1 0 43 0 0 21 31 0 0 0 34 0
1 0 16 0 0 0 0 0 0 0 0 0 0 0 0 0 0 0 0 0 0 0 0 10 0 0 0 0 0 0 0 20 0 0 52 54 0 0 0 59 1
1 0 15 2 0 0 0 0 0 0 0 0 0 0 0 0 0 0 0 0 0 0 0 6 0 0 0 0 0 0 0 22 0 0 56 58 0 0 0 58 1
2 0 9 7 0 0 0 0 0 0 0 0 0 0 0 0 0 0 0 0 0 0 0 0 0 0 0 10 0 1 0 42 0 0 21 31 0 0 0 34 0
2 0 16 1 0 0 0 0 0 0 0 0 0 0 0 0 0 0 0 0 0 0 0 6 0 0 0 0 0 0 0 18 0 0 58 61 0 0 0 59 2
1 0 15 0 0 0 0 0 0 0 0 0 0 0 0 0 0 0 0 0 0 0 0 7 0 0 0 0 0 0 0 20 0 0 55 57 0 0 0 58 1
3 0 16 2 0 0 0 0 0 0 0 0 0 0 0 0 0 0 0 0 0 0 0 6 0 0 0 0 0 0 0 19 0 0 58 61 0 0 0 59 2
0 0 10 5 0 0 0 0 0 0 0 0 0 0 0 0 0 0 0 0 0 0 0 0 0 0 0 5 0 0 0 30 0 0 33 41 0 0 0 36 1
0 0 9 5 0 0 0 0 0 0 0 0 0 0 0 0 0 0 0 0 0 0 0 0 0 0 0 5 0 0 0 28 0 0 30 38 0 0 0 34 0
2 0 17 1 0 0 0 0 0 0 0 0 0 0 0 0 0 0 0 0 0 0 0 7 0 0 0 0 0 0 0 20 0 0 59 61 0 0 0 61 2
3 0 46 0 0 0 0 0 0 0 0 0 0 0 0 0 0 0 0 0 0 0 18 40 0 0 0 0 0 0 0 0 0 0 10 0 0 0 0 50 8
2 0 11 9 0 0 0 0 0 0 0 0 0 0 0 0 0 0 0 0 0 0 0 0 0 0 0 9 0 2 0 39 0 0 25 35 0 0 0 30 0
0 0 12 3 0 0 0 0 0 0 0 0 0 0 0 0 0 0 0 0 0 0 0 2 0 0 0 0 0 0 0 23 0 0 51 56 0 0 0 50 2
1 0 9 5 0 0 0 0 0 0 0 0 0 0 0 0 0 0 0 0 0 0 0 0 0 0 0 3 0 0 0 27 0 0 36 45 0 0 0 40 1
3 0 4 12 0 0 0 0 0 0 0 0 0 0 0 0 0 0 0 0 0 0 0 0 0 0 0 14 0 2 0 44 0 0 25 36 0 0 0 32 0
3 0 10 8 0 0 0 0 0 0 0 0 0 0 0 0 0 0 0 0 0 0 0 0 0 0 0 10 0 1 0 43 0 0 21 32 0 0 0 34 0
1 0 10 8 0 0 0 0 0 0 0 0 0 0 0 0 0 0 0 0 0 0 0 0 0 0 0 7 0 1 0 33 0 0 29 38 0 0 0 31 1
3 0 10 8 0 0 0 0 0 0 0 0 0 0 0 0 0 0 0 0 0 0 0 0 0 0 0 10 0 2 0 44 0 0 23 34 0 0 0 34 0
0 0 39 0 0 0 0 0 0 0 0 0 0 0 0 0 0 0 0 0 0 0 11 28 0 0 0 0 0 0 0 16 0 0 48 46 0 0 0 70 4
0 0 41 0 0 0 0 0 0 0 0 0 0 0 0 0 0 0 0 0 0 0 11 27 0 0 0 0 0 0 0 14 0 0 51 48 0 0 0 70 4
0 0 29 0 0 0 0 0 0 0 0 0 0 0 0 0 0 0 0 0 0 0 5 19 0 0 0 0 0 0 0 19 0 0 59 58 0 0 0 70 2
2 0 9 8 0 0 0 0 0 0 0 0 0 0 0 0 0 0 0 0 0 0 0 0 0 0 0 8 0 1 0 37 0 0 23 34 0 0 0 28 0
0 0 41 0 0 0 0 0 0 0 0 0 0 0 0 0 0 0 0 0 0 0 14 31 0 0 0 0 0 0 0 12 0 0 43 38 0 0 0 68 5
0 0 10 5 0 0 0 0 0 0 0 0 0 0 0 0 0 0 0 0 0 0 0 0 0 0 0 5 0 1 0 28 0 0 34 41 0 0 0 38 0
23 0 0 13 4 0 0 0 0 0 0 0 0 0 0 0 0 0 0 0 0 0 9 0 0 0 0 16 0 0 0 63 0 0 40 57 0 0 0 39 0
0 0 11 6 0 0 0 0 0 0 0 0 0 0 0 0 0 0 0 0 0 0 0 0 0 0 0 7 0 1 0 39 0 0 27 36 0 0 0 35 0
2 0 16 2 0 0 0 0 0 0 0 0 0 0 0 0 0 0 0 0 0 0 0 6 0 0 0 0 0 0 0 20 0 0 57 60 0 0 0 59 2
18 0 0 11 2 0 0 0 0 0 0 0 0 0 0 0 0 0 0 0 0 0 8 0 0 0 0 15 0 1 0 59 0 0 34 49 0 0 0 40 0
1 0 10 8 0 0 0 0 0 0 0 0 0 0 0 0 0 0 0 0 0 0 0 0 0 0 0 7 0 1 0 32 0 0 27 37 0 0 0 29 1
0 0 42 0 0 0 0 0 0 0 0 0 0 0 0 0 0 0 0 0 0 0 16 33 0 0 0 0 0 0 0 10 0 0 35 29 0 0 0 63 5
0 0 31 0 0 0 0 0 0 0 0 0 0 0 0 0 0 0 0 0 0 0 7 20 0 0 0 0 0 0 0 19 0 0 56 55 0 0 0 69 2
2 0 8 8 0 0 0 0 0 0 0 0 0 0 0 0 0 0 0 0 0 0 0 0 0 0 0 11 0 1 0 43 0 0 22 33 0 0 0 34 0
20 0 0 12 3 0 0 0 0 0 0 0 0 0 0 0 0 0 0 0 0 0 9 0 0 0 1 16 0 1 0 61 0 0 37 53 0 0 0 40 0
2 0 13 2 0 0 0 0 0 0 0 0 0 0 0 0 0 0 0 0 0 0 0 4 0 0 0 0 0 0 0 21 0 0 53 56 0 0 0 54 1
1 0 10 7 0 0 0 0 0 0 0 0 0 0 0 0 0 0 0 0 0 0 0 0 0 0 0 8 0 1 0 38 0 0 25 35 0 0 0 31 0
2 0 4 9 0 0 0 0 0 0 0 0 0 0 0 0 0 0 0 0 0 0 0 0 0 0 0 12 0 2 0 47 0 0 25 35 0 0 0 35 0
3 0 3 8 0 0 0 0 0 0 0 0 0 0 0 0 0 0 0 0 0 0 2 0 0 0 0 14 0 2 0 50 0 0 23 33 0 0 0 38 0
18 0 58 0 0 0 0 0 0 0 0 0 0 0 0 0 0 0 0 0 0 0 18 46 0 0 0 0 0 0 0 0 0 0 0 0 0 0 0 42 12
2 0 22 0 0 0 0 0 0 0 0 0 0 0 0 0 0 0 0 0 0 0 0 13 0 0 0 0 0 0 0 20 0 0 60 62 0 0 0 66 2
2 0 12 2 0 0 0 0 0 0 0 0 0 0 0 0 0 0 0 0 0 0 0 4 0 0 0 0 0 0 0 23 0 0 50 55 0 0 0 51 1
2 0 18 1 0 0 0 0 0 0 0 0 0 0 0 0 0 0 0 0 0 0 0 8 0 0 0 0 0 0 0 19 0 0 60 62 0 0 0 61 2
1 0 28 0 0 0 0 0 0 0 0 0 0 0 0 0 0 0 0 0 0 0 6 18 0 0 0 0 0 0 0 18 0 0 57 57 0 0 0 68 2
2 0 5 6 0 0 0 0 0 0 0 0 0 0 0 0 0 0 0 0 0 0 1 0 0 0 0 12 0 2 0 46 0 0 21 31 0 0 0 37 0
0 0 23 0 0 0 0 0 0 0 0 0 0 0 0 0 0 0 0 0 0 0 0 14 0 0 0 0 0 0 0 18 0 0 60 60 0 0 0 65 2
0 0 29 0 0 0 0 0 0 0 0 0 0 0 0 0 0 0 0 0 0 0 5 18 0 0 0 0 0 0 0 19 0 0 59 58 0 0 0 71 2
20 0 0 13 4 0 0 0 0 0 0 0 0 0 0 0 0 0 0 0 0 0 10 0 0 0 1 18 0 0 0 64 0 0 42 57 0 0 0 42 0
6 0 47 0 0 0 0 0 0 0 0 0 0 0 0 0 0 0 0 0 0 0 19 42 0 0 0 0 0 0 0 0 0 0 5 0 0 0 0 48 8
0 0 37 0 0 0 0 0 0 0 0 0 0 0 0 0 0 0 0 0 0 0 9 25 0 0 0 0 1 0 0 13 0 0 52 48 0 0 0 67 4
0 0 12 7 0 0 0 0 0 0 0 0 0 0 0 0 0 0 0 0 0 0 0 0 0 0 0 7 0 1 0 37 0 0 25 34 0 0 0 32 0
1 0 10 7 0 0 0 0 0 0 0 0 0 0 0 0 0 0 0 0 0 0 0 0 0 0 0 6 0 0 0 31 0 0 32 40 0 0 0 34 2
12 0 0 10 0 0 0 0 0 0 0 0 0 0 0 0 0 0 0 0 0 0 4 0 0 0 0 16 0 1 0 55 0 0 32 44 0 0 0 42 0
0 0 30 0 0 0 0 0 0 0 0 0 0 0 0 0 0 0 0 0 0 0 5 19 0 0 0 0 0 0 0 17 0 0 57 56 0 0 0 68 2
0 0 19 0 0 0 0 0 0 0 0 0 0 0 0 0 0 0 0 0 0 0 0 10 0 0 0 0 0 0 0 18 0 0 59 60 0 0 0 62 3
2 0 11 7 0 0 0 0 0 0 0 0 0 0 0 0 0 0 0 0 0 0 0 0 0 0 0 6 0 1 0 33 0 0 31 40 0 0 0 34 1
0 0 28 0 0 0 0 0 0 0 0 0 0 0 0 0 0 0 0 0 0 0 5 19 0 0 0 0 0 0 0 17 0 0 56 55 0 0 0 67 3
1 0 13 3 0 0 0 0 0 0 0 0 0 0 0 0 0 0 0 0 0 0 0 3 0 0 0 0 0 0 0 24 0 0 51 55 0 0 0 52 2
3 0 4 11 0 0 0 0 0 0 0 0 0 0 0 0 0 0 0 0 0 0 0 0 0 0 0 14 0 2 0 47 0 0 24 35 0 0 0 36 0
1 0 10 6 0 0 0 0 0 0 0 0 0 0 0 0 0 0 0 0 0 0 0 0 0 0 0 4 0 0 0 27 0 0 37 45 0 0 0 38 2
28 0 2 10 4 0 0 0 0 0 0 0 0 0 0 0 0 0 0 0 0 0 12 0 0 0 0 15 0 0 0 65 0 0 35 52 0 0 0 39 0
6 0 1 12 0 0 0 0 0 0 0 0 0 0 0 0 0 0 0 0 0 0 0 0 0 0 0 15 0 2 0 53 0 0 32 43 0 0 0 42 0
2 0 10 9 0 0 0 0 0 0 0 0 0 0 0 0 0 0 0 0 0 0 0 0 0 0 0 11 0 2 0 43 0 0 23 33 0 0 0 33 0
1 0 20 0 0 0 0 0 0 0 0 0 0 0 0 0 0 0 0 0 0 0 0 10 0 0 0 0 0 0 0 19 0 0 61 61 0 0 0 64 2
0 0 41 0 0 0 0 0 0 0 0 0 0 0 0 0 0 0 0 0 0 0 14 31 0 0 0 0 0 0 0 12 0 0 40 35 0 0 0 65 4
0 0 26 0 0 0 0 0 0 0 0 0 0 0 0 0 0 0 0 0 0 0 2 16 0 0 0 0 0 0 0 16 0 0 58 57 0 0 0 67 2
1 0 23 0 0 0 0 0 0 0 0 0 0 0 0 0 0 0 0 0 0 0 2 14 0 0 0 0 0 0 0 19 0 0 58 59 0 0 0 65 2
36 0 3 11 8 0 0 0 0 0 0 2 0 0 0 0 0 0 0 0 0 0 15 0 0 0 0 15 0 0 0 71 0 0 37 59 0 0 0 37 0
6 0 0 10 0 0 0 0 0 0 0 0 0 0 0 0 0 0 0 0 0 0 1 0 0 0 0 15 0 2 0 53 0 0 31 42 0 0 0 44 0
0 0 34 0 0 0 0 0 0 0 0 0 0 0 0 0 0 0 0 0 0 0 8 23 0 0 0 0 0 0 0 18 0 0 57 55 0 0 0 72 2
13 0 55 0 0 0 0 0 0 0 0 0 0 0 0 0 0 0 0 0 0 0 19 45 0 0 0 0 0 0 0 0 0 0 0 0 0 0 0 43 12
