45 0 52 0 0 1 0 0 0 0 0 0 0 0 0 0 0 0 0 9 0 0 3 0 0 0 0 1 0 0 0 65 1 0 0 20 0 33 1 0 7
0 0 0 13 0 1 0 0 0 8 0 0 0 0 0 0 2 0 0 0 0 0 0 0 0 0 0 0 0 0 0 0 0 0 69 31 0 0 0 80 0
0 0 0 13 0 1 0 0 0 9 0 0 0 0 0 0 3 0 0 0 0 0 0 0 0 0 0 0 0 0 0 0 0 0 70 29 0 0 0 81 0
24 0 34 0 0 0 0 0 0 0 0 0 0 0 0 0 0 0 0 5 0 0 3 0 0 0 0 1 0 0 0 47 2 0 8 38 0 20 0 12 0
59 0 62 0 0 0 0 0 0 0 0 0 0 0 0 0 0 0 0 8 0 0 1 0 0 0 5 0 0 0 0 71 0 0 0 0 0 39 1 0 15
0 0 0 12 0 1 0 0 0 8 0 0 0 0 0 0 2 0 0 0 0 0 0 0 0 0 0 0 0 0 0 0 0 0 66 32 0 0 0 77 0
0 0 0 14 0 0 0 0 0 10 0 0 0 0 0 0 2 0 0 0 0 0 0 0 0 0 0 0 1 0 0 0 0 0 71 29 0 0 0 82 0
40 0 49 0 0 1 0 0 0 0 0 0 0 0 0 0 0 0 0 9 0 0 4 0 0 0 0 1 0 0 0 63 2 0 0 27 0 31 1 0 5
0 0 0 12 0 1 0 0 0 8 0 0 0 0 0 0 2 0 0 0 0 0 0 0 0 0 0 0 0 0 0 0 0 0 66 33 0 0 0 78 0
0 0 0 13 0 1 0 0 0 9 0 0 0 0 0 0 2 0 0 0 0 0 0 0 0 0 0 0 0 0 0 0 0 0 69 29 0 0 0 78 0
0 0 0 14 0 0 0 0 0 10 0 0 0 0 0 0 2 0 0 0 0 0 0 0 0 0 0 0 0 0 0 0 0 0 71 28 0 0 0 81 0
58 0 61 0 0 0 0 0 0 0 0 0 0 0 0 0 0 0 0 7 0 0 1 0 0 0 5 0 0 0 0 70 0 0 0 0 0 38 1 0 15
0 0 0 10 0 0 0 0 0 7 0 0 0 0 0 0 1 0 0 0 0 0 0 0 0 0 0 0 0 0 0 0 0 0 64 38 0 0 0 78 0
62 0 64 0 0 0 0 0 0 0 0 0 0 0 0 0 0 0 0 4 0 0 0 0 0 0 7 0 0 0 0 73 0 0 0 0 0 40 1 0 18
0 0 0 17 0 1 0 0 0 10 0 0 0 0 1 0 1 0 0 0 0 0 0 0 0 0 0 0 1 0 0 0 0 0 74 23 0 0 0 77 0
15 0 25 0 0 0 0 0 0 0 0 0 0 0 0 0 0 0 0 2 0 0 2 0 0 0 0 1 0 0 0 37 1 0 23 43 0 13 0 31 0
5 0 12 0 0 0 0 0 0 0 0 0 0 0 0 0 0 0 0 1 0 0 2 0 0 0 0 0 0 0 0 22 0 0 35 46 0 6 0 46 0
0 0 0 13 0 0 0 0 0 9 0 0 0 0 0 0 2 0 0 0 0 0 0 0 0 0 0 0 0 0 0 0 0 0 70 29 0 0 0 80 0
62 0 65 0 0 0 0 0 0 0 0 0 0 0 0 0 0 0 0 7 0 0 2 0 0 0 5 0 0 0 0 74 0 0 0 0 0 41 2 0 16
0 0 0 14 0 0 0 0 0 10 0 0 0 0 0 0 3 0 0 0 0 0 0 0 0 0 0 0 1 0 0 0 0 0 72 27 0 0 0 82 0
0 0 0 12 0 0 0 0 0 9 0 0 0 0 0 0 2 0 0 0 0 0 0 0 0 0 0 0 0 0 0 0 0 0 68 32 0 0 0 81 0
0 0 0 15 0 0 0 0 0 10 0 0 0 0 0 0 2 0 0 0 0 0 0 0 0 0 0 0 1 0 0 0 0 0 74 25 0 0 0 82 0
0 0 0 3 0 0 0 0 0 3 0 0 1 0 0 0 0 0 0 0 0 0 0 0 0 0 0 0 0 0 0 0 0 0 49 45 0 0 0 65 0
0 0 0 15 0 0 0 0 0 10 0 0 0 0 0 0 3 0 0 0 0 0 0 0 0 0 0 0 1 0 0 0 0 0 74 27 0 0 0 83 0
10 0 17 0 0 0 0 0 0 0 0 0 0 0 0 0 0 0 0 2 0 0 2 0 0 0 0 1 0 0 0 27 0 0 31 46 0 9 0 42 0
0 0 0 10 0 0 0 0 0 7 0 0 0 0 0 0 1 0 0 0 0 0 0 0 0 0 0 0 0 0 0 0 0 1 63 37 0 0 0 79 0
0 0 0 15 0 1 0 0 0 10 0 0 0 0 0 0 2 0 0 0 0 0 0 0 0 0 0 0 1 0 0 0 0 0 73 26 0 0 0 82 0
16 0 26 0 0 0 0 0 0 0 0 0 0 0 0 0 0 0 0 3 0 0 2 0 0 0 0 0 0 0 0 39 1 0 23 45 0 14 0 30 0
0 0 0 8 0 0 0 0 0 6 0 0 0 0 0 0 1 0 0 0 0 0 0 0 0 0 0 0 0 0 0 0 0 1 59 40 0 0 0 75 0
0 0 0 15 0 1 0 0 0 10 0 0 0 0 0 0 2 0 0 0 0 0 0 0 0 0 0 0 1 0 0 0 0 0 73 26 0 0 0 80 0
0 0 1 1 0 0 0 0 0 1 0 0 1 0 0 0 0 0 0 0 0 0 1 0 0 0 0 0 0 0 0 8 0 0 43 45 0 0 0 58 0
0 0 0 7 0 0 0 0 0 6 0 0 0 0 0 0 0 0 0 0 0 0 0 0 0 0 0 0 0 0 0 0 0 0 58 43 0 0 0 74 0
65 0 67 0 0 0 0 0 0 0 0 0 0 0 0 0 0 0 0 3 0 0 0 0 0 0 8 0 0 0 0 76 0 0 0 0 0 41 0 0 20
51 0 57 0 0 1 0 0 0 0 0 0 0 0 0 0 0 0 0 10 0 0 3 0 0 0 1 1 0 0 0 71 1 0 0 17 0 37 1 0 9
0 0 0 5 0 0 0 0 0 4 0 0 1 0 0 0 0 0 0 0 0 0 0 0 0 0 0 0 0 0 0 0 0 0 54 42 0 0 0 71 0
61 0 64 0 0 0 0 0 0 0 0 0 0 0 0 0 0 0 0 7 0 0 1 0 0 0 5 0 0 0 0 73 0 0 0 0 0 40 2 0 16
61 0 64 0 0 0 0 0 0 0 0 0 0 0 0 0 0 0 0 8 0 0 2 0 0 0 5 0 0 0 0 73 0 0 0 0 0 40 2 0 16
50 0 57 0 0 1 0 0 0 0 0 0 0 0 0 0 0 0 0 11 0 0 3 0 0 0 1 2 0 0 0 70 1 0 0 19 0 37 1 0 8
56 0 60 0 0 1 0 0 0 0 0 0 0 0 0 0 0 0 0 9 0 0 2 0 0 0 2 1 0 0 0 72 0 0 0 6 0 39 2 0 11
64 0 66 0 0 0 0 0 0 0 0 0 0 0 0 0 0 0 0 3 0 0 0 0 0 0 8 0 0 0 0 75 0 0 0 0 0 41 0 0 20
44 0 51 0 0 1 0 0 0 0 0 0 0 0 0 0 0 0 0 9 0 0 4 0 0 0 0 1 0 0 0 65 1 0 0 27 0 33 1 0 6
0 0 0 10 0 0 0 0 0 7 0 0 0 0 0 0 1 0 0 0 0 0 0 0 0 0 0 0 0 0 0 0 0 1 63 37 0 0 0 78 0
0 0 0 11 0 1 0 0 0 8 0 0 0 0 0 0 1 0 0 0 0 0 0 0 0 0 0 0 0 0 0 0 0 0 64 35 0 0 0 77 0
42 0 50 0 0 1 0 0 0 0 0 0 0 0 0 0 0 0 0 9 0 0 4 0 0 0 0 2 0 0 0 65 2 0 0 35 0 32 1 0 4
44 0 52 0 0 1 0 0 0 0 0 0 0 0 0 0 0 0 0 9 0 0 4 0 0 0 0 1 0 0 0 66 2 0 0 27 0 33 1 0 6
60 0 63 0 0 0 0 0 0 0 0 0 0 0 0 0 0 0 0 7 0 0 2 0 0 0 5 0 0 0 0 72 0 0 0 0 0 40 2 0 15
59 0 62 0 0 0 0 0 0 0 0 0 0 0 0 0 0 0 0 9 0 0 2 0 0 0 4 0 0 0 0 71 0 0 0 0 0 39 2 0 15
0 0 0 16 0 0 0 0 0 11 0 0 0 0 0 0 2 0 0 0 0 0 0 0 0 0 0 0 1 0 0 0 0 0 74 25 0 0 0 82 0
0 0 0 11 0 0 0 0 0 8 0 0 0 0 0 0 2 0 0 0 0 0 0 0 0 0 0 0 0 0 0 0 0 0 65 34 0 0 0 77 0
56 0 60 0 0 1 0 0 0 0 0 0 0 0 0 0 0 0 0 10 0 0 3 0 0 0 2 2 0 0 0 73 0 0 0 12 0 39 2 0 11
28 0 38 0 0 1 0 0 0 0 0 0 0 0 0 0 0 0 0 6 0 0 4 0 0 0 0 0 0 0 0 53 2 0 3 38 0 23 0 6 0
0 0 0 5 0 0 0 0 0 4 0 0 1 0 0 0 0 0 0 0 0 0 0 0 0 0 0 0 0 0 0 0 0 0 52 44 0 0 0 69 0
0 0 0 16 0 1 0 0 0 10 0 0 0 0 0 0 2 0 0 0 0 0 0 0 0 0 0 0 1 0 0 0 0 0 75 25 0 0 0 82 0
0 0 0 4 0 0 0 0 0 3 0 0 0 0 0 0 0 0 0 0 0 0 0 0 0 0 0 0 0 0 0 0 0 0 48 46 0 0 0 64 0
0 0 0 14 0 0 0 0 0 10 0 0 0 0 0 0 2 0 0 0 0 0 0 0 0 0 0 0 1 0 0 0 0 0 72 28 0 0 0 82 0
59 0 63 0 0 0 0 0 0 0 0 0 0 0 0 0 0 0 0 9 0 0 2 0 0 0 4 1 0 0 0 73 0 0 0 0 0 40 2 0 14
0 0 0 14 0 0 0 0 0 9 0 0 0 0 0 0 3 0 0 0 0 0 0 0 0 0 0 0 0 0 0 0 0 0 71 28 0 0 0 81 0
59 0 62 0 0 0 0 0 0 0 0 0 0 0 0 0 0 0 0 7 0 0 1 0 0 0 5 0 0 0 0 71 0 0 0 0 0 38 1 0 15
61 0 63 0 0 0 0 0 0 0 0 0 0 0 0 0 0 0 0 5 0 0 0 0 0 0 6 0 0 0 0 72 0 0 0 0 0 39 1 0 17
0 0 0 5 0 0 0 0 0 4 0 0 1 0 0 0 0 0 0 0 0 0 0 0 0 0 0 0 0 0 0 0 0 0 53 47 0 0 0 70 0
0 0 0 9 0 0 0 0 0 7 0 0 0 0 0 0 1 0 0 0 0 0 0 0 0 0 0 0 0 0 0 0 0 1 63 39 0 0 0 79 0
50 0 56 0 0 1 0 0 0 0 0 0 0 0 0 0 0 0 0 10 0 0 3 0 0 0 1 1 0 0 0 68 1 0 0 17 0 36 1 0 9
0 0 4 1 0 0 0 0 0 1 0 0 0 0 0 0 0 0 0 0 0 0 1 0 0 0 0 0 0 0 0 11 0 0 42 47 0 0 0 55 0
45 0 52 0 0 1 0 0 0 0 0 0 0 0 0 0 0 0 0 9 0 0 3 0 0 0 0 1 0 0 0 66 1 0 0 23 0 34 1 0 7
18 0 29 0 0 0 0 0 0 0 0 0 0 0 0 0 0 0 0 2 0 0 2 0 0 0 0 0 0 0 0 41 1 0 22 44 0 15 0 30 0
0 0 0 17 0 1 0 0 0 11 0 0 0 0 1 0 1 0 0 0 0 0 0 0 0 0 0 0 1 0 0 0 0 0 75 23 0 0 0 79 0
53 0 58 0 0 1 0 0 0 0 0 0 0 0 0 0 0 0 0 9 0 0 3 0 0 0 2 1 0 0 0 70 0 0 0 11 0 37 1 0 10
0 0 0 3 0 0 0 0 0 2 0 0 1 0 0 0 0 0 0 0 0 0 0 0 0 0 0 0 0 0 0 1 0 0 47 48 0 0 0 64 0
0 0 0 4 0 0 0 0 0 3 0 0 1 0 0 0 0 0 0 0 0 0 0 0 0 0 0 0 0 0 0 0 0 0 49 48 0 0 0 65 0
41 0 49 0 0 1 0 0 0 0 0 0 0 0 0 0 0 0 0 9 0 0 3 0 0 0 0 2 0 0 0 63 2 0 0 30 0 32 1 0 5
0 0 0 13 0 1 0 0 0 9 0 0 0 0 0 0 2 0 0 0 0 0 0 0 0 0 0 0 0 0 0 0 0 0 68 29 0 0 0 78 0
0 0 0 14 0 1 0 0 0 10 0 0 0 0 0 0 3 0 0 0 0 0 0 0 0 0 0 0 0 0 0 0 0 0 71 27 0 0 0 81 0
62 0 64 0 0 0 0 0 0 0 0 0 0 0 0 0 0 0 0 8 0 0 1 0 0 0 5 0 0 0 0 73 0 0 0 0 0 41 2 0 16
0 0 0 10 0 0 0 0 0 7 0 0 0 0 0 0 1 0 0 0 0 0 0 0 0 0 0 0 0 0 0 0 0 0 61 39 0 0 0 75 0
0 0 0 15 0 1 0 0 0 10 0 0 0 0 0 0 3 0 0 0 0 0 0 0 0 0 0 0 1 0 0 0 0 0 72 26 0 0 0 82 0
33 0 42 0 0 1 0 0 0 0 0 0 0 0 0 0 0 0 0 7 0 0 4 0 0 0 0 1 0 0 0 56 2 0 0 36 0 26 0 0 1
0 0 0 4 0 0 0 0 0 3 0 0 1 0 0 0 0 0 0 0 0 0 0 0 0 0 0 0 0 0 0 0 0 0 52 48 0 0 0 68 0
54 0 58 0 0 0 0 0 0 0 0 0 0 0 0 0 0 0 0 6 0 0 1 0 0 0 3 0 0 0 0 69 0 0 0 0 0 36 1 0 13
8 0 16 0 0 0 0 0 0 0 0 0 0 0 0 0 0 0 0 1 0 0 2 0 0 0 0 0 0 0 0 27 0 0 31 45 0 8 0 42 0
2 0 9 0 0 0 0 0 0 0 0 0 0 0 0 0 0 0 0 0 0 0 1 0 0 0 0 1 0 0 0 17 0 0 39 52 0 4 0 54 0
60 0 62 0 0 0 0 0 0 0 0 0 0 0 0 0 0 0 0 6 0 0 1 0 0 0 5 0 0 0 0 71 0 0 0 0 0 39 1 0 16
56 0 60 0 0 1 0 0 0 0 0 0 0 0 0 0 0 0 0 9 0 0 3 0 0 0 2 1 0 0 0 72 0 0 0 5 0 39 2 0 12
0 0 0 15 0 1 0 0 0 10 0 0 0 0 0 0 2 0 0 0 0 0 0 0 0 0 0 0 1 0 0 0 0 0 72 26 0 0 0 81 0
64 0 66 0 0 0 0 0 0 0 0 0 0 0 0 0 0 0 0 4 0 0 0 0 0 0 7 0 0 0 0 75 0 0 0 0 0 41 0 0 19
0 0 0 2 0 0 0 0 0 2 0 0 1 0 0 0 0 0 0 0 0 0 1 0 0 0 0 0 0 0 0 5 0 0 45 45 0 0 0 59 0
6 0 14 0 0 0 0 0 0 0 0 0 0 0 0 0 0 0 0 1 0 0 2 0 0 0 0 0 0 0 0 23 0 0 34 45 0 6 0 44 0
60 0 63 0 0 0 0 0 0 0 0 0 0 0 0 0 0 0 0 9 0 0 2 0 0 0 4 1 0 0 0 73 0 0 0 0 0 40 2 0 14
43 0 50 0 0 1 0 0 0 0 0 0 0 0 0 0 0 0 0 9 0 0 3 0 0 0 0 2 0 0 0 63 1 0 0 28 0 32 1 0 5
0 0 3 1 0 0 0 0 0 1 0 0 1 0 0 0 0 0 0 0 0 0 1 0 0 0 0 0 0 0 0 11 0 0 44 49 0 0 0 59 0
0 0 0 14 0 0 0 0 0 10 0 0 0 0 0 0 3 0 0 0 0 0 0 0 0 0 0 0 0 0 0 0 0 0 71 29 0 0 0 81 0
61 0 64 0 0 0 0 0 0 0 0 0 0 0 0 0 0 0 0 8 0 0 1 0 0 0 5 0 0 0 0 73 0 0 0 0 0 40 2 0 16
36 0 45 0 0 2 0 0 0 0 0 0 0 0 0 0 0 0 0 8 0 0 3 0 0 0 0 1 0 0 0 60 2 0 0 35 0 29 0 0 3
63 0 66 0 0 0 0 0 0 0 0 0 0 0 0 0 0 0 0 3 0 0 0 0 0 0 7 0 0 0 0 75 0 0 0 0 0 41 0 0 19
60 0 62 0 0 0 0 0 0 0 0 0 0 0 0 0 0 0 0 5 0 0 1 0 0 0 6 0 0 0 0 71 0 0 0 0 0 39 1 0 16
0 0 0 14 0 0 0 0 0 10 0 0 0 0 0 0 3 0 0 0 0 0 0 0 0 0 0 0 1 0 0 0 0 0 73 27 0 0 0 83 0
54 0 59 0 0 1 0 0 0 0 0 0 0 0 0 0 0 0 0 9 0 0 3 0 0 0 2 1 0 0 0 71 0 0 0 11 0 38 1 0 10
0 0 6 0 0 0 0 0 0 0 0 0 0 0 0 0 0 0 0 0 0 0 1 0 0 0 0 1 0 0 0 14 0 0 41 51 0 2 0 55 0
0 0 0 5 0 0 0 0 0 4 0 0 1 0 0 0 0 0 0 0 0 0 0 0 0 0 0 0 0 0 0 0 0 0 54 46 0 0 0 72 0
0 0 0 12 0 0 0 0 0 9 0 0 0 0 0 0 2 0 0 0 0 0 0 0 0 0 0 0 0 0 0 0 0 0 67 33 0 0 0 79 0
0 0 0 14 0 1 0 0 0 9 0 0 0 0 0 0 2 0 0 0 0 0 0 0 0 0 0 0 0 0 0 0 0 0 71 27 0 0 0 81 0
12 0 21 0 0 0 0 0 0 0 0 0 0 0 0 0 0 0 0 2 0 0 2 0 0 0 0 0 0 0 0 33 1 0 28 46 0 11 0 36 0
0 0 0 14 0 1 0 0 0 10 0 0 0 0 0 0 2 0 0 0 0 0 0 0 0 0 0 0 0 0 0 0 0 0 71 29 0 0 0 81 0
12 0 22 0 0 0 0 0 0 0 0 0 0 0 0 0 0 0 0 2 0 0 2 0 0 0 0 1 0 0 0 34 0 0 29 47 0 11 0 40 0
46 0 53 0 0 0 0 0 0 0 0 0 0 0 0 0 0 0 0 9 0 0 4 0 0 0 0 2 0 0 0 66 1 0 0 23 0 34 1 0 6
58 0 61 0 0 0 0 0 0 0 0 0 0 0 0 0 0 0 0 8 0 0 2 0 0 0 4 0 0 0 0 70 0 0 0 0 0 38 2 0 14
51 0 57 0 0 1 0 0 0 0 0 0 0 0 0 0 0 0 0 9 0 0 3 0 0 0 1 1 0 0 0 69 0 0 0 12 0 37 1 0 10
0 0 5 0 0 0 0 0 0 1 0 0 1 0 0 0 0 0 0 0 0 0 1 0 0 0 0 0 0 0 0 14 0 0 43 47 0 0 0 57 0
46 0 52 0 0 1 0 0 0 0 0 0 0 0 0 0 0 0 0 9 0 0 4 0 0 0 0 2 0 0 0 65 1 0 0 24 0 34 1 0 7
0 0 0 10 0 0 0 0 0 7 0 0 0 0 0 0 1 0 0 0 0 0 0 0 0 0 0 0 0 0 0 0 0 0 63 37 0 0 0 77 0
0 0 0 9 0 0 0 0 0 6 0 0 0 0 0 0 1 0 0 0 0 0 0 0 0 0 0 0 0 0 0 0 0 0 62 40 0 0 0 77 0
0 0 0 7 0 0 0 0 0 6 0 0 0 0 0 0 0 0 0 0 0 0 0 0 0 0 0 0 0 0 0 0 0 0 58 43 0 0 0 75 0
0 0 0 6 0 0 0 0 0 4 0 0 1 0 0 0 0 0 0 0 0 0 0 0 0 0 0 0 0 0 0 0 0 0 55 44 0 0 0 72 0
0 0 0 7 0 0 0 0 0 5 0 0 1 0 0 0 0 0 0 0 0 0 0 0 0 0 0 0 0 1 0 0 0 0 57 46 0 0 0 75 0
0 0 0 11 0 0 0 0 0 8 0 0 0 0 0 0 1 0 0 0 0 0 0 0 0 0 0 0 0 0 0 0 0 0 65 34 0 0 0 78 0
49 0 55 0 0 1 0 0 0 0 0 0 0 0 0 0 0 0 0 9 0 0 3 0 0 0 0 1 0 0 0 68 0 0 0 20 0 35 1 0 8
0 0 0 6 0 0 0 0 0 5 0 0 1 0 0 0 0 0 0 0 0 0 0 0 0 0 0 0 0 0 0 0 0 0 56 49 0 0 0 75 0
0 0 0 7 0 0 0 0 0 5 0 0 1 0 0 0 1 0 0 0 0 0 0 0 0 0 0 0 0 0 0 0 0 0 57 42 0 0 0 73 0
0 0 0 12 0 1 0 0 0 8 0 0 0 0 0 0 2 0 0 0 0 0 0 0 0 0 0 0 0 0 0 0 0 0 67 31 0 0 0 76 0
0 0 0 14 0 0 0 0 0 9 0 0 0 0 0 0 2 0 0 0 0 0 0 0 0 0 0 0 0 0 0 0 0 0 71 29 0 0 0 81 0
0 0 0 10 0 0 0 0 0 7 0 0 0 0 0 0 1 0 0 0 0 0 0 0 0 0 0 0 0 0 0 0 0 1 63 36 0 0 0 78 0
0 0 3 1 0 0 0 0 0 1 0 0 1 0 0 0 0 0 0 0 0 0 1 0 0 0 0 0 0 0 0 10 0 0 43 47 0 0 0 58 0
38 0 46 0 0 1 0 0 0 0 0 0 0 0 0 0 0 0 0 8 0 0 3 0 0 0 0 1 0 0 0 59 2 0 0 27 0 29 0 0 5
62 0 64 0 0 0 0 0 0 0 0 0 0 0 0 0 0 0 0 4 0 0 0 0 0 0 6 0 0 0 0 73 0 0 0 0 0 40 1 0 18
0 0 0 15 0 0 0 0 0 10 0 0 0 0 0 0 2 0 0 0 0 0 0 0 0 0 0 0 1 0 0 0 0 0 73 26 0 0 0 82 0
51 0 57 0 0 1 0 0 0 0 0 0 0 0 0 0 0 0 0 9 0 0 3 0 0 0 1 1 0 0 0 70 1 0 0 14 0 37 1 0 9
55 0 58 0 0 0 0 0 0 0 0 0 0 0 0 0 0 0 0 9 0 0 2 0 0 0 3 1 0 0 0 68 0 0 0 0 0 38 1 0 13
63 0 66 0 0 0 0 0 0 0 0 0 0 0 0 0 0 0 0 1 0 0 0 0 0 0 9 0 0 0 0 74 0 0 0 0 0 40 0 0 21
0 0 0 10 0 0 0 0 0 7 0 0 0 0 0 0 1 0 0 0 0 0 0 0 0 0 0 0 0 0 0 0 0 0 62 38 0 0 0 77 0
58 0 61 0 0 0 0 0 0 0 0 0 0 0 0 0 0 0 0 8 0 0 2 0 0 0 4 0 0 0 0 71 0 0 0 0 0 39 1 0 14
9 0 17 0 0 0 0 0 0 0 0 0 0 0 0 0 0 0 0 2 0 0 2 0 0 0 0 0 0 0 0 28 0 0 33 48 0 8 0 43 0
0 0 0 15 0 1 0 0 0 10 0 0 0 0 0 0 2 0 0 0 0 0 0 0 0 0 0 0 1 0 0 0 0 0 73 26 0 0 0 80 0
0 0 0 3 0 0 0 0 0 3 0 0 1 0 0 0 0 0 0 0 0 0 0 0 0 0 0 0 0 0 0 0 0 0 47 46 0 0 0 62 0
0 0 0 13 0 1 0 0 0 9 0 0 0 0 0 0 2 0 0 0 0 0 0 0 0 0 0 0 0 0 0 0 0 0 68 30 0 0 0 78 0
0 0 0 9 0 0 0 0 0 7 0 0 0 0 0 0 1 0 0 0 0 0 0 0 0 0 0 0 0 0 0 0 0 0 62 42 0 0 0 79 0
0 0 0 16 0 1 0 0 0 11 0 0 0 0 1 0 2 0 0 0 0 0 0 0 0 0 0 0 1 0 0 0 0 0 75 25 0 0 0 81 0
0 0 0 10 0 0 0 0 0 7 0 0 0 0 0 0 1 0 0 0 0 0 0 0 0 0 0 0 0 0 0 0 0 0 64 38 0 0 0 78 0
32 0 41 0 0 2 0 0 0 0 0 0 0 0 0 0 0 0 0 7 0 0 3 0 0 0 0 0 0 0 0 54 3 0 0 29 0 25 0 0 3
0 0 0 14 0 1 0 0 0 10 0 0 0 0 0 0 2 0 0 0 0 0 0 0 0 0 0 0 0 0 0 0 0 0 71 27 0 0 0 80 0
6 0 15 0 0 0 0 0 0 0 0 0 0 0 0 0 0 0 0 0 0 0 2 0 0 0 0 1 0 0 0 25 0 0 34 45 0 7 0 46 0
63 0 66 0 0 0 0 0 0 0 0 0 0 0 0 0 0 0 0 3 0 0 0 0 0 0 8 0 0 0 0 75 0 0 0 0 0 41 0 0 19
55 0 58 0 0 0 0 0 0 0 0 0 0 0 0 0 0 0 0 8 0 0 2 0 0 0 3 0 0 0 0 68 0 0 0 0 0 37 1 0 13
0 0 0 4 0 0 0 0 0 3 0 0 1 0 0 0 0 0 0 0 0 0 0 0 0 0 0 0 0 0 0 0 0 0 51 49 0 0 0 68 0
16 0 25 0 0 0 0 0 0 0 0 0 0 0 0 0 0 0 0 3 0 0 3 0 0 0 0 0 0 0 0 38 1 0 20 41 0 14 0 27 0
0 0 0 11 0 1 0 0 0 8 0 0 0 0 0 0 2 0 0 0 0 0 0 0 0 0 0 0 0 0 0 0 0 0 66 34 0 0 0 77 0
42 0 51 0 0 1 0 0 0 0 0 0 0 0 0 0 0 0 0 9 0 0 4 0 0 0 0 1 0 0 0 65 2 0 0 32 0 33 1 0 4
63 0 65 0 0 0 0 0 0 0 0 0 0 0 0 0 0 0 0 2 0 0 0 0 0 0 8 0 0 0 0 75 0 0 0 0 0 40 0 0 20
0 0 0 15 0 0 0 0 0 10 0 0 0 0 0 0 2 0 0 0 0 0 0 0 0 0 0 0 1 0 0 0 0 0 73 26 0 0 0 82 0
0 0 0 2 0 0 0 0 0 2 0 0 1 0 0 0 0 0 0 0 0 0 1 0 0 0 0 0 0 1 0 5 0 0 46 46 0 0 0 62 0
62 0 64 0 0 0 0 0 0 0 0 0 0 0 0 0 0 0 0 4 0 0 0 0 0 0 7 0 0 0 0 74 0 0 0 0 0 40 1 0 18
0 0 0 11 0 0 0 0 0 8 0 0 0 0 0 0 2 0 0 0 0 0 0 0 0 0 0 0 0 0 0 0 0 0 65 35 0 0 0 78 0
14 0 24 0 0 0 0 0 0 0 0 0 0 0 0 0 0 0 0 2 0 0 3 0 0 0 0 0 0 0 0 35 1 0 21 39 0 13 0 28 0
0 0 0 11 0 1 0 0 0 8 0 0 0 0 0 0 1 0 0 0 0 0 0 0 0 0 0 0 0 1 0 0 0 0 64 34 0 0 0 76 0
44 0 51 0 0 1 0 0 0 0 0 0 0 0 0 0 0 0 0 9 0 0 4 0 0 0 0 2 0 0 0 65 2 0 0 27 0 33 1 0 5
11 0 20 0 0 0 0 0 0 0 0 0 0 0 0 0 0 0 0 2 0 0 2 0 0 0 0 0 0 0 0 30 1 0 29 43 0 10 0 38 0
63 0 65 0 0 0 0 0 0 0 0 0 0 0 0 0 0 0 0 5 0 0 1 0 0 0 6 0 0 0 0 74 0 0 0 0 0 41 1 0 18
59 0 62 0 0 0 0 0 0 0 0 0 0 0 0 0 0 0 0 6 0 0 1 0 0 0 5 0 0 0 0 72 0 0 0 0 0 39 1 0 16
0 0 0 15 0 1 0 0 0 10 0 0 0 0 0 0 3 0 0 0 0 0 0 0 0 0 0 0 1 0 0 0 0 0 73 26 0 0 0 82 0
1 0 8 0 0 0 0 0 0 0 0 0 0 0 0 0 0 0 0 0 0 0 1 0 0 0 0 0 0 0 0 17 0 0 37 47 0 3 0 49 0
59 0 62 0 0 0 0 0 0 0 0 0 0 0 0 0 0 0 0 8 0 0 2 0 0 0 4 1 0 0 0 72 0 0 0 0 0 40 2 0 14
31 0 40 0 0 1 0 0 0 0 0 0 0 0 0 0 0 0 0 7 0 0 4 0 0 0 0 1 0 0 0 53 3 0 0 33 0 25 0 0 2
49 0 55 0 0 1 0 0 0 0 0 0 0 0 0 0 0 0 0 9 0 0 3 0 0 0 1 1 0 0 0 68 1 0 0 17 0 36 1 0 9
62 0 64 0 0 0 0 0 0 0 0 0 0 0 0 0 0 0 0 8 0 0 2 0 0 0 5 0 0 0 0 73 0 0 0 0 0 41 2 0 16
61 0 64 0 0 0 0 0 0 0 0 0 0 0 0 0 0 0 0 6 0 0 1 0 0 0 6 0 0 0 0 73 0 0 0 0 0 40 1 0 17
61 0 64 0 0 0 0 0 0 0 0 0 0 0 0 0 0 0 0 7 0 0 1 0 0 0 5 0 0 0 0 73 0 0 0 0 0 40 1 0 16
55 0 60 0 0 1 0 0 0 0 0 0 0 0 0 0 0 0 0 9 0 0 3 0 0 0 2 1 0 0 0 72 0 0 0 10 0 39 2 0 11
60 0 63 0 0 0 0 0 0 0 0 0 0 0 0 0 0 0 0 8 0 0 2 0 0 0 5 0 0 0 0 72 0 0 0 0 0 40 2 0 15
57 0 60 0 0 0 0 0 0 0 0 0 0 0 0 0 0 0 0 5 0 0 0 0 0 0 5 0 0 0 0 69 0 0 0 0 0 37 1 0 15
0 0 0 16 0 0 0 0 0 10 0 0 0 0 1 0 3 0 0 0 0 0 0 0 0 0 0 0 1 0 0 0 0 0 76 25 0 0 0 84 0
24 0 35 0 0 1 0 0 0 0 0 0 0 0 0 0 0 0 0 5 0 0 4 0 0 0 0 1 0 0 0 49 3 0 9 39 0 21 0 12 0
60 0 62 0 0 0 0 0 0 0 0 0 0 0 0 0 0 0 0 7 0 0 1 0 0 0 5 0 0 0 0 72 0 0 0 0 0 39 1 0 16
0 0 0 15 0 1 0 0 0 10 0 0 0 0 0 0 2 0 0 0 0 0 0 0 0 0 0 0 1 0 0 0 0 0 73 26 0 0 0 81 0
0 0 0 11 0 0 0 0 0 8 0 0 0 0 0 0 2 0 0 0 0 0 0 0 0 0 0 0 0 0 0 0 0 0 65 34 0 0 0 77 0
0 0 0 12 0 1 0 0 0 8 0 0 0 0 0 0 2 0 0 0 0 0 0 0 0 0 0 0 0 0 0 0 0 0 67 33 0 0 0 78 0
20 0 29 0 0 0 0 0 0 0 0 0 0 0 0 0 0 0 0 4 0 0 3 0 0 0 0 0 0 0 0 41 2 0 13 40 0 17 0 18 0
0 0 0 14 0 1 0 0 0 9 0 0 0 0 0 0 2 0 0 0 0 0 0 0 0 0 0 0 0 0 0 0 0 0 71 28 0 0 0 80 0
51 0 57 0 0 1 0 0 0 0 0 0 0 0 0 0 0 0 0 9 0 0 3 0 0 0 1 1 0 0 0 70 0 0 0 13 0 37 1 0 10
0 0 0 12 0 1 0 0 0 8 0 0 0 0 0 0 1 0 0 0 0 0 0 0 0 0 0 0 0 0 0 0 0 0 66 35 0 0 0 78 0
24 0 35 0 0 1 0 0 0 0 0 0 0 0 0 0 0 0 0 5 0 0 3 0 0 0 0 1 0 0 0 47 3 0 7 36 0 21 0 8 0
53 0 57 0 0 1 0 0 0 0 0 0 0 0 0 0 0 0 0 9 0 0 2 0 0 0 2 1 0 0 0 69 0 0 0 7 0 37 1 0 11
61 0 64 0 0 0 0 0 0 0 0 0 0 0 0 0 0 0 0 6 0 0 1 0 0 0 6 0 0 0 0 73 0 0 0 0 0 40 1 0 17
0 0 0 14 0 0 0 0 0 9 0 0 0 0 0 0 2 0 0 0 0 0 0 0 0 0 0 0 0 0 0 0 0 0 71 28 0 0 0 81 0
0 0 0 4 0 0 0 0 0 3 0 0 1 0 0 0 0 0 0 0 0 0 0 0 0 0 0 0 0 0 0 0 0 0 50 47 0 0 0 67 0
0 0 0 7 0 0 0 0 0 5 0 0 1 0 0 0 0 0 0 0 0 0 0 0 0 0 0 0 0 0 0 0 0 0 57 42 0 0 0 74 0
46 0 53 0 0 1 0 0 0 0 0 0 0 0 0 0 0 0 0 10 0 0 4 0 0 0 0 2 0 0 0 68 2 0 0 25 0 35 1 0 6
44 0 51 0 0 1 0 0 0 0 0 0 0 0 0 0 0 0 0 9 0 0 3 0 0 0 0 1 0 0 0 66 1 0 0 27 0 33 1 0 6
0 0 0 13 0 1 0 0 0 9 0 0 0 0 0 0 2 0 0 0 0 0 0 0 0 0 0 0 0 0 0 0 0 0 67 31 0 0 0 79 0
0 0 0 15 0 1 0 0 0 10 0 0 0 0 0 0 2 0 0 0 0 0 0 0 0 0 0 0 1 0 0 0 0 0 74 26 0 0 0 82 0
60 0 62 0 0 0 0 0 0 0 0 0 0 0 0 0 0 0 0 5 0 0 1 0 0 0 6 0 0 0 0 71 0 0 0 0 0 39 1 0 17
0 0 0 16 0 0 0 0 0 10 0 0 0 0 0 0 2 0 0 0 0 0 0 0 0 0 0 0 1 0 0 0 0 0 75 26 0 0 0 82 0
42 0 50 0 0 1 0 0 0 0 0 0 0 0 0 0 0 0 0 7 0 0 3 0 0 0 0 1 0 0 0 63 2 0 0 25 0 31 0 0 5
0 0 0 15 0 1 0 0 0 10 0 0 0 0 0 0 2 0 0 0 0 0 0 0 0 0 0 0 1 0 0 0 0 0 74 27 0 0 0 81 0
0 0 0 17 0 1 0 0 0 10 0 0 0 0 0 0 1 0 0 0 0 0 0 0 0 0 0 0 1 0 0 0 0 0 75 23 0 0 0 80 0
66 0 69 0 0 0 0 0 0 0 0 0 0 0 0 0 0 0 0 0 0 0 0 0 0 0 11 0 0 0 0 76 0 0 0 0 0 41 0 0 24
0 0 0 10 0 0 0 0 0 7 0 0 0 0 0 0 1 0 0 0 0 0 0 0 0 0 0 0 0 0 0 0 0 0 63 38 0 0 0 77 0
0 0 0 3 0 0 0 0 0 2 0 0 1 0 0 0 0 0 0 0 0 0 0 0 0 0 0 0 0 0 0 2 0 0 46 48 0 0 0 62 0
62 0 64 0 0 0 0 0 0 0 0 0 0 0 0 0 0 0 0 6 0 0 1 0 0 0 6 0 0 0 0 73 0 0 0 0 0 40 1 0 17
0 0 0 14 0 1 0 0 0 9 0 0 0 0 0 0 2 0 0 0 0 0 0 0 0 0 0 0 1 0 0 0 0 0 71 29 0 0 0 81 0
56 0 61 0 0 0 0 0 0 0 0 0 0 0 0 0 0 0 0 10 0 0 3 0 0 0 2 2 0 0 0 73 0 0 0 11 0 40 2 0 11
58 0 62 0 0 0 0 0 0 0 0 0 0 0 0 0 0 0 0 9 0 0 2 0 0 0 4 1 0 0 0 72 0 0 0 0 0 39 2 0 13
0 0 0 15 0 1 0 0 0 10 0 0 0 0 0 0 2 0 0 0 0 0 0 0 0 0 0 0 1 0 0 0 0 0 72 26 0 0 0 80 0
59 0 63 0 0 0 0 0 0 0 0 0 0 0 0 0 0 0 0 9 0 0 2 0 0 0 4 1 0 0 0 72 0 0 0 0 0 40 2 0 14
0 0 0 14 0 0 0 0 0 9 0 0 0 0 0 0 3 0 0 0 0 0 0 0 0 0 0 0 1 0 0 0 0 0 72 28 0 0 0 82 0
0 0 0 12 0 0 0 0 0 9 0 0 0 0 0 0 2 0 0 0 0 0 0 0 0 0 0 0 0 0 0 0 0 0 68 30 0 0 0 79 0
0 0 0 12 0 1 0 0 0 8 0 0 0 0 0 0 1 0 0 0 0 0 0 0 0 0 0 0 0 0 0 0 0 0 65 33 0 0 0 75 0
0 0 0 16 0 1 0 0 0 10 0 0 0 0 0 0 2 0 0 0 0 0 0 0 0 0 0 0 1 0 0 0 0 0 74 25 0 0 0 81 0
42 0 50 0 0 1 0 0 0 0 0 0 0 0 0 0 0 0 0 9 0 0 3 0 0 0 0 1 0 0 0 63 2 0 0 22 0 32 1 0 6
0 0 0 14 0 0 0 0 0 9 0 0 0 0 0 0 2 0 0 0 0 0 0 0 0 0 0 0 1 0 0 0 0 0 71 29 0 0 0 80 0
68 0 69 0 0 0 0 0 0 0 0 0 0 0 0 0 0 0 0 2 0 0 0 0 0 0 9 0 0 0 0 78 0 0 0 0 0 43 0 0 22
0 0 0 15 0 0 0 0 0 11 0 0 0 0 0 0 2 0 0 0 0 0 0 0 0 0 0 0 1 0 0 0 0 0 73 26 0 0 0 83 0
0 0 6 0 0 0 0 0 0 1 0 0 0 0 0 0 0 0 0 0 0 0 1 0 0 0 0 0 0 0 0 16 0 0 41 49 0 2 0 54 0
0 0 0 15 0 0 0 0 0 10 0 0 0 0 0 0 3 0 0 0 0 0 0 0 0 0 0 0 1 0 0 0 0 0 75 25 0 0 0 85 0
0 0 0 5 0 0 0 0 0 4 0 0 1 0 0 0 0 0 0 0 0 0 0 0 0 0 0 0 0 1 0 0 0 0 55 47 0 0 0 73 0
19 0 29 0 0 0 0 0 0 0 0 0 0 0 0 0 0 0 0 3 0 0 3 0 0 0 0 0 0 0 0 42 2 0 16 40 0 16 0 22 0
0 0 0 14 0 1 0 0 0 10 0 0 0 0 0 0 2 0 0 0 0 0 0 0 0 0 0 0 0 0 0 0 0 0 71 28 0 0 0 81 0
22 0 31 0 0 0 0 0 0 0 0 0 0 0 0 0 0 0 0 5 0 0 3 0 0 0 0 1 0 0 0 45 1 0 15 43 0 18 0 21 0
0 0 0 13 0 1 0 0 0 9 0 0 0 0 0 0 2 0 0 0 0 0 0 0 0 0 0 0 0 0 0 0 0 0 68 31 0 0 0 78 0
0 0 0 5 0 0 0 0 0 4 0 0 1 0 0 0 0 0 0 0 0 0 0 0 0 0 0 0 0 0 0 0 0 0 54 48 0 0 0 72 0
63 0 65 0 0 0 0 0 0 0 0 0 0 0 0 0 0 0 0 4 0 0 0 0 0 0 7 0 0 0 0 74 0 0 0 0 0 40 0 0 18
0 0 0 13 0 0 0 0 0 9 0 0 0 0 0 0 2 0 0 0 0 0 0 0 0 0 0 0 0 0 0 0 0 0 69 31 0 0 0 80 0
21 0 31 0 0 0 0 0 0 0 0 0 0 0 0 0 0 0 0 5 0 0 3 0 0 0 0 1 0 0 0 44 2 0 17 43 0 18 0 21 0
0 0 0 15 0 1 0 0 0 10 0 0 0 0 0 0 2 0 0 0 0 0 0 0 0 0 0 0 1 0 0 0 0 0 73 26 0 0 0 82 0
0 0 0 7 0 0 0 0 0 5 0 0 1 0 0 0 0 0 0 0 0 0 0 0 0 0 0 0 0 1 0 0 0 0 57 44 0 0 0 75 0
27 0 37 0 0 0 0 0 0 0 0 0 0 0 0 0 0 0 0 6 0 0 3 0 0 0 0 1 0 0 0 50 2 0 5 36 0 22 0 7 0
19 0 30 0 0 0 0 0 0 0 0 0 0 0 0 0 0 0 0 3 0 0 3 0 0 0 0 0 0 0 0 43 2 0 20 42 0 16 0 25 0
60 0 63 0 0 0 0 0 0 0 0 0 0 0 0 0 0 0 0 6 0 0 1 0 0 0 5 0 0 0 0 72 0 0 0 0 0 39 1 0 16
0 0 3 1 0 0 0 0 0 1 0 0 1 0 0 0 0 0 0 0 0 0 1 0 0 0 0 0 0 0 0 11 0 0 42 46 0 0 0 57 0
0 0 0 10 0 0 0 0 0 7 0 0 0 0 0 0 1 0 0 0 0 0 0 0 0 0 0 0 0 0 0 0 0 0 62 38 0 0 0 76 0
43 0 51 0 0 2 0 0 0 0 0 0 0 0 0 0 0 0 0 9 0 0 3 0 0 0 0 1 0 0 0 65 1 0 0 23 0 33 1 0 6
0 0 0 8 0 0 0 0 0 6 0 0 0 0 0 0 0 0 0 0 0 0 0 0 0 0 0 0 0 0 0 0 0 0 59 44 0 0 0 75 0
0 0 0 14 0 1 0 0 0 9 0 0 0 0 0 0 2 0 0 0 0 0 0 0 0 0 0 0 0 0 0 0 0 0 71 29 0 0 0 81 0
0 0 3 1 0 0 0 0 0 1 0 0 1 0 0 0 0 0 0 0 0 0 1 0 0 0 0 0 0 0 0 11 0 0 41 47 0 0 0 55 0
0 0 0 7 0 0 0 0 0 5 0 0 1 0 0 0 0 0 0 0 0 0 0 0 0 0 0 0 0 0 0 0 0 0 57 44 0 0 0 75 0
54 0 59 0 0 1 0 0 0 0 0 0 0 0 0 0 0 0 0 10 0 0 2 0 0 0 2 1 0 0 0 71 0 0 0 11 0 38 2 0 10
60 0 63 0 0 0 0 0 0 0 0 0 0 0 0 0 0 0 0 8 0 0 2 0 0 0 5 0 0 0 0 72 0 0 0 0 0 40 2 0 15
63 0 65 0 0 0 0 0 0 0 0 0 0 0 0 0 0 0 0 6 0 0 1 0 0 0 6 0 0 0 0 74 0 0 0 0 0 41 1 0 17
0 0 0 16 0 1 0 0 0 11 0 0 0 0 0 0 3 0 0 0 0 0 0 0 0 0 0 0 1 0 0 0 0 0 76 24 0 0 0 83 0
39 0 47 0 0 1 0 0 0 0 0 0 0 0 0 0 0 0 0 8 0 0 3 0 0 0 0 2 0 0 0 62 1 0 0 34 0 29 0 0 3
32 0 42 0 0 1 0 0 0 0 0 0 0 0 0 0 0 0 0 7 0 0 4 0 0 0 0 1 0 0 0 56 3 0 0 36 0 26 0 0 2
64 0 66 0 0 0 0 0 0 0 0 0 0 0 0 0 0 0 0 3 0 0 0 0 0 0 8 0 0 0 0 74 0 0 0 0 0 41 0 0 20
0 0 0 13 0 1 0 0 0 9 0 0 0 0 0 0 2 0 0 0 0 0 0 0 0 0 0 0 0 0 0 0 0 0 70 30 0 0 0 80 0
0 0 0 2 0 0 0 0 0 2 0 0 0 0 0 0 0 0 0 0 0 0 1 0 0 0 0 0 0 0 0 4 0 0 44 46 0 0 0 59 0
0 0 0 14 0 0 0 0 0 10 0 0 0 0 0 0 2 0 0 0 0 0 0 0 0 0 0 0 1 0 0 0 0 0 72 28 0 0 0 83 0
47 0 54 0 0 1 0 0 0 0 0 0 0 0 0 0 0 0 0 9 0 0 3 0 0 0 0 2 0 0 0 67 1 0 0 21 0 35 1 0 7
0 0 0 15 0 1 0 0 0 10 0 0 0 0 0 0 3 0 0 0 0 0 0 0 0 0 0 0 1 0 0 0 0 0 71 27 0 0 0 80 0
0 0 0 11 0 0 0 0 0 8 0 0 0 0 0 0 1 0 0 0 0 0 0 0 0 0 0 0 0 0 0 0 0 0 65 36 0 0 0 78 0
3 0 11 0 0 0 0 0 0 0 0 0 0 0 0 0 0 0 0 0 0 0 2 0 0 0 0 0 0 0 0 21 0 0 39 47 0 5 0 50 0
39 0 47 0 0 1 0 0 0 0 0 0 0 0 0 0 0 0 0 8 0 0 4 0 0 0 0 1 0 0 0 62 2 0 0 32 0 30 0 0 3
60 0 62 0 0 0 0 0 0 0 0 0 0 0 0 0 0 0 0 6 0 0 1 0 0 0 6 0 0 0 0 71 0 0 0 0 0 39 1 0 16
61 0 63 0 0 0 0 0 0 0 0 0 0 0 0 0 0 0 0 6 0 0 1 0 0 0 6 0 0 0 0 72 0 0 0 0 0 40 1 0 17
0 0 0 10 0 0 0 0 0 7 0 0 0 0 0 0 1 0 0 0 0 0 0 0 0 0 0 0 0 0 0 0 0 0 64 38 0 0 0 79 0
7 0 15 0 0 0 0 0 0 0 0 0 0 0 0 0 0 0 0 1 0 0 2 0 0 0 0 0 0 0 0 25 0 0 33 48 0 8 0 45 0
0 0 0 13 0 1 0 0 0 9 0 0 0 0 0 0 2 0 0 0 0 0 0 0 0 0 0 0 0 0 0 0 0 0 69 30 0 0 0 79 0
0 0 0 15 0 1 0 0 0 10 0 0 0 0 0 0 2 0 0 0 0 0 0 0 0 0 0 0 1 0 0 0 0 0 72 26 0 0 0 80 0
0 0 0 10 0 0 0 0 0 7 0 0 0 0 0 0 1 0 0 0 0 0 0 0 0 0 0 0 0 0 0 0 0 0 64 39 0 0 0 78 0
62 0 64 0 0 0 0 0 0 0 0 0 0 0 0 0 0 0 0 3 0 0 0 0 0 0 7 0 0 0 0 73 0 0 0 0 0 39 0 0 19
33 0 43 0 0 1 0 0 0 0 0 0 0 0 0 0 0 0 0 7 0 0 3 0 0 0 0 1 0 0 0 56 3 0 0 29 0 26 0 0 3
