12 0 31 14 0 0 0 0 1 0 0 0 0 0 0 0 0 0 0 0 0 0 0 2 0 52 14 31 0 0 0 15 0 7 0 0 0 1 0 0 5
0 1 26 0 0 0 0 0 0 0 0 0 0 0 0 0 0 0 0 0 0 0 9 0 0 0 0 0 0 2 0 35 0 0 74 73 0 2 0 76 0
0 5 19 0 0 0 0 0 0 0 0 0 0 0 0 0 0 0 0 0 0 0 11 0 0 0 0 0 0 0 0 34 0 0 67 75 0 0 0 67 0
2 0 18 12 0 0 0 0 0 0 0 0 0 0 0 0 0 0 0 0 0 0 4 0 0 22 14 14 0 0 0 19 0 2 0 27 0 0 0 0 2
0 7 23 0 0 0 0 0 0 0 0 0 0 0 0 0 0 0 0 0 0 0 10 0 0 0 0 0 0 1 0 34 0 0 74 69 0 1 0 77 0
0 6 19 0 0 0 0 0 0 0 0 0 0 0 0 0 0 0 0 0 0 0 11 0 0 0 0 0 0 0 0 33 0 0 68 74 0 0 0 69 0
0 5 22 0 0 0 0 0 0 0 0 0 0 0 0 0 0 0 0 0 0 0 10 0 0 0 0 0 0 2 0 34 0 0 73 70 0 3 0 73 0
0 0 13 10 0 0 0 0 0 0 0 0 0 0 0 0 0 0 0 0 0 0 9 0 0 7 11 7 0 0 0 22 0 0 10 50 0 0 0 6 2
0 3 25 0 0 0 0 0 0 0 0 0 0 0 0 0 0 0 0 0 0 0 9 0 0 0 0 0 0 2 0 34 0 0 75 72 0 2 0 76 0
5 0 23 13 0 0 0 0 0 0 0 0 0 0 0 0 0 0 0 0 0 0 0 0 0 36 13 23 0 0 0 20 0 5 0 0 0 0 0 0 4
17 0 36 13 0 0 0 0 1 0 0 0 0 0 0 0 0 0 0 0 0 0 0 2 0 63 15 39 0 0 0 18 0 8 0 0 0 2 0 0 6
0 5 23 0 0 0 0 0 0 0 0 0 0 0 0 0 0 0 0 0 0 0 9 0 0 0 0 0 0 1 0 33 0 0 73 68 0 2 0 74 0
0 5 17 0 0 0 0 0 0 0 0 0 0 0 0 0 0 0 0 0 0 0 12 0 0 0 0 0 0 0 0 35 0 0 62 78 0 0 0 63 0
0 1 11 4 0 0 0 0 0 0 0 0 0 0 0 0 0 0 0 0 0 0 13 0 0 0 0 0 0 0 0 34 0 0 41 76 0 0 0 41 0
0 4 14 0 0 0 0 0 0 0 0 0 0 0 0 0 0 0 0 0 0 0 13 0 0 0 0 0 0 0 0 37 0 0 56 82 0 0 0 58 0
0 5 16 0 0 0 0 0 0 0 0 0 0 0 0 0 0 0 0 0 0 0 12 0 0 0 0 0 0 0 0 35 0 0 60 78 0 0 0 62 0
0 3 27 0 0 0 0 0 0 0 0 0 0 0 0 0 0 0 0 0 0 0 9 0 0 0 0 0 0 2 0 33 0 0 74 68 0 3 0 75 0
22 0 39 11 0 0 0 0 2 0 0 0 0 0 0 0 0 0 0 0 0 0 0 2 0 71 17 45 0 0 0 23 0 8 0 0 0 1 0 0 7
0 0 13 11 0 0 0 0 0 0 0 0 0 0 0 0 0 0 0 0 0 0 8 0 0 10 12 8 0 0 0 23 0 1 7 49 0 0 0 5 2
1 0 15 11 0 0 0 0 0 0 0 0 0 0 0 0 0 0 0 0 0 0 6 0 0 16 14 11 0 0 0 20 0 1 0 37 0 0 0 0 2
0 0 23 0 0 0 0 0 0 0 0 0 0 0 0 0 0 0 0 0 0 0 10 0 0 0 0 0 0 3 0 41 0 0 86 99 0 1 0 83 0
1 0 16 12 0 0 0 0 0 0 0 0 0 0 0 0 0 0 0 0 0 0 5 0 0 19 14 13 0 0 0 20 0 2 0 28 0 0 0 0 3
0 3 13 2 0 0 0 0 0 0 0 0 0 0 0 0 0 0 0 0 0 0 12 0 0 0 0 0 0 0 0 35 0 0 46 81 0 0 0 49 0
0 4 26 0 0 0 0 0 0 0 0 0 0 0 0 0 0 0 0 0 0 0 9 0 0 0 0 0 0 2 0 34 0 0 75 69 0 2 0 76 0
18 0 35 12 0 0 0 0 1 0 0 0 0 0 0 0 0 0 0 0 0 0 0 2 0 64 15 40 0 0 0 19 0 8 0 0 0 2 0 0 6
0 0 15 11 0 0 0 0 0 0 0 0 0 0 0 0 0 0 0 0 0 0 6 0 0 15 13 11 0 0 0 20 0 1 0 35 0 0 0 0 3
0 3 26 0 0 0 0 0 0 0 0 0 0 0 0 0 0 0 0 0 0 0 9 0 0 0 0 0 0 2 0 34 0 0 76 71 0 2 0 77 0
38 0 12 5 0 0 0 0 1 0 0 0 0 0 0 0 0 0 0 0 0 0 0 1 0 50 19 35 0 0 0 28 0 1 0 0 0 0 0 0 4
0 0 25 0 0 0 0 0 0 0 0 0 0 0 0 0 0 0 0 0 0 0 9 0 0 0 0 0 0 3 0 36 0 0 79 83 0 2 0 78 0
0 6 20 0 0 0 0 0 0 0 0 0 0 0 0 0 0 0 0 0 0 0 12 0 0 0 0 0 0 1 0 34 0 0 69 75 0 0 0 69 0
2 0 18 11 0 0 0 0 0 0 0 0 0 0 0 0 0 0 0 0 0 0 3 0 0 23 12 15 0 0 0 21 0 2 0 16 0 0 0 0 2
0 0 12 8 0 0 0 0 0 0 0 0 0 0 0 0 0 0 0 0 0 0 10 0 0 1 8 4 0 0 0 26 0 0 19 58 0 0 0 16 1
0 4 18 0 0 0 0 0 0 0 0 0 0 0 0 0 0 0 0 0 0 0 12 0 0 0 0 0 0 0 0 35 0 0 65 76 0 0 0 65 0
18 0 35 12 0 0 0 0 1 0 0 0 0 0 0 0 0 0 0 0 0 0 0 2 0 61 16 38 0 0 0 19 0 7 0 0 0 2 0 0 6
0 0 25 0 0 0 0 0 0 0 0 0 0 0 0 0 0 0 0 0 0 0 9 0 0 0 0 0 0 3 0 37 0 0 80 82 0 2 0 79 0
0 1 27 0 0 0 0 0 0 0 0 0 0 0 0 0 0 0 0 0 0 0 9 0 0 0 0 0 0 2 0 34 0 0 75 74 0 2 0 76 0
0 0 14 11 0 0 0 0 0 0 0 0 0 0 0 0 0 0 0 0 0 0 6 0 0 15 11 11 0 0 0 20 0 2 2 39 0 0 0 1 2
0 3 26 0 0 0 0 0 0 0 0 0 0 0 0 0 0 0 0 0 0 0 9 0 0 0 0 0 0 2 0 34 0 0 74 68 0 2 0 77 0
0 5 21 0 0 0 0 0 0 0 0 0 0 0 0 0 0 0 0 0 0 0 11 0 0 0 0 0 0 0 0 34 0 0 68 74 0 0 0 68 0
0 0 24 0 0 0 0 0 0 0 0 0 0 0 0 0 0 0 0 0 0 0 9 0 0 0 0 0 0 2 0 34 0 0 76 75 0 2 0 76 0
0 5 24 0 0 0 0 0 0 0 0 0 0 0 0 0 0 0 0 0 0 0 10 0 0 0 0 0 0 1 0 35 0 0 74 71 0 2 0 75 0
0 4 14 0 0 0 0 0 0 0 0 0 0 0 0 0 0 0 0 0 0 0 13 0 0 0 0 0 0 0 0 37 0 0 54 80 0 0 0 57 0
0 0 12 9 0 0 0 0 0 0 0 0 0 0 0 0 0 0 0 0 0 0 10 0 0 1 9 4 0 0 0 25 0 0 18 59 0 0 0 14 1
0 5 24 0 0 0 0 0 0 0 0 0 0 0 0 0 0 0 0 0 0 0 10 0 0 0 0 0 0 1 0 34 0 0 73 70 0 2 0 75 0
17 0 37 13 0 0 0 0 1 0 0 0 0 0 0 0 0 0 0 0 0 0 0 2 0 64 16 40 0 0 0 19 0 8 0 0 0 2 0 0 7
0 5 19 0 0 0 0 0 0 0 0 0 0 0 0 0 0 0 0 0 0 0 11 0 0 0 0 0 0 0 0 34 0 0 66 75 0 0 0 67 0
0 2 12 5 0 0 0 0 0 0 0 0 0 0 0 0 0 0 0 0 0 0 11 0 0 0 1 0 0 0 0 29 0 0 33 70 0 0 0 31 0
0 0 23 0 0 0 0 0 0 0 0 0 0 0 0 0 0 0 0 0 0 0 9 0 0 0 0 0 0 3 0 37 0 0 78 83 0 2 0 78 0
0 5 16 0 0 0 0 0 0 0 0 0 0 0 0 0 0 0 0 0 0 0 12 0 0 0 0 0 0 0 0 34 0 0 61 77 0 0 0 62 0
14 0 34 13 0 0 0 0 2 0 0 0 0 0 0 0 0 0 0 0 0 0 0 2 0 57 15 34 0 0 0 16 0 7 0 0 0 1 0 0 6
13 0 31 13 0 0 0 0 1 0 0 0 0 0 0 0 0 0 0 0 0 0 0 2 0 51 13 31 0 0 0 16 0 7 0 0 0 0 0 0 5
11 0 30 14 0 0 0 0 1 0 0 0 0 0 0 0 0 0 0 0 0 0 0 1 0 48 14 29 0 0 0 16 0 6 0 0 0 0 0 0 4
0 0 13 10 0 0 0 0 0 0 0 0 0 0 0 0 0 0 0 0 0 0 8 0 0 8 12 7 0 0 0 22 0 0 9 48 0 0 0 4 2
0 6 19 0 0 0 0 0 0 0 0 0 0 0 0 0 0 0 0 0 0 0 11 0 0 0 0 0 0 0 0 35 0 0 66 76 0 0 0 68 0
0 2 12 5 0 0 0 0 0 0 0 0 0 0 0 0 0 0 0 0 0 0 12 0 0 0 0 0 0 0 0 30 0 0 37 72 0 0 0 36 0
0 5 16 0 0 0 0 0 0 0 0 0 0 0 0 0 0 0 0 0 0 0 12 0 0 0 0 0 0 0 0 37 0 0 61 79 0 0 0 63 0
0 0 11 8 0 0 0 0 0 0 0 0 0 0 0 0 0 0 0 0 0 0 11 0 0 0 6 1 0 0 0 27 0 0 23 61 0 0 0 20 1
0 0 12 7 0 0 0 0 0 0 0 0 0 0 0 0 0 0 0 0 0 0 11 0 0 0 4 0 0 0 0 28 0 0 29 66 0 0 0 25 0
0 3 13 0 0 0 0 0 0 0 0 0 0 0 0 0 0 0 0 0 0 0 13 0 0 0 0 0 0 0 0 36 0 0 51 80 0 0 0 53 0
0 5 24 0 0 0 0 0 0 0 0 0 0 0 0 0 0 0 0 0 0 0 10 0 0 0 0 0 0 1 0 34 0 0 75 70 0 2 0 75 0
0 2 12 4 0 0 0 0 0 0 0 0 0 0 0 0 0 0 0 0 0 0 13 0 0 0 0 0 0 0 0 34 0 0 43 77 0 0 0 45 0
18 0 37 12 0 0 0 0 1 0 0 0 0 0 0 0 0 0 0 0 0 0 0 2 0 66 17 42 0 0 0 20 0 8 0 0 0 2 0 0 7
0 0 11 9 0 0 0 0 0 0 0 0 0 0 0 0 0 0 0 0 0 0 10 0 0 1 9 4 0 0 0 25 0 0 17 58 0 0 0 14 1
0 3 12 3 0 0 0 0 0 0 0 0 0 0 0 0 0 0 0 0 0 0 12 0 0 0 0 0 0 0 0 36 0 0 46 82 0 0 0 49 0
0 5 19 0 0 0 0 0 0 0 0 0 0 0 0 0 0 0 0 0 0 0 12 0 0 0 0 0 0 0 0 36 0 0 67 77 0 0 0 68 0
0 1 12 4 0 0 0 0 0 0 0 0 0 0 0 0 0 0 0 0 0 0 13 0 0 0 0 0 0 0 0 34 0 0 41 79 0 0 0 40 0
0 0 12 6 0 0 0 0 0 0 0 0 0 0 0 0 0 0 0 0 0 0 11 0 0 0 3 0 0 0 0 28 0 0 29 66 0 0 0 28 0
0 0 25 0 0 0 0 0 0 0 0 0 0 0 0 0 0 0 0 0 0 0 9 0 0 0 0 0 0 2 0 35 0 0 77 77 0 2 0 77 0
0 2 12 2 0 0 0 0 0 0 0 0 0 0 0 0 0 0 0 0 0 0 13 0 0 0 0 0 0 0 0 36 0 0 47 82 0 0 0 48 0
3 0 18 12 0 0 0 0 0 0 0 0 0 0 0 0 0 0 0 0 0 0 4 0 0 21 14 14 0 0 0 20 0 2 0 24 0 0 0 0 2
0 0 23 0 0 0 0 0 0 0 0 0 0 0 0 0 0 0 0 0 0 0 9 0 0 0 0 0 0 3 0 40 0 0 83 92 0 2 0 82 0
18 0 36 13 0 0 0 0 2 0 0 0 0 0 0 0 0 0 0 0 0 0 0 2 0 63 17 39 0 0 0 17 0 8 0 0 0 2 0 0 6
10 0 29 14 0 0 0 0 1 0 0 0 0 0 0 0 0 0 0 0 0 0 0 1 0 46 15 28 0 0 0 16 0 6 0 0 0 0 0 0 5
1 0 17 13 0 0 0 0 0 0 0 0 0 0 0 0 0 0 0 0 0 0 5 0 0 20 13 13 0 0 0 21 0 2 0 35 0 0 0 0 1
10 0 28 13 0 0 0 0 1 0 0 0 0 0 0 0 0 0 0 0 0 0 0 1 0 45 14 28 0 0 0 17 0 6 0 0 0 0 0 0 5
10 0 30 13 0 0 0 0 1 0 0 0 0 0 0 0 0 0 0 0 0 0 0 2 0 49 12 30 0 0 0 16 0 7 0 0 0 0 0 0 5
17 0 38 13 0 0 0 0 1 0 0 0 0 0 0 0 0 0 0 0 0 0 0 2 0 64 16 40 0 0 0 19 0 8 0 0 0 3 0 0 7
0 2 13 2 0 0 0 0 0 0 0 0 0 0 0 0 0 0 0 0 0 0 13 0 0 0 0 0 0 0 0 36 0 0 48 80 0 0 0 49 0
0 4 13 0 0 0 0 0 0 0 0 0 0 0 0 0 0 0 0 0 0 0 13 0 0 0 0 0 0 0 0 37 0 0 54 81 0 0 0 57 0
0 5 16 0 0 0 0 0 0 0 0 0 0 0 0 0 0 0 0 0 0 0 12 0 0 0 0 0 0 0 0 35 0 0 61 77 0 0 0 63 0
0 0 22 0 0 0 0 0 0 0 0 0 0 0 0 0 0 0 0 0 0 0 9 0 0 0 0 0 0 3 0 41 0 0 83 96 0 1 0 82 0
0 3 15 0 0 0 0 0 0 0 0 0 0 0 0 0 0 0 0 0 0 0 13 0 0 0 0 0 0 0 0 37 0 0 54 80 0 0 0 56 0
0 5 18 0 0 0 0 0 0 0 0 0 0 0 0 0 0 0 0 0 0 0 12 0 0 0 0 0 0 0 0 36 0 0 64 78 0 0 0 65 0
0 0 11 7 0 0 0 0 0 0 0 0 0 0 0 0 0 0 0 0 0 0 10 0 0 0 5 0 0 0 0 26 0 0 25 62 0 0 0 22 0
8 0 23 13 0 0 0 0 1 0 0 0 0 0 0 0 0 0 0 0 0 0 0 0 0 36 15 21 0 0 0 18 0 4 0 0 0 0 0 0 2
19 0 37 12 0 0 0 0 1 0 0 0 0 0 0 0 0 0 0 0 0 0 0 2 0 64 15 40 0 0 0 19 0 8 0 0 0 2 0 0 6
0 0 12 9 0 0 0 0 0 0 0 0 0 0 0 0 0 0 0 0 0 0 11 0 0 0 9 3 0 0 0 26 0 0 20 62 0 0 0 16 2
9 0 29 13 0 0 0 0 1 0 0 0 0 0 0 0 0 0 0 0 0 0 0 0 0 42 14 26 0 0 0 17 0 5 0 0 0 0 0 0 5
5 0 21 13 0 0 0 0 0 0 0 0 0 0 0 0 0 0 0 0 0 0 1 0 0 31 14 19 0 0 0 19 0 3 0 5 0 0 0 0 3
0 0 23 0 0 0 0 0 0 0 0 0 0 0 0 0 0 0 0 0 0 0 9 0 0 0 0 0 0 3 0 37 0 0 78 88 0 2 0 77 0
17 0 37 13 0 0 0 0 2 0 0 0 0 0 0 0 0 0 0 0 0 0 0 2 0 63 16 39 0 0 0 18 0 8 0 0 0 2 0 0 6
0 6 22 0 0 0 0 0 0 0 0 0 0 0 0 0 0 0 0 0 0 0 10 0 0 0 0 0 0 1 0 34 0 0 72 70 0 2 0 73 0
10 0 28 13 0 0 0 0 1 0 0 0 0 0 0 0 0 0 0 0 0 0 0 1 0 46 13 28 0 0 0 16 0 6 0 0 0 0 0 0 4
0 5 19 0 0 0 0 0 0 0 0 0 0 0 0 0 0 0 0 0 0 0 12 0 0 0 0 0 0 0 0 36 0 0 68 75 0 0 0 69 0
0 0 23 0 0 0 0 0 0 0 0 0 0 0 0 0 0 0 0 0 0 0 9 0 0 0 0 0 0 3 0 38 0 0 84 88 0 2 0 82 0
0 6 21 0 0 0 0 0 0 0 0 0 0 0 0 0 0 0 0 0 0 0 11 0 0 0 0 0 0 1 0 36 0 0 75 74 0 2 0 76 0
0 1 12 5 0 0 0 0 0 0 0 0 0 0 0 0 0 0 0 0 0 0 13 0 0 0 0 0 0 0 0 33 0 0 40 77 0 0 0 39 0
17 0 36 13 0 0 0 0 1 0 0 0 0 0 0 0 0 0 0 0 0 0 0 2 0 61 15 38 0 0 0 18 0 8 0 0 0 1 0 0 6
0 0 12 7 0 0 0 0 0 0 0 0 0 0 0 0 0 0 0 0 0 0 11 0 0 0 4 0 0 0 0 29 0 0 30 70 0 0 0 28 0
22 0 36 10 0 0 0 0 1 0 0 0 0 0 0 0 0 0 0 0 0 0 0 2 0 68 16 43 0 0 0 23 0 7 0 0 0 0 0 0 7
0 2 12 3 0 0 0 0 0 0 0 0 0 0 0 0 0 0 0 0 0 0 12 0 0 0 0 0 0 0 0 34 0 0 43 77 0 0 0 44 0
4 0 19 12 0 0 0 0 0 0 0 0 0 0 0 0 0 0 0 0 0 0 3 0 0 25 14 16 0 0 0 19 0 3 0 17 0 0 0 0 3
0 0 13 7 0 0 0 0 0 0 0 0 0 0 0 0 0 0 0 0 0 0 12 0 0 0 5 0 0 0 0 29 0 0 30 71 0 0 0 27 0
0 2 13 1 0 0 0 0 0 0 0 0 0 0 0 0 0 0 0 0 0 0 13 0 0 0 0 0 0 0 0 37 0 0 50 82 0 0 0 52 0
13 0 32 13 0 0 0 0 1 0 0 0 0 0 0 0 0 0 0 0 0 0 0 2 0 52 14 31 0 0 0 16 0 7 0 0 0 1 0 0 5
0 3 26 0 0 0 0 0 0 0 0 0 0 0 0 0 0 0 0 0 0 0 9 0 0 0 0 0 0 2 0 34 0 0 75 69 0 2 0 77 0
14 0 35 14 0 0 0 0 2 0 0 0 0 0 0 0 0 0 0 0 0 0 0 2 0 58 15 35 0 0 0 16 0 7 0 0 0 1 0 0 6
0 0 13 8 0 0 0 0 0 0 0 0 0 0 0 0 0 0 0 0 0 0 10 0 0 0 6 4 0 0 0 27 0 0 22 60 0 0 0 19 1
0 4 17 0 0 0 0 0 0 0 0 0 0 0 0 0 0 0 0 0 0 0 12 0 0 0 0 0 0 0 0 36 0 0 64 80 0 0 0 64 0
0 1 11 5 0 0 0 0 0 0 0 0 0 0 0 0 0 0 0 0 0 0 12 0 0 0 1 0 0 0 0 32 0 0 37 74 0 0 0 36 0
0 0 14 10 0 0 0 0 0 0 0 0 0 0 0 0 0 0 0 0 0 0 9 0 0 9 12 8 0 0 0 23 0 0 11 53 0 0 0 6 2
0 0 13 6 0 0 0 0 0 0 0 0 0 0 0 0 0 0 0 0 0 0 12 0 0 0 4 0 0 0 0 31 0 0 32 74 0 0 0 30 0
0 4 17 0 0 0 0 0 0 0 0 0 0 0 0 0 0 0 0 0 0 0 12 0 0 0 0 0 0 0 0 36 0 0 63 78 0 0 0 64 0
0 0 12 10 0 0 0 0 0 0 0 0 0 0 0 0 0 0 0 0 0 0 8 0 0 5 9 6 0 0 0 22 0 0 12 51 0 0 0 10 1
0 2 11 2 0 0 0 0 0 0 0 0 0 0 0 0 0 0 0 0 0 0 13 0 0 0 0 0 0 0 0 36 0 0 48 82 0 0 0 49 0
0 0 25 0 0 0 0 0 0 0 0 0 0 0 0 0 0 0 0 0 0 0 9 0 0 0 0 0 0 3 0 40 0 0 89 96 0 2 0 84 0
0 6 21 0 0 0 0 0 0 0 0 0 0 0 0 0 0 0 0 0 0 0 10 0 0 0 0 0 0 0 0 34 0 0 69 73 0 0 0 70 0
0 3 13 2 0 0 0 0 0 0 0 0 0 0 0 0 0 0 0 0 0 0 13 0 0 0 0 0 0 0 0 34 0 0 47 78 0 0 0 47 0
3 0 18 12 0 0 0 0 0 0 0 0 0 0 0 0 0 0 0 0 0 0 3 0 0 22 13 14 0 0 0 18 0 2 0 20 0 0 0 0 2
2 0 19 12 0 0 0 0 0 0 0 0 0 0 0 0 0 0 0 0 0 0 4 0 0 23 13 15 0 0 0 20 0 2 0 25 0 0 0 0 2
29 0 29 9 0 0 0 0 1 0 0 0 0 0 0 0 0 0 0 0 0 0 0 2 0 65 18 43 0 0 0 26 0 5 0 0 0 0 0 0 7
0 2 13 2 0 0 0 0 0 0 0 0 0 0 0 0 0 0 0 0 0 0 14 0 0 0 0 0 0 0 0 37 0 0 48 84 0 0 0 50 0
0 4 13 0 0 0 0 0 0 0 0 0 0 0 0 0 0 0 0 0 0 0 13 0 0 0 0 0 0 0 0 36 0 0 54 80 0 0 0 57 0
6 0 22 12 0 0 0 0 0 0 0 0 0 0 0 0 0 0 0 0 0 0 0 0 0 33 12 21 0 0 0 17 0 4 0 0 0 0 0 0 4
0 0 12 8 0 0 0 0 0 0 0 0 0 0 0 0 0 0 0 0 0 0 10 0 0 0 5 3 0 0 0 26 0 0 23 63 0 0 0 21 0
0 5 24 0 0 0 0 0 0 0 0 0 0 0 0 0 0 0 0 0 0 0 9 0 0 0 0 0 0 2 0 32 0 0 72 65 0 2 0 74 0
0 0 13 10 0 0 0 0 0 0 0 0 0 0 0 0 0 0 0 0 0 0 9 0 0 7 13 7 0 0 0 22 0 0 9 49 0 0 0 4 2
0 5 25 0 0 0 0 0 0 0 0 0 0 0 0 0 0 0 0 0 0 0 10 0 0 0 0 0 0 2 0 34 0 0 74 70 0 2 0 76 0
0 5 22 0 0 0 0 0 0 0 0 0 0 0 0 0 0 0 0 0 0 0 10 0 0 0 0 0 0 1 0 34 0 0 73 68 0 3 0 75 0
0 0 21 0 0 0 0 0 0 0 0 0 0 0 0 0 0 0 0 0 0 0 10 0 0 0 0 0 0 3 0 43 0 0 87 106 0 1 0 85 0
0 3 13 2 0 0 0 0 0 0 0 0 0 0 0 0 0 0 0 0 0 0 13 0 0 0 0 0 0 0 0 35 0 0 49 82 0 0 0 50 0
0 5 21 0 0 0 0 0 0 0 0 0 0 0 0 0 0 0 0 0 0 0 11 0 0 0 0 0 0 1 0 35 0 0 74 75 0 2 0 73 0
0 0 12 8 0 0 0 0 0 0 0 0 0 0 0 0 0 0 0 0 0 0 11 0 0 0 7 0 0 0 0 28 0 0 26 67 0 0 0 22 1
0 5 19 0 0 0 0 0 0 0 0 0 0 0 0 0 0 0 0 0 0 0 11 0 0 0 0 0 0 1 0 34 0 0 70 73 0 1 0 70 0
0 5 28 0 0 0 0 0 0 0 0 0 0 0 0 0 0 0 0 0 0 0 9 0 0 0 0 0 0 2 0 34 0 0 75 69 0 3 0 77 0
0 0 12 7 0 0 0 0 0 0 0 0 0 0 0 0 0 0 0 0 0 0 12 0 0 0 5 0 0 0 0 29 0 0 28 67 0 0 0 26 0
4 0 20 12 0 0 0 0 0 0 0 0 0 0 0 0 0 0 0 0 0 0 3 0 0 27 14 17 0 0 0 19 0 3 0 15 0 0 0 0 3
0 0 11 7 0 0 0 0 0 0 0 0 0 0 0 0 0 0 0 0 0 0 11 0 0 0 4 1 0 0 0 27 0 0 26 62 0 0 0 24 1
0 5 17 0 0 0 0 0 0 0 0 0 0 0 0 0 0 0 0 0 0 0 11 0 0 0 0 0 0 0 0 35 0 0 64 78 0 0 0 65 0
0 0 13 7 0 0 0 0 0 0 0 0 0 0 0 0 0 0 0 0 0 0 12 0 0 0 7 0 0 0 0 28 0 0 27 67 0 0 0 22 1
0 4 15 0 0 0 0 0 0 0 0 0 0 0 0 0 0 0 0 0 0 0 12 0 0 0 0 0 0 0 0 37 0 0 56 79 0 0 0 60 0
0 6 21 0 0 0 0 0 0 0 0 0 0 0 0 0 0 0 0 0 0 0 11 0 0 0 0 0 0 1 0 35 0 0 73 75 0 0 0 73 0
7 0 23 13 0 0 0 0 0 0 0 0 0 0 0 0 0 0 0 0 0 0 0 0 0 33 15 21 0 0 0 18 0 3 0 0 0 0 0 0 3
0 4 15 0 0 0 0 0 0 0 0 0 0 0 0 0 0 0 0 0 0 0 12 0 0 0 0 0 0 0 0 35 0 0 59 77 0 0 0 61 0
0 2 12 4 0 0 0 0 0 0 0 0 0 0 0 0 0 0 0 0 0 0 13 0 0 0 0 0 0 0 0 35 0 0 44 81 0 0 0 45 0
0 0 11 8 0 0 0 0 0 0 0 0 0 0 0 0 0 0 0 0 0 0 11 0 0 0 8 1 0 0 0 27 0 0 23 64 0 0 0 20 1
4 0 19 12 0 0 0 0 0 0 0 0 0 0 0 0 0 0 0 0 0 0 3 0 0 24 13 15 0 0 0 19 0 2 0 14 0 0 0 0 2
13 0 32 14 0 0 0 0 1 0 0 0 0 0 0 0 0 0 0 0 0 0 0 2 0 55 14 34 0 0 0 16 0 7 0 0 0 1 0 0 5
0 0 14 10 0 0 0 0 0 0 0 0 0 0 0 0 0 0 0 0 0 0 8 0 0 10 11 8 0 0 0 22 0 1 7 43 0 0 0 6 2
15 0 35 14 0 0 0 0 2 0 0 0 0 0 0 0 0 0 0 0 0 0 0 2 0 62 16 38 0 0 0 16 0 8 0 0 0 2 0 0 7
0 2 13 5 0 0 0 0 0 0 0 0 0 0 0 0 0 0 0 0 0 0 12 0 0 0 0 0 0 0 0 35 0 0 41 78 0 0 0 41 0
13 0 34 14 0 0 0 0 1 0 0 0 0 0 0 0 0 0 0 0 0 0 0 2 0 57 15 35 0 0 0 15 0 7 0 0 0 2 0 0 6
19 0 35 12 0 0 0 0 1 0 0 0 0 0 0 0 0 0 0 0 0 0 0 2 0 65 16 41 0 0 0 20 0 8 0 0 0 2 0 0 7
11 0 29 14 0 0 0 0 1 0 0 0 0 0 0 0 0 0 0 0 0 0 0 1 0 48 14 29 0 0 0 16 0 6 0 0 0 0 0 0 4
0 0 11 5 0 0 0 0 0 0 0 0 0 0 0 0 0 0 0 0 0 0 14 0 0 0 0 0 0 0 0 35 0 0 41 80 0 0 0 40 0
17 0 36 13 0 0 0 0 1 0 0 0 0 0 0 0 0 0 0 0 0 0 0 2 0 64 16 40 0 0 0 19 0 8 0 0 0 2 0 0 7
0 4 26 0 0 0 0 0 0 0 0 0 0 0 0 0 0 0 0 0 0 0 9 0 0 0 0 0 0 2 0 33 0 0 74 68 0 3 0 75 0
0 5 19 0 0 0 0 0 0 0 0 0 0 0 0 0 0 0 0 0 0 0 11 0 0 0 0 0 0 0 0 34 0 0 67 75 0 0 0 67 0
21 0 37 12 0 0 0 0 1 0 0 0 0 0 0 0 0 0 0 0 0 0 0 2 0 67 17 42 0 0 0 20 0 8 0 0 0 1 0 0 6
13 0 31 14 0 0 0 0 2 0 0 0 0 0 0 0 0 0 0 0 0 0 0 2 0 53 15 32 0 0 0 17 0 7 0 0 0 0 0 0 5
0 4 28 0 0 0 0 0 0 0 0 0 0 0 0 0 0 0 0 0 0 0 9 0 0 0 0 0 0 2 0 33 0 0 74 67 0 3 0 75 0
0 0 24 0 0 0 0 0 0 0 0 0 0 0 0 0 0 0 0 0 0 0 9 0 0 0 0 0 0 2 0 38 0 0 80 84 0 1 0 80 0
0 3 14 1 0 0 0 0 0 0 0 0 0 0 0 0 0 0 0 0 0 0 13 0 0 0 0 0 0 0 0 35 0 0 52 81 0 0 0 52 0
0 3 13 1 0 0 0 0 0 0 0 0 0 0 0 0 0 0 0 0 0 0 13 0 0 0 0 0 0 0 0 36 0 0 51 83 0 0 0 52 0
0 6 22 0 0 0 0 0 0 0 0 0 0 0 0 0 0 0 0 0 0 0 11 0 0 0 0 0 0 1 0 33 0 0 74 74 0 1 0 73 0
4 0 20 13 0 0 0 0 0 0 0 0 0 0 0 0 0 0 0 0 0 0 2 0 0 29 14 18 0 0 0 20 0 3 0 12 0 0 0 0 2
0 5 20 0 0 0 0 0 0 0 0 0 0 0 0 0 0 0 0 0 0 0 10 0 0 0 0 0 0 1 0 33 0 0 71 74 0 1 0 70 0
0 5 23 0 0 0 0 0 0 0 0 0 0 0 0 0 0 0 0 0 0 0 10 0 0 0 0 0 0 2 0 34 0 0 74 69 0 2 0 75 0
10 0 31 14 0 0 0 0 1 0 0 0 0 0 0 0 0 0 0 0 0 0 0 1 0 50 14 31 0 0 0 16 0 7 0 0 0 0 0 0 5
0 0 11 9 0 0 0 0 0 0 0 0 0 0 0 0 0 0 0 0 0 0 10 0 0 0 6 2 0 0 0 26 0 0 22 64 0 0 0 20 0
0 0 12 10 0 0 0 0 0 0 0 0 0 0 0 0 0 0 0 0 0 0 10 0 0 4 9 6 0 0 0 24 0 0 14 55 0 0 0 11 2
0 4 14 0 0 0 0 0 0 0 0 0 0 0 0 0 0 0 0 0 0 0 12 0 0 0 0 0 0 0 0 36 0 0 53 80 0 0 0 55 0
8 0 27 13 0 0 0 0 1 0 0 0 0 0 0 0 0 0 0 0 0 0 0 0 0 40 13 25 0 0 0 18 0 5 0 0 0 0 0 0 4
12 0 31 13 0 0 0 0 1 0 0 0 0 0 0 0 0 0 0 0 0 0 0 1 0 50 14 30 0 0 0 15 0 6 0 0 0 0 0 0 5
0 0 25 0 0 0 0 0 0 0 0 0 0 0 0 0 0 0 0 0 0 0 9 0 0 0 0 0 0 3 0 38 0 0 81 87 0 2 0 80 0
0 5 18 0 0 0 0 0 0 0 0 0 0 0 0 0 0 0 0 0 0 0 12 0 0 0 0 0 0 0 0 35 0 0 65 77 0 0 0 65 0
0 6 25 0 0 0 0 0 0 0 0 0 0 0 0 0 0 0 0 0 0 0 10 0 0 0 0 0 0 1 0 34 0 0 75 70 0 2 0 77 0
0 2 13 5 0 0 0 0 0 0 0 0 0 0 0 0 0 0 0 0 0 0 12 0 0 0 0 0 0 0 0 32 0 0 36 74 0 0 0 36 0
17 0 37 13 0 0 0 0 1 0 0 0 0 0 0 0 0 0 0 0 0 0 0 2 0 62 16 37 0 0 0 17 0 8 0 0 0 3 0 0 5
0 0 23 0 0 0 0 0 0 0 0 0 0 0 0 0 0 0 0 0 0 0 9 0 0 0 0 0 0 3 0 41 0 0 84 94 0 1 0 82 0
0 0 22 0 0 0 0 0 0 0 0 0 0 0 0 0 0 0 0 0 0 0 9 0 0 0 0 0 0 3 0 39 0 0 82 92 0 1 0 81 0
0 5 17 0 0 0 0 0 0 0 0 0 0 0 0 0 0 0 0 0 0 0 11 0 0 0 0 0 0 0 0 36 0 0 67 74 0 0 0 70 0
0 4 16 0 0 0 0 0 0 0 0 0 0 0 0 0 0 0 0 0 0 0 13 0 0 0 0 0 0 0 0 37 0 0 62 80 0 0 0 64 0
0 5 19 0 0 0 0 0 0 0 0 0 0 0 0 0 0 0 0 0 0 0 11 0 0 0 0 0 0 0 0 35 0 0 67 76 0 0 0 68 0
0 6 18 0 0 0 0 0 0 0 0 0 0 0 0 0 0 0 0 0 0 0 12 0 0 0 0 0 0 0 0 36 0 0 63 80 0 0 0 65 0
0 3 13 0 0 0 0 0 0 0 0 0 0 0 0 0 0 0 0 0 0 0 13 0 0 0 0 0 0 0 0 37 0 0 54 80 0 0 0 56 0
0 5 21 0 0 0 0 0 0 0 0 0 0 0 0 0 0 0 0 0 0 0 11 0 0 0 0 0 0 1 0 35 0 0 70 73 0 1 0 71 0
18 0 36 12 0 0 0 0 1 0 0 0 0 0 0 0 0 0 0 0 0 0 0 2 0 65 16 41 0 0 0 19 0 8 0 0 0 2 0 0 7
0 5 14 0 0 0 0 0 0 0 0 0 0 0 0 0 0 0 0 0 0 0 12 0 0 0 0 0 0 0 0 36 0 0 58 78 0 0 0 61 0
20 0 37 12 0 0 0 0 1 0 0 0 0 0 0 0 0 0 0 0 0 0 0 2 0 68 18 43 0 0 0 20 0 8 0 0 0 1 0 0 7
0 4 27 0 0 0 0 0 0 0 0 0 0 0 0 0 0 0 0 0 0 0 9 0 0 0 0 0 0 2 0 33 0 0 75 68 0 2 0 76 0
0 5 24 0 0 0 0 0 0 0 0 0 0 0 0 0 0 0 0 0 0 0 10 0 0 0 0 0 0 2 0 33 0 0 75 68 0 3 0 76 0
0 6 15 0 0 0 0 0 0 0 0 0 0 0 0 0 0 0 0 0 0 0 12 0 0 0 0 0 0 0 0 34 0 0 60 76 0 0 0 63 0
0 3 12 1 0 0 0 0 0 0 0 0 0 0 0 0 0 0 0 0 0 0 13 0 0 0 0 0 0 0 0 35 0 0 50 81 0 0 0 51 0
16 0 35 14 0 0 0 0 1 0 0 0 0 0 0 0 0 0 0 0 0 0 0 2 0 60 15 37 0 0 0 16 0 8 0 0 0 1 0 0 6
4 0 22 12 0 0 0 0 0 0 0 0 0 0 0 0 0 0 0 0 0 0 1 0 0 30 13 19 0 0 0 19 0 3 0 4 0 0 0 0 3
0 4 20 0 0 0 0 0 0 0 0 0 0 0 0 0 0 0 0 0 0 0 12 0 0 0 0 0 0 1 0 34 0 0 71 75 0 2 0 69 0
0 4 25 0 0 0 0 0 0 0 0 0 0 0 0 0 0 0 0 0 0 0 9 0 0 0 0 0 0 2 0 34 0 0 73 69 0 2 0 75 0
0 2 26 0 0 0 0 0 0 0 0 0 0 0 0 0 0 0 0 0 0 0 9 0 0 0 0 0 0 2 0 34 0 0 74 70 0 2 0 75 0
22 0 33 9 0 0 0 0 1 0 0 0 0 0 0 0 0 0 0 0 0 0 0 2 0 67 17 44 0 0 0 25 0 7 0 0 0 0 0 0 8
0 0 11 9 0 0 0 0 0 0 0 0 0 0 0 0 0 0 0 0 0 0 10 0 0 2 10 4 0 0 0 24 0 0 16 57 0 0 0 12 1
0 6 15 0 0 0 0 0 0 0 0 0 0 0 0 0 0 0 0 0 0 0 11 0 0 0 0 0 0 0 0 34 0 0 58 77 0 0 0 61 0
0 3 18 0 0 0 0 0 0 0 0 0 0 0 0 0 0 0 0 0 0 0 12 0 0 0 0 0 0 0 0 36 0 0 63 79 0 0 0 64 0
0 4 14 0 0 0 0 0 0 0 0 0 0 0 0 0 0 0 0 0 0 0 12 0 0 0 0 0 0 0 0 35 0 0 55 78 0 0 0 57 0
0 0 25 0 0 0 0 0 0 0 0 0 0 0 0 0 0 0 0 0 0 0 9 0 0 0 0 0 0 2 0 36 0 0 78 82 0 2 0 78 0
16 0 37 14 0 0 0 0 1 0 0 0 0 0 0 0 0 0 0 0 0 0 0 2 0 62 15 38 0 0 0 17 0 8 0 0 0 2 0 0 6
48 0 0 3 0 0 0 0 0 0 0 0 0 0 0 0 0 0 0 0 0 0 0 1 0 41 21 31 0 0 0 30 0 0 0 0 0 0 0 5 3
0 5 15 0 0 0 0 0 0 0 0 0 0 0 0 0 0 0 0 0 0 0 13 0 0 0 0 0 0 0 0 37 0 0 60 81 0 0 0 62 0
0 0 21 0 0 0 0 0 0 0 0 0 0 0 0 0 0 0 0 0 0 0 9 0 0 0 0 0 0 3 0 42 0 0 83 101 0 0 0 83 0
0 4 14 0 0 0 0 0 0 0 0 0 0 0 0 0 0 0 0 0 0 0 12 0 0 0 0 0 0 0 0 36 0 0 57 78 0 0 0 60 0
0 2 11 3 0 0 0 0 0 0 0 0 0 0 0 0 0 0 0 0 0 0 13 0 0 0 0 0 0 0 0 36 0 0 44 78 0 0 0 47 0
17 0 35 12 0 0 0 0 1 0 0 0 0 0 0 0 0 0 0 0 0 0 0 2 0 62 15 38 0 0 0 18 0 7 0 0 0 1 0 0 5
0 5 15 0 0 0 0 0 0 0 0 0 0 0 0 0 0 0 0 0 0 0 12 0 0 0 0 0 0 0 0 36 0 0 58 79 0 0 0 59 0
3 0 21 12 0 0 0 0 0 0 0 0 0 0 0 0 0 0 0 0 0 0 2 0 0 28 12 18 0 0 0 20 0 3 0 8 0 0 0 0 3
0 6 20 0 0 0 0 0 0 0 0 0 0 0 0 0 0 0 0 0 0 0 11 0 0 0 0 0 0 0 0 35 0 0 66 74 0 0 0 69 0
0 1 26 0 0 0 0 0 0 0 0 0 0 0 0 0 0 0 0 0 0 0 9 0 0 0 0 0 0 3 0 35 0 0 76 76 0 2 0 76 0
0 0 12 9 0 0 0 0 0 0 0 0 0 0 0 0 0 0 0 0 0 0 10 0 0 2 10 4 0 0 0 27 0 0 18 60 0 0 0 14 2
22 0 37 10 0 0 0 0 1 0 0 0 0 0 0 0 0 0 0 0 0 0 0 2 0 69 18 44 0 0 0 24 0 8 0 0 0 0 0 0 7
2 0 19 12 0 0 0 0 0 0 0 0 0 0 0 0 0 0 0 0 0 0 4 0 0 24 13 16 0 0 0 19 0 3 0 19 0 0 0 0 3
2 0 19 12 0 0 0 0 0 0 0 0 0 0 0 0 0 0 0 0 0 0 3 0 0 25 13 16 0 0 0 21 0 3 0 19 0 0 0 0 2
13 0 33 14 0 0 0 0 2 0 0 0 0 0 0 0 0 0 0 0 0 0 0 2 0 54 15 33 0 0 0 15 0 7 0 0 0 0 0 0 5
0 0 22 0 0 0 0 0 0 0 0 0 0 0 0 0 0 0 0 0 0 0 9 0 0 0 0 0 0 3 0 43 0 0 87 104 0 0 0 85 0
0 0 11 9 0 0 0 0 0 0 0 0 0 0 0 0 0 0 0 0 0 0 11 0 0 0 9 3 0 0 0 28 0 0 21 69 0 0 0 18 1
3 0 18 12 0 0 0 0 0 0 0 0 0 0 0 0 0 0 0 0 0 0 4 0 0 22 14 14 0 0 0 20 0 2 0 19 0 0 0 0 2
12 0 31 13 0 0 0 0 1 0 0 0 0 0 0 0 0 0 0 0 0 0 0 1 0 51 14 31 0 0 0 15 0 7 0 0 0 0 0 0 6
0 0 25 0 0 0 0 0 0 0 0 0 0 0 0 0 0 0 0 0 0 0 9 0 0 0 0 0 0 2 0 36 0 0 78 82 0 2 0 78 0
0 0 25 0 0 0 0 0 0 0 0 0 0 0 0 0 0 0 0 0 0 0 9 0 0 0 0 0 0 3 0 35 0 0 78 79 0 2 0 78 0
0 5 27 0 0 0 0 0 0 0 0 0 0 0 0 0 0 0 0 0 0 0 9 0 0 0 0 0 0 2 0 33 0 0 74 66 0 3 0 77 0
11 0 30 13 0 0 0 0 1 0 0 0 0 0 0 0 0 0 0 0 0 0 0 1 0 46 15 28 0 0 0 16 0 6 0 0 0 0 0 0 4
0 4 13 0 0 0 0 0 0 0 0 0 0 0 0 0 0 0 0 0 0 0 12 0 0 0 0 0 0 0 0 35 0 0 52 77 0 0 0 56 0
13 0 31 14 0 0 0 0 2 0 0 0 0 0 0 0 0 0 0 0 0 0 0 2 0 52 15 31 0 0 0 15 0 6 0 0 0 0 0 0 5
0 4 26 0 0 0 0 0 0 0 0 0 0 0 0 0 0 0 0 0 0 0 9 0 0 0 0 0 0 2 0 34 0 0 74 67 0 3 0 76 0
5 0 21 12 0 0 0 0 0 0 0 0 0 0 0 0 0 0 0 0 0 0 1 0 0 30 12 19 0 0 0 19 0 3 0 0 0 0 0 0 3
27 0 27 9 0 0 0 0 1 0 0 0 0 0 0 0 0 0 0 0 0 0 0 1 0 61 17 40 0 0 0 26 0 5 0 0 0 0 0 0 6
0 3 26 0 0 0 0 0 0 0 0 0 0 0 0 0 0 0 0 0 0 0 9 0 0 0 0 0 0 2 0 35 0 0 75 71 0 2 0 76 0
7 0 23 13 0 0 0 0 0 0 0 0 0 0 0 0 0 0 0 0 0 0 0 0 0 35 14 21 0 0 0 17 0 4 0 0 0 0 0 0 3
0 0 12 9 0 0 0 0 0 0 0 0 0 0 0 0 0 0 0 0 0 0 9 0 0 4 11 5 0 0 0 23 0 0 13 54 0 0 0 9 1
10 0 29 14 0 0 0 0 1 0 0 0 0 0 0 0 0 0 0 0 0 0 0 1 0 45 15 27 0 0 0 17 0 5 0 0 0 0 0 0 4
0 5 21 0 0 0 0 0 0 0 0 0 0 0 0 0 0 0 0 0 0 0 10 0 0 0 0 0 0 1 0 35 0 0 72 69 0 2 0 74 0
0 5 14 0 0 0 0 0 0 0 0 0 0 0 0 0 0 0 0 0 0 0 13 0 0 0 0 0 0 0 0 37 0 0 57 80 0 0 0 61 0
0 2 26 0 0 0 0 0 0 0 0 0 0 0 0 0 0 0 0 0 0 0 9 0 0 0 0 0 0 2 0 33 0 0 74 73 0 1 0 75 0
0 0 12 9 0 0 0 0 0 0 0 0 0 0 0 0 0 0 0 0 0 0 11 0 0 0 9 4 0 0 0 25 0 0 19 59 0 0 0 14 2
0 0 12 10 0 0 0 0 0 0 0 0 0 0 0 0 0 0 0 0 0 0 10 0 0 3 11 5 0 0 0 25 0 0 14 59 0 0 0 11 1
16 0 35 13 0 0 0 0 2 0 0 0 0 0 0 0 0 0 0 0 0 0 0 2 0 59 15 36 0 0 0 16 0 7 0 0 0 1 0 0 6
1 0 17 12 0 0 0 0 0 0 0 0 0 0 0 0 0 0 0 0 0 0 5 0 0 21 13 15 0 0 0 20 0 2 0 26 0 0 0 0 3
0 0 25 0 0 0 0 0 0 0 0 0 0 0 0 0 0 0 0 0 0 0 9 0 0 0 0 0 0 2 0 35 0 0 76 75 0 2 0 76 0
0 2 12 2 0 0 0 0 0 0 0 0 0 0 0 0 0 0 0 0 0 0 13 0 0 0 0 0 0 0 0 36 0 0 48 79 0 0 0 49 0
0 6 19 0 0 0 0 0 0 0 0 0 0 0 0 0 0 0 0 0 0 0 11 0 0 0 0 0 0 0 0 35 0 0 66 76 0 0 0 67 0
0 5 18 0 0 0 0 0 0 0 0 0 0 0 0 0 0 0 0 0 0 0 12 0 0 0 0 0 0 0 0 37 0 0 65 79 0 0 0 67 0
0 2 12 4 0 0 0 0 0 0 0 0 0 0 0 0 0 0 0 0 0 0 13 0 0 0 0 0 0 0 0 35 0 0 45 83 0 0 0 44 0
0 0 13 9 0 0 0 0 0 0 0 0 0 0 0 0 0 0 0 0 0 0 9 0 0 3 8 4 0 0 0 24 0 0 16 54 0 0 0 13 0
0 0 11 7 0 0 0 0 0 0 0 0 0 0 0 0 0 0 0 0 0 0 12 0 0 0 6 0 0 0 0 29 0 0 27 69 0 0 0 24 0
0 5 24 0 0 0 0 0 0 0 0 0 0 0 0 0 0 0 0 0 0 0 10 0 0 0 0 0 0 1 0 34 0 0 74 69 0 2 0 75 0
0 5 15 0 0 0 0 0 0 0 0 0 0 0 0 0 0 0 0 0 0 0 12 0 0 0 0 0 0 0 0 37 0 0 58 80 0 0 0 61 0
0 2 13 2 0 0 0 0 0 0 0 0 0 0 0 0 0 0 0 0 0 0 14 0 0 0 0 0 0 0 0 36 0 0 47 80 0 0 0 48 0
15 0 34 14 0 0 0 0 1 0 0 0 0 0 0 0 0 0 0 0 0 0 0 2 0 59 15 36 0 0 0 17 0 8 0 0 0 1 0 0 6
