8 5 6 2 0 0 0 0 0 0 0 0 0 0 0 0 0 0 0 0 0 0 1 0 0 0 8 0 0 0 0 6 0 10 15 32 0 2 0 18 0
0 0 0 0 0 0 0 0 0 0 0 0 0 0 0 0 0 0 0 0 0 0 0 0 0 0 0 0 0 0 0 0 0 8 25 63 0 0 0 33 0
23 1 11 9 0 0 0 0 0 0 0 0 0 0 0 0 0 0 0 0 0 0 15 5 0 0 8 0 1 0 0 32 0 0 0 0 0 0 0 0 7
21 2 12 8 0 0 0 0 0 0 0 0 0 0 0 0 0 0 0 0 0 0 13 2 0 0 10 0 0 0 0 30 0 0 0 0 0 1 0 0 4
7 4 7 2 0 0 0 0 0 0 0 0 0 0 0 0 0 0 0 0 0 0 1 0 0 0 8 0 0 0 0 7 0 9 12 29 0 2 0 16 0
24 0 12 9 0 0 0 0 0 0 0 0 0 0 0 0 0 0 0 0 0 0 16 6 0 0 7 0 1 0 0 34 0 0 0 0 0 0 0 0 7
0 3 0 0 0 0 0 0 0 0 0 0 0 0 0 0 0 0 0 0 0 0 0 0 0 0 0 0 0 0 0 0 0 10 23 57 0 1 0 29 0
0 0 0 0 0 0 0 0 0 0 0 0 0 0 0 0 0 0 0 0 0 0 0 0 0 0 0 0 0 0 0 0 0 8 24 60 0 0 0 30 0
25 0 11 10 0 0 0 0 0 0 0 0 0 0 0 0 0 0 0 0 0 0 16 7 0 0 7 0 1 0 0 35 0 0 0 0 0 0 0 0 7
23 2 13 9 0 0 0 0 0 0 0 0 0 0 0 0 0 0 0 0 0 0 15 4 0 0 10 0 0 0 0 34 0 0 0 0 0 0 0 0 5
0 0 0 0 0 0 0 0 0 0 0 0 0 0 0 0 0 0 0 0 0 0 0 0 0 0 0 0 0 0 0 0 0 4 24 67 0 0 0 37 0
0 0 0 0 0 0 0 0 0 0 0 0 0 0 0 0 0 0 0 0 0 0 0 0 0 0 0 0 0 0 0 0 0 6 25 66 0 0 0 35 0
24 1 12 10 0 0 0 0 0 0 0 0 0 0 0 0 0 0 0 0 0 0 15 6 0 0 8 0 1 0 0 35 0 0 0 0 0 0 0 0 7
0 1 0 0 0 0 0 0 0 0 0 0 0 0 0 0 0 0 0 0 0 0 0 0 0 0 0 0 0 0 0 0 0 9 24 57 0 0 0 29 0
23 1 13 9 0 0 0 0 0 0 0 0 0 0 0 0 0 0 0 0 0 0 14 4 0 0 9 0 0 0 0 34 0 0 0 0 0 0 0 0 6
14 3 10 4 0 0 0 0 0 0 0 0 0 0 0 0 0 0 0 0 0 0 7 0 0 0 9 0 0 0 0 19 0 5 7 8 0 2 0 5 1
24 0 10 10 0 0 0 0 0 0 0 0 0 0 0 0 0 0 0 0 0 0 16 8 0 0 6 0 1 0 0 35 0 0 0 0 0 0 0 0 8
25 0 11 10 0 0 0 0 0 0 0 0 0 0 0 0 0 0 0 0 0 0 16 8 0 0 7 0 1 0 0 35 0 0 0 0 0 0 0 0 8
20 2 12 7 0 0 0 0 0 0 0 0 0 0 0 0 0 0 0 0 0 0 12 2 0 0 10 0 0 0 0 29 0 1 0 0 0 1 0 0 4
0 3 0 0 0 0 0 0 0 0 0 0 0 0 0 0 0 0 0 0 0 0 0 0 0 0 1 0 0 0 0 0 0 10 21 53 0 1 0 27 0
11 3 9 4 0 0 0 0 0 0 0 0 0 0 0 0 0 0 0 0 0 0 6 0 0 0 9 0 0 0 0 15 0 6 8 12 0 1 0 7 1
20 2 12 8 0 0 0 0 0 0 0 0 0 0 0 0 0 0 0 0 0 0 13 2 0 0 10 0 0 0 0 30 0 1 0 0 0 1 0 0 4
0 0 0 0 0 0 0 0 0 0 0 0 0 0 0 0 0 0 0 0 0 0 0 0 0 0 0 0 0 0 0 0 0 5 25 67 0 0 0 35 0
0 0 0 0 0 0 0 0 0 0 0 0 0 0 0 0 0 0 0 0 0 0 0 0 0 0 0 0 0 0 0 0 0 7 24 62 0 0 0 32 0
0 1 0 0 0 0 0 0 0 0 0 0 0 0 0 0 0 0 0 0 0 0 0 0 0 0 0 0 0 0 0 0 0 9 23 59 0 0 0 30 0
0 0 0 0 0 0 0 0 0 0 0 0 0 0 0 0 0 0 0 0 0 0 0 0 0 0 0 0 0 0 0 0 0 4 24 67 0 0 0 36 0
24 0 11 10 0 0 0 0 0 0 0 0 0 0 0 0 0 0 0 0 0 0 16 8 0 0 7 0 1 0 0 34 0 0 0 0 0 0 0 0 7
0 4 2 0 0 0 0 0 0 0 0 0 0 0 0 0 0 0 0 0 0 0 0 0 0 0 4 0 0 0 0 0 0 10 19 45 0 2 0 23 0
17 3 11 6 0 0 0 0 0 0 0 0 0 0 0 0 0 0 0 0 0 0 10 0 0 0 11 0 0 0 0 23 0 5 4 0 0 2 0 1 2
15 4 10 5 0 0 0 0 0 0 0 0 0 0 0 0 0 0 0 0 0 0 7 0 0 0 11 0 0 0 0 19 0 7 7 10 0 2 0 6 2
17 4 12 6 0 0 0 0 0 0 0 0 0 0 0 0 0 0 0 0 0 0 9 0 0 0 11 0 0 0 0 24 0 5 5 2 0 2 0 3 2
20 2 12 8 0 0 0 0 0 0 0 0 0 0 0 0 0 0 0 0 0 0 13 3 0 0 10 0 0 0 0 30 0 0 0 0 0 1 0 0 5
0 0 0 0 0 0 0 0 0 0 0 0 0 0 0 0 0 0 0 0 0 0 0 0 0 0 0 0 0 0 0 0 0 4 25 68 0 0 0 38 0
20 2 13 8 0 0 0 0 0 0 0 0 0 0 0 0 0 0 0 0 0 0 13 2 0 0 10 0 0 0 0 30 0 0 0 0 0 1 0 0 4
14 3 10 5 0 0 0 0 0 0 0 0 0 0 0 0 0 0 0 0 0 0 8 0 0 0 10 0 0 0 0 20 0 5 6 6 0 2 0 4 2
23 2 13 9 0 0 0 0 0 0 0 0 0 0 0 0 0 0 0 0 0 0 15 4 0 0 10 0 0 0 0 35 0 0 0 0 0 0 0 0 6
0 1 0 0 0 0 0 0 0 0 0 0 0 0 0 0 0 0 0 0 0 0 0 0 0 0 0 0 0 0 0 0 0 8 24 61 0 0 0 31 0
25 0 12 10 0 0 0 0 0 0 0 0 0 0 0 0 0 0 0 0 0 0 16 7 0 0 7 0 1 0 0 36 0 0 0 0 0 0 0 0 7
19 2 13 7 0 0 0 0 0 0 0 0 0 0 0 0 0 0 0 0 0 0 12 1 0 0 10 0 0 0 0 29 0 1 0 0 0 1 0 0 4
15 3 11 5 0 0 0 0 0 0 0 0 0 0 0 0 0 0 0 0 0 0 8 0 0 0 9 0 0 0 0 21 0 5 6 4 0 2 0 4 2
0 0 0 0 0 0 0 0 0 0 0 0 0 0 0 0 0 0 0 0 0 0 0 0 0 0 0 0 0 0 0 0 0 2 25 73 0 0 0 42 0
23 1 13 9 0 0 0 0 0 0 0 0 0 0 0 0 0 0 0 0 0 0 15 4 0 0 9 0 0 0 0 33 0 0 0 0 0 0 0 0 6
24 0 11 10 0 0 0 0 0 0 0 0 0 0 0 0 0 0 0 0 0 0 16 8 0 0 6 0 1 0 0 35 0 0 0 0 0 0 0 0 7
0 0 0 0 0 0 0 0 0 0 0 0 0 0 0 0 0 0 0 0 0 0 0 0 0 0 0 0 0 0 0 0 0 5 24 66 0 0 0 35 0
0 0 0 0 0 0 0 0 0 0 0 0 0 0 0 0 0 0 0 0 0 0 0 0 0 0 0 0 0 0 0 0 0 7 24 62 0 0 0 32 0
0 4 2 0 0 0 0 0 0 0 0 0 0 0 0 0 0 0 0 0 0 0 0 0 0 0 4 0 0 0 0 0 0 10 18 46 0 2 0 23 0
22 2 12 8 0 0 0 0 0 0 0 0 0 0 0 0 0 0 0 0 0 0 14 3 0 0 10 0 0 0 0 32 0 0 0 0 0 0 0 0 5
24 0 11 9 0 0 0 0 0 0 0 0 0 0 0 0 0 0 0 0 0 0 16 7 0 0 7 0 1 0 0 35 0 0 0 0 0 0 0 0 7
23 2 13 9 0 0 0 0 0 0 0 0 0 0 0 0 0 0 0 0 0 0 15 4 0 0 10 0 0 0 0 33 0 0 0 0 0 0 0 0 5
24 1 12 9 0 0 0 0 0 0 0 0 0 0 0 0 0 0 0 0 0 0 15 6 0 0 8 0 1 0 0 35 0 0 0 0 0 0 0 0 7
25 0 12 10 0 0 0 0 0 0 0 0 0 0 0 0 0 0 0 0 0 0 16 7 0 0 7 0 1 0 0 36 0 0 0 0 0 0 0 0 8
23 1 12 9 0 0 0 0 0 0 0 0 0 0 0 0 0 0 0 0 0 0 15 5 0 0 8 0 1 0 0 34 0 0 0 0 0 0 0 0 6
1 4 3 0 0 0 0 0 0 0 0 0 0 0 0 0 0 0 0 0 0 0 0 0 0 0 4 0 0 0 0 0 0 10 19 44 0 2 0 23 0
12 5 8 4 0 0 0 0 0 0 0 0 0 0 0 0 0 0 0 0 0 0 4 0 0 0 10 0 0 0 0 13 0 9 11 22 0 2 0 14 0
21 2 12 8 0 0 0 0 0 0 0 0 0 0 0 0 0 0 0 0 0 0 13 3 0 0 9 0 0 0 0 31 0 0 0 0 0 1 0 0 5
0 0 0 0 0 0 0 0 0 0 0 0 0 0 0 0 0 0 0 0 0 0 0 0 0 0 0 0 0 0 0 0 0 7 26 65 0 0 0 33 0
0 0 0 0 0 0 0 0 0 0 0 0 0 0 0 0 0 0 0 0 0 0 0 0 0 0 0 0 0 0 0 0 0 3 24 70 0 0 0 39 0
0 0 0 0 0 0 0 0 0 0 0 0 0 0 0 0 0 0 0 0 0 0 0 0 0 0 0 0 0 0 0 0 0 5 25 66 0 0 0 35 0
11 4 8 3 0 0 0 0 0 0 0 0 0 0 0 0 0 0 0 0 0 0 4 0 0 0 9 0 0 0 0 13 0 8 10 18 0 2 0 11 1
0 2 0 0 0 0 0 0 0 0 0 0 0 0 0 0 0 0 0 0 0 0 0 0 0 0 0 0 0 0 0 0 0 9 23 57 0 0 0 29 0
22 2 13 8 0 0 0 0 0 0 0 0 0 0 0 0 0 0 0 0 0 0 14 3 0 0 10 0 0 0 0 32 0 0 0 0 0 0 0 0 5
14 4 9 4 0 0 0 0 0 0 0 0 0 0 0 0 0 0 0 0 0 0 7 0 0 0 10 0 0 0 0 18 0 6 7 11 0 2 0 8 1
25 0 10 10 0 0 0 0 0 0 0 0 0 0 0 0 0 0 0 0 0 0 16 9 0 0 6 0 1 0 0 34 0 0 0 0 0 0 0 0 8
0 0 0 0 0 0 0 0 0 0 0 0 0 0 0 0 0 0 0 0 0 0 0 0 0 0 0 0 0 0 0 0 0 7 25 64 0 0 0 33 0
24 0 12 10 0 0 0 0 0 0 0 0 0 0 0 0 0 0 0 0 0 0 16 6 0 0 7 0 1 0 0 35 0 0 0 0 0 0 0 0 7
23 1 13 9 0 0 0 0 0 0 0 0 0 0 0 0 0 0 0 0 0 0 15 4 0 0 9 0 0 0 0 34 0 0 0 0 0 0 0 0 6
22 2 13 8 0 0 0 0 0 0 0 0 0 0 0 0 0 0 0 0 0 0 14 3 0 0 10 0 0 0 0 32 0 0 0 0 0 0 0 0 5
22 2 12 8 0 0 0 0 0 0 0 0 0 0 0 0 0 0 0 0 0 0 14 3 0 0 10 0 0 0 0 31 0 0 0 0 0 1 0 0 5
23 1 13 9 0 0 0 0 0 0 0 0 0 0 0 0 0 0 0 0 0 0 15 4 0 0 9 0 0 0 0 34 0 0 0 0 0 0 0 0 6
0 0 0 0 0 0 0 0 0 0 0 0 0 0 0 0 0 0 0 0 0 0 0 0 0 0 0 0 0 0 0 0 0 1 24 75 0 0 0 44 0
0 0 0 0 0 0 0 0 0 0 0 0 0 0 0 0 0 0 0 0 0 0 0 0 0 0 0 0 0 0 0 0 0 7 25 63 0 0 0 33 0
20 2 12 8 0 0 0 0 0 0 0 0 0 0 0 0 0 0 0 0 0 0 13 2 0 0 10 0 0 0 0 29 0 1 0 0 0 1 0 0 4
24 1 12 9 0 0 0 0 0 0 0 0 0 0 0 0 0 0 0 0 0 0 15 5 0 0 8 0 1 0 0 35 0 0 0 0 0 0 0 0 7
0 0 0 0 0 0 0 0 0 0 0 0 0 0 0 0 0 0 0 0 0 0 0 0 0 0 0 0 0 0 0 0 0 7 25 64 0 0 0 33 0
23 1 13 9 0 0 0 0 0 0 0 0 0 0 0 0 0 0 0 0 0 0 15 5 0 0 8 0 1 0 0 34 0 0 0 0 0 0 0 0 6
25 0 10 10 0 0 0 0 0 0 0 0 0 0 0 0 0 0 0 0 0 0 16 10 0 0 6 0 1 0 0 34 0 0 0 0 0 0 0 0 8
1 4 2 0 0 0 0 0 0 0 0 0 0 0 0 0 0 0 0 0 0 0 0 0 0 0 5 0 0 0 0 0 0 10 18 44 0 2 0 23 0
0 0 0 0 0 0 0 0 0 0 0 0 0 0 0 0 0 0 0 0 0 0 0 0 0 0 0 0 0 0 0 0 0 7 24 62 0 0 0 32 0
24 0 10 9 0 0 0 0 0 0 0 0 0 0 0 0 0 0 0 0 0 0 16 8 0 0 7 0 1 0 0 34 0 0 0 0 0 0 0 0 7
25 0 11 10 0 0 0 0 0 0 0 0 0 0 0 0 0 0 0 0 0 0 16 9 0 0 6 0 1 0 0 35 0 0 0 0 0 0 0 0 8
0 1 0 0 0 0 0 0 0 0 0 0 0 0 0 0 0 0 0 0 0 0 0 0 0 0 0 0 0 0 0 0 0 8 24 60 0 0 0 30 0
0 0 0 0 2 0 0 0 0 0 0 0 0 0 0 0 0 0 0 0 0 0 0 0 0 0 0 0 0 1 0 0 0 0 24 85 0 0 0 54 0
0 0 0 0 0 0 0 0 0 0 0 0 0 0 0 0 0 0 0 0 0 0 0 0 0 0 0 0 0 0 0 0 0 4 25 69 0 0 0 38 0
0 4 0 0 0 0 0 0 0 0 0 0 0 0 0 0 0 0 0 0 0 0 0 0 0 0 4 0 0 0 0 0 0 11 20 52 0 2 0 27 0
0 0 0 0 0 0 0 0 0 0 0 0 0 0 0 0 0 0 0 0 0 0 0 0 0 0 0 0 0 0 0 0 0 7 25 64 0 0 0 33 0
0 4 2 0 0 0 0 0 0 0 0 0 0 0 0 0 0 0 0 0 0 0 0 0 0 0 4 0 0 0 0 0 0 11 20 49 0 2 0 25 0
24 1 13 9 0 0 0 0 0 0 0 0 0 0 0 0 0 0 0 0 0 0 15 4 0 0 9 0 0 0 0 35 0 0 0 0 0 0 0 0 6
23 1 12 9 0 0 0 0 0 0 0 0 0 0 0 0 0 0 0 0 0 0 15 4 0 0 9 0 0 0 0 33 0 0 0 0 0 0 0 0 6
19 2 11 7 0 0 0 0 0 0 0 0 0 0 0 0 0 0 0 0 0 0 12 2 0 0 10 0 0 0 0 27 0 1 0 0 0 1 0 0 4
23 1 12 9 0 0 0 0 0 0 0 0 0 0 0 0 0 0 0 0 0 0 15 4 0 0 9 0 1 0 0 34 0 0 0 0 0 0 0 0 6
24 0 11 10 0 0 0 0 0 0 0 0 0 0 0 0 0 0 0 0 0 0 16 7 0 0 7 0 1 0 0 35 0 0 0 0 0 0 0 0 7
22 1 12 8 0 0 0 0 0 0 0 0 0 0 0 0 0 0 0 0 0 0 14 4 0 0 9 0 0 0 0 33 0 0 0 0 0 0 0 0 6
20 2 12 8 0 0 0 0 0 0 0 0 0 0 0 0 0 0 0 0 0 0 13 3 0 0 10 0 0 0 0 30 0 0 0 0 0 1 0 0 5
21 2 13 8 0 0 0 0 0 0 0 0 0 0 0 0 0 0 0 0 0 0 14 3 0 0 10 0 0 0 0 31 0 0 0 0 0 1 0 0 5
0 2 0 0 0 0 0 0 0 0 0 0 0 0 0 0 0 0 0 0 0 0 0 0 0 0 0 0 0 0 0 0 0 9 23 57 0 0 0 29 0
0 2 0 0 0 0 0 0 0 0 0 0 0 0 0 0 0 0 0 0 0 0 0 0 0 0 0 0 0 0 0 0 0 10 23 60 0 0 0 30 0
0 0 0 0 0 0 0 0 0 0 0 0 0 0 0 0 0 0 0 0 0 0 0 0 0 0 0 0 0 0 0 0 0 4 24 69 0 0 0 38 0
16 3 11 6 0 0 0 0 0 0 0 0 0 0 0 0 0 0 0 0 0 0 10 0 0 0 10 0 0 0 0 23 0 4 3 0 0 1 0 0 3
9 4 8 3 0 0 0 0 0 0 0 0 0 0 0 0 0 0 0 0 0 0 3 0 0 0 8 0 0 0 0 10 0 8 11 25 0 2 0 13 0
9 4 7 3 0 0 0 0 0 0 0 0 0 0 0 0 0 0 0 0 0 0 2 0 0 0 9 0 0 0 0 9 0 9 13 28 0 2 0 15 0
22 2 13 8 0 0 0 0 0 0 0 0 0 0 0 0 0 0 0 0 0 0 14 3 0 0 9 0 0 0 0 32 0 0 0 0 0 0 0 0 5
23 1 12 9 0 0 0 0 0 0 0 0 0 0 0 0 0 0 0 0 0 0 15 5 0 0 8 0 1 0 0 33 0 0 0 0 0 0 0 0 7
0 0 0 0 0 0 0 0 0 0 0 0 0 0 0 0 0 0 0 0 0 0 0 0 0 0 0 0 0 0 0 0 0 5 25 69 0 0 0 37 0
24 1 13 9 0 0 0 0 0 0 0 0 0 0 0 0 0 0 0 0 0 0 16 5 0 0 8 0 0 0 0 36 0 0 0 0 0 0 0 0 7
23 1 11 9 0 0 0 0 0 0 0 0 0 0 0 0 0 0 0 0 0 0 15 5 0 0 9 0 1 0 0 32 0 0 0 0 0 0 0 0 6
23 1 13 9 0 0 0 0 0 0 0 0 0 0 0 0 0 0 0 0 0 0 15 4 0 0 9 0 0 0 0 34 0 0 0 0 0 0 0 0 6
0 0 0 0 0 0 0 0 0 0 0 0 0 0 0 0 0 0 0 0 0 0 0 0 0 0 0 0 0 0 0 0 0 7 24 62 0 0 0 32 0
24 1 12 9 0 0 0 0 0 0 0 0 0 0 0 0 0 0 0 0 0 0 16 6 0 0 8 0 1 0 0 35 0 0 0 0 0 0 0 0 7
24 1 13 9 0 0 0 0 0 0 0 0 0 0 0 0 0 0 0 0 0 0 16 5 0 0 8 0 1 0 0 36 0 0 0 0 0 0 0 0 7
24 0 12 10 0 0 0 0 0 0 0 0 0 0 0 0 0 0 0 0 0 0 16 6 0 0 7 0 1 0 0 36 0 0 0 0 0 0 0 0 7
22 3 13 8 0 0 0 0 0 0 0 0 0 0 0 0 0 0 0 0 0 0 14 3 0 0 10 0 0 0 0 32 0 0 0 0 0 0 0 0 5
24 1 12 9 0 0 0 0 0 0 0 0 0 0 0 0 0 0 0 0 0 0 15 5 0 0 8 0 1 0 0 35 0 0 0 0 0 0 0 0 6
23 1 12 9 0 0 0 0 0 0 0 0 0 0 0 0 0 0 0 0 0 0 15 6 0 0 8 0 1 0 0 34 0 0 0 0 0 0 0 0 7
7 4 6 2 0 0 0 0 0 0 0 0 0 0 0 0 0 0 0 0 0 0 1 0 0 0 7 0 0 0 0 5 0 9 15 32 0 2 0 17 0
23 1 13 9 0 0 0 0 0 0 0 0 0 0 0 0 0 0 0 0 0 0 15 4 0 0 9 0 0 0 0 34 0 0 0 0 0 0 0 0 6
23 1 12 9 0 0 0 0 0 0 0 0 0 0 0 0 0 0 0 0 0 0 15 5 0 0 9 0 1 0 0 34 0 0 0 0 0 0 0 0 6
25 0 11 10 0 0 0 0 0 0 0 0 0 0 0 0 0 0 0 0 0 0 16 8 0 0 7 0 1 0 0 36 0 0 0 0 0 0 0 0 7
0 0 0 0 0 0 0 0 0 0 0 0 0 0 0 0 0 0 0 0 0 0 0 0 0 0 0 0 0 0 0 0 0 7 25 65 0 0 0 34 0
0 2 0 0 0 0 0 0 0 0 0 0 0 0 0 0 0 0 0 0 0 0 0 0 0 0 0 0 0 0 0 0 0 10 22 55 0 1 0 27 0
24 2 12 9 0 0 0 0 0 0 0 0 0 0 0 0 0 0 0 0 0 0 15 5 0 0 9 0 0 0 0 34 0 0 0 0 0 0 0 0 6
2 4 3 0 0 0 0 0 0 0 0 0 0 0 0 0 0 0 0 0 0 0 0 0 0 0 5 0 0 0 0 0 0 10 17 40 0 2 0 21 0
11 4 8 4 0 0 0 0 0 0 0 0 0 0 0 0 0 0 0 0 0 0 4 0 0 0 9 0 0 0 0 13 0 7 9 18 0 2 0 11 0
21 2 12 8 0 0 0 0 0 0 0 0 0 0 0 0 0 0 0 0 0 0 13 2 0 0 11 0 0 0 0 30 0 0 0 0 0 1 0 0 5
17 3 11 6 0 0 0 0 0 0 0 0 0 0 0 0 0 0 0 0 0 0 10 0 0 0 10 0 0 0 0 24 0 3 3 0 0 1 0 0 3
14 4 10 5 0 0 0 0 0 0 0 0 0 0 0 0 0 0 0 0 0 0 7 0 0 0 9 0 0 0 0 18 0 6 7 9 0 2 0 5 2
22 1 13 8 0 0 0 0 0 0 0 0 0 0 0 0 0 0 0 0 0 0 14 3 0 0 9 0 0 0 0 32 0 0 0 0 0 0 0 0 5
0 2 0 0 0 0 0 0 0 0 0 0 0 0 0 0 0 0 0 0 0 0 0 0 0 0 0 0 0 0 0 0 0 10 23 59 0 1 0 30 0
16 3 11 5 0 0 0 0 0 0 0 0 0 0 0 0 0 0 0 0 0 0 8 0 0 0 10 0 0 0 0 21 0 6 6 5 0 2 0 3 2
24 0 12 9 0 0 0 0 0 0 0 0 0 0 0 0 0 0 0 0 0 0 16 7 0 0 7 0 1 0 0 36 0 0 0 0 0 0 0 0 7
24 1 13 9 0 0 0 0 0 0 0 0 0 0 0 0 0 0 0 0 0 0 15 4 0 0 9 0 0 0 0 35 0 0 0 0 0 0 0 0 6
25 0 11 10 0 0 0 0 0 0 0 0 0 0 0 0 0 0 0 0 0 0 16 7 0 0 7 0 1 0 0 35 0 0 0 0 0 0 0 0 7
0 0 0 0 0 0 0 0 0 0 0 0 0 0 0 0 0 0 0 0 0 0 0 0 0 0 0 0 0 0 0 0 0 7 24 64 0 0 0 33 0
0 0 0 0 0 0 0 0 0 0 0 0 0 0 0 0 0 0 0 0 0 0 0 0 0 0 0 0 0 0 0 0 0 4 25 70 0 0 0 38 0
2 4 3 0 0 0 0 0 0 0 0 0 0 0 0 0 0 0 0 0 0 0 0 0 0 0 5 0 0 0 0 0 0 10 18 42 0 2 0 22 0
24 1 13 9 0 0 0 0 0 0 0 0 0 0 0 0 0 0 0 0 0 0 15 5 0 0 8 0 1 0 0 35 0 0 0 0 0 0 0 0 6
22 2 13 8 0 0 0 0 0 0 0 0 0 0 0 0 0 0 0 0 0 0 14 3 0 0 10 0 0 0 0 32 0 0 0 0 0 1 0 0 5
0 0 0 0 0 0 0 0 0 0 0 0 0 0 0 0 0 0 0 0 0 0 0 0 0 0 0 0 0 0 0 0 0 6 25 65 0 0 0 34 0
20 2 12 7 0 0 0 0 0 0 0 0 0 0 0 0 0 0 0 0 0 0 12 2 0 0 10 0 0 0 0 30 0 1 0 0 0 1 0 0 4
26 0 10 10 0 0 0 0 0 0 0 0 0 0 0 0 0 0 0 0 0 0 17 10 0 0 5 0 2 0 0 37 0 0 0 0 0 0 0 0 8
24 1 12 9 0 0 0 0 0 0 0 0 0 0 0 0 0 0 0 0 0 0 16 6 0 0 8 0 1 0 0 35 0 0 0 0 0 0 0 0 7
16 4 11 6 0 0 0 0 0 0 0 0 0 0 0 0 0 0 0 0 0 0 9 0 0 0 11 0 0 0 0 22 0 5 5 3 0 2 0 3 2
21 2 13 7 0 0 0 0 0 0 0 0 0 0 0 0 0 0 0 0 0 0 13 2 0 0 10 0 0 0 0 30 0 1 0 0 0 1 0 0 4
7 4 6 2 0 0 0 0 0 0 0 0 0 0 0 0 0 0 0 0 0 0 1 0 0 0 7 0 0 0 0 5 0 9 15 32 0 2 0 17 0
0 3 0 0 0 0 0 0 0 0 0 0 0 0 0 0 0 0 0 0 0 0 0 0 0 0 2 0 0 0 0 0 0 11 22 51 0 1 0 27 0
22 2 13 8 0 0 0 0 0 0 0 0 0 0 0 0 0 0 0 0 0 0 14 3 0 0 10 0 0 0 0 33 0 0 0 0 0 0 0 0 5
0 4 1 0 0 0 0 0 0 0 0 0 0 0 0 0 0 0 0 0 0 0 0 0 0 0 4 0 0 0 0 0 0 10 19 47 0 2 0 24 0
21 1 12 8 0 0 0 0 0 0 0 0 0 0 0 0 0 0 0 0 0 0 14 3 0 0 10 0 0 0 0 31 0 0 0 0 0 1 0 0 5
0 3 1 0 0 0 0 0 0 0 0 0 0 0 0 0 0 0 0 0 0 0 0 0 0 0 3 0 0 0 0 0 0 10 18 44 0 1 0 23 0
23 2 13 9 0 0 0 0 0 0 0 0 0 0 0 0 0 0 0 0 0 0 14 4 0 0 10 0 0 0 0 33 0 0 0 0 0 0 0 0 6
15 4 10 5 0 0 0 0 0 0 0 0 0 0 0 0 0 0 0 0 0 0 7 0 0 0 10 0 0 0 0 19 0 7 8 11 0 2 0 7 2
25 0 10 10 0 0 0 0 0 0 0 0 0 0 0 0 0 0 0 0 0 0 16 8 0 0 6 0 1 0 0 34 0 0 0 0 0 0 0 0 8
0 0 0 0 0 0 0 0 0 0 0 0 0 0 0 0 0 0 0 0 0 0 0 0 0 0 0 0 0 0 0 0 0 7 25 63 0 0 0 33 0
0 0 0 0 0 0 0 0 0 0 0 0 0 0 0 0 0 0 0 0 0 0 0 0 0 0 0 0 0 0 0 0 0 6 25 64 0 0 0 34 0
23 1 13 9 0 0 0 0 0 0 0 0 0 0 0 0 0 0 0 0 0 0 15 4 0 0 9 0 0 0 0 34 0 0 0 0 0 0 0 0 5
22 1 12 8 0 0 0 0 0 0 0 0 0 0 0 0 0 0 0 0 0 0 14 4 0 0 9 0 0 0 0 32 0 0 0 0 0 0 0 0 6
24 1 13 9 0 0 0 0 0 0 0 0 0 0 0 0 0 0 0 0 0 0 15 5 0 0 8 0 1 0 0 35 0 0 0 0 0 0 0 0 6
23 0 12 9 0 0 0 0 0 0 0 0 0 0 0 0 0 0 0 0 0 0 15 6 0 0 7 0 1 0 0 34 0 0 0 0 0 0 0 0 7
0 0 0 0 0 0 0 0 0 0 0 0 0 0 0 0 0 0 0 0 0 0 0 0 0 0 0 0 0 0 0 0 0 2 24 73 0 0 0 42 0
19 3 11 7 0 0 0 0 0 0 0 0 0 0 0 0 0 0 0 0 0 0 11 1 0 0 10 0 0 0 0 27 0 2 2 0 0 1 0 0 4
0 0 0 0 0 0 0 0 0 0 0 0 0 0 0 0 0 0 0 0 0 0 0 0 0 0 0 0 0 0 0 0 0 7 25 63 0 0 0 33 0
24 0 10 10 0 0 0 0 0 0 0 0 0 0 0 0 0 0 0 0 0 0 16 8 0 0 6 0 1 0 0 34 0 0 0 0 0 0 0 0 8
0 4 2 0 0 0 0 0 0 0 0 0 0 0 0 0 0 0 0 0 0 0 0 0 0 0 5 0 0 0 0 0 0 11 18 46 0 2 0 24 0
18 2 11 7 0 0 0 0 0 0 0 0 0 0 0 0 0 0 0 0 0 0 11 1 0 0 10 0 0 0 0 27 0 2 0 0 0 1 0 0 4
5 5 5 1 0 0 0 0 0 0 0 0 0 0 0 0 0 0 0 0 0 0 0 0 0 0 7 0 0 0 0 1 0 10 17 38 0 2 0 21 0
24 0 11 9 0 0 0 0 0 0 0 0 0 0 0 0 0 0 0 0 0 0 16 7 0 0 7 0 1 0 0 35 0 0 0 0 0 0 0 0 7
7 4 6 2 0 0 0 0 0 0 0 0 0 0 0 0 0 0 0 0 0 0 1 0 0 0 7 0 0 0 0 6 0 9 14 29 0 2 0 16 0
0 3 0 0 0 0 0 0 0 0 0 0 0 0 0 0 0 0 0 0 0 0 0 0 0 0 2 0 0 0 0 0 0 10 21 50 0 1 0 25 0
12 4 9 4 0 0 0 0 0 0 0 0 0 0 0 0 0 0 0 0 0 0 5 0 0 0 9 0 0 0 0 15 0 7 9 15 0 2 0 9 1
0 0 0 0 0 0 0 0 0 0 0 0 0 0 0 0 0 0 0 0 0 0 0 0 0 0 0 0 0 0 0 0 0 7 25 64 0 0 0 33 0
22 2 13 8 0 0 0 0 0 0 0 0 0 0 0 0 0 0 0 0 0 0 14 4 0 0 9 0 0 0 0 33 0 0 0 0 0 0 0 0 5
25 0 10 10 0 0 0 0 0 0 0 0 0 0 0 0 0 0 0 0 0 0 16 10 0 0 5 0 1 0 0 34 0 0 0 0 0 0 0 0 8
23 1 12 9 0 0 0 0 0 0 0 0 0 0 0 0 0 0 0 0 0 0 15 5 0 0 8 0 1 0 0 34 0 0 0 0 0 0 0 0 7
24 1 12 9 0 0 0 0 0 0 0 0 0 0 0 0 0 0 0 0 0 0 16 6 0 0 8 0 1 0 0 35 0 0 0 0 0 0 0 0 7
0 4 1 0 0 0 0 0 0 0 0 0 0 0 0 0 0 0 0 0 0 0 0 0 0 0 3 0 0 0 0 0 0 11 21 50 0 1 0 26 0
19 3 12 6 0 0 0 0 0 0 0 0 0 0 0 0 0 0 0 0 0 0 11 0 0 0 11 0 0 0 0 26 0 4 3 0 0 2 0 0 3
26 0 11 10 0 0 0 0 0 0 0 0 0 0 0 0 0 0 0 0 0 0 17 9 0 0 6 0 1 0 0 36 0 0 0 0 0 0 0 0 8
21 2 12 8 0 0 0 0 0 0 0 0 0 0 0 0 0 0 0 0 0 0 14 3 0 0 10 0 0 0 0 32 0 0 0 0 0 0 0 0 5
16 3 11 6 0 0 0 0 0 0 0 0 0 0 0 0 0 0 0 0 0 0 9 0 0 0 10 0 0 0 0 23 0 4 4 0 0 2 0 0 3
0 3 0 0 0 0 0 0 0 0 0 0 0 0 0 0 0 0 0 0 0 0 0 0 0 0 2 0 0 0 0 0 0 11 22 55 0 1 0 28 0
0 3 0 0 0 0 0 0 0 0 0 0 0 0 0 0 0 0 0 0 0 0 0 0 0 0 2 0 0 0 0 0 0 11 22 53 0 1 0 28 0
0 0 0 0 0 0 0 0 0 0 0 0 0 0 0 0 0 0 0 0 0 0 0 0 0 0 0 0 0 0 0 0 0 5 24 67 0 0 0 36 0
0 0 0 0 0 0 0 0 0 0 0 0 0 0 0 0 0 0 0 0 0 0 0 0 0 0 0 0 0 0 0 0 0 0 24 77 0 0 0 46 0
0 4 0 0 0 0 0 0 0 0 0 0 0 0 0 0 0 0 0 0 0 0 0 0 0 0 3 0 0 0 0 0 0 11 23 54 0 1 0 28 0
22 1 13 9 0 0 0 0 0 0 0 0 0 0 0 0 0 0 0 0 0 0 14 3 0 0 10 0 0 0 0 32 0 0 0 0 0 0 0 0 5
0 0 0 0 0 0 0 0 0 0 0 0 0 0 0 0 0 0 0 0 0 0 0 0 0 0 0 0 0 0 0 0 0 6 24 63 0 0 0 33 0
0 2 0 0 0 0 0 0 0 0 0 0 0 0 0 0 0 0 0 0 0 0 0 0 0 0 0 0 0 0 0 0 0 9 23 57 0 1 0 29 0
0 0 0 0 0 0 0 0 0 0 0 0 0 0 0 0 0 0 0 0 0 0 0 0 0 0 0 0 0 0 0 0 0 7 25 63 0 0 0 33 0
17 3 11 6 0 0 0 0 0 0 0 0 0 0 0 0 0 0 0 0 0 0 11 1 0 0 10 0 0 0 0 26 0 3 1 0 0 1 0 0 3
12 4 9 4 0 0 0 0 0 0 0 0 0 0 0 0 0 0 0 0 0 0 6 0 0 0 10 0 0 0 0 15 0 7 9 16 0 2 0 9 1
24 1 13 9 0 0 0 0 0 0 0 0 0 0 0 0 0 0 0 0 0 0 16 5 0 0 8 0 1 0 0 35 0 0 0 0 0 0 0 0 7
0 0 0 0 0 0 0 0 0 0 0 0 0 0 0 0 0 0 0 0 0 0 0 0 0 0 0 0 0 0 0 0 0 5 25 67 0 0 0 36 0
23 1 12 9 0 0 0 0 0 0 0 0 0 0 0 0 0 0 0 0 0 0 15 6 0 0 8 0 1 0 0 33 0 0 0 0 0 0 0 0 7
0 0 0 0 0 0 0 0 0 0 0 0 0 0 0 0 0 0 0 0 0 0 0 0 0 0 0 0 0 0 0 0 0 6 26 66 0 0 0 35 0
22 2 12 8 0 0 0 0 0 0 0 0 0 0 0 0 0 0 0 0 0 0 14 3 0 0 10 0 0 0 0 31 0 0 0 0 0 1 0 0 5
14 4 10 4 0 0 0 0 0 0 0 0 0 0 0 0 0 0 0 0 0 0 6 0 0 0 10 0 0 0 0 16 0 7 10 15 0 2 0 9 1
0 3 0 0 0 0 0 0 0 0 0 0 0 0 0 0 0 0 0 0 0 0 0 0 0 0 3 0 0 0 0 0 0 10 19 48 0 1 0 25 0
7 4 6 2 0 0 0 0 0 0 0 0 0 0 0 0 0 0 0 0 0 0 1 0 0 0 7 0 0 0 0 6 0 8 14 29 0 2 0 15 0
0 0 0 0 0 0 0 0 0 0 0 0 0 0 0 0 0 0 0 0 0 0 0 0 0 0 0 0 0 0 0 0 0 6 25 66 0 0 0 35 0
24 1 13 9 0 0 0 0 0 0 0 0 0 0 0 0 0 0 0 0 0 0 15 5 0 0 8 0 1 0 0 35 0 0 0 0 0 0 0 0 7
1 4 2 0 0 0 0 0 0 0 0 0 0 0 0 0 0 0 0 0 0 0 0 0 0 0 5 0 0 0 0 0 0 11 19 47 0 2 0 24 0
0 0 0 0 1 0 0 0 0 0 0 0 0 0 0 0 0 0 0 0 0 0 0 0 0 0 0 0 0 1 0 0 0 0 24 86 0 0 0 54 0
23 1 13 9 0 0 0 0 0 0 0 0 0 0 0 0 0 0 0 0 0 0 15 4 0 0 9 0 0 0 0 34 0 0 0 0 0 0 0 0 6
0 0 0 0 0 0 0 0 0 0 0 0 0 0 0 0 0 0 0 0 0 0 0 0 0 0 0 0 0 0 0 0 0 7 24 62 0 0 0 31 0
0 0 0 0 0 0 0 0 0 0 0 0 0 0 0 0 0 0 0 0 0 0 0 0 0 0 0 0 0 0 0 0 0 7 24 62 0 0 0 32 0
18 3 12 6 0 0 0 0 0 0 0 0 0 0 0 0 0 0 0 0 0 0 11 0 0 0 11 0 0 0 0 26 0 3 2 0 0 2 0 0 3
0 0 0 0 0 0 0 0 0 0 0 0 0 0 0 0 0 0 0 0 0 0 0 0 0 0 0 0 0 0 0 0 0 5 24 65 0 0 0 34 0
22 1 12 8 0 0 0 0 0 0 0 0 0 0 0 0 0 0 0 0 0 0 14 4 0 0 9 0 0 0 0 32 0 0 0 0 0 0 0 0 5
25 0 10 10 0 0 0 0 0 0 0 0 0 0 0 0 0 0 0 0 0 0 16 10 0 0 5 0 1 0 0 35 0 0 0 0 0 0 0 0 8
0 0 0 0 0 0 0 0 0 0 0 0 0 0 0 0 0 0 0 0 0 0 0 0 0 0 0 0 0 0 0 0 0 6 24 63 0 0 0 32 0
21 2 12 7 0 0 0 0 0 0 0 0 0 0 0 0 0 0 0 0 0 0 13 3 0 0 10 0 0 0 0 30 0 0 0 0 0 1 0 0 4
24 0 11 9 0 0 0 0 0 0 0 0 0 0 0 0 0 0 0 0 0 0 15 7 0 0 8 0 1 0 0 34 0 0 0 0 0 0 0 0 7
10 4 9 3 0 0 0 0 0 0 0 0 0 0 0 0 0 0 0 0 0 0 4 0 0 0 8 0 0 0 0 12 0 8 11 22 0 2 0 12 0
0 0 0 0 0 0 0 0 0 0 0 0 0 0 0 0 0 0 0 0 0 0 0 0 0 0 0 0 0 0 0 0 0 6 25 66 0 0 0 34 0
0 0 0 0 0 0 0 0 0 0 0 0 0 0 0 0 0 0 0 0 0 0 0 0 0 0 0 0 0 0 0 0 0 7 24 63 0 0 0 33 0
25 0 10 10 0 0 0 0 0 0 0 0 0 0 0 0 0 0 0 0 0 0 16 9 0 0 6 0 1 0 0 35 0 0 0 0 0 0 0 0 8
18 3 12 7 0 0 0 0 0 0 0 0 0 0 0 0 0 0 0 0 0 0 11 1 0 0 10 0 0 0 0 26 0 3 2 0 0 1 0 0 3
0 0 0 0 0 0 0 0 0 0 0 0 0 0 0 0 0 0 0 0 0 0 0 0 0 0 0 0 0 0 0 0 0 8 25 61 0 0 0 31 0
0 3 0 0 0 0 0 0 0 0 0 0 0 0 0 0 0 0 0 0 0 0 0 0 0 0 1 0 0 0 0 0 0 10 22 53 0 1 0 27 0
0 0 0 0 0 0 0 0 0 0 0 0 0 0 0 0 0 0 0 0 0 0 0 0 0 0 0 0 0 0 0 0 0 7 25 64 0 0 0 33 0
24 0 11 10 0 0 0 0 0 0 0 0 0 0 0 0 0 0 0 0 0 0 16 8 0 0 7 0 1 0 0 35 0 0 0 0 0 0 0 0 7
0 0 0 0 0 0 0 0 0 0 0 0 0 0 0 0 0 0 0 0 0 0 0 0 0 0 0 0 0 0 0 0 0 7 24 63 0 0 0 33 0
24 1 12 9 0 0 0 0 0 0 0 0 0 0 0 0 0 0 0 0 0 0 16 5 0 0 9 0 0 0 0 36 0 0 0 0 0 0 0 0 7
24 0 12 10 0 0 0 0 0 0 0 0 0 0 0 0 0 0 0 0 0 0 16 6 0 0 7 0 1 0 0 35 0 0 0 0 0 0 0 0 7
0 0 0 0 0 0 0 0 0 0 0 0 0 0 0 0 0 0 0 0 0 0 0 0 0 0 0 0 0 0 0 0 0 5 24 64 0 0 0 34 0
23 1 13 9 0 0 0 0 0 0 0 0 0 0 0 0 0 0 0 0 0 0 15 4 0 0 9 0 1 0 0 34 0 0 0 0 0 0 0 0 6
23 1 11 9 0 0 0 0 0 0 0 0 0 0 0 0 0 0 0 0 0 0 15 6 0 0 8 0 1 0 0 34 0 0 0 0 0 0 0 0 7
18 3 12 7 0 0 0 0 0 0 0 0 0 0 0 0 0 0 0 0 0 0 11 1 0 0 10 0 0 0 0 27 0 2 1 0 0 1 0 0 3
22 2 12 8 0 0 0 0 0 0 0 0 0 0 0 0 0 0 0 0 0 0 14 4 0 0 9 0 0 0 0 33 0 0 0 0 0 0 0 0 6
14 3 10 5 0 0 0 0 0 0 0 0 0 0 0 0 0 0 0 0 0 0 7 0 0 0 10 0 0 0 0 19 0 6 6 8 0 2 0 5 1
0 4 1 0 0 0 0 0 0 0 0 0 0 0 0 0 0 0 0 0 0 0 0 0 0 0 4 0 0 0 0 0 0 10 20 47 0 2 0 24 0
23 1 13 9 0 0 0 0 0 0 0 0 0 0 0 0 0 0 0 0 0 0 15 5 0 0 9 0 1 0 0 34 0 0 0 0 0 0 0 0 6
0 0 0 0 0 0 0 0 0 0 0 0 0 0 0 0 0 0 0 0 0 0 0 0 0 0 0 0 0 0 0 0 0 6 25 67 0 0 0 36 0
5 4 5 1 0 0 0 0 0 0 0 0 0 0 0 0 0 0 0 0 0 0 0 0 0 0 6 0 0 0 0 2 0 9 15 35 0 2 0 19 0
24 1 12 9 0 0 0 0 0 0 0 0 0 0 0 0 0 0 0 0 0 0 15 5 0 0 8 0 1 0 0 35 0 0 0 0 0 0 0 0 6
22 1 12 8 0 0 0 0 0 0 0 0 0 0 0 0 0 0 0 0 0 0 14 4 0 0 9 0 0 0 0 32 0 0 0 0 0 0 0 0 5
22 2 12 8 0 0 0 0 0 0 0 0 0 0 0 0 0 0 0 0 0 0 14 3 0 0 10 0 0 0 0 32 0 0 0 0 0 1 0 0 5
21 2 13 7 0 0 0 0 0 0 0 0 0 0 0 0 0 0 0 0 0 0 13 2 0 0 11 0 0 0 0 30 0 1 0 0 0 1 0 0 4
22 2 13 8 0 0 0 0 0 0 0 0 0 0 0 0 0 0 0 0 0 0 14 4 0 0 9 0 0 0 0 33 0 0 0 0 0 0 0 0 5
0 0 0 0 0 0 0 0 0 0 0 0 0 0 0 0 0 0 0 0 0 0 0 0 0 0 0 0 0 0 0 0 0 2 24 72 0 0 0 42 0
22 1 13 9 0 0 0 0 0 0 0 0 0 0 0 0 0 0 0 0 0 0 15 4 0 0 9 0 0 0 0 33 0 0 0 0 0 0 0 0 6
0 1 0 0 0 0 0 0 0 0 0 0 0 0 0 0 0 0 0 0 0 0 0 0 0 0 0 0 0 0 0 0 0 9 24 60 0 0 0 31 0
6 4 6 2 0 0 0 0 0 0 0 0 0 0 0 0 0 0 0 0 0 0 0 0 0 0 7 0 0 0 0 4 0 10 16 35 0 2 0 19 0
0 0 0 0 0 0 0 0 0 0 0 0 0 0 0 0 0 0 0 0 0 0 0 0 0 0 0 0 0 0 0 0 0 8 24 61 0 0 0 31 0
23 1 13 9 0 0 0 0 0 0 0 0 0 0 0 0 0 0 0 0 0 0 14 4 0 0 9 0 0 0 0 34 0 0 0 0 0 0 0 0 6
23 1 12 9 0 0 0 0 0 0 0 0 0 0 0 0 0 0 0 0 0 0 15 6 0 0 8 0 1 0 0 34 0 0 0 0 0 0 0 0 6
21 2 12 8 0 0 0 0 0 0 0 0 0 0 0 0 0 0 0 0 0 0 14 3 0 0 10 0 0 0 0 31 0 0 0 0 0 1 0 0 5
9 5 7 2 0 0 0 0 0 0 0 0 0 0 0 0 0 0 0 0 0 0 2 0 0 0 8 0 0 0 0 8 0 10 13 29 0 2 0 16 0
25 0 11 10 0 0 0 0 0 0 0 0 0 0 0 0 0 0 0 0 0 0 17 8 0 0 6 0 1 0 0 36 0 0 0 0 0 0 0 0 8
25 0 10 10 0 0 0 0 0 0 0 0 0 0 0 0 0 0 0 0 0 0 17 9 0 0 6 0 2 0 0 36 0 0 0 0 0 0 0 0 8
25 0 11 9 0 0 0 0 0 0 0 0 0 0 0 0 0 0 0 0 0 0 16 7 0 0 7 0 1 0 0 35 0 0 0 0 0 0 0 0 7
0 0 0 0 0 0 0 0 0 0 0 0 0 0 0 0 0 0 0 0 0 0 0 0 0 0 0 0 0 0 0 0 0 5 25 67 0 0 0 37 0
0 3 0 0 0 0 0 0 0 0 0 0 0 0 0 0 0 0 0 0 0 0 0 0 0 0 3 0 0 0 0 0 0 10 20 51 0 1 0 26 0
20 2 12 7 0 0 0 0 0 0 0 0 0 0 0 0 0 0 0 0 0 0 13 2 0 0 10 0 0 0 0 29 0 1 0 0 0 1 0 0 4
0 4 0 0 0 0 0 0 0 0 0 0 0 0 0 0 0 0 0 0 0 0 0 0 0 0 3 0 0 0 0 0 0 11 21 50 0 2 0 26 0
23 1 13 9 0 0 0 0 0 0 0 0 0 0 0 0 0 0 0 0 0 0 15 4 0 0 9 0 0 0 0 34 0 0 0 0 0 0 0 0 6
0 4 1 0 0 0 0 0 0 0 0 0 0 0 0 0 0 0 0 0 0 0 0 0 0 0 4 0 0 0 0 0 0 11 19 49 0 2 0 25 0
