2 0 0 1 0 0 0 0 0 0 0 0 0 0 0 0 0 0 0 0 0 0 1 7 0 3 8 0 13 0 0 32 6 0 10 19 0 0 0 26 0
3 0 0 3 0 0 0 0 0 0 0 0 0 0 0 0 0 0 0 0 0 0 3 10 0 4 6 0 18 0 0 39 11 0 1 13 0 0 0 19 0
3 0 0 9 0 0 0 0 0 0 0 0 0 0 0 0 0 0 0 0 0 0 9 13 0 6 3 0 24 0 0 47 18 0 0 0 0 0 0 0 0
0 0 9 0 0 0 0 0 0 0 0 0 0 0 0 0 0 0 0 0 0 0 0 0 0 0 0 0 0 4 0 0 0 0 41 27 0 0 0 27 3
3 0 0 8 0 0 0 0 0 0 0 0 0 0 0 0 0 0 0 0 0 0 8 12 0 5 4 0 23 0 0 45 17 0 0 0 0 0 0 2 0
0 0 6 0 0 0 0 0 0 0 0 0 0 0 0 0 0 0 0 0 0 0 0 0 0 0 2 0 0 2 0 0 0 0 34 25 0 0 0 29 2
3 0 0 14 0 0 0 0 0 0 0 0 0 0 0 0 0 0 0 0 0 0 14 17 0 8 0 0 32 0 0 55 27 0 0 0 0 0 0 0 0
3 0 0 5 0 0 0 0 0 0 0 0 0 0 0 0 0 0 0 0 0 0 5 10 0 4 6 0 19 0 0 42 13 0 0 9 0 0 0 15 0
2 0 1 0 0 0 0 0 0 0 0 0 0 0 0 0 0 0 0 0 0 0 0 0 0 0 10 0 4 0 0 14 0 0 26 32 0 0 0 42 0
0 0 8 0 0 0 0 0 0 0 0 0 0 0 0 0 0 0 0 0 0 0 0 0 0 0 0 0 0 3 0 0 0 0 37 25 0 0 0 28 2
0 0 12 0 0 0 0 0 0 0 0 0 0 0 0 0 0 0 0 0 0 0 0 0 0 0 0 0 0 4 0 0 0 0 39 25 0 0 0 23 3
3 0 0 2 0 0 0 0 0 0 0 0 0 0 0 0 0 0 0 0 0 0 2 9 0 4 7 0 16 0 0 37 9 0 5 16 0 0 0 23 0
0 0 5 0 0 0 0 0 0 0 0 0 0 0 0 0 0 0 0 0 0 0 0 0 0 0 3 0 0 1 0 0 0 0 36 28 0 0 0 35 1
0 0 9 0 0 0 0 0 0 0 0 0 0 0 0 0 0 0 0 0 0 0 0 0 0 0 0 0 0 3 0 0 0 0 39 27 0 0 0 29 2
0 0 14 0 0 0 0 0 0 0 0 0 0 0 0 0 0 0 0 0 0 0 0 0 0 0 0 0 0 5 0 0 0 0 37 22 0 0 0 18 3
3 0 0 11 0 0 0 0 0 0 0 0 0 0 0 0 0 0 0 0 0 0 10 14 0 6 3 0 27 0 0 50 21 0 0 0 0 0 0 0 0
0 0 20 0 0 0 0 0 0 0 0 0 0 0 0 0 0 0 0 0 0 0 0 0 0 0 0 0 0 6 0 0 0 0 31 19 0 0 0 6 2
0 0 4 0 0 0 0 0 0 0 0 0 0 0 0 0 0 0 0 0 0 0 0 0 0 0 6 0 0 0 0 0 0 0 31 28 0 0 0 36 0
3 0 0 0 0 0 0 0 0 0 0 0 0 0 0 0 0 0 0 0 0 0 0 4 0 1 10 0 9 0 0 25 3 0 21 30 0 0 0 40 0
0 0 24 0 0 0 0 0 0 0 0 0 0 0 0 0 0 0 0 0 0 0 0 0 0 0 0 0 0 7 0 0 0 0 23 13 0 0 0 0 2
0 0 4 0 0 0 0 0 0 0 0 0 0 0 0 0 0 0 0 0 0 0 0 0 0 0 5 0 0 0 0 0 0 0 31 27 0 0 0 34 1
3 0 0 6 0 0 0 0 0 0 0 0 0 0 0 0 0 0 0 0 0 0 6 11 0 4 5 0 21 0 0 43 14 0 0 6 0 0 0 10 0
0 0 10 0 0 0 0 0 0 0 0 0 0 0 0 0 0 0 0 0 0 0 0 0 0 0 0 0 0 4 0 0 0 0 38 25 0 0 0 24 3
0 0 14 0 0 0 0 0 0 0 0 0 0 0 0 0 0 0 0 0 0 0 0 0 0 0 0 0 0 5 0 0 0 0 35 21 0 0 0 17 2
0 0 4 0 0 0 0 0 0 0 0 0 0 0 0 0 0 0 0 0 0 0 0 0 0 0 5 0 0 0 0 3 0 0 28 26 0 0 0 33 1
3 0 0 4 0 0 0 0 0 0 0 0 0 0 0 0 0 0 0 0 0 0 5 10 0 4 5 0 19 0 0 41 12 0 0 10 0 0 0 15 0
0 0 12 0 0 0 0 0 0 0 0 0 0 0 0 0 0 0 0 0 0 0 0 0 0 0 0 0 0 4 0 0 0 0 40 27 0 0 0 24 3
3 0 0 0 0 0 0 0 0 0 0 0 0 0 0 0 0 0 0 0 0 0 0 3 0 0 10 0 8 0 0 22 2 0 21 29 0 0 0 39 0
0 0 15 0 0 0 0 0 0 0 0 0 0 0 0 0 0 0 0 0 0 0 0 0 0 0 0 0 0 5 0 0 0 0 37 22 0 0 0 15 3
1 0 1 0 0 0 0 0 0 0 0 0 0 0 0 0 0 0 0 0 0 0 0 0 0 0 9 0 1 0 0 8 0 0 27 29 0 0 0 39 0
0 0 15 0 0 0 0 0 0 0 0 0 0 0 0 0 0 0 0 0 0 0 0 0 0 0 0 0 0 5 0 0 0 0 35 21 0 0 0 15 2
0 0 2 0 0 0 0 0 0 0 0 0 0 0 0 0 0 0 0 0 0 0 0 0 0 0 9 0 0 0 0 8 0 0 31 33 0 0 0 43 0
3 0 0 0 0 0 0 0 0 0 0 0 0 0 0 0 0 0 0 0 0 0 0 4 0 1 10 0 10 0 0 23 2 0 19 29 0 0 0 38 0
0 0 2 0 0 0 0 0 0 0 0 0 0 0 0 0 0 0 0 0 0 0 0 0 0 0 8 0 1 0 0 11 0 0 27 30 0 0 0 38 0
0 0 11 0 0 0 0 0 0 0 0 0 0 0 0 0 0 0 0 0 0 0 0 0 0 0 0 0 0 4 0 0 0 0 41 27 0 0 0 26 3
1 0 2 0 0 0 0 0 0 0 0 0 0 0 0 0 0 0 0 0 0 0 0 0 0 0 8 0 1 0 0 10 0 0 26 29 0 0 0 37 0
0 0 8 0 0 0 0 0 0 0 0 0 0 0 0 0 0 0 0 0 0 0 0 0 0 0 0 0 0 3 0 0 0 0 40 26 0 0 0 28 3
3 0 0 7 0 0 0 0 0 0 0 0 0 0 0 0 0 0 0 0 0 0 7 11 0 5 5 0 21 0 0 43 15 0 0 4 0 0 0 9 0
0 0 19 0 0 0 0 0 0 0 0 0 0 0 0 0 0 0 0 0 0 0 0 0 0 0 0 0 0 6 0 0 0 0 29 16 0 0 0 5 2
3 0 0 10 0 0 0 0 0 0 0 0 0 0 0 0 0 0 0 0 0 0 10 14 0 6 2 0 26 0 0 48 20 0 0 0 0 0 0 0 0
0 0 12 0 0 0 0 0 0 0 0 0 0 0 0 0 0 0 0 0 0 0 0 0 0 0 0 0 0 5 0 0 0 0 39 25 0 0 0 21 3
0 0 3 0 0 0 0 0 0 0 0 0 0 0 0 0 0 0 0 0 0 0 0 0 0 0 8 0 0 0 0 4 0 0 29 30 0 0 0 39 0
4 0 0 2 0 0 0 0 0 0 0 0 0 0 0 0 0 0 0 0 0 0 0 6 0 2 10 0 13 0 0 29 5 0 13 23 0 0 0 32 0
3 0 0 8 0 0 0 0 0 0 0 0 0 0 0 0 0 0 0 0 0 0 8 11 0 5 4 0 22 0 0 44 16 0 0 0 0 0 0 3 0
0 0 17 0 0 0 0 0 0 0 0 0 0 0 0 0 0 0 0 0 0 0 0 0 0 0 0 0 0 5 0 0 0 0 30 18 0 0 0 9 2
0 0 5 0 0 0 0 0 0 0 0 0 0 0 0 0 0 0 0 0 0 0 0 0 0 0 4 0 0 0 0 0 0 0 33 27 0 0 0 34 1
1 0 1 0 0 0 0 0 0 0 0 0 0 0 0 0 0 0 0 0 0 0 0 0 0 0 9 0 3 0 0 13 0 0 27 32 0 0 0 41 0
3 0 0 7 0 0 0 0 0 0 0 0 0 0 0 0 0 0 0 0 0 0 6 11 0 5 6 0 21 0 0 43 14 0 0 6 0 0 0 11 0
3 0 0 7 0 0 0 0 0 0 0 0 0 0 0 0 0 0 0 0 0 0 7 11 0 5 4 0 21 0 0 42 15 0 0 1 0 0 0 5 0
0 0 9 0 0 0 0 0 0 0 0 0 0 0 0 0 0 0 0 0 0 0 0 0 0 0 0 0 0 3 0 0 0 0 39 26 0 0 0 27 3
0 0 15 0 0 0 0 0 0 0 0 0 0 0 0 0 0 0 0 0 0 0 0 0 0 0 0 0 0 4 0 0 0 0 32 21 0 0 0 16 2
0 0 10 0 0 0 0 0 0 0 0 0 0 0 0 0 0 0 0 0 0 0 0 0 0 0 0 0 0 4 0 0 0 0 39 26 0 0 0 25 3
0 0 17 0 0 0 0 0 0 0 0 0 0 0 0 0 0 0 0 0 0 0 0 0 0 0 0 0 0 6 0 0 0 0 33 20 0 0 0 11 2
3 0 0 4 0 0 0 0 0 0 0 0 0 0 0 0 0 0 0 0 0 0 4 9 0 4 6 0 17 0 0 39 11 0 0 11 0 0 0 17 0
0 0 9 0 0 0 0 0 0 0 0 0 0 0 0 0 0 0 0 0 0 0 0 0 0 0 0 0 0 3 0 0 0 0 38 25 0 0 0 26 2
2 0 0 3 0 0 0 0 0 0 0 0 0 0 0 0 0 0 0 0 0 0 3 9 0 4 7 0 17 0 0 37 10 0 3 13 0 0 0 20 0
0 0 18 0 0 0 0 0 0 0 0 0 0 0 0 0 0 0 0 0 0 0 0 0 0 0 0 0 0 6 0 0 0 0 35 21 0 0 0 11 3
3 0 0 11 0 0 0 0 0 0 0 0 0 0 0 0 0 0 0 0 0 0 10 14 0 6 2 0 26 0 0 48 20 0 0 0 0 0 0 0 0
0 0 12 0 0 0 0 0 0 0 0 0 0 0 0 0 0 0 0 0 0 0 0 0 0 0 0 0 0 4 0 0 0 0 40 26 0 0 0 23 3
3 0 0 0 0 0 0 0 0 0 0 0 0 0 0 0 0 0 0 0 0 0 0 8 0 3 8 0 14 0 0 33 7 0 12 21 0 0 0 29 0
3 0 0 3 0 0 0 0 0 0 0 0 0 0 0 0 0 0 0 0 0 0 2 8 0 4 7 0 16 0 0 36 9 0 4 14 0 0 0 22 0
0 0 6 0 0 0 0 0 0 0 0 0 0 0 0 0 0 0 0 0 0 0 0 0 0 0 2 0 0 2 0 0 0 0 35 26 0 0 0 30 2
3 0 0 5 0 0 0 0 0 0 0 0 0 0 0 0 0 0 0 0 0 0 5 10 0 4 6 0 20 0 0 42 13 0 0 10 0 0 0 15 0
3 0 0 0 0 0 0 0 0 0 0 0 0 0 0 0 0 0 0 0 0 0 0 4 0 1 10 0 8 0 0 23 2 0 21 29 0 0 0 38 0
0 0 25 0 0 0 0 0 0 0 0 0 0 0 0 0 0 0 0 0 0 0 0 0 0 0 0 0 0 7 0 0 0 0 20 11 0 0 0 0 1
2 0 0 7 0 0 0 0 0 0 0 0 0 0 0 0 0 0 0 0 0 0 8 11 0 5 4 0 22 0 0 44 17 0 0 0 0 0 0 3 0
0 0 10 0 0 0 0 0 0 0 0 0 0 0 0 0 0 0 0 0 0 0 0 0 0 0 0 0 0 4 0 0 0 0 41 26 0 0 0 25 3
4 0 0 0 0 0 0 0 0 0 0 0 0 0 0 0 0 0 0 0 0 0 0 5 0 2 10 0 11 0 0 28 4 0 19 29 0 0 0 38 0
3 0 0 0 0 0 0 0 0 0 0 0 0 0 0 0 0 0 0 0 0 0 0 7 0 3 8 0 13 0 0 32 6 0 16 26 0 0 0 33 0
0 0 15 0 0 0 0 0 0 0 0 0 0 0 0 0 0 0 0 0 0 0 0 0 0 0 0 0 0 5 0 0 0 0 37 22 0 0 0 16 2
0 0 20 0 0 0 0 0 0 0 0 0 0 0 0 0 0 0 0 0 0 0 0 0 0 0 0 0 0 6 0 0 0 0 30 18 0 0 0 5 2
0 0 10 0 0 0 0 0 0 0 0 0 0 0 0 0 0 0 0 0 0 0 0 0 0 0 0 0 0 4 0 0 0 0 41 27 0 0 0 27 3
3 0 0 2 0 0 0 0 0 0 0 0 0 0 0 0 0 0 0 0 0 0 2 8 0 3 7 0 15 0 0 34 8 0 8 18 0 0 0 24 0
0 0 14 0 0 0 0 0 0 0 0 0 0 0 0 0 0 0 0 0 0 0 0 0 0 0 0 0 0 4 0 0 0 0 35 22 0 0 0 19 2
0 0 9 0 0 0 0 0 0 0 0 0 0 0 0 0 0 0 0 0 0 0 0 0 0 0 0 0 0 3 0 0 0 0 39 27 0 0 0 29 2
0 0 6 0 0 0 0 0 0 0 0 0 0 0 0 0 0 0 0 0 0 0 0 0 0 0 3 0 0 1 0 0 0 0 36 27 0 0 0 32 2
0 0 6 0 0 0 0 0 0 0 0 0 0 0 0 0 0 0 0 0 0 0 0 0 0 0 4 0 0 1 0 0 0 0 35 28 0 0 0 34 1
0 0 14 0 0 0 0 0 0 0 0 0 0 0 0 0 0 0 0 0 0 0 0 0 0 0 0 0 0 5 0 0 0 0 39 23 0 0 0 19 3
0 0 6 0 0 0 0 0 0 0 0 0 0 0 0 0 0 0 0 0 0 0 0 0 0 0 2 0 0 1 0 0 0 0 36 27 0 0 0 32 1
2 0 0 0 0 0 0 0 0 0 0 0 0 0 0 0 0 0 0 0 0 0 0 2 0 0 9 0 6 0 0 19 1 0 22 28 0 0 0 37 0
0 0 6 0 0 0 0 0 0 0 0 0 0 0 0 0 0 0 0 0 0 0 0 0 0 0 3 0 0 1 0 0 0 0 35 26 0 0 0 31 2
0 0 7 0 0 0 0 0 0 0 0 0 0 0 0 0 0 0 0 0 0 0 0 0 0 0 1 0 0 2 0 0 0 0 37 27 0 0 0 31 2
3 0 0 12 0 0 0 0 0 0 0 0 0 0 0 0 0 0 0 0 0 0 11 14 0 7 2 0 28 0 0 50 22 0 0 0 0 0 0 0 0
0 0 9 0 0 0 0 0 0 0 0 0 0 0 0 0 0 0 0 0 0 0 0 0 0 0 0 0 0 3 0 0 0 0 39 26 0 0 0 27 3
0 0 2 0 0 0 0 0 0 0 0 0 0 0 0 0 0 0 0 0 0 0 0 0 0 0 8 0 0 0 0 3 0 0 30 30 0 0 0 40 0
0 0 4 0 0 0 0 0 0 0 0 0 0 0 0 0 0 0 0 0 0 0 0 0 0 0 7 0 0 0 0 5 0 0 28 27 0 0 0 35 0
0 0 2 0 0 0 0 0 0 0 0 0 0 0 0 0 0 0 0 0 0 0 0 0 0 0 8 0 0 0 0 3 0 0 31 32 0 0 0 42 0
3 0 0 1 0 0 0 0 0 0 0 0 0 0 0 0 0 0 0 0 0 0 1 7 0 3 8 0 13 0 0 32 6 0 12 22 0 0 0 29 0
3 0 0 0 0 0 0 0 0 0 0 0 0 0 0 0 0 0 0 0 0 0 0 4 0 1 9 0 10 0 0 24 2 0 20 28 0 0 0 37 0
3 0 0 5 0 0 0 0 0 0 0 0 0 0 0 0 0 0 0 0 0 0 6 11 0 4 5 0 19 0 0 41 13 0 0 8 0 0 0 12 0
1 0 1 0 0 0 0 0 0 0 0 0 0 0 0 0 0 0 0 0 0 0 0 1 0 0 8 0 3 0 0 14 0 0 25 29 0 0 0 37 0
0 0 9 0 0 0 0 0 0 0 0 0 0 0 0 0 0 0 0 0 0 0 0 0 0 0 0 0 0 3 0 0 0 0 38 25 0 0 0 27 2
3 0 0 2 0 0 0 0 0 0 0 0 0 0 0 0 0 0 0 0 0 0 2 8 0 4 8 0 16 0 0 36 8 0 7 17 0 0 0 25 0
0 0 11 0 0 0 0 0 0 0 0 0 0 0 0 0 0 0 0 0 0 0 0 0 0 0 0 0 0 3 0 0 0 0 37 25 0 0 0 24 2
0 0 8 0 0 0 0 0 0 0 0 0 0 0 0 0 0 0 0 0 0 0 0 0 0 0 0 0 0 3 0 0 0 0 39 27 0 0 0 30 2
0 0 4 0 0 0 0 0 0 0 0 0 0 0 0 0 0 0 0 0 0 0 0 0 0 0 6 0 0 0 0 1 0 0 29 26 0 0 0 33 1
0 0 11 0 0 0 0 0 0 0 0 0 0 0 0 0 0 0 0 0 0 0 0 0 0 0 0 0 0 4 0 0 0 0 39 25 0 0 0 24 3
0 0 7 0 0 0 0 0 0 0 0 0 0 0 0 0 0 0 0 0 0 0 0 0 0 0 0 0 0 2 0 0 0 0 38 27 0 0 0 31 2
0 0 17 0 0 0 0 0 0 0 0 0 0 0 0 0 0 0 0 0 0 0 0 0 0 0 0 0 0 5 0 0 0 0 33 20 0 0 0 12 2
0 0 13 0 0 0 0 0 0 0 0 0 0 0 0 0 0 0 0 0 0 0 0 0 0 0 0 0 0 4 0 0 0 0 37 23 0 0 0 21 2
0 0 18 0 0 0 0 0 0 0 0 0 0 0 0 0 0 0 0 0 0 0 0 0 0 0 0 0 0 6 0 0 0 0 30 18 0 0 0 8 2
2 0 0 0 0 0 0 0 0 0 0 0 0 0 0 0 0 0 0 0 0 0 0 7 0 3 8 0 14 0 0 33 7 0 12 21 0 0 0 29 0
3 0 0 2 0 0 0 0 0 0 0 0 0 0 0 0 0 0 0 0 0 0 2 9 0 4 7 0 16 0 0 37 9 0 6 17 0 0 0 24 0
0 0 16 0 0 0 0 0 0 0 0 0 0 0 0 0 0 0 0 0 0 0 0 0 0 0 0 0 0 5 0 0 0 0 34 21 0 0 0 12 3
0 0 9 0 0 0 0 0 0 0 0 0 0 0 0 0 0 0 0 0 0 0 0 0 0 0 0 0 0 3 0 0 0 0 37 25 0 0 0 25 2
3 0 0 9 0 0 0 0 0 0 0 0 0 0 0 0 0 0 0 0 0 0 8 12 0 5 3 0 23 0 0 45 18 0 0 0 0 0 0 0 0
0 0 8 0 0 0 0 0 0 0 0 0 0 0 0 0 0 0 0 0 0 0 0 0 0 0 0 0 0 2 0 0 0 0 38 27 0 0 0 30 2
0 0 11 0 0 0 0 0 0 0 0 0 0 0 0 0 0 0 0 0 0 0 0 0 0 0 0 0 0 4 0 0 0 0 38 25 0 0 0 23 3
3 0 0 6 0 0 0 0 0 0 0 0 0 0 0 0 0 0 0 0 0 0 7 11 0 5 4 0 21 0 0 42 15 0 0 3 0 0 0 7 0
0 0 13 0 0 0 0 0 0 0 0 0 0 0 0 0 0 0 0 0 0 0 0 0 0 0 0 0 0 4 0 0 0 0 37 24 0 0 0 20 2
0 0 8 0 0 0 0 0 0 0 0 0 0 0 0 0 0 0 0 0 0 0 0 0 0 0 0 0 0 2 0 0 0 0 38 27 0 0 0 31 2
2 0 0 8 0 0 0 0 0 0 0 0 0 0 0 0 0 0 0 0 0 0 8 12 0 5 3 0 23 0 0 45 17 0 0 0 0 0 0 0 0
3 0 0 0 0 0 0 0 0 0 0 0 0 0 0 0 0 0 0 0 0 0 0 1 0 0 11 0 6 0 0 19 1 0 23 31 0 0 0 41 0
0 0 6 0 0 0 0 0 0 0 0 0 0 0 0 0 0 0 0 0 0 0 0 0 0 0 3 0 0 1 0 0 0 0 36 28 0 0 0 34 2
0 0 9 0 0 0 0 0 0 0 0 0 0 0 0 0 0 0 0 0 0 0 0 0 0 0 0 0 0 3 0 0 0 0 39 27 0 0 0 29 3
0 0 4 0 0 0 0 0 0 0 0 0 0 0 0 0 0 0 0 0 0 0 0 0 0 0 5 0 0 0 0 0 0 0 32 28 0 0 0 36 0
0 0 9 0 0 0 0 0 0 0 0 0 0 0 0 0 0 0 0 0 0 0 0 0 0 0 0 0 0 3 0 0 0 0 39 27 0 0 0 29 2
0 0 8 0 0 0 0 0 0 0 0 0 0 0 0 0 0 0 0 0 0 0 0 0 0 0 0 0 0 2 0 0 0 0 39 28 0 0 0 31 2
1 0 2 0 0 0 0 0 0 0 0 0 0 0 0 0 0 0 0 0 0 0 0 0 0 0 9 0 1 0 0 11 0 0 28 32 0 0 0 42 0
3 0 0 0 0 0 0 0 0 0 0 0 0 0 0 0 0 0 0 0 0 0 0 7 0 3 8 0 14 0 0 33 6 0 12 22 0 0 0 31 0
3 0 0 3 0 0 0 0 0 0 0 0 0 0 0 0 0 0 0 0 0 0 3 9 0 4 7 0 17 0 0 38 10 0 3 15 0 0 0 21 0
0 0 9 0 0 0 0 0 0 0 0 0 0 0 0 0 0 0 0 0 0 0 0 0 0 0 0 0 0 3 0 0 0 0 39 27 0 0 0 28 3
0 0 16 0 0 0 0 0 0 0 0 0 0 0 0 0 0 0 0 0 0 0 0 0 0 0 0 0 0 5 0 0 0 0 35 21 0 0 0 15 2
0 0 2 0 0 0 0 0 0 0 0 0 0 0 0 0 0 0 0 0 0 0 0 0 0 0 8 0 1 0 0 12 0 0 27 29 0 0 0 38 0
0 0 9 0 0 0 0 0 0 0 0 0 0 0 0 0 0 0 0 0 0 0 0 0 0 0 0 0 0 3 0 0 0 0 39 27 0 0 0 29 3
3 0 0 4 0 0 0 0 0 0 0 0 0 0 0 0 0 0 0 0 0 0 4 10 0 4 6 0 18 0 0 40 12 0 0 12 0 0 0 17 0
3 0 0 5 0 0 0 0 0 0 0 0 0 0 0 0 0 0 0 0 0 0 5 10 0 4 6 0 18 0 0 40 12 0 0 10 0 0 0 15 0
0 0 10 0 0 0 0 0 0 0 0 0 0 0 0 0 0 0 0 0 0 0 0 0 0 0 0 0 0 4 0 0 0 0 41 27 0 0 0 27 3
0 0 22 0 0 0 0 0 0 0 0 0 0 0 0 0 0 0 0 0 0 0 0 0 0 0 0 0 0 7 0 0 0 0 28 17 0 0 0 1 2
0 0 4 0 0 0 0 0 0 0 0 0 0 0 0 0 0 0 0 0 0 0 0 0 0 0 5 0 0 0 0 0 0 0 32 29 0 0 0 37 1
2 0 0 0 0 0 0 0 0 0 0 0 0 0 0 0 0 0 0 0 0 0 0 3 0 1 9 0 8 0 0 21 2 0 21 28 0 0 0 37 0
0 0 8 0 0 0 0 0 0 0 0 0 0 0 0 0 0 0 0 0 0 0 0 0 0 0 0 0 0 3 0 0 0 0 38 27 0 0 0 29 2
0 0 3 0 0 0 0 0 0 0 0 0 0 0 0 0 0 0 0 0 0 0 0 0 0 0 8 0 0 0 0 6 0 0 28 29 0 0 0 39 0
2 0 1 0 0 0 0 0 0 0 0 0 0 0 0 0 0 0 0 0 0 0 0 2 0 0 9 0 5 0 0 18 1 0 24 31 0 0 0 39 0
0 0 4 0 0 0 0 0 0 0 0 0 0 0 0 0 0 0 0 0 0 0 0 0 0 0 7 0 0 0 0 1 0 0 31 29 0 0 0 39 0
0 0 25 0 0 0 0 0 0 0 0 0 0 0 0 0 0 0 0 0 0 0 0 0 0 0 0 0 0 7 0 0 0 0 22 13 0 0 0 0 2
3 0 0 4 0 0 0 0 0 0 0 0 0 0 0 0 0 0 0 0 0 0 4 9 0 4 7 0 17 0 0 37 10 0 3 14 0 0 0 21 0
0 0 5 0 0 0 0 0 0 0 0 0 0 0 0 0 0 0 0 0 0 0 0 0 0 0 2 0 0 1 0 0 0 0 35 27 0 0 0 33 1
0 0 11 0 0 0 0 0 0 0 0 0 0 0 0 0 0 0 0 0 0 0 0 0 0 0 0 0 0 4 0 0 0 0 40 26 0 0 0 24 3
3 0 0 2 0 0 0 0 0 0 0 0 0 0 0 0 0 0 0 0 0 0 2 8 0 3 8 0 15 0 0 35 8 0 8 18 0 0 0 25 0
1 0 2 0 0 0 0 0 0 0 0 0 0 0 0 0 0 0 0 0 0 0 0 0 0 0 9 0 2 0 0 12 0 0 27 31 0 0 0 41 0
0 0 17 0 0 0 0 0 0 0 0 0 0 0 0 0 0 0 0 0 0 0 0 0 0 0 0 0 0 6 0 0 0 0 36 21 0 0 0 12 3
3 0 0 0 0 0 0 0 0 0 0 0 0 0 0 0 0 0 0 0 0 0 0 5 0 2 9 0 11 0 0 27 4 0 18 27 0 0 0 36 0
3 0 0 4 0 0 0 0 0 0 0 0 0 0 0 0 0 0 0 0 0 0 4 9 0 4 7 0 17 0 0 38 10 0 1 13 0 0 0 19 0
0 0 13 0 0 0 0 0 0 0 0 0 0 0 0 0 0 0 0 0 0 0 0 0 0 0 0 0 0 5 0 0 0 0 39 24 0 0 0 20 3
2 0 0 4 0 0 0 0 0 0 0 0 0 0 0 0 0 0 0 0 0 0 5 9 0 4 6 0 16 0 0 37 10 0 0 11 0 0 0 16 0
2 0 0 5 0 0 0 0 0 0 0 0 0 0 0 0 0 0 0 0 0 0 6 10 0 4 5 0 19 0 0 41 14 0 0 5 0 0 0 10 0
1 0 2 0 0 0 0 0 0 0 0 0 0 0 0 0 0 0 0 0 0 0 0 0 0 0 9 0 3 0 0 14 0 0 24 29 0 0 0 38 0
0 0 9 0 0 0 0 0 0 0 0 0 0 0 0 0 0 0 0 0 0 0 0 0 0 0 0 0 0 3 0 0 0 0 38 26 0 0 0 28 2
2 0 0 0 0 0 0 0 0 0 0 0 0 0 0 0 0 0 0 0 0 0 1 9 0 3 6 0 14 0 0 35 8 0 11 20 0 0 0 26 0
3 0 0 5 0 0 0 0 0 0 0 0 0 0 0 0 0 0 0 0 0 0 5 10 0 4 6 0 18 0 0 40 12 0 0 9 0 0 0 13 0
3 0 0 0 0 0 0 0 0 0 0 0 0 0 0 0 0 0 0 0 0 0 0 5 0 2 9 0 10 0 0 26 3 0 17 26 0 0 0 34 0
0 0 3 0 0 0 0 0 0 0 0 0 0 0 0 0 0 0 0 0 0 0 0 0 0 0 8 0 0 0 0 6 0 0 27 28 0 0 0 37 0
3 0 0 2 0 0 0 0 0 0 0 0 0 0 0 0 0 0 0 0 0 0 2 8 0 3 7 0 15 0 0 35 8 0 8 18 0 0 0 24 0
3 0 0 0 0 0 0 0 0 0 0 0 0 0 0 0 0 0 0 0 0 0 0 1 0 0 11 0 6 0 0 17 0 0 24 31 0 0 0 41 0
2 0 0 0 0 0 0 0 0 0 0 0 0 0 0 0 0 0 0 0 0 0 0 1 0 0 10 0 6 0 0 19 1 0 24 32 0 0 0 42 0
3 0 0 1 0 0 0 0 0 0 0 0 0 0 0 0 0 0 0 0 0 0 1 7 0 3 8 0 14 0 0 32 6 0 11 20 0 0 0 28 0
3 0 0 1 0 0 0 0 0 0 0 0 0 0 0 0 0 0 0 0 0 0 1 7 0 3 8 0 14 0 0 34 7 0 12 22 0 0 0 30 0
0 0 14 0 0 0 0 0 0 0 0 0 0 0 0 0 0 0 0 0 0 0 0 0 0 0 0 0 0 5 0 0 0 0 36 22 0 0 0 18 2
3 0 0 4 0 0 0 0 0 0 0 0 0 0 0 0 0 0 0 0 0 0 4 10 0 4 6 0 18 0 0 39 11 0 0 10 0 0 0 15 0
0 0 13 0 0 0 0 0 0 0 0 0 0 0 0 0 0 0 0 0 0 0 0 0 0 0 0 0 0 5 0 0 0 0 39 25 0 0 0 21 3
3 0 0 10 0 0 0 0 0 0 0 0 0 0 0 0 0 0 0 0 0 0 10 13 0 6 3 0 26 0 0 48 20 0 0 0 0 0 0 0 0
3 0 0 11 0 0 0 0 0 0 0 0 0 0 0 0 0 0 0 0 0 0 10 13 0 6 3 0 26 0 0 48 20 0 0 0 0 0 0 0 0
3 0 0 3 0 0 0 0 0 0 0 0 0 0 0 0 0 0 0 0 0 0 2 9 0 4 7 0 16 0 0 37 9 0 4 15 0 0 0 22 0
3 0 0 2 0 0 0 0 0 0 0 0 0 0 0 0 0 0 0 0 0 0 2 8 0 4 8 0 15 0 0 36 8 0 7 18 0 0 0 25 0
3 0 0 11 0 0 0 0 0 0 0 0 0 0 0 0 0 0 0 0 0 0 10 14 0 6 3 0 26 0 0 49 21 0 0 0 0 0 0 0 0
0 0 18 0 0 0 0 0 0 0 0 0 0 0 0 0 0 0 0 0 0 0 0 0 0 0 0 0 0 6 0 0 0 0 32 19 0 0 0 8 2
0 0 5 0 0 0 0 0 0 0 0 0 0 0 0 0 0 0 0 0 0 0 0 0 0 0 5 0 0 0 0 0 0 0 31 26 0 0 0 33 1
0 0 9 0 0 0 0 0 0 0 0 0 0 0 0 0 0 0 0 0 0 0 0 0 0 0 0 0 0 3 0 0 0 0 39 27 0 0 0 28 3
2 0 0 0 0 0 0 0 0 0 0 0 0 0 0 0 0 0 0 0 0 0 0 1 0 0 10 0 5 0 0 16 0 0 24 31 0 0 0 41 0
3 0 0 6 0 0 0 0 0 0 0 0 0 0 0 0 0 0 0 0 0 0 5 11 0 4 6 0 20 0 0 42 13 0 0 7 0 0 0 13 0
3 0 0 0 0 0 0 0 0 0 0 0 0 0 0 0 0 0 0 0 0 0 0 4 0 1 9 0 9 0 0 24 3 0 20 29 0 0 0 37 0
3 0 0 3 0 0 0 0 0 0 0 0 0 0 0 0 0 0 0 0 0 0 2 9 0 4 7 0 16 0 0 37 9 0 5 16 0 0 0 23 0
2 0 1 0 0 0 0 0 0 0 0 0 0 0 0 0 0 0 0 0 0 0 0 0 0 0 10 0 3 0 0 14 0 0 25 31 0 0 0 40 0
3 0 0 1 0 0 0 0 0 0 0 0 0 0 0 0 0 0 0 0 0 0 1 7 0 3 8 0 14 0 0 33 6 0 11 21 0 0 0 28 0
0 0 11 0 0 0 0 0 0 0 0 0 0 0 0 0 0 0 0 0 0 0 0 0 0 0 0 0 0 4 0 0 0 0 38 24 0 0 0 23 2
0 0 6 0 0 0 0 0 0 0 0 0 0 0 0 0 0 0 0 0 0 0 0 0 0 0 2 0 0 2 0 0 0 0 38 27 0 0 0 32 2
3 0 0 2 0 0 0 0 0 0 0 0 0 0 0 0 0 0 0 0 0 0 3 9 0 4 7 0 17 0 0 38 10 0 5 17 0 0 0 23 0
0 0 6 0 0 0 0 0 0 0 0 0 0 0 0 0 0 0 0 0 0 0 0 0 0 0 3 0 0 1 0 0 0 0 37 28 0 0 0 34 2
0 0 3 0 0 0 0 0 0 0 0 0 0 0 0 0 0 0 0 0 0 0 0 0 0 0 7 0 0 0 0 0 0 0 32 30 0 0 0 40 0
0 0 12 0 0 0 0 0 0 0 0 0 0 0 0 0 0 0 0 0 0 0 0 0 0 0 0 0 0 4 0 0 0 0 39 25 0 0 0 23 3
0 0 15 0 0 0 0 0 0 0 0 0 0 0 0 0 0 0 0 0 0 0 0 0 0 0 0 0 0 5 0 0 0 0 37 23 0 0 0 16 3
0 0 8 0 0 0 0 0 0 0 0 0 0 0 0 0 0 0 0 0 0 0 0 0 0 0 0 0 0 3 0 0 0 0 39 27 0 0 0 30 2
0 0 15 0 0 0 0 0 0 0 0 0 0 0 0 0 0 0 0 0 0 0 0 0 0 0 0 0 0 5 0 0 0 0 37 23 0 0 0 17 2
3 0 0 6 0 0 0 0 0 0 0 0 0 0 0 0 0 0 0 0 0 0 6 11 0 4 5 0 20 0 0 42 14 0 0 7 0 0 0 12 0
0 0 8 0 0 0 0 0 0 0 0 0 0 0 0 0 0 0 0 0 0 0 0 0 0 0 0 0 0 2 0 0 0 0 38 27 0 0 0 30 2
0 0 10 0 0 0 0 0 0 0 0 0 0 0 0 0 0 0 0 0 0 0 0 0 0 0 0 0 0 3 0 0 0 0 39 27 0 0 0 28 2
3 0 0 0 0 0 0 0 0 0 0 0 0 0 0 0 0 0 0 0 0 0 0 3 0 0 10 0 7 0 0 20 1 0 20 27 0 0 0 35 0
1 0 1 0 0 0 0 0 0 0 0 0 0 0 0 0 0 0 0 0 0 0 0 1 0 0 9 0 4 0 0 16 0 0 25 31 0 0 0 40 0
3 0 0 6 0 0 0 0 0 0 0 0 0 0 0 0 0 0 0 0 0 0 6 11 0 5 5 0 21 0 0 43 15 0 0 4 0 0 0 9 0
0 0 3 0 0 0 0 0 0 0 0 0 0 0 0 0 0 0 0 0 0 0 0 0 0 0 8 0 0 0 0 6 0 0 30 31 0 0 0 41 0
0 0 13 0 0 0 0 0 0 0 0 0 0 0 0 0 0 0 0 0 0 0 0 0 0 0 0 0 0 4 0 0 0 0 37 24 0 0 0 21 2
0 0 3 0 0 0 0 0 0 0 0 0 0 0 0 0 0 0 0 0 0 0 0 0 0 0 7 0 0 0 0 4 0 0 29 28 0 0 0 37 0
3 0 0 3 0 0 0 0 0 0 0 0 0 0 0 0 0 0 0 0 0 0 4 10 0 4 6 0 19 0 0 41 11 0 1 13 0 0 0 20 0
3 0 0 0 0 0 0 0 0 0 0 0 0 0 0 0 0 0 0 0 0 0 0 2 0 0 10 0 6 0 0 18 0 0 22 30 0 0 0 39 0
0 0 7 0 0 0 0 0 0 0 0 0 0 0 0 0 0 0 0 0 0 0 0 0 0 0 2 0 0 2 0 0 0 0 36 27 0 0 0 33 2
0 0 17 0 0 0 0 0 0 0 0 0 0 0 0 0 0 0 0 0 0 0 0 0 0 0 0 0 0 6 0 0 0 0 35 21 0 0 0 12 3
3 0 0 6 0 0 0 0 0 0 0 0 0 0 0 0 0 0 0 0 0 0 6 11 0 5 5 0 21 0 0 43 14 0 0 6 0 0 0 11 0
3 0 0 1 0 0 0 0 0 0 0 0 0 0 0 0 0 0 0 0 0 0 1 7 0 3 8 0 14 0 0 34 7 0 12 22 0 0 0 30 0
3 0 0 2 0 0 0 0 0 0 0 0 0 0 0 0 0 0 0 0 0 0 1 8 0 3 8 0 15 0 0 35 8 0 9 19 0 0 0 27 0
3 0 0 9 0 0 0 0 0 0 0 0 0 0 0 0 0 0 0 0 0 0 9 12 0 5 4 0 24 0 0 46 18 0 0 0 0 0 0 0 0
3 0 0 10 0 0 0 0 0 0 0 0 0 0 0 0 0 0 0 0 0 0 10 13 0 6 3 0 25 0 0 47 19 0 0 0 0 0 0 0 0
0 0 6 0 0 0 0 0 0 0 0 0 0 0 0 0 0 0 0 0 0 0 0 0 0 0 3 0 0 1 0 0 0 0 34 26 0 0 0 32 2
3 0 0 7 0 0 0 0 0 0 0 0 0 0 0 0 0 0 0 0 0 0 8 11 0 5 4 0 22 0 0 44 16 0 0 0 0 0 0 3 0
0 0 10 0 0 0 0 0 0 0 0 0 0 0 0 0 0 0 0 0 0 0 0 0 0 0 0 0 0 4 0 0 0 0 40 26 0 0 0 26 3
0 0 3 0 0 0 0 0 0 0 0 0 0 0 0 0 0 0 0 0 0 0 0 0 0 0 8 0 0 0 0 5 0 0 29 29 0 0 0 39 0
0 0 9 0 0 0 0 0 0 0 0 0 0 0 0 0 0 0 0 0 0 0 0 0 0 0 0 0 0 4 0 0 0 0 41 27 0 0 0 27 3
3 0 0 3 0 0 0 0 0 0 0 0 0 0 0 0 0 0 0 0 0 0 2 9 0 4 7 0 16 0 0 36 9 0 5 16 0 0 0 22 0
3 0 0 6 0 0 0 0 0 0 0 0 0 0 0 0 0 0 0 0 0 0 5 10 0 4 5 0 19 0 0 40 13 0 0 7 0 0 0 12 0
0 0 10 0 0 0 0 0 0 0 0 0 0 0 0 0 0 0 0 0 0 0 0 0 0 0 0 0 0 4 0 0 0 0 40 26 0 0 0 25 3
3 0 0 5 0 0 0 0 0 0 0 0 0 0 0 0 0 0 0 0 0 0 5 10 0 4 6 0 19 0 0 40 12 0 0 10 0 0 0 16 0
4 0 0 0 0 0 0 0 0 0 0 0 0 0 0 0 0 0 0 0 0 0 0 4 0 1 10 0 10 0 0 25 2 0 18 28 0 0 0 37 0
3 0 0 8 0 0 0 0 0 0 0 0 0 0 0 0 0 0 0 0 0 0 8 11 0 5 5 0 23 0 0 45 16 0 0 0 0 0 0 4 0
3 0 0 2 0 0 0 0 0 0 0 0 0 0 0 0 0 0 0 0 0 0 1 7 0 3 8 0 14 0 0 34 7 0 9 19 0 0 0 26 0
0 0 11 0 0 0 0 0 0 0 0 0 0 0 0 0 0 0 0 0 0 0 0 0 0 0 0 0 0 3 0 0 0 0 39 26 0 0 0 26 3
3 0 0 7 0 0 0 0 0 0 0 0 0 0 0 0 0 0 0 0 0 0 7 11 0 5 4 0 21 0 0 43 15 0 0 2 0 0 0 6 0
3 0 0 9 0 0 0 0 0 0 0 0 0 0 0 0 0 0 0 0 0 0 9 12 0 5 4 0 24 0 0 46 17 0 0 0 0 0 0 1 0
3 0 0 9 0 0 0 0 0 0 0 0 0 0 0 0 0 0 0 0 0 0 8 12 0 5 4 0 23 0 0 46 17 0 0 0 0 0 0 1 0
2 0 0 3 0 0 0 0 0 0 0 0 0 0 0 0 0 0 0 0 0 0 4 10 0 4 5 0 17 0 0 39 11 0 1 13 0 0 0 17 0
3 0 0 0 0 0 0 0 0 0 0 0 0 0 0 0 0 0 0 0 0 0 0 4 0 1 10 0 9 0 0 24 2 0 19 28 0 0 0 37 0
0 0 9 0 0 0 0 0 0 0 0 0 0 0 0 0 0 0 0 0 0 0 0 0 0 0 0 0 0 3 0 0 0 0 39 26 0 0 0 28 2
1 0 1 0 0 0 0 0 0 0 0 0 0 0 0 0 0 0 0 0 0 0 0 0 0 0 9 0 1 0 0 8 0 0 28 31 0 0 0 40 0
0 0 1 0 0 0 0 0 0 0 0 0 0 0 0 0 0 0 0 0 0 0 0 0 0 0 9 0 1 0 0 7 0 0 30 33 0 0 0 44 0
0 0 6 0 0 0 0 0 0 0 0 0 0 0 0 0 0 0 0 0 0 0 0 0 0 0 2 0 0 2 0 0 0 0 37 27 0 0 0 32 2
0 0 4 0 0 0 0 0 0 0 0 0 0 0 0 0 0 0 0 0 0 0 0 0 0 0 7 0 0 0 0 0 0 0 32 30 0 0 0 39 0
0 0 16 0 0 0 0 0 0 0 0 0 0 0 0 0 0 0 0 0 0 0 0 0 0 0 0 0 0 6 0 0 0 0 35 22 0 0 0 13 3
3 0 0 1 0 0 0 0 0 0 0 0 0 0 0 0 0 0 0 0 0 0 1 8 0 3 7 0 14 0 0 35 7 0 10 20 0 0 0 27 0
2 0 0 0 0 0 0 0 0 0 0 0 0 0 0 0 0 0 0 0 0 0 0 1 0 0 9 0 7 0 0 18 1 0 25 32 0 0 0 42 0
3 0 0 2 0 0 0 0 0 0 0 0 0 0 0 0 0 0 0 0 0 0 1 8 0 3 8 0 14 0 0 34 7 0 9 18 0 0 0 25 0
0 0 6 0 0 0 0 0 0 0 0 0 0 0 0 0 0 0 0 0 0 0 0 0 0 0 2 0 0 1 0 0 0 0 36 27 0 0 0 33 2
3 0 0 4 0 0 0 0 0 0 0 0 0 0 0 0 0 0 0 0 0 0 5 10 0 4 5 0 18 0 0 40 12 0 0 9 0 0 0 14 0
3 0 0 10 0 0 0 0 0 0 0 0 0 0 0 0 0 0 0 0 0 0 10 13 0 6 3 0 26 0 0 49 20 0 0 0 0 0 0 0 0
3 0 0 4 0 0 0 0 0 0 0 0 0 0 0 0 0 0 0 0 0 0 4 9 0 4 6 0 17 0 0 39 11 0 0 13 0 0 0 19 0
0 0 3 0 0 0 0 0 0 0 0 0 0 0 0 0 0 0 0 0 0 0 0 0 0 0 7 0 0 0 0 4 0 0 31 30 0 0 0 39 1
3 0 0 3 0 0 0 0 0 0 0 0 0 0 0 0 0 0 0 0 0 0 2 9 0 4 7 0 16 0 0 37 9 0 4 15 0 0 0 22 0
3 0 0 3 0 0 0 0 0 0 0 0 0 0 0 0 0 0 0 0 0 0 3 9 0 4 6 0 17 0 0 39 10 0 1 13 0 0 0 19 0
0 0 10 0 0 0 0 0 0 0 0 0 0 0 0 0 0 0 0 0 0 0 0 0 0 0 0 0 0 4 0 0 0 0 39 25 0 0 0 25 3
0 0 1 0 0 0 0 0 0 0 0 0 0 0 0 0 0 0 0 0 0 0 0 1 0 0 8 0 3 0 0 15 0 0 26 30 0 0 0 39 0
3 0 0 3 0 0 0 0 0 0 0 0 0 0 0 0 0 0 0 0 0 0 2 8 0 4 8 0 16 0 0 36 9 0 6 17 0 0 0 24 0
0 0 9 0 0 0 0 0 0 0 0 0 0 0 0 0 0 0 0 0 0 0 0 0 0 0 0 0 0 4 0 0 0 0 40 26 0 0 0 27 3
0 0 12 0 0 0 0 0 0 0 0 0 0 0 0 0 0 0 0 0 0 0 0 0 0 0 0 0 0 4 0 0 0 0 38 25 0 0 0 23 3
0 0 12 0 0 0 0 0 0 0 0 0 0 0 0 0 0 0 0 0 0 0 0 0 0 0 0 0 0 4 0 0 0 0 37 24 0 0 0 22 2
0 0 11 0 0 0 0 0 0 0 0 0 0 0 0 0 0 0 0 0 0 0 0 0 0 0 0 0 0 4 0 0 0 0 39 26 0 0 0 25 3
3 0 0 5 0 0 0 0 0 0 0 0 0 0 0 0 0 0 0 0 0 0 4 10 0 4 6 0 19 0 0 41 12 0 0 10 0 0 0 16 0
0 0 12 0 0 0 0 0 0 0 0 0 0 0 0 0 0 0 0 0 0 0 0 0 0 0 0 0 0 4 0 0 0 0 40 26 0 0 0 23 3
3 0 0 9 0 0 0 0 0 0 0 0 0 0 0 0 0 0 0 0 0 0 9 12 0 6 3 0 24 0 0 45 18 0 0 0 0 0 0 0 0
2 0 1 0 0 0 0 0 0 0 0 0 0 0 0 0 0 0 0 0 0 0 0 1 0 0 10 0 4 0 0 16 0 0 24 29 0 0 0 39 0
0 0 15 0 0 0 0 0 0 0 0 0 0 0 0 0 0 0 0 0 0 0 0 0 0 0 0 0 0 5 0 0 0 0 37 23 0 0 0 17 3
0 0 11 0 0 0 0 0 0 0 0 0 0 0 0 0 0 0 0 0 0 0 0 0 0 0 0 0 0 4 0 0 0 0 38 25 0 0 0 23 3
3 0 0 8 0 0 0 0 0 0 0 0 0 0 0 0 0 0 0 0 0 0 8 12 0 5 4 0 22 0 0 44 17 0 0 0 0 0 0 1 0
3 0 0 3 0 0 0 0 0 0 0 0 0 0 0 0 0 0 0 0 0 0 2 9 0 4 8 0 16 0 0 37 9 0 5 17 0 0 0 24 0
3 0 0 5 0 0 0 0 0 0 0 0 0 0 0 0 0 0 0 0 0 0 4 9 0 4 7 0 18 0 0 39 11 0 0 12 0 0 0 18 0
0 0 18 0 0 0 0 0 0 0 0 0 0 0 0 0 0 0 0 0 0 0 0 0 0 0 0 0 0 6 0 0 0 0 31 19 0 0 0 7 2
0 0 3 0 0 0 0 0 0 0 0 0 0 0 0 0 0 0 0 0 0 0 0 0 0 0 8 0 0 0 0 6 0 0 28 29 0 0 0 38 0
0 0 9 0 0 0 0 0 0 0 0 0 0 0 0 0 0 0 0 0 0 0 0 0 0 0 0 0 0 3 0 0 0 0 39 26 0 0 0 27 3
2 0 0 0 0 0 0 0 0 0 0 0 0 0 0 0 0 0 0 0 0 0 0 7 0 3 8 0 12 0 0 31 6 0 14 22 0 0 0 29 0
