4 0 4 0 0 0 0 0 0 0 0 0 0 0 0 0 0 0 0 0 0 0 1 0 0 0 0 0 0 0 0 27 0 0 71 86 0 0 0 67 5
0 0 62 17 5 0 0 0 0 0 0 0 0 0 0 0 0 0 0 0 0 0 2 1 0 4 0 15 5 3 0 46 0 0 13 23 0 4 0 18 11
0 0 15 5 0 0 0 0 0 0 0 0 0 0 0 0 0 0 0 0 0 0 7 0 0 0 0 0 0 1 0 27 0 0 71 82 0 0 0 68 6
0 0 15 5 0 0 0 0 0 0 0 0 0 0 0 0 0 0 0 0 0 0 7 0 0 0 0 0 0 2 0 28 0 0 72 83 0 0 0 69 7
0 0 11 1 0 0 0 0 0 0 0 0 0 0 0 0 0 0 0 0 0 0 4 0 0 0 0 0 0 0 0 25 0 0 70 83 0 0 0 68 3
0 0 13 5 0 0 0 0 0 0 0 0 0 0 0 0 0 0 0 0 0 0 9 0 0 0 0 0 0 2 0 25 0 0 73 84 0 0 0 69 8
0 0 47 15 3 0 0 0 0 0 0 0 0 0 0 0 0 0 0 0 0 0 3 0 0 0 0 12 3 0 0 37 0 0 42 52 0 1 0 43 8
0 0 8 0 0 0 0 0 0 0 0 0 0 0 0 0 0 0 0 0 0 0 4 0 0 0 0 0 0 0 0 24 0 0 73 85 0 0 0 70 3
0 0 73 17 8 0 0 0 0 0 0 0 0 0 0 0 0 0 0 0 0 0 0 0 0 11 0 16 3 9 0 48 0 0 0 0 0 13 0 0 9
0 0 13 4 0 0 0 0 0 0 0 0 0 0 0 0 0 0 0 0 0 0 3 0 0 0 0 0 0 0 0 28 0 0 72 82 0 0 0 69 4
1 0 8 0 0 0 0 0 0 0 0 0 0 0 0 0 0 0 0 0 0 0 0 0 0 0 1 0 0 0 0 25 0 0 69 79 0 0 0 68 0
0 0 84 18 10 0 0 0 0 0 0 0 0 0 0 0 0 0 0 0 0 0 0 0 0 17 0 18 3 14 0 52 0 0 0 0 0 19 0 0 6
0 0 15 4 0 0 0 0 0 0 0 0 0 0 0 0 0 0 0 0 0 0 4 0 0 0 0 0 0 0 0 27 0 0 70 82 0 0 0 68 5
4 0 7 0 0 0 0 0 0 0 0 0 0 0 0 0 0 0 0 0 0 0 0 0 0 0 1 0 0 0 0 28 0 0 68 80 0 0 0 68 1
0 0 91 19 12 0 0 0 0 0 0 0 0 0 0 0 0 0 0 0 0 0 0 0 0 20 0 21 4 14 0 57 0 0 0 0 0 22 0 0 7
2 0 14 2 0 0 0 0 0 0 0 0 0 0 0 0 0 0 0 0 0 0 0 0 0 0 2 0 0 0 0 28 0 0 68 78 0 0 0 68 1
0 0 79 18 7 0 0 0 0 0 0 0 0 0 0 0 0 0 0 0 0 0 2 0 0 9 0 17 5 6 0 56 0 0 0 0 0 10 0 0 12
4 0 5 0 0 0 0 0 0 0 0 0 0 0 0 0 0 0 0 0 0 0 0 0 0 0 0 0 0 0 0 26 0 0 66 81 0 0 0 64 4
0 0 43 14 2 0 0 0 0 0 0 0 0 0 0 0 0 0 0 0 0 0 4 1 0 0 0 11 3 0 0 37 0 0 51 60 0 0 0 51 9
0 0 30 11 0 0 0 0 0 0 0 0 0 0 0 0 0 0 0 0 0 0 10 4 0 0 0 5 2 2 0 31 0 0 60 67 0 0 0 57 12
0 0 10 0 0 0 0 0 0 0 0 0 0 0 0 0 0 0 0 0 0 0 2 0 0 0 0 0 0 0 0 26 0 0 70 83 0 0 0 69 2
9 0 0 0 0 0 0 0 0 0 0 0 0 0 0 0 0 0 0 0 0 0 0 0 0 0 0 0 0 0 0 28 0 0 67 82 0 0 0 63 5
14 0 0 0 0 0 0 0 0 0 0 0 0 0 0 0 0 0 0 0 0 0 0 0 0 0 0 0 0 0 0 28 0 0 67 80 0 0 0 61 5
1 0 8 0 0 0 0 0 0 0 0 0 0 0 0 0 0 0 0 0 0 0 2 0 0 0 0 0 0 0 0 26 0 0 69 82 0 0 0 68 2
0 0 34 12 0 0 0 0 0 0 0 0 0 0 0 0 0 0 0 0 0 0 12 8 0 0 0 6 4 2 0 30 0 0 57 65 0 0 0 57 15
0 0 13 4 0 0 0 0 0 0 0 0 0 0 0 0 0 0 0 0 0 0 6 0 0 0 0 0 0 0 0 27 0 0 70 83 0 0 0 68 6
8 0 1 0 0 0 0 0 0 0 0 0 0 0 0 0 0 0 0 0 0 0 0 0 0 0 0 0 0 0 0 28 0 0 68 81 0 0 0 64 5
0 0 29 11 0 0 0 0 0 0 0 0 0 0 0 0 0 0 0 0 0 0 8 1 0 0 0 6 2 1 0 31 0 1 60 67 0 0 0 57 10
0 0 80 18 9 0 0 0 0 0 0 0 0 0 0 0 0 0 0 0 0 0 0 0 0 13 0 18 4 9 0 54 0 0 0 0 0 15 0 0 10
0 0 38 13 0 0 0 0 0 0 0 0 0 0 0 0 0 0 0 0 0 0 6 4 0 0 0 9 4 1 0 32 0 0 51 58 0 0 0 52 11
1 0 38 11 1 0 0 0 0 0 0 0 0 0 0 0 0 0 0 0 0 0 0 0 0 0 0 6 0 2 0 34 0 0 50 63 0 0 0 54 6
0 0 16 7 0 0 0 0 0 0 0 0 0 0 0 0 0 0 0 0 0 0 9 0 0 0 0 0 0 2 0 28 0 0 71 80 0 0 0 66 9
0 0 7 1 0 0 0 0 0 0 0 0 0 0 0 0 0 0 0 0 0 0 4 0 0 0 0 0 0 0 0 24 0 0 71 84 0 0 0 68 5
1 0 11 1 0 0 0 0 0 0 0 0 0 0 0 0 0 0 0 0 0 0 2 0 0 0 0 0 0 0 0 25 0 0 67 80 0 0 0 66 4
0 0 19 7 0 0 0 0 0 0 0 0 0 0 0 0 0 0 0 0 0 0 5 0 0 0 0 1 0 0 0 29 0 0 68 78 0 0 0 66 6
9 0 0 0 0 0 0 0 0 0 0 0 0 0 0 0 0 0 0 0 0 0 0 0 0 0 0 0 0 0 0 27 0 0 66 81 0 0 0 62 5
0 0 23 8 0 0 0 0 0 0 0 0 0 0 0 0 0 0 0 0 0 0 3 0 0 0 0 4 0 0 0 31 0 0 66 77 0 0 0 65 5
0 0 18 6 0 0 0 0 0 0 0 0 0 0 0 0 0 0 0 0 0 0 3 0 0 0 0 2 0 0 0 30 0 0 71 81 0 0 0 68 3
6 0 3 0 0 0 0 0 0 0 0 0 0 0 0 0 0 0 0 0 0 0 0 0 0 0 0 0 0 0 0 26 0 0 67 82 0 0 0 63 5
0 0 68 17 7 0 0 0 0 0 0 0 0 0 0 0 0 0 0 0 0 0 0 0 0 9 0 15 2 7 0 47 0 0 0 7 0 10 0 0 9
0 0 86 19 11 0 0 0 0 0 0 0 0 0 0 0 0 0 0 0 0 0 0 0 0 16 0 19 4 12 0 59 0 0 0 0 0 19 0 0 9
0 0 14 5 0 0 0 0 0 0 0 0 0 0 0 0 0 0 0 0 0 0 7 0 0 0 0 0 0 1 0 27 0 0 73 84 0 0 0 69 6
0 0 23 8 0 0 0 0 0 0 0 0 0 0 0 0 0 0 0 0 0 0 6 0 0 0 0 2 0 1 0 32 0 0 68 78 0 0 0 65 7
0 0 34 11 1 0 0 0 0 0 0 0 0 0 0 0 0 0 0 0 0 0 6 1 0 0 0 8 2 1 0 32 0 0 56 64 0 0 0 55 9
0 0 11 1 0 0 0 0 0 0 0 0 0 0 0 0 0 0 0 0 0 0 4 0 0 0 0 0 0 0 0 26 0 0 71 83 0 0 0 69 3
0 0 13 6 0 0 0 0 0 0 0 0 0 0 0 0 0 0 0 0 0 0 10 0 0 0 0 0 0 3 0 26 0 0 73 83 0 0 0 68 9
0 0 11 4 0 0 0 0 0 0 0 0 0 0 0 0 0 0 0 0 0 0 8 0 0 0 0 0 0 1 0 25 0 0 72 83 0 0 0 68 7
0 0 79 17 9 0 0 0 0 0 0 0 0 0 0 0 0 0 0 0 0 0 0 0 0 15 0 18 4 11 0 51 0 0 0 0 0 17 0 0 8
0 0 74 17 8 0 0 0 0 0 0 0 0 0 0 0 0 0 0 0 0 0 0 0 0 11 0 16 4 8 0 49 0 0 0 0 0 13 0 0 9
0 0 66 17 6 0 0 0 0 0 0 0 0 0 0 0 0 0 0 0 0 0 0 0 0 7 0 16 3 5 0 47 0 0 3 15 0 9 0 8 9
0 0 107 21 14 0 0 0 0 0 0 0 0 0 0 0 0 0 0 0 0 0 0 0 0 27 0 26 4 19 0 64 0 0 0 0 0 29 0 0 4
0 0 10 1 0 0 0 0 0 0 0 0 0 0 0 0 0 0 0 0 0 0 2 0 0 0 0 0 0 0 0 24 0 0 69 81 0 0 0 68 2
0 0 47 15 3 0 0 0 0 0 0 0 0 0 0 0 0 0 0 0 0 0 2 0 0 1 0 13 3 0 0 37 0 0 37 48 0 1 0 39 8
0 0 37 12 1 0 0 0 0 0 0 0 0 0 0 0 0 0 0 0 0 0 4 1 0 0 0 9 3 0 0 34 0 0 56 64 0 0 0 55 9
7 0 2 0 0 0 0 0 0 0 0 0 0 0 0 0 0 0 0 0 0 0 0 0 0 0 0 0 0 0 0 27 0 0 68 83 0 0 0 65 5
5 0 8 0 0 0 0 0 0 0 0 0 0 0 0 0 0 0 0 0 0 0 0 0 0 0 1 0 0 0 0 29 0 0 67 78 0 0 0 66 1
0 0 14 4 0 0 0 0 0 0 0 0 0 0 0 0 0 0 0 0 0 0 7 0 0 0 0 0 0 1 0 27 0 0 73 84 0 0 0 70 6
1 0 11 2 0 0 0 0 0 0 0 0 0 0 0 0 0 0 0 0 0 0 1 0 0 0 1 0 0 0 0 25 0 0 68 79 0 0 0 67 1
2 0 9 0 0 0 0 0 0 0 0 0 0 0 0 0 0 0 0 0 0 0 2 0 0 0 0 0 0 0 0 26 0 0 70 83 0 0 0 68 3
11 0 0 0 0 0 0 0 0 0 0 0 0 0 0 0 0 0 0 0 0 0 0 0 0 0 0 0 0 0 0 28 0 0 64 77 0 0 0 59 5
0 0 96 19 12 0 0 0 0 0 0 0 0 0 0 0 0 0 0 0 0 0 0 0 0 23 0 23 4 17 0 57 0 0 0 0 0 26 0 0 4
7 0 3 0 0 0 0 0 0 0 0 0 0 0 0 0 0 0 0 0 0 0 0 0 0 0 1 0 0 0 0 30 0 0 65 79 0 0 0 64 3
0 0 59 16 5 0 0 0 0 0 0 0 0 0 0 0 0 0 0 0 0 0 0 0 0 5 0 15 3 4 0 43 0 0 14 26 0 6 0 19 8
0 0 79 19 8 0 0 0 0 0 0 0 0 0 0 0 0 0 0 0 0 0 1 0 0 11 0 17 5 7 0 57 0 0 0 0 0 12 0 0 13
0 0 67 17 5 0 0 0 0 0 0 0 0 0 0 0 0 0 0 0 0 0 2 1 0 5 0 15 5 3 0 50 0 0 3 14 0 6 0 8 12
0 0 20 6 0 0 0 0 0 0 0 0 0 0 0 0 0 0 0 0 0 0 4 0 0 0 0 1 0 0 0 30 0 0 68 78 0 0 0 66 5
8 0 4 0 0 0 0 0 0 0 0 0 0 0 0 0 0 0 0 0 0 0 0 0 0 0 0 0 0 0 0 29 0 0 63 75 0 0 0 61 3
2 0 9 0 0 0 0 0 0 0 0 0 0 0 0 0 0 0 0 0 0 0 2 0 0 0 0 0 0 0 0 26 0 0 70 82 0 0 0 68 3
0 0 11 0 0 0 0 0 0 0 0 0 0 0 0 0 0 0 0 0 0 0 3 0 0 0 0 0 0 0 0 26 0 0 71 84 0 0 0 70 3
6 0 5 0 0 0 0 0 0 0 0 0 0 0 0 0 0 0 0 0 0 0 0 0 0 0 0 0 0 0 0 28 0 0 65 79 0 0 0 64 3
0 0 62 17 4 0 0 0 0 0 0 0 0 0 0 0 0 0 0 0 0 0 2 0 0 4 0 15 4 3 0 47 0 0 16 28 0 5 0 21 11
3 0 6 0 0 0 0 0 0 0 0 0 0 0 0 0 0 0 0 0 0 0 1 0 0 0 0 0 0 0 0 26 0 0 70 83 0 0 0 67 4
4 0 9 0 0 0 0 0 0 0 0 0 0 0 0 0 0 0 0 0 0 0 0 0 0 0 0 0 0 0 0 29 0 0 68 80 0 0 0 67 2
0 0 39 13 0 0 0 0 0 0 0 0 0 0 0 0 0 0 0 0 0 0 7 5 0 0 0 9 5 1 0 32 0 0 52 60 0 0 0 53 12
0 0 42 14 2 0 0 0 0 0 0 0 0 0 0 0 0 0 0 0 0 0 3 0 0 0 0 11 2 0 0 36 0 0 50 60 0 0 0 50 7
0 0 12 2 0 0 0 0 0 0 0 0 0 0 0 0 0 0 0 0 0 0 5 0 0 0 0 0 0 0 0 27 0 0 73 86 0 0 0 71 4
1 0 5 0 0 0 0 0 0 0 0 0 0 0 0 0 0 0 0 0 0 0 4 0 0 0 0 0 0 0 0 25 0 0 72 85 0 0 0 68 5
0 0 47 15 3 0 0 0 0 0 0 0 0 0 0 0 0 0 0 0 0 0 4 0 0 0 0 13 4 0 0 38 0 0 42 52 0 0 0 44 9
0 0 20 7 0 0 0 0 0 0 0 0 0 0 0 0 0 0 0 0 0 0 4 0 0 0 0 2 0 0 0 30 0 0 69 79 0 0 0 66 4
9 0 0 0 0 0 0 0 0 0 0 0 0 0 0 0 0 0 0 0 0 0 0 0 0 0 0 0 0 0 0 27 0 0 70 86 0 0 0 65 5
0 0 9 2 0 0 0 0 0 0 0 0 0 0 0 0 0 0 0 0 0 0 5 0 0 0 0 0 0 0 0 26 0 0 73 85 0 0 0 70 5
0 0 32 11 0 0 0 0 0 0 0 0 0 0 0 0 0 0 0 0 0 0 8 3 0 0 0 7 3 1 0 31 0 0 58 66 0 0 0 57 11
6 0 5 0 0 0 0 0 0 0 0 0 0 0 0 0 0 0 0 0 0 0 0 0 0 0 0 0 0 0 0 29 0 0 65 79 0 0 0 64 3
0 0 27 10 0 0 0 0 0 0 0 0 0 0 0 0 0 0 0 0 0 0 10 3 0 0 0 4 1 3 0 32 0 0 65 72 0 0 0 61 12
0 0 110 21 14 0 0 0 0 0 0 0 0 0 0 0 0 0 0 0 0 0 0 0 0 30 0 27 4 21 0 65 0 0 0 0 0 32 0 0 2
0 0 9 2 0 0 0 0 0 0 0 0 0 0 0 0 0 0 0 0 0 0 5 0 0 0 0 0 0 0 0 24 0 0 71 83 0 0 0 69 4
0 0 110 21 14 0 0 0 0 0 0 0 0 0 0 0 0 0 0 0 0 0 0 0 0 30 0 27 4 21 0 63 0 0 0 0 0 32 0 0 1
0 0 55 16 3 0 0 0 0 0 0 0 0 0 0 0 0 0 0 0 0 0 4 5 0 1 0 14 6 0 0 41 0 0 27 35 0 2 0 31 12
0 0 12 4 0 0 0 0 0 0 0 0 0 0 0 0 0 0 0 0 0 0 8 0 0 0 0 0 0 2 0 25 0 0 71 82 0 0 0 68 7
0 0 14 4 0 0 0 0 0 0 0 0 0 0 0 0 0 0 0 0 0 0 6 0 0 0 0 0 0 0 0 27 0 0 71 83 0 0 0 69 5
4 0 3 0 0 0 0 0 0 0 0 0 0 0 0 0 0 0 0 0 0 0 0 0 0 0 0 0 0 0 0 26 0 0 68 82 0 0 0 65 4
0 0 36 12 0 0 0 0 0 0 0 0 0 0 0 0 0 0 0 0 0 0 7 4 0 0 0 9 4 1 0 32 0 0 55 62 0 0 0 55 11
5 0 2 0 0 0 0 0 0 0 0 0 0 0 0 0 0 0 0 0 0 0 1 0 0 0 0 0 0 0 0 26 0 0 71 87 0 0 0 67 6
0 0 51 15 3 0 0 0 0 0 0 0 0 0 0 0 0 0 0 0 0 0 1 0 0 2 0 13 2 1 0 39 0 0 33 45 0 2 0 36 8
0 0 10 0 0 0 0 0 0 0 0 0 0 0 0 0 0 0 0 0 0 0 3 0 0 0 0 0 0 0 0 26 0 0 71 84 0 0 0 69 3
0 0 73 16 8 0 0 0 0 0 0 0 0 0 0 0 0 0 0 0 0 0 0 0 0 12 0 15 3 10 0 49 0 0 0 0 0 14 0 0 8
0 0 11 4 0 0 0 0 0 0 0 0 0 0 0 0 0 0 0 0 0 0 7 0 0 0 0 0 0 1 0 25 0 0 74 85 0 0 0 70 7
8 0 2 0 0 0 0 0 0 0 0 0 0 0 0 0 0 0 0 0 0 0 0 0 0 0 0 0 0 0 0 29 0 0 66 79 0 0 0 63 4
0 0 41 13 2 0 0 0 0 0 0 0 0 0 0 0 0 0 0 0 0 0 2 0 0 0 0 11 1 0 0 34 0 0 47 60 0 1 0 48 6
0 0 22 10 0 0 0 0 0 0 0 0 0 0 0 0 0 0 0 0 0 0 12 3 0 0 0 1 0 4 0 29 0 0 67 73 0 0 0 62 13
5 0 4 0 0 0 0 0 0 0 0 0 0 0 0 0 0 0 0 0 0 0 0 0 0 0 0 0 0 0 0 26 0 0 66 80 0 0 0 64 3
5 0 11 0 0 0 0 0 0 0 0 0 0 0 0 0 0 0 0 0 0 0 0 0 0 0 1 0 0 0 0 30 0 0 66 77 0 0 0 66 2
8 0 2 0 0 0 0 0 0 0 0 0 0 0 0 0 0 0 0 0 0 0 0 0 0 0 0 0 0 0 0 28 0 0 66 80 0 0 0 63 5
5 0 6 0 0 0 0 0 0 0 0 0 0 0 0 0 0 0 0 0 0 0 0 0 0 0 0 0 0 0 0 28 0 0 67 80 0 0 0 66 2
0 0 73 16 8 0 0 0 0 0 0 0 0 0 0 0 0 0 0 0 0 0 0 0 0 13 0 16 3 10 0 48 0 0 0 0 0 14 0 0 8
2 0 8 0 0 0 0 0 0 0 0 0 0 0 0 0 0 0 0 0 0 0 0 0 0 0 1 0 0 0 0 25 0 0 68 79 0 0 0 67 1
0 0 66 17 5 0 0 0 0 0 0 0 0 0 0 0 0 0 0 0 0 0 1 0 0 6 0 15 5 4 0 49 0 0 4 14 0 6 0 9 11
7 0 3 0 0 0 0 0 0 0 0 0 0 0 0 0 0 0 0 0 0 0 0 0 0 0 0 0 0 0 0 28 0 0 65 79 0 0 0 63 4
0 0 44 14 2 0 0 0 0 0 0 0 0 0 0 0 0 0 0 0 0 0 4 1 0 0 0 11 3 0 0 37 0 0 49 59 0 0 0 50 9
0 0 27 10 0 0 0 0 0 0 0 0 0 0 0 0 0 0 0 0 0 0 10 3 0 0 0 5 1 2 0 30 0 0 62 68 0 0 0 59 11
0 0 36 12 0 0 0 0 0 0 0 0 0 0 0 0 0 0 0 0 0 0 8 5 0 0 0 8 4 1 0 31 0 0 54 62 0 0 0 55 12
5 0 4 0 0 0 0 0 0 0 0 0 0 0 0 0 0 0 0 0 0 0 0 0 0 0 0 0 0 0 0 27 0 0 69 82 0 0 0 66 3
0 0 133 26 18 0 0 0 0 0 0 0 0 0 0 0 0 0 0 0 0 0 0 0 0 40 0 35 4 27 0 80 0 0 0 0 0 42 0 0 0
0 0 27 9 0 0 0 0 0 0 0 0 0 0 0 0 0 0 0 0 0 0 7 0 0 0 0 4 0 1 0 32 0 0 63 72 0 0 0 60 8
8 0 1 0 0 0 0 0 0 0 0 0 0 0 0 0 0 0 0 0 0 0 0 0 0 0 0 0 0 0 0 28 0 0 67 82 0 0 0 64 5
3 0 6 0 0 0 0 0 0 0 0 0 0 0 0 0 0 0 0 0 0 0 0 0 0 0 0 0 0 0 0 27 0 0 68 82 0 0 0 67 3
0 0 26 10 0 0 0 0 0 0 0 0 0 0 0 0 0 0 0 0 0 0 11 3 0 0 0 3 0 3 0 31 0 0 65 73 0 0 0 61 12
0 0 44 15 2 0 0 0 0 0 0 0 0 0 0 0 0 0 0 0 0 0 2 0 0 0 0 12 2 0 0 36 0 0 47 58 0 0 0 47 7
0 0 40 14 2 0 0 0 0 0 0 0 0 0 0 0 0 0 0 0 0 0 3 0 0 0 0 11 2 0 0 35 0 0 52 62 0 0 0 52 7
0 0 33 12 1 0 0 0 0 0 0 0 0 0 0 0 0 0 0 0 0 0 3 0 0 0 0 9 0 0 0 33 0 0 58 69 0 0 0 57 5
0 0 27 10 0 0 0 0 0 0 0 0 0 0 0 0 0 0 0 0 0 0 8 1 0 0 0 5 1 1 0 31 0 0 63 70 0 0 0 59 9
0 0 26 10 0 0 0 0 0 0 0 0 0 0 0 0 0 0 0 0 0 0 9 2 0 0 0 3 0 2 0 32 0 0 66 74 0 0 0 62 12
0 0 51 16 3 0 0 0 0 0 0 0 0 0 0 0 0 0 0 0 0 0 4 5 0 1 0 13 6 0 0 38 0 0 31 41 0 2 0 34 12
7 0 2 0 0 0 0 0 0 0 0 0 0 0 0 0 0 0 0 0 0 0 0 0 0 0 0 0 0 0 0 27 0 0 68 83 0 0 0 64 5
0 0 9 1 0 0 0 0 0 0 0 0 0 0 0 0 0 0 0 0 0 0 5 0 0 0 0 0 0 0 0 25 0 0 73 85 0 0 0 70 4
0 0 10 1 0 0 0 0 0 0 0 0 0 0 0 0 0 0 0 0 0 0 3 0 0 0 0 0 0 0 0 26 0 0 72 84 0 0 0 70 3
0 0 17 7 0 0 0 0 0 0 0 0 0 0 0 0 0 0 0 0 0 0 9 0 0 0 0 0 0 2 0 30 0 0 72 81 0 0 0 67 9
3 0 6 0 0 0 0 0 0 0 0 0 0 0 0 0 0 0 0 0 0 0 1 0 0 0 0 0 0 0 0 26 0 0 69 82 0 0 0 67 3
11 0 0 0 0 0 0 0 0 0 0 0 0 0 0 0 0 0 0 0 0 0 0 0 0 0 0 0 0 0 0 28 0 0 65 78 0 0 0 60 4
0 0 113 22 15 0 0 0 0 0 0 0 0 0 0 0 0 0 0 0 0 0 0 0 0 31 0 28 4 22 0 67 0 0 0 0 0 33 0 0 2
0 0 35 12 1 0 0 0 0 0 0 0 0 0 0 0 0 0 0 0 0 0 6 1 0 0 0 9 2 1 0 32 0 0 55 63 0 0 0 54 9
0 0 27 10 0 0 0 0 0 0 0 0 0 0 0 0 0 0 0 0 0 0 6 0 0 0 0 5 1 1 0 33 0 0 65 73 0 0 0 62 8
2 0 8 0 0 0 0 0 0 0 0 0 0 0 0 0 0 0 0 0 0 0 0 0 0 0 1 0 0 0 0 26 0 0 69 81 0 0 0 68 1
0 0 15 6 0 0 0 0 0 0 0 0 0 0 0 0 0 0 0 0 0 0 10 0 0 0 0 0 0 3 0 27 0 0 72 80 0 0 0 66 9
5 0 3 0 0 0 0 0 0 0 0 0 0 0 0 0 0 0 0 0 0 0 0 0 0 0 0 0 0 0 0 25 0 0 70 84 0 0 0 67 4
0 0 45 14 2 0 0 0 0 0 0 0 0 0 0 0 0 0 0 0 0 0 5 5 0 0 0 12 5 0 0 35 0 0 43 51 0 0 0 44 11
7 0 4 0 0 0 0 0 0 0 0 0 0 0 0 0 0 0 0 0 0 0 0 0 0 0 0 0 0 0 0 28 0 0 67 81 0 0 0 64 5
0 0 20 6 0 0 0 0 0 0 0 0 0 0 0 0 0 0 0 0 0 0 2 0 0 0 0 2 0 0 0 30 0 0 68 79 0 0 0 67 3
0 0 10 2 0 0 0 0 0 0 0 0 0 0 0 0 0 0 0 0 0 0 6 0 0 0 0 0 0 1 0 24 0 0 73 85 0 0 0 70 6
0 0 94 20 12 0 0 0 0 0 0 0 0 0 0 0 0 0 0 0 0 0 0 0 0 18 0 21 4 13 0 64 0 0 0 0 0 20 0 0 9
0 0 80 18 10 0 0 0 0 0 0 0 0 0 0 0 0 0 0 0 0 0 0 0 0 15 0 18 4 11 0 52 0 0 0 0 0 17 0 0 8
4 0 7 0 0 0 0 0 0 0 0 0 0 0 0 0 0 0 0 0 0 0 0 0 0 0 1 0 0 0 0 26 0 0 67 78 0 0 0 66 1
5 0 6 0 0 0 0 0 0 0 0 0 0 0 0 0 0 0 0 0 0 0 0 0 0 0 0 0 0 0 0 28 0 0 67 80 0 0 0 66 3
0 0 15 7 0 0 0 0 0 0 0 0 0 0 0 0 0 0 0 0 0 0 10 0 0 0 0 0 0 3 0 27 0 0 71 80 0 0 0 66 9
0 0 15 8 0 0 0 0 0 0 0 0 0 0 0 0 0 0 0 0 0 0 13 3 0 0 0 0 0 4 0 26 0 0 69 75 0 0 0 62 13
0 0 82 18 10 0 0 0 0 0 0 0 0 0 0 0 0 0 0 0 0 0 0 0 0 16 0 18 4 12 0 54 0 0 0 0 0 18 0 0 8
0 0 21 9 0 0 0 0 0 0 0 0 0 0 0 0 0 0 0 0 0 0 11 3 0 0 0 1 0 3 0 29 0 0 66 74 0 0 0 61 12
0 0 29 8 1 0 0 0 0 0 0 0 0 0 0 0 0 0 0 0 0 0 0 0 0 0 0 4 0 0 0 33 0 0 65 76 0 0 0 65 3
5 0 1 0 0 0 0 0 0 0 0 0 0 0 0 0 0 0 0 0 0 0 2 0 0 0 0 0 0 0 0 25 0 0 71 86 0 0 0 65 6
0 0 91 19 12 0 0 0 0 0 0 0 0 0 0 0 0 0 0 0 0 0 0 0 0 20 0 21 4 15 0 55 0 0 0 0 0 22 0 0 6
4 0 6 0 0 0 0 0 0 0 0 0 0 0 0 0 0 0 0 0 0 0 0 0 0 0 0 0 0 0 0 26 0 0 67 81 0 0 0 65 3
0 0 14 5 0 0 0 0 0 0 0 0 0 0 0 0 0 0 0 0 0 0 8 0 0 0 0 0 0 2 0 27 0 0 71 81 0 0 0 67 8
0 0 32 11 0 0 0 0 0 0 0 0 0 0 0 0 0 0 0 0 0 0 7 2 0 0 0 7 2 1 0 32 0 0 59 67 0 0 0 58 10
0 0 41 14 2 0 0 0 0 0 0 0 0 0 0 0 0 0 0 0 0 0 4 0 0 0 0 11 3 0 0 36 0 0 50 60 0 0 0 50 8
0 0 24 9 0 0 0 0 0 0 0 0 0 0 0 0 0 0 0 0 0 0 10 1 0 0 0 1 0 3 0 31 0 0 66 74 0 0 0 62 11
0 0 85 19 11 0 0 0 0 0 0 0 0 0 0 0 0 0 0 0 0 0 0 0 0 15 0 19 4 11 0 58 0 0 0 0 0 18 0 0 10
0 0 32 12 0 0 0 0 0 0 0 0 0 0 0 0 0 0 0 0 0 0 11 6 0 0 0 5 3 2 0 31 0 0 60 68 0 0 0 59 14
0 0 86 18 10 0 0 0 0 0 0 0 0 0 0 0 0 0 0 0 0 0 0 0 0 18 0 19 4 13 0 54 0 0 0 0 0 20 0 0 7
0 0 30 11 0 0 0 0 0 0 0 0 0 0 0 0 0 0 0 0 0 0 9 3 0 0 0 5 2 2 0 31 0 0 61 68 0 0 0 59 12
8 0 2 0 0 0 0 0 0 0 0 0 0 0 0 0 0 0 0 0 0 0 0 0 0 0 0 0 0 0 0 29 0 0 65 78 0 0 0 63 4
5 0 5 0 0 0 0 0 0 0 0 0 0 0 0 0 0 0 0 0 0 0 0 0 0 0 0 0 0 0 0 28 0 0 66 80 0 0 0 65 3
0 0 18 9 0 0 0 0 0 0 0 0 0 0 0 0 0 0 0 0 0 0 13 5 0 0 0 0 0 5 0 27 0 0 67 73 0 0 0 61 15
0 0 84 18 10 0 0 0 0 0 0 0 0 0 0 0 0 0 0 0 0 0 0 0 0 16 0 19 4 12 0 54 0 0 0 0 0 19 0 0 8
0 0 32 11 1 0 0 0 0 0 0 0 0 0 0 0 0 0 0 0 0 0 3 0 0 0 0 7 0 0 0 34 0 0 63 74 0 0 0 62 6
1 0 12 2 0 0 0 0 0 0 0 0 0 0 0 0 0 0 0 0 0 0 1 0 0 0 1 0 0 0 0 26 0 0 68 78 0 0 0 67 1
2 0 7 0 0 0 0 0 0 0 0 0 0 0 0 0 0 0 0 0 0 0 3 0 0 0 0 0 0 0 0 25 0 0 69 82 0 0 0 66 4
6 0 3 0 0 0 0 0 0 0 0 0 0 0 0 0 0 0 0 0 0 0 0 0 0 0 0 0 0 0 0 27 0 0 66 80 0 0 0 64 4
0 0 36 13 1 0 0 0 0 0 0 0 0 0 0 0 0 0 0 0 0 0 5 0 0 0 0 9 2 0 0 34 0 0 58 66 0 0 0 57 8
0 0 105 21 14 0 0 0 0 0 0 0 0 0 0 0 0 0 0 0 0 0 0 0 0 26 0 26 4 18 0 66 0 0 0 0 0 28 0 0 5
8 0 0 0 0 0 0 0 0 0 0 0 0 0 0 0 0 0 0 0 0 0 0 0 0 0 0 0 0 0 0 28 0 0 67 80 0 0 0 63 4
0 0 100 20 13 0 0 0 0 0 0 0 0 0 0 0 0 0 0 0 0 0 0 0 0 24 0 24 4 17 0 61 0 0 0 0 0 27 0 0 4
0 0 23 9 0 0 0 0 0 0 0 0 0 0 0 0 0 0 0 0 0 0 10 0 0 0 0 2 0 2 0 29 0 0 66 74 0 0 0 62 10
0 0 98 20 13 0 0 0 0 0 0 0 0 0 0 0 0 0 0 0 0 0 0 0 0 23 0 23 4 17 0 59 0 0 0 0 0 26 0 0 5
2 0 10 0 0 0 0 0 0 0 0 0 0 0 0 0 0 0 0 0 0 0 0 0 0 0 0 0 0 0 0 27 0 0 68 80 0 0 0 68 1
0 0 78 17 9 0 0 0 0 0 0 0 0 0 0 0 0 0 0 0 0 0 0 0 0 14 0 17 4 11 0 51 0 0 0 0 0 17 0 0 8
5 0 6 0 0 0 0 0 0 0 0 0 0 0 0 0 0 0 0 0 0 0 0 0 0 0 0 0 0 0 0 28 0 0 68 82 0 0 0 66 3
0 0 89 19 11 0 0 0 0 0 0 0 0 0 0 0 0 0 0 0 0 0 0 0 0 18 0 20 4 14 0 56 0 0 0 0 0 21 0 0 7
0 0 16 7 0 0 0 0 0 0 0 0 0 0 0 0 0 0 0 0 0 0 10 1 0 0 0 0 0 3 0 28 0 0 70 78 0 0 0 65 10
5 0 9 0 0 0 0 0 0 0 0 0 0 0 0 0 0 0 0 0 0 0 0 0 0 0 1 0 0 0 0 30 0 0 66 78 0 0 0 66 2
8 0 0 0 0 0 0 0 0 0 0 0 0 0 0 0 0 0 0 0 0 0 1 0 0 0 0 0 0 0 0 27 0 0 70 86 0 0 0 65 6
10 0 0 0 0 0 0 0 0 0 0 0 0 0 0 0 0 0 0 0 0 0 0 0 0 0 0 0 0 1 0 30 0 0 63 75 0 0 0 60 4
0 0 39 13 1 0 0 0 0 0 0 0 0 0 0 0 0 0 0 0 0 0 4 0 0 0 0 10 2 0 0 36 0 0 55 64 0 0 0 55 8
5 0 5 0 0 0 0 0 0 0 0 0 0 0 0 0 0 0 0 0 0 0 0 0 0 0 0 0 0 0 0 28 0 0 66 79 0 0 0 64 3
13 0 0 0 0 0 0 0 0 0 0 0 0 0 0 0 0 0 0 0 0 0 0 0 0 0 0 0 0 0 0 28 0 0 66 80 0 0 0 60 5
4 0 5 0 0 0 0 0 0 0 0 0 0 0 0 0 0 0 0 0 0 0 1 0 0 0 0 0 0 0 0 25 0 0 67 82 0 0 0 65 5
0 0 82 18 10 0 0 0 0 0 0 0 0 0 0 0 0 0 0 0 0 0 0 0 0 15 0 18 4 11 0 53 0 0 0 0 0 17 0 0 8
9 0 3 0 0 0 0 0 0 0 0 0 0 0 0 0 0 0 0 0 0 0 0 0 0 0 0 0 0 0 0 32 0 0 64 75 0 0 0 62 3
0 0 8 0 0 0 0 0 0 0 0 0 0 0 0 0 0 0 0 0 0 0 4 0 0 0 0 0 0 0 0 25 0 0 72 84 0 0 0 69 3
0 0 8 1 0 0 0 0 0 0 0 0 0 0 0 0 0 0 0 0 0 0 5 0 0 0 0 0 0 0 0 24 0 0 73 87 0 0 0 70 6
1 0 11 0 0 0 0 0 0 0 0 0 0 0 0 0 0 0 0 0 0 0 1 0 0 0 0 0 0 0 0 25 0 0 67 77 0 0 0 66 1
1 0 7 0 0 0 0 0 0 0 0 0 0 0 0 0 0 0 0 0 0 0 3 0 0 0 0 0 0 0 0 25 0 0 71 84 0 0 0 69 4
6 0 4 0 0 0 0 0 0 0 0 0 0 0 0 0 0 0 0 0 0 0 0 0 0 0 0 0 0 0 0 28 0 0 67 81 0 0 0 65 3
3 0 8 0 0 0 0 0 0 0 0 0 0 0 0 0 0 0 0 0 0 0 0 0 0 0 1 0 0 0 0 29 0 0 68 79 0 0 0 67 1
7 0 1 0 0 0 0 0 0 0 0 0 0 0 0 0 0 0 0 0 0 0 0 0 0 0 0 0 0 0 0 27 0 0 67 82 0 0 0 64 5
0 0 38 13 1 0 0 0 0 0 0 0 0 0 0 0 0 0 0 0 0 0 5 1 0 0 0 9 3 0 0 34 0 0 57 65 0 0 0 56 9
0 0 26 8 1 0 0 0 0 0 0 0 0 0 0 0 0 0 0 0 0 0 1 0 0 0 0 4 0 0 0 32 0 0 64 75 0 0 0 64 3
0 0 18 8 0 0 0 0 0 0 0 0 0 0 0 0 0 0 0 0 0 0 11 2 0 0 0 0 0 3 0 29 0 0 70 77 0 0 0 65 11
0 0 71 17 6 0 0 0 0 0 0 0 0 0 0 0 0 0 0 0 0 0 0 0 0 8 0 17 3 6 0 50 0 0 0 3 0 9 0 0 10
0 0 23 9 0 0 0 0 0 0 0 0 0 0 0 0 0 0 0 0 0 0 7 0 0 0 0 2 0 1 0 31 0 0 67 76 0 0 0 63 8
4 0 4 0 0 0 0 0 0 0 0 0 0 0 0 0 0 0 0 0 0 0 1 0 0 0 0 0 0 0 0 25 0 0 68 82 0 0 0 65 4
0 0 16 6 0 0 0 0 0 0 0 0 0 0 0 0 0 0 0 0 0 0 7 0 0 0 0 0 0 1 0 28 0 0 72 82 0 0 0 68 7
6 0 5 0 0 0 0 0 0 0 0 0 0 0 0 0 0 0 0 0 0 0 0 0 0 0 0 0 0 0 0 28 0 0 66 79 0 0 0 64 4
0 0 77 17 9 0 0 0 0 0 0 0 0 0 0 0 0 0 0 0 0 0 0 0 0 14 0 17 3 11 0 51 0 0 0 0 0 16 0 0 8
10 0 0 0 0 0 0 0 0 0 0 0 0 0 0 0 0 0 0 0 0 0 0 0 0 0 0 0 0 0 0 28 0 0 65 79 0 0 0 62 4
0 0 13 2 0 0 0 0 0 0 0 0 0 0 0 0 0 0 0 0 0 0 2 0 0 0 0 0 0 0 0 26 0 0 68 79 0 0 0 67 2
1 0 11 0 0 0 0 0 0 0 0 0 0 0 0 0 0 0 0 0 0 0 1 0 0 0 1 0 0 0 0 26 0 0 69 80 0 0 0 69 1
0 0 53 16 2 0 0 0 0 0 0 0 0 0 0 0 0 0 0 0 0 0 5 7 0 0 0 13 7 0 0 39 0 0 29 38 0 2 0 33 13
3 0 4 0 0 0 0 0 0 0 0 0 0 0 0 0 0 0 0 0 0 0 2 0 0 0 0 0 0 0 0 25 0 0 69 84 0 0 0 66 4
0 0 13 5 0 0 0 0 0 0 0 0 0 0 0 0 0 0 0 0 0 0 9 0 0 0 0 0 0 2 0 27 0 0 74 83 0 0 0 69 8
4 0 9 0 0 0 0 0 0 0 0 0 0 0 0 0 0 0 0 0 0 0 0 0 0 0 0 0 0 0 0 28 0 0 65 78 0 0 0 64 3
5 0 3 0 0 0 0 0 0 0 0 0 0 0 0 0 0 0 0 0 0 0 0 0 0 0 0 0 0 0 0 26 0 0 68 83 0 0 0 65 4
0 0 24 10 0 0 0 0 0 0 0 0 0 0 0 0 0 0 0 0 0 0 11 4 0 0 0 2 0 3 0 30 0 0 64 71 0 0 0 60 13
0 0 73 17 7 0 0 0 0 0 0 0 0 0 0 0 0 0 0 0 0 0 0 0 0 9 0 16 4 6 0 50 0 0 0 0 0 10 0 0 10
0 0 65 17 5 0 0 0 0 0 0 0 0 0 0 0 0 0 0 0 0 0 0 0 0 6 0 16 3 5 0 46 0 0 3 15 0 7 0 9 10
0 0 67 17 6 0 0 0 0 0 0 0 0 0 0 0 0 0 0 0 0 0 0 0 0 7 0 16 4 5 0 48 0 0 0 7 0 8 0 1 10
4 0 12 0 0 0 0 0 0 0 0 0 0 0 0 0 0 0 0 0 0 0 0 0 0 0 1 0 0 0 0 28 0 0 64 74 0 0 0 65 1
0 0 29 10 0 0 0 0 0 0 0 0 0 0 0 0 0 0 0 0 0 0 6 1 0 0 0 6 1 1 0 31 0 0 62 69 0 0 0 60 9
0 0 19 8 0 0 0 0 0 0 0 0 0 0 0 0 0 0 0 0 0 0 10 1 0 0 0 0 0 3 0 29 0 0 70 78 0 0 0 65 11
0 0 19 8 0 0 0 0 0 0 0 0 0 0 0 0 0 0 0 0 0 0 10 2 0 0 0 0 0 3 0 30 0 0 70 77 0 0 0 64 11
0 0 36 12 1 0 0 0 0 0 0 0 0 0 0 0 0 0 0 0 0 0 5 2 0 0 0 9 3 0 0 33 0 0 55 63 0 0 0 54 9
0 0 16 6 0 0 0 0 0 0 0 0 0 0 0 0 0 0 0 0 0 0 9 0 0 0 0 0 0 2 0 28 0 0 72 81 0 0 0 67 8
0 0 37 12 1 0 0 0 0 0 0 0 0 0 0 0 0 0 0 0 0 0 6 2 0 0 0 9 3 0 0 33 0 0 53 61 0 0 0 53 10
0 0 23 10 0 0 0 0 0 0 0 0 0 0 0 0 0 0 0 0 0 0 12 4 0 0 0 2 0 3 0 30 0 0 66 73 0 0 0 62 13
0 0 27 9 0 0 0 0 0 0 0 0 0 0 0 0 0 0 0 0 0 0 6 0 0 0 0 4 1 1 0 33 0 0 66 75 0 0 0 64 8
0 0 84 18 10 0 0 0 0 0 0 0 0 0 0 0 0 0 0 0 0 0 0 0 0 17 0 18 4 13 0 52 0 0 0 0 0 20 0 0 7
0 0 12 3 0 0 0 0 0 0 0 0 0 0 0 0 0 0 0 0 0 0 7 0 0 0 0 0 0 0 0 26 0 0 72 84 0 0 0 69 5
0 0 120 24 16 0 0 0 0 0 0 0 0 0 0 0 0 0 0 0 0 0 0 0 0 33 0 30 4 23 0 73 0 0 0 0 0 35 0 0 2
0 0 27 9 0 0 0 0 0 0 0 0 0 0 0 0 0 0 0 0 0 0 4 0 0 0 0 5 0 0 0 31 0 0 65 74 0 0 0 62 6
4 0 3 0 0 0 0 0 0 0 0 0 0 0 0 0 0 0 0 0 0 0 2 0 0 0 0 0 0 0 0 26 0 0 71 86 0 0 0 66 6
10 0 0 0 0 0 0 0 0 0 0 0 0 0 0 0 0 0 0 0 0 0 0 0 0 0 0 0 0 0 0 27 0 0 66 80 0 0 0 62 4
0 0 19 7 0 0 0 0 0 0 0 0 0 0 0 0 0 0 0 0 0 0 9 1 0 0 0 0 0 2 0 30 0 0 71 80 0 0 0 67 9
8 0 0 0 0 0 0 0 0 0 0 0 0 0 0 0 0 0 0 0 0 0 0 0 0 0 0 0 0 0 0 27 0 0 69 84 0 0 0 64 6
0 0 46 15 3 0 0 0 0 0 0 0 0 0 0 0 0 0 0 0 0 0 1 0 0 0 0 12 2 0 0 37 0 0 40 52 0 1 0 42 7
0 0 24 10 0 0 0 0 0 0 0 0 0 0 0 0 0 0 0 0 0 0 11 4 0 0 0 2 0 3 0 31 0 0 65 72 0 0 0 61 13
0 0 15 7 0 0 0 0 0 0 0 0 0 0 0 0 0 0 0 0 0 0 10 1 0 0 0 0 0 3 0 27 0 0 72 80 0 0 0 66 10
4 0 9 0 0 0 0 0 0 0 0 0 0 0 0 0 0 0 0 0 0 0 0 0 0 0 1 0 0 0 0 29 0 0 68 79 0 0 0 68 1
3 0 8 0 0 0 0 0 0 0 0 0 0 0 0 0 0 0 0 0 0 0 0 0 0 0 1 0 0 0 0 28 0 0 68 81 0 0 0 68 2
0 0 77 18 8 0 0 0 0 0 0 0 0 0 0 0 0 0 0 0 0 0 0 0 0 11 0 18 4 8 0 53 0 0 0 0 0 13 0 0 10
0 0 40 13 0 0 0 0 0 0 0 0 0 0 0 0 0 0 0 0 0 0 7 6 0 0 0 10 5 0 0 31 0 0 48 56 0 0 0 50 12
0 0 12 2 0 0 0 0 0 0 0 0 0 0 0 0 0 0 0 0 0 0 4 0 0 0 0 0 0 0 0 26 0 0 71 82 0 0 0 69 3
0 0 9 1 0 0 0 0 0 0 0 0 0 0 0 0 0 0 0 0 0 0 3 0 0 0 0 0 0 0 0 25 0 0 70 81 0 0 0 68 2
9 0 0 0 0 0 0 0 0 0 0 0 0 0 0 0 0 0 0 0 0 0 0 0 0 0 0 0 0 0 0 28 0 0 67 81 0 0 0 63 4
4 0 7 0 0 0 0 0 0 0 0 0 0 0 0 0 0 0 0 0 0 0 0 0 0 0 0 0 0 0 0 28 0 0 69 83 0 0 0 67 3
0 0 75 18 8 0 0 0 0 0 0 0 0 0 0 0 0 0 0 0 0 0 0 0 0 11 0 17 4 8 0 54 0 0 0 0 0 12 0 0 10
0 0 14 6 0 0 0 0 0 0 0 0 0 0 0 0 0 0 0 0 0 0 10 0 0 0 0 0 0 2 0 26 0 0 72 82 0 0 0 68 9
0 0 24 8 0 0 0 0 0 0 0 0 0 0 0 0 0 0 0 0 0 0 6 0 0 0 0 3 0 1 0 31 0 0 65 74 0 0 0 62 8
0 0 61 15 6 0 0 0 0 0 0 0 0 0 0 0 0 0 0 0 0 0 0 0 0 8 0 12 3 8 0 44 0 0 4 15 0 9 0 10 8
0 0 71 17 7 0 0 0 0 0 0 0 0 0 0 0 0 0 0 0 0 0 0 0 0 10 0 16 4 7 0 48 0 0 0 0 0 12 0 0 9
10 0 0 0 0 0 0 0 0 0 0 0 0 0 0 0 0 0 0 0 0 0 0 0 0 0 0 0 0 0 0 28 0 0 66 80 0 0 0 62 4
3 0 5 0 0 0 0 0 0 0 0 0 0 0 0 0 0 0 0 0 0 0 2 0 0 0 0 0 0 0 0 25 0 0 70 83 0 0 0 67 4
0 0 33 10 1 0 0 0 0 0 0 0 0 0 0 0 0 0 0 0 0 0 2 0 0 0 0 6 0 0 0 36 0 0 64 75 0 0 0 63 5
0 0 76 17 8 0 0 0 0 0 0 0 0 0 0 0 0 0 0 0 0 0 0 0 0 11 0 17 4 8 0 52 0 0 0 0 0 13 0 0 9
0 0 77 18 8 0 0 0 0 0 0 0 0 0 0 0 0 0 0 0 0 0 0 0 0 11 0 17 3 8 0 53 0 0 0 0 0 12 0 0 10
0 0 38 12 1 0 0 0 0 0 0 0 0 0 0 0 0 0 0 0 0 0 5 1 0 0 0 10 4 1 0 33 0 1 51 58 0 0 0 51 9
8 0 1 0 0 0 0 0 0 0 0 0 0 0 0 0 0 0 0 0 0 0 0 0 0 0 0 0 0 0 0 28 0 0 65 80 0 0 0 63 4
0 0 15 5 0 0 0 0 0 0 0 0 0 0 0 0 0 0 0 0 0 0 7 0 0 0 0 0 0 1 0 28 0 0 70 82 0 0 0 68 7
