0 0 10 0 0 0 0 0 0 0 0 0 0 0 0 0 0 0 0 0 0 0 26 15 0 2 8 4 0 0 0 12 0 0 15 77 0 0 0 104 0
0 0 32 0 0 0 0 0 0 0 0 0 0 0 0 0 0 0 0 0 0 0 0 0 0 0 2 0 1 0 0 22 0 10 53 68 0 0 0 64 9
0 0 4 0 0 0 0 0 0 0 0 0 0 0 0 0 0 0 0 0 0 0 13 15 0 1 8 1 0 0 0 4 0 0 21 65 0 0 0 81 0
0 0 22 0 0 0 0 0 0 0 0 0 0 0 0 0 0 0 0 0 0 0 0 6 0 0 3 0 0 0 0 15 0 7 48 69 0 0 0 66 6
0 0 13 0 0 0 0 0 0 0 0 0 0 0 0 0 0 0 0 0 0 0 5 6 0 0 4 0 3 0 0 10 0 8 31 67 0 0 0 62 6
2 0 52 4 0 0 0 0 0 0 0 0 0 0 0 0 0 0 0 0 0 0 0 0 0 0 0 0 3 0 0 31 0 15 65 62 0 0 0 54 3
0 0 8 0 0 0 0 0 0 0 0 0 0 0 0 0 0 0 0 0 0 0 22 15 0 1 8 3 0 0 0 8 0 0 17 73 0 0 0 96 0
0 0 6 0 0 0 0 0 0 0 0 0 0 0 0 0 0 0 0 0 0 0 10 17 0 1 8 2 0 0 0 4 0 0 24 65 0 0 0 86 0
0 0 27 1 0 0 0 0 0 0 0 0 0 0 0 0 0 0 0 0 0 0 0 6 0 0 0 0 0 0 0 16 0 6 54 67 0 0 0 67 6
12 0 67 8 0 0 0 0 0 0 0 0 0 0 0 0 0 0 0 0 0 0 0 0 0 0 0 0 11 0 0 42 0 22 76 53 0 0 0 27 0
0 0 17 0 0 0 0 0 0 0 0 0 0 0 0 0 0 0 0 0 0 0 0 7 0 0 5 0 1 0 0 12 0 8 35 67 0 0 0 66 7
0 0 14 0 0 0 0 0 0 0 0 0 0 0 0 0 0 0 0 0 0 0 0 12 0 0 3 0 0 0 0 5 0 1 40 64 0 0 0 71 3
0 0 26 0 0 0 0 0 0 0 0 0 0 0 0 0 0 0 0 0 0 0 0 6 0 0 2 0 0 0 0 18 0 7 52 67 0 0 0 68 6
0 0 44 5 0 0 0 0 0 0 0 0 0 0 0 0 0 0 0 0 0 0 0 0 0 0 0 0 1 0 0 28 0 12 65 66 0 0 0 60 6
2 0 50 5 0 0 0 0 0 0 0 0 0 0 0 0 0 0 0 0 0 0 0 0 0 0 0 0 2 0 0 30 0 14 67 63 0 0 0 55 4
0 0 28 0 0 0 0 0 0 0 0 0 0 0 0 0 0 0 0 0 0 0 0 5 0 0 2 0 0 0 0 19 0 7 54 66 0 0 0 66 7
0 0 6 0 0 0 0 0 0 0 0 0 0 0 0 0 0 0 0 0 0 0 12 16 0 0 8 2 0 0 0 4 0 0 23 67 0 0 0 84 0
0 0 3 0 0 0 0 0 0 0 0 0 0 0 0 0 0 0 0 0 0 0 9 17 0 2 8 2 0 0 0 3 0 0 24 63 0 0 0 83 0
0 0 7 0 0 0 0 0 0 0 0 0 0 0 0 0 0 0 0 0 0 0 1 16 0 0 5 2 0 0 0 1 0 0 32 64 0 0 0 80 0
0 0 8 0 0 0 0 0 0 0 0 0 0 0 0 0 0 0 0 0 0 0 23 15 0 1 8 2 0 0 0 9 0 0 14 70 0 0 0 93 0
0 0 45 3 0 0 0 0 0 0 0 0 0 0 0 0 0 0 0 0 0 0 0 0 0 0 1 0 2 0 0 27 0 13 63 68 0 0 0 59 6
0 0 30 0 0 0 0 0 0 0 0 0 0 0 0 0 0 0 0 0 0 0 0 1 0 0 2 0 0 0 0 20 0 8 53 69 0 0 0 67 8
7 0 60 8 0 0 0 0 0 0 0 0 0 0 0 0 0 0 0 0 0 0 0 0 0 0 0 0 5 0 0 37 0 17 70 55 0 0 0 45 0
1 0 47 7 0 0 0 0 0 0 0 0 0 0 0 0 0 0 0 0 0 0 0 0 0 0 0 0 0 0 0 30 1 11 66 59 0 0 0 58 3
0 0 23 0 0 0 0 0 0 0 0 0 0 0 0 0 0 0 0 0 0 0 48 0 0 0 0 0 4 0 0 14 0 0 11 95 0 0 0 86 10
0 0 45 6 0 0 0 0 0 0 0 0 0 0 0 0 0 0 0 0 0 0 0 0 0 0 0 0 0 0 0 28 0 12 66 61 0 0 0 57 3
0 0 31 0 0 0 0 0 0 0 0 0 0 0 0 0 0 0 0 0 0 0 0 0 0 0 3 0 5 0 0 21 0 14 47 74 0 0 0 59 8
1 0 48 3 0 0 0 0 0 0 0 0 0 0 0 0 0 0 0 0 0 0 0 0 0 0 0 0 5 0 0 29 0 16 63 68 0 0 0 52 4
0 0 33 3 0 0 0 0 0 0 0 0 0 0 0 0 0 0 0 0 0 0 0 4 0 0 1 0 0 0 0 23 0 8 57 63 0 0 0 64 6
0 0 15 0 0 0 0 0 0 0 0 0 0 0 0 0 0 0 0 0 0 0 0 10 0 0 3 0 0 0 0 6 0 2 42 65 0 0 0 71 4
0 0 31 2 0 0 0 0 0 0 0 0 0 0 0 0 0 0 0 0 0 0 0 4 0 0 1 0 0 0 0 21 0 8 56 64 0 0 0 64 6
0 0 24 0 0 0 0 0 0 0 0 0 0 0 0 0 0 0 0 0 0 0 0 3 0 0 4 0 1 0 0 18 0 8 43 67 0 0 0 65 7
0 0 45 1 0 0 0 0 0 0 0 0 0 0 0 0 0 0 0 0 0 0 0 0 0 0 1 0 5 0 0 27 0 16 62 69 0 0 0 52 5
0 0 10 0 0 0 0 0 0 0 0 0 0 0 0 0 0 0 0 0 0 0 29 13 0 1 7 3 0 0 0 12 0 0 14 79 0 0 0 102 0
0 0 13 1 0 0 0 0 0 0 0 0 0 0 0 0 0 0 0 0 0 0 37 9 0 0 5 1 0 0 0 17 0 0 11 84 0 0 0 105 0
0 0 27 0 0 0 0 0 0 0 0 0 0 0 0 0 0 0 0 0 0 0 49 0 0 0 0 0 0 0 0 14 0 0 10 96 0 0 0 90 9
1 0 48 3 0 0 0 0 0 0 0 0 0 0 0 0 0 0 0 0 0 0 0 0 0 0 0 0 3 0 0 28 0 15 65 65 0 0 0 53 5
5 0 56 6 0 0 0 0 0 0 0 0 0 0 0 0 0 0 0 0 0 0 0 0 0 0 0 0 4 0 0 35 0 16 66 57 0 0 0 48 1
0 0 44 2 0 0 0 0 0 0 0 0 0 0 0 0 0 0 0 0 0 0 0 0 0 0 1 0 2 0 0 28 0 13 62 68 0 0 0 59 8
0 0 23 0 0 0 0 0 0 0 0 0 0 0 0 0 0 0 0 0 0 0 0 6 0 0 2 0 0 0 0 16 0 6 51 67 0 0 0 66 7
0 0 6 0 0 0 0 0 0 0 0 0 0 0 0 0 0 0 0 0 0 0 2 18 0 0 6 2 0 0 0 1 0 0 30 62 0 0 0 82 0
0 0 17 0 0 0 0 0 0 0 0 0 0 0 0 0 0 0 0 0 0 0 0 9 0 0 3 0 0 0 0 9 0 3 43 65 0 0 0 70 5
0 0 18 0 0 0 0 0 0 0 0 0 0 0 0 0 0 0 0 0 0 0 0 10 0 0 2 0 0 0 0 8 0 2 44 66 0 0 0 71 5
0 0 9 0 0 0 0 0 0 0 0 0 0 0 0 0 0 0 0 0 0 0 0 12 0 0 5 0 0 0 0 4 0 2 32 63 0 0 0 69 4
11 0 66 5 0 0 0 0 0 0 0 0 0 0 0 0 0 0 0 0 0 0 0 0 0 0 0 0 13 0 0 43 0 23 74 59 0 0 0 27 0
0 0 9 0 0 0 0 0 0 0 0 0 0 0 0 0 0 0 0 0 0 0 0 14 0 0 5 1 0 0 0 3 0 0 34 61 0 0 0 71 2
0 0 24 0 0 0 0 0 0 0 0 0 0 0 0 0 0 0 0 0 0 0 46 0 0 0 0 0 5 0 0 14 0 2 15 94 0 0 0 79 11
7 0 59 7 0 0 0 0 0 0 0 0 0 0 0 0 0 0 0 0 0 0 0 0 0 0 0 0 7 0 0 37 0 19 70 56 0 0 0 37 0
0 0 8 0 0 0 0 0 0 0 0 0 0 0 0 0 0 0 0 0 0 0 2 14 0 0 6 0 0 0 0 3 0 0 29 62 0 0 0 74 2
2 0 51 2 0 0 0 0 0 0 0 0 0 0 0 0 0 0 0 0 0 0 0 0 0 0 0 0 7 0 0 32 0 18 66 69 0 0 0 49 4
0 0 49 2 0 0 0 0 0 0 0 0 0 0 0 0 0 0 0 0 0 0 0 0 0 0 0 0 8 0 0 32 0 19 63 72 0 0 0 47 3
0 0 33 2 0 0 0 0 0 0 0 0 0 0 0 0 0 0 0 0 0 0 0 3 0 0 1 0 0 0 0 23 0 8 57 66 0 0 0 66 6
0 0 15 0 0 0 0 0 0 0 0 0 0 0 0 0 0 0 0 0 0 0 0 10 0 0 3 0 0 0 0 8 0 3 41 64 0 0 0 68 4
0 0 15 1 0 0 0 0 0 0 0 0 0 0 0 0 0 0 0 0 0 0 44 6 0 0 2 0 0 0 0 18 0 0 9 91 0 0 0 107 0
0 0 49 1 0 0 0 0 0 0 0 0 0 0 0 0 0 0 0 0 0 0 0 0 0 0 1 0 5 0 0 30 0 17 63 69 0 0 0 53 5
11 0 61 13 0 0 0 0 0 0 0 0 0 0 0 0 0 0 0 0 0 0 0 0 0 0 0 0 5 0 0 35 0 17 79 46 0 0 0 36 0
0 0 40 3 0 0 0 0 0 0 0 0 0 0 0 0 0 0 0 0 0 0 0 0 0 0 1 0 0 0 0 27 0 10 60 67 0 0 0 64 7
0 0 34 3 0 0 0 0 0 0 0 0 0 0 0 0 0 0 0 0 0 0 0 3 0 0 1 0 0 0 0 24 2 9 58 62 0 0 0 62 5
0 0 29 1 0 0 0 0 0 0 0 0 0 0 0 0 0 0 0 0 0 0 0 5 0 0 1 0 0 0 0 20 0 7 56 65 0 0 0 65 6
9 0 64 4 0 0 0 0 0 0 0 0 0 0 0 0 0 0 0 0 0 0 0 0 0 0 0 0 11 0 0 40 0 22 72 61 0 0 0 33 0
0 0 8 0 0 0 0 0 0 0 0 0 0 0 0 0 0 0 0 0 0 0 0 14 0 0 4 0 0 0 0 1 0 0 33 61 0 0 0 70 2
0 0 18 0 0 0 0 0 0 0 0 0 0 0 0 0 0 0 0 0 0 0 33 0 0 0 0 0 7 0 0 15 0 8 20 83 0 0 0 66 10
0 0 26 0 0 0 0 0 0 0 0 0 0 0 0 0 0 0 0 0 0 0 0 4 0 0 2 0 0 0 0 18 0 7 50 67 0 0 0 65 8
0 0 37 0 0 0 0 0 0 0 0 0 0 0 0 0 0 0 0 0 0 0 0 0 0 0 2 0 0 0 0 25 0 10 56 67 0 0 0 62 9
0 0 5 0 0 0 0 0 0 0 0 0 0 0 0 0 0 0 0 0 0 0 2 17 0 0 7 2 0 0 0 1 0 0 27 60 0 0 0 77 0
0 0 14 1 0 0 0 0 0 0 0 0 0 0 0 0 0 0 0 0 0 0 36 10 0 1 5 1 0 0 0 18 0 0 10 85 0 0 0 108 0
0 0 43 3 0 0 0 0 0 0 0 0 0 0 0 0 0 0 0 0 0 0 0 0 0 0 1 0 1 0 0 27 0 12 62 67 0 0 0 60 7
0 0 26 0 0 0 0 0 0 0 0 0 0 0 0 0 0 0 0 0 0 0 0 4 0 0 3 0 0 0 0 17 0 7 50 67 0 0 0 66 7
0 0 31 0 0 0 0 0 0 1 0 0 0 0 0 0 0 0 0 0 0 0 52 0 0 0 0 0 0 0 0 16 0 0 10 101 0 0 0 95 8
0 0 18 0 0 0 0 0 0 0 0 0 0 0 0 0 0 0 0 0 0 0 45 4 0 0 1 0 0 0 0 18 0 0 8 93 0 0 0 105 2
0 0 12 0 0 0 0 0 0 0 0 0 0 0 0 0 0 0 0 0 0 0 0 13 0 0 3 0 0 0 0 2 0 0 40 65 0 0 0 75 1
0 0 30 0 0 0 0 0 0 0 0 0 0 0 0 0 0 0 0 0 0 0 46 0 0 0 0 0 4 0 0 14 0 0 11 96 0 0 0 81 13
0 0 13 2 0 0 0 0 0 0 0 0 0 0 0 0 0 0 0 0 0 0 39 9 0 1 5 0 0 0 0 18 0 0 10 84 0 0 0 105 0
0 0 35 0 0 0 0 0 0 1 0 0 0 0 0 0 0 0 0 0 0 0 54 0 0 0 0 0 5 0 0 17 0 0 14 106 0 0 0 84 14
0 0 8 0 0 0 0 0 0 0 0 0 0 0 0 0 0 0 0 0 0 0 3 17 0 0 7 3 0 0 0 3 0 0 28 64 0 0 0 85 0
0 0 5 0 0 0 0 0 0 0 0 0 0 0 0 0 0 0 0 0 0 0 5 17 0 1 7 2 0 0 0 2 0 0 27 62 0 0 0 80 0
0 0 26 0 0 0 0 0 0 0 0 0 0 0 0 0 0 0 0 0 0 0 0 0 0 0 3 0 2 0 0 18 0 10 46 68 0 0 0 62 8
0 0 8 0 0 0 0 0 0 0 0 0 0 0 0 0 0 0 0 0 0 0 21 16 0 2 9 3 0 0 0 9 0 0 16 71 0 0 0 97 0
0 0 9 0 0 0 0 0 0 0 0 0 0 0 0 0 0 0 0 0 0 0 24 15 0 1 8 3 0 0 0 11 0 0 14 75 0 0 0 99 0
0 0 47 4 0 0 0 0 0 0 0 0 0 0 0 0 0 0 0 0 0 0 0 0 0 0 1 0 1 0 0 30 0 13 63 63 0 0 0 58 5
0 0 12 0 0 0 0 0 0 0 0 0 0 0 0 0 0 0 0 0 0 0 17 4 0 0 5 0 5 0 0 13 0 9 24 70 0 0 0 63 4
0 0 8 0 0 0 0 0 0 0 0 0 0 0 0 0 0 0 0 0 0 0 0 14 0 0 4 0 0 0 0 0 0 0 36 62 0 0 0 71 2
0 0 6 0 0 0 0 0 0 0 0 0 0 0 0 0 0 0 0 0 0 0 8 18 0 1 8 3 0 0 0 3 0 0 24 64 0 0 0 85 0
7 0 58 8 0 0 0 0 0 0 0 0 0 0 0 0 0 0 0 0 0 0 0 0 0 0 0 0 3 0 0 35 0 16 69 54 0 0 0 48 0
0 0 6 0 0 0 0 0 0 0 0 0 0 0 0 0 0 0 0 0 0 0 1 15 0 0 6 1 0 0 0 1 0 0 30 61 0 0 0 72 1
0 0 45 0 0 0 0 0 0 0 0 0 0 0 0 0 0 0 0 0 0 0 0 0 0 0 0 0 8 0 0 30 0 19 57 79 0 0 0 55 7
0 0 36 2 0 0 0 0 0 0 0 0 0 0 0 0 0 0 0 0 0 0 0 0 0 0 1 0 2 0 0 23 0 11 57 69 0 0 0 61 8
0 0 15 2 0 0 0 0 0 0 0 0 0 0 0 0 0 0 0 0 0 0 43 9 0 0 5 0 0 0 0 21 0 0 12 93 0 0 0 117 0
0 0 8 0 0 0 0 0 0 0 0 0 0 0 0 0 0 0 0 0 0 0 23 14 0 1 8 2 0 0 0 9 0 0 15 73 0 0 0 94 0
0 0 11 0 0 0 0 0 0 0 0 0 0 0 0 0 0 0 0 0 0 0 0 13 0 0 4 0 0 0 0 4 0 1 36 62 0 0 0 69 2
0 0 21 0 0 0 0 0 0 0 0 0 0 0 0 0 0 0 0 0 0 0 45 1 0 0 0 0 0 0 0 16 0 0 8 92 0 0 0 97 4
0 0 19 0 0 0 0 0 0 0 0 0 0 0 0 0 0 0 0 0 0 0 42 5 0 0 3 0 0 0 0 17 0 0 8 85 0 0 0 96 4
0 0 28 0 0 0 0 0 0 0 0 0 0 0 0 0 0 0 0 0 0 0 47 0 0 0 0 0 0 0 0 15 0 0 10 97 0 0 0 93 9
0 0 12 0 0 0 0 0 0 0 0 0 0 0 0 0 0 0 0 0 0 0 0 9 0 0 5 0 0 0 0 6 0 3 32 64 0 0 0 67 4
0 0 10 1 0 0 0 0 0 0 0 0 0 0 0 0 0 0 0 0 0 0 29 14 0 2 8 3 0 0 0 12 0 0 14 78 0 0 0 103 0
0 0 44 0 0 0 0 0 0 0 0 0 0 0 0 0 0 0 0 0 0 0 0 0 0 0 0 0 7 0 0 27 0 18 61 77 0 0 0 54 6
0 0 29 0 0 0 0 0 0 0 0 0 0 0 0 0 0 0 0 0 0 0 0 2 0 0 2 0 0 0 0 20 0 9 52 68 0 0 0 65 8
0 0 38 1 0 0 0 0 0 0 0 0 0 0 0 0 0 0 0 0 0 0 0 0 0 0 2 0 0 0 0 25 0 11 59 68 0 0 0 63 8
0 0 12 1 0 0 0 0 0 0 0 0 0 0 0 0 0 0 0 0 0 0 32 12 0 0 7 2 0 0 0 15 0 0 11 80 0 0 0 104 0
0 0 47 6 0 0 0 0 0 0 0 0 0 0 0 0 0 0 0 0 0 0 0 0 0 0 0 0 1 0 0 29 0 13 66 62 0 0 0 57 3
0 0 34 1 0 0 0 0 0 0 0 0 0 0 0 0 0 0 0 0 0 0 0 0 0 0 1 0 0 0 0 22 0 10 58 69 0 0 0 63 7
0 0 27 0 0 0 0 0 0 0 0 0 0 0 0 0 0 0 0 0 0 0 51 0 0 0 0 0 0 0 0 16 0 0 10 97 0 0 0 94 7
7 0 58 5 0 0 0 0 0 0 0 0 0 0 0 0 0 0 0 0 0 0 0 0 0 0 0 0 7 0 0 36 0 18 69 60 0 0 0 41 1
0 0 10 0 0 0 0 0 0 0 0 0 0 0 0 0 0 0 0 0 0 0 17 8 0 0 5 0 3 0 0 10 0 5 18 69 0 0 0 70 4
0 0 43 0 0 0 0 0 0 0 0 0 0 0 0 0 0 0 0 0 0 0 0 0 0 0 0 0 7 0 0 27 0 18 61 76 0 0 0 52 5
0 0 7 0 0 0 0 0 0 0 0 0 0 0 0 0 0 0 0 0 0 0 18 15 0 2 8 2 0 0 0 7 0 0 18 70 0 0 0 91 0
0 0 49 0 0 0 0 0 0 2 0 0 0 0 0 0 0 0 0 0 0 0 60 0 0 0 0 0 0 0 0 18 0 0 14 119 0 0 0 90 17
0 0 44 1 0 0 0 0 0 0 0 0 0 0 0 0 0 0 0 0 0 0 0 0 0 0 1 0 5 0 0 26 0 16 61 69 0 0 0 51 6
0 0 44 2 0 0 0 0 0 0 0 0 0 0 0 0 0 0 0 0 0 0 0 0 0 0 1 0 2 0 0 27 0 13 63 68 0 0 0 57 6
0 0 19 0 0 0 0 0 0 0 0 0 0 0 0 0 0 0 0 0 0 0 48 3 0 0 0 0 0 0 0 17 0 0 9 97 0 0 0 108 1
0 0 14 2 0 0 0 0 0 0 0 0 0 0 0 0 0 0 0 0 0 0 36 9 0 0 5 0 0 0 0 18 0 0 10 83 0 0 0 105 0
0 0 7 0 0 0 0 0 0 0 0 0 0 0 0 0 0 0 0 0 0 0 13 11 0 0 7 0 2 0 0 6 0 3 18 65 0 0 0 71 3
0 0 24 0 0 0 0 0 0 0 0 0 0 0 0 0 0 0 0 0 0 0 0 7 0 0 2 0 0 0 0 15 0 5 50 67 0 0 0 67 7
0 0 8 0 0 0 0 0 0 0 0 0 0 0 0 0 0 0 0 0 0 0 0 16 0 0 6 1 0 0 0 2 0 0 30 61 0 0 0 74 0
0 0 49 0 0 0 0 0 0 0 0 0 0 0 0 0 0 0 0 0 0 0 0 0 0 0 0 0 10 0 0 31 0 21 61 82 0 0 0 52 6
0 0 22 0 0 0 0 0 0 0 0 0 0 0 0 0 0 0 0 0 0 0 1 1 0 0 4 0 4 0 0 16 0 10 38 70 0 0 0 62 8
2 0 52 2 0 0 0 0 0 0 0 0 0 0 0 0 0 0 0 0 0 0 0 0 0 0 1 0 5 0 0 31 0 17 66 66 0 0 0 51 5
4 0 52 5 0 0 0 0 0 0 0 0 0 0 0 0 0 0 0 0 0 0 0 0 0 0 0 0 3 0 0 31 0 15 66 62 0 0 0 52 4
2 0 50 2 0 0 0 0 0 0 0 0 0 0 0 0 0 0 0 0 0 0 0 0 0 0 1 0 5 0 0 30 0 17 65 67 0 0 0 51 5
0 0 49 2 0 0 0 0 0 0 0 0 0 0 0 0 0 0 0 0 0 0 0 0 0 0 0 0 7 0 0 30 0 18 66 71 0 0 0 48 3
0 0 29 1 0 0 0 0 0 0 0 0 0 0 0 0 0 0 0 0 0 0 0 5 0 0 1 0 0 0 0 20 0 7 53 66 0 0 0 67 6
0 0 44 0 0 0 0 0 0 2 0 0 0 0 0 0 0 0 0 0 0 0 59 0 0 0 0 0 0 0 0 18 0 0 13 115 0 0 0 92 14
0 0 25 0 0 0 0 0 0 0 0 0 0 0 0 0 0 0 0 0 0 0 48 0 0 0 0 0 0 0 0 16 0 0 9 95 0 0 0 96 6
0 0 21 0 0 0 0 0 0 0 0 0 0 0 0 0 0 0 0 0 0 0 0 8 0 0 2 0 0 0 0 11 0 4 46 64 0 0 0 68 5
11 0 65 8 0 0 0 0 0 0 0 0 0 0 0 0 0 0 0 0 0 0 0 0 0 0 0 0 9 0 0 40 0 21 75 53 0 0 0 32 0
0 0 8 0 0 0 0 0 0 0 0 0 0 0 0 0 0 0 0 0 0 0 1 12 0 0 6 1 0 0 0 4 0 2 29 63 0 0 0 70 4
0 0 6 0 0 0 0 0 0 0 0 0 0 0 0 0 0 0 0 0 0 0 4 17 0 0 7 2 0 0 0 2 0 0 27 62 0 0 0 79 0
0 0 28 0 0 0 0 0 0 0 0 0 0 0 0 0 0 0 0 0 0 0 0 4 0 0 2 0 0 0 0 20 0 8 52 66 0 0 0 65 7
0 0 4 0 0 0 0 0 0 0 0 0 0 0 0 0 0 0 0 0 0 0 9 18 0 2 8 2 0 0 0 3 0 0 23 63 0 0 0 83 0
0 0 21 0 0 0 0 0 0 0 0 0 0 0 0 0 0 0 0 0 0 0 46 2 0 0 0 0 0 0 0 15 0 0 8 92 0 0 0 97 4
10 0 63 8 0 0 0 0 0 0 0 0 0 0 0 0 0 0 0 0 0 0 0 0 0 0 0 0 7 0 0 38 0 18 71 53 0 0 0 38 0
0 0 35 0 0 0 0 0 0 0 0 0 0 0 0 0 0 0 0 0 0 0 0 0 0 0 2 0 2 0 0 22 0 12 55 72 0 0 0 63 9
0 0 27 4 0 0 0 0 0 0 0 0 0 0 0 0 0 0 0 0 0 0 0 7 0 0 0 0 0 0 0 17 2 6 55 61 0 0 0 63 3
0 0 24 0 0 0 0 0 0 0 0 0 0 0 0 0 0 0 0 0 0 0 0 1 0 0 3 0 1 0 0 17 0 10 45 69 0 0 0 62 7
0 0 24 0 0 0 0 0 0 0 0 0 0 0 0 0 0 0 0 0 0 0 0 7 0 0 1 0 0 0 0 14 0 5 52 67 0 0 0 67 6
0 0 40 2 0 0 0 0 0 0 0 0 0 0 0 0 0 0 0 0 0 0 0 0 0 0 1 0 2 0 0 25 0 12 61 71 0 0 0 61 8
3 0 54 5 0 0 0 0 0 0 0 0 0 0 0 0 0 0 0 0 0 0 0 0 0 0 0 0 6 0 0 34 0 17 69 62 0 0 0 45 1
0 0 14 2 0 0 0 0 0 0 0 0 0 0 0 0 0 0 0 0 0 0 42 9 0 0 4 0 0 0 0 19 0 0 11 90 0 0 0 112 0
0 0 8 0 0 0 0 0 0 0 0 0 0 0 0 0 0 0 0 0 0 0 0 16 0 0 5 1 0 0 0 2 0 0 34 62 0 0 0 77 0
0 0 26 0 0 0 0 0 0 0 0 0 0 0 0 0 0 0 0 0 0 0 41 0 0 0 0 0 9 0 0 20 0 11 24 93 0 0 0 69 11
2 0 49 2 0 0 0 0 0 0 0 0 0 0 0 0 0 0 0 0 0 0 0 0 0 0 1 0 5 0 0 30 0 16 65 68 0 0 0 51 5
0 0 14 2 0 0 0 0 0 0 0 0 0 0 0 0 0 0 0 0 0 0 38 10 0 0 5 0 0 0 0 18 0 0 9 84 0 0 0 105 0
0 0 24 0 0 0 0 0 0 0 0 0 0 0 0 0 0 0 0 0 0 0 0 6 0 0 0 0 0 0 0 14 0 5 54 66 0 0 0 65 5
0 0 46 6 0 0 0 0 0 0 0 0 0 0 0 0 0 0 0 0 0 0 0 0 0 0 0 0 0 0 0 29 0 12 65 62 0 0 0 58 3
0 0 8 0 0 0 0 0 0 0 0 0 0 0 0 0 0 0 0 0 0 0 22 14 0 1 8 3 0 0 0 8 0 0 17 75 0 0 0 97 0
0 0 34 2 0 0 0 0 0 0 0 0 0 0 0 0 0 0 0 0 0 0 0 1 0 0 1 0 0 0 0 24 0 9 58 66 0 0 0 65 7
0 0 13 1 0 0 0 0 0 0 0 0 0 0 0 0 0 0 0 0 0 0 38 9 0 0 5 0 0 0 0 17 0 0 10 84 0 0 0 104 0
13 0 66 11 0 0 0 0 0 0 0 0 0 0 0 0 0 0 0 0 0 0 0 0 0 0 0 0 7 0 0 40 0 19 78 45 0 0 0 31 0
0 0 40 1 0 0 0 0 0 0 0 0 0 0 0 0 0 0 0 0 0 0 0 0 0 0 1 0 0 0 0 26 0 11 60 69 0 0 0 63 8
12 0 67 7 0 0 0 0 0 0 0 0 0 0 0 0 0 0 0 0 0 0 0 0 0 0 0 0 11 0 0 43 0 22 75 53 0 0 0 27 0
0 0 42 1 0 0 0 0 0 0 0 0 0 0 0 0 0 0 0 0 0 0 0 0 0 0 1 0 4 0 0 27 0 14 61 70 0 0 0 57 8
0 0 52 0 0 0 0 0 0 2 0 0 0 0 0 0 0 0 0 0 0 0 61 0 0 0 0 0 1 0 0 19 0 0 16 122 0 0 0 90 18
0 0 27 4 0 0 0 0 0 0 0 0 0 0 0 0 0 0 0 0 0 0 0 6 0 0 0 0 0 0 0 17 2 6 55 62 0 0 0 63 3
0 0 13 2 0 0 0 0 0 0 0 0 0 0 0 0 0 0 0 0 0 0 41 10 0 1 5 0 0 0 0 18 0 0 11 88 0 0 0 111 0
0 0 27 0 0 0 0 0 0 1 0 0 0 0 0 0 0 0 0 0 0 0 56 0 0 0 0 0 0 0 0 15 0 0 6 104 0 0 0 103 5
7 0 60 6 0 0 0 0 0 0 0 0 0 0 0 0 0 0 0 0 0 0 0 0 0 0 0 0 5 0 0 37 0 17 68 56 0 0 0 44 1
14 0 69 5 0 0 0 0 0 0 0 0 0 0 0 0 0 0 0 0 0 0 0 0 0 0 0 0 15 0 0 44 0 26 73 66 0 1 0 27 0
0 0 6 0 0 0 0 0 0 0 0 0 0 0 0 0 0 0 0 0 0 0 3 17 0 0 6 2 0 0 0 2 0 0 30 62 0 0 0 81 0
0 0 16 0 0 0 0 0 0 0 0 0 0 0 0 0 0 0 0 0 0 0 42 4 0 0 2 0 0 0 0 16 0 0 7 88 0 0 0 99 2
0 0 32 0 0 0 0 0 0 0 0 0 0 0 0 0 0 0 0 0 0 0 0 0 0 0 2 0 4 0 0 21 0 13 50 73 0 0 0 61 9
0 0 51 2 0 0 0 0 0 0 0 0 0 0 0 0 0 0 0 0 0 0 0 0 0 0 0 0 11 0 0 35 0 22 62 77 0 0 0 46 3
0 0 18 0 0 0 0 0 0 0 0 0 0 0 0 0 0 0 0 0 0 0 0 6 0 0 3 0 0 0 0 12 0 6 42 65 0 0 0 65 5
0 0 26 1 0 0 0 0 0 0 0 0 0 0 0 0 0 0 0 0 0 0 0 5 0 0 0 0 0 0 0 17 0 7 55 68 0 0 0 66 6
0 0 25 0 0 0 0 0 0 0 0 0 0 0 0 0 0 0 0 0 0 0 0 3 0 0 3 0 0 0 0 16 0 8 45 67 0 0 0 65 7
0 0 10 0 0 0 0 0 0 0 0 0 0 0 0 0 0 0 0 0 0 0 0 14 0 0 3 1 0 0 0 1 0 0 39 64 0 0 0 74 0
0 0 18 0 0 0 0 0 0 0 0 0 0 0 0 0 0 0 0 0 0 0 47 3 0 0 1 0 0 0 0 18 0 0 7 92 0 0 0 103 2
5 0 55 5 0 0 0 0 0 0 0 0 0 0 0 0 0 0 0 0 0 0 0 0 0 0 0 0 4 0 0 33 0 17 66 61 0 0 0 48 3
0 0 21 0 0 0 0 0 0 0 0 0 0 0 0 0 0 0 0 0 0 0 0 5 0 0 4 0 1 0 0 15 0 7 43 67 0 0 0 65 6
4 0 54 1 0 0 0 0 0 0 0 0 0 0 0 0 0 0 0 0 0 0 0 0 0 0 0 0 8 0 0 33 0 20 67 72 0 0 0 47 4
0 0 51 0 0 0 0 0 0 4 0 0 0 0 0 1 0 0 0 0 0 0 67 0 0 0 0 0 0 0 0 19 0 0 13 128 0 0 0 98 16
0 0 42 0 0 0 0 0 0 1 0 0 0 0 0 0 0 0 0 0 0 0 56 0 0 0 0 0 6 0 0 18 0 0 15 111 0 0 0 81 17
0 0 37 2 0 0 0 0 0 0 0 0 0 0 0 0 0 0 0 0 0 0 0 0 0 0 1 0 0 0 0 25 0 10 57 66 0 0 0 62 7
0 0 17 1 0 0 0 0 0 0 0 0 0 0 0 0 0 0 0 0 0 0 44 4 0 0 2 0 0 0 0 16 0 0 8 88 0 0 0 98 3
0 0 23 0 0 0 0 0 0 1 0 0 0 0 0 0 0 0 0 0 0 0 52 0 0 0 0 0 0 0 0 15 0 0 6 98 0 0 0 100 5
16 0 71 8 0 0 0 0 0 0 0 0 0 0 0 0 0 0 0 0 0 0 0 0 0 0 0 0 14 0 0 45 0 24 81 50 0 1 0 17 0
0 0 35 3 0 0 0 0 0 0 0 0 0 0 0 0 0 0 0 0 0 0 0 2 0 0 1 0 0 0 0 23 0 9 57 64 0 0 0 63 6
0 0 34 1 0 0 0 0 0 0 0 0 0 0 0 0 0 0 0 0 0 0 0 0 0 0 2 0 1 0 0 23 0 11 56 69 0 0 0 60 7
0 0 16 0 0 0 0 0 0 0 0 0 0 0 0 0 0 0 0 0 0 0 13 0 0 0 3 0 6 0 0 14 0 12 29 72 0 0 0 58 6
5 0 53 4 0 0 0 0 0 0 0 0 0 0 0 0 0 0 0 0 0 0 0 0 0 0 0 0 4 0 0 31 0 16 67 62 0 0 0 48 4
2 0 52 1 0 0 0 0 0 0 0 0 0 0 0 0 0 0 0 0 0 0 0 0 0 0 0 0 10 0 0 34 0 21 65 77 0 0 0 47 3
0 0 40 4 0 0 0 0 0 0 0 0 0 0 0 0 0 0 0 0 0 0 0 0 0 0 0 0 0 0 0 24 0 12 63 65 0 0 0 57 5
0 0 18 0 0 0 0 0 0 0 0 0 0 0 0 0 0 0 0 0 0 0 43 5 0 0 2 0 0 0 0 17 0 0 9 88 0 0 0 100 2
0 0 12 0 0 0 0 0 0 0 0 0 0 0 0 0 0 0 0 0 0 0 0 12 0 0 2 0 0 0 0 1 0 0 41 65 0 0 0 71 1
8 0 60 4 0 0 0 0 0 0 0 0 0 0 0 0 0 0 0 0 0 0 0 0 0 0 0 0 9 0 0 38 0 20 69 59 0 0 0 37 0
0 0 9 0 0 0 0 0 0 0 0 0 0 0 0 0 0 0 0 0 0 0 6 13 0 0 7 0 0 0 0 5 0 1 22 64 0 0 0 74 3
0 0 45 0 0 0 0 0 0 1 0 0 0 0 0 0 0 0 0 0 0 0 58 0 0 0 0 0 2 0 0 16 0 0 15 114 0 0 0 86 15
0 0 6 0 0 0 0 0 0 0 0 0 0 0 0 0 0 0 0 0 0 0 14 14 0 1 7 1 0 0 0 6 0 0 17 64 0 0 0 78 1
0 0 6 0 0 0 0 0 0 0 0 0 0 0 0 0 0 0 0 0 0 0 0 15 0 0 4 0 0 0 0 0 0 0 36 61 0 0 0 72 0
0 0 12 0 0 0 0 0 0 0 0 0 0 0 0 0 0 0 0 0 0 0 0 12 0 0 3 0 0 0 0 1 0 0 40 65 0 0 0 72 2
0 0 23 0 0 0 0 0 0 0 0 0 0 0 0 0 0 0 0 0 0 0 0 6 0 0 4 0 0 0 0 17 0 7 42 66 0 0 0 66 6
10 0 61 11 0 0 0 0 0 0 0 0 0 0 0 0 0 0 0 0 0 0 0 0 0 0 0 0 6 0 0 37 0 17 74 49 0 1 0 37 0
0 0 15 1 0 0 0 0 0 0 0 0 0 0 0 0 0 0 0 0 0 0 37 9 0 0 5 0 0 0 0 16 0 0 9 82 0 0 0 98 3
0 0 18 0 0 0 0 0 0 0 0 0 0 0 0 0 0 0 0 0 0 0 0 9 0 0 1 0 0 0 0 7 0 2 49 67 0 0 0 71 4
0 0 19 0 0 0 0 0 0 0 0 0 0 0 0 0 0 0 0 0 0 0 0 8 0 0 1 0 0 0 0 7 0 2 49 67 0 0 0 70 5
0 0 7 0 0 0 0 0 0 0 0 0 0 0 0 0 0 0 0 0 0 0 2 17 0 0 6 1 0 0 0 1 0 0 30 62 0 0 0 79 0
0 0 14 0 0 0 0 0 0 0 0 0 0 0 0 0 0 0 0 0 0 0 0 11 0 0 2 0 0 0 0 5 0 1 43 64 0 0 0 71 4
0 0 12 0 0 0 0 0 0 0 0 0 0 0 0 0 0 0 0 0 0 0 0 13 0 0 4 0 0 0 0 4 0 0 36 62 0 0 0 72 2
0 0 31 0 0 0 0 0 0 0 0 0 0 0 0 0 0 0 0 0 0 0 0 0 0 0 3 0 4 0 0 22 0 13 47 74 0 0 0 62 8
2 0 52 5 0 0 0 0 0 0 0 0 0 0 0 0 0 0 0 0 0 0 0 0 0 0 0 0 3 0 0 31 0 15 67 62 0 0 0 52 3
0 0 11 0 0 0 0 0 0 0 0 0 0 0 0 0 0 0 0 0 0 0 0 11 0 0 5 0 0 0 0 5 0 2 33 61 0 0 0 67 4
0 0 11 1 0 0 0 0 0 0 0 0 0 0 0 0 0 0 0 0 0 0 0 14 0 0 3 0 0 0 0 2 0 0 41 66 0 0 0 76 0
0 0 5 0 0 0 0 0 0 0 0 0 0 0 0 0 0 0 0 0 0 0 0 16 0 0 5 1 0 0 0 0 0 0 32 62 0 0 0 74 0
5 0 56 5 0 0 0 0 0 0 0 0 0 0 0 0 0 0 0 0 0 0 0 0 0 0 0 0 8 0 0 36 0 19 70 61 0 0 0 39 0
0 0 25 1 0 0 0 0 0 0 0 0 0 0 0 0 0 0 0 0 0 0 0 6 0 0 1 0 0 0 0 16 0 6 54 67 0 0 0 67 6
0 0 41 0 0 0 0 0 0 2 0 0 0 0 0 0 0 0 0 0 0 0 59 0 0 0 0 0 0 0 0 17 0 0 10 116 0 0 0 98 11
0 0 7 0 0 0 0 0 0 0 0 0 0 0 0 0 0 0 0 0 0 0 2 17 0 0 6 2 0 0 0 2 0 0 30 64 0 0 0 83 0
0 0 35 0 0 0 0 0 0 0 0 0 0 0 0 0 0 0 0 0 0 0 0 0 0 0 2 0 3 0 0 23 0 13 56 75 0 0 0 62 8
0 0 37 1 0 0 0 0 0 0 0 0 0 0 0 0 0 0 0 0 0 0 0 0 0 0 1 0 1 0 0 24 0 12 60 70 0 0 0 61 8
0 0 30 0 0 0 0 0 0 0 0 0 0 0 0 0 0 0 0 0 0 0 5 0 0 0 2 0 7 0 0 20 0 15 44 80 0 1 0 61 10
0 0 17 0 0 0 0 0 0 0 0 0 0 0 0 0 0 0 0 0 0 0 0 9 0 0 3 0 0 0 0 8 0 3 43 66 0 0 0 69 5
8 0 62 5 0 0 0 0 0 0 0 0 0 0 0 0 0 0 0 0 0 0 0 0 0 0 0 0 8 0 0 39 0 20 68 59 0 0 0 39 0
0 0 7 0 0 0 0 0 0 0 0 0 0 0 0 0 0 0 0 0 0 0 7 18 0 1 7 2 0 0 0 3 0 0 27 64 0 0 0 88 0
0 0 25 0 0 0 0 0 0 0 0 0 0 0 0 0 0 0 0 0 0 0 0 6 0 0 1 0 0 0 0 17 0 6 54 67 0 0 0 66 7
0 0 45 2 0 0 0 0 0 0 0 0 0 0 0 0 0 0 0 0 0 0 0 0 0 0 1 0 2 0 0 28 0 13 62 69 0 0 0 60 7
0 0 33 0 0 0 0 0 0 0 0 0 0 0 0 0 0 0 0 0 0 0 0 0 0 0 2 0 6 0 0 22 0 16 50 78 0 0 0 59 8
0 0 13 0 0 0 0 0 0 0 0 0 0 0 0 0 0 0 0 0 0 0 0 9 0 0 4 0 0 0 0 7 0 4 38 64 0 0 0 66 5
0 0 12 0 0 0 0 0 0 0 0 0 0 0 0 0 0 0 0 0 0 0 0 11 0 0 3 0 0 0 0 5 0 1 40 63 0 0 0 69 3
0 0 29 0 0 0 0 0 0 0 0 0 0 0 0 0 0 0 0 0 0 0 0 4 0 0 2 0 0 0 0 19 0 7 55 67 0 0 0 66 7
0 0 39 0 0 0 0 0 0 2 0 0 0 0 0 0 0 0 0 0 0 0 57 0 0 0 0 0 0 0 0 17 0 0 12 109 0 0 0 90 12
0 0 26 0 0 0 0 0 0 0 0 0 0 0 0 0 0 0 0 0 0 0 46 0 0 0 0 0 4 0 0 14 0 0 12 95 0 0 0 85 11
0 0 18 1 0 0 0 0 0 0 0 0 0 0 0 0 0 0 0 0 0 0 47 5 0 0 2 0 0 0 0 19 0 0 8 93 0 0 0 109 1
0 0 10 0 0 0 0 0 0 0 0 0 0 0 0 0 0 0 0 0 0 0 14 7 0 0 5 0 4 0 0 10 0 7 20 69 0 0 0 66 5
0 0 22 1 0 0 0 0 0 0 0 0 0 0 0 0 0 0 0 0 0 0 0 7 0 0 0 0 0 0 0 11 0 4 53 67 0 0 0 66 5
0 0 13 1 0 0 0 0 0 0 0 0 0 0 0 0 0 0 0 0 0 0 33 11 0 0 6 2 0 0 0 17 0 0 10 80 0 0 0 104 0
2 0 56 1 0 0 0 0 0 0 0 0 0 0 0 0 0 0 0 0 0 0 0 0 0 0 0 0 13 0 0 38 0 24 63 79 0 0 0 43 2
0 0 17 0 0 0 0 0 0 0 0 0 0 0 0 0 0 0 0 0 0 0 3 4 0 0 5 0 3 0 0 13 0 9 34 68 0 0 0 62 6
6 0 58 6 0 0 0 0 0 0 0 0 0 0 0 0 0 0 0 0 0 0 0 0 0 0 0 0 8 0 0 36 0 19 72 58 0 0 0 39 0
0 0 8 0 0 0 0 0 0 0 0 0 0 0 0 0 0 0 0 0 0 0 24 13 0 1 8 2 0 0 0 10 0 0 13 72 0 0 0 92 0
0 0 37 2 0 0 0 0 0 0 0 0 0 0 0 0 0 0 0 0 0 0 0 0 0 0 1 0 0 0 0 24 0 10 59 67 0 0 0 62 7
10 0 63 6 0 0 0 0 0 0 0 0 0 0 0 0 0 0 0 0 0 0 0 0 0 0 0 0 13 0 0 39 0 24 77 62 0 0 0 27 0
0 0 42 0 0 0 0 0 0 0 0 0 0 0 0 0 0 0 0 0 0 0 11 0 0 0 0 0 12 0 0 30 0 22 52 87 0 0 2 54 7
0 0 12 0 0 0 0 0 0 0 0 0 0 0 0 0 0 0 0 0 0 0 0 12 0 0 4 0 0 0 0 5 0 1 35 63 0 0 0 70 4
0 0 11 1 0 0 0 0 0 0 0 0 0 0 0 0 0 0 0 0 0 0 34 12 0 1 6 2 0 0 0 15 0 0 14 84 0 0 0 108 0
0 0 36 0 0 0 0 0 0 2 0 0 0 0 0 0 0 0 0 0 0 0 56 0 0 0 0 0 0 0 0 15 0 0 10 107 0 0 0 93 10
0 0 64 0 0 0 0 0 0 5 0 0 0 0 0 0 0 0 0 0 0 0 74 0 0 0 0 0 0 0 0 24 0 0 18 140 0 0 0 99 21
0 0 42 0 0 0 0 0 0 2 0 0 0 0 0 0 0 0 0 0 0 0 59 0 0 0 0 0 0 0 0 17 0 0 12 113 0 0 0 93 12
0 0 16 2 0 0 0 0 0 0 0 0 0 0 0 0 0 0 0 0 0 0 49 8 0 0 2 0 0 0 0 22 0 0 13 103 0 0 0 126 0
0 0 9 0 0 0 0 0 0 0 0 0 0 0 0 0 0 0 0 0 0 0 0 13 0 0 4 0 0 0 0 2 0 1 35 61 0 0 0 67 3
14 0 68 11 0 0 0 0 0 0 0 0 0 0 0 0 0 0 0 0 0 0 0 0 0 0 0 0 9 0 0 41 0 19 78 46 0 1 0 29 0
12 0 66 8 0 0 0 0 0 0 0 0 0 0 0 0 0 0 0 0 0 0 0 0 0 0 0 0 13 0 0 42 0 24 78 56 0 0 0 24 0
0 0 33 0 0 0 0 0 0 0 0 0 0 0 0 0 0 0 0 0 0 0 0 0 0 0 3 0 0 0 0 24 0 9 53 67 0 0 0 64 9
3 0 51 3 0 0 0 0 0 0 0 0 0 0 0 0 0 0 0 0 0 0 0 0 0 0 0 0 7 0 0 32 0 18 69 68 0 0 0 45 3
4 0 56 3 0 0 0 0 0 0 0 0 0 0 0 0 0 0 0 0 0 0 0 0 0 0 0 0 10 0 0 37 0 21 69 69 0 0 0 42 1
0 0 18 0 0 0 0 0 0 0 0 0 0 0 0 0 0 0 0 0 0 0 51 3 0 0 0 0 0 0 0 20 0 0 9 100 0 0 0 114 1
0 0 15 3 0 0 0 0 0 0 0 0 0 0 0 0 0 0 0 0 0 0 44 8 0 1 4 0 0 0 0 21 0 0 9 90 0 0 0 112 0
0 0 9 0 0 0 0 0 0 0 0 0 0 0 0 0 0 0 0 0 0 0 0 14 0 0 3 0 0 0 0 0 0 0 39 64 0 0 0 73 0
3 0 55 1 0 0 0 0 0 0 0 0 0 0 0 0 0 0 0 0 0 0 0 0 0 0 0 0 12 0 0 37 0 23 63 80 0 0 0 46 4
0 0 29 1 0 0 0 0 0 0 0 0 0 0 0 0 0 0 0 0 0 0 0 5 0 0 1 0 0 0 0 21 0 7 54 66 0 0 0 67 6
0 0 44 1 0 0 0 0 0 0 0 0 0 0 0 0 0 0 0 0 0 0 0 0 0 0 1 0 4 0 0 27 0 15 61 70 0 0 0 55 7
2 0 53 3 0 0 0 0 0 0 0 0 0 0 0 0 0 0 0 0 0 0 0 0 0 0 0 0 6 0 0 34 0 18 67 68 0 0 0 50 4
0 0 12 0 0 0 0 0 0 0 0 0 0 0 0 0 0 0 0 0 0 0 0 12 0 0 3 0 0 0 0 4 0 1 41 65 0 0 0 70 2
0 0 5 0 0 0 0 0 0 0 0 0 0 0 0 0 0 0 0 0 0 0 5 17 0 0 7 2 0 0 0 2 0 0 26 64 0 0 0 81 0
0 0 55 0 0 0 0 0 0 0 0 0 0 0 0 0 0 0 0 0 0 0 12 0 0 0 0 0 16 0 0 38 0 26 58 90 0 0 2 47 4
1 0 48 2 0 0 0 0 0 0 0 0 0 0 0 0 0 0 0 0 0 0 0 0 0 0 1 0 4 0 0 28 0 15 64 67 0 0 0 53 5
0 0 43 2 0 0 0 0 0 0 0 0 0 0 0 0 0 0 0 0 0 0 0 0 0 0 2 0 1 0 0 27 0 12 61 68 0 0 0 61 8
0 0 28 0 0 0 0 0 0 0 0 0 0 0 0 0 0 0 0 0 0 0 0 4 0 0 2 0 0 0 0 19 0 7 52 68 0 0 0 67 7
