9 0 0 0 0 0 0 0 0 0 0 0 0 0 0 0 0 0 0 0 0 0 0 0 0 0 0 0 0 0 0 0 0 5 76 90 0 0 4 95 0
0 0 27 22 0 9 0 0 0 0 0 0 0 0 0 0 0 0 0 0 0 0 11 0 3 19 17 20 7 0 0 64 0 0 0 0 0 22 0 0 11
0 0 27 22 0 8 0 0 0 0 0 1 0 0 0 0 0 0 0 0 0 0 11 0 3 19 17 19 6 0 0 63 0 0 0 0 0 22 0 0 11
0 0 31 26 0 8 0 0 0 0 0 1 0 0 0 0 0 0 0 0 0 0 12 0 3 25 21 22 7 0 0 72 0 0 0 0 0 22 0 0 10
9 0 0 0 0 0 0 0 0 0 0 0 0 0 0 0 0 0 0 0 0 0 0 0 0 0 0 0 0 0 0 0 0 7 83 97 0 0 6 103 0
6 0 12 0 0 0 0 0 0 0 0 0 0 0 0 0 0 0 0 0 0 0 0 0 0 0 0 0 0 0 0 0 0 2 58 67 0 0 0 75 3
0 0 27 25 1 6 0 0 0 0 0 2 0 0 0 0 0 0 0 0 0 0 8 0 2 26 19 20 5 0 0 64 0 0 0 0 0 17 0 0 5
0 0 32 25 0 9 0 0 0 0 0 0 0 0 0 0 0 0 0 0 0 0 13 0 4 23 21 22 8 0 0 73 0 0 0 0 0 25 0 0 13
0 0 28 18 0 8 0 0 0 0 0 0 0 0 0 0 0 0 0 0 0 0 11 0 3 14 14 17 6 0 0 56 0 0 0 0 0 19 0 0 12
7 0 8 0 0 0 0 0 0 0 0 0 0 0 0 0 0 0 0 0 0 0 0 0 0 0 0 0 0 0 0 0 0 3 63 73 0 0 0 82 2
0 0 29 25 1 7 0 0 0 0 0 2 0 0 0 0 0 0 0 0 0 0 11 0 3 25 20 21 6 0 0 69 0 0 0 0 0 20 0 0 8
0 0 26 14 0 6 0 0 0 0 0 0 0 0 0 0 0 0 0 0 0 0 9 0 2 9 10 14 4 0 0 44 0 0 7 0 0 15 0 10 10
0 0 33 27 0 9 0 0 0 0 0 1 0 0 0 0 0 0 0 0 0 0 13 0 4 25 22 23 7 0 0 75 0 0 0 0 0 24 0 0 12
5 0 18 0 0 0 0 0 0 0 0 0 0 0 0 0 0 0 0 0 0 0 0 0 0 0 0 0 0 0 0 0 0 2 54 60 0 0 0 70 5
0 0 31 26 0 9 0 0 0 0 0 1 0 0 0 0 0 0 0 0 0 0 12 0 4 25 21 22 7 0 0 73 0 0 0 0 0 23 0 0 11
1 0 28 14 0 7 0 0 0 0 0 0 0 0 0 0 0 0 0 0 0 0 9 0 2 8 9 14 4 0 0 43 0 0 12 5 0 15 0 15 11
0 0 30 25 0 8 0 0 0 0 0 1 0 0 0 0 0 0 0 0 0 0 11 0 3 24 20 21 7 0 0 71 0 0 0 0 0 22 0 0 10
0 0 31 25 0 9 0 0 0 0 0 1 0 0 0 0 0 0 0 0 0 0 12 0 4 24 21 22 7 0 0 72 0 0 0 0 0 23 0 0 11
5 0 18 0 0 0 0 0 0 0 0 0 0 0 0 0 0 0 0 0 0 0 1 0 0 0 0 0 0 0 0 0 0 1 43 46 0 0 0 56 6
7 0 7 0 0 0 0 0 0 0 0 0 0 0 0 0 0 0 0 0 0 0 0 0 0 0 0 0 0 0 0 0 0 3 63 72 0 0 0 81 2
2 0 25 12 0 6 0 0 0 0 0 0 0 0 0 0 0 0 0 0 0 0 7 0 1 6 7 12 4 0 0 37 0 0 11 6 0 13 0 16 9
9 0 0 0 0 0 0 0 0 0 0 0 0 0 0 0 0 0 0 0 0 0 0 0 0 0 0 0 0 0 0 0 0 6 81 95 0 0 5 102 0
0 0 27 21 0 8 0 0 0 0 0 0 0 0 0 0 0 0 0 0 0 0 10 0 3 17 16 19 6 0 0 61 0 0 0 0 0 21 0 0 11
0 0 28 25 1 7 0 0 0 0 0 2 0 0 0 0 0 0 0 0 0 0 10 0 2 26 20 21 6 0 0 66 0 0 0 0 0 19 0 0 7
0 0 32 26 0 9 0 0 0 0 0 1 0 0 0 0 0 0 0 0 0 0 12 0 4 25 22 23 7 0 0 74 0 0 0 0 0 24 0 0 12
5 0 19 0 0 1 0 0 0 0 0 0 0 0 0 0 0 0 0 0 0 0 2 0 0 0 0 1 0 0 0 0 0 1 44 46 0 0 0 57 6
0 0 30 25 0 9 0 0 0 0 0 1 0 0 0 0 0 0 0 0 0 0 12 0 4 23 21 22 7 0 0 72 0 0 0 0 0 24 0 0 12
2 0 27 9 0 5 0 0 0 0 0 0 0 0 0 0 0 0 0 0 0 0 7 0 1 3 5 11 3 0 0 32 0 0 21 17 0 11 0 28 10
0 0 29 24 0 9 0 0 0 0 0 0 0 0 0 0 0 0 0 0 0 0 12 0 4 21 19 21 7 0 0 68 0 0 0 0 0 23 0 0 11
9 0 0 0 0 0 0 0 0 0 0 0 0 0 0 0 0 0 0 0 0 0 0 0 0 0 0 0 0 0 0 0 0 6 80 94 0 0 5 100 0
4 0 19 0 0 2 0 0 0 0 0 0 0 0 0 0 0 0 0 0 0 0 2 0 0 0 0 3 0 0 0 5 0 1 37 38 0 2 0 50 6
6 0 12 0 0 0 0 0 0 0 0 0 0 0 0 0 0 0 0 0 0 0 0 0 0 0 0 0 0 0 0 0 0 2 57 66 0 0 0 74 3
0 0 27 19 0 8 0 0 0 0 0 0 0 0 0 0 0 0 0 0 0 0 10 0 3 14 14 17 6 0 0 56 0 0 0 0 0 20 0 0 11
0 0 27 22 0 9 0 0 0 0 0 0 0 0 0 0 0 0 0 0 0 0 11 0 3 18 17 19 6 0 0 63 0 0 0 0 0 22 0 0 11
0 0 30 25 0 8 0 0 0 0 0 2 0 0 0 0 0 0 0 0 0 0 11 0 3 25 20 21 6 0 0 70 0 0 0 0 0 21 0 0 9
5 0 17 0 0 1 0 0 0 0 0 0 0 0 0 0 0 0 0 0 0 0 2 0 0 0 0 1 0 0 0 0 0 1 43 45 0 0 0 55 6
7 0 9 0 0 0 0 0 0 0 0 0 0 0 0 0 0 0 0 0 0 0 0 0 0 0 0 0 0 0 0 0 0 3 61 70 0 0 0 79 2
9 0 0 0 0 0 0 0 0 0 0 0 0 0 0 0 0 0 0 0 0 0 0 0 0 0 0 0 0 0 0 0 0 6 81 94 0 0 6 100 0
0 0 29 25 0 7 0 0 0 0 0 2 0 0 0 0 0 0 0 0 0 0 10 0 3 25 20 21 6 0 0 68 0 0 0 0 0 20 0 0 8
0 0 28 24 1 7 0 0 0 0 0 2 0 0 0 0 0 0 0 0 0 0 9 0 2 25 19 20 5 0 0 64 0 0 0 0 0 18 0 0 6
9 0 0 0 0 0 0 0 0 0 0 0 0 0 0 0 0 0 0 0 0 0 0 0 0 0 0 0 0 0 0 0 0 6 82 97 0 0 5 103 0
5 0 19 0 0 1 0 0 0 0 0 0 0 0 0 0 0 0 0 0 0 0 2 0 0 0 0 1 0 0 0 0 0 1 45 48 0 0 0 58 6
0 0 30 24 0 9 0 0 0 0 0 1 0 0 0 0 0 0 0 0 0 0 12 0 4 22 20 21 7 0 0 70 0 0 0 0 0 24 0 0 12
5 0 18 0 0 1 0 0 0 0 0 0 0 0 0 0 0 0 0 0 0 0 1 0 0 0 0 0 0 0 0 0 0 1 45 47 0 0 0 59 6
0 0 26 20 0 8 0 0 0 0 0 0 0 0 0 0 0 0 0 0 0 0 10 0 3 16 15 18 6 0 0 57 0 0 0 0 0 20 0 0 11
0 0 29 26 1 7 0 0 0 0 0 2 0 0 0 0 0 0 0 0 0 0 10 0 3 26 20 21 6 0 0 69 0 0 0 0 0 20 0 0 8
0 0 31 26 0 8 0 0 0 0 0 1 0 0 0 0 0 0 0 0 0 0 12 0 4 25 21 22 7 0 0 72 0 0 0 0 0 23 0 0 11
0 0 26 15 0 7 0 0 0 0 0 0 0 0 0 0 0 0 0 0 0 0 9 0 2 10 11 15 5 0 0 47 0 0 3 0 0 17 0 6 10
0 0 29 24 0 9 0 0 0 0 0 1 0 0 0 0 0 0 0 0 0 0 11 0 4 21 19 21 7 0 0 68 0 0 0 0 0 23 0 0 11
0 0 31 26 0 9 0 0 0 0 0 1 0 0 0 0 0 0 0 0 0 0 12 0 4 25 21 22 7 0 0 74 0 0 0 0 0 24 0 0 12
9 0 0 0 0 0 0 0 0 0 0 0 0 0 0 0 0 0 0 0 0 0 0 0 0 0 0 0 0 0 0 0 0 7 83 97 0 0 6 103 0
9 0 0 0 0 0 0 0 0 0 0 0 0 0 0 0 0 0 0 0 0 0 0 0 0 0 0 0 0 0 0 0 0 7 82 96 0 0 6 103 0
4 0 20 0 0 1 0 0 0 0 0 0 0 0 0 0 0 0 0 0 0 0 2 0 0 0 0 1 0 0 0 0 0 1 43 45 0 0 0 55 6
3 0 23 5 0 4 0 0 0 0 0 0 0 0 0 0 0 0 0 0 0 0 5 0 0 0 1 8 1 0 0 21 0 0 27 25 0 7 0 35 8
9 0 0 0 0 0 0 0 0 0 0 0 0 0 0 0 0 0 0 0 0 0 0 0 0 0 0 0 0 0 0 0 0 6 82 96 0 0 5 103 0
6 0 10 0 0 0 0 0 0 0 0 0 0 0 0 0 0 0 0 0 0 0 0 0 0 0 0 0 0 0 0 0 0 3 59 68 0 0 0 76 2
7 0 1 0 0 0 0 0 0 0 0 0 0 0 0 0 0 0 0 0 0 0 0 0 0 0 0 0 0 0 0 0 0 3 67 79 0 0 1 86 0
9 0 0 0 0 0 0 0 0 0 0 0 0 0 0 0 0 0 0 0 0 0 0 0 0 0 0 0 0 0 0 0 0 7 83 97 0 0 6 103 0
0 0 29 24 0 9 0 0 0 0 0 1 0 0 0 0 0 0 0 0 0 0 12 0 4 22 20 21 7 0 0 70 0 0 0 0 0 23 0 0 12
0 0 32 26 0 9 0 0 0 0 0 1 0 0 0 0 0 0 0 0 0 0 13 0 4 25 22 23 8 0 0 75 0 0 0 0 0 24 0 0 12
0 0 32 26 0 9 0 0 0 0 0 1 0 0 0 0 0 0 0 0 0 0 13 0 4 24 22 22 7 0 0 75 0 0 0 0 0 24 0 0 12
8 0 0 0 0 0 0 0 0 0 0 0 0 0 0 0 0 0 0 0 0 0 0 0 0 0 0 0 0 0 0 0 0 4 69 82 0 0 2 89 0
6 0 15 0 0 0 0 0 0 0 0 0 0 0 0 0 0 0 0 0 0 0 0 0 0 0 0 0 0 0 0 0 0 2 54 60 0 0 0 71 5
0 0 31 26 0 8 0 0 0 0 0 1 0 0 0 0 0 0 0 0 0 0 11 0 4 25 21 22 6 0 0 71 0 0 0 0 0 22 0 0 10
7 0 9 0 0 0 0 0 0 0 0 0 0 0 0 0 0 0 0 0 0 0 0 0 0 0 0 0 0 0 0 0 0 2 60 69 0 0 0 76 3
0 0 31 25 0 8 0 0 0 0 0 1 0 0 0 0 0 0 0 0 0 0 11 0 3 25 20 22 7 1 0 71 0 0 0 0 0 22 0 0 10
4 0 21 0 0 1 0 0 0 0 0 0 0 0 0 0 0 0 0 0 0 0 3 0 0 0 0 1 0 0 0 0 0 1 45 48 0 0 0 58 7
7 0 3 0 0 0 0 0 0 0 0 0 0 0 0 0 0 0 0 0 0 0 0 0 0 0 0 0 0 0 0 0 0 3 66 77 0 0 1 84 0
0 0 27 23 0 9 0 0 0 0 0 0 0 0 0 0 0 0 0 0 0 0 11 0 4 20 18 20 7 0 0 66 0 0 0 0 0 23 0 0 11
0 0 25 20 0 8 0 0 0 0 0 0 0 0 0 0 0 0 0 0 0 0 10 0 3 16 15 18 6 0 0 57 0 0 0 0 0 20 0 0 10
9 0 0 0 0 0 0 0 0 0 0 0 0 0 0 0 0 0 0 0 0 0 0 0 0 0 0 0 0 0 0 0 0 5 79 92 0 0 5 99 0
0 0 27 19 0 8 0 0 0 0 0 0 0 0 0 0 0 0 0 0 0 0 10 0 3 14 13 17 6 0 0 55 0 0 0 0 0 19 0 0 11
4 0 20 0 0 1 0 0 0 0 0 0 0 0 0 0 0 0 0 0 0 0 3 0 0 0 0 3 0 0 0 5 0 0 38 39 0 1 0 49 7
0 0 30 25 0 8 0 0 0 0 0 2 0 0 0 0 0 0 0 0 0 0 11 0 3 25 21 22 6 0 0 70 0 0 0 0 0 21 0 0 9
0 0 27 20 0 8 0 0 0 0 0 0 0 0 0 0 0 0 0 0 0 0 10 0 3 17 16 19 6 0 0 60 0 0 0 0 0 21 0 0 11
0 0 27 24 1 6 0 0 0 0 0 2 0 0 0 0 0 0 0 0 0 0 8 0 2 26 18 20 5 0 0 63 0 0 0 0 0 17 0 0 5
9 0 0 0 0 0 0 0 0 0 0 0 0 0 0 0 0 0 0 0 0 0 0 0 0 0 0 0 0 0 0 0 0 6 81 95 0 0 5 102 0
8 0 0 0 0 0 0 0 0 0 0 0 0 0 0 0 0 0 0 0 0 0 0 0 0 0 0 0 0 0 0 0 0 4 72 85 0 0 3 91 0
7 0 2 0 0 0 0 0 0 0 0 0 0 0 0 0 0 0 0 0 0 0 0 0 0 0 0 0 0 0 0 0 0 3 66 77 0 0 1 85 0
9 0 0 0 0 0 0 0 0 0 0 0 0 0 0 0 0 0 0 0 0 0 0 0 0 0 0 0 0 0 0 0 0 6 77 91 0 0 4 97 0
9 0 0 0 0 0 0 0 0 0 0 0 0 0 0 0 0 0 0 0 0 0 0 0 0 0 0 0 0 0 0 0 0 5 76 90 0 0 4 96 0
4 0 19 0 0 0 0 0 0 0 0 0 0 0 0 0 0 0 0 0 0 0 2 0 0 0 0 0 0 0 0 0 0 1 44 47 0 0 0 57 6
0 0 29 24 0 9 0 0 0 0 0 1 0 0 0 0 0 0 0 0 0 0 12 0 4 22 19 21 7 0 0 69 0 0 0 0 0 23 0 0 12
8 0 0 0 0 0 0 0 0 0 0 0 0 0 0 0 0 0 0 0 0 0 0 0 0 0 0 0 0 0 0 0 0 4 73 86 0 0 3 93 0
9 0 0 0 0 0 0 0 0 0 0 0 0 0 0 0 0 0 0 0 0 0 0 0 0 0 0 0 0 0 0 0 0 5 76 89 0 0 4 95 0
0 0 27 22 0 9 0 0 0 0 0 0 0 0 0 0 0 0 0 0 0 0 11 0 3 18 17 19 7 0 0 63 0 0 0 0 0 22 0 0 11
6 0 7 0 0 0 0 0 0 0 0 0 0 0 0 0 0 0 0 0 0 0 0 0 0 0 0 0 0 0 0 0 0 2 61 70 0 0 0 78 2
9 0 0 0 0 0 0 0 0 0 0 0 0 0 0 0 0 0 0 0 0 0 0 0 0 0 0 0 0 0 0 0 0 4 72 86 0 0 3 91 0
5 0 19 0 0 0 0 0 0 0 0 0 0 0 0 0 0 0 0 0 0 0 2 0 0 0 0 0 0 0 0 0 0 1 48 52 0 0 0 63 7
2 0 25 8 0 5 0 0 0 0 0 0 0 0 0 0 0 0 0 0 0 0 6 0 0 1 4 9 2 0 0 27 0 0 23 20 0 10 0 30 9
0 0 31 25 0 9 0 0 0 0 0 1 0 0 0 0 0 0 0 0 0 0 12 0 4 24 20 22 7 0 0 72 0 0 0 0 0 23 0 0 11
8 0 0 0 0 0 0 0 0 0 0 0 0 0 0 0 0 0 0 0 0 0 0 0 0 0 0 0 0 0 0 0 0 4 70 82 0 0 2 89 0
9 0 0 0 0 0 0 0 0 0 0 0 0 0 0 0 0 0 0 0 0 0 0 0 0 0 0 0 0 0 0 0 0 7 83 97 0 0 6 104 0
0 0 31 26 0 9 0 0 0 0 0 1 0 0 0 0 0 0 0 0 0 0 12 0 4 24 21 22 7 0 0 73 0 0 0 0 0 24 0 0 12
2 0 23 8 0 4 0 0 0 0 0 0 0 0 0 0 0 0 0 0 0 0 6 0 0 1 3 9 2 0 0 26 0 0 24 21 0 9 0 30 9
0 0 29 24 0 9 0 0 0 0 0 1 0 0 0 0 0 0 0 0 0 0 11 0 4 22 20 21 7 0 0 69 0 0 0 0 0 23 0 0 11
0 0 30 24 0 9 0 0 0 0 0 1 0 0 0 0 0 0 0 0 0 0 12 0 4 22 20 21 7 0 0 70 0 0 0 0 0 23 0 0 11
0 0 30 25 0 8 0 0 0 0 0 1 0 0 0 0 0 0 0 0 0 0 11 0 3 24 20 21 7 0 0 70 0 0 0 0 0 22 0 0 10
6 0 13 0 0 0 0 0 0 0 0 0 0 0 0 0 0 0 0 0 0 0 0 0 0 0 0 0 0 0 0 0 0 2 58 65 0 0 0 75 4
8 0 0 0 0 0 0 0 0 0 0 0 0 0 0 0 0 0 0 0 0 0 0 0 0 0 0 0 0 0 0 0 0 5 72 85 0 0 3 92 0
0 0 27 21 0 9 0 0 0 0 0 0 0 0 0 0 0 0 0 0 0 0 11 0 3 17 16 19 6 0 0 61 0 0 0 0 0 22 0 0 11
1 0 26 15 0 7 0 0 0 0 0 0 0 0 0 0 0 0 0 0 0 0 9 0 2 10 10 15 5 0 0 46 0 0 5 0 0 16 0 8 10
0 0 30 26 1 8 0 0 0 0 0 2 0 0 0 0 0 0 0 0 0 0 11 0 3 26 21 22 7 0 0 71 0 0 0 0 0 21 0 0 9
0 0 31 26 0 8 0 0 0 0 0 1 0 0 0 0 0 0 0 0 0 0 12 0 4 25 21 22 7 0 0 73 0 0 0 0 0 23 0 0 11
5 0 18 0 0 0 0 0 0 0 0 0 0 0 0 0 0 0 0 0 0 0 2 0 0 0 0 0 0 0 0 0 0 1 49 53 0 0 0 63 6
0 0 29 25 0 8 0 0 0 0 0 2 0 0 0 0 0 0 0 0 0 0 11 0 3 25 20 21 6 0 0 68 0 0 0 0 0 20 0 0 9
0 0 31 26 0 9 0 0 0 0 0 1 0 0 0 0 0 0 0 0 0 0 12 0 4 24 21 22 7 0 0 72 0 0 0 0 0 23 0 0 11
0 0 28 22 0 9 0 0 0 0 0 1 0 0 0 0 0 0 0 0 0 0 11 0 4 19 17 20 6 0 0 63 0 0 0 0 0 22 0 0 11
0 0 29 25 1 7 0 0 0 0 0 2 0 0 0 0 0 0 0 0 0 0 10 0 2 25 20 21 6 0 0 66 0 0 0 0 0 19 0 0 7
0 0 31 26 0 8 0 0 0 0 0 1 0 0 0 0 0 0 0 0 0 0 12 0 3 25 21 22 7 1 0 72 0 0 0 0 0 22 0 0 10
9 0 0 0 0 0 0 0 0 0 0 0 0 0 0 0 0 0 0 0 0 0 0 0 0 0 0 0 0 0 0 0 0 5 76 89 0 0 4 96 0
9 0 0 0 0 0 0 0 0 0 0 0 0 0 0 0 0 0 0 0 0 0 0 0 0 0 0 0 0 0 0 0 0 7 83 97 0 0 6 103 0
0 0 29 25 1 7 0 0 0 0 0 2 0 0 0 0 0 0 0 0 0 0 10 0 3 25 20 21 6 0 0 68 0 0 0 0 0 20 0 0 9
9 0 0 0 0 0 0 0 0 0 0 0 0 0 0 0 0 0 0 0 0 0 0 0 0 0 0 0 0 0 0 0 0 6 78 91 0 0 5 97 0
7 0 10 0 0 0 0 0 0 0 0 0 0 0 0 0 0 0 0 0 0 0 0 0 0 0 0 0 0 0 0 0 0 3 60 69 0 0 0 77 3
0 0 28 22 0 9 0 0 0 0 0 0 0 0 0 0 0 0 0 0 0 0 11 0 3 19 18 20 7 0 0 65 0 0 0 0 0 22 0 0 11
0 0 32 27 0 8 0 0 0 0 0 1 0 0 0 0 0 0 0 0 0 0 12 0 4 26 22 23 7 0 0 74 0 0 0 0 0 23 0 0 11
9 0 0 0 0 0 0 0 0 0 0 0 0 0 0 0 0 0 0 0 0 0 0 0 0 0 0 0 0 0 0 0 0 7 83 98 0 0 6 104 0
10 0 0 0 0 0 0 0 0 0 0 0 0 0 0 0 0 0 0 0 0 0 0 0 0 0 0 0 0 0 0 0 0 8 87 101 0 0 7 108 0
2 0 24 10 0 5 0 0 0 0 0 0 0 0 0 0 0 0 0 0 0 0 6 0 1 3 5 10 2 0 0 30 0 0 18 13 0 11 0 24 9
0 0 30 26 0 8 0 0 0 0 0 2 0 0 0 0 0 0 0 0 0 0 11 0 3 25 21 22 6 0 0 71 0 0 0 0 0 21 0 0 9
5 0 20 0 0 1 0 0 0 0 0 0 0 0 0 0 0 0 0 0 0 0 2 0 0 0 0 0 0 0 0 0 0 1 46 49 0 0 0 59 6
0 0 33 26 0 9 0 0 0 0 0 1 0 0 0 0 0 0 0 0 0 0 13 0 4 26 22 23 7 1 0 76 0 0 0 0 0 24 0 0 12
9 0 0 0 0 0 0 0 0 0 0 0 0 0 0 0 0 0 0 0 0 0 0 0 0 0 0 0 0 0 0 0 0 7 83 97 0 0 6 103 0
0 0 28 25 1 6 0 0 0 0 0 2 0 0 0 0 0 0 0 0 0 0 9 0 2 26 19 20 5 0 0 64 0 0 0 0 0 17 0 0 5
7 0 10 0 0 0 0 0 0 0 0 0 0 0 0 0 0 0 0 0 0 0 0 0 0 0 0 0 0 0 0 0 0 2 58 66 0 0 0 75 3
0 0 30 26 0 8 0 0 0 0 0 2 0 0 0 0 0 0 0 0 0 0 11 0 3 25 21 22 7 0 0 71 0 0 0 0 0 21 0 0 9
0 0 30 25 0 9 0 0 0 0 0 1 0 0 0 0 0 0 0 0 0 0 12 0 4 23 21 22 7 0 0 72 0 0 0 0 0 24 0 0 12
0 0 31 25 0 8 0 0 0 0 0 1 0 0 0 0 0 0 0 0 0 0 12 0 4 25 21 22 6 1 0 72 0 0 0 0 0 22 0 0 10
9 0 0 0 0 0 0 0 0 0 0 0 0 0 0 0 0 0 0 0 0 0 0 0 0 0 0 0 0 0 0 0 0 6 83 97 0 0 6 103 0
2 0 23 7 0 4 0 0 0 0 0 0 0 0 0 0 0 0 0 0 0 0 6 0 0 1 3 9 2 0 0 25 0 0 22 19 0 9 0 29 8
9 0 0 0 0 0 0 0 0 0 0 0 0 0 0 0 0 0 0 0 0 0 0 0 0 0 0 0 0 0 0 0 0 6 79 92 0 0 5 99 0
9 0 0 0 0 0 0 0 0 0 0 0 0 0 0 0 0 0 0 0 0 0 0 0 0 0 0 0 0 0 0 0 0 6 81 95 0 0 5 102 0
7 0 2 0 0 0 0 0 0 0 0 0 0 0 0 0 0 0 0 0 0 0 0 0 0 0 0 0 0 0 0 0 0 3 67 78 0 0 1 86 0
9 0 0 0 0 0 0 0 0 0 0 0 0 0 0 0 0 0 0 0 0 0 0 0 0 0 0 0 0 0 0 0 0 6 77 91 0 0 4 98 0
0 0 30 22 0 9 0 0 0 0 0 0 0 0 0 0 0 0 0 0 0 0 12 0 3 18 17 20 7 0 0 64 0 0 0 0 0 22 0 0 13
9 0 0 0 0 0 0 0 0 0 0 0 0 0 0 0 0 0 0 0 0 0 0 0 0 0 0 0 0 0 0 0 0 6 78 92 0 0 5 98 0
0 0 25 17 0 7 0 0 0 0 0 0 0 0 0 0 0 0 0 0 0 0 9 0 2 12 12 15 5 0 0 49 0 0 0 0 0 17 0 0 10
10 0 0 0 0 0 0 0 0 0 0 0 0 0 0 0 0 0 0 0 0 0 0 0 0 0 0 0 0 0 0 0 0 6 83 97 0 0 5 104 0
0 0 24 19 0 8 0 0 0 0 0 0 0 0 0 0 0 0 0 0 0 0 10 0 3 15 14 17 6 0 0 55 0 0 0 0 0 19 0 0 10
9 0 0 0 0 0 0 0 0 0 0 0 0 0 0 0 0 0 0 0 0 0 0 0 0 0 0 0 0 0 0 0 0 6 78 92 0 0 4 98 0
0 0 31 25 0 8 0 0 0 0 0 1 0 0 0 0 0 0 0 0 0 0 11 0 3 25 21 22 7 0 0 71 0 0 0 0 0 22 0 0 10
6 0 13 0 0 0 0 0 0 0 0 0 0 0 0 0 0 0 0 0 0 0 0 0 0 0 0 0 0 0 0 0 0 2 57 64 0 0 0 74 4
0 0 26 24 2 5 0 0 0 0 0 3 0 0 0 0 0 0 0 0 0 0 7 0 1 26 17 19 5 0 0 61 0 0 0 0 0 15 0 0 3
4 0 21 2 0 3 0 0 0 0 0 0 0 0 0 0 0 0 0 0 0 0 3 0 0 0 0 4 0 0 0 10 0 0 35 35 0 4 0 45 7
9 0 0 0 0 0 0 0 0 0 0 0 0 0 0 0 0 0 0 0 0 0 0 0 0 0 0 0 0 0 0 0 0 10 93 109 0 0 9 115 0
0 0 30 26 1 7 0 0 0 0 0 2 0 0 0 0 0 0 0 0 0 0 10 0 3 26 21 21 6 0 0 69 0 0 0 0 0 20 0 0 8
7 0 8 0 0 0 0 0 0 0 0 0 0 0 0 0 0 0 0 0 0 0 0 0 0 0 0 0 0 0 0 0 0 3 63 72 0 0 0 81 2
0 0 32 24 0 10 0 0 0 0 0 1 0 0 0 0 0 0 0 0 0 0 13 0 4 21 20 21 7 0 0 71 0 0 0 0 0 25 0 0 13
0 0 29 26 0 8 0 0 0 0 0 1 0 0 0 0 0 0 0 0 0 0 11 0 3 25 20 21 7 0 0 70 0 0 0 0 0 21 0 0 9
1 0 27 14 0 7 0 0 0 0 0 0 0 0 0 0 0 0 0 0 0 0 8 0 2 8 9 14 4 0 0 43 0 0 10 3 0 15 0 13 10
0 0 30 26 0 8 0 0 0 0 0 1 0 0 0 0 0 0 0 0 0 0 12 0 3 24 21 22 7 0 0 71 0 0 0 0 0 22 0 0 10
0 0 31 26 0 8 0 0 0 0 0 1 0 0 0 0 0 0 0 0 0 0 11 0 3 25 21 22 7 0 0 72 0 0 0 0 0 22 0 0 10
1 0 26 15 0 7 0 0 0 0 0 0 0 0 0 0 0 0 0 0 0 0 9 0 2 9 10 14 4 0 0 44 0 0 6 0 0 16 0 9 10
0 0 30 25 0 9 0 0 0 0 0 1 0 0 0 0 0 0 0 0 0 0 12 0 4 23 21 22 7 0 0 71 0 0 0 0 0 24 0 0 12
0 0 31 26 0 8 0 0 0 0 0 1 0 0 0 0 0 0 0 0 0 0 12 0 4 24 21 22 7 0 0 72 0 0 0 0 0 23 0 0 11
0 0 29 24 0 9 0 0 0 0 0 1 0 0 0 0 0 0 0 0 0 0 12 0 4 21 19 21 7 0 0 68 0 0 0 0 0 23 0 0 12
0 0 31 26 0 8 0 0 0 0 0 1 0 0 0 0 0 0 0 0 0 0 12 0 3 25 21 22 7 0 0 72 0 0 0 0 0 22 0 0 10
0 0 28 20 0 9 0 0 0 0 0 0 0 0 0 0 0 0 0 0 0 0 11 0 3 16 15 18 6 0 0 59 0 0 0 0 0 21 0 0 12
0 0 27 15 0 7 0 0 0 0 0 0 0 0 0 0 0 0 0 0 0 0 9 0 2 10 11 15 5 0 0 47 0 0 5 0 0 16 0 7 11
9 0 0 0 0 0 0 0 0 0 0 0 0 0 0 0 0 0 0 0 0 0 0 0 0 0 0 0 0 0 0 0 0 7 82 97 0 0 5 104 0
9 0 0 0 0 0 0 0 0 0 0 0 0 0 0 0 0 0 0 0 0 0 0 0 0 0 0 0 0 0 0 0 0 8 85 99 0 0 7 105 0
9 0 0 0 0 0 0 0 0 0 0 0 0 0 0 0 0 0 0 0 0 0 0 0 0 0 0 0 0 0 0 0 0 7 83 97 0 0 6 103 0
4 0 19 0 0 1 0 0 0 0 0 0 0 0 0 0 0 0 0 0 0 0 3 0 0 0 0 2 0 0 0 2 0 1 41 42 0 1 0 53 7
3 0 26 6 0 4 0 0 0 0 0 0 0 0 0 0 0 0 0 0 0 0 6 0 0 0 2 8 1 0 0 23 0 0 32 29 0 8 0 40 10
0 0 29 25 0 9 0 0 0 0 0 1 0 0 0 0 0 0 0 0 0 0 12 0 4 23 20 21 7 0 0 71 0 0 0 0 0 23 0 0 11
9 0 0 0 0 0 0 0 0 0 0 0 0 0 0 0 0 0 0 0 0 0 0 0 0 0 0 0 0 0 0 0 0 9 89 103 0 0 7 109 0
0 0 31 26 0 9 0 0 0 0 0 1 0 0 0 0 0 0 0 0 0 0 12 0 4 24 21 22 7 0 0 72 0 0 0 0 0 23 0 0 11
3 0 24 5 0 4 0 0 0 0 0 0 0 0 0 0 0 0 0 0 0 0 6 0 0 0 2 7 1 0 0 22 0 0 28 26 0 8 0 36 9
0 0 29 14 0 7 0 0 0 0 0 0 0 0 0 0 0 0 0 0 0 0 10 0 2 9 10 14 4 0 0 45 0 0 9 1 0 16 0 12 11
9 0 0 0 0 0 0 0 0 0 0 0 0 0 0 0 0 0 0 0 0 0 0 0 0 0 0 0 0 0 0 0 0 6 80 94 0 0 5 100 0
8 0 0 0 0 0 0 0 0 0 0 0 0 0 0 0 0 0 0 0 0 0 0 0 0 0 0 0 0 0 0 0 0 5 74 88 0 0 4 94 0
0 0 29 24 0 9 0 0 0 0 0 1 0 0 0 0 0 0 0 0 0 0 12 0 4 22 19 21 7 0 0 69 0 0 0 0 0 23 0 0 12
0 0 31 26 0 8 0 0 0 0 0 2 0 0 0 0 0 0 0 0 0 0 11 0 3 25 21 22 7 0 0 71 0 0 0 0 0 22 0 0 10
0 0 27 21 0 8 0 0 0 0 0 0 0 0 0 0 0 0 0 0 0 0 11 0 3 17 16 19 6 0 0 61 0 0 0 0 0 21 0 0 11
0 0 29 20 0 8 0 0 0 0 0 0 0 0 0 0 0 0 0 0 0 0 11 0 3 15 15 18 6 0 0 58 0 0 0 0 0 20 0 0 12
6 0 14 0 0 0 0 0 0 0 0 0 0 0 0 0 0 0 0 0 0 0 0 0 0 0 0 0 0 0 0 0 0 2 58 66 0 0 0 75 4
5 0 20 0 0 1 0 0 0 0 0 0 0 0 0 0 0 0 0 0 0 0 2 0 0 0 0 1 0 0 0 1 0 1 43 45 0 0 0 56 7
9 0 0 0 0 0 0 0 0 0 0 0 0 0 0 0 0 0 0 0 0 0 0 0 0 0 0 0 0 0 0 0 0 10 91 106 0 0 9 112 0
0 0 30 26 0 8 0 0 0 0 0 2 0 0 0 0 0 0 0 0 0 0 11 0 3 25 21 22 7 0 0 71 0 0 0 0 0 22 0 0 10
0 0 28 25 1 7 0 0 0 0 0 2 0 0 0 0 0 0 0 0 0 0 10 0 3 25 20 21 6 0 0 66 0 0 0 0 0 19 0 0 7
7 0 7 0 0 0 0 0 0 0 0 0 0 0 0 0 0 0 0 0 0 0 0 0 0 0 0 0 0 0 0 0 0 3 64 73 0 0 0 82 2
3 0 22 6 0 4 0 0 0 0 0 0 0 0 0 0 0 0 0 0 0 0 5 0 0 0 2 8 2 0 0 21 0 0 24 21 0 7 0 32 8
0 0 31 25 0 9 0 0 0 0 0 1 0 0 0 0 0 0 0 0 0 0 12 0 4 23 21 22 7 0 0 72 0 0 0 0 0 24 0 0 12
6 0 13 0 0 0 0 0 0 0 0 0 0 0 0 0 0 0 0 0 0 0 0 0 0 0 0 0 0 0 0 0 0 2 59 67 0 0 0 76 3
2 0 24 8 0 5 0 0 0 0 0 0 0 0 0 0 0 0 0 0 0 0 6 0 0 2 4 9 2 0 0 27 0 0 21 17 0 9 0 27 9
0 0 27 22 0 9 0 0 0 0 0 0 0 0 0 0 0 0 0 0 0 0 11 0 3 19 17 19 7 0 0 64 0 0 0 0 0 22 0 0 11
9 0 0 0 0 0 0 0 0 0 0 0 0 0 0 0 0 0 0 0 0 0 0 0 0 0 0 0 0 0 0 0 0 7 83 98 0 0 6 105 0
5 0 19 0 0 2 0 0 0 0 0 0 0 0 0 0 0 0 0 0 0 0 2 0 0 0 0 2 0 0 0 3 0 0 40 42 0 1 0 52 6
10 0 0 0 0 0 0 0 0 0 0 0 0 0 0 0 0 0 0 0 0 0 0 0 0 0 0 0 0 0 0 0 0 7 83 98 0 0 5 104 0
0 0 29 25 0 8 0 0 0 0 0 1 0 0 0 0 0 0 0 0 0 0 11 0 3 24 20 21 6 0 0 69 0 0 0 0 0 21 0 0 9
0 0 30 26 0 8 0 0 0 0 0 1 0 0 0 0 0 0 0 0 0 0 12 0 3 25 21 22 7 0 0 71 0 0 0 0 0 22 0 0 10
0 0 29 24 0 9 0 0 0 0 0 1 0 0 0 0 0 0 0 0 0 0 12 0 4 22 20 21 7 0 0 69 0 0 0 0 0 23 0 0 12
8 0 0 0 0 0 0 0 0 0 0 0 0 0 0 0 0 0 0 0 0 0 0 0 0 0 0 0 0 0 0 0 0 4 70 82 0 0 2 89 0
6 0 15 0 0 0 0 0 0 0 0 0 0 0 0 0 0 0 0 0 0 0 0 0 0 0 0 0 0 0 0 0 0 2 56 63 0 0 0 73 4
0 0 29 25 1 7 0 0 0 0 0 2 0 0 0 0 0 0 0 0 0 0 10 0 3 25 20 21 6 0 0 68 0 0 0 0 0 20 0 0 8
7 0 5 0 0 0 0 0 0 0 0 0 0 0 0 0 0 0 0 0 0 0 0 0 0 0 0 0 0 0 0 0 0 3 61 71 0 0 1 78 1
9 0 0 0 0 0 0 0 0 0 0 0 0 0 0 0 0 0 0 0 0 0 0 0 0 0 0 0 0 0 0 0 0 6 79 92 0 0 5 98 0
0 0 31 26 0 8 0 0 0 0 0 1 0 0 0 0 0 0 0 0 0 0 12 0 4 25 21 22 7 0 0 73 0 0 0 0 0 23 0 0 11
9 0 0 0 0 0 0 0 0 0 0 0 0 0 0 0 0 0 0 0 0 0 0 0 0 0 0 0 0 0 0 0 0 5 76 89 0 0 4 95 0
6 0 15 0 0 0 0 0 0 0 0 0 0 0 0 0 0 0 0 0 0 0 0 0 0 0 0 0 0 0 0 0 0 2 52 58 0 0 0 68 4
3 0 23 4 0 3 0 0 0 0 0 0 0 0 0 0 0 0 0 0 0 0 5 0 0 0 0 6 1 0 0 17 0 0 30 29 0 6 0 40 8
9 0 0 0 0 0 0 0 0 0 0 0 0 0 0 0 0 0 0 0 0 0 0 0 0 0 0 0 0 0 0 0 0 9 89 104 0 0 8 110 0
4 0 20 0 0 1 0 0 0 0 0 0 0 0 0 0 0 0 0 0 0 0 2 0 0 0 0 2 0 0 0 3 0 1 40 42 0 1 0 52 6
7 0 6 0 0 0 0 0 0 0 0 0 0 0 0 0 0 0 0 0 0 0 0 0 0 0 0 0 0 0 0 0 0 3 64 74 0 0 1 82 1
0 0 31 25 0 8 0 0 0 0 0 1 0 0 0 0 0 0 0 0 0 0 12 0 4 24 21 22 7 0 0 71 0 0 0 0 0 23 0 0 11
1 0 26 12 0 6 0 0 0 0 0 0 0 0 0 0 0 0 0 0 0 0 8 0 1 6 8 13 4 0 0 39 0 0 13 7 0 13 0 17 10
8 0 0 0 0 0 0 0 0 0 0 0 0 0 0 0 0 0 0 0 0 0 0 0 0 0 0 0 0 0 0 0 0 3 67 79 0 0 1 86 0
9 0 0 0 0 0 0 0 0 0 0 0 0 0 0 0 0 0 0 0 0 0 0 0 0 0 0 0 0 0 0 0 0 7 83 97 0 0 6 103 0
0 0 33 27 0 9 0 0 0 0 0 1 0 0 0 0 0 0 0 0 0 0 13 0 4 26 23 23 8 0 0 77 0 0 0 0 0 25 0 0 13
0 0 28 23 0 9 0 0 0 0 0 1 0 0 0 0 0 0 0 0 0 0 11 0 4 21 19 20 7 0 0 67 0 0 0 0 0 23 0 0 11
0 0 29 25 1 7 0 0 0 0 0 2 0 0 0 0 0 0 0 0 0 0 10 0 2 25 20 21 6 0 0 67 0 0 0 0 0 19 0 0 7
4 0 22 3 0 3 0 0 0 0 0 0 0 0 0 0 0 0 0 0 0 0 4 0 0 0 0 5 0 0 0 13 0 0 35 35 0 5 0 45 8
0 0 30 25 0 9 0 0 0 0 0 1 0 0 0 0 0 0 0 0 0 0 12 0 4 24 21 22 7 0 0 73 0 0 0 0 0 24 0 0 12
9 0 0 0 0 0 0 0 0 0 0 0 0 0 0 0 0 0 0 0 0 0 0 0 0 0 0 0 0 0 0 0 0 6 80 94 0 0 5 100 0
9 0 0 0 0 0 0 0 0 0 0 0 0 0 0 0 0 0 0 0 0 0 0 0 0 0 0 0 0 0 0 0 0 8 84 98 0 0 7 105 0
0 0 32 26 0 9 0 0 0 0 0 1 0 0 0 0 0 0 0 0 0 0 13 0 4 25 22 23 8 0 0 76 0 0 0 0 0 24 0 0 13
0 0 30 26 0 8 0 0 0 0 0 1 0 0 0 0 0 0 0 0 0 0 11 0 4 24 21 22 7 0 0 71 0 0 0 0 0 22 0 0 10
0 0 30 26 0 8 0 0 0 0 0 2 0 0 0 0 0 0 0 0 0 0 11 0 3 25 21 22 6 0 0 70 0 0 0 0 0 21 0 0 9
3 0 22 6 0 4 0 0 0 0 0 0 0 0 0 0 0 0 0 0 0 0 5 0 0 0 2 8 2 0 0 22 0 0 24 21 0 8 0 32 8
2 0 23 8 0 5 0 0 0 0 0 0 0 0 0 0 0 0 0 0 0 0 6 0 0 1 3 9 2 0 0 26 0 0 20 16 0 9 0 27 8
0 0 27 20 0 8 0 0 0 0 0 0 0 0 0 0 0 0 0 0 0 0 10 0 3 16 15 18 6 0 0 58 0 0 0 0 0 20 0 0 11
0 0 32 25 0 9 0 0 0 0 0 1 0 0 0 0 0 0 0 0 0 0 13 0 4 24 21 23 7 0 0 74 0 0 0 0 0 25 0 0 13
6 0 12 0 0 0 0 0 0 0 0 0 0 0 0 0 0 0 0 0 0 0 0 0 0 0 0 0 0 0 0 0 0 2 55 62 0 0 0 72 4
0 0 30 25 0 8 0 0 0 0 0 1 0 0 0 0 0 0 0 0 0 0 11 0 3 25 20 21 6 0 0 69 0 0 0 0 0 21 0 0 9
9 0 0 0 0 0 0 0 0 0 0 0 0 0 0 0 0 0 0 0 0 0 0 0 0 0 0 0 0 0 0 0 0 5 77 91 0 0 4 97 0
8 0 0 0 0 0 0 0 0 0 0 0 0 0 0 0 0 0 0 0 0 0 0 0 0 0 0 0 0 0 0 0 0 5 73 86 0 0 4 92 0
0 0 31 26 0 9 0 0 0 0 0 1 0 0 0 0 0 0 0 0 0 0 12 0 4 25 21 22 7 0 0 74 0 0 0 0 0 24 0 0 11
0 0 28 22 0 9 0 0 0 0 0 0 0 0 0 0 0 0 0 0 0 0 11 0 4 19 18 20 7 0 0 65 0 0 0 0 0 23 0 0 12
4 0 20 1 0 2 0 0 0 0 0 0 0 0 0 0 0 0 0 0 0 0 3 0 0 0 0 4 0 0 0 9 0 0 35 36 0 3 0 46 7
9 0 0 0 0 0 0 0 0 0 0 0 0 0 0 0 0 0 0 0 0 0 0 0 0 0 0 0 0 0 0 0 0 7 85 99 0 0 7 105 0
9 0 0 0 0 0 0 0 0 0 0 0 0 0 0 0 0 0 0 0 0 0 0 0 0 0 0 0 0 0 0 0 0 6 78 92 0 0 5 98 0
2 0 25 9 0 5 0 0 0 0 0 0 0 0 0 0 0 0 0 0 0 0 6 0 1 2 4 10 2 0 0 30 0 0 20 16 0 10 0 26 9
1 0 27 14 0 7 0 0 0 0 0 0 0 0 0 0 0 0 0 0 0 0 9 0 1 8 9 13 4 0 0 42 0 0 12 6 0 15 0 16 10
1 0 26 11 0 5 0 0 0 0 0 0 0 0 0 0 0 0 0 0 0 0 8 0 1 4 6 11 3 0 0 34 0 0 17 13 0 12 0 22 10
9 0 0 0 0 0 0 0 0 0 0 0 0 0 0 0 0 0 0 0 0 0 0 0 0 0 0 0 0 0 0 0 0 7 82 96 0 0 6 102 0
9 0 0 0 0 0 0 0 0 0 0 0 0 0 0 0 0 0 0 0 0 0 0 0 0 0 0 0 0 0 0 0 0 6 80 94 0 0 5 101 0
0 0 30 25 0 8 0 0 0 0 0 1 0 0 0 0 0 0 0 0 0 0 11 0 3 25 21 22 7 0 0 71 0 0 0 0 0 22 0 0 10
0 0 30 25 0 9 0 0 0 0 0 1 0 0 0 0 0 0 0 0 0 0 12 0 4 23 20 21 7 0 0 71 0 0 0 0 0 24 0 0 11
3 0 22 4 0 3 0 0 0 0 0 0 0 0 0 0 0 0 0 0 0 0 4 0 0 0 0 5 1 0 0 15 0 0 32 31 0 5 0 42 8
5 0 17 0 0 0 0 0 0 0 0 0 0 0 0 0 0 0 0 0 0 0 1 0 0 0 0 0 0 0 0 0 0 1 47 50 0 0 0 61 5
0 0 32 26 0 8 0 0 0 0 0 1 0 0 0 0 0 0 0 0 0 0 12 0 4 26 22 23 7 1 0 74 0 0 0 0 0 23 0 0 11
0 0 31 26 0 9 0 0 0 0 0 1 0 0 0 0 0 0 0 0 0 0 12 0 4 24 21 22 7 0 0 73 0 0 0 0 0 24 0 0 11
8 0 0 0 0 0 0 0 0 0 0 0 0 0 0 0 0 0 0 0 0 0 0 0 0 0 0 0 0 0 0 0 0 4 71 84 0 0 2 90 0
8 0 0 0 0 0 0 0 0 0 0 0 0 0 0 0 0 0 0 0 0 0 0 0 0 0 0 0 0 0 0 0 0 4 72 85 0 0 3 91 0
9 0 0 0 0 0 0 0 0 0 0 0 0 0 0 0 0 0 0 0 0 0 0 0 0 0 0 0 0 0 0 0 0 5 77 91 0 0 4 98 0
0 0 30 25 0 8 0 0 0 0 0 1 0 0 0 0 0 0 0 0 0 0 12 0 4 24 21 22 7 0 0 72 0 0 0 0 0 23 0 0 11
0 0 30 24 0 9 0 0 0 0 0 1 0 0 0 0 0 0 0 0 0 0 12 0 4 22 20 21 7 0 0 70 0 0 0 0 0 23 0 0 12
5 0 17 0 0 0 0 0 0 0 0 0 0 0 0 0 0 0 0 0 0 0 0 0 0 0 0 0 0 0 0 0 0 2 51 57 0 0 0 67 5
0 0 31 26 0 9 0 0 0 0 0 1 0 0 0 0 0 0 0 0 0 0 12 0 4 25 21 22 7 0 0 73 0 0 0 0 0 23 0 0 11
4 0 20 0 0 2 0 0 0 0 0 0 0 0 0 0 0 0 0 0 0 0 2 0 0 0 0 2 0 0 0 4 0 1 41 43 0 1 0 53 7
9 0 0 0 0 0 0 0 0 0 0 0 0 0 0 0 0 0 0 0 0 0 0 0 0 0 0 0 0 0 0 0 0 5 76 90 0 0 4 96 0
0 0 27 20 0 8 0 0 0 0 0 0 0 0 0 0 0 0 0 0 0 0 11 0 3 16 16 18 6 0 0 59 0 0 0 0 0 21 0 0 11
7 0 5 0 0 0 0 0 0 0 0 0 0 0 0 0 0 0 0 0 0 0 0 0 0 0 0 0 0 0 0 0 0 3 63 73 0 0 1 81 1
0 0 30 23 0 9 0 0 0 0 0 0 0 0 0 0 0 0 0 0 0 0 12 0 4 20 19 21 7 0 0 68 0 0 0 0 0 23 0 0 12
9 0 0 0 0 0 0 0 0 0 0 0 0 0 0 0 0 0 0 0 0 0 0 0 0 0 0 0 0 0 0 0 0 6 79 93 0 0 5 99 0
