2 1 27 0 0 0 0 0 0 0 0 0 11 3 0 0 0 0 13 11 0 0 3 0 0 0 0 0 4 0 0 26 0 1 0 0 0 0 0 0 0
3 0 0 0 0 38 0 0 0 0 0 0 0 0 0 0 0 0 0 0 4 0 0 0 0 0 16 6 0 0 0 0 0 7 16 40 0 0 0 37 0
3 0 27 0 0 0 0 0 0 0 0 0 1 3 0 0 0 0 10 2 0 0 2 0 0 0 0 0 4 0 0 29 0 4 0 0 0 0 0 0 0
0 0 23 0 0 0 0 0 0 0 0 0 0 1 0 0 0 0 5 0 0 0 0 0 0 0 0 0 0 0 0 34 1 5 0 5 0 0 0 5 0
1 5 26 0 0 0 3 0 0 0 0 0 24 3 0 0 0 0 13 21 0 0 2 0 0 0 0 0 3 0 0 25 0 0 0 0 0 0 0 0 0
0 12 21 0 1 0 11 0 0 0 0 0 47 2 0 0 0 0 13 40 0 0 1 0 0 0 0 0 0 0 0 22 0 0 0 0 0 0 0 0 0
3 0 0 0 0 37 0 0 0 0 0 0 0 0 0 0 0 0 0 0 4 0 0 0 0 0 16 5 0 0 0 0 0 7 15 38 0 0 0 34 0
0 1 31 0 0 0 1 0 2 0 0 0 19 5 0 0 0 0 15 18 0 0 3 0 0 0 0 0 4 0 0 32 0 0 0 0 0 0 0 0 0
3 0 17 0 0 9 0 0 0 0 0 0 0 0 0 0 0 0 3 0 0 0 0 0 0 0 0 0 0 0 0 25 1 5 6 15 0 0 0 14 0
3 0 0 0 2 39 0 0 0 0 0 0 0 0 0 0 0 0 0 0 3 0 0 0 0 0 17 5 0 0 0 0 0 7 15 34 0 0 0 32 0
4 0 0 0 1 38 0 0 0 0 0 0 0 0 0 0 0 0 0 0 4 0 0 0 0 0 16 5 0 0 0 0 0 7 15 38 0 0 0 34 0
4 0 26 0 0 0 0 0 0 0 0 0 4 3 0 0 0 0 11 4 0 0 2 0 0 0 0 0 4 0 0 27 0 3 0 0 0 0 0 0 0
0 1 0 0 3 30 4 0 0 0 0 0 0 0 0 0 0 0 0 0 1 0 0 0 0 0 10 2 0 0 0 0 0 3 6 14 0 0 0 15 2
2 0 0 0 1 28 0 0 0 0 0 0 0 0 0 0 0 0 0 0 2 0 0 0 0 0 10 3 0 0 0 0 0 5 11 24 0 0 0 23 0
0 17 0 0 0 0 15 0 0 0 0 0 56 0 0 0 0 0 1 48 0 0 0 0 0 0 0 0 0 0 0 16 0 0 0 0 1 1 0 0 6
1 5 24 0 0 0 3 0 0 0 0 0 21 2 0 0 0 0 12 18 0 0 2 0 0 0 0 0 3 0 0 24 0 0 0 0 0 0 0 0 0
3 0 14 0 0 14 0 0 0 0 0 0 0 0 0 0 0 0 1 0 0 0 0 0 0 0 2 0 0 0 0 20 1 6 8 19 0 0 0 18 0
5 0 9 0 0 17 0 0 0 0 0 0 0 0 0 0 0 0 1 0 1 0 0 0 0 0 5 1 1 0 0 8 0 7 10 21 0 0 0 19 0
0 11 12 0 0 0 11 0 0 0 0 0 43 0 0 0 0 0 7 35 0 0 1 0 0 0 0 0 0 0 0 18 0 0 0 0 1 0 0 0 1
4 0 27 0 0 0 0 0 0 0 0 0 0 3 0 0 0 0 10 1 0 0 2 0 0 0 0 0 3 0 0 29 0 4 0 0 0 0 0 0 0
3 0 0 0 0 36 0 0 0 0 0 0 0 0 0 0 0 0 0 0 3 0 0 0 0 0 14 4 0 0 0 0 0 7 15 35 0 0 0 33 0
2 0 12 0 0 16 0 0 0 0 0 0 0 0 0 0 0 0 0 0 0 0 0 0 0 0 3 0 0 0 0 19 1 5 8 20 0 0 0 19 0
4 1 23 0 0 0 0 0 0 0 0 0 8 2 0 0 0 0 10 7 0 0 2 0 0 0 0 0 3 0 0 24 0 2 0 0 0 0 0 0 0
2 1 14 0 0 4 1 0 0 0 0 0 4 0 0 0 0 0 5 2 0 0 1 0 0 0 0 0 0 0 0 17 0 2 1 3 0 0 0 3 0
2 0 11 0 0 17 0 0 0 0 0 0 0 0 0 0 0 0 0 0 0 0 0 0 0 0 4 0 0 0 0 17 1 5 9 21 0 0 0 20 0
0 4 0 0 2 23 7 0 0 0 0 0 7 0 0 0 0 0 0 3 0 0 0 0 0 0 7 1 0 0 0 0 0 0 1 3 0 0 0 5 4
4 0 13 0 0 19 0 0 0 0 0 0 0 0 0 0 0 0 0 0 0 0 0 0 0 0 4 0 0 0 0 14 0 6 10 23 0 0 0 21 0
4 0 0 0 0 40 0 0 0 0 0 0 0 0 0 0 0 0 0 0 4 0 0 0 0 0 17 6 0 0 0 0 0 8 17 40 0 0 0 36 0
3 0 0 0 1 40 0 0 0 0 0 0 0 0 0 0 0 0 0 0 4 0 0 0 0 0 17 6 0 0 0 0 0 7 16 38 0 0 0 35 0
3 0 0 0 2 27 0 0 0 0 0 0 0 0 0 0 0 0 0 0 1 0 0 0 0 0 9 2 0 0 0 0 0 5 9 20 0 0 0 18 0
0 14 14 0 1 0 14 0 0 0 0 0 55 0 0 0 0 0 9 45 0 0 1 0 0 0 0 0 0 0 0 20 0 0 0 0 1 0 0 0 2
4 0 0 0 1 33 0 0 0 0 0 0 0 0 0 0 0 0 0 0 2 0 0 0 0 0 14 4 0 0 0 0 0 7 13 31 0 0 0 28 0
0 0 5 0 0 22 0 0 0 0 0 0 0 0 0 0 0 0 0 0 0 0 0 0 0 0 7 1 0 0 0 11 1 5 9 23 0 0 0 23 0
3 0 17 0 0 8 0 0 0 0 0 0 0 0 0 0 0 0 3 0 0 0 0 0 0 0 0 0 0 0 0 25 1 5 5 14 0 0 0 13 0
5 0 0 0 1 41 0 0 0 0 0 0 0 0 0 0 0 0 0 0 4 0 0 0 0 0 19 7 0 0 0 0 0 8 17 42 0 0 0 37 0
0 6 25 0 0 0 5 0 0 0 0 0 29 3 0 0 0 0 13 25 0 0 2 0 0 0 0 0 2 0 0 24 0 0 0 0 0 0 0 0 0
4 0 1 0 0 28 0 0 0 0 0 0 0 0 0 0 0 0 0 0 2 0 0 0 0 0 10 3 0 0 0 0 0 7 13 28 0 0 0 26 0
4 0 0 0 1 40 0 0 0 0 0 0 0 0 0 0 0 0 0 0 4 0 0 0 0 0 17 6 0 0 0 0 0 7 16 38 0 0 0 35 0
1 5 24 0 0 0 4 0 0 0 0 0 23 2 0 0 0 0 12 20 0 0 2 0 0 0 0 0 3 0 0 23 0 0 0 0 0 0 0 0 0
3 0 0 0 0 33 0 0 0 0 0 0 0 0 0 0 0 0 0 0 3 0 0 0 0 0 13 4 0 0 0 0 0 7 14 34 0 0 0 32 0
3 0 2 0 0 28 0 0 0 0 0 0 0 0 0 0 0 0 0 0 2 0 0 0 0 0 10 3 0 0 0 0 0 6 13 30 0 0 0 28 0
3 0 0 0 2 34 0 0 0 0 0 0 0 0 0 0 0 0 0 0 3 0 0 0 0 0 14 4 0 0 0 0 0 7 13 30 0 0 0 28 0
0 10 16 0 1 0 10 0 0 0 0 0 39 1 0 0 0 0 9 32 0 0 1 0 0 0 0 0 0 0 0 19 0 0 0 0 0 0 0 0 0
3 3 19 0 0 0 2 0 0 0 0 0 12 1 0 0 0 0 9 11 0 0 2 0 0 0 0 0 2 0 0 19 0 0 0 0 0 0 0 0 0
0 13 22 0 2 0 13 0 0 0 0 0 53 1 0 0 0 0 13 44 0 0 0 0 0 0 0 0 0 0 0 23 0 0 0 0 0 0 0 0 1
5 0 0 0 1 46 0 0 0 0 0 0 0 0 0 0 0 0 0 0 5 0 0 0 0 0 21 8 0 0 0 0 0 8 18 45 0 0 0 40 0
3 0 18 0 0 8 0 0 0 0 0 0 0 0 0 0 0 0 3 0 0 0 0 0 0 0 0 0 0 0 0 27 1 5 6 14 0 0 0 14 0
3 0 26 0 0 0 0 0 0 0 0 0 0 2 0 0 0 0 8 0 0 0 1 0 0 0 0 0 2 0 0 31 0 5 0 3 0 0 0 1 0
6 0 0 0 0 53 0 0 0 0 0 0 0 0 0 0 0 0 0 0 7 0 0 0 0 0 25 10 0 0 0 0 0 9 21 53 0 0 0 46 0
0 12 19 0 2 0 12 0 0 0 0 0 48 1 0 0 0 0 12 40 0 0 1 0 0 0 0 0 0 0 0 20 0 0 0 0 0 0 0 0 0
0 17 17 0 2 0 17 0 0 0 0 0 70 0 0 0 0 0 14 59 0 0 0 0 0 0 0 0 0 0 0 22 0 0 0 0 1 0 0 0 2
4 0 0 0 2 38 0 0 0 0 0 0 0 0 0 0 0 0 0 0 4 0 0 0 0 0 17 5 0 0 0 0 0 7 15 35 0 0 0 33 0
2 0 0 0 0 30 0 0 0 0 0 0 0 0 0 0 0 0 0 0 2 0 0 0 0 0 11 3 0 0 0 0 0 6 13 30 0 0 0 29 0
3 0 0 0 1 41 0 0 0 0 0 0 0 0 0 0 0 0 0 0 4 0 0 0 0 0 18 6 0 0 0 0 0 8 17 41 0 0 0 37 0
2 2 28 0 0 0 0 0 0 0 0 0 15 3 0 0 0 0 13 14 0 0 2 0 0 0 0 0 4 0 0 29 0 1 0 0 0 0 0 0 0
2 0 0 0 1 24 0 0 0 0 0 0 0 0 0 0 0 0 0 0 1 0 0 0 0 0 8 2 0 0 0 2 0 5 9 19 0 0 0 19 0
3 0 0 0 0 44 0 0 0 0 0 0 0 0 0 0 0 0 0 0 5 0 0 0 0 0 20 7 0 0 0 0 0 8 18 45 0 0 0 41 0
0 7 19 0 1 0 6 0 0 0 0 0 27 2 0 0 0 0 11 23 0 0 2 0 0 0 0 0 1 0 0 20 0 0 0 0 0 0 0 0 0
0 15 0 0 0 0 14 0 0 0 0 0 52 0 0 0 0 0 2 43 0 0 0 0 0 0 0 0 0 0 0 17 0 0 0 0 1 1 0 0 5
5 0 0 0 0 45 0 0 0 0 0 0 0 0 0 0 0 0 0 0 6 0 0 0 0 0 21 8 0 0 0 0 0 8 18 46 0 0 0 40 0
2 0 1 0 0 29 0 0 0 0 0 0 0 0 0 0 0 0 0 0 2 0 0 0 0 0 10 3 0 0 0 0 0 6 12 30 0 0 0 28 0
3 0 27 0 0 0 0 0 0 0 0 0 8 3 0 0 0 0 12 8 0 0 2 0 0 0 0 0 4 0 0 27 0 2 0 0 0 0 0 0 0
4 0 0 0 0 47 0 0 0 0 0 0 0 0 0 0 0 0 0 0 6 0 0 0 0 0 22 8 0 0 0 0 0 8 18 46 0 0 0 41 0
4 0 0 0 1 45 0 0 0 0 0 0 0 0 0 0 0 0 0 0 5 0 0 0 0 0 21 8 0 0 0 0 0 8 18 43 0 0 0 39 0
3 0 0 0 0 35 0 0 0 0 0 0 0 0 0 0 0 0 0 0 3 0 0 0 0 0 14 4 0 0 0 0 0 6 15 36 0 0 0 33 0
0 10 18 0 2 0 10 0 0 0 0 0 38 1 0 0 0 0 10 32 0 0 1 0 0 0 0 0 0 0 0 20 0 0 0 0 0 0 0 0 0
3 0 18 0 0 7 0 0 0 0 0 0 0 0 0 0 0 0 4 0 0 0 0 0 0 0 0 0 0 0 0 26 0 5 6 14 0 0 0 13 0
2 2 25 0 0 0 0 0 0 0 0 0 15 3 0 0 0 0 12 13 0 0 2 0 0 0 0 0 3 0 0 25 0 0 0 0 0 0 0 0 0
4 0 0 0 2 45 0 0 0 0 0 0 0 0 0 0 0 0 0 0 5 0 0 0 0 0 21 7 0 0 0 0 0 8 17 40 0 0 0 37 0
3 0 8 0 0 21 0 0 0 0 0 0 0 0 0 0 0 0 0 0 0 0 0 0 0 0 6 1 0 0 0 12 0 6 11 25 0 0 0 24 0
1 0 7 0 0 22 0 0 0 0 0 0 0 0 0 0 0 0 0 0 0 0 0 0 0 0 6 1 0 0 0 12 1 5 10 23 0 0 0 23 0
2 0 0 0 0 35 0 0 0 0 0 0 0 0 0 0 0 0 0 0 4 0 0 0 0 0 15 5 0 0 0 0 0 7 15 37 0 0 0 34 0
2 0 26 0 0 0 0 0 0 0 0 0 0 2 0 0 0 0 8 0 0 0 1 0 0 0 0 0 2 0 0 32 0 5 0 0 0 0 0 0 0
1 5 20 0 0 0 3 0 0 0 0 0 19 1 0 0 0 0 10 16 0 0 2 0 0 0 0 0 1 0 0 21 0 0 0 0 0 0 0 0 0
2 0 22 0 0 0 0 0 0 0 0 0 0 1 0 0 0 0 6 0 0 0 0 0 0 0 0 0 1 0 0 30 0 5 2 8 0 0 0 7 0
0 9 18 0 1 0 9 0 0 0 0 0 35 1 0 0 0 0 10 29 0 0 1 0 0 0 0 0 0 0 0 20 0 0 0 0 0 0 0 0 0
0 11 15 0 1 0 11 0 0 0 0 0 42 0 0 0 0 0 8 35 0 0 1 0 0 0 0 0 0 0 0 19 0 0 0 0 0 0 0 0 1
4 0 0 0 1 38 0 0 0 0 0 0 0 0 0 0 0 0 0 0 3 0 0 0 0 0 16 5 0 0 0 0 0 7 15 36 0 0 0 33 0
0 8 25 0 1 0 7 0 0 0 0 0 35 3 0 0 0 0 14 30 0 0 2 0 0 0 0 0 2 0 0 24 0 0 0 0 0 0 0 0 0
5 0 0 0 0 52 0 0 0 0 0 0 0 0 0 0 0 0 0 0 7 0 1 0 0 0 24 10 0 0 0 0 0 9 21 53 0 0 0 46 0
2 3 21 0 0 0 1 0 0 0 0 0 11 2 0 0 0 0 9 9 0 0 2 0 0 0 0 0 2 0 0 21 0 0 0 0 0 0 0 0 0
3 0 0 0 1 37 0 0 0 0 0 0 0 0 0 0 0 0 0 0 3 0 0 0 0 0 15 5 0 0 0 0 0 7 16 37 0 0 0 34 0
2 0 16 0 0 11 0 0 0 0 0 0 0 0 0 0 0 0 2 0 0 0 0 0 0 0 1 0 0 0 0 24 1 5 7 16 0 0 0 16 0
2 0 2 0 0 27 0 0 0 0 0 0 0 0 0 0 0 0 0 0 1 0 0 0 0 0 9 2 0 0 0 2 0 6 12 28 0 0 0 27 0
0 4 0 0 2 19 6 0 0 0 0 0 7 0 0 0 0 0 0 3 0 0 0 0 0 0 5 0 0 0 0 0 0 1 2 3 0 0 0 4 2
0 16 3 0 0 0 15 0 0 0 0 0 58 0 0 0 0 0 4 48 0 0 0 0 0 0 0 0 0 0 0 18 0 0 0 0 2 1 0 0 4
3 0 3 0 0 27 0 0 0 0 0 0 0 0 0 0 0 0 0 0 1 0 0 0 0 0 9 2 0 0 0 1 0 6 13 30 0 0 0 27 0
3 0 0 0 0 43 0 0 0 0 0 0 0 0 0 0 0 0 0 0 5 0 0 0 0 0 19 7 0 0 0 0 0 8 18 44 0 0 0 40 0
0 6 14 0 0 0 7 0 0 0 0 0 24 0 0 0 0 0 7 19 0 0 1 0 0 0 0 0 0 0 0 17 0 0 0 0 0 0 0 0 0
5 0 0 0 0 47 0 0 0 0 0 0 0 0 0 0 0 0 0 0 6 0 0 0 0 0 22 8 0 0 0 0 0 8 19 48 0 0 0 42 0
1 2 7 0 1 11 2 0 0 0 0 0 4 0 0 0 0 0 1 1 0 0 0 0 0 0 2 0 0 0 0 9 0 2 3 5 0 0 0 5 0
2 0 2 0 0 26 0 0 0 0 0 0 0 0 0 0 0 0 0 0 1 0 0 0 0 0 9 2 0 0 0 1 1 5 12 29 0 0 0 27 0
3 0 30 0 0 0 0 0 1 0 0 0 8 4 0 0 0 0 13 8 0 0 3 0 0 0 0 0 4 0 0 31 0 3 0 0 0 0 0 0 0
0 5 30 0 0 0 5 0 2 0 0 0 32 4 0 0 0 0 17 29 0 0 3 0 0 0 0 0 4 0 0 28 0 0 0 0 0 0 0 0 0
2 0 13 0 0 16 0 0 0 0 0 0 0 0 0 0 0 0 0 0 0 0 0 0 0 0 3 0 0 0 0 21 1 5 8 20 0 0 0 20 0
1 2 28 0 0 0 0 0 1 0 0 0 15 4 0 0 0 0 14 14 0 0 2 0 0 0 0 0 4 0 0 28 0 0 0 0 0 0 0 0 0
0 14 16 0 2 0 14 0 0 0 0 0 58 0 0 0 0 0 11 49 0 0 0 0 0 0 0 0 0 0 0 21 0 0 0 0 1 0 0 0 1
4 0 25 0 0 0 0 0 0 0 0 0 0 2 0 0 0 0 8 0 0 0 1 0 0 0 0 0 2 0 0 29 0 5 1 5 0 0 0 3 0
4 0 27 0 0 0 0 0 0 0 0 0 1 3 0 0 0 0 10 2 0 0 2 0 0 0 0 0 4 0 0 28 0 4 0 0 0 0 0 0 0
0 8 21 0 1 0 7 0 0 0 0 0 32 2 0 0 0 0 11 27 0 0 2 0 0 0 0 0 1 0 0 20 0 0 0 0 0 0 0 0 0
4 0 17 0 0 10 0 0 0 0 0 0 0 0 0 0 0 0 3 0 0 0 0 0 0 0 1 0 1 0 0 21 0 6 8 16 0 0 0 15 0
3 3 21 0 0 0 1 0 0 0 0 0 11 2 0 0 0 0 9 9 0 0 2 0 0 0 0 0 2 0 0 21 0 1 0 0 0 0 0 0 0
0 20 0 0 0 0 19 0 0 0 0 0 74 0 0 0 0 0 3 63 0 0 0 0 0 0 0 0 0 0 0 18 0 0 0 0 3 1 0 0 7
4 0 25 0 0 0 0 0 0 0 0 0 0 2 0 0 0 0 9 0 0 0 1 0 0 0 0 0 3 0 0 30 0 5 1 4 0 0 0 2 0
3 0 15 0 0 13 0 0 0 0 0 0 0 0 0 0 0 0 1 0 0 0 0 0 0 0 2 0 1 0 0 18 0 6 8 18 0 0 0 17 0
2 0 0 0 0 33 0 0 0 0 0 0 0 0 0 0 0 0 0 0 3 0 0 0 0 0 13 4 0 0 0 0 0 6 14 34 0 0 0 32 0
4 0 15 0 0 8 0 0 0 0 0 0 0 1 0 0 0 0 5 0 0 0 1 0 0 0 0 0 1 0 0 14 0 5 6 11 0 0 0 9 0
3 0 0 0 0 37 0 0 0 0 0 0 0 0 0 0 0 0 0 0 4 0 0 0 0 0 16 5 0 0 0 0 0 7 15 38 0 0 0 35 0
2 1 9 0 1 12 1 0 0 0 0 0 0 0 0 0 0 0 2 0 0 0 0 0 0 0 3 0 0 0 0 11 0 3 4 9 0 0 0 8 0
0 6 20 0 0 0 5 0 0 0 0 0 24 1 0 0 0 0 10 20 0 0 2 0 0 0 0 0 1 0 0 20 0 0 0 0 0 0 0 0 0
0 12 10 0 1 0 12 0 0 0 0 0 47 0 0 0 0 0 6 39 0 0 0 0 0 0 0 0 0 0 0 18 0 0 0 0 1 0 0 0 2
5 0 15 0 0 16 0 0 0 0 0 0 0 0 0 0 0 0 1 0 0 0 0 0 0 0 3 0 1 0 0 17 0 6 10 22 0 0 0 20 0
2 0 0 0 0 33 0 0 0 0 0 0 0 0 0 0 0 0 0 0 3 0 0 0 0 0 13 4 0 0 0 0 1 6 14 34 0 0 0 32 0
3 3 23 0 0 0 1 0 0 0 0 0 15 2 0 0 0 0 12 13 0 0 2 0 0 0 0 0 3 0 0 23 0 0 0 0 0 0 0 0 0
0 15 0 0 0 0 14 0 0 0 0 0 51 0 0 0 0 0 3 43 0 0 0 0 0 0 0 0 0 0 0 17 0 0 0 0 1 0 0 0 4
0 19 15 0 1 0 18 0 0 0 0 0 76 0 0 0 0 0 13 65 0 0 0 0 0 0 0 0 0 0 0 21 0 0 0 0 1 1 0 0 3
4 0 27 0 0 0 0 0 0 0 0 0 7 3 0 0 0 0 13 7 0 0 3 0 0 0 0 0 5 0 0 26 0 2 0 0 0 0 0 0 0
0 6 9 0 1 0 8 0 0 0 0 0 23 0 0 0 0 0 4 17 0 0 1 0 0 0 0 0 0 0 0 14 0 0 0 0 0 0 0 0 0
0 9 14 0 2 0 10 0 0 0 0 0 35 0 0 0 0 0 7 28 0 0 0 0 0 0 0 0 0 0 0 18 0 0 0 0 0 0 0 0 1
3 0 19 0 0 5 0 0 0 0 0 0 0 0 0 0 0 0 5 0 0 0 0 0 0 0 0 0 1 0 0 26 0 5 5 12 0 0 0 11 0
1 0 3 0 0 24 0 0 0 0 0 0 0 0 0 0 0 1 0 0 1 0 0 0 0 0 8 1 0 0 0 5 1 5 10 25 0 0 0 24 0
4 0 0 0 0 41 0 0 0 0 0 0 0 0 0 0 0 0 0 0 4 0 0 0 0 0 18 6 0 0 0 0 0 7 16 40 0 0 0 36 0
0 2 0 0 3 32 5 0 0 0 0 0 0 0 0 0 0 1 0 0 1 0 0 0 0 0 11 2 0 0 0 0 0 2 6 13 0 0 0 15 4
0 5 27 0 1 0 4 0 1 0 0 0 28 3 0 0 0 0 14 24 0 0 2 0 0 0 0 0 3 0 0 27 0 0 0 0 0 0 0 0 0
3 0 2 0 0 28 0 0 0 0 0 0 0 0 0 0 0 0 0 0 1 0 0 0 0 0 10 2 0 0 0 2 0 6 12 29 0 0 0 27 0
4 0 0 0 2 42 0 0 0 0 0 0 0 0 0 0 0 0 0 0 4 0 0 0 0 0 19 7 0 0 0 0 0 8 17 40 0 0 0 36 0
4 0 0 0 1 43 0 0 0 0 0 0 0 0 0 0 0 0 0 0 5 0 0 0 0 0 19 7 0 0 0 0 0 8 17 42 0 0 0 38 0
2 0 0 0 0 37 0 0 0 0 0 0 0 0 0 0 0 0 0 0 5 0 1 0 0 0 16 6 0 0 0 0 1 6 16 41 0 0 0 38 0
4 0 18 0 0 9 0 0 0 0 0 0 0 0 0 0 0 0 4 0 0 0 0 0 0 0 0 0 1 0 0 22 0 5 7 15 0 0 0 14 0
0 6 12 0 0 0 7 0 0 0 0 0 25 0 0 0 0 0 5 20 0 0 2 0 0 0 0 0 0 0 0 15 0 0 0 0 0 0 0 0 0
3 0 0 0 0 31 0 0 0 0 0 0 0 0 0 0 0 0 0 0 2 0 0 0 0 0 11 3 0 0 0 0 0 6 13 32 0 0 0 30 0
4 0 0 0 1 33 0 0 0 0 0 0 0 0 0 0 0 0 0 0 3 0 0 0 0 0 14 4 0 0 0 0 0 7 14 33 0 0 0 30 0
3 0 22 0 0 3 0 0 0 0 0 0 0 1 0 0 0 0 5 0 0 0 0 0 0 0 0 0 1 0 0 28 0 5 4 10 0 0 0 9 0
3 0 0 0 0 45 0 0 0 0 0 0 0 0 0 0 0 0 0 0 6 0 1 0 0 0 21 8 0 0 0 0 1 8 19 49 0 0 0 44 0
2 0 1 0 0 28 0 0 0 0 0 0 0 0 0 0 0 0 0 0 2 0 0 0 0 0 10 2 0 0 0 0 1 6 12 30 0 0 0 28 0
4 0 0 0 0 44 0 0 0 0 0 0 0 0 0 0 0 0 0 0 6 0 1 0 0 0 20 8 0 0 0 0 0 7 18 45 0 0 0 41 0
0 16 18 0 1 0 15 0 0 0 0 0 65 1 0 0 0 0 13 54 0 0 0 0 0 0 0 0 0 0 0 22 0 0 0 0 1 0 0 0 1
4 0 0 0 0 33 0 0 0 0 0 0 0 0 0 0 0 0 0 0 3 0 0 0 0 0 12 4 0 0 0 0 0 7 14 35 0 0 0 31 0
0 8 18 0 1 0 8 0 0 0 0 0 31 1 0 0 0 0 10 26 0 0 2 0 0 0 0 0 0 0 0 21 0 0 0 0 0 0 0 0 0
5 0 0 0 0 48 0 0 0 0 0 0 0 0 0 0 0 0 0 0 6 0 0 0 0 0 22 8 0 0 0 0 0 9 19 47 0 0 0 42 0
1 0 15 0 0 12 0 0 0 0 0 0 0 0 0 0 0 0 0 0 0 0 0 0 0 0 1 0 0 0 0 25 1 4 6 16 0 0 0 16 0
0 12 5 0 0 0 13 0 0 0 0 0 47 0 0 0 0 0 4 38 0 0 0 0 0 0 0 0 0 0 0 17 0 0 0 0 1 0 0 0 3
0 6 25 0 0 0 4 0 0 0 0 0 27 2 0 0 0 0 13 23 0 0 2 0 0 0 0 0 3 0 0 23 0 0 0 0 0 0 0 0 0
0 11 12 0 1 0 12 0 0 0 0 0 45 0 0 0 0 0 7 36 0 0 1 0 0 0 0 0 0 0 0 19 0 0 0 0 0 0 0 0 2
2 0 5 0 0 24 0 0 0 0 0 0 0 0 0 0 0 0 0 0 1 0 0 0 0 0 8 2 0 0 0 7 1 5 11 27 0 0 0 26 0
4 0 0 0 0 38 0 0 0 0 0 0 0 0 0 0 0 0 0 0 4 0 0 0 0 0 16 6 0 0 0 0 0 7 16 39 0 0 0 35 0
4 0 0 0 2 36 0 0 0 0 0 0 0 0 0 0 0 0 0 0 3 0 0 0 0 0 15 5 0 0 0 0 0 7 14 32 0 0 0 30 0
1 5 25 0 0 0 3 0 0 0 0 0 22 2 0 0 0 0 13 19 0 0 2 0 0 0 0 0 3 0 0 24 0 0 0 0 0 0 0 0 0
4 0 14 0 0 15 0 0 0 0 0 0 0 0 0 0 0 0 1 0 0 0 0 0 0 0 3 0 1 0 0 16 0 6 9 21 0 0 0 19 0
2 3 25 0 0 0 1 0 0 0 0 0 16 3 0 0 0 0 12 14 0 0 2 0 0 0 0 0 3 0 0 25 0 0 0 0 0 0 0 0 0
0 8 13 0 1 0 8 0 0 0 0 0 29 0 0 0 0 0 7 23 0 0 1 0 0 0 0 0 0 0 0 16 0 0 0 0 0 0 0 0 0
3 0 13 0 0 16 0 0 0 0 0 0 0 0 0 0 0 0 1 0 0 0 0 0 0 0 3 0 0 0 0 19 1 6 8 20 0 0 0 19 0
0 3 0 0 3 27 5 0 0 0 0 0 2 0 0 0 0 0 0 0 0 0 0 0 0 0 9 1 0 0 0 0 0 2 5 10 0 0 0 11 2
3 2 24 0 0 0 0 0 0 0 0 0 12 2 0 0 0 0 11 11 0 0 2 0 0 0 0 0 3 0 0 24 0 1 0 0 0 0 0 0 0
4 0 0 0 2 39 0 0 0 0 0 0 0 0 0 0 0 0 0 0 4 0 0 0 0 0 17 6 0 0 0 0 0 7 15 35 0 0 0 33 0
4 0 0 0 1 45 0 0 0 0 0 0 0 0 0 0 0 0 0 0 5 0 0 0 0 0 21 7 0 0 0 0 0 8 18 42 0 0 0 38 0
4 0 5 0 0 24 0 0 0 0 0 0 0 0 0 0 0 0 0 0 1 0 0 0 0 0 7 2 0 0 0 4 0 6 12 26 0 0 0 24 0
0 8 14 0 0 0 9 0 0 0 0 0 32 0 0 0 0 0 7 26 0 0 2 0 0 0 0 0 0 0 0 18 0 0 0 0 0 0 0 0 0
3 0 5 0 1 20 0 0 0 0 0 0 0 0 0 0 0 0 0 0 1 0 0 0 0 0 6 1 0 0 0 4 0 5 8 18 0 0 0 16 0
0 8 4 0 1 0 10 0 0 0 0 0 27 0 0 0 0 0 3 21 0 0 0 0 0 0 0 0 0 0 0 13 0 0 0 0 0 0 0 0 2
4 0 0 0 2 43 0 0 0 0 0 0 0 0 0 0 0 0 0 0 5 0 0 0 0 0 20 7 0 0 0 0 0 8 17 40 0 0 0 36 0
4 0 23 0 0 0 0 0 0 0 0 0 0 2 0 0 0 0 7 0 0 0 1 0 0 0 0 0 2 0 0 27 0 5 2 6 0 0 0 4 0
4 0 0 0 0 44 0 0 0 0 0 0 0 0 0 0 0 0 0 0 5 0 0 0 0 0 19 7 0 0 0 0 0 8 18 44 0 0 0 39 0
4 0 24 0 0 0 0 0 0 0 0 0 0 2 0 0 0 0 8 0 0 0 1 0 0 0 0 0 3 0 0 28 0 5 2 5 0 0 0 3 0
4 0 0 0 0 45 0 0 0 0 0 0 0 0 0 0 0 0 0 0 5 0 0 0 0 0 20 7 0 0 0 0 0 8 18 45 0 0 0 40 0
0 13 17 0 1 0 13 0 0 0 0 0 53 0 0 0 0 0 11 44 0 0 1 0 0 0 0 0 0 0 0 21 0 0 0 0 1 0 0 0 1
1 4 28 0 0 0 1 0 0 0 0 0 22 3 0 0 0 0 14 20 0 0 2 0 0 0 0 0 4 0 0 27 0 0 0 0 0 0 0 0 0
0 10 20 0 2 0 9 0 0 0 0 0 39 2 0 0 0 0 12 33 0 0 1 0 0 0 0 0 0 0 0 21 0 0 0 0 0 0 0 0 0
4 0 0 0 1 36 0 0 0 0 0 0 0 0 0 0 0 0 0 0 3 0 0 0 0 0 15 5 0 0 0 0 0 7 14 33 0 0 0 31 0
4 0 0 0 0 32 0 0 0 0 0 0 0 0 0 0 0 0 0 0 3 0 0 0 0 0 12 4 0 0 0 0 0 7 14 33 0 0 0 30 0
0 7 19 0 1 0 6 0 0 0 0 0 26 1 0 0 0 0 10 22 0 0 2 0 0 0 0 0 1 0 0 20 0 0 0 0 0 0 0 0 0
3 3 25 0 0 0 1 0 0 0 0 0 15 2 0 0 0 0 12 13 0 0 2 0 0 0 0 0 3 0 0 24 0 0 0 0 0 0 0 0 0
3 2 24 0 0 0 0 0 0 0 0 0 12 2 0 0 0 0 11 10 0 0 2 0 0 0 0 0 3 0 0 24 0 1 0 0 0 0 0 0 0
2 0 0 0 0 38 0 0 0 0 0 0 0 0 0 0 0 0 0 0 4 0 0 0 0 0 16 5 0 0 0 0 0 7 15 38 0 0 0 36 0
2 0 24 0 0 0 0 0 0 0 0 0 0 2 0 0 0 0 7 0 0 0 1 0 0 0 0 0 1 0 0 31 0 4 0 4 0 0 0 3 0
3 0 0 0 0 36 0 0 0 0 0 0 0 0 0 0 0 0 0 0 3 0 0 0 0 0 14 4 0 0 0 0 0 7 16 37 0 0 0 34 0
0 8 18 0 1 0 8 0 0 0 0 0 31 1 0 0 0 0 9 26 0 0 1 0 0 0 0 0 0 0 0 20 0 0 0 0 0 0 0 0 0
0 9 18 0 1 0 9 0 0 0 0 0 35 1 0 0 0 0 10 29 0 0 1 0 0 0 0 0 0 0 0 20 0 0 0 0 0 0 0 0 0
0 17 6 0 1 0 16 0 0 0 0 0 62 0 0 0 0 0 6 52 0 0 0 0 0 0 0 0 0 0 0 19 0 0 0 0 2 0 0 0 4
4 0 0 0 1 37 0 0 0 0 0 0 0 0 0 0 0 0 0 0 3 0 0 0 0 0 15 5 0 0 0 0 0 7 15 35 0 0 0 32 0
2 0 8 0 0 21 0 0 0 0 0 0 0 0 0 0 0 0 0 0 0 0 0 0 0 0 6 1 0 0 0 14 1 5 10 24 0 0 0 23 0
3 0 27 0 0 0 0 0 0 0 0 0 8 3 0 0 0 0 12 8 0 0 2 0 0 0 0 0 5 0 0 26 0 2 0 0 0 0 0 0 0
2 3 25 0 0 0 1 0 0 0 0 0 15 3 0 0 0 0 12 13 0 0 2 0 0 0 0 0 3 0 0 25 0 0 0 0 0 0 0 0 0
0 10 16 0 1 0 10 0 0 0 0 0 39 0 0 0 0 0 9 32 0 0 1 0 0 0 0 0 0 0 0 20 0 0 0 0 0 0 0 0 0
3 0 0 0 0 34 0 0 0 0 0 0 0 0 0 0 0 0 0 0 3 0 0 0 0 0 14 4 0 0 0 0 0 6 14 35 0 0 0 32 0
0 2 0 0 3 30 4 0 0 0 0 0 0 0 0 0 0 0 0 0 1 0 0 0 0 0 10 2 0 0 0 0 0 3 7 14 0 0 0 15 2
3 0 9 0 0 21 0 0 0 0 0 0 0 0 0 0 0 0 0 0 0 0 0 0 0 0 5 1 0 0 0 12 0 5 10 24 0 0 0 23 0
3 2 24 0 0 0 0 0 0 0 0 0 11 2 0 0 0 0 11 10 0 0 2 0 0 0 0 0 3 0 0 23 0 1 0 0 0 0 0 0 0
4 0 0 0 0 45 0 0 0 0 0 0 0 0 0 0 0 0 0 0 5 0 0 0 0 0 21 8 0 0 0 0 0 8 18 45 0 0 0 40 0
0 8 15 0 1 0 8 0 0 0 0 0 30 0 0 0 0 0 8 24 0 0 2 0 0 0 0 0 0 0 0 19 0 0 0 0 0 0 0 0 0
5 0 20 0 0 5 0 0 0 0 0 0 0 1 0 0 0 0 6 0 0 0 1 0 0 0 0 0 2 0 0 22 0 6 6 13 0 0 0 11 0
4 0 0 0 1 41 0 0 0 0 0 0 0 0 0 0 0 0 0 0 4 0 0 0 0 0 18 6 0 0 0 0 0 8 17 40 0 0 0 36 0
0 7 19 0 0 0 6 0 0 0 0 0 27 1 0 0 0 0 10 22 0 0 2 0 0 0 0 0 1 0 0 21 0 0 0 0 0 0 0 0 0
4 0 28 0 0 0 0 0 0 0 0 0 6 3 0 0 0 0 12 6 0 0 2 0 0 0 0 0 4 0 0 28 0 3 0 0 0 0 0 0 0
4 0 16 0 0 10 0 0 0 0 0 0 0 0 0 0 0 0 3 0 0 0 0 0 0 0 1 0 1 0 0 20 0 6 7 16 0 0 0 15 0
0 10 13 0 1 0 10 0 0 0 0 0 39 0 0 0 0 0 7 32 0 0 1 0 0 0 0 0 0 0 0 18 0 0 0 0 0 0 0 0 1
0 10 20 0 2 0 9 0 0 0 0 0 38 2 0 0 0 0 12 32 0 0 1 0 0 0 0 0 0 0 0 21 0 0 0 0 0 0 0 0 0
0 7 10 0 1 0 8 0 0 0 0 0 24 0 0 0 0 0 4 18 0 0 1 0 0 0 0 0 0 0 0 14 0 0 0 0 0 0 0 0 0
3 0 0 0 1 31 0 0 0 0 0 0 0 0 0 0 0 0 0 0 2 0 0 0 0 0 12 3 0 0 0 0 0 7 14 31 0 0 0 29 0
4 0 23 0 0 0 0 0 0 0 0 0 0 2 0 0 0 0 8 0 0 0 1 0 0 0 0 0 2 0 0 26 0 4 2 5 0 0 0 4 0
4 0 23 0 0 0 0 0 0 0 0 0 0 2 0 0 0 0 8 0 0 0 2 0 0 0 0 0 3 0 0 26 0 4 2 5 0 0 0 3 0
0 20 1 0 0 0 19 0 0 0 0 0 75 0 0 0 0 0 6 63 0 0 0 0 0 0 0 0 0 0 0 19 0 0 0 0 2 1 0 0 6
1 0 21 0 0 1 0 0 0 0 0 0 0 1 0 0 0 0 4 0 0 0 0 0 0 0 0 0 0 0 0 31 1 4 2 7 0 0 0 7 0
4 0 0 0 1 34 0 0 0 0 0 0 0 0 0 0 0 0 0 0 3 0 0 0 0 0 14 4 0 0 0 0 0 7 14 34 0 0 0 31 0
3 0 0 0 0 37 0 0 0 0 0 0 0 0 0 0 0 0 0 0 3 0 0 0 0 0 15 5 0 0 0 0 0 7 15 36 0 0 0 34 0
3 0 2 0 0 28 0 0 0 0 0 0 0 0 0 0 0 0 0 0 1 0 0 0 0 0 10 2 0 0 0 1 0 6 13 29 0 0 0 28 0
4 0 0 0 0 29 0 0 0 0 0 0 0 0 0 0 0 0 0 0 2 0 0 0 0 0 11 3 0 0 0 0 0 6 13 30 0 0 0 28 0
3 0 27 0 0 0 0 0 0 0 0 0 7 3 0 0 0 0 12 8 0 0 3 0 0 0 0 0 4 0 0 28 0 2 0 0 0 0 0 0 0
0 16 9 0 1 0 15 0 0 0 0 0 60 0 0 0 0 0 7 50 0 0 0 0 0 0 0 0 0 0 0 19 0 0 0 0 1 0 0 0 3
4 0 0 0 1 42 0 0 0 0 0 0 0 0 0 0 0 0 0 0 4 0 0 0 0 0 19 6 0 0 0 0 0 8 17 39 0 0 0 36 0
2 0 19 0 0 6 0 0 0 0 0 0 0 0 0 0 0 0 3 0 0 0 0 0 0 0 0 0 0 0 0 29 1 5 4 13 0 0 0 12 0
4 0 28 0 0 0 0 0 0 0 0 0 3 3 0 0 0 0 11 4 0 0 2 0 0 0 0 0 4 0 0 29 0 3 0 0 0 0 0 0 0
2 2 26 0 0 0 0 0 0 0 0 0 14 3 0 0 0 0 12 12 0 0 2 0 0 0 0 0 4 0 0 26 0 0 0 0 0 0 0 0 0
0 7 25 0 1 0 7 0 0 0 0 0 34 3 0 0 0 0 14 29 0 0 2 0 0 0 0 0 2 0 0 24 0 0 0 0 0 0 0 0 0
3 0 0 0 2 37 0 0 0 0 0 0 0 0 0 0 0 0 0 0 3 0 0 0 0 0 15 4 0 0 0 0 0 7 14 32 0 0 0 30 0
0 11 13 0 1 0 11 0 0 0 0 0 43 0 0 0 0 0 8 35 0 0 1 0 0 0 0 0 0 0 0 18 0 0 0 0 0 0 0 0 1
5 0 0 0 0 53 0 0 0 0 0 0 0 0 0 0 0 0 0 0 7 0 0 0 0 0 25 10 0 0 0 0 0 9 21 55 0 0 0 48 0
0 10 16 0 1 0 10 0 0 0 0 0 39 1 0 0 0 0 9 32 0 0 1 0 0 0 0 0 0 0 0 19 0 0 0 0 0 0 0 0 0
3 0 0 0 0 29 0 0 0 0 0 0 0 0 0 0 0 0 0 0 2 0 0 0 0 0 11 3 0 0 0 0 0 6 13 31 0 0 0 29 0
0 9 7 0 1 0 10 0 0 0 0 0 31 0 0 0 0 0 4 24 0 0 0 0 0 0 0 0 0 0 0 16 0 0 0 0 0 0 0 0 1
1 4 24 0 0 0 2 0 0 0 0 0 19 2 0 0 0 0 12 17 0 0 2 0 0 0 0 0 3 0 0 24 0 0 0 0 0 0 0 0 0
4 0 0 0 1 35 0 0 0 0 0 0 0 0 0 0 0 0 0 0 3 0 0 0 0 0 13 4 0 0 0 0 0 7 15 35 0 0 0 32 0
3 0 0 0 1 28 0 0 0 0 0 0 0 0 0 0 0 0 0 0 2 0 0 0 0 0 11 3 0 0 0 0 0 6 13 29 0 0 0 27 0
2 0 0 0 0 30 0 0 0 0 0 0 0 0 0 0 0 0 0 0 2 0 0 0 0 0 11 3 0 0 0 0 0 6 13 31 0 0 0 29 0
3 0 0 0 0 41 0 0 0 0 0 0 0 0 0 0 0 0 0 0 5 0 0 0 0 0 18 6 0 0 0 0 0 7 17 41 0 0 0 38 0
0 9 12 0 1 0 10 0 0 0 0 0 34 0 0 0 0 0 6 27 0 0 1 0 0 0 0 0 0 0 0 18 0 0 0 0 0 0 0 0 1
3 0 0 0 0 40 0 0 0 0 0 0 0 0 0 0 0 0 0 0 4 0 0 0 0 0 17 6 0 0 0 0 0 8 17 41 0 0 0 37 0
0 8 14 0 1 0 9 0 0 0 0 0 32 0 0 0 0 0 8 26 0 0 1 0 0 0 0 0 0 0 0 18 0 0 0 0 0 0 0 0 0
3 0 28 0 0 0 0 0 0 0 0 0 6 3 0 0 0 0 12 6 0 0 3 0 0 0 0 0 5 0 0 27 0 3 0 0 0 0 0 0 0
1 2 4 0 2 16 3 0 0 0 0 0 2 0 0 0 0 0 0 0 0 0 0 0 0 0 4 0 0 0 0 5 0 2 3 7 0 0 0 8 0
3 0 25 0 0 0 0 0 0 0 0 0 0 2 0 0 0 0 8 0 0 0 1 0 0 0 0 0 2 0 0 29 0 5 0 2 0 0 0 1 0
0 7 23 0 1 0 5 0 0 0 0 0 27 2 0 0 0 0 13 23 0 0 2 0 0 0 0 0 2 0 0 23 0 0 0 0 0 0 0 0 0
0 3 30 0 0 0 2 0 1 0 0 0 23 4 0 0 0 0 15 21 0 0 2 0 0 0 0 0 3 0 0 30 0 0 0 0 0 0 0 0 0
4 0 0 0 2 42 0 0 0 0 0 0 0 0 0 0 0 0 0 0 4 0 0 0 0 0 19 6 0 0 0 0 0 8 16 39 0 0 0 34 0
2 4 20 0 0 0 2 0 0 0 0 0 16 1 0 0 0 0 10 14 0 0 2 0 0 0 0 0 2 0 0 20 0 0 0 0 0 0 0 0 0
0 14 7 0 0 0 14 0 0 0 0 0 54 0 0 0 0 0 5 45 0 0 0 0 0 0 0 0 0 0 0 17 0 0 0 0 2 0 0 0 3
0 17 1 0 0 0 16 0 0 0 0 0 60 0 0 0 0 0 4 50 0 0 0 0 0 0 0 0 0 0 0 18 0 0 0 0 2 1 0 0 5
2 2 12 0 0 4 1 0 0 0 0 0 3 0 0 0 0 0 5 2 0 0 2 0 0 0 0 0 0 0 0 13 0 3 1 2 0 0 0 1 0
4 0 14 0 0 12 0 0 0 0 0 0 0 0 0 0 0 0 3 0 0 0 0 0 0 0 1 0 0 0 0 18 0 5 7 16 0 0 0 15 0
2 3 24 0 0 0 1 0 0 0 0 0 18 3 0 0 0 0 12 15 0 0 2 0 0 0 0 0 3 0 0 24 0 0 0 0 0 0 0 0 0
5 0 27 0 0 0 0 0 0 0 0 0 0 3 0 0 0 0 11 1 0 0 2 0 0 0 0 0 4 0 0 27 0 5 0 0 0 0 0 0 0
1 0 0 0 3 34 3 0 0 0 0 0 0 0 0 0 0 0 0 0 2 0 0 0 0 0 13 3 0 0 0 0 0 5 9 21 0 0 0 21 2
3 0 27 0 0 0 0 0 0 0 0 0 5 3 0 0 0 0 11 5 0 0 2 0 0 0 0 0 4 0 0 28 0 3 0 0 0 0 0 0 0
4 0 21 0 0 0 0 0 0 0 0 0 0 1 0 0 0 0 8 0 0 0 1 0 0 0 0 0 2 0 0 24 0 4 2 4 0 0 0 2 0
0 8 20 0 1 0 8 0 0 0 0 0 33 2 0 0 0 0 11 27 0 0 2 0 0 0 0 0 1 0 0 20 0 0 0 0 0 0 0 0 0
3 0 0 0 0 33 0 0 0 0 0 0 0 0 0 0 0 0 0 0 3 0 0 0 0 0 12 4 0 0 0 0 0 6 14 34 0 0 0 31 0
3 0 20 0 0 5 0 0 0 0 0 0 0 0 0 0 0 0 5 0 0 0 0 0 0 0 0 0 1 0 0 27 0 5 5 12 0 0 0 11 0
0 8 22 0 1 0 7 0 0 0 0 0 34 2 0 0 0 0 12 29 0 0 2 0 0 0 0 0 1 0 0 22 0 0 0 0 0 0 0 0 0
0 8 13 0 1 0 9 0 0 0 0 0 31 0 0 0 0 0 7 25 0 0 1 0 0 0 0 0 0 0 0 17 0 0 0 0 0 0 0 0 0
1 0 6 0 0 23 0 0 0 0 0 0 0 0 0 0 0 0 0 0 1 0 0 0 0 0 7 1 0 0 0 10 1 5 11 26 0 0 0 25 0
0 7 21 0 1 0 6 0 0 0 0 0 27 2 0 0 0 0 11 23 0 0 2 0 0 0 0 0 1 0 0 22 0 0 0 0 0 0 0 0 0
4 1 25 0 0 0 0 0 0 0 0 0 6 3 0 0 0 0 11 6 0 0 2 0 0 0 0 0 3 0 0 26 0 3 0 0 0 0 0 0 0
3 0 0 0 1 40 0 0 0 0 0 0 0 0 0 0 0 0 0 0 4 0 0 0 0 0 17 6 0 0 0 0 0 7 16 39 0 0 0 36 0
3 0 0 0 0 35 0 0 0 0 0 0 0 0 0 0 0 0 0 0 4 0 0 0 0 0 15 5 0 0 0 0 0 7 15 37 0 0 0 34 0
3 0 0 0 2 40 0 0 0 0 0 0 0 0 0 0 0 0 0 0 4 0 0 0 0 0 17 6 0 0 0 0 0 7 16 37 0 0 0 34 0
0 11 14 0 1 0 12 0 0 0 0 0 45 0 0 0 0 0 9 37 0 0 1 0 0 0 0 0 0 0 0 19 0 0 0 0 0 0 0 0 1
