5 0 43 5 0 0 0 0 0 0 0 0 0 0 0 0 0 0 0 0 0 0 19 0 9 0 0 0 0 8 0 34 0 5 38 58 0 2 0 53 0
10 0 50 10 10 0 0 0 0 0 0 0 0 0 0 0 0 0 0 0 0 0 17 0 1 0 0 0 0 16 0 31 0 11 23 31 0 1 0 29 0
0 0 0 0 0 0 0 0 0 0 0 0 0 0 0 0 0 0 0 0 0 0 0 0 0 40 2 6 0 0 0 39 6 1 0 10 0 0 0 0 21
10 0 50 10 12 0 0 0 0 0 0 0 0 0 0 0 0 0 0 0 0 0 14 0 0 0 0 0 0 17 0 23 1 11 20 22 0 1 0 21 0
5 0 42 5 0 0 0 0 0 0 0 0 0 0 0 0 0 0 0 0 0 0 18 0 9 0 0 0 0 7 0 32 0 4 39 59 0 1 0 53 0
0 0 0 0 0 0 0 0 0 0 0 0 0 0 0 0 0 0 0 0 0 0 0 0 0 35 1 2 0 0 0 32 6 7 4 7 0 0 0 1 20
0 0 0 0 0 0 0 0 0 0 0 0 0 0 0 0 0 0 0 0 0 0 0 0 0 33 0 0 0 0 0 27 6 11 10 2 0 0 0 0 16
6 0 36 6 15 0 0 0 0 0 0 0 0 0 0 0 0 0 0 0 0 0 4 0 0 9 0 0 0 17 0 14 5 12 16 0 0 0 0 0 4
7 0 49 9 3 0 0 0 0 0 0 0 0 0 0 0 0 0 0 0 0 0 20 0 5 0 0 0 0 11 0 34 0 8 28 47 0 2 0 44 0
2 0 17 2 9 0 0 0 0 0 0 0 0 0 0 0 0 0 0 0 0 0 0 0 0 22 0 0 0 9 0 20 6 13 14 0 0 0 0 0 10
10 0 50 9 13 0 0 0 0 0 0 0 0 0 0 0 0 0 0 0 0 0 13 0 0 0 0 0 0 18 0 23 3 12 21 20 0 0 0 19 0
0 0 0 0 0 0 0 0 0 0 0 0 0 0 0 0 0 0 0 0 0 0 0 0 0 35 0 1 0 0 0 30 6 8 6 5 0 0 0 0 19
10 0 48 9 14 0 0 0 0 0 0 0 0 0 0 0 0 0 0 0 0 0 11 0 0 0 0 0 0 19 0 20 3 11 20 16 0 0 0 15 0
3 0 20 3 11 0 0 0 0 0 0 0 0 0 0 0 0 0 0 0 0 0 0 0 0 20 0 0 0 11 0 17 6 13 13 0 0 0 0 0 8
8 0 50 10 6 0 0 0 0 0 0 0 0 0 0 0 0 0 0 0 0 0 20 0 3 0 0 0 0 13 0 34 0 9 25 40 0 2 0 38 0
0 0 0 0 0 0 0 0 0 0 0 0 0 0 0 0 0 0 0 0 0 0 0 0 1 42 3 7 0 0 0 40 5 0 0 10 0 0 0 0 22
6 0 30 5 14 0 0 0 0 0 0 0 0 0 0 0 0 0 0 0 0 0 2 0 0 14 0 0 0 15 0 15 5 13 15 0 0 0 0 0 5
7 0 39 7 16 0 0 0 0 0 0 0 0 0 0 0 0 0 0 0 0 0 5 0 0 6 0 0 0 18 0 15 5 12 17 2 0 0 0 3 3
0 0 0 0 0 0 0 0 0 0 0 0 0 0 0 0 0 0 0 0 0 0 0 0 0 36 1 3 0 0 0 34 6 6 1 8 0 0 0 1 20
0 0 0 0 0 0 0 0 0 0 0 0 0 0 0 0 0 0 0 0 0 0 0 0 0 35 0 1 0 0 0 29 6 9 8 3 0 0 0 0 18
10 0 49 10 11 0 0 0 0 0 0 0 0 0 0 0 0 0 0 0 0 0 15 0 0 0 0 0 0 16 0 26 0 11 21 26 0 1 0 24 0
0 0 0 0 0 0 0 0 0 0 0 0 0 0 0 0 0 0 0 0 0 0 0 0 0 40 2 6 0 0 0 39 5 0 0 10 0 0 0 0 21
10 0 50 10 10 0 0 0 0 0 0 0 0 0 0 0 0 0 0 0 0 0 17 0 1 0 0 0 0 16 0 30 0 10 22 32 0 1 0 29 0
9 0 49 9 15 0 0 0 0 0 0 0 0 0 0 0 0 0 0 0 0 0 11 0 0 0 0 0 0 19 0 21 3 12 21 16 0 0 0 15 0
7 0 48 8 3 0 0 0 0 0 0 0 0 0 0 0 0 0 0 0 0 0 20 0 5 0 0 0 0 11 0 34 0 8 31 47 0 2 0 44 0
0 0 0 0 0 0 0 0 0 0 0 0 0 0 0 0 0 0 0 0 0 0 0 0 0 37 1 4 0 0 0 35 6 4 0 9 0 0 0 1 20
9 0 51 10 7 0 0 0 0 0 0 0 0 0 0 0 0 0 0 0 0 0 19 0 2 0 0 0 0 14 0 32 0 9 24 39 0 2 0 36 0
3 0 36 2 0 0 0 0 0 0 0 0 0 0 0 0 0 0 0 0 0 0 18 0 13 0 0 0 0 4 0 30 0 1 47 71 0 0 0 62 0
3 0 23 3 11 0 0 0 0 0 0 0 0 0 0 0 0 0 0 0 0 0 1 0 0 18 0 0 0 12 0 17 6 13 15 0 0 0 0 0 8
9 0 51 10 7 0 0 0 0 0 0 0 0 0 0 0 0 0 0 0 0 0 20 0 2 0 0 0 0 14 0 33 0 9 23 39 0 2 0 36 0
0 0 0 0 0 0 0 0 0 0 0 0 0 0 0 0 0 0 0 0 0 0 0 0 0 34 0 1 0 0 0 29 6 9 8 3 0 0 0 0 18
0 0 0 0 0 0 0 0 0 0 0 0 0 0 0 0 0 0 0 0 0 0 0 0 0 37 1 4 0 0 0 35 6 4 0 8 0 0 0 1 20
6 0 43 6 0 0 0 0 0 0 0 0 0 0 0 0 0 0 0 0 0 0 18 0 8 0 0 0 0 9 0 34 0 6 39 56 0 2 0 51 0
0 0 0 0 0 0 0 0 0 0 0 0 0 0 0 0 0 0 0 0 0 0 0 0 0 38 1 4 0 0 0 37 6 3 0 9 0 0 0 1 20
7 0 48 9 3 0 0 0 0 0 0 0 0 0 0 0 0 0 0 0 0 0 20 0 5 0 0 0 0 11 0 35 0 8 29 47 0 2 0 43 0
9 0 44 8 16 0 0 0 0 0 0 0 0 0 0 0 0 0 0 0 0 0 7 0 0 0 0 0 0 19 0 16 4 12 17 6 0 0 0 6 0
4 0 38 3 0 0 0 0 0 0 0 0 0 0 0 0 0 0 0 0 0 0 17 0 11 0 0 0 0 6 0 32 0 3 46 65 0 1 0 58 0
0 0 0 0 0 0 0 0 0 0 0 0 0 0 0 0 0 0 0 0 0 0 0 0 0 34 0 1 0 0 0 29 6 10 10 4 0 0 0 0 18
9 0 45 8 16 0 0 0 0 0 0 0 0 0 0 0 0 0 0 0 0 0 8 0 0 0 0 0 0 19 0 16 5 12 19 8 0 0 0 8 0
9 0 51 10 8 0 0 0 0 0 0 0 0 0 0 0 0 0 0 0 0 0 19 0 1 0 0 0 0 15 0 35 0 11 24 37 0 2 0 34 0
5 0 41 4 0 0 0 0 0 0 0 0 0 0 0 0 0 0 0 0 0 0 18 0 9 0 0 0 0 8 0 33 0 5 41 61 0 1 0 54 0
10 0 49 9 14 0 0 0 0 0 0 0 0 0 0 0 0 0 0 0 0 0 12 0 0 0 0 0 0 18 0 19 2 10 18 16 0 0 0 15 0
4 0 38 3 0 0 0 0 0 0 0 0 0 0 0 0 0 0 0 0 0 0 18 0 12 0 0 0 0 5 0 31 0 2 44 67 0 1 0 59 0
10 0 50 10 13 0 0 0 0 0 0 0 0 0 0 0 0 0 0 0 0 0 13 0 0 0 0 0 0 18 0 21 2 10 19 19 0 0 0 19 0
6 0 46 7 0 0 0 0 0 0 0 0 0 0 0 0 0 0 0 0 0 0 19 0 7 0 0 0 0 9 0 34 0 6 34 53 0 2 0 49 0
0 0 0 0 0 0 0 0 0 0 0 0 0 0 0 0 0 0 0 0 0 0 0 0 0 34 0 1 0 0 0 28 6 10 10 2 0 0 0 0 17
0 0 0 0 0 0 0 0 0 0 0 0 0 0 0 0 0 0 0 0 0 0 0 0 2 44 3 9 0 0 0 42 5 0 0 11 0 0 1 0 22
10 0 52 11 10 0 0 0 0 0 0 0 0 0 0 0 0 0 0 0 0 0 18 0 1 0 0 0 0 16 0 32 0 11 23 33 0 1 0 31 0
0 0 0 0 3 0 0 0 0 0 0 0 0 0 0 0 0 0 0 0 0 0 0 0 0 30 0 0 0 2 0 24 6 12 10 0 0 0 0 0 14
5 0 30 5 13 0 0 0 0 0 0 0 0 0 0 0 0 0 0 0 0 0 2 0 0 13 0 0 0 15 0 16 6 13 16 0 0 0 0 0 5
9 0 46 9 16 0 0 0 0 0 0 0 0 0 0 0 0 0 0 0 0 0 8 0 0 0 0 0 0 19 0 15 4 11 18 9 0 0 0 9 0
0 0 0 0 0 0 0 0 0 0 0 0 0 0 0 0 0 0 0 0 0 0 0 0 0 37 2 4 0 0 0 36 6 4 0 9 0 0 0 1 20
0 0 0 0 0 0 0 0 0 0 0 0 0 0 0 0 0 0 0 0 0 0 0 0 0 34 0 0 0 0 0 28 6 10 10 3 0 0 0 0 17
0 0 0 0 0 0 0 0 0 0 0 0 0 0 0 0 0 0 0 0 0 0 0 0 0 36 1 3 0 0 0 34 6 6 1 7 0 0 0 1 20
0 0 0 0 0 0 0 0 0 0 0 0 0 0 0 0 0 0 0 0 0 0 0 0 0 34 0 1 0 0 0 29 6 9 10 4 0 0 0 0 18
10 0 51 10 11 0 0 0 0 0 0 0 0 0 0 0 0 0 0 0 0 0 16 0 0 0 0 0 0 17 0 27 0 10 21 28 0 1 0 27 0
0 0 0 0 0 0 0 0 0 0 0 0 0 0 0 0 0 0 0 0 0 0 0 0 0 34 1 2 0 0 0 32 6 7 4 6 0 0 0 1 19
8 0 49 9 5 0 0 0 0 0 0 0 0 0 0 0 0 0 0 0 0 0 20 0 4 0 0 0 0 13 0 35 0 9 26 44 0 2 0 40 0
0 0 0 0 0 0 0 0 0 0 0 0 0 0 0 0 0 0 0 0 0 0 0 0 0 38 2 4 0 0 0 36 6 3 0 9 0 0 0 1 20
0 0 0 0 1 0 0 0 0 0 0 0 0 0 0 0 0 0 0 0 0 0 0 0 0 32 0 0 0 0 0 26 6 12 11 1 0 0 0 0 15
8 0 42 8 15 0 0 0 0 0 0 0 0 0 0 0 0 0 0 0 0 0 7 0 0 0 0 0 0 19 0 16 5 12 19 8 0 0 0 8 0
5 0 40 4 0 0 0 0 0 0 0 0 0 0 0 0 0 0 0 0 0 0 18 0 10 0 0 0 0 7 0 33 0 4 43 62 0 1 0 55 0
3 0 21 3 11 0 0 0 0 0 0 0 0 0 0 0 0 0 0 0 0 0 0 0 0 21 0 0 0 11 0 17 6 13 14 0 0 0 0 0 9
0 0 6 0 6 0 0 0 0 0 0 0 0 0 0 0 0 0 0 0 0 0 0 0 0 27 0 0 0 5 0 23 6 12 11 0 0 0 0 0 12
0 0 0 0 0 0 0 0 0 0 0 0 0 0 0 0 0 0 0 0 0 0 0 0 0 37 1 3 0 0 0 34 6 5 0 8 0 0 0 1 20
7 0 47 8 1 0 0 0 0 0 0 0 0 0 0 0 0 0 0 0 0 0 20 0 6 0 0 0 0 10 0 34 0 7 32 51 0 2 0 47 0
10 0 49 9 15 0 0 0 0 0 0 0 0 0 0 0 0 0 0 0 0 0 11 0 0 0 0 0 0 19 0 20 3 12 20 15 0 0 0 14 0
9 0 43 8 17 0 0 0 0 0 0 0 0 0 0 0 0 0 0 0 0 0 6 0 0 2 0 0 0 20 0 14 5 12 17 3 0 0 0 3 0
0 0 0 0 1 0 0 0 0 0 0 0 0 0 0 0 0 0 0 0 0 0 0 0 0 33 0 0 0 0 0 26 6 11 11 0 0 0 0 0 15
0 0 0 0 0 0 0 0 0 0 0 0 0 0 0 0 0 0 0 0 0 0 0 0 0 39 2 5 0 0 0 38 5 2 0 10 0 0 0 0 21
10 0 51 10 11 0 0 0 0 0 0 0 0 0 0 0 0 0 0 0 0 0 15 0 0 0 0 0 0 17 0 28 1 11 21 27 0 1 0 25 0
10 0 50 10 12 0 0 0 0 0 0 0 0 0 0 0 0 0 0 0 0 0 14 0 0 0 0 0 0 17 0 23 1 10 19 22 0 0 0 21 0
0 0 0 0 0 0 0 0 0 0 0 0 0 0 0 0 0 0 0 0 0 0 0 0 0 38 2 5 0 0 0 37 5 3 0 9 0 0 0 1 20
10 0 50 10 11 0 0 0 0 0 0 0 0 0 0 0 0 0 0 0 0 0 16 0 0 0 0 0 0 16 0 29 0 11 22 29 0 1 0 27 0
7 0 37 6 15 0 0 0 0 0 0 0 0 0 0 0 0 0 0 0 0 0 4 0 0 9 0 0 0 17 0 15 5 12 16 2 0 0 0 1 3
0 0 0 0 0 0 0 0 0 0 0 0 0 0 0 0 0 0 0 0 0 0 0 0 0 39 2 5 0 0 0 38 5 2 0 10 0 0 0 1 20
0 0 0 0 0 0 0 0 0 0 0 0 0 0 0 0 0 0 0 0 0 0 0 0 0 35 1 2 0 0 0 32 6 7 4 6 0 0 0 1 19
5 0 41 4 0 0 0 0 0 0 0 0 0 0 0 0 0 0 0 0 0 0 18 0 10 0 0 0 0 7 0 32 0 4 42 63 0 1 0 56 0
1 0 12 1 8 0 0 0 0 0 0 0 0 0 0 0 0 0 0 0 0 0 0 0 0 25 0 0 0 7 0 20 6 13 13 0 0 0 0 0 11
10 0 51 10 12 0 0 0 0 0 0 0 0 0 0 0 0 0 0 0 0 0 15 0 0 0 0 0 0 17 0 28 1 11 21 27 0 0 0 25 0
10 0 49 9 15 0 0 0 0 0 0 0 0 0 0 0 0 0 0 0 0 0 10 0 0 0 0 0 0 20 0 17 3 11 19 12 0 0 0 12 0
4 0 23 3 12 0 0 0 0 0 0 0 0 0 0 0 0 0 0 0 0 0 1 0 0 19 0 0 0 12 0 17 6 13 14 0 0 0 0 0 7
10 0 50 10 13 0 0 0 0 0 0 0 0 0 0 0 0 0 0 0 0 0 13 0 0 0 0 0 0 18 0 22 2 11 20 20 0 0 0 19 0
7 0 38 6 15 0 0 0 0 0 0 0 0 0 0 0 0 0 0 0 0 0 4 0 0 6 0 0 0 17 0 12 5 12 16 0 0 0 0 1 2
10 0 49 10 13 0 0 0 0 0 0 0 0 0 0 0 0 0 0 0 0 0 13 0 0 0 0 0 0 18 0 23 2 12 21 19 0 0 0 18 0
7 0 47 8 2 0 0 0 0 0 0 0 0 0 0 0 0 0 0 0 0 0 20 0 6 0 0 0 0 10 0 35 0 7 31 50 0 2 0 46 0
10 0 48 9 16 0 0 0 0 0 0 0 0 0 0 0 0 0 0 0 0 0 10 0 0 0 0 0 0 19 0 17 3 11 19 11 0 0 0 11 0
9 0 48 9 16 0 0 0 0 0 0 0 0 0 0 0 0 0 0 0 0 0 10 0 0 0 0 0 0 20 0 18 3 12 19 12 0 0 0 12 0
0 0 0 0 0 0 0 0 0 0 0 0 0 0 0 0 0 0 0 0 0 0 0 0 0 35 0 1 0 0 0 30 6 8 7 5 0 0 0 0 19
5 0 39 3 0 0 0 0 0 0 0 0 0 0 0 0 0 0 0 0 0 0 18 0 11 0 0 0 0 6 0 31 0 3 45 65 0 1 0 58 0
0 0 4 0 5 0 0 0 0 0 0 0 0 0 0 0 0 0 0 0 0 0 0 0 0 28 0 0 0 4 0 23 6 12 12 0 0 0 0 0 12
8 0 48 9 4 0 0 0 0 0 0 0 0 0 0 0 0 0 0 0 0 0 19 0 4 0 0 0 0 12 0 34 0 9 29 45 0 2 0 41 0
0 0 6 0 6 0 0 0 0 0 0 0 0 0 0 0 0 0 0 0 0 0 0 0 0 28 0 0 0 5 0 22 6 12 11 0 0 0 0 0 12
0 0 0 0 0 0 0 0 0 0 0 0 0 0 0 0 0 0 0 0 0 0 0 0 0 36 1 3 0 0 0 33 6 6 2 7 0 0 0 1 20
6 0 34 6 15 0 0 0 0 0 0 0 0 0 0 0 0 0 0 0 0 0 3 0 0 11 0 0 0 16 0 15 6 13 16 0 0 0 0 0 4
0 0 0 0 1 0 0 0 0 0 0 0 0 0 0 0 0 0 0 0 0 0 0 0 0 32 0 0 0 0 0 25 6 11 11 1 0 0 0 0 15
7 0 47 8 2 0 0 0 0 0 0 0 0 0 0 0 0 0 0 0 0 0 19 0 6 0 0 0 0 10 0 34 0 7 32 50 0 2 0 46 0
10 0 50 9 15 0 0 0 0 0 0 0 0 0 0 0 0 0 0 0 0 0 11 0 0 0 0 0 0 19 0 19 3 12 20 15 0 0 0 15 0
6 0 42 5 0 0 0 0 0 0 0 0 0 0 0 0 0 0 0 0 0 0 18 0 8 0 0 0 0 8 0 33 0 6 39 56 0 2 0 51 0
0 0 0 0 0 0 0 0 0 0 0 0 0 0 0 0 0 0 0 0 0 0 0 0 1 42 2 7 0 0 0 40 5 0 0 10 0 0 0 0 22
9 0 48 9 15 0 0 0 0 0 0 0 0 0 0 0 0 0 0 0 0 0 10 0 0 0 0 0 0 19 0 20 3 12 20 14 0 0 0 13 0
9 0 50 10 7 0 0 0 0 0 0 0 0 0 0 0 0 0 0 0 0 0 19 0 2 0 0 0 0 14 0 33 0 10 25 38 0 2 0 35 0
10 0 50 9 15 0 0 0 0 0 0 0 0 0 0 0 0 0 0 0 0 0 11 0 0 0 0 0 0 19 0 19 3 12 20 15 0 0 0 14 0
10 0 51 10 9 0 0 0 0 0 0 0 0 0 0 0 0 0 0 0 0 0 17 0 1 0 0 0 0 16 0 32 0 11 24 33 0 1 0 31 0
0 0 0 0 1 0 0 0 0 0 0 0 0 0 0 0 0 0 0 0 0 0 0 0 0 31 0 0 0 0 0 26 6 12 11 2 0 0 0 0 15
0 0 6 0 5 0 0 0 0 0 0 0 0 0 0 0 0 0 0 0 0 0 0 0 0 27 0 0 0 4 0 22 6 12 12 0 0 0 0 0 11
0 0 0 0 0 0 0 0 0 0 0 0 0 0 0 0 0 0 0 0 0 0 0 0 0 32 0 1 0 0 0 27 6 11 11 1 0 0 0 0 16
3 0 18 2 10 0 0 0 0 0 0 0 0 0 0 0 0 0 0 0 0 0 0 0 0 20 0 0 0 10 0 16 6 12 14 0 0 0 0 0 8
10 0 48 9 16 0 0 0 0 0 0 0 0 0 0 0 0 0 0 0 0 0 9 0 0 0 0 0 0 20 0 16 4 12 19 9 0 0 0 9 0
9 0 52 10 10 0 0 0 0 0 0 0 0 0 0 0 0 0 0 0 0 0 17 0 1 0 0 0 0 16 0 31 0 11 22 33 0 1 0 30 0
5 0 39 3 0 0 0 0 0 0 0 0 0 0 0 0 0 0 0 0 0 0 17 0 10 0 0 0 0 7 0 33 0 5 44 62 0 1 0 55 0
7 0 47 8 3 0 0 0 0 0 0 0 0 0 0 0 0 0 0 0 0 0 19 0 5 0 0 0 0 11 0 34 0 8 32 47 0 2 0 43 0
8 0 49 10 6 0 0 0 0 0 0 0 0 0 0 0 0 0 0 0 0 0 20 0 3 0 0 0 0 13 0 34 0 9 25 41 0 2 0 38 0
10 0 50 10 14 0 0 0 0 0 0 0 0 0 0 0 0 0 0 0 0 0 13 0 0 0 0 0 0 18 0 24 2 11 20 21 0 0 0 19 0
9 0 46 8 16 0 0 0 0 0 0 0 0 0 0 0 0 0 0 0 0 0 8 0 0 0 0 0 0 20 0 16 4 12 17 6 0 0 0 6 0
6 0 43 6 0 0 0 0 0 0 0 0 0 0 0 0 0 0 0 0 0 0 18 0 8 0 0 0 0 8 0 34 0 6 38 56 0 2 0 51 0
0 0 0 0 0 0 0 0 0 0 0 0 0 0 0 0 0 0 0 0 0 0 0 0 1 44 3 8 0 0 0 42 5 0 0 11 0 0 1 0 22
10 0 48 9 15 0 0 0 0 0 0 0 0 0 0 0 0 0 0 0 0 0 11 0 0 0 0 0 0 19 0 22 3 12 20 16 0 0 0 15 0
0 0 0 0 0 0 0 0 0 0 0 0 0 0 0 0 0 0 0 0 0 0 0 0 0 37 1 4 0 0 0 34 6 5 0 8 0 0 0 1 20
9 0 52 10 7 0 0 0 0 0 0 0 0 0 0 0 0 0 0 0 0 0 20 0 2 0 0 0 0 14 0 33 0 9 23 39 0 1 0 36 0
0 0 0 0 0 0 0 0 0 0 0 0 0 0 0 0 0 0 0 0 0 0 0 0 0 35 1 2 0 0 0 32 6 7 5 6 0 0 0 1 19
0 0 2 0 5 0 0 0 0 0 0 0 0 0 0 0 0 0 0 0 0 0 0 0 0 30 0 0 0 3 0 23 6 12 11 0 0 0 0 0 13
0 0 0 0 0 0 0 0 0 0 0 0 0 0 0 0 0 0 0 0 0 0 0 0 0 39 2 5 0 0 0 38 6 2 0 9 0 0 0 0 20
0 0 0 0 0 0 0 0 0 0 0 0 0 0 0 0 0 0 0 0 0 0 0 0 0 34 0 1 0 0 0 28 6 10 8 3 0 0 0 0 18
0 0 0 0 0 0 0 0 0 0 0 0 0 0 0 0 0 0 0 0 0 0 0 0 0 41 2 7 0 0 0 40 6 0 0 11 0 0 0 0 21
1 0 12 1 7 0 0 0 0 0 0 0 0 0 0 0 0 0 0 0 0 0 0 0 0 24 0 0 0 7 0 20 6 12 12 0 0 0 0 0 11
0 0 0 0 0 0 0 0 0 0 0 0 0 0 0 0 0 0 0 0 0 0 0 0 0 34 0 1 0 0 0 29 6 9 7 4 0 0 0 0 19
9 0 43 8 16 0 0 0 0 0 0 0 0 0 0 0 0 0 0 0 0 0 6 0 0 1 0 0 0 19 0 14 4 12 18 5 0 0 0 5 0
0 0 0 0 0 0 0 0 0 0 0 0 0 0 0 0 0 0 0 0 0 0 0 0 0 40 2 6 0 0 0 39 6 1 0 10 0 0 0 0 21
0 0 9 0 7 0 0 0 0 0 0 0 0 0 0 0 0 0 0 0 0 0 0 0 0 26 0 0 0 6 0 20 6 12 13 0 0 0 0 0 11
0 0 8 0 7 0 0 0 0 0 0 0 0 0 0 0 0 0 0 0 0 0 0 0 0 27 0 0 0 6 0 20 6 12 13 0 0 0 0 0 12
7 0 49 9 4 0 0 0 0 0 0 0 0 0 0 0 0 0 0 0 0 0 20 0 4 0 0 0 0 11 0 34 0 8 27 46 0 2 0 42 0
0 0 0 0 0 0 0 0 0 0 0 0 0 0 0 0 0 0 0 0 0 0 0 0 0 35 1 2 0 0 0 32 6 7 5 6 0 0 0 1 20
7 0 36 6 15 0 0 0 0 0 0 0 0 0 0 0 0 0 0 0 0 0 4 0 0 10 0 0 0 17 0 14 5 12 16 0 0 0 0 0 3
4 0 38 2 0 0 0 0 0 0 0 0 0 0 0 0 0 0 0 0 0 0 18 0 12 0 0 0 0 5 0 31 0 3 46 68 0 1 0 60 0
6 0 46 7 0 0 0 0 0 0 0 0 0 0 0 0 0 0 0 0 0 0 20 0 6 0 0 0 0 10 0 35 0 7 34 52 0 2 0 48 0
10 0 52 10 11 0 0 0 0 0 0 0 0 0 0 0 0 0 0 0 0 0 17 0 1 0 0 0 0 17 0 32 1 12 25 31 0 1 0 29 0
9 0 51 11 11 0 0 0 0 0 0 0 0 0 0 0 0 0 0 0 0 0 16 0 0 0 0 0 0 17 0 29 0 11 22 29 0 1 0 27 0
0 0 0 0 0 0 0 0 0 0 0 0 0 0 0 0 0 0 0 0 0 0 0 0 0 34 0 1 0 0 0 29 6 10 10 3 0 0 0 0 18
10 0 49 9 14 0 0 0 0 0 0 0 0 0 0 0 0 0 0 0 0 0 11 0 0 0 0 0 0 19 0 18 3 11 19 15 0 0 0 15 0
1 0 13 1 8 0 0 0 0 0 0 0 0 0 0 0 0 0 0 0 0 0 0 0 0 24 0 0 0 8 0 18 6 12 13 0 0 0 0 0 10
0 0 0 0 3 0 0 0 0 0 0 0 0 0 0 0 0 0 0 0 0 0 0 0 0 30 0 0 0 1 0 24 6 12 12 0 0 0 0 0 14
0 0 0 0 0 0 0 0 0 0 0 0 0 0 0 0 0 0 0 0 0 0 0 0 0 33 0 0 0 0 0 27 6 11 10 2 0 0 0 0 17
9 0 51 10 7 0 0 0 0 0 0 0 0 0 0 0 0 0 0 0 0 0 19 0 2 0 0 0 0 15 0 34 0 10 23 39 0 2 0 36 0
0 0 0 0 0 0 0 0 0 0 0 0 0 0 0 0 0 0 0 0 0 0 0 0 0 35 1 3 0 0 0 33 6 6 2 7 0 0 0 1 20
0 0 0 0 0 0 0 0 0 0 0 0 0 0 0 0 0 0 0 0 0 0 0 0 0 37 1 4 0 0 0 35 6 5 0 8 0 0 0 1 20
0 0 0 0 0 0 0 0 0 0 0 0 0 0 0 0 0 0 0 0 0 0 0 0 0 35 1 2 0 0 0 31 6 7 5 6 0 0 0 1 19
8 0 49 9 4 0 0 0 0 0 0 0 0 0 0 0 0 0 0 0 0 0 20 0 4 0 0 0 0 12 0 35 0 9 28 44 0 2 0 41 0
10 0 51 10 10 0 0 0 0 0 0 0 0 0 0 0 0 0 0 0 0 0 16 0 0 0 0 0 0 16 0 29 0 11 22 30 0 1 0 28 0
0 0 0 0 0 0 0 0 0 0 0 0 0 0 0 0 0 0 0 0 0 0 0 0 0 36 1 2 0 0 0 33 6 6 2 7 0 0 0 1 19
7 0 37 6 16 0 0 0 0 0 0 0 0 0 0 0 0 0 0 0 0 0 4 0 0 9 0 0 0 17 0 14 6 13 16 0 0 0 0 1 3
10 0 50 10 11 0 0 0 0 0 0 0 0 0 0 0 0 0 0 0 0 0 15 0 0 0 0 0 0 17 0 26 0 11 21 26 0 0 0 24 0
0 0 0 0 3 0 0 0 0 0 0 0 0 0 0 0 0 0 0 0 0 0 0 0 0 31 0 0 0 2 0 23 6 12 12 0 0 0 0 0 14
0 0 0 0 2 0 0 0 0 0 0 0 0 0 0 0 0 0 0 0 0 0 0 0 0 31 0 0 0 1 0 24 6 12 11 0 0 0 0 0 14
5 0 40 3 0 0 0 0 0 0 0 0 0 0 0 0 0 0 0 0 0 0 17 0 10 0 0 0 0 6 0 30 0 4 44 62 0 1 0 56 0
4 0 26 4 12 0 0 0 0 0 0 0 0 0 0 0 0 0 0 0 0 0 1 0 0 16 0 0 0 13 0 16 6 13 15 0 0 0 0 0 6
0 0 0 0 0 0 0 0 0 0 0 0 0 0 0 0 0 0 0 0 0 0 0 0 0 34 0 1 0 0 0 29 6 10 10 4 0 0 0 0 18
6 0 44 7 0 0 0 0 0 0 0 0 0 0 0 0 0 0 0 0 0 0 19 0 7 0 0 0 0 8 0 33 0 6 35 54 0 2 0 50 0
10 0 50 10 14 0 0 0 0 0 0 0 0 0 0 0 0 0 0 0 0 0 12 0 0 0 0 0 0 19 0 22 2 11 20 19 0 0 0 18 0
7 0 36 6 15 0 0 0 0 0 0 0 0 0 0 0 0 0 0 0 0 0 4 0 0 10 0 0 0 17 0 15 6 13 17 1 0 0 0 1 4
0 0 0 0 0 0 0 0 0 0 0 0 0 0 0 0 0 0 0 0 0 0 0 0 0 35 1 2 0 0 0 31 6 8 6 5 0 0 0 1 19
6 0 34 6 14 0 0 0 0 0 0 0 0 0 0 0 0 0 0 0 0 0 3 0 0 11 0 0 0 16 0 15 6 13 17 0 0 0 0 1 4
0 0 0 0 0 0 0 0 0 0 0 0 0 0 0 0 0 0 0 0 0 0 0 0 0 39 2 6 0 0 0 39 5 1 0 10 0 0 0 0 21
0 0 0 0 0 0 0 0 0 0 0 0 0 0 0 0 0 0 0 0 0 0 0 0 0 38 2 5 0 0 0 37 6 2 0 9 0 0 0 0 20
0 0 0 0 0 0 0 0 0 0 0 0 0 0 0 0 0 0 0 0 0 0 0 0 0 35 0 2 0 0 0 31 7 8 6 6 0 0 0 1 19
7 0 39 7 16 0 0 0 0 0 0 0 0 0 0 0 0 0 0 0 0 0 5 0 0 5 0 0 0 17 0 14 5 12 16 3 0 0 0 3 2
2 0 16 2 9 0 0 0 0 0 0 0 0 0 0 0 0 0 0 0 0 0 0 0 0 22 0 0 0 9 0 18 6 12 13 0 0 0 0 0 9
0 0 0 0 0 0 0 0 0 0 0 0 0 0 0 0 0 0 0 0 0 0 0 0 0 37 2 4 0 0 0 36 6 3 0 8 0 0 0 1 20
1 0 11 1 7 0 0 0 0 0 0 0 0 0 0 0 0 0 0 0 0 0 0 0 0 24 0 0 0 7 0 20 6 12 13 0 0 0 0 0 10
5 0 41 4 0 0 0 0 0 0 0 0 0 0 0 0 0 0 0 0 0 0 18 0 10 0 0 0 0 7 0 33 0 4 42 63 0 1 0 56 0
0 0 0 0 0 0 0 0 0 0 0 0 0 0 0 0 0 0 0 0 0 0 0 0 0 34 0 1 0 0 0 30 5 9 8 4 0 0 0 1 19
0 0 0 0 0 0 0 0 0 0 0 0 0 0 0 0 0 0 0 0 0 0 0 0 1 44 3 9 0 0 0 42 5 0 0 11 0 0 1 0 22
10 0 52 10 10 0 0 0 0 0 0 0 0 0 0 0 0 0 0 0 0 0 17 0 0 0 0 0 0 16 0 29 0 11 22 30 0 1 0 29 0
3 0 36 1 0 0 0 0 0 0 0 0 0 0 0 0 0 0 0 0 0 0 17 0 14 0 0 0 0 4 0 31 0 1 49 72 0 1 0 63 0
0 0 0 0 0 0 0 0 0 0 0 0 0 0 0 0 0 0 0 0 0 0 0 0 0 37 2 4 0 0 0 36 6 4 0 9 0 0 0 1 20
0 0 0 0 0 0 0 0 0 0 0 0 0 0 0 0 0 0 0 0 0 0 0 0 2 45 3 9 0 0 0 43 5 0 0 11 0 0 1 0 23
0 0 0 0 0 0 0 0 0 0 0 0 0 0 0 0 0 0 0 0 0 0 0 0 0 36 1 3 0 0 0 34 6 6 1 7 0 0 0 1 20
6 0 46 7 1 0 0 0 0 0 0 0 0 0 0 0 0 0 0 0 0 0 19 0 6 0 0 0 0 9 0 35 0 7 34 52 0 2 0 47 0
8 0 48 9 5 0 0 0 0 0 0 0 0 0 0 0 0 0 0 0 0 0 19 0 4 0 0 0 0 12 0 34 0 9 27 43 0 2 0 40 0
0 0 0 0 0 0 0 0 0 0 0 0 0 0 0 0 0 0 0 0 0 0 0 0 1 42 2 8 0 0 0 40 6 0 0 10 0 0 0 0 22
7 0 46 7 0 0 0 0 0 0 0 0 0 0 0 0 0 0 0 0 0 0 19 0 6 0 0 0 0 9 0 32 0 6 33 51 0 2 0 47 0
9 0 45 8 16 0 0 0 0 0 0 0 0 0 0 0 0 0 0 0 0 0 8 0 0 0 0 0 0 19 0 14 4 11 17 7 0 0 0 7 0
6 0 36 6 15 0 0 0 0 0 0 0 0 0 0 0 0 0 0 0 0 0 3 0 0 10 0 0 0 17 0 15 6 13 17 1 0 0 0 1 4
0 0 0 0 1 0 0 0 0 0 0 0 0 0 0 0 0 0 0 0 0 0 0 0 0 32 0 0 0 0 0 25 7 12 11 1 0 0 0 0 15
6 0 32 5 15 0 0 0 0 0 0 0 0 0 0 0 0 0 0 0 0 0 3 0 0 13 0 0 0 16 0 16 5 13 15 0 0 0 0 0 4
0 0 0 0 0 0 0 0 0 0 0 0 0 0 0 0 0 0 0 0 0 0 0 0 0 33 0 0 0 0 0 26 6 11 11 1 0 0 0 0 16
10 0 52 10 11 0 0 0 0 0 0 0 0 0 0 0 0 0 0 0 0 0 16 0 0 0 0 0 0 17 0 30 1 12 23 30 0 1 0 27 0
7 0 47 9 4 0 0 0 0 0 0 0 0 0 0 0 0 0 0 0 0 0 19 0 4 0 0 0 0 12 0 34 0 9 30 45 0 2 0 41 0
0 0 0 0 0 0 0 0 0 0 0 0 0 0 0 0 0 0 0 0 0 0 0 0 0 34 0 1 0 0 0 27 6 11 12 2 0 0 0 0 17
6 0 43 5 0 0 0 0 0 0 0 0 0 0 0 0 0 0 0 0 0 0 17 0 8 0 0 0 0 9 0 35 0 7 41 56 0 2 0 50 0
0 0 0 0 0 0 0 0 0 0 0 0 0 0 0 0 0 0 0 0 0 0 0 0 0 36 1 2 0 0 0 32 6 7 4 7 0 0 0 1 20
0 0 0 0 0 0 0 0 0 0 0 0 0 0 0 0 0 0 0 0 0 0 0 0 0 34 0 1 0 0 0 28 6 10 9 3 0 0 0 0 17
0 0 0 0 0 0 0 0 0 0 0 0 0 0 0 0 0 0 0 0 0 0 0 0 0 33 0 0 0 0 0 26 6 11 12 0 0 0 0 0 16
6 0 44 6 0 0 0 0 0 0 0 0 0 0 0 0 0 0 0 0 0 0 18 0 8 0 0 0 0 8 0 32 0 5 36 55 0 2 0 49 0
0 0 0 0 0 0 0 0 0 0 0 0 0 0 0 0 0 0 0 0 0 0 0 0 0 37 1 3 0 0 0 34 6 5 0 8 0 0 0 1 20
6 0 43 6 0 0 0 0 0 0 0 0 0 0 0 0 0 0 0 0 0 0 18 0 8 0 0 0 0 8 0 34 0 6 38 57 0 2 0 51 0
6 0 33 6 14 0 0 0 0 0 0 0 0 0 0 0 0 0 0 0 0 0 3 0 0 10 0 0 0 15 0 15 5 13 16 2 0 0 0 1 3
0 0 0 0 0 0 0 0 0 0 0 0 0 0 0 0 0 0 0 0 0 0 0 0 0 41 2 7 0 0 0 40 6 0 0 10 0 0 0 0 21
0 0 0 0 0 0 0 0 0 0 0 0 0 0 0 0 0 0 0 0 0 0 0 0 0 34 0 0 0 0 0 27 6 11 11 2 0 0 0 0 17
6 0 45 7 0 0 0 0 0 0 0 0 0 0 0 0 0 0 0 0 0 0 19 0 7 0 0 0 0 9 0 35 0 6 36 56 0 2 0 50 0
0 0 5 0 6 0 0 0 0 0 0 0 0 0 0 0 0 0 0 0 0 0 0 0 0 28 0 0 0 5 0 22 6 12 12 0 0 0 0 0 13
3 0 34 1 0 0 0 0 0 0 0 0 0 0 0 0 0 0 0 0 0 0 17 0 14 0 0 0 0 3 0 30 0 1 50 73 0 0 0 63 0
10 0 51 10 10 0 0 0 0 0 0 0 0 0 0 0 0 0 0 0 0 0 17 0 0 0 0 0 0 16 0 31 0 11 23 31 0 1 0 29 0
0 0 0 0 3 0 0 0 0 0 0 0 0 0 0 0 0 0 0 0 0 0 0 0 0 30 0 0 0 2 0 25 6 12 11 1 0 0 0 0 13
7 0 48 9 2 0 0 0 0 0 0 0 0 0 0 0 0 0 0 0 0 0 20 0 5 0 0 0 0 10 0 32 0 7 28 48 0 2 0 44 0
10 0 51 11 9 0 0 0 0 0 0 0 0 0 0 0 0 0 0 0 0 0 18 0 1 0 0 0 0 16 0 31 0 10 22 33 0 1 0 30 0
0 0 0 0 0 0 0 0 0 0 0 0 0 0 0 0 0 0 0 0 0 0 0 0 0 33 0 0 0 0 0 27 6 11 11 2 0 0 0 0 17
0 0 0 0 0 0 0 0 0 0 0 0 0 0 0 0 0 0 0 0 0 0 0 0 0 32 0 0 0 0 0 25 6 11 11 1 0 0 0 0 15
9 0 46 9 16 0 0 0 0 0 0 0 0 0 0 0 0 0 0 0 0 0 9 0 0 0 0 0 0 20 0 17 4 12 19 9 0 0 0 9 0
0 0 0 0 0 0 0 0 0 0 0 0 0 0 0 0 0 0 0 0 0 0 0 0 0 35 0 1 0 0 0 30 6 9 8 4 0 0 0 0 19
9 0 52 10 8 0 0 0 0 0 0 0 0 0 0 0 0 0 0 0 0 0 19 0 1 0 0 0 0 15 0 33 0 10 23 37 0 2 0 35 0
0 0 6 0 6 0 0 0 0 0 0 0 0 0 0 0 0 0 0 0 0 0 0 0 0 27 0 0 0 5 0 23 6 12 12 0 0 0 0 0 11
0 0 0 0 3 0 0 0 0 0 0 0 0 0 0 0 0 0 0 0 0 0 0 0 0 30 0 0 0 2 0 24 6 12 11 0 0 0 0 0 14
9 0 51 10 7 0 0 0 0 0 0 0 0 0 0 0 0 0 0 0 0 0 19 0 2 0 0 0 0 14 0 34 0 10 24 38 0 2 0 35 0
0 0 0 0 0 0 0 0 0 0 0 0 0 0 0 0 0 0 0 0 0 0 0 0 0 37 1 4 0 0 0 35 6 4 0 8 0 0 0 1 20
0 0 0 0 0 0 0 0 0 0 0 0 0 0 0 0 0 0 0 0 0 0 0 0 0 36 1 3 0 0 0 34 6 6 2 8 0 0 0 1 20
1 0 12 1 8 0 0 0 0 0 0 0 0 0 0 0 0 0 0 0 0 0 0 0 0 25 0 0 0 7 0 19 6 12 13 0 0 0 0 0 10
0 0 0 0 1 0 0 0 0 0 0 0 0 0 0 0 0 0 0 0 0 0 0 0 0 31 0 0 0 0 0 25 6 11 11 1 0 0 0 0 15
10 0 48 9 16 0 0 0 0 0 0 0 0 0 0 0 0 0 0 0 0 0 10 0 0 0 0 0 0 20 0 18 3 12 19 12 0 0 0 12 0
0 0 1 0 4 0 0 0 0 0 0 0 0 0 0 0 0 0 0 0 0 0 0 0 0 29 0 0 0 3 0 23 6 12 12 0 0 0 0 0 13
8 0 49 9 5 0 0 0 0 0 0 0 0 0 0 0 0 0 0 0 0 0 20 0 4 0 0 0 0 12 0 33 0 9 27 43 0 2 0 40 0
3 0 34 1 0 0 0 0 0 0 0 0 0 0 0 0 0 0 0 0 0 0 17 0 15 0 0 0 0 3 0 29 0 1 50 73 0 0 0 64 0
9 0 46 8 16 0 0 0 0 0 0 0 0 0 0 0 0 0 0 0 0 0 7 0 0 0 0 0 0 20 0 15 5 12 19 6 0 0 0 7 0
7 0 38 6 16 0 0 0 0 0 0 0 0 0 0 0 0 0 0 0 0 0 4 0 0 7 0 0 0 18 0 13 5 12 16 0 0 0 0 1 2
8 0 39 7 16 0 0 0 0 0 0 0 0 0 0 0 0 0 0 0 0 0 5 0 0 5 0 0 0 17 0 14 4 12 17 2 0 0 0 3 2
4 0 38 2 0 0 0 0 0 0 0 0 0 0 0 0 0 0 0 0 0 0 18 0 12 0 0 0 0 5 0 31 0 2 47 68 0 1 0 60 0
0 0 0 0 0 0 0 0 0 0 0 0 0 0 0 0 0 0 0 0 0 0 0 0 0 36 1 3 0 0 0 34 6 5 0 8 0 0 0 1 20
0 0 0 0 1 0 0 0 0 0 0 0 0 0 0 0 0 0 0 0 0 0 0 0 0 31 0 0 0 0 0 25 6 12 11 1 0 0 0 0 14
6 0 30 5 14 0 0 0 0 0 0 0 0 0 0 0 0 0 0 0 0 0 2 0 0 15 0 0 0 15 0 17 6 13 16 0 0 0 0 0 6
10 0 51 10 11 0 0 0 0 0 0 0 0 0 0 0 0 0 0 0 0 0 16 0 0 0 0 0 0 17 0 26 0 11 20 27 0 0 0 25 0
0 0 0 0 0 0 0 0 0 0 0 0 0 0 0 0 0 0 0 0 0 0 0 0 0 37 1 4 0 0 0 35 6 4 0 8 0 0 0 1 20
0 0 0 0 0 0 0 0 0 0 0 0 0 0 0 0 0 0 0 0 0 0 0 0 1 43 2 8 0 0 0 41 6 0 0 10 0 0 0 0 22
0 0 0 0 0 0 0 0 0 0 0 0 0 0 0 0 0 0 0 0 0 0 0 0 0 37 2 4 0 0 0 35 6 5 0 9 0 0 0 1 20
6 0 34 6 14 0 0 0 0 0 0 0 0 0 0 0 0 0 0 0 0 0 3 0 0 9 0 0 0 16 0 14 5 12 16 0 0 0 0 0 4
6 0 34 5 14 0 0 0 0 0 0 0 0 0 0 0 0 0 0 0 0 0 3 0 0 9 0 0 0 16 0 14 5 12 16 0 0 0 0 0 3
0 0 0 0 0 0 0 0 0 0 0 0 0 0 0 0 0 0 0 0 0 0 0 0 0 36 1 2 0 0 0 33 7 7 4 6 0 0 0 1 20
8 0 50 9 4 0 0 0 0 0 0 0 0 0 0 0 0 0 0 0 0 0 20 0 4 0 0 0 0 12 0 34 0 8 26 44 0 2 0 41 0
7 0 37 6 15 0 0 0 0 0 0 0 0 0 0 0 0 0 0 0 0 0 4 0 0 9 0 0 0 17 0 17 6 13 19 3 0 0 0 3 4
9 0 51 10 8 0 0 0 0 0 0 0 0 0 0 0 0 0 0 0 0 0 19 0 2 0 0 0 0 15 0 34 0 11 24 37 0 2 0 34 0
10 0 49 10 14 0 0 0 0 0 0 0 0 0 0 0 0 0 0 0 0 0 13 0 0 0 0 0 0 18 0 25 3 13 21 21 0 0 0 19 0
5 0 41 4 0 0 0 0 0 0 0 0 0 0 0 0 0 0 0 0 0 0 18 0 9 0 0 0 0 8 0 34 0 5 42 60 0 2 0 53 0
8 0 49 10 6 0 0 0 0 0 0 0 0 0 0 0 0 0 0 0 0 0 19 0 3 0 0 0 0 13 0 33 0 9 26 40 0 2 0 38 0
0 0 0 0 1 0 0 0 0 0 0 0 0 0 0 0 0 0 0 0 0 0 0 0 0 31 0 0 0 0 0 25 6 11 10 1 0 0 0 0 15
10 0 51 10 10 0 0 0 0 0 0 0 0 0 0 0 0 0 0 0 0 0 17 0 0 0 0 0 0 16 0 31 0 11 22 32 0 0 0 30 0
9 0 45 9 17 0 0 0 0 0 0 0 0 0 0 0 0 0 0 0 0 0 8 0 0 0 0 0 0 20 0 15 4 12 18 6 0 0 0 7 0
7 0 48 9 3 0 0 0 0 0 0 0 0 0 0 0 0 0 0 0 0 0 20 0 5 0 0 0 0 11 0 35 0 8 30 46 0 2 0 43 0
5 0 40 4 0 0 0 0 0 0 0 0 0 0 0 0 0 0 0 0 0 0 18 0 10 0 0 0 0 7 0 33 0 4 43 63 0 1 0 56 0
10 0 52 10 11 0 0 0 0 0 0 0 0 0 0 0 0 0 0 0 0 0 17 0 0 0 0 0 0 17 0 31 1 12 23 30 0 1 0 28 0
0 0 0 0 0 0 0 0 0 0 0 0 0 0 0 0 0 0 0 0 0 0 0 0 0 35 0 1 0 0 0 29 7 9 8 3 0 0 0 0 18
9 0 43 8 16 0 0 0 0 0 0 0 0 0 0 0 0 0 0 0 0 0 7 0 0 1 0 0 0 19 0 15 4 12 17 5 0 0 0 5 0
0 0 0 0 0 0 0 0 0 0 0 0 0 0 0 0 0 0 0 0 0 0 0 0 1 42 2 7 0 0 0 40 5 0 0 11 0 0 0 0 21
10 0 50 10 13 0 0 0 0 0 0 0 0 0 0 0 0 0 0 0 0 0 12 0 0 0 0 0 0 18 0 21 2 11 20 19 0 0 0 19 0
0 0 0 0 0 0 0 0 0 0 0 0 0 0 0 0 0 0 0 0 0 0 0 0 0 33 0 0 0 0 0 26 6 11 10 2 0 0 0 0 16
1 0 15 2 8 0 0 0 0 0 0 0 0 0 0 0 0 0 0 0 0 0 0 0 0 23 0 0 0 9 0 20 6 12 13 0 0 0 0 0 10
6 0 46 7 0 0 0 0 0 0 0 0 0 0 0 0 0 0 0 0 0 0 20 0 7 0 0 0 0 10 0 36 0 7 34 54 0 2 0 49 0
9 0 47 9 16 0 0 0 0 0 0 0 0 0 0 0 0 0 0 0 0 0 9 0 0 0 0 0 0 19 0 16 3 11 18 9 0 0 0 9 0
