0 1 9 0 0 0 0 0 0 1 0 0 0 0 0 2 0 0 0 0 0 0 0 0 0 0 0 0 0 0 0 0 0 1 12 16 0 0 0 0 0
0 0 0 0 0 0 0 0 0 0 0 0 0 0 0 0 0 0 0 0 0 0 0 0 0 0 0 0 0 0 0 2 0 0 0 6 0 0 0 12 0
0 3 24 4 0 0 0 0 0 5 0 0 0 0 0 18 0 0 0 0 0 0 0 0 2 0 0 0 0 0 2 0 0 13 21 2 0 0 0 0 0
0 0 2 0 0 0 0 0 0 0 0 0 0 0 0 0 0 0 0 0 0 0 0 0 0 0 0 0 0 0 0 0 0 0 8 21 1 0 0 0 0
2 0 0 0 0 0 0 0 2 0 0 0 0 0 2 0 0 0 0 0 0 0 1 0 0 0 1 0 0 0 0 4 0 0 0 0 0 0 0 21 0
7 0 8 4 0 0 0 0 8 0 0 0 0 0 16 12 0 0 0 0 0 0 0 0 0 0 3 0 0 2 6 9 0 9 0 0 0 0 0 9 0
0 0 0 0 0 0 0 0 0 0 0 0 0 0 0 0 0 0 0 0 0 0 0 0 0 0 0 0 0 0 0 0 0 0 0 9 0 0 0 10 0
0 0 0 0 0 0 0 0 0 0 0 0 0 0 0 0 0 0 0 0 0 0 0 0 0 0 0 0 0 0 0 1 0 0 0 7 0 0 0 12 0
2 0 0 0 0 0 0 0 2 0 0 0 0 0 5 1 0 0 0 0 0 0 0 0 0 0 1 0 0 0 0 5 0 1 0 0 0 0 0 17 0
0 0 8 0 0 0 0 0 0 1 0 0 0 0 0 4 0 0 0 0 0 0 0 0 0 0 0 0 0 0 0 0 0 3 9 8 0 0 0 0 0
0 1 13 1 0 0 0 0 0 2 0 0 0 0 0 6 0 0 0 0 0 0 0 0 1 0 0 0 0 0 0 0 0 4 14 12 0 0 0 0 0
4 0 0 0 0 0 0 0 6 0 0 0 0 0 9 0 0 0 0 0 0 0 1 0 0 0 3 0 0 1 1 6 0 0 0 0 0 0 0 21 0
0 1 9 0 0 0 0 0 0 1 0 0 0 0 0 4 0 0 0 0 0 0 0 0 0 0 0 0 0 0 0 0 0 2 8 9 0 0 0 0 0
3 0 0 0 0 0 0 0 4 0 0 0 0 0 8 3 0 0 0 0 0 1 1 0 0 0 4 0 0 0 0 4 0 0 0 0 0 0 0 19 0
0 1 9 0 0 0 0 0 0 1 0 0 0 0 0 0 0 0 0 0 0 0 0 0 1 0 0 0 0 0 0 0 0 0 13 18 0 0 0 0 0
5 0 0 0 0 0 0 0 8 0 0 0 0 0 12 4 0 0 0 0 0 0 1 0 0 0 4 0 0 1 4 7 0 1 0 0 0 0 0 20 0
2 0 0 0 0 0 0 0 2 0 0 0 0 0 4 0 0 0 0 0 0 0 0 0 0 0 1 0 0 0 0 4 0 0 0 0 0 0 0 16 0
2 0 0 0 0 0 0 0 1 0 0 0 0 0 0 0 0 0 0 0 0 0 0 0 0 0 0 0 0 0 0 3 0 0 0 3 0 0 0 17 0
0 0 4 0 0 0 0 0 0 0 0 0 0 0 0 0 0 0 0 0 0 0 0 0 0 0 0 0 0 0 0 0 0 0 8 16 0 0 0 0 0
0 0 7 0 0 0 0 0 0 0 0 0 0 0 0 0 0 0 0 0 0 0 0 0 0 0 0 0 0 0 0 0 0 0 12 20 0 0 0 0 0
6 0 0 0 0 0 0 0 10 0 0 0 0 0 11 0 0 0 0 0 0 0 3 0 0 0 4 0 0 2 2 8 0 0 0 0 0 0 0 25 0
6 0 0 2 0 0 0 0 10 0 0 0 0 0 15 6 0 0 0 0 0 0 1 0 0 0 4 0 0 2 6 9 0 5 0 0 0 0 0 15 0
1 0 0 0 0 0 0 0 0 0 0 0 0 0 2 0 0 0 0 0 0 0 0 0 0 0 0 0 0 0 0 2 0 0 0 2 0 0 0 13 0
0 0 0 0 0 0 0 0 0 0 0 0 0 0 0 0 0 0 0 0 0 0 0 0 0 0 0 0 0 0 0 1 0 0 1 9 0 0 0 11 0
1 0 1 0 0 0 0 0 1 0 0 0 0 0 2 0 0 0 0 0 0 0 0 0 0 0 0 0 0 0 0 2 0 1 2 2 0 0 0 10 0
0 0 0 0 0 0 0 0 0 0 0 0 0 0 0 0 0 0 0 0 0 0 0 0 0 0 0 0 0 0 0 0 0 0 3 13 0 0 0 4 0
0 0 1 0 0 0 0 0 0 0 0 0 0 0 0 0 0 0 0 0 0 0 0 0 0 0 0 0 0 0 0 0 0 0 6 16 1 0 0 0 0
0 2 16 1 0 0 0 0 0 3 0 0 0 0 0 0 0 0 0 0 0 0 0 0 1 0 0 0 0 0 0 0 1 1 26 35 0 0 0 0 0
3 0 0 0 0 0 0 0 5 0 0 0 0 0 8 1 0 0 0 0 0 0 0 0 0 0 1 0 0 1 2 7 0 2 0 0 0 0 0 19 0
0 1 15 1 0 0 0 0 0 3 0 0 0 0 0 2 0 0 0 0 0 0 0 0 1 0 0 0 0 0 0 0 0 3 21 24 0 0 0 0 0
2 0 0 0 0 0 0 0 4 0 0 0 0 0 4 0 0 0 0 0 0 0 1 1 0 0 2 0 0 1 0 4 0 0 0 0 0 0 0 20 0
7 0 0 2 0 0 0 0 11 0 0 0 0 0 17 5 0 0 0 0 0 0 1 0 0 0 5 0 0 3 6 10 0 3 0 0 0 0 0 19 0
0 1 15 2 0 0 0 0 0 2 0 0 0 0 0 10 0 0 0 0 0 0 0 0 1 0 0 0 0 0 0 0 0 7 15 7 0 0 0 0 0
0 2 16 1 0 0 0 0 0 4 0 0 0 0 0 1 0 0 0 0 0 0 0 0 1 0 0 0 0 0 0 0 1 2 24 29 0 0 0 0 0
4 0 4 0 0 0 0 0 4 0 0 0 0 0 11 8 0 0 0 0 0 0 0 0 0 0 3 0 0 1 3 6 0 5 0 0 0 0 0 13 0
0 1 12 0 0 0 0 0 0 2 0 0 0 0 0 8 0 0 0 0 0 0 0 0 0 0 0 0 0 0 0 0 0 5 10 6 0 0 0 0 0
0 0 0 0 0 0 0 0 0 0 0 0 0 0 0 0 0 0 0 0 0 0 0 0 0 0 0 0 0 0 0 1 0 0 0 8 0 0 0 14 0
1 0 0 0 0 0 0 0 0 0 0 0 0 0 1 0 0 0 0 0 0 0 0 0 0 0 0 0 0 0 0 3 0 0 0 2 0 0 0 14 0
0 0 7 0 0 0 0 0 0 0 0 0 0 0 0 1 0 0 0 0 0 0 0 0 0 0 0 0 0 0 0 0 0 1 11 15 0 0 0 0 0
6 0 0 0 0 0 0 0 12 0 0 0 0 0 12 0 0 0 0 0 0 0 4 0 0 0 5 0 0 3 4 8 0 0 0 0 0 0 0 26 0
6 0 0 0 0 0 0 0 10 0 0 0 0 0 14 2 0 0 0 0 0 2 2 0 0 0 6 0 0 3 4 8 0 0 0 0 0 0 0 22 0
4 0 0 0 0 0 0 0 6 0 0 0 0 0 7 0 0 0 0 0 0 0 2 0 0 0 2 0 0 0 0 6 0 0 0 0 0 0 0 23 0
1 0 0 0 0 0 0 0 0 0 0 0 0 0 1 0 0 0 0 0 0 0 0 0 0 0 0 0 0 0 0 2 0 0 0 2 0 0 0 18 0
5 0 0 0 0 0 0 0 7 0 0 0 0 0 8 0 0 0 0 0 0 0 3 0 0 0 3 0 0 1 1 6 0 0 0 0 0 0 0 24 0
2 0 0 0 0 0 0 0 2 0 0 0 0 0 3 0 0 0 0 0 0 0 0 0 0 0 0 0 0 0 0 4 0 0 0 0 0 0 0 18 0
0 0 0 0 0 0 0 0 0 0 0 0 0 0 0 0 0 0 0 0 0 0 0 0 0 0 0 0 0 0 0 0 0 0 5 20 0 0 0 0 0
7 0 0 0 0 0 0 0 11 0 0 0 0 0 17 4 0 0 0 0 0 2 3 0 0 0 7 0 0 3 6 9 0 1 0 0 0 0 0 23 0
0 0 0 0 0 0 0 0 0 0 0 0 0 0 0 0 0 0 0 0 0 0 0 0 0 0 0 0 0 0 0 0 0 0 6 22 1 0 0 0 0
0 0 9 0 0 0 0 0 0 1 0 0 0 0 0 0 0 0 0 0 0 0 0 0 1 0 0 0 0 0 0 0 0 0 17 28 1 0 0 0 0
0 0 0 0 0 0 0 0 0 0 0 0 0 0 0 0 0 0 0 0 0 0 0 0 0 0 0 0 0 0 0 0 0 0 0 14 0 0 0 6 0
6 1 8 4 0 0 0 0 7 0 0 0 0 0 15 11 0 0 0 0 0 0 0 0 0 0 2 0 0 2 6 8 0 9 2 0 0 0 0 8 0
7 0 0 0 0 0 0 0 11 0 0 0 0 0 16 2 0 0 0 0 0 2 3 0 0 0 7 0 0 3 5 9 0 0 0 0 0 0 0 25 0
0 0 0 0 0 0 0 0 0 0 0 0 0 0 0 0 0 0 0 0 0 0 0 0 0 0 0 0 0 0 0 1 0 0 0 9 0 0 0 10 0
3 0 3 0 0 0 0 0 3 0 0 0 0 0 8 6 0 0 0 0 0 0 0 0 0 0 2 0 0 0 1 5 0 3 0 0 0 0 0 14 0
3 0 0 0 0 0 0 0 4 0 0 0 0 0 9 4 0 0 0 0 0 0 0 0 0 0 2 0 0 0 2 6 0 2 0 0 0 0 0 17 0
0 0 5 0 0 0 0 0 0 0 0 0 0 0 0 1 0 0 0 0 0 0 0 0 0 0 0 0 0 0 0 0 0 1 8 11 0 0 0 0 0
7 0 0 0 0 0 0 0 11 0 0 0 0 0 15 1 0 0 0 0 0 1 3 0 0 0 6 0 0 3 5 9 0 0 0 0 0 0 0 23 0
6 0 0 1 0 0 0 0 9 0 0 0 0 0 14 6 0 0 0 0 0 0 1 0 0 0 4 0 0 2 5 8 0 4 0 0 0 0 0 17 0
1 1 11 1 0 0 0 0 0 1 0 0 0 0 4 9 0 0 0 0 0 0 0 0 0 0 0 0 0 0 1 1 0 6 8 0 0 0 0 0 0
0 0 1 0 0 0 0 0 0 0 0 0 0 0 0 0 0 0 0 0 0 0 0 0 0 0 0 0 0 0 0 0 0 0 10 25 1 0 0 0 0
5 0 0 0 0 0 0 0 8 0 0 0 0 0 11 1 0 0 0 0 0 1 2 0 0 0 5 0 0 1 3 6 0 0 0 0 0 0 0 21 0
1 0 0 0 0 0 0 0 0 0 0 0 0 0 0 0 0 0 0 0 0 0 0 0 0 0 0 0 0 0 0 2 0 0 0 4 0 0 0 15 0
2 0 0 0 0 0 0 0 2 0 0 0 0 0 6 1 0 0 0 0 0 0 0 0 0 0 2 0 0 0 0 4 0 0 0 0 0 0 0 18 0
0 1 7 0 0 0 0 0 0 1 0 0 0 0 1 4 0 0 0 0 0 0 0 0 0 0 0 0 0 0 0 1 0 3 6 5 0 0 0 2 0
2 0 0 0 0 0 0 0 1 0 0 0 0 0 0 0 0 0 0 0 0 0 1 0 0 0 0 0 0 0 0 2 0 0 0 3 0 0 0 16 0
4 0 0 0 0 0 0 0 6 0 0 0 0 0 7 0 0 0 0 0 0 0 2 1 0 0 2 0 0 0 0 6 0 0 0 0 0 0 0 25 0
0 0 1 0 0 0 0 0 0 0 0 0 0 0 3 1 0 0 0 0 0 0 0 0 0 0 0 0 0 0 0 2 0 0 0 2 0 0 0 13 0
0 0 5 0 0 0 0 0 0 0 0 0 0 0 0 0 0 0 0 0 0 0 0 0 0 0 0 0 0 0 0 0 0 0 11 22 0 0 0 0 0
0 2 19 2 0 0 0 0 0 4 0 0 0 0 0 11 0 0 0 0 0 0 0 0 1 0 0 0 0 0 0 0 0 7 19 11 0 0 0 0 0
0 0 0 0 0 0 0 0 0 0 0 0 0 0 0 0 0 0 0 0 0 0 0 0 0 0 0 0 0 0 0 0 0 0 0 7 0 0 0 12 0
0 0 6 0 0 0 0 0 0 0 0 0 0 0 0 0 0 0 0 0 0 0 0 0 0 0 0 0 0 0 0 0 0 0 10 16 0 0 0 0 0
1 0 0 0 0 0 0 0 2 0 0 0 0 0 4 0 0 0 0 0 0 0 0 0 0 0 1 0 0 0 0 3 0 0 0 0 0 0 0 15 0
0 3 21 3 0 0 0 0 0 5 0 0 0 0 0 11 0 0 0 0 0 1 0 0 2 0 0 0 0 0 0 0 0 8 21 12 0 0 0 0 0
4 0 0 0 0 0 0 0 7 0 0 0 0 0 9 0 0 0 0 0 0 0 1 0 0 0 3 0 0 1 1 6 0 0 0 0 0 0 0 20 0
7 1 7 3 0 0 0 0 8 0 0 0 0 0 18 12 0 0 0 0 0 1 0 0 0 0 4 0 0 2 6 9 0 9 0 0 0 0 0 11 0
4 0 0 0 0 0 0 0 5 0 0 0 0 0 9 1 0 0 0 0 0 0 1 0 0 0 4 0 0 1 1 5 0 0 0 0 0 0 0 21 0
0 3 27 6 0 0 0 0 0 5 0 0 0 0 0 21 0 0 0 0 0 0 0 1 2 0 0 0 0 0 2 0 0 15 24 1 0 0 0 0 0
0 2 18 2 0 0 0 0 0 4 0 0 0 0 0 11 0 0 0 0 0 0 0 0 1 0 0 0 0 0 0 0 0 8 18 8 0 0 0 0 0
0 0 4 0 0 0 0 0 0 0 0 0 0 0 0 1 0 0 0 0 0 0 0 0 0 0 0 0 0 0 0 0 0 0 5 9 0 0 0 4 0
1 0 5 0 0 0 0 0 1 0 0 0 0 0 5 5 0 0 0 0 0 0 0 0 0 0 1 0 0 0 1 3 0 3 3 0 0 0 0 9 0
5 0 4 1 0 0 0 0 7 0 0 0 0 0 14 8 0 0 0 0 0 0 0 0 0 0 3 0 0 1 5 8 0 6 0 0 0 0 0 14 0
3 1 15 3 0 0 0 0 3 2 0 0 0 0 9 14 0 0 0 0 0 0 0 0 0 0 1 0 0 0 3 3 0 10 9 0 0 0 0 0 0
0 2 17 2 0 0 0 0 0 3 0 0 0 0 3 14 0 0 0 0 0 0 0 0 1 0 0 0 0 0 2 0 0 10 14 0 0 0 0 0 0
0 0 3 0 0 0 0 0 0 0 0 0 0 0 0 0 0 0 0 0 0 0 0 0 0 0 0 0 0 0 0 0 0 0 8 13 0 0 0 0 0
0 1 12 0 0 0 0 0 0 2 0 0 0 0 0 0 0 0 0 0 0 0 0 0 1 0 0 0 0 0 0 0 0 0 19 26 0 0 0 0 0
0 0 4 0 0 0 0 0 0 0 0 0 0 0 1 2 0 0 0 0 0 0 0 0 0 0 0 0 0 0 1 1 0 2 6 4 0 0 0 4 0
2 0 0 0 0 0 0 0 2 0 0 0 0 0 2 0 0 0 0 0 0 0 1 0 0 0 0 0 0 0 0 3 0 0 0 0 0 0 0 20 0
4 0 3 2 0 0 0 0 5 0 0 0 0 0 7 5 0 0 0 0 0 0 0 0 0 0 0 0 0 0 3 6 0 5 2 0 0 0 0 8 0
0 0 6 0 0 0 0 0 0 0 0 0 0 0 0 0 0 0 0 0 0 0 0 0 0 0 0 0 0 0 0 0 0 0 17 31 1 0 0 0 0
0 0 2 0 0 0 0 0 0 0 0 0 0 0 0 0 0 0 0 0 0 0 0 0 0 0 0 0 0 0 0 0 0 0 7 18 0 0 0 0 0
0 4 27 4 0 0 0 0 0 6 0 0 0 0 0 13 0 0 1 0 0 1 0 1 2 0 0 0 0 0 0 0 0 10 29 19 0 0 0 0 0
0 0 0 0 0 0 0 0 0 0 0 0 0 0 0 0 0 0 0 0 0 0 0 0 0 0 0 0 0 0 0 0 0 0 1 14 1 0 0 3 0
3 0 0 0 0 0 0 0 4 0 0 0 0 0 3 0 0 0 0 0 0 0 2 1 0 0 1 0 0 1 0 5 0 0 0 0 0 0 0 22 0
0 1 12 2 0 0 0 0 0 1 0 0 0 0 0 6 0 0 0 0 0 0 0 0 1 0 0 0 0 0 0 0 0 5 14 10 0 0 0 0 0
0 1 9 1 0 0 0 0 0 1 0 0 0 0 0 4 0 0 0 0 0 0 0 0 0 0 0 0 0 0 0 0 0 4 12 10 0 0 0 0 0
5 0 0 0 0 0 0 0 9 0 0 0 0 0 12 2 0 0 0 0 0 1 3 0 0 0 5 0 0 2 4 7 0 0 0 0 0 0 0 23 0
3 0 0 0 0 0 0 0 3 0 0 0 0 0 4 0 0 0 0 0 0 0 1 0 0 0 2 0 0 0 0 5 0 0 0 0 0 0 0 22 0
0 0 5 0 0 0 0 0 0 0 0 0 0 0 0 0 0 0 0 0 0 0 0 0 0 0 0 0 0 0 0 0 0 0 8 14 0 0 0 0 0
0 0 0 0 0 0 0 0 0 0 0 0 0 0 0 0 0 0 0 0 0 0 0 0 0 0 0 0 0 0 0 0 0 0 0 12 0 0 0 11 0
0 0 0 0 0 0 0 0 0 0 0 0 0 0 0 0 0 0 0 0 0 0 1 0 0 0 0 0 0 0 0 2 0 0 0 7 0 0 0 16 0
0 1 10 0 0 0 0 0 0 1 0 0 0 0 0 0 0 0 0 0 0 0 0 0 1 0 0 0 0 0 0 0 0 1 15 20 0 0 0 0 0
4 0 0 0 0 0 0 0 6 0 0 0 0 0 6 0 0 0 0 0 0 0 3 1 0 0 3 0 0 1 0 6 0 0 0 0 0 0 0 24 0
10 0 0 2 0 0 0 0 17 0 0 0 0 0 21 2 0 0 0 0 0 3 4 0 0 0 8 0 0 4 8 13 0 0 0 0 1 0 0 26 2
2 1 16 4 0 0 0 0 0 3 0 0 0 0 2 14 0 0 0 0 0 0 0 0 1 0 0 0 0 0 2 0 0 10 14 0 0 0 0 0 0
6 0 0 0 0 0 0 0 8 0 0 0 0 0 14 6 0 0 0 0 0 1 2 0 0 0 6 0 0 1 4 7 0 3 0 0 0 0 0 20 0
0 1 13 1 0 0 0 0 0 3 0 0 0 0 0 3 0 0 0 0 0 0 0 0 1 0 0 0 0 0 0 0 0 2 18 21 0 0 0 0 0
3 0 0 0 0 0 0 0 6 0 0 0 0 0 9 0 0 0 0 0 0 0 1 0 0 0 3 0 0 1 2 6 0 0 0 0 0 0 0 20 0
2 0 0 0 0 0 0 0 3 0 0 0 0 0 5 2 0 0 0 0 0 0 0 0 0 0 1 0 0 0 0 3 0 1 0 0 0 0 0 13 0
3 0 5 2 0 0 0 0 5 0 0 0 0 0 8 6 0 0 0 0 0 0 0 0 0 0 1 0 0 1 3 5 0 5 4 0 0 0 0 6 0
0 2 23 3 0 0 0 0 0 4 0 0 0 0 3 18 0 0 0 0 0 0 0 0 1 0 0 0 0 0 2 0 0 12 17 0 0 0 0 0 0
0 0 0 0 0 0 0 0 0 0 0 0 0 0 0 0 0 0 0 0 0 0 0 0 0 0 0 0 0 0 0 0 0 0 0 8 0 0 0 9 0
0 0 6 0 0 0 0 0 0 0 0 0 0 0 0 0 0 0 0 0 0 0 0 0 0 0 0 0 0 0 0 0 0 0 9 14 0 0 0 0 0
6 0 0 1 0 0 0 0 8 0 0 0 0 0 16 8 0 0 0 0 0 0 1 0 0 0 5 0 0 2 5 8 0 5 0 0 0 0 0 19 0
2 1 11 1 0 0 0 0 2 1 0 0 0 0 8 11 0 0 0 0 0 0 0 0 0 0 1 0 0 0 3 3 0 8 7 0 0 0 0 3 0
8 0 0 0 0 0 0 0 15 0 0 0 0 0 17 0 0 1 0 0 0 1 5 0 0 0 8 0 0 4 6 11 0 0 0 0 0 0 0 31 1
2 0 0 0 0 0 0 0 3 0 0 0 0 0 4 0 0 0 0 0 0 0 1 0 0 0 0 0 0 0 0 5 0 0 0 0 0 0 0 21 0
8 0 1 2 0 0 0 0 11 0 0 0 0 0 20 11 0 0 0 0 0 1 1 0 0 0 7 0 0 2 7 10 0 6 0 0 0 0 0 18 1
3 0 0 0 0 0 0 0 3 0 0 0 0 0 8 2 0 0 0 0 0 0 0 0 0 0 3 0 0 0 0 4 0 0 0 0 0 0 0 17 0
5 0 0 0 0 0 0 0 8 0 0 0 0 0 11 1 0 0 0 0 0 1 2 0 0 0 4 0 0 2 2 7 0 0 0 0 0 0 0 21 0
0 0 5 0 0 0 0 0 0 0 0 0 0 0 3 4 0 0 0 0 0 0 0 0 0 0 1 0 0 0 0 2 0 2 3 1 0 0 0 8 0
3 0 0 0 0 0 0 0 5 0 0 0 0 0 5 0 0 0 0 0 0 0 1 0 0 0 1 0 0 1 0 5 0 0 0 0 0 0 0 21 0
0 0 0 0 0 0 0 0 0 0 0 0 0 0 0 0 0 0 0 0 0 0 0 0 0 0 0 0 0 0 0 0 0 0 7 24 0 0 0 0 0
0 0 0 0 0 0 0 0 0 0 0 0 0 0 0 0 0 0 0 0 0 0 0 0 0 0 0 0 0 0 0 0 0 0 2 15 0 0 0 5 0
0 2 21 2 0 0 0 0 0 4 0 0 0 0 0 5 0 0 0 0 0 0 0 0 2 0 0 0 0 0 0 0 1 5 25 26 0 0 0 0 0
0 0 11 0 0 0 0 0 0 2 0 0 0 0 0 0 0 0 0 0 0 0 0 0 1 0 0 0 0 0 0 0 1 0 19 28 0 0 0 0 0
0 3 27 4 0 0 0 0 0 6 0 0 0 0 0 17 0 0 0 0 0 1 0 1 2 0 0 0 0 0 0 0 0 12 24 8 0 0 0 0 0
0 0 0 0 0 0 0 0 0 0 0 0 0 0 0 0 0 0 0 0 0 0 0 0 0 0 0 0 0 0 0 0 0 0 9 27 1 0 0 0 0
1 0 0 0 0 0 0 0 1 0 0 0 0 0 2 0 0 0 0 0 0 0 0 0 0 0 0 0 0 0 0 3 0 0 0 1 0 0 0 19 0
0 3 21 3 0 0 0 0 0 4 0 0 0 0 0 12 0 0 0 0 0 0 0 0 1 0 0 0 0 0 0 0 0 9 21 11 0 0 0 0 0
0 0 6 0 0 0 0 0 0 0 0 0 0 0 0 0 0 0 0 0 0 0 0 0 0 0 0 0 0 0 0 0 0 0 12 20 0 0 0 0 0
0 0 0 0 0 0 0 0 0 0 0 0 0 0 0 0 0 0 0 0 0 0 0 0 0 0 0 0 0 0 0 0 0 0 9 28 1 0 0 0 0
0 0 0 0 0 0 0 0 1 0 0 0 0 0 2 0 0 0 0 0 0 0 0 0 0 0 0 0 0 0 0 3 0 0 0 3 0 0 0 15 0
0 0 0 0 0 0 0 0 0 0 0 0 0 0 0 0 0 0 0 0 0 0 0 0 0 0 0 0 0 0 0 1 0 0 0 7 0 0 0 14 0
0 2 19 1 0 0 0 0 0 4 0 0 0 0 0 3 0 0 0 0 0 0 0 0 1 0 0 0 0 0 0 0 1 4 25 27 0 0 0 0 0
3 0 0 0 0 0 0 0 2 0 0 0 0 0 7 4 0 0 0 0 0 0 0 0 0 0 2 0 0 0 1 4 0 1 0 0 0 0 0 17 0
3 0 0 0 0 0 0 0 3 0 0 0 0 0 3 0 0 0 0 0 0 0 2 0 0 0 1 0 0 0 0 4 0 0 0 0 0 0 0 21 0
3 0 0 0 0 0 0 0 4 0 0 0 0 0 7 2 0 0 0 0 0 0 0 0 0 0 1 0 0 1 2 5 0 1 0 0 0 0 0 14 0
6 0 0 0 0 0 0 0 9 0 0 0 0 0 11 0 0 0 0 0 0 1 2 0 0 0 4 0 0 2 3 7 0 0 0 0 0 0 0 22 0
6 0 0 0 0 0 0 0 10 0 0 0 0 0 12 0 0 0 0 0 0 1 3 0 0 0 5 0 0 2 3 8 0 0 0 0 0 0 0 24 0
0 0 0 0 0 0 0 0 0 0 0 0 0 0 0 0 0 0 0 0 0 0 0 0 0 0 0 0 0 0 0 0 0 0 0 12 0 0 0 10 0
0 1 14 1 0 0 0 0 0 2 0 0 0 0 0 2 0 0 0 0 0 0 0 0 1 0 0 0 0 0 0 0 1 3 19 22 0 0 0 0 0
8 0 0 2 0 0 0 0 15 0 0 0 0 0 18 1 0 0 0 0 0 1 4 0 0 0 7 0 0 4 7 10 0 0 0 0 0 0 0 23 1
6 0 1 1 0 0 0 0 8 0 0 0 0 0 15 8 0 0 0 0 0 0 1 0 0 0 5 0 0 1 5 8 0 5 0 0 0 0 0 16 0
1 0 0 0 0 0 0 0 3 0 0 0 0 0 4 0 0 0 0 0 0 0 0 0 0 0 1 0 0 0 0 4 0 0 0 0 0 0 0 17 0
0 0 5 0 0 0 0 0 0 0 0 0 0 0 0 0 0 0 0 0 0 0 0 0 0 0 0 0 0 0 0 0 0 0 13 25 1 0 0 0 0
0 0 0 0 0 0 0 0 0 0 0 0 0 0 0 0 0 0 0 0 0 0 0 0 0 0 0 0 0 0 0 0 0 0 5 18 0 0 0 0 0
0 0 0 0 0 0 0 0 0 0 0 0 0 0 0 0 0 0 0 0 0 0 0 0 0 0 0 0 0 0 0 0 0 0 5 17 0 0 0 0 0
4 0 0 0 0 0 0 0 5 0 0 0 0 0 8 1 0 0 0 0 0 0 1 0 0 0 3 0 0 1 1 6 0 0 0 0 0 0 0 20 0
3 0 0 0 0 0 0 0 4 0 0 0 0 0 4 0 0 0 0 0 0 0 1 1 0 0 0 0 0 0 0 5 0 0 0 0 0 0 0 20 0
1 2 18 4 0 0 0 0 0 3 0 0 0 0 2 15 0 0 0 0 0 0 0 0 1 0 0 0 0 0 2 0 0 11 15 0 0 0 0 0 0
3 0 0 0 0 0 0 0 4 0 0 0 0 0 8 2 0 0 0 0 0 0 0 0 0 0 2 0 0 0 1 5 0 1 0 0 0 0 0 16 0
0 0 6 0 0 0 0 0 0 0 0 0 0 0 0 0 0 0 0 0 0 0 0 0 0 0 0 0 0 0 0 0 0 0 16 29 1 0 0 0 0
0 0 3 0 0 0 0 0 0 0 0 0 0 0 0 0 0 0 0 0 0 0 0 0 0 0 0 0 0 0 0 0 0 0 14 30 1 0 0 0 0
0 0 8 0 0 0 0 0 0 1 0 0 0 0 0 0 0 0 0 0 0 0 0 0 1 0 0 0 0 0 0 0 0 0 16 25 1 0 0 0 0
4 0 0 0 0 0 0 0 6 0 0 0 0 0 8 0 0 0 0 0 0 0 1 0 0 0 3 0 0 1 2 6 0 0 0 0 0 0 0 21 0
3 0 8 1 0 0 0 0 3 0 0 0 0 0 10 10 0 0 0 0 0 0 0 0 0 0 2 0 0 0 3 5 0 7 3 0 0 0 0 9 0
5 0 0 0 0 0 0 0 10 0 0 0 0 0 11 0 0 0 0 0 0 0 4 0 0 0 4 0 0 2 3 7 0 0 0 0 0 0 0 25 0
6 0 0 0 0 0 0 0 10 0 0 0 0 0 13 0 0 0 0 0 0 1 3 0 0 0 6 0 0 2 4 8 0 0 0 0 0 0 0 21 0
0 0 6 0 0 0 0 0 0 0 0 0 0 0 0 1 0 0 0 0 0 0 0 0 0 0 0 0 0 0 0 0 0 1 10 13 0 0 0 0 0
5 0 0 0 0 0 0 0 11 0 0 0 0 0 11 0 0 0 0 0 0 0 3 0 0 0 4 0 0 2 3 8 0 0 0 0 0 0 0 24 0
0 2 15 2 0 0 0 0 0 3 0 0 0 0 0 5 0 0 0 0 0 0 0 0 1 0 0 0 0 0 0 0 0 4 17 16 0 0 0 0 0
10 0 0 3 0 0 0 0 17 0 0 0 0 0 22 3 0 0 0 0 0 2 3 0 0 0 8 0 0 5 9 13 0 1 0 0 0 0 0 25 2
5 0 4 1 0 0 0 0 6 0 0 0 0 0 14 9 0 0 0 0 0 0 0 0 0 0 3 0 0 1 4 7 0 6 0 0 0 0 0 14 0
0 0 0 0 0 0 0 0 0 0 0 0 0 0 0 0 0 0 0 0 0 0 0 0 0 0 0 0 0 0 0 1 0 0 0 4 0 0 0 14 0
0 0 0 0 0 0 0 0 0 0 0 0 0 0 0 0 0 0 0 0 0 0 0 0 0 0 0 0 0 0 0 1 0 0 0 5 0 0 0 14 0
7 0 12 4 0 0 0 0 7 2 0 0 0 0 17 17 0 0 0 0 0 0 0 0 0 0 4 0 0 1 6 8 0 12 2 0 0 0 0 7 0
0 0 0 0 0 0 0 0 0 0 0 0 0 0 0 0 0 0 0 0 0 0 0 0 0 0 0 0 0 0 0 1 0 0 0 4 0 0 0 13 0
0 0 0 0 0 0 0 0 0 0 0 0 0 0 0 0 0 0 0 0 0 0 0 0 0 0 0 0 0 0 0 0 0 0 2 18 0 0 0 2 0
0 3 24 5 0 0 0 0 0 5 0 0 0 0 0 18 0 0 0 0 0 0 0 0 2 0 0 0 0 0 1 0 0 13 22 3 0 0 0 0 0
0 0 0 0 0 0 0 0 0 0 0 0 0 0 0 0 0 0 0 0 0 0 0 0 0 0 0 0 0 0 0 0 0 0 1 13 0 0 0 5 0
6 0 0 0 0 0 0 0 11 0 0 0 0 0 14 0 0 0 0 0 0 1 3 0 0 0 6 0 0 3 5 9 0 0 0 0 0 0 0 24 1
0 0 0 0 0 0 0 0 0 0 0 0 0 0 0 0 0 0 0 0 0 0 0 0 0 0 0 0 0 0 0 0 0 0 4 20 1 0 0 0 0
1 0 0 0 0 0 0 0 1 0 0 0 0 0 5 2 0 0 0 0 0 0 0 0 0 0 2 0 0 0 0 3 0 0 0 0 0 0 0 17 0
2 0 0 0 0 0 0 0 1 0 0 0 0 0 3 0 0 0 0 0 0 0 0 0 0 0 1 0 0 0 0 4 0 0 0 0 0 0 0 16 0
5 0 0 0 0 0 0 0 7 0 0 0 0 0 12 5 0 0 0 0 0 0 1 0 0 0 5 0 0 1 4 6 0 2 0 0 0 0 0 17 0
3 0 0 0 0 0 0 0 4 0 0 0 0 0 4 0 0 0 0 0 0 0 2 1 0 0 1 0 0 0 0 4 0 0 0 0 0 0 0 21 0
4 0 0 0 0 0 0 0 6 0 0 0 0 0 7 0 0 0 0 0 0 0 3 1 0 0 2 0 0 1 1 6 0 0 0 0 0 0 0 26 0
0 0 2 0 0 0 0 0 0 0 0 0 0 0 0 0 0 0 0 0 0 0 0 0 0 0 0 0 0 0 0 0 0 0 11 25 1 0 0 0 0
0 0 0 0 0 0 0 0 0 0 0 0 0 0 0 0 0 0 0 0 0 0 0 0 0 0 0 0 0 0 0 1 0 0 2 8 0 0 0 8 0
5 0 0 1 0 0 0 0 9 0 0 0 0 0 13 4 0 0 0 0 0 0 1 0 0 0 4 0 0 2 5 8 0 1 0 0 0 0 0 20 0
0 0 9 0 0 0 0 0 0 1 0 0 0 0 3 7 0 0 0 0 0 0 0 0 0 0 0 0 0 0 0 0 0 4 7 2 0 0 0 2 0
4 0 0 0 0 0 0 0 7 0 0 0 0 0 11 1 0 0 0 0 0 0 1 0 0 0 4 0 0 2 2 6 0 0 0 0 0 0 0 18 0
0 0 7 0 0 0 0 0 0 1 0 0 0 0 0 0 0 0 0 0 0 0 0 0 0 0 0 0 0 0 0 0 0 0 14 25 0 0 0 0 0
0 0 8 0 0 0 0 0 0 0 0 0 0 0 0 2 0 0 0 0 0 0 0 0 0 0 0 0 0 0 0 0 0 2 11 13 0 0 0 0 0
5 0 0 0 0 0 0 0 7 0 0 0 0 0 12 5 0 0 0 0 0 0 1 0 0 0 5 0 0 1 3 7 0 2 0 0 0 0 0 20 0
0 1 12 0 0 0 0 0 0 2 0 0 0 0 0 5 0 0 0 0 0 0 0 0 0 0 0 0 0 0 0 0 0 3 13 13 0 0 0 0 0
4 0 0 0 0 0 0 0 5 0 0 0 0 0 9 1 0 0 0 0 0 0 2 0 0 0 3 0 0 0 1 5 0 0 0 0 0 0 0 23 0
9 0 0 3 0 0 0 0 13 0 0 0 0 0 19 8 0 0 0 0 0 1 2 0 0 0 7 0 0 3 7 11 0 6 0 0 0 0 0 18 1
0 0 6 0 0 0 0 0 1 0 0 0 0 0 3 6 0 0 0 0 0 0 0 0 0 0 0 0 0 0 0 1 0 4 5 1 0 0 0 1 0
13 0 0 5 0 0 0 1 19 0 0 0 0 0 28 11 0 1 0 0 0 2 3 0 0 0 9 0 0 6 12 16 0 7 0 0 0 0 0 22 2
6 0 0 0 0 0 0 0 10 0 0 0 0 0 16 5 0 0 0 0 0 1 2 0 0 0 6 0 0 2 5 9 0 2 0 0 0 0 0 22 0
0 1 11 0 0 0 0 0 0 1 0 0 0 0 0 6 0 0 0 0 0 0 0 0 0 0 0 0 0 0 0 0 0 4 10 7 0 0 0 0 0
4 0 0 0 0 0 0 0 7 0 0 0 0 0 8 0 0 0 0 0 0 0 3 0 0 0 3 0 0 1 1 6 0 0 0 0 0 0 0 23 0
3 0 0 0 0 0 0 0 5 0 0 0 0 0 7 0 0 0 0 0 0 0 1 0 0 0 2 0 0 1 1 6 0 0 0 0 0 0 0 21 0
5 0 0 0 0 0 0 0 9 0 0 0 0 0 12 2 0 0 0 0 0 1 2 0 0 0 5 0 0 1 3 6 0 0 0 0 0 0 0 21 0
2 0 0 0 0 0 0 0 2 0 0 0 0 0 3 0 0 0 0 0 0 0 0 0 0 0 1 0 0 0 0 4 0 0 0 0 0 0 0 19 0
3 0 0 0 0 0 0 0 3 0 0 0 0 0 6 0 0 0 0 0 0 0 1 0 0 0 2 0 0 0 0 5 0 0 0 0 0 0 0 21 0
0 0 6 0 0 0 0 0 0 0 0 0 0 0 0 0 0 0 0 0 0 0 0 0 0 0 0 0 0 0 0 0 0 0 11 16 0 0 0 0 0
8 0 0 1 0 0 0 0 13 0 0 0 0 0 19 5 0 0 0 0 0 1 2 0 0 0 7 0 0 3 7 10 0 2 0 0 0 0 0 22 1
5 0 0 0 0 0 0 0 10 0 0 0 0 0 11 0 0 0 0 0 0 0 3 0 0 0 4 0 0 2 3 7 0 0 0 0 0 0 0 24 0
0 0 2 0 0 0 0 0 0 0 0 0 0 0 0 0 0 0 0 0 0 0 0 0 0 0 0 0 0 0 0 0 0 0 11 26 1 0 0 0 0
2 0 10 0 0 0 0 0 1 1 0 0 0 0 7 10 0 0 0 0 0 0 0 0 0 0 1 0 0 0 2 3 0 6 5 0 0 0 0 5 0
6 0 0 1 0 0 0 0 9 0 0 0 0 0 16 7 0 0 0 0 0 1 1 0 0 0 5 0 0 2 5 9 0 4 0 0 0 0 0 19 0
2 0 0 0 0 0 0 0 2 0 0 0 0 0 3 0 0 0 0 0 0 0 1 0 0 0 1 0 0 0 0 4 0 0 0 0 0 0 0 17 0
0 0 2 0 0 0 0 0 0 0 0 0 0 0 0 0 0 0 0 0 0 0 0 0 0 0 0 0 0 0 0 0 0 0 7 18 0 0 0 0 0
5 0 0 0 0 0 0 0 8 0 0 0 0 0 11 1 0 0 0 0 0 0 2 0 0 0 4 0 0 1 3 7 0 0 0 0 0 0 0 22 0
0 0 0 0 0 0 0 0 0 0 0 0 0 0 2 0 0 0 0 0 0 0 0 0 0 0 0 0 0 0 0 3 0 0 0 4 0 0 0 13 0
0 0 0 0 0 0 0 0 0 0 0 0 0 0 0 0 0 0 0 0 0 0 0 0 0 0 0 0 0 0 0 2 0 0 0 3 0 0 0 16 0
4 0 0 0 0 0 0 0 4 0 0 0 0 0 6 0 0 0 0 0 0 0 2 0 0 0 2 0 0 0 0 5 0 0 0 0 0 0 0 24 0
4 0 0 0 0 0 0 0 7 0 0 0 0 0 12 3 0 0 0 0 0 0 1 0 0 0 4 0 0 1 3 7 0 1 0 0 0 0 0 21 0
4 0 0 0 0 0 0 0 6 0 0 0 0 0 8 0 0 0 0 0 0 0 2 0 0 0 3 0 0 1 1 5 0 0 0 0 0 0 0 22 0
0 0 0 0 0 0 0 0 0 0 0 0 0 0 0 0 0 0 0 0 0 0 0 0 0 0 0 0 0 0 0 1 0 0 0 5 0 0 0 14 0
2 0 0 0 0 0 0 0 2 0 0 0 0 0 6 0 0 0 0 0 0 0 0 0 0 0 2 0 0 0 0 4 0 0 0 0 0 0 0 19 0
7 0 7 2 0 0 0 0 7 0 0 0 0 0 16 12 0 0 0 0 0 0 0 0 0 0 4 0 0 1 5 8 0 9 0 0 0 0 0 12 0
0 2 15 1 0 0 0 0 0 3 0 0 0 0 0 6 0 0 0 0 0 0 0 0 1 0 0 0 0 0 0 0 0 4 19 19 0 0 0 0 0
3 0 0 0 0 0 0 0 4 0 0 0 0 0 5 0 0 0 0 0 0 0 1 0 0 0 1 0 0 1 0 5 0 0 0 0 0 0 0 20 0
2 1 16 4 0 0 0 0 2 2 0 0 0 0 6 15 0 0 0 0 0 0 0 0 0 0 0 0 0 0 3 2 0 11 14 0 0 0 0 0 0
1 1 14 2 0 0 0 0 0 1 0 0 0 0 4 11 0 0 0 0 0 0 0 0 1 0 0 0 0 0 1 0 0 9 12 0 0 0 0 0 0
1 0 0 0 0 0 0 0 0 0 0 0 0 0 0 0 0 0 0 0 0 0 1 0 0 0 0 0 0 0 0 2 0 0 0 4 0 0 0 17 0
0 0 3 0 0 0 0 0 0 0 0 0 0 0 0 0 0 0 0 0 0 0 0 0 0 0 0 0 0 0 0 0 0 0 4 8 0 0 0 4 0
0 2 17 2 0 0 0 0 0 3 0 0 0 0 0 12 0 0 0 0 0 0 0 0 1 0 0 0 0 0 1 0 0 8 16 4 0 0 0 0 0
0 1 10 0 0 0 0 0 0 2 0 0 0 0 0 0 0 0 0 0 0 0 0 0 1 0 0 0 0 0 0 0 0 0 17 25 0 0 0 0 0
6 1 16 4 0 0 0 0 4 1 0 0 0 0 13 17 0 0 0 0 0 0 0 0 0 0 1 0 0 0 5 5 0 13 9 0 0 0 0 0 0
0 0 6 0 0 0 0 0 0 0 0 0 0 0 0 0 0 0 0 0 0 0 0 0 0 0 0 0 0 0 0 0 0 0 14 26 1 0 0 0 0
0 0 0 0 0 0 0 0 0 0 0 0 0 0 0 0 0 0 0 0 0 0 0 0 0 0 0 0 0 0 0 0 0 0 0 12 0 0 0 10 0
5 3 24 7 0 0 0 0 3 4 0 0 0 0 12 24 0 0 0 0 0 0 0 0 1 0 0 0 0 0 6 4 0 17 17 0 0 0 0 0 0
3 0 0 0 0 0 0 0 5 0 0 0 0 0 9 3 0 0 0 0 0 0 0 0 0 0 3 0 0 0 1 6 0 2 0 0 0 0 0 16 0
3 0 0 0 0 0 0 0 4 0 0 0 0 0 5 0 0 0 0 0 0 0 1 0 0 0 1 0 0 0 0 5 0 0 0 0 0 0 0 20 0
0 1 12 0 0 0 0 0 0 2 0 0 0 0 0 7 0 0 0 0 0 0 0 0 0 0 0 0 0 0 0 0 0 4 12 9 0 0 0 0 0
4 4 31 9 0 0 0 0 0 5 0 0 0 0 9 28 0 0 0 0 0 0 0 1 2 0 0 0 0 0 5 1 0 21 24 0 0 0 0 0 0
6 0 0 0 0 0 0 0 9 0 0 0 0 0 14 4 0 0 0 0 0 1 2 0 0 0 6 0 0 2 4 8 0 2 0 0 0 0 0 21 0
0 0 0 0 0 0 0 0 0 0 0 0 0 0 0 0 0 0 0 0 0 0 1 0 0 0 0 0 0 0 0 0 0 0 0 10 0 0 0 11 0
6 0 6 2 0 0 0 0 5 1 0 0 0 0 13 11 0 0 0 0 0 0 0 0 0 0 3 0 0 0 4 6 0 7 0 0 0 0 0 10 0
0 0 0 0 0 0 0 0 0 0 0 0 0 0 0 0 0 0 0 0 0 0 0 0 0 0 0 0 0 0 0 0 0 0 0 9 0 0 0 12 0
1 0 0 0 0 0 0 0 0 0 0 0 0 0 0 0 0 0 0 0 0 0 0 0 0 0 0 0 0 0 0 1 0 0 0 7 0 0 0 12 0
5 0 0 1 0 0 0 0 6 0 0 0 0 0 11 5 0 0 0 0 0 0 0 0 0 0 3 0 0 1 3 7 0 4 0 0 0 0 0 16 0
4 0 0 0 0 0 0 0 7 0 0 0 0 0 10 0 0 0 0 0 0 0 3 0 0 0 4 0 0 1 1 6 0 0 0 0 0 0 0 24 0
0 0 7 0 0 0 0 0 0 0 0 0 0 0 0 1 0 0 0 0 0 0 0 0 0 0 0 0 0 0 0 0 0 1 12 16 0 0 0 0 0
0 1 16 2 0 0 0 0 0 3 0 0 0 0 0 11 0 0 0 0 0 0 0 0 1 0 0 0 0 0 0 0 0 7 15 6 0 0 0 0 0
5 0 3 2 0 0 0 0 7 0 0 0 0 0 13 7 0 0 0 0 0 0 0 0 0 0 3 0 0 1 4 8 0 6 0 0 0 0 0 13 0
1 0 0 0 0 0 0 0 0 0 0 0 0 0 0 0 0 0 0 0 0 0 0 0 0 0 0 0 0 0 0 2 0 0 0 5 0 0 0 15 0
0 0 0 0 0 0 0 0 0 0 0 0 0 0 0 0 0 0 0 0 0 0 0 0 0 0 0 0 0 0 0 0 0 0 1 15 0 0 0 6 0
0 0 0 0 0 0 0 0 0 0 0 0 0 0 0 0 0 0 0 0 0 0 0 0 0 0 0 0 0 0 0 0 0 0 1 11 0 0 0 9 0
0 0 0 0 0 0 0 0 0 0 0 0 0 0 0 0 0 0 0 0 0 0 0 0 0 0 0 0 0 0 0 0 0 0 6 21 0 0 0 0 0
0 0 1 0 0 0 0 0 0 0 0 0 0 0 0 0 0 0 0 0 0 0 0 0 0 0 0 0 0 0 0 0 0 0 7 18 0 0 0 0 0
6 0 0 0 0 0 0 0 11 0 0 0 0 0 14 0 0 0 0 0 0 1 3 0 0 0 6 0 0 3 5 9 0 0 0 0 0 0 0 24 0
4 0 0 0 0 0 0 0 7 0 0 0 0 0 7 0 0 0 0 0 0 0 2 0 0 0 2 0 0 1 1 7 0 0 0 0 0 0 0 23 0
0 0 4 0 0 0 0 0 0 0 0 0 0 0 0 0 0 0 0 0 0 0 0 0 0 0 0 0 0 0 0 0 0 0 11 23 0 0 0 0 0
3 0 0 0 0 0 0 0 4 0 0 0 0 0 4 0 0 0 0 0 0 0 1 0 0 0 1 0 0 0 0 5 0 0 0 0 0 0 0 20 0
2 3 25 5 0 0 0 0 0 5 0 0 0 0 4 21 0 0 0 0 0 0 0 1 2 0 0 0 0 0 3 0 0 15 20 0 0 0 0 0 0
0 0 0 0 0 0 0 0 0 0 0 0 0 0 0 0 0 0 0 0 0 0 0 0 0 0 0 0 0 0 0 0 0 0 3 10 0 0 0 8 0
0 0 4 0 0 0 0 0 0 0 0 0 0 0 0 2 0 0 0 0 0 0 0 0 0 0 0 0 0 0 0 0 0 1 5 8 0 0 0 4 0
0 0 8 0 0 0 0 0 0 1 0 0 0 0 0 0 0 0 0 0 0 0 0 0 0 0 0 0 0 0 0 0 0 0 16 25 1 0 0 0 0
1 0 0 0 0 0 0 0 0 0 0 0 0 0 0 0 0 0 0 0 0 0 0 0 0 0 0 0 0 0 0 2 0 0 0 3 0 0 0 16 0
0 0 0 0 0 0 0 0 0 0 0 0 0 0 0 0 0 0 0 0 0 0 0 0 0 0 0 0 0 0 0 0 0 0 0 15 0 0 0 7 0
7 2 22 6 0 0 0 0 5 3 0 0 0 0 16 24 0 0 0 0 0 0 0 0 0 0 2 0 0 0 7 7 0 18 13 0 0 0 0 0 0
