2 0 15 0 7 0 0 0 0 0 0 0 0 0 0 0 0 0 0 0 0 0 0 0 0 0 1 0 3 0 0 0 0 0 28 33 0 4 0 23 0
0 0 0 0 7 0 0 0 0 0 0 0 0 0 0 0 0 0 0 0 0 0 2 0 0 0 5 0 0 0 0 13 0 0 33 31 0 2 0 30 0
0 0 2 1 8 0 0 0 0 0 0 0 0 0 0 0 0 0 0 0 0 0 2 0 1 0 4 0 0 0 0 13 0 0 32 30 1 2 0 28 0
0 0 7 0 6 0 0 0 0 0 0 0 0 0 0 0 0 0 0 0 0 0 0 0 2 0 3 0 0 0 0 10 0 0 35 31 0 2 0 26 1
0 0 1 2 6 0 0 0 0 0 0 0 0 0 0 0 0 0 0 0 0 0 5 0 0 0 5 1 0 0 0 14 0 0 27 26 0 2 0 25 0
0 0 1 18 0 0 2 0 0 0 0 0 0 0 0 0 0 0 0 0 0 0 16 0 9 0 0 18 0 0 0 54 0 0 0 0 0 0 0 0 20
0 0 2 18 0 0 2 0 0 0 0 0 0 0 0 0 0 0 0 0 0 0 16 0 10 0 0 16 0 0 0 52 0 0 0 0 0 0 0 0 17
19 0 18 0 9 0 0 0 0 0 0 0 0 0 0 0 0 0 0 0 0 0 0 0 0 0 0 0 6 0 0 0 0 0 21 37 0 4 0 29 0
0 0 1 18 0 0 1 0 0 0 0 0 0 0 0 0 0 0 0 0 0 0 16 0 10 0 0 17 0 0 0 52 0 0 0 0 0 0 0 0 18
0 0 11 0 7 0 0 0 0 0 0 0 0 0 0 0 0 0 0 0 0 0 0 0 1 0 2 0 1 0 0 6 0 0 32 33 0 3 0 25 0
0 0 3 17 0 0 1 0 0 0 0 0 0 0 0 0 0 0 0 0 0 0 16 0 6 0 0 12 0 0 0 35 0 1 0 0 0 0 0 0 6
0 0 1 2 7 0 0 0 0 0 0 0 0 0 0 0 0 0 0 0 0 0 5 0 0 0 5 1 0 0 0 15 0 0 28 27 1 2 0 26 0
0 0 2 0 6 0 0 0 0 0 0 0 0 0 0 0 0 0 0 0 0 0 0 0 0 0 4 0 0 0 0 13 0 0 34 29 0 2 0 27 0
0 0 3 18 0 0 1 0 0 0 0 0 0 0 0 0 0 0 0 0 0 0 16 0 9 0 0 15 0 0 0 50 0 0 0 0 0 0 0 0 15
0 0 2 17 0 0 1 0 0 0 0 0 0 0 0 0 0 0 0 0 0 0 15 0 7 0 0 12 0 0 0 36 0 1 0 0 0 0 0 0 7
0 0 6 14 4 0 1 0 0 0 0 0 0 0 0 0 0 0 0 0 0 0 13 0 4 0 3 8 0 0 0 26 0 1 10 11 0 0 0 9 1
0 0 1 1 7 0 0 0 0 0 0 0 0 0 0 0 0 0 0 0 0 0 1 0 1 0 4 0 0 0 0 13 0 0 34 29 1 2 0 27 0
0 0 2 2 7 0 0 0 0 0 0 0 0 0 0 0 0 0 0 0 0 0 7 0 0 0 5 1 0 0 0 15 0 0 25 27 0 1 0 26 0
4 0 16 0 8 0 0 0 0 0 0 0 0 0 0 0 0 0 0 0 0 0 0 0 0 0 0 0 4 0 0 0 0 0 25 34 0 4 0 24 0
0 0 5 12 4 0 0 0 0 0 0 0 0 0 0 0 0 0 0 0 0 0 13 0 2 0 3 7 0 0 0 25 0 1 10 14 0 0 0 12 0
14 0 16 0 9 0 0 0 0 0 0 0 0 0 0 0 0 0 0 0 0 0 0 0 0 0 0 0 5 0 0 0 0 0 20 35 0 3 0 27 0
0 0 8 0 6 0 0 0 0 0 0 0 0 0 0 0 0 0 0 0 0 0 0 0 0 0 2 0 0 0 0 7 0 0 32 30 0 3 0 24 0
25 0 17 0 10 0 0 0 0 0 0 0 0 0 0 0 0 0 0 0 0 0 0 0 0 0 0 0 7 1 0 0 0 0 15 35 0 4 0 30 0
11 0 16 0 8 0 0 0 0 0 0 0 0 0 0 0 0 0 0 0 0 0 0 0 0 0 0 0 5 0 0 0 0 0 22 33 0 3 0 25 0
0 0 2 18 0 0 1 0 0 0 0 0 0 0 0 0 0 0 0 0 0 0 17 0 9 0 0 16 0 0 0 52 0 0 0 0 0 0 0 0 16
0 0 12 0 7 0 0 0 0 0 0 0 0 0 0 0 0 0 0 0 0 0 0 0 0 0 2 0 2 0 0 3 0 0 29 32 0 3 0 23 0
12 0 17 0 9 0 0 0 0 0 0 0 0 0 0 0 0 0 0 0 0 0 0 0 0 0 0 0 5 0 0 0 0 0 22 35 0 3 0 26 0
0 0 3 17 0 0 1 0 0 0 0 0 0 0 0 0 0 0 0 0 0 0 16 0 7 0 0 12 0 0 0 40 0 0 0 0 0 0 0 0 9
0 0 6 7 7 0 0 0 0 0 0 0 0 0 0 0 0 0 0 0 0 0 10 0 0 0 5 3 0 0 0 20 0 0 18 25 0 0 0 22 0
0 0 9 0 6 0 0 0 0 0 0 0 0 0 0 0 0 0 0 0 0 0 0 0 2 0 2 0 0 0 0 10 0 0 34 31 0 2 0 24 1
0 0 3 16 0 0 1 0 0 0 0 0 0 0 0 0 0 0 0 0 0 0 15 0 5 0 0 10 0 0 0 31 0 1 0 0 0 0 0 0 4
0 0 1 1 7 0 0 0 0 0 0 0 0 0 0 0 0 0 0 0 0 0 5 0 0 0 6 0 0 0 0 13 0 0 29 30 0 2 0 29 0
0 0 2 15 0 0 1 0 0 0 0 0 0 0 0 0 0 0 0 0 0 0 14 0 5 0 0 9 0 0 0 28 0 1 0 0 0 0 0 0 3
0 0 1 2 7 0 0 0 0 0 0 0 0 0 0 0 0 0 0 0 0 0 3 0 1 0 5 1 0 0 0 15 0 0 34 29 1 2 0 28 0
0 0 4 16 0 0 1 0 0 0 0 0 0 0 0 0 0 0 0 0 0 0 15 0 5 0 0 10 0 0 0 29 0 1 0 0 0 0 0 0 4
0 0 2 18 0 0 1 0 0 0 0 0 0 0 0 0 0 0 0 0 0 0 16 0 9 0 0 16 0 0 0 51 0 0 0 0 0 0 0 0 17
0 0 1 17 0 0 1 0 0 0 0 0 0 0 0 0 0 0 0 0 0 0 15 0 9 0 0 16 0 0 0 50 0 0 0 0 0 0 0 0 17
0 0 7 0 7 0 0 0 0 0 0 0 0 0 0 0 0 0 0 0 0 0 0 0 2 0 3 0 0 0 0 11 0 0 35 31 0 3 0 26 1
0 0 3 1 7 0 0 0 0 0 0 0 0 0 0 0 0 0 0 0 0 0 0 0 2 0 4 1 0 0 0 13 0 0 35 29 0 2 0 26 1
38 0 20 0 11 0 0 0 0 0 0 0 0 0 0 0 0 0 0 0 0 0 0 0 0 0 0 0 10 1 0 0 0 0 12 37 0 4 0 35 0
0 0 5 13 4 0 0 0 0 0 0 0 0 0 0 0 0 0 0 0 0 0 13 0 2 0 3 7 0 0 0 26 0 1 12 15 0 0 0 14 0
0 0 4 4 7 0 0 0 0 0 0 0 0 0 0 0 0 0 0 0 0 0 8 0 0 0 6 2 0 0 0 16 0 0 25 28 0 1 0 27 0
0 0 5 1 8 0 0 0 0 0 0 0 0 0 0 0 0 0 0 0 0 0 0 0 3 0 4 0 0 0 0 12 0 0 35 31 0 3 0 27 0
0 0 9 0 7 0 0 0 0 0 0 0 0 0 0 0 0 0 0 0 0 0 0 0 1 0 3 0 0 0 0 7 0 0 33 32 0 3 0 26 0
0 0 3 0 6 0 0 0 0 0 0 0 0 0 0 0 0 0 0 0 0 0 0 0 0 0 4 0 0 0 0 9 0 0 33 29 0 3 0 26 0
0 0 1 2 7 0 0 0 0 0 0 0 0 0 0 0 0 0 0 0 0 0 3 0 1 0 5 1 0 0 0 15 0 0 32 28 1 2 0 27 0
0 0 4 0 7 0 0 0 0 0 0 0 0 0 0 0 0 0 0 0 0 0 0 0 2 0 4 0 0 0 0 12 0 0 36 30 0 3 0 27 0
0 0 9 0 6 0 0 0 0 0 0 0 0 0 0 0 0 0 0 0 0 0 0 0 1 0 2 0 1 0 0 6 0 0 32 31 0 3 0 24 0
10 0 17 0 8 0 0 0 0 0 0 0 0 0 0 0 0 0 0 0 0 0 0 0 0 0 0 0 5 0 0 0 0 0 23 34 0 3 0 25 0
0 0 6 11 4 0 0 0 0 0 0 0 0 0 0 0 0 0 0 0 0 0 13 0 1 0 3 7 0 0 0 24 0 1 10 16 0 0 0 13 0
0 0 2 17 0 0 1 0 0 0 0 0 0 0 0 0 0 0 0 0 0 0 15 0 6 0 0 11 0 0 0 32 0 1 0 0 0 0 0 0 5
0 0 3 17 0 0 1 0 0 0 0 0 0 0 0 0 0 0 0 0 0 0 15 0 7 0 0 11 0 0 0 34 0 1 0 0 0 0 0 0 7
0 0 3 15 1 0 0 0 0 0 0 0 0 0 0 0 0 0 0 0 0 0 13 0 5 0 1 9 0 0 0 28 0 1 4 2 0 0 0 1 3
0 0 2 15 0 0 1 0 0 0 0 0 0 0 0 0 0 0 0 0 0 0 14 0 5 0 0 10 0 0 0 28 0 2 0 0 0 0 0 0 4
18 0 17 0 9 0 0 0 0 0 0 0 0 0 0 0 0 0 0 0 0 0 0 0 0 0 0 0 6 0 0 0 0 0 18 35 0 3 0 28 0
0 0 3 18 0 0 2 0 0 0 0 0 0 0 0 0 0 0 0 0 0 0 16 0 9 0 0 15 0 0 0 48 0 0 0 0 0 0 0 0 13
0 0 6 13 3 0 1 0 0 0 0 0 0 0 0 0 0 0 0 0 0 0 13 0 3 0 2 8 0 0 0 24 0 1 7 10 0 0 0 8 0
21 0 18 0 9 0 0 0 0 0 0 0 0 0 0 0 0 0 0 0 0 0 0 0 0 0 0 0 7 0 0 0 0 0 19 36 0 4 0 29 0
0 0 4 0 7 0 0 0 0 0 0 0 0 0 0 0 0 0 0 0 0 0 0 0 1 0 3 0 0 0 0 12 0 0 35 30 0 3 0 27 0
0 0 0 0 6 0 0 0 0 0 0 0 0 0 0 0 0 0 0 0 0 0 2 0 0 0 4 0 0 0 0 13 0 0 32 28 0 2 0 27 0
0 0 3 17 0 0 2 0 0 0 0 0 0 0 0 0 0 0 0 0 0 0 16 0 9 0 0 14 0 0 0 47 0 0 0 0 0 0 0 0 13
0 0 3 3 7 0 0 0 0 0 0 0 0 0 0 0 0 0 0 0 0 0 7 0 0 0 6 2 0 0 0 15 0 0 25 28 0 1 0 27 0
0 0 6 12 5 0 0 0 0 0 0 0 0 0 0 0 0 0 0 0 0 0 13 0 1 0 3 6 0 0 0 24 0 1 9 16 0 0 0 14 0
22 0 18 0 9 0 0 0 0 0 0 0 0 0 0 0 0 0 0 0 0 0 0 0 0 0 0 0 7 0 0 0 0 0 18 35 0 4 0 29 0
0 0 2 3 7 0 0 0 0 0 0 0 0 0 0 0 0 0 0 0 0 0 7 0 0 0 6 2 0 0 0 15 0 0 26 27 0 1 0 27 0
30 0 18 0 9 0 0 0 0 0 0 0 0 0 0 0 0 0 0 0 0 0 0 0 0 0 0 0 8 1 0 0 0 0 14 35 0 3 0 31 0
0 0 3 3 7 0 0 0 0 0 0 0 0 0 0 0 0 0 0 0 0 0 7 0 0 0 5 2 0 0 0 15 0 0 27 27 0 1 0 26 0
0 0 10 0 6 0 0 0 0 0 0 0 0 0 0 0 0 0 0 0 0 0 0 0 1 0 2 0 1 0 0 7 0 0 34 32 0 3 0 25 1
0 0 3 17 0 0 1 0 0 0 0 0 0 0 0 0 0 0 0 0 0 0 15 0 7 0 0 12 0 0 0 39 0 0 0 0 0 0 0 0 9
0 0 4 15 1 0 0 0 0 0 0 0 0 0 0 0 0 0 0 0 0 0 14 0 5 0 0 9 0 0 0 28 0 1 1 1 0 0 0 0 3
0 0 3 0 7 0 0 0 0 0 0 0 0 0 0 0 0 0 0 0 0 0 0 0 1 0 4 0 0 0 0 13 0 0 36 30 0 3 0 28 0
0 0 6 9 7 0 0 0 0 0 0 0 0 0 0 0 0 0 0 0 0 0 10 0 2 0 5 5 0 0 0 22 0 0 20 23 1 0 0 20 0
0 0 1 0 7 0 0 0 0 0 0 0 0 0 0 0 0 0 0 0 0 0 1 0 0 0 4 0 0 0 0 14 0 0 34 30 0 2 0 28 0
0 0 0 2 8 0 0 0 0 0 0 0 0 0 0 0 0 0 0 0 0 0 5 0 0 0 5 1 0 0 0 14 0 0 30 29 1 1 0 29 0
0 0 2 18 0 0 1 0 0 0 0 0 0 0 0 0 0 0 0 0 0 0 16 0 10 0 0 17 0 0 0 53 0 0 0 0 0 0 0 0 17
20 0 17 0 9 0 0 0 0 0 0 0 0 0 0 0 0 0 0 0 0 0 0 0 0 0 0 0 6 0 0 0 0 0 18 36 0 4 0 29 0
0 0 12 0 7 0 0 0 0 0 0 0 0 0 0 0 0 0 0 0 0 0 0 0 0 0 2 0 2 0 0 2 0 0 29 32 0 4 0 24 0
9 0 16 0 7 0 0 0 0 0 0 0 0 0 0 0 0 0 0 0 0 0 0 0 0 0 0 0 4 0 0 0 0 0 24 33 0 3 0 24 0
0 0 4 1 6 0 0 0 0 0 0 0 0 0 0 0 0 0 0 0 0 0 0 0 2 0 4 0 0 0 0 14 0 0 36 31 0 2 0 27 1
0 0 6 0 6 0 0 0 0 0 0 0 0 0 0 0 0 0 0 0 0 0 0 0 2 0 3 0 0 0 0 11 0 0 35 30 0 2 0 25 1
0 0 1 1 8 0 0 0 0 0 0 0 0 0 0 0 0 0 0 0 0 0 6 0 0 0 6 0 0 0 0 11 0 0 26 29 1 1 0 30 0
0 0 6 0 6 0 0 0 0 0 0 0 0 0 0 0 0 0 0 0 0 0 0 0 1 0 3 0 0 0 0 11 0 0 36 31 0 2 0 26 1
0 0 5 14 3 0 0 0 0 0 0 0 0 0 0 0 0 0 0 0 0 0 14 0 3 0 2 8 0 0 0 27 0 1 8 11 0 0 0 10 1
3 0 16 0 7 0 0 0 0 0 0 0 0 0 0 0 0 0 0 0 0 0 0 0 0 0 1 0 3 0 0 0 0 0 27 34 0 4 0 23 0
0 0 0 1 7 0 0 0 0 0 0 0 0 0 0 0 0 0 0 0 0 0 2 0 0 0 4 0 0 0 0 13 0 0 33 28 1 2 0 27 0
0 0 3 0 7 0 0 0 0 0 0 0 0 0 0 0 0 0 0 0 0 0 0 0 1 0 4 0 0 0 0 13 0 0 36 30 0 2 0 28 0
0 0 3 0 6 0 0 0 0 0 0 0 0 0 0 0 0 0 0 0 0 0 0 0 1 0 3 0 0 0 0 13 0 0 35 29 0 2 0 25 1
0 0 4 6 7 0 0 0 0 0 0 0 0 0 0 0 0 0 0 0 0 0 9 0 1 0 6 3 0 0 0 19 0 0 24 26 1 0 0 24 0
10 0 17 0 8 0 0 0 0 0 0 0 0 0 0 0 0 0 0 0 0 0 0 0 0 0 0 0 5 0 0 0 0 0 22 35 0 3 0 25 0
0 0 1 2 7 0 0 0 0 0 0 0 0 0 0 0 0 0 0 0 0 0 3 0 1 0 5 1 0 0 0 14 0 0 31 28 1 3 0 26 0
24 0 17 0 9 0 0 0 0 0 0 0 0 0 0 0 0 0 0 0 0 0 0 0 0 0 0 0 7 1 0 0 0 0 16 35 0 4 0 30 0
0 0 1 1 7 0 0 0 0 0 0 0 0 0 0 0 0 0 0 0 0 0 5 0 0 0 5 1 0 0 0 15 0 0 31 31 1 1 0 30 0
0 0 3 1 7 0 0 0 0 0 0 0 0 0 0 0 0 0 0 0 0 0 6 0 0 0 6 0 0 0 0 13 0 0 26 29 0 2 0 27 0
0 0 2 17 0 0 1 0 0 0 0 0 0 0 0 0 0 0 0 0 0 0 16 0 9 0 0 16 0 0 0 51 0 0 0 0 0 0 0 0 17
0 0 6 12 4 0 0 0 0 0 0 0 0 0 0 0 0 0 0 0 0 0 13 0 2 0 3 7 0 0 0 24 0 1 10 13 0 0 0 12 0
0 0 6 0 6 0 0 0 0 0 0 0 0 0 0 0 0 0 0 0 0 0 0 0 1 0 3 0 0 0 0 11 0 0 35 31 0 2 0 26 1
0 0 2 17 0 0 1 0 0 0 0 0 0 0 0 0 0 0 0 0 0 0 16 0 9 0 0 15 0 0 0 51 0 0 0 0 0 0 0 0 17
0 0 13 0 7 0 0 0 0 0 0 0 0 0 0 0 0 0 0 0 0 0 0 0 0 0 1 0 2 0 0 1 0 0 28 32 0 4 0 23 0
0 0 5 8 7 0 0 0 0 0 0 0 0 0 0 0 0 0 0 0 0 0 10 0 1 0 5 5 0 0 0 21 0 0 23 24 1 0 0 23 0
0 0 3 0 7 0 0 0 0 0 0 0 0 0 0 0 0 0 0 0 0 0 0 0 0 0 4 0 0 0 0 13 0 0 34 30 0 3 0 27 0
0 0 6 9 6 0 0 0 0 0 0 0 0 0 0 0 0 0 0 0 0 0 12 0 0 0 5 5 0 0 0 23 0 0 17 22 0 0 0 20 0
7 0 16 0 8 0 0 0 0 0 0 0 0 0 0 0 0 0 0 0 0 0 0 0 0 0 0 0 4 0 0 0 0 0 24 34 0 4 0 24 0
0 0 11 0 7 0 0 0 0 0 0 0 0 0 0 0 0 0 0 0 0 0 0 0 0 0 2 0 1 0 0 5 0 0 31 31 0 3 0 24 0
0 0 6 8 6 0 0 0 0 0 0 0 0 0 0 0 0 0 0 0 0 0 12 0 0 0 5 4 0 0 0 21 0 0 15 21 0 0 0 18 0
0 0 5 0 7 0 0 0 0 0 0 0 0 0 0 0 0 0 0 0 0 0 0 0 2 0 3 0 0 0 0 11 0 0 34 31 0 3 0 26 0
0 0 4 5 6 0 0 0 0 0 0 0 0 0 0 0 0 0 0 0 0 0 10 0 0 0 6 3 0 0 0 17 0 0 19 26 0 0 0 24 0
0 0 1 18 0 0 2 0 0 0 0 0 0 0 0 0 0 0 0 0 0 0 16 0 10 0 0 17 0 0 0 53 0 0 0 0 0 0 0 0 19
0 0 2 2 7 0 0 0 0 0 0 0 0 0 0 0 0 0 0 0 0 0 7 0 0 0 5 1 0 0 0 14 0 0 24 27 1 1 0 26 0
0 0 5 7 6 0 0 0 0 0 0 0 0 0 0 0 0 0 0 0 0 0 11 0 0 0 5 4 0 0 0 19 0 0 16 23 0 0 0 20 0
0 0 1 2 7 0 0 0 0 0 0 0 0 0 0 0 0 0 0 0 0 0 5 0 0 0 5 1 0 0 0 15 0 0 30 28 1 2 0 27 0
0 0 3 17 0 0 1 0 0 0 0 0 0 0 0 0 0 0 0 0 0 0 16 0 7 0 0 13 0 0 0 38 0 1 0 0 0 0 0 0 8
57 0 22 0 13 0 0 0 0 0 0 0 0 0 0 0 0 0 0 0 0 0 0 0 0 0 0 0 13 3 0 0 0 0 6 41 0 3 0 45 0
0 0 3 16 0 0 1 0 0 0 0 0 0 0 0 0 0 0 0 0 0 0 15 0 7 0 0 12 0 0 0 36 0 0 0 0 0 0 0 0 8
2 0 14 0 7 0 0 0 0 0 0 0 0 0 0 0 0 0 0 0 0 0 0 0 0 0 2 0 3 0 0 0 0 0 26 32 0 4 0 23 0
0 0 9 0 7 0 0 0 0 0 0 0 0 0 0 0 0 0 0 0 0 0 0 0 2 0 2 0 0 0 0 10 0 0 36 33 0 2 0 26 1
0 0 3 17 0 0 1 0 0 0 0 0 0 0 0 0 0 0 0 0 0 0 15 0 6 0 0 12 0 0 0 35 0 1 0 0 0 0 0 0 7
0 0 0 1 7 0 0 0 0 0 0 0 0 0 0 0 0 0 0 0 0 0 4 0 0 0 5 1 0 0 0 15 0 0 34 30 1 1 0 29 0
0 0 1 0 7 0 0 0 0 0 0 0 0 0 0 0 0 0 0 0 0 0 0 0 1 0 4 1 0 0 0 15 0 0 37 31 1 2 0 29 0
0 0 3 14 1 0 0 0 0 0 0 0 0 0 0 0 0 0 0 0 0 0 13 0 3 0 1 8 0 0 0 24 0 2 3 3 0 0 0 3 2
0 0 1 1 7 0 0 0 0 0 0 0 0 0 0 0 0 0 0 0 0 0 5 0 0 0 5 0 0 0 0 13 0 0 28 27 0 2 0 27 0
2 0 14 0 7 0 0 0 0 0 0 0 0 0 0 0 0 0 0 0 0 0 0 0 0 0 1 0 3 0 0 0 0 0 27 32 0 4 0 22 0
0 0 3 1 7 0 0 0 0 0 0 0 0 0 0 0 0 0 0 0 0 0 0 0 1 0 4 0 0 0 0 13 0 0 34 29 0 2 0 27 0
0 0 5 5 7 0 0 0 0 0 0 0 0 0 0 0 0 0 0 0 0 0 9 0 0 0 6 3 0 0 0 17 0 0 21 26 0 0 0 23 0
0 0 3 1 7 0 0 0 0 0 0 0 0 0 0 0 0 0 0 0 0 0 0 0 2 0 4 0 0 0 0 14 0 0 36 30 0 2 0 27 1
0 0 12 0 6 0 0 0 0 0 0 0 0 0 0 0 0 0 0 0 0 0 0 0 0 0 2 0 1 0 0 6 0 0 31 32 0 3 0 23 0
0 0 1 1 7 0 0 0 0 0 0 0 0 0 0 0 0 0 0 0 0 0 2 0 0 0 5 0 0 0 0 13 0 0 31 30 1 2 0 28 0
0 0 4 17 0 0 1 0 0 0 0 0 0 0 0 0 0 0 0 0 0 0 15 0 9 0 0 14 0 0 0 48 0 0 0 0 0 0 0 0 14
40 0 20 0 11 0 0 0 0 0 0 0 0 0 0 0 0 0 0 0 0 0 0 0 0 0 0 0 10 1 0 0 0 0 11 37 0 4 0 37 0
0 0 4 18 0 0 1 0 0 0 0 0 0 0 0 0 0 0 0 0 0 0 16 0 9 0 0 14 0 0 0 48 0 0 0 0 0 0 0 0 12
0 0 7 0 7 0 0 0 0 0 0 0 0 0 0 0 0 0 0 0 0 0 0 0 1 0 3 0 0 0 0 8 0 0 34 32 0 3 0 26 0
0 0 6 10 6 0 0 0 0 0 0 0 0 0 0 0 0 0 0 0 0 0 13 0 0 0 5 5 0 0 0 23 0 0 12 21 0 0 0 18 0
0 0 3 0 7 0 0 0 0 0 0 0 0 0 0 0 0 0 0 0 0 0 0 0 1 0 4 0 0 0 0 12 0 0 35 31 0 3 0 28 0
0 0 2 17 0 0 1 0 0 0 0 0 0 0 0 0 0 0 0 0 0 0 15 0 9 0 0 15 0 0 0 51 0 0 0 0 0 0 0 0 16
29 0 18 0 10 0 0 0 0 0 0 0 0 0 0 0 0 0 0 0 0 0 0 0 0 0 0 0 8 1 0 0 0 0 15 36 0 4 0 32 0
0 0 1 1 7 0 0 0 0 0 0 0 0 0 0 0 0 0 0 0 0 0 3 0 0 0 5 0 0 0 0 12 0 0 31 29 1 2 0 28 0
0 0 5 0 6 0 0 0 0 0 0 0 0 0 0 0 0 0 0 0 0 0 0 0 1 0 3 0 0 0 0 10 0 0 34 30 0 3 0 26 0
0 0 4 16 0 0 1 0 0 0 0 0 0 0 0 0 0 0 0 0 0 0 14 0 6 0 0 10 0 0 0 32 0 1 2 0 0 0 0 0 4
0 0 3 0 7 0 0 0 0 0 0 0 0 0 0 0 0 0 0 0 0 0 0 0 1 0 4 0 0 0 0 11 0 0 33 29 0 3 0 26 0
0 0 6 10 6 0 0 0 0 0 0 0 0 0 0 0 0 0 0 0 0 0 12 0 1 0 5 5 0 0 0 22 0 0 14 20 0 0 0 18 0
0 0 2 17 0 0 1 0 0 0 0 0 0 0 0 0 0 0 0 0 0 0 16 0 9 0 0 16 0 0 0 51 0 0 0 0 0 0 0 0 17
0 0 0 1 7 0 0 0 0 0 0 0 0 0 0 0 0 0 0 0 0 0 2 0 1 0 4 1 0 0 0 14 0 0 34 29 1 2 0 28 0
0 0 1 0 7 0 0 0 0 0 0 0 0 0 0 0 0 0 0 0 0 0 0 0 0 0 4 0 0 0 0 13 0 0 34 30 0 2 0 28 0
0 0 1 0 7 0 0 0 0 0 0 0 0 0 0 0 0 0 0 0 0 0 2 0 0 0 4 0 0 0 0 12 0 0 32 29 0 3 0 27 0
0 0 4 18 0 0 1 0 0 0 0 0 0 0 0 0 0 0 0 0 0 0 16 0 8 0 0 14 0 0 0 46 0 0 0 0 0 0 0 0 11
0 0 5 8 6 0 0 0 0 0 0 0 0 0 0 0 0 0 0 0 0 0 11 0 0 0 5 4 0 0 0 21 0 0 17 21 0 0 0 19 0
0 0 3 18 0 0 1 0 0 0 0 0 0 0 0 0 0 0 0 0 0 0 15 0 6 0 0 12 0 0 0 35 0 1 0 0 0 0 0 0 6
0 0 3 17 0 0 1 0 0 0 0 0 0 0 0 0 0 0 0 0 0 0 16 0 9 0 0 15 0 0 0 49 0 0 0 0 0 0 0 0 14
0 0 6 14 4 0 0 0 0 0 0 0 0 0 0 0 0 0 0 0 0 0 13 0 4 0 2 7 0 0 0 26 0 1 10 11 0 0 0 10 1
0 0 4 0 7 0 0 0 0 0 0 0 0 0 0 0 0 0 0 0 0 0 0 0 2 0 3 0 0 0 0 13 0 0 35 30 0 2 0 26 1
0 0 1 2 7 0 0 0 0 0 0 0 0 0 0 0 0 0 0 0 0 0 5 0 0 0 5 1 0 0 0 15 0 0 28 27 1 2 0 26 0
0 0 6 7 8 0 0 0 0 0 0 0 0 0 0 0 0 0 0 0 0 0 8 0 2 0 5 5 0 0 0 21 0 0 27 27 1 0 0 24 0
0 0 6 0 7 0 0 0 0 0 0 0 0 0 0 0 0 0 0 0 0 0 0 0 1 0 3 0 0 0 0 9 0 0 34 31 0 3 0 26 0
0 0 2 3 7 0 0 0 0 0 0 0 0 0 0 0 0 0 0 0 0 0 8 0 0 0 6 1 0 0 0 14 0 0 24 27 1 2 0 26 0
0 0 2 2 7 0 0 0 0 0 0 0 0 0 0 0 0 0 0 0 0 0 7 0 0 0 6 1 0 0 0 14 0 0 25 28 0 1 0 27 0
0 0 5 10 5 0 0 0 0 0 0 0 0 0 0 0 0 0 0 0 0 0 12 0 1 0 4 6 0 0 0 23 0 1 12 17 0 0 0 15 0
0 0 5 6 6 0 0 0 0 0 0 0 0 0 0 0 0 0 0 0 0 0 11 0 0 0 5 4 0 0 0 18 0 1 15 23 0 0 0 20 0
0 0 5 17 2 0 1 0 0 0 0 0 0 0 0 0 0 0 0 0 0 0 13 0 6 0 0 10 0 0 0 31 0 0 5 5 0 0 0 2 3
2 0 16 0 7 0 0 0 0 0 0 0 0 0 0 0 0 0 0 0 0 0 0 0 0 0 0 0 3 0 0 0 0 0 28 33 0 4 0 23 0
0 0 2 0 6 0 0 0 0 0 0 0 0 0 0 0 0 0 0 0 0 0 0 0 0 0 4 0 0 0 0 13 0 0 35 30 0 2 0 28 0
0 0 4 5 7 0 0 0 0 0 0 0 0 0 0 0 0 0 0 0 0 0 9 0 0 0 6 3 0 0 0 17 0 0 23 27 1 0 0 26 0
0 0 3 0 7 0 0 0 0 0 0 0 0 0 0 0 0 0 0 0 0 0 0 0 0 0 3 0 0 0 0 12 0 0 35 31 0 2 0 28 0
0 0 7 0 6 0 0 0 0 0 0 0 0 0 0 0 0 0 0 0 0 0 0 0 2 0 3 0 0 0 0 10 0 0 32 29 0 2 0 23 1
0 0 1 2 6 0 0 0 0 0 0 0 0 0 0 0 0 0 0 0 0 0 7 0 0 0 5 1 0 0 0 14 0 0 26 27 0 1 0 26 0
3 0 16 0 7 0 0 0 0 0 0 0 0 0 0 0 0 0 0 0 0 0 0 0 0 0 1 0 3 0 0 0 0 0 26 34 0 4 0 23 0
0 0 6 14 3 0 1 0 0 0 0 0 0 0 0 0 0 0 0 0 0 0 13 0 3 0 2 8 0 0 0 27 0 1 8 10 0 0 0 8 1
0 0 3 17 0 0 1 0 0 0 0 0 0 0 0 0 0 0 0 0 0 0 15 0 6 0 0 11 0 0 0 33 0 1 0 0 0 0 0 0 5
0 0 2 0 6 0 0 0 0 0 0 0 0 0 0 0 0 0 0 0 0 0 0 0 1 0 4 0 0 0 0 13 0 0 34 28 0 2 0 26 1
0 0 2 3 7 0 0 0 0 0 0 0 0 0 0 0 0 0 0 0 0 0 6 0 0 0 5 2 0 0 0 15 0 0 28 28 1 1 0 27 0
0 0 6 14 4 0 0 0 0 0 0 0 0 0 0 0 0 0 0 0 0 0 13 0 3 0 2 8 0 0 0 27 0 1 8 11 0 0 0 10 1
0 0 5 0 7 0 0 0 0 0 0 0 0 0 0 0 0 0 0 0 0 0 0 0 1 0 3 0 0 0 0 10 0 0 35 30 0 3 0 26 1
0 0 5 15 1 0 1 0 0 0 0 0 0 0 0 0 0 0 0 0 0 0 13 0 5 0 1 9 0 0 0 30 0 1 5 5 0 0 0 2 3
0 0 9 0 6 0 0 0 0 0 0 0 0 0 0 0 0 0 0 0 0 0 0 0 1 0 2 0 1 0 0 5 0 0 32 30 0 3 0 24 0
0 0 5 7 6 0 0 0 0 0 0 0 0 0 0 0 0 0 0 0 0 0 10 0 0 0 4 4 0 0 0 20 0 0 17 22 0 0 0 19 0
0 0 4 18 0 0 1 0 0 0 0 0 0 0 0 0 0 0 0 0 0 0 15 0 6 0 0 12 0 0 0 34 0 1 0 0 0 0 0 0 5
0 0 3 18 0 0 1 0 0 0 0 0 0 0 0 0 0 0 0 0 0 0 15 0 7 0 0 12 0 0 0 39 0 0 0 0 0 0 0 0 8
0 0 6 0 7 0 0 0 0 0 0 0 0 0 0 0 0 0 0 0 0 0 0 0 1 0 3 0 0 0 0 10 0 0 33 31 0 3 0 26 0
0 0 10 0 7 0 0 0 0 0 0 0 0 0 0 0 0 0 0 0 0 0 0 0 1 0 2 0 1 0 0 6 0 0 33 32 0 3 0 25 0
0 0 3 16 0 0 1 0 0 0 0 0 0 0 0 0 0 0 0 0 0 0 15 0 5 0 0 10 0 0 0 29 0 1 0 0 0 0 0 0 4
0 0 7 0 6 0 0 0 0 0 0 0 0 0 0 0 0 0 0 0 0 0 0 0 1 0 2 0 0 0 0 11 0 0 35 32 0 2 0 25 1
0 0 3 17 0 0 1 0 0 0 0 0 0 0 0 0 0 0 0 0 0 0 16 0 9 0 0 15 0 0 0 50 0 0 0 0 0 0 0 0 14
0 0 3 0 7 0 0 0 0 0 0 0 0 0 0 0 0 0 0 0 0 0 0 0 2 0 4 0 0 0 0 12 0 0 35 29 0 3 0 27 0
6 0 16 0 7 0 0 0 0 0 0 0 0 0 0 0 0 0 0 0 0 0 0 0 0 0 0 0 4 0 0 0 0 0 24 33 0 4 0 23 0
0 0 3 18 0 0 1 0 0 0 0 0 0 0 0 0 0 0 0 0 0 0 15 0 7 0 0 13 0 0 0 39 0 0 0 0 0 0 0 0 8
0 0 6 12 3 0 0 0 0 0 0 0 0 0 0 0 0 0 0 0 0 0 12 0 2 0 3 7 0 0 0 24 0 1 9 12 0 0 0 10 0
0 0 3 18 0 0 1 0 0 0 0 0 0 0 0 0 0 0 0 0 0 0 16 0 9 0 0 14 0 0 0 47 0 0 0 0 0 0 0 0 12
0 0 3 17 0 0 1 0 0 0 0 0 0 0 0 0 0 0 0 0 0 0 15 0 9 0 0 14 0 0 0 49 0 0 0 0 0 0 0 0 13
0 0 3 18 0 0 1 0 0 0 0 0 0 0 0 0 0 0 0 0 0 0 15 0 7 0 0 12 0 0 0 34 0 1 0 0 0 0 0 0 6
25 0 18 0 9 0 0 0 0 0 0 0 0 0 0 0 0 0 0 0 0 0 0 0 0 0 0 0 7 1 0 0 0 0 15 35 0 4 0 30 0
0 0 2 0 7 0 0 0 0 0 0 0 0 0 0 0 0 0 0 0 0 0 0 0 0 0 4 0 0 0 0 11 0 0 33 29 0 3 0 27 0
0 0 1 0 6 0 0 0 0 0 0 0 0 0 0 0 0 0 0 0 0 0 3 0 0 0 5 0 0 0 0 13 0 0 31 29 0 2 0 28 0
22 0 18 0 9 0 0 0 0 0 0 0 0 0 0 0 0 0 0 0 0 0 0 0 0 0 0 0 7 0 0 0 0 0 17 35 0 4 0 29 0
0 0 2 0 7 0 0 0 0 0 0 0 0 0 0 0 0 0 0 0 0 0 1 0 0 0 5 0 0 0 0 13 0 0 34 30 0 3 0 29 0
15 0 17 0 9 0 0 0 0 0 0 0 0 0 0 0 0 0 0 0 0 0 0 0 0 0 0 0 6 0 0 0 0 0 21 36 0 4 0 28 0
0 0 0 1 7 0 0 0 0 0 0 0 0 0 0 0 0 0 0 0 0 0 3 0 0 0 5 0 0 0 0 13 0 0 33 29 1 2 0 29 0
8 0 17 0 8 0 0 0 0 0 0 0 0 0 0 0 0 0 0 0 0 0 0 0 0 0 0 0 4 0 0 0 0 0 25 35 0 4 0 25 0
0 0 12 0 6 0 0 0 0 0 0 0 0 0 0 0 0 0 0 0 0 0 0 0 0 0 2 0 2 0 0 4 0 0 30 31 0 3 0 23 0
0 0 3 17 0 0 1 0 0 0 0 0 0 0 0 0 0 0 0 0 0 0 15 0 7 0 0 12 0 0 0 37 0 0 0 0 0 0 0 0 7
0 0 8 0 6 0 0 0 0 0 0 0 0 0 0 0 0 0 0 0 0 0 0 0 1 0 2 0 0 0 0 9 0 0 32 30 0 3 0 24 0
0 0 8 0 7 0 0 0 0 0 0 0 0 0 0 0 0 0 0 0 0 0 0 0 1 0 2 0 0 0 0 9 0 0 35 32 0 3 0 26 0
0 0 12 0 6 0 0 0 0 0 0 0 0 0 0 0 0 0 0 0 0 0 0 0 0 0 2 0 2 0 0 4 0 0 30 30 0 4 0 22 0
0 0 10 0 7 0 0 0 0 0 0 0 0 0 0 0 0 0 0 0 0 0 0 0 1 0 2 0 1 0 0 7 0 0 33 32 0 3 0 24 0
0 0 7 0 7 0 0 0 0 0 0 0 0 0 0 0 0 0 0 0 0 0 0 0 2 0 3 0 0 0 0 9 0 0 34 31 0 3 0 25 0
18 0 18 0 9 0 0 0 0 0 0 0 0 0 0 0 0 0 0 0 0 0 0 0 0 0 0 0 6 0 0 0 0 0 20 36 0 4 0 28 0
0 0 12 0 7 0 0 0 0 0 0 0 0 0 0 0 0 0 0 0 0 0 0 0 0 0 2 0 2 0 0 2 0 0 30 33 0 3 0 24 0
0 0 4 5 7 0 0 0 0 0 0 0 0 0 0 0 0 0 0 0 0 0 10 0 0 0 6 3 0 0 0 18 0 0 21 27 0 0 0 25 0
0 0 6 12 5 0 0 0 0 0 0 0 0 0 0 0 0 0 0 0 0 0 13 0 1 0 3 6 0 0 0 24 0 1 10 17 0 0 0 15 0
0 0 6 0 6 0 0 0 0 0 0 0 0 0 0 0 0 0 0 0 0 0 0 0 1 0 3 0 0 0 0 10 0 0 35 30 0 2 0 26 1
0 0 6 0 6 0 0 0 0 0 0 0 0 0 0 0 0 0 0 0 0 0 0 0 1 0 3 0 0 0 0 10 0 0 33 30 0 3 0 25 1
0 0 2 0 7 0 0 0 0 0 0 0 0 0 0 0 0 0 0 0 0 0 0 0 1 0 4 0 0 0 0 14 0 0 35 30 0 2 0 28 0
0 0 3 17 0 0 1 0 0 0 0 0 0 0 0 0 0 0 0 0 0 0 15 0 6 0 0 11 0 0 0 32 0 1 0 0 0 0 0 0 5
0 0 4 5 7 0 0 0 0 0 0 0 0 0 0 0 0 0 0 0 0 0 9 0 0 0 6 3 0 0 0 17 0 0 22 26 1 1 0 25 0
0 0 2 18 0 0 1 0 0 0 0 0 0 0 0 0 0 0 0 0 0 0 16 0 9 0 0 16 0 0 0 52 0 0 0 0 0 0 0 0 17
0 0 5 7 7 0 0 0 0 0 0 0 0 0 0 0 0 0 0 0 0 0 12 0 0 0 5 3 0 0 0 20 0 0 16 24 0 0 0 22 0
0 0 1 1 6 0 0 0 0 0 0 0 0 0 0 0 0 0 0 0 0 0 1 0 1 0 4 1 0 0 0 13 0 0 34 28 0 2 0 26 0
0 0 5 10 5 0 0 0 0 0 0 0 0 0 0 0 0 0 0 0 0 0 11 0 2 0 4 6 0 0 0 23 0 0 18 19 1 0 0 17 0
11 0 16 0 7 0 0 0 0 0 0 0 0 0 0 0 0 0 0 0 0 0 0 0 0 0 0 0 5 0 0 0 0 0 22 33 0 3 0 24 0
6 0 15 0 8 0 0 0 0 0 0 0 0 0 0 0 0 0 0 0 0 0 0 0 0 0 0 0 4 0 0 0 0 0 25 33 0 4 0 24 0
0 0 4 17 0 0 1 0 0 0 0 0 0 0 0 0 0 0 0 0 0 0 15 0 5 0 0 10 0 0 0 29 0 2 0 0 0 0 1 0 3
0 0 2 3 9 0 0 0 0 0 0 0 0 0 0 0 0 0 0 0 0 0 4 0 1 0 6 1 0 0 0 16 0 0 32 30 1 2 0 29 0
0 0 3 16 0 0 1 0 0 0 0 0 0 0 0 0 0 0 0 0 0 0 15 0 9 0 0 14 0 0 0 48 0 0 0 0 0 0 0 0 14
0 0 3 18 0 0 1 0 0 0 0 0 0 0 0 0 0 0 0 0 0 0 16 0 8 0 0 14 0 0 0 47 0 0 0 0 0 0 0 0 12
0 0 2 2 7 0 0 0 0 0 0 0 0 0 0 0 0 0 0 0 0 0 8 0 0 0 6 1 0 0 0 14 0 0 25 30 0 1 0 28 0
0 0 2 1 7 0 0 0 0 0 0 0 0 0 0 0 0 0 0 0 0 0 2 0 1 0 4 0 0 0 0 12 0 0 31 28 1 2 0 26 0
17 0 17 0 9 0 0 0 0 0 0 0 0 0 0 0 0 0 0 0 0 0 0 0 0 0 0 0 6 0 0 0 0 0 19 35 0 4 0 27 0
0 0 1 2 7 0 0 0 0 0 0 0 0 0 0 0 0 0 0 0 0 0 5 0 0 0 5 1 0 0 0 13 0 0 29 28 0 2 0 27 0
0 0 5 5 6 0 0 0 0 0 0 0 0 0 0 0 0 0 0 0 0 0 9 0 0 0 6 3 0 0 0 17 0 0 17 23 0 0 0 21 0
0 0 7 11 5 0 0 0 0 0 0 0 0 0 0 0 0 0 0 0 0 0 12 0 2 0 4 6 0 0 0 24 0 0 15 19 0 0 0 16 0
0 0 2 17 0 0 1 0 0 0 0 0 0 0 0 0 0 0 0 0 0 0 15 0 7 0 0 13 0 0 0 42 0 0 0 0 0 0 0 0 10
36 0 19 0 11 0 0 0 0 0 0 0 0 0 0 0 0 0 0 0 0 0 0 0 0 0 0 0 9 2 0 0 0 0 11 37 0 4 0 35 0
0 0 0 1 6 0 0 0 0 0 0 0 0 0 0 0 0 0 0 0 0 0 3 0 1 0 4 1 0 0 0 14 0 0 33 28 1 2 0 27 0
0 0 4 17 0 0 1 0 0 0 0 0 0 0 0 0 0 0 0 0 0 0 15 0 7 0 0 12 0 0 0 37 0 0 0 0 0 0 0 0 7
0 0 1 0 6 0 0 0 0 0 0 0 0 0 0 0 0 0 0 0 0 0 0 0 1 0 4 0 0 0 0 12 0 0 33 28 0 2 0 26 0
0 0 1 3 7 0 0 0 0 0 0 0 0 0 0 0 0 0 0 0 0 0 3 0 2 0 5 2 0 0 0 15 0 0 34 28 1 2 0 26 0
0 0 1 18 0 0 2 0 0 0 0 0 0 0 0 0 0 0 0 0 0 0 16 0 9 0 0 17 0 0 0 53 0 0 0 0 0 0 0 0 19
0 0 12 0 8 0 0 0 0 0 0 0 0 0 0 0 0 0 0 0 0 0 0 0 0 0 2 0 2 0 0 2 0 0 29 33 0 4 0 25 0
0 0 6 8 6 0 0 0 0 0 0 0 0 0 0 0 0 0 0 0 0 0 10 0 1 0 5 4 0 0 0 21 0 0 18 23 1 0 0 20 0
5 0 16 0 7 0 0 0 0 0 0 0 0 0 0 0 0 0 0 0 0 0 0 0 0 0 0 0 4 0 0 0 0 0 25 34 0 4 0 24 0
16 0 17 0 8 0 0 0 0 0 0 0 0 0 0 0 0 0 0 0 0 0 0 0 0 0 0 0 6 0 0 0 0 0 21 34 0 4 0 27 0
0 0 2 3 7 0 0 0 0 0 0 0 0 0 0 0 0 0 0 0 0 0 8 0 0 0 6 2 0 0 0 16 0 0 24 28 0 1 0 28 0
0 0 4 0 7 0 0 0 0 0 0 0 0 0 0 0 0 0 0 0 0 0 0 0 1 0 3 0 0 0 0 10 0 0 34 30 0 2 0 27 0
0 0 4 5 6 0 0 0 0 0 0 0 0 0 0 0 0 0 0 0 0 0 10 0 0 0 6 3 0 0 0 17 0 0 19 25 0 0 0 24 0
0 0 1 19 0 0 1 0 0 0 0 0 0 0 0 0 0 0 0 0 0 0 17 0 10 0 0 18 0 0 0 55 0 0 0 0 0 0 0 0 20
0 0 0 0 7 0 0 0 0 0 0 0 0 0 0 0 0 0 0 0 0 0 2 0 0 0 5 0 0 0 0 13 0 0 33 29 0 2 0 28 0
0 0 5 0 8 0 0 0 0 0 0 0 0 0 0 0 0 0 0 0 0 0 0 0 1 0 4 0 0 0 0 11 0 0 33 32 0 2 0 27 0
0 0 4 16 1 0 1 0 0 0 0 0 0 0 0 0 0 0 0 0 0 0 14 0 5 0 0 9 0 0 0 30 0 1 3 2 0 0 0 1 3
0 0 4 0 6 0 0 0 0 0 0 0 0 0 0 0 0 0 0 0 0 0 0 0 0 0 4 0 0 0 0 10 0 0 33 29 0 3 0 26 0
0 0 2 0 7 0 0 0 0 0 0 0 0 0 0 0 0 0 0 0 0 0 0 0 1 0 3 0 0 0 0 13 0 0 35 30 1 2 0 27 0
0 0 5 7 7 0 0 0 0 0 0 0 0 0 0 0 0 0 0 0 0 0 9 0 1 0 5 4 0 0 0 20 0 0 22 25 1 1 0 23 0
0 0 5 7 6 0 0 0 0 0 0 0 0 0 0 0 0 0 0 0 0 0 11 0 0 0 5 4 0 0 0 20 0 0 19 24 1 0 0 22 0
0 0 1 2 7 0 0 0 0 0 0 0 0 0 0 0 0 0 0 0 0 0 7 0 0 0 6 2 0 0 0 14 0 0 27 28 1 1 0 28 0
0 0 5 15 2 0 1 0 0 0 0 0 0 0 0 0 0 0 0 0 0 0 14 0 4 0 1 9 0 0 0 28 0 1 5 6 0 0 0 5 2
0 0 3 0 7 0 0 0 0 0 0 0 0 0 0 0 0 0 0 0 0 0 0 0 0 0 4 0 0 0 0 10 0 0 33 30 0 3 0 27 0
0 0 2 0 7 0 0 0 0 0 0 0 0 0 0 0 0 0 0 0 0 0 0 0 1 0 4 0 0 0 0 12 0 0 34 29 0 2 0 27 0
0 0 3 18 0 0 1 0 0 0 0 0 0 0 0 0 0 0 0 0 0 0 16 0 9 0 0 15 0 0 0 49 0 0 0 0 0 0 0 0 13
4 0 16 0 7 0 0 0 0 0 0 0 0 0 0 0 0 0 0 0 0 0 0 0 0 0 1 0 3 0 0 0 0 0 26 34 0 4 0 23 0
8 0 16 0 8 0 0 0 0 0 0 0 0 0 0 0 0 0 0 0 0 0 0 0 0 0 0 0 4 0 0 0 0 0 23 33 0 4 0 25 0
