7 0 14 0 0 0 0 0 0 0 0 0 0 0 0 0 0 0 0 0 0 0 0 0 1 0 0 0 0 0 0 24 0 0 35 39 0 0 0 34 0
0 1 20 0 0 0 0 0 0 0 0 0 0 0 0 0 0 0 0 0 0 0 7 0 0 0 10 0 0 0 0 12 4 0 26 31 0 0 0 42 0
7 0 23 0 0 0 0 0 0 0 0 0 0 0 0 0 0 0 0 0 0 0 0 0 0 0 0 0 0 0 0 20 0 0 44 48 0 0 0 44 0
0 0 9 0 2 0 0 0 0 0 0 0 0 0 0 0 0 0 0 0 0 0 22 0 0 0 25 0 0 0 0 26 0 0 9 26 0 0 4 31 0
0 1 15 0 0 0 0 0 0 0 0 0 0 0 0 0 0 0 0 0 0 0 16 0 0 0 17 0 0 0 0 19 2 0 20 31 0 0 1 39 0
1 0 32 0 0 0 0 0 0 0 0 0 0 0 0 0 0 0 0 0 0 0 0 0 0 0 0 0 0 0 0 14 2 0 50 51 0 0 0 52 4
0 3 27 0 0 0 0 0 0 0 0 0 0 0 0 0 0 0 0 0 0 0 6 0 0 1 2 0 0 0 0 8 6 0 34 39 0 0 0 47 0
0 3 30 0 0 0 0 0 0 0 0 0 0 0 0 0 0 0 0 0 0 0 2 0 0 0 0 0 0 0 0 9 6 0 39 43 0 0 0 50 1
1 0 35 0 0 0 0 0 0 0 0 0 0 0 0 0 0 0 0 0 0 0 0 0 0 0 0 0 0 0 0 13 3 0 51 52 0 0 0 54 5
0 2 27 0 0 0 0 0 0 0 0 0 0 0 0 0 0 0 0 0 0 0 2 0 0 1 0 0 0 0 0 9 5 0 37 40 0 0 0 48 1
0 2 20 0 0 0 0 0 0 0 0 0 0 0 0 0 0 0 0 0 0 0 14 0 0 0 10 0 0 0 0 17 4 0 26 34 0 0 0 43 0
0 3 34 0 0 0 0 0 0 0 0 0 0 0 0 0 0 0 0 0 0 0 0 0 0 0 0 0 0 0 0 8 7 0 44 46 0 0 0 52 3
0 1 36 0 0 0 0 0 0 0 0 0 0 0 0 0 0 0 0 0 0 0 0 0 0 0 0 1 0 0 0 11 4 0 50 51 0 0 0 53 4
0 3 27 0 0 0 0 0 0 0 0 0 0 0 0 0 0 0 0 0 0 0 8 0 0 0 4 0 0 0 0 10 6 0 33 39 0 0 0 48 0
7 0 16 0 0 0 0 0 0 0 0 0 0 0 0 0 0 0 0 0 0 0 0 0 1 0 0 0 0 0 0 24 0 0 37 41 0 0 0 35 0
3 0 32 0 0 0 0 0 0 0 0 0 0 0 0 0 0 0 0 0 0 0 0 0 0 0 0 0 0 0 0 16 0 0 50 51 0 1 0 51 3
8 0 13 0 0 0 0 0 0 0 0 0 0 0 0 0 0 0 0 0 0 0 0 0 1 0 0 0 0 0 0 26 0 0 34 39 0 0 0 35 0
0 3 32 0 0 0 0 0 0 0 0 0 0 0 0 0 0 0 0 0 0 0 3 0 0 0 0 0 0 0 0 8 7 0 40 43 0 0 0 51 2
3 0 29 0 0 0 0 0 0 0 0 0 0 0 0 0 0 0 0 0 0 0 0 0 0 0 0 0 0 0 0 16 0 0 46 48 0 0 0 47 2
0 0 31 1 0 0 0 0 0 0 0 0 0 0 0 0 0 0 0 0 0 0 0 0 0 0 0 0 0 0 0 11 2 0 47 47 0 0 0 49 3
0 3 27 0 0 0 0 0 0 0 0 0 0 0 0 0 0 0 0 0 0 0 6 0 0 0 1 0 0 0 0 10 6 0 33 38 0 0 0 47 0
0 0 12 0 0 0 0 0 0 0 0 0 0 0 0 0 0 0 0 0 0 0 19 0 0 0 21 0 0 0 0 23 1 0 15 28 0 0 2 35 0
1 1 33 1 0 0 0 0 0 0 0 0 0 0 0 0 0 0 0 0 0 0 0 0 0 0 0 0 0 0 0 12 2 0 49 51 0 0 0 51 3
1 0 31 1 0 0 0 0 0 0 0 0 0 0 0 0 0 0 0 0 0 0 0 0 0 0 0 0 0 0 0 13 2 0 47 49 0 0 0 49 3
0 0 10 0 2 0 0 0 0 0 0 0 0 0 0 0 0 0 0 0 0 0 19 0 0 0 24 0 0 0 0 24 1 0 11 26 0 0 4 32 0
0 0 5 0 7 0 0 0 0 0 0 0 0 0 0 0 0 0 0 0 0 0 23 0 0 0 32 0 0 0 0 35 0 0 0 20 0 2 9 23 0
7 0 15 0 0 0 0 0 0 0 0 0 0 0 0 0 0 0 0 0 0 0 0 0 1 0 0 0 0 0 0 23 0 0 35 38 0 0 0 33 0
0 2 36 1 0 0 0 0 0 0 0 0 0 0 0 0 0 0 0 0 0 0 0 0 0 0 0 1 0 0 0 9 5 0 48 47 0 0 0 53 4
0 2 39 0 0 0 0 0 0 0 0 0 0 0 0 0 0 0 0 0 0 0 0 0 0 0 0 1 0 0 0 10 7 0 51 51 0 0 0 55 5
0 3 37 1 0 0 0 0 0 0 0 0 0 0 0 0 0 0 0 0 0 0 0 0 0 0 0 0 0 0 0 10 6 0 51 51 0 0 0 54 4
0 0 8 0 4 0 0 0 0 0 0 0 0 0 0 0 0 0 0 0 0 0 22 0 0 0 27 0 0 0 0 28 0 0 6 25 0 0 5 30 0
0 2 37 1 0 0 0 0 0 0 0 0 0 0 0 0 0 0 0 0 0 0 0 0 0 0 0 0 0 0 0 11 5 0 51 52 0 0 0 54 4
8 0 20 0 0 0 0 0 0 0 0 0 0 0 0 0 0 0 0 0 0 0 0 0 1 0 0 0 0 0 0 22 0 0 42 45 0 0 0 40 1
0 2 27 0 0 0 0 0 0 0 0 0 0 0 0 0 0 0 0 0 0 0 4 0 0 0 2 0 0 0 0 9 5 0 35 39 0 0 0 48 0
6 0 24 0 0 0 0 0 0 0 0 0 0 0 0 0 0 0 0 0 0 0 0 0 0 0 0 0 0 0 0 19 0 0 45 48 0 0 0 43 1
2 0 30 0 0 0 0 0 0 0 0 0 0 0 0 0 0 0 0 0 0 0 0 0 0 0 0 0 0 0 0 14 0 0 48 51 0 0 0 49 3
7 0 12 0 0 0 0 0 0 0 0 0 0 0 0 0 0 0 0 0 0 0 0 0 2 0 0 0 0 0 0 26 0 0 32 36 0 1 0 31 0
0 0 13 0 0 0 0 0 0 0 0 0 0 0 0 0 0 0 0 0 0 0 21 0 0 0 19 0 0 0 0 22 2 0 14 30 0 0 2 37 0
5 0 22 0 0 0 0 0 0 0 0 0 0 0 0 0 0 0 0 0 0 0 0 0 0 0 0 0 0 0 0 18 0 0 41 44 0 0 0 41 0
0 2 38 1 0 0 0 0 0 0 0 0 0 0 0 0 0 0 0 0 0 0 0 0 0 0 0 1 0 0 0 12 6 0 53 52 0 0 0 55 5
6 0 20 0 0 0 0 0 0 0 0 0 0 0 0 0 0 0 0 0 0 0 0 0 0 0 0 0 0 0 0 20 0 0 41 44 0 0 0 40 0
0 2 21 0 0 0 0 0 0 0 0 0 0 0 0 0 0 0 0 0 0 0 13 0 0 0 11 0 0 0 0 15 3 0 26 35 0 0 0 44 0
5 0 26 0 0 0 0 0 0 0 0 0 0 0 0 0 0 0 0 0 0 0 0 0 0 0 0 0 0 0 0 18 0 0 45 48 0 0 0 45 1
0 3 23 0 0 0 0 0 0 0 0 0 0 0 0 0 0 0 0 0 0 0 11 0 0 0 6 0 0 0 0 14 5 0 29 37 0 0 0 45 0
0 2 35 1 0 0 0 0 0 0 0 0 0 0 0 0 0 0 0 0 0 0 0 0 0 0 0 0 0 0 0 11 4 0 50 51 0 0 0 53 4
2 0 29 0 0 0 0 0 0 0 0 0 0 0 0 0 0 0 0 0 0 0 0 0 0 0 0 0 0 0 0 14 0 0 47 48 0 0 0 46 2
3 1 35 1 0 0 0 0 0 0 0 0 0 0 0 0 0 0 0 0 0 0 0 0 0 0 0 0 0 0 0 14 3 0 52 54 0 0 0 52 5
0 0 6 0 7 0 0 0 0 0 0 0 0 0 0 0 0 0 0 0 0 0 24 0 0 0 32 0 0 0 0 35 0 0 0 23 0 1 8 25 0
0 0 7 0 4 0 0 0 0 0 0 0 0 0 0 0 0 0 0 0 0 0 24 0 0 0 29 0 0 0 0 29 0 0 4 22 0 0 5 29 0
0 1 17 0 0 0 0 0 0 0 0 0 0 0 0 0 0 0 0 0 0 0 16 0 0 0 15 0 0 0 0 18 3 0 21 31 0 0 0 40 0
5 0 26 0 0 0 0 0 0 0 0 0 0 0 0 0 0 0 0 0 0 0 0 0 0 0 0 0 0 0 0 18 0 0 47 50 0 0 0 45 1
0 0 1 0 12 0 0 0 0 0 0 0 0 0 0 0 0 0 0 0 0 0 30 0 0 0 41 0 0 0 0 42 0 0 0 15 0 5 12 14 0
0 0 8 0 3 0 0 0 0 0 0 0 0 0 0 0 0 0 0 0 0 0 21 0 0 0 25 0 0 0 0 28 0 0 7 26 0 0 5 30 0
0 1 19 0 0 0 0 0 0 0 0 0 0 0 0 0 0 0 0 0 0 0 13 0 0 0 13 0 0 0 0 16 3 0 24 33 0 0 0 41 0
0 0 9 0 2 0 0 0 0 0 0 0 0 0 0 0 0 0 0 0 0 0 23 0 0 0 27 0 0 0 0 27 1 0 8 25 0 0 4 32 0
0 2 33 1 0 0 0 0 0 0 0 0 0 0 0 0 0 0 0 0 0 0 0 0 0 0 0 0 0 0 0 11 5 0 48 50 0 0 0 52 4
0 0 0 0 31 0 0 0 0 0 0 0 0 0 0 0 0 0 0 0 0 0 38 0 0 0 72 0 0 0 0 94 0 0 0 0 0 35 29 0 3
0 1 17 0 0 0 0 0 0 0 0 0 0 0 0 0 0 0 0 0 0 0 14 0 0 0 14 0 0 0 0 17 3 0 22 32 0 0 1 40 0
0 3 24 0 0 0 0 0 0 0 0 0 0 0 0 0 0 0 0 0 0 0 11 0 0 0 7 0 0 0 0 14 5 0 29 35 0 0 0 45 0
0 2 31 1 0 0 0 0 0 0 0 0 0 0 0 0 0 0 0 0 0 0 0 0 0 0 0 0 0 0 0 10 5 0 43 44 0 0 0 50 2
0 3 33 0 0 0 0 0 0 0 0 0 0 0 0 0 0 0 0 0 0 0 0 0 0 0 0 0 0 0 0 7 7 0 42 43 0 0 0 50 3
0 2 31 0 0 0 0 0 0 0 0 0 0 0 0 0 0 0 0 0 0 0 3 0 0 0 0 0 0 0 0 10 6 0 38 42 0 1 0 50 2
0 0 9 0 2 0 0 0 0 0 0 0 0 0 0 0 0 0 0 0 0 0 19 0 0 0 24 0 0 0 0 25 0 0 10 26 0 0 5 32 0
0 0 1 0 14 0 0 0 0 0 0 0 0 0 0 0 0 0 0 0 0 0 32 0 0 0 47 0 0 0 0 51 0 0 0 8 0 9 14 4 0
5 0 19 0 0 0 0 0 0 0 0 0 0 0 0 0 0 0 0 0 0 0 0 0 0 0 0 0 0 0 0 21 0 0 38 41 0 0 0 37 0
6 0 25 0 0 0 0 0 0 0 0 0 0 0 0 0 0 0 0 0 0 0 0 0 0 0 0 0 0 0 0 18 0 0 45 47 0 0 0 43 1
0 3 36 0 0 0 0 0 0 0 0 0 0 0 0 0 0 0 0 0 0 0 0 0 0 0 0 0 0 0 0 9 7 0 49 50 0 0 0 55 4
0 0 0 0 16 0 0 0 0 0 0 0 0 0 0 0 0 0 0 0 0 0 33 0 0 0 50 0 0 0 0 55 0 0 0 6 0 12 16 0 0
0 0 0 0 16 0 0 0 0 0 0 0 0 0 0 0 0 0 0 0 0 0 32 0 0 0 50 0 0 0 0 57 0 0 0 4 0 13 16 0 0
0 0 10 0 1 0 0 0 0 0 0 0 0 0 0 0 0 0 0 0 0 0 22 0 0 0 24 0 0 0 0 25 1 0 11 27 0 0 4 33 0
0 2 34 1 0 0 0 0 0 0 0 0 0 0 0 0 0 0 0 0 0 0 0 0 0 0 0 0 0 0 0 9 7 0 44 45 0 0 0 52 3
3 0 30 0 0 0 0 0 0 0 0 0 0 0 0 0 0 0 0 0 0 0 0 0 0 0 0 0 0 0 0 16 0 0 49 51 0 1 0 48 3
11 0 0 0 0 0 0 0 0 0 0 0 0 0 0 0 0 0 0 0 0 0 0 0 9 0 0 0 0 0 1 41 0 0 16 27 0 6 0 17 0
0 2 36 0 0 0 0 0 0 0 0 0 0 0 0 0 0 0 0 0 0 0 0 0 0 0 0 1 0 0 0 10 6 0 49 49 0 0 0 54 4
0 2 19 0 0 0 0 0 0 0 0 0 0 0 0 0 0 0 0 0 0 0 15 0 0 0 13 0 0 0 0 18 3 0 24 34 0 0 0 42 0
0 0 8 0 3 0 0 0 0 0 0 0 0 0 0 0 0 0 0 0 0 0 20 0 0 0 26 0 0 0 0 29 0 0 8 26 0 0 6 30 0
0 1 12 0 0 0 0 0 0 0 0 0 0 0 0 0 0 0 0 0 0 0 21 0 0 0 22 0 0 0 0 23 2 0 14 28 0 0 3 35 0
4 0 31 1 0 0 0 0 0 0 0 0 0 0 0 0 0 0 0 0 0 0 0 0 0 0 0 0 0 0 0 16 0 0 49 52 0 0 0 50 3
0 0 1 0 12 0 0 0 0 0 0 0 0 0 0 0 0 0 0 0 0 0 30 0 0 0 40 0 0 0 0 43 0 0 0 16 0 5 12 14 0
0 3 25 0 0 0 0 0 0 0 0 0 0 0 0 0 0 0 0 0 0 0 11 0 0 0 6 0 0 0 0 13 5 0 30 38 0 0 0 46 0
4 0 27 0 0 0 0 0 0 0 0 0 0 0 0 0 0 0 0 0 0 0 0 0 0 0 0 0 0 0 0 17 0 0 46 48 0 0 0 45 1
6 0 22 0 0 0 0 0 0 0 0 0 0 0 0 0 0 0 0 0 0 0 0 0 0 0 0 0 0 0 0 20 0 0 43 47 0 0 0 42 1
4 0 26 0 0 0 0 0 0 0 0 0 0 0 0 0 0 0 0 0 0 0 0 0 0 0 0 0 0 0 0 17 0 0 46 48 0 0 0 44 2
0 3 35 0 0 0 0 0 0 0 0 0 0 0 0 0 0 0 0 0 0 0 0 0 0 0 0 0 0 0 0 8 8 0 44 45 0 0 0 52 3
0 3 26 0 0 0 0 0 0 0 0 0 0 0 0 0 0 0 0 0 0 0 10 0 0 0 7 0 0 0 0 11 6 0 29 36 0 0 0 46 0
0 2 28 0 0 0 0 0 0 0 0 0 0 0 0 0 0 0 0 0 0 0 3 0 0 0 0 0 0 0 0 9 5 0 37 41 0 0 0 50 1
10 0 4 0 0 0 0 0 0 0 0 0 0 0 0 0 0 0 0 0 0 0 0 0 6 0 0 0 0 0 0 35 0 0 22 31 0 5 0 22 0
0 2 34 1 0 0 0 0 0 0 0 0 0 0 0 0 0 0 0 0 0 0 0 0 0 0 0 0 0 0 0 11 4 0 49 52 0 0 0 54 4
0 2 19 0 0 0 0 0 0 0 0 0 0 0 0 0 0 0 0 0 0 0 14 0 0 0 13 0 0 0 0 18 3 0 24 33 0 0 0 42 0
5 0 26 0 0 0 0 0 0 0 0 0 0 0 0 0 0 0 0 0 0 0 0 0 0 0 0 0 0 0 0 18 0 0 46 48 0 0 0 45 0
0 0 12 0 0 0 0 0 0 0 0 0 0 0 0 0 0 0 0 0 0 0 20 0 0 0 21 0 0 0 0 22 1 0 13 28 0 0 3 35 0
0 1 15 0 0 0 0 0 0 0 0 0 0 0 0 0 0 0 0 0 0 0 18 0 0 0 18 0 0 0 0 21 2 0 19 29 0 0 1 38 0
5 0 28 0 0 0 0 0 0 0 0 0 0 0 0 0 0 0 0 0 0 0 0 0 0 0 0 0 0 0 0 17 0 0 47 50 0 0 0 46 3
0 2 35 1 0 0 0 0 0 0 0 0 0 0 0 0 0 0 0 0 0 0 0 0 0 0 0 1 0 0 0 10 6 0 47 47 0 0 0 52 4
0 0 7 0 4 0 0 0 0 0 0 0 0 0 0 0 0 0 0 0 0 0 22 0 0 0 28 0 0 0 0 28 0 0 4 22 0 0 5 28 0
0 0 4 0 8 0 0 0 0 0 0 0 0 0 0 0 0 0 0 0 0 0 27 0 0 0 35 0 0 0 0 36 0 0 0 20 0 2 9 21 0
5 0 27 0 0 0 0 0 0 0 0 0 0 0 0 0 0 0 0 0 0 0 0 0 0 0 0 0 0 0 0 17 0 0 47 50 0 0 0 45 2
0 1 36 0 0 0 0 0 0 0 0 0 0 0 0 0 0 0 0 0 0 0 0 0 0 0 0 1 0 0 0 11 5 0 50 50 0 0 0 53 5
0 0 11 0 1 0 0 0 0 0 0 0 0 0 0 0 0 0 0 0 0 0 20 0 0 0 22 0 0 0 0 23 1 0 13 26 0 0 3 34 0
0 3 26 0 0 0 0 0 0 0 0 0 0 0 0 0 0 0 0 0 0 0 9 0 0 0 4 0 0 0 0 12 6 0 32 39 0 0 0 48 0
0 0 17 0 0 0 0 0 0 0 0 0 0 0 0 0 0 0 0 0 0 0 13 0 0 0 13 0 0 0 0 16 3 0 23 32 0 0 0 42 0
0 0 2 0 10 0 0 0 0 0 0 0 0 0 0 0 0 0 0 0 0 0 29 0 0 0 38 0 0 0 0 39 0 0 0 17 0 2 10 19 0
8 0 9 0 0 0 0 0 0 0 0 0 0 0 0 0 0 0 0 0 0 0 0 0 4 0 0 0 0 0 0 31 0 0 29 36 0 2 0 29 0
0 3 26 0 0 0 0 0 0 0 0 0 0 0 0 0 0 0 0 0 0 0 9 0 0 1 5 0 0 0 0 10 5 0 32 39 0 0 0 46 0
5 0 28 0 0 0 0 0 0 0 0 0 0 0 0 0 0 0 0 0 0 0 0 0 0 0 0 0 0 0 0 17 0 0 49 51 0 0 0 47 3
0 2 29 0 0 0 0 0 0 0 0 0 0 0 0 0 0 0 0 0 0 0 3 0 0 0 0 0 0 0 0 8 6 0 37 41 0 0 0 49 1
8 0 10 0 0 0 0 0 0 0 0 0 0 0 0 0 0 0 0 0 0 0 0 0 3 0 0 0 0 0 0 29 0 0 30 36 0 2 0 30 0
0 1 16 0 0 0 0 0 0 0 0 0 0 0 0 0 0 0 0 0 0 0 17 0 0 0 16 0 0 0 0 19 3 0 19 31 0 0 1 39 0
0 0 0 0 24 0 0 0 0 0 0 0 0 0 0 0 0 0 0 0 0 0 33 0 0 0 60 0 0 0 0 75 0 0 0 0 0 24 22 0 0
6 0 16 0 0 0 0 0 0 0 0 0 0 0 0 0 0 0 0 0 0 0 0 0 2 0 0 0 0 0 0 23 0 0 37 41 0 0 0 36 0
0 0 11 0 1 0 0 0 0 0 0 0 0 0 0 0 0 0 0 0 0 0 20 0 0 0 23 0 0 0 0 24 1 0 12 28 0 0 4 33 0
6 0 23 0 0 0 0 0 0 0 0 0 0 0 0 0 0 0 0 0 0 0 0 0 0 0 0 0 0 0 0 19 0 0 45 48 0 0 0 43 2
0 0 1 0 12 0 0 0 0 0 0 0 0 0 0 0 0 0 0 0 0 0 31 0 0 0 41 0 0 0 0 42 0 0 0 14 0 3 11 16 0
8 0 10 0 0 0 0 0 0 0 0 0 0 0 0 0 0 0 0 0 0 0 0 0 3 0 0 0 0 0 0 29 0 0 31 37 0 1 0 30 0
0 2 18 0 0 0 0 0 0 0 0 0 0 0 0 0 0 0 0 0 0 0 15 0 0 0 14 0 0 0 0 17 4 0 23 31 0 0 0 42 0
0 0 6 0 5 0 0 0 0 0 0 0 0 0 0 0 0 0 0 0 0 0 22 0 0 0 29 0 0 0 0 32 0 0 4 24 0 0 7 27 0
5 0 25 0 0 0 0 0 0 0 0 0 0 0 0 0 0 0 0 0 0 0 0 0 0 0 0 0 0 0 0 17 0 0 44 45 0 0 0 42 2
6 0 27 0 0 0 0 0 0 0 0 0 0 0 0 0 0 0 0 0 0 0 0 0 0 0 0 0 0 0 0 17 0 0 47 50 0 0 0 45 2
1 1 37 0 0 0 0 0 0 0 0 0 0 0 0 0 0 0 0 0 0 0 0 0 0 0 0 0 0 0 0 14 3 0 54 54 0 0 0 55 5
5 0 24 0 0 0 0 0 0 0 0 0 0 0 0 0 0 0 0 0 0 0 0 0 0 0 0 0 0 0 0 18 0 0 45 47 0 0 0 43 1
9 0 7 0 0 0 0 0 0 0 0 0 0 0 0 0 0 0 0 0 0 0 0 0 4 0 0 0 0 0 0 32 0 0 27 35 0 3 0 28 0
0 4 27 0 0 0 0 0 0 0 0 0 0 0 0 0 0 0 0 0 0 0 9 0 0 0 6 0 0 0 0 11 7 0 32 38 0 0 0 47 0
0 2 18 0 0 0 0 0 0 0 0 0 0 0 0 0 0 0 0 0 0 0 15 0 0 0 13 0 0 0 0 16 4 0 23 32 0 0 0 42 0
0 0 6 0 5 0 0 0 0 0 0 0 0 0 0 0 0 0 0 0 0 0 24 0 0 0 31 0 0 0 0 31 0 0 2 20 0 0 6 26 0
0 2 31 0 0 0 0 0 0 0 0 0 0 0 0 0 0 0 0 0 0 0 2 0 0 0 0 0 0 0 0 9 7 0 39 42 0 0 0 51 2
0 3 34 0 0 0 0 0 0 0 0 0 0 0 0 0 0 0 0 0 0 0 0 0 0 0 0 0 0 0 0 8 7 0 43 45 0 0 0 52 3
0 2 36 1 0 0 0 0 0 0 0 0 0 0 0 0 0 0 0 0 0 0 0 0 0 0 0 0 0 0 0 12 5 0 51 51 0 0 0 54 4
0 3 28 0 0 0 0 0 0 0 0 0 0 0 0 0 0 0 0 0 0 0 6 0 0 0 0 0 0 0 0 10 7 0 35 39 0 0 0 48 1
9 0 10 0 0 0 0 0 0 0 0 0 0 0 0 0 0 0 0 0 0 0 0 0 3 0 0 0 0 0 0 30 0 0 30 36 0 1 0 29 0
0 2 18 0 0 0 0 0 0 0 0 0 0 0 0 0 0 0 0 0 0 0 15 0 0 0 13 0 0 0 0 17 3 0 23 32 0 0 0 42 0
0 2 27 1 0 0 0 0 0 0 0 0 0 0 0 0 0 0 0 0 0 0 2 0 0 0 0 0 0 0 0 7 5 0 36 39 0 0 0 47 0
2 0 32 1 0 0 0 0 0 0 0 0 0 0 0 0 0 0 0 0 0 0 0 0 0 0 0 0 0 0 0 15 1 0 50 51 0 0 0 50 4
0 0 12 0 1 0 0 0 0 0 0 0 0 0 0 0 0 0 0 0 0 0 21 0 0 0 21 0 0 0 0 23 1 0 13 28 0 0 3 35 0
0 0 0 0 15 0 0 0 0 0 0 0 0 0 0 0 0 0 0 0 0 0 30 0 0 0 47 0 0 0 0 54 0 0 0 6 0 12 15 0 0
10 0 5 0 0 0 0 0 0 0 0 0 0 0 0 0 0 0 0 0 0 0 0 0 6 0 0 0 0 0 1 36 0 0 24 32 0 4 0 24 0
6 0 22 0 0 0 0 0 0 0 0 0 0 0 0 0 0 0 0 0 0 0 0 0 0 0 0 0 0 0 0 20 0 0 42 45 0 0 0 41 0
7 0 12 0 0 0 0 0 0 0 0 0 0 0 0 0 0 0 0 0 0 0 0 0 3 0 0 0 0 0 0 28 0 0 32 38 0 1 0 32 0
0 0 5 0 6 0 0 0 0 0 0 0 0 0 0 0 0 0 0 0 0 0 26 0 0 0 33 0 0 0 0 35 0 0 0 22 0 0 7 25 0
7 0 23 0 0 0 0 0 0 0 0 0 0 0 0 0 0 0 0 0 0 0 0 0 0 0 0 0 0 0 0 19 0 0 43 46 0 1 0 42 0
1 1 37 1 0 0 0 0 0 0 0 0 0 0 0 0 0 0 0 0 0 0 0 0 0 0 0 0 0 0 0 14 4 0 53 54 0 0 0 54 5
0 3 28 0 0 0 0 0 0 0 0 0 0 0 0 0 0 0 0 0 0 0 6 0 0 1 1 0 0 0 0 8 6 0 35 40 0 0 0 49 0
6 0 15 0 0 0 0 0 0 0 0 0 0 0 0 0 0 0 0 0 0 0 0 0 1 0 0 0 0 0 0 22 0 0 36 40 0 1 0 35 0
0 3 32 0 0 0 0 0 0 0 0 0 0 0 0 0 0 0 0 0 0 0 4 0 0 0 0 0 0 0 0 9 7 0 38 42 0 0 0 51 1
0 0 8 0 4 0 0 0 0 0 0 0 0 0 0 0 0 0 0 0 0 0 23 0 0 0 28 0 0 0 0 28 0 0 4 23 0 0 5 29 0
7 0 19 0 0 0 0 0 0 0 0 0 0 0 0 0 0 0 0 0 0 0 0 0 0 0 0 0 0 0 0 22 0 0 40 44 0 0 0 39 0
0 1 31 1 0 0 0 0 0 0 0 0 0 0 0 0 0 0 0 0 0 0 0 0 0 0 0 0 0 0 0 11 2 0 45 46 0 0 0 49 2
0 3 28 0 0 0 0 0 0 0 0 0 0 0 0 0 0 0 0 0 0 0 7 0 0 0 2 0 0 0 0 10 6 0 34 38 0 0 0 48 0
7 0 18 0 0 0 0 0 0 0 0 0 0 0 0 0 0 0 0 0 0 0 0 0 0 0 0 0 0 0 0 21 0 0 39 43 0 0 0 37 0
0 2 19 0 0 0 0 0 0 0 0 0 0 0 0 0 0 0 0 0 0 0 14 0 0 0 12 0 0 0 0 16 3 0 25 33 0 0 0 44 0
0 0 0 0 13 0 0 0 0 0 0 0 0 0 0 0 0 0 0 0 0 0 30 0 0 0 42 0 0 0 0 44 0 0 0 13 0 6 12 11 0
0 1 18 0 0 0 0 0 0 0 0 0 0 0 0 0 0 0 0 0 0 0 14 0 0 0 13 0 0 0 0 18 3 0 23 32 0 0 0 41 0
1 1 33 1 0 0 0 0 0 0 0 0 0 0 0 0 0 0 0 0 0 0 0 0 0 0 0 0 0 0 0 14 2 0 50 52 0 0 0 53 4
7 0 14 0 0 0 0 0 0 0 0 0 0 0 0 0 0 0 0 0 0 0 0 0 2 0 0 0 0 0 0 27 0 0 35 40 0 1 0 34 0
0 0 35 0 0 0 0 0 0 0 0 0 0 0 0 0 0 0 0 0 0 0 0 0 0 0 0 0 0 0 0 11 2 0 49 49 0 0 0 52 3
0 0 0 0 22 0 0 0 0 0 0 0 0 0 0 0 0 0 0 0 0 0 31 0 0 0 56 0 0 0 0 71 0 0 0 0 0 22 21 0 0
6 0 22 0 0 0 0 0 0 0 0 0 0 0 0 0 0 0 0 0 0 0 0 0 0 0 0 0 0 0 0 20 0 0 43 45 0 0 0 40 1
6 0 22 0 0 0 0 0 0 0 0 0 0 0 0 0 0 0 0 0 0 0 0 0 0 0 0 0 0 0 0 20 0 0 43 46 0 0 0 40 1
0 2 36 1 0 0 0 0 0 0 0 0 0 0 0 0 0 0 0 0 0 0 0 0 0 0 0 1 0 0 0 9 7 0 48 48 0 0 0 53 4
0 0 6 0 6 0 0 0 0 0 0 0 0 0 0 0 0 0 0 0 0 0 23 0 0 0 30 0 0 0 0 31 0 0 2 22 0 0 7 27 0
0 1 15 0 0 0 0 0 0 0 0 0 0 0 0 0 0 0 0 0 0 0 15 0 0 0 16 0 0 0 0 18 2 0 20 30 0 0 1 38 0
0 2 18 0 0 0 0 0 0 0 0 0 0 0 0 0 0 0 0 0 0 0 16 0 0 0 14 0 0 0 0 18 3 0 22 31 0 0 0 41 0
0 0 7 0 5 0 0 0 0 0 0 0 0 0 0 0 0 0 0 0 0 0 25 0 0 0 31 0 0 0 0 32 0 0 2 25 0 1 7 27 0
0 2 17 0 0 0 0 0 0 0 0 0 0 0 0 0 0 0 0 0 0 0 15 0 0 0 14 0 0 0 0 17 4 0 22 30 0 0 0 42 0
8 0 14 0 0 0 0 0 0 0 0 0 0 0 0 0 0 0 0 0 0 0 0 0 2 0 0 0 0 0 0 27 0 0 34 39 0 2 0 34 0
6 0 24 0 0 0 0 0 0 0 0 0 0 0 0 0 0 0 0 0 0 0 0 0 0 0 0 0 0 0 0 18 0 0 44 48 0 0 0 44 1
2 0 33 0 0 0 0 0 0 0 0 0 0 0 0 0 0 0 0 0 0 0 0 0 0 0 0 0 0 0 0 14 1 0 50 52 0 0 0 51 4
0 3 35 0 0 0 0 0 0 0 0 0 0 0 0 0 0 0 0 0 0 0 0 0 0 0 0 0 0 0 0 10 6 0 47 49 0 0 0 54 4
6 0 24 0 0 0 0 0 0 0 0 0 0 0 0 0 0 0 0 0 0 0 0 0 0 0 0 0 0 0 0 18 0 0 44 47 0 0 0 42 1
3 0 30 0 0 0 0 0 0 0 0 0 0 0 0 0 0 0 0 0 0 0 0 0 0 0 0 0 0 0 0 16 0 0 49 51 0 1 0 48 2
0 0 5 0 8 0 0 0 0 0 0 0 0 0 0 0 0 0 0 0 0 0 27 0 0 0 35 0 0 0 0 38 0 0 0 21 0 2 9 22 0
0 0 0 0 22 0 0 0 0 0 0 0 0 0 0 0 0 0 0 0 0 0 33 0 0 0 57 0 0 0 0 71 0 0 0 0 0 22 21 0 0
8 0 17 0 0 0 0 0 0 0 0 0 0 0 0 0 0 0 0 0 0 0 0 0 1 0 0 0 0 0 0 22 0 0 37 42 0 1 0 37 0
0 3 35 0 0 0 0 0 0 0 0 0 0 0 0 0 0 0 0 0 0 0 0 0 0 0 0 1 0 0 0 8 8 0 45 46 0 0 0 52 4
0 2 17 0 0 0 0 0 0 0 0 0 0 0 0 0 0 0 0 0 0 0 13 0 0 0 15 0 0 0 0 16 3 0 22 29 0 0 0 42 0
0 0 0 0 14 0 0 0 0 0 0 0 0 0 0 0 0 0 0 0 0 0 30 0 0 0 44 0 0 0 0 48 0 0 0 11 0 8 13 7 0
0 1 33 1 0 0 0 0 0 0 0 0 0 0 0 0 0 0 0 0 0 0 0 0 0 0 0 0 0 0 0 12 3 0 49 51 0 0 0 53 3
0 0 35 0 0 0 0 0 0 0 0 0 0 0 0 0 0 0 0 0 0 0 0 0 0 0 0 0 0 0 0 13 1 0 51 52 0 0 0 52 2
5 0 28 0 0 0 0 0 0 0 0 0 0 0 0 0 0 0 0 0 0 0 0 0 0 0 0 0 0 0 0 17 0 0 48 51 0 0 0 46 3
0 0 0 0 14 0 0 0 0 0 0 0 0 0 0 0 0 0 0 0 0 0 31 0 0 0 45 0 0 0 0 48 0 0 0 10 0 8 14 6 0
1 0 31 0 0 0 0 0 0 0 0 0 0 0 0 0 0 0 0 0 0 0 0 0 0 0 0 0 0 0 0 16 0 0 49 51 0 0 0 48 2
0 0 1 0 13 0 0 0 0 0 0 0 0 0 0 0 0 0 0 0 0 0 30 0 0 0 43 0 0 0 0 48 0 0 0 13 0 8 13 8 0
0 0 4 0 7 0 0 0 0 0 0 0 0 0 0 0 0 0 0 0 0 0 27 0 0 0 35 0 0 0 0 34 0 0 0 17 0 1 7 22 0
0 0 3 0 8 0 0 0 0 0 0 0 0 0 0 0 0 0 0 0 0 0 27 0 0 0 35 0 0 0 0 35 0 0 0 18 0 0 8 22 0
4 0 31 0 0 0 0 0 0 0 0 0 0 0 0 0 0 0 0 0 0 0 0 0 0 0 0 0 0 0 0 16 0 0 49 52 0 0 0 49 3
0 0 3 0 10 0 0 0 0 0 0 0 0 0 0 0 0 0 0 0 0 0 29 0 0 0 38 0 0 0 0 40 0 0 0 16 0 3 10 18 0
0 0 0 0 13 0 0 0 0 0 0 0 0 0 0 0 0 0 0 0 0 0 30 0 0 0 42 0 0 0 0 47 0 0 0 12 0 8 13 8 0
7 0 17 0 0 0 0 0 0 0 0 0 0 0 0 0 0 0 0 0 0 0 0 0 1 0 0 0 0 0 0 24 0 0 38 42 0 0 0 36 0
6 0 25 0 0 0 0 0 0 0 0 0 0 0 0 0 0 0 0 0 0 0 0 0 0 0 0 0 0 0 0 17 0 0 45 48 0 0 0 44 2
0 3 29 0 0 0 0 0 0 0 0 0 0 0 0 0 0 0 0 0 0 0 4 0 0 1 0 0 0 0 0 8 6 0 37 41 0 0 0 50 1
0 0 0 0 13 0 0 0 0 0 0 0 0 0 0 0 0 0 0 0 0 0 31 0 0 0 43 0 0 0 0 45 0 0 0 13 0 6 13 9 0
0 2 35 0 0 0 0 0 0 0 0 0 0 0 0 0 0 0 0 0 0 0 0 0 0 0 0 0 0 0 0 9 5 0 48 49 0 0 0 53 3
0 2 26 0 0 0 0 0 0 0 0 0 0 0 0 0 0 0 0 0 0 0 8 0 0 0 3 0 0 0 0 10 5 0 32 37 0 0 0 46 0
7 0 19 0 0 0 0 0 0 0 0 0 0 0 0 0 0 0 0 0 0 0 0 0 0 0 0 0 0 0 0 21 0 0 40 44 0 0 0 39 0
0 0 5 0 7 0 0 0 0 0 0 0 0 0 0 0 0 0 0 0 0 0 25 0 0 0 33 0 0 0 0 34 0 0 0 21 0 2 8 23 0
3 0 29 0 0 0 0 0 0 0 0 0 0 0 0 0 0 0 0 0 0 0 0 0 0 0 0 0 0 0 0 17 0 0 49 51 0 0 0 48 2
4 0 25 0 0 0 0 0 0 0 0 0 0 0 0 0 0 0 0 0 0 0 0 0 0 0 0 0 0 0 0 19 0 0 44 47 0 0 0 43 0
0 0 4 0 9 0 0 0 0 0 0 0 0 0 0 0 0 0 0 0 0 0 27 0 0 0 36 0 0 0 0 38 0 0 0 19 0 2 9 20 0
0 0 0 0 15 0 0 0 0 0 0 0 0 0 0 0 0 0 0 0 0 0 31 0 0 0 47 0 0 0 0 52 0 0 0 9 0 10 15 3 0
0 0 0 0 14 0 0 0 0 0 0 0 0 0 0 0 0 0 0 0 0 0 31 0 0 0 45 0 0 0 0 50 0 0 0 10 0 9 14 5 0
0 2 36 1 0 0 0 0 0 0 0 0 0 0 0 0 0 0 0 0 0 0 0 0 0 0 0 1 0 0 0 10 6 0 49 49 0 0 0 54 4
0 0 0 0 39 0 0 0 0 0 0 0 0 0 0 0 0 0 0 0 0 0 38 0 0 0 75 0 0 0 0 111 0 0 0 0 0 46 36 0 9
8 0 18 0 0 0 0 0 0 0 0 0 0 0 0 0 0 0 0 0 0 0 0 0 0 0 0 0 0 0 0 22 0 0 38 42 0 0 0 38 0
0 0 8 0 3 0 0 0 0 0 0 0 0 0 0 0 0 0 0 0 0 0 22 0 0 0 27 0 0 0 0 28 0 0 7 26 0 0 5 30 0
8 0 11 0 0 0 0 0 0 0 0 0 0 0 0 0 0 0 0 0 0 0 0 0 1 0 0 0 0 0 0 25 0 0 32 38 0 0 0 32 0
2 0 33 0 0 0 0 0 0 0 0 0 0 0 0 0 0 0 0 0 0 0 0 0 0 0 0 0 0 0 0 14 2 0 50 53 0 0 0 52 4
0 2 27 0 0 0 0 0 0 0 0 0 0 0 0 0 0 0 0 0 0 0 7 0 0 0 4 0 0 0 0 10 5 0 33 38 0 0 0 48 0
0 0 0 0 18 0 0 0 0 0 0 0 0 0 0 0 0 0 0 0 0 0 33 0 0 0 51 0 0 0 0 59 0 0 0 2 0 15 17 0 0
0 0 1 0 14 0 0 0 0 0 0 0 0 0 0 0 0 0 0 0 0 0 31 0 0 0 45 0 0 0 0 52 0 0 0 10 0 11 14 3 0
7 0 22 0 0 0 0 0 0 0 0 0 0 0 0 0 0 0 0 0 0 0 0 0 0 0 0 0 0 0 0 20 0 0 43 47 0 0 0 41 1
0 0 10 0 1 0 0 0 0 0 0 0 0 0 0 0 0 0 0 0 0 0 22 0 0 0 24 0 0 0 0 26 1 0 11 27 0 0 4 33 0
0 3 28 0 0 0 0 0 0 0 0 0 0 0 0 0 0 0 0 0 0 0 5 0 0 0 1 0 0 0 0 10 6 0 35 39 0 0 0 48 1
0 2 20 0 0 0 0 0 0 0 0 0 0 0 0 0 0 0 0 0 0 0 14 0 0 0 12 0 0 0 0 16 4 0 25 33 0 0 0 42 0
0 1 18 0 0 0 0 0 0 0 0 0 0 0 0 0 0 0 0 0 0 0 15 0 0 0 14 0 0 0 0 17 3 0 23 33 0 0 0 40 0
0 1 13 0 0 0 0 0 0 0 0 0 0 0 0 0 0 0 0 0 0 0 20 0 0 0 21 0 0 0 0 23 1 0 14 29 0 0 3 35 0
2 1 35 1 0 0 0 0 0 0 0 0 0 0 0 0 0 0 0 0 0 0 0 0 0 0 0 0 0 0 0 14 2 0 52 54 0 0 0 54 4
3 0 29 0 0 0 0 0 0 0 0 0 0 0 0 0 0 0 0 0 0 0 0 0 0 0 0 0 0 0 0 18 0 0 48 50 0 0 0 47 2
0 0 7 0 4 0 0 0 0 0 0 0 0 0 0 0 0 0 0 0 0 0 24 0 0 0 28 0 0 0 0 30 1 0 4 24 0 0 6 29 0
4 0 30 0 0 0 0 0 0 0 0 0 0 0 0 0 0 0 0 0 0 0 0 0 0 0 0 0 0 0 0 16 0 0 49 51 0 0 0 49 2
0 0 0 0 18 0 0 0 0 0 0 0 0 0 0 0 0 0 0 0 0 0 31 0 0 0 50 0 0 0 0 59 0 0 0 0 0 15 17 0 0
0 0 10 0 1 0 0 0 0 0 0 0 0 0 0 0 0 0 0 0 0 0 20 0 0 0 23 0 0 0 0 24 1 0 12 27 0 0 4 32 0
0 1 38 0 0 0 0 0 0 0 0 0 0 0 0 0 0 0 0 0 0 0 0 0 0 0 0 1 0 0 0 13 4 0 53 52 0 0 0 54 4
0 0 0 0 16 0 0 0 0 0 0 0 0 0 0 0 0 0 0 0 0 0 31 0 0 0 47 0 0 0 0 53 0 0 0 6 0 11 15 0 0
0 3 33 0 0 0 0 0 0 0 0 0 0 0 0 0 0 0 0 0 0 0 0 0 0 0 0 0 0 0 0 9 6 0 43 46 0 0 0 52 2
0 0 30 1 0 0 0 0 0 0 0 0 0 0 0 0 0 0 0 0 0 0 0 0 0 0 0 0 0 0 0 13 1 0 47 48 0 0 0 50 3
0 0 7 0 4 0 0 0 0 0 0 0 0 0 0 0 0 0 0 0 0 0 22 0 0 0 29 0 0 0 0 30 0 0 5 25 0 0 6 29 0
0 3 29 0 0 0 0 0 0 0 0 0 0 0 0 0 0 0 0 0 0 0 6 0 0 0 0 0 0 0 0 10 7 0 35 40 0 0 0 48 1
5 0 27 0 0 0 0 0 0 0 0 0 0 0 0 0 0 0 0 0 0 0 0 0 0 0 0 0 0 0 0 17 0 0 46 49 0 0 0 45 1
5 0 27 0 0 0 0 0 0 0 0 0 0 0 0 0 0 0 0 0 0 0 0 0 0 0 0 0 0 0 0 17 0 0 47 49 0 0 0 45 2
1 0 34 0 0 0 0 0 0 0 0 0 0 0 0 0 0 0 0 0 0 0 0 0 0 0 0 0 0 0 0 14 0 0 51 53 0 0 0 50 1
0 0 0 0 29 0 0 0 0 0 0 0 0 0 0 0 0 0 0 0 0 0 35 0 0 0 68 0 0 0 0 89 0 0 0 0 0 32 27 0 3
7 0 20 0 0 0 0 0 0 0 0 0 0 0 0 0 0 0 0 0 0 0 0 0 0 0 0 0 0 0 0 20 0 0 41 45 0 0 0 40 0
0 2 14 0 0 0 0 0 0 0 0 0 0 0 0 0 0 0 0 0 0 0 18 0 0 0 20 0 0 0 0 20 2 0 16 27 0 0 1 37 0
0 3 31 0 0 0 0 0 0 0 0 0 0 0 0 0 0 0 0 0 0 0 4 0 0 0 0 0 0 0 0 9 7 0 39 43 0 0 0 50 2
0 3 32 1 0 0 0 0 0 0 0 0 0 0 0 0 0 0 0 0 0 0 0 0 0 0 0 0 0 0 0 6 8 0 40 41 0 0 0 50 3
0 0 7 0 4 0 0 0 0 0 0 0 0 0 0 0 0 0 0 0 0 0 22 0 0 0 28 0 0 0 0 29 0 0 5 24 0 0 6 28 0
0 3 30 0 0 0 0 0 0 0 0 0 0 0 0 0 0 0 0 0 0 0 6 0 0 0 0 0 0 0 0 10 7 0 36 40 0 0 0 49 1
0 0 4 0 8 0 0 0 0 0 0 0 0 0 0 0 0 0 0 0 0 0 27 0 0 0 36 0 0 0 0 37 0 0 0 19 0 1 9 21 0
0 3 22 0 0 0 0 0 0 0 0 0 0 0 0 0 0 0 0 0 0 0 11 0 0 0 10 0 0 0 0 14 5 0 28 34 0 0 0 46 0
0 0 8 0 3 0 0 0 0 0 0 0 0 0 0 0 0 0 0 0 0 0 21 0 0 0 26 0 0 0 0 27 0 0 8 26 0 0 5 30 0
0 0 9 0 2 0 0 0 0 0 0 0 0 0 0 0 0 0 0 0 0 0 22 0 0 0 26 0 0 0 0 27 1 0 10 25 0 0 4 32 0
0 0 0 0 18 0 0 0 0 0 0 0 0 0 0 0 0 0 0 0 0 0 32 0 0 0 51 0 0 0 0 60 0 0 0 0 0 16 17 0 0
0 1 13 0 0 0 0 0 0 0 0 0 0 0 0 0 0 0 0 0 0 0 19 0 0 0 19 0 0 0 0 22 2 0 16 29 0 0 2 36 0
0 1 16 0 0 0 0 0 0 0 0 0 0 0 0 0 0 0 0 0 0 0 15 0 0 0 15 0 0 0 0 17 3 0 21 31 0 0 1 40 0
6 0 12 0 0 0 0 0 0 0 0 0 0 0 0 0 0 0 0 0 0 0 0 0 2 0 0 0 0 0 0 23 0 0 31 35 0 0 0 31 0
0 3 25 0 0 0 0 0 0 0 0 0 0 0 0 0 0 0 0 0 0 0 10 0 0 0 6 0 0 0 0 10 5 0 31 38 0 0 0 48 0
0 2 36 1 0 0 0 0 0 0 0 0 0 0 0 0 0 0 0 0 0 0 0 0 0 0 0 1 0 0 0 11 5 0 50 50 0 0 0 53 5
8 0 12 0 0 0 0 0 0 0 0 0 0 0 0 0 0 0 0 0 0 0 0 0 2 0 0 0 0 0 0 26 0 0 33 38 0 1 0 33 0
4 0 23 0 0 0 0 0 0 0 0 0 0 0 0 0 0 0 0 0 0 0 0 0 0 0 0 0 0 0 0 18 0 0 43 46 0 0 0 42 1
0 0 4 0 7 0 0 0 0 0 0 0 0 0 0 0 0 0 0 0 0 0 27 0 0 0 33 0 0 0 0 35 0 0 0 19 0 1 8 23 0
1 1 33 1 0 0 0 0 0 0 0 0 0 0 0 0 0 0 0 0 0 0 0 0 0 0 0 0 0 0 0 12 3 0 49 51 0 0 0 52 4
7 0 10 0 0 0 0 0 0 0 0 0 0 0 0 0 0 0 0 0 0 0 0 0 2 0 0 0 0 0 0 26 0 0 29 34 0 1 0 30 0
2 0 33 1 0 0 0 0 0 0 0 0 0 0 0 0 0 0 0 0 0 0 0 0 0 0 0 0 0 0 0 15 1 0 50 52 0 0 0 52 4
7 0 21 0 0 0 0 0 0 0 0 0 0 0 0 0 0 0 0 0 0 0 0 0 0 0 0 0 0 0 0 22 0 0 42 46 0 0 0 41 0
7 0 18 0 0 0 0 0 0 0 0 0 0 0 0 0 0 0 0 0 0 0 0 0 1 0 0 0 0 0 0 22 0 0 38 42 0 1 0 38 0
1 0 32 1 0 0 0 0 0 0 0 0 0 0 0 0 0 0 0 0 0 0 0 0 0 0 0 0 0 0 0 13 2 0 48 50 0 0 0 50 3
0 0 7 0 5 0 0 0 0 0 0 0 0 0 0 0 0 0 0 0 0 0 25 0 0 0 31 0 0 0 0 33 0 0 2 24 0 0 7 27 0
