0 0 16 0 0 0 0 0 0 0 0 0 0 0 0 0 0 0 0 0 0 0 13 0 0 0 0 0 0 0 0 32 0 0 36 37 0 1 0 29 7
0 0 5 0 0 0 0 0 0 0 0 0 0 0 0 0 0 0 0 0 0 0 22 0 0 0 0 0 0 0 0 38 0 13 0 0 0 3 0 0 12
0 0 5 0 0 0 0 0 0 0 0 0 0 0 0 0 0 0 0 0 0 0 25 0 0 0 0 0 0 0 0 42 0 15 0 0 0 3 0 0 13
7 0 3 7 0 0 0 0 0 0 0 0 0 0 0 0 0 0 0 0 0 0 0 0 0 0 0 9 0 1 0 12 1 0 36 43 0 0 0 39 0
14 0 0 8 0 0 0 0 0 0 0 0 0 0 3 0 0 0 0 0 0 0 0 0 0 0 0 16 0 7 0 3 7 0 29 34 0 0 0 34 0
0 6 0 0 0 0 0 0 0 0 0 0 0 0 0 0 1 0 0 0 0 0 39 0 0 0 6 0 0 0 0 59 0 34 0 0 0 3 0 0 17
0 3 0 0 0 0 0 0 0 0 0 0 0 0 0 0 0 0 0 0 0 0 33 0 0 0 3 0 0 0 0 52 0 25 0 0 0 4 0 0 16
13 0 0 7 0 0 0 0 0 0 0 0 0 0 3 0 0 0 0 0 0 0 0 0 0 0 0 13 0 6 0 6 6 0 29 34 0 0 0 34 0
2 0 10 6 0 0 0 0 0 0 0 0 0 0 0 0 0 0 0 0 0 0 1 0 0 0 0 1 0 0 0 14 0 0 43 47 0 0 0 41 0
9 0 0 7 0 0 0 0 0 0 0 0 0 0 0 0 0 0 0 0 0 0 0 0 0 0 0 12 0 3 0 10 3 0 32 39 0 0 0 36 0
9 0 0 8 0 0 0 0 0 0 0 0 0 0 0 0 0 0 0 0 0 0 0 0 0 0 0 15 0 2 0 14 3 0 34 42 0 0 0 39 0
10 0 0 8 0 0 0 0 0 0 0 0 0 0 0 0 0 0 0 0 0 0 0 0 0 0 0 16 0 3 0 11 4 0 32 40 0 0 0 38 0
0 0 16 0 0 0 0 0 0 0 0 0 0 0 0 0 0 0 0 0 0 0 24 0 0 0 0 0 0 0 0 45 0 12 8 3 0 4 0 0 14
1 0 11 5 0 0 0 0 0 0 0 0 0 0 0 0 0 0 0 0 0 0 2 0 0 0 0 0 0 0 0 16 0 0 44 48 0 0 0 41 1
37 0 5 12 0 2 4 0 0 0 0 1 1 19 41 0 0 2 0 0 8 0 0 15 1 0 5 18 0 39 0 0 33 0 24 24 0 0 8 28 0
10 0 0 0 0 0 0 0 0 0 0 0 0 0 3 0 0 0 0 0 1 0 2 0 0 0 3 11 0 1 0 10 1 0 1 7 0 0 0 9 2
0 8 0 0 0 0 0 0 0 0 0 0 0 0 0 0 1 0 0 0 0 0 44 0 0 0 11 1 0 0 0 63 0 41 0 0 0 4 0 0 18
28 0 1 9 0 1 0 0 0 0 0 0 0 11 26 0 0 1 0 0 5 0 0 7 0 0 2 17 0 25 0 0 21 0 23 24 0 0 3 29 0
0 7 0 0 0 0 0 0 0 0 0 0 0 0 0 0 0 0 0 0 0 0 32 0 0 0 10 5 0 0 0 48 0 30 0 0 0 1 0 0 14
0 0 13 5 0 0 0 0 0 0 0 0 0 0 0 0 0 0 0 0 0 0 2 0 0 0 0 0 0 0 0 15 0 0 44 47 0 0 0 40 1
0 0 19 0 0 0 0 0 0 0 0 0 0 0 0 0 0 0 0 0 0 0 15 0 0 0 0 0 0 0 0 35 0 0 36 35 0 2 0 27 8
22 0 0 8 0 0 0 0 0 0 0 0 0 5 14 0 0 0 0 0 3 0 0 1 0 0 0 18 0 16 0 0 14 0 23 26 0 0 0 30 0
8 0 3 6 0 0 0 0 0 0 0 0 0 0 0 0 0 0 0 0 0 0 0 0 0 0 0 8 0 3 0 11 2 0 32 39 0 0 0 36 0
4 0 8 6 0 0 0 0 0 0 0 0 0 0 0 0 0 0 0 0 0 0 0 0 0 0 0 2 0 1 0 12 0 0 38 43 0 0 0 38 0
3 0 10 4 0 0 0 0 0 0 0 0 0 0 0 0 0 0 0 0 0 0 3 0 0 0 0 0 0 0 0 14 0 0 34 37 0 0 0 33 3
1 0 12 5 0 0 0 0 0 0 0 0 0 0 0 0 0 0 0 0 0 0 2 0 0 0 0 0 0 0 0 15 0 0 45 48 0 0 0 41 1
9 0 0 8 0 0 0 0 0 0 0 0 0 0 0 0 0 0 0 0 0 0 0 0 0 0 0 13 0 2 0 12 3 0 35 43 0 0 0 39 0
0 0 11 0 0 0 0 0 0 0 0 0 0 0 0 0 0 0 0 0 0 0 28 0 0 0 0 0 0 0 0 49 0 17 0 0 0 4 0 0 15
23 0 4 12 0 0 0 0 0 0 0 0 0 7 20 0 0 0 0 0 2 0 0 2 0 0 0 13 0 24 0 0 20 0 33 28 0 0 3 33 0
0 0 14 4 0 0 0 0 0 0 0 0 0 0 0 0 0 0 0 0 0 0 3 0 0 0 0 0 0 0 0 16 0 0 45 48 0 0 0 40 2
13 0 0 5 0 0 0 0 0 0 0 0 0 0 5 0 0 0 0 0 1 0 0 0 0 0 1 11 0 5 0 4 5 0 19 26 0 0 0 27 0
4 0 7 6 0 0 0 0 0 0 0 0 0 0 0 0 0 0 0 0 0 0 1 0 0 0 0 4 0 1 0 14 0 0 40 45 0 0 0 39 0
27 0 8 12 0 0 4 0 0 0 0 0 0 14 30 0 0 0 0 0 3 0 0 8 0 0 0 8 0 33 0 0 27 0 28 18 0 0 7 24 0
24 0 4 12 0 0 0 0 0 0 0 0 0 8 21 0 0 0 0 0 2 0 0 2 0 0 0 13 0 25 0 0 21 0 31 24 0 0 4 30 0
0 4 0 0 0 0 0 0 0 0 0 0 0 0 0 0 0 0 0 0 0 0 29 0 0 0 2 3 0 0 0 47 0 23 0 0 0 2 0 0 14
5 0 4 7 0 0 0 0 0 0 0 0 0 0 0 0 0 0 0 0 0 0 0 0 0 0 0 7 0 1 0 14 1 0 39 45 0 0 0 40 0
15 0 0 9 0 0 0 0 0 0 0 0 0 0 4 0 0 0 0 0 0 0 0 0 0 0 0 18 0 8 0 2 9 0 29 34 0 0 0 35 0
1 1 0 0 0 0 0 0 0 0 0 0 0 0 0 0 0 0 0 0 0 0 18 0 0 0 0 4 0 0 0 32 0 10 0 0 0 0 0 0 9
11 0 0 8 0 0 0 0 0 0 0 0 0 0 2 0 0 0 0 0 0 0 0 0 0 0 0 12 0 6 0 5 5 0 34 39 0 0 0 37 0
0 4 0 0 0 0 0 0 0 0 0 0 0 0 0 0 0 0 0 0 0 0 36 0 0 0 2 0 0 0 0 57 0 28 0 0 0 3 0 0 17
6 0 5 7 0 0 0 0 0 0 0 0 0 0 0 0 0 0 0 0 0 0 0 0 0 0 0 5 0 3 0 9 1 0 38 44 0 0 0 39 0
5 0 3 1 0 0 0 0 0 0 0 0 0 0 0 0 0 0 0 0 0 0 8 0 0 0 0 4 0 0 0 21 0 0 15 17 0 0 0 16 5
22 0 1 10 0 0 0 0 0 0 0 0 0 5 16 0 0 0 0 0 2 0 0 1 0 0 0 15 0 20 0 0 16 0 28 25 0 0 2 30 0
1 0 12 5 0 0 0 0 0 0 0 0 0 0 0 0 0 0 0 0 0 0 1 0 0 0 0 0 0 0 0 14 0 0 43 46 0 0 0 40 1
28 0 0 9 0 0 0 0 0 0 0 0 1 9 23 0 0 1 0 0 5 0 0 6 0 0 3 20 0 23 0 0 19 0 22 25 0 0 2 30 0
29 0 9 13 0 0 6 0 0 0 0 0 0 17 34 0 0 0 0 0 4 0 0 10 0 0 0 8 0 37 0 0 30 0 29 18 0 0 9 25 0
0 0 15 0 0 0 0 0 0 0 0 0 0 0 0 0 0 0 0 0 0 0 12 0 0 0 0 0 0 0 0 29 0 0 29 29 0 2 0 23 7
8 0 2 8 0 0 0 0 0 0 0 0 0 0 0 0 0 0 0 0 0 0 0 0 0 0 0 11 0 3 0 9 3 0 37 44 0 0 0 41 0
0 0 17 0 0 0 0 0 0 0 0 0 0 0 0 0 0 0 0 0 0 0 11 0 0 0 0 0 0 0 0 28 0 0 35 34 0 1 0 28 7
2 0 9 6 0 0 0 0 0 0 0 0 0 0 0 0 0 0 0 0 0 0 1 0 0 0 0 1 0 0 0 14 0 0 41 46 0 0 0 39 0
26 0 8 13 0 0 4 0 0 0 0 0 0 13 28 0 0 0 0 0 3 0 0 7 0 0 0 8 0 31 0 0 26 0 32 22 0 0 6 28 0
3 0 7 3 0 0 0 0 0 0 0 0 0 0 0 0 0 0 0 0 0 0 4 0 0 0 0 0 0 0 0 14 0 0 28 31 0 0 0 28 3
0 5 0 0 0 0 0 0 0 0 0 0 0 0 0 0 0 0 0 0 0 0 24 0 0 0 4 6 0 0 0 40 0 19 0 0 0 0 0 0 11
10 2 0 0 0 0 0 0 0 0 0 0 0 1 4 0 0 0 0 1 1 0 3 1 0 0 6 11 0 0 0 11 1 0 0 0 0 0 0 2 2
1 0 11 5 0 0 0 0 0 0 0 0 0 0 0 0 0 0 0 0 0 0 2 0 0 0 0 0 0 0 0 15 0 0 43 47 0 0 0 40 1
1 0 11 4 0 0 0 0 0 0 0 0 0 0 0 0 0 0 0 0 0 0 5 0 0 0 0 0 0 0 0 19 0 0 38 41 0 0 0 35 3
0 0 4 0 0 0 0 0 0 0 0 0 0 0 0 0 0 0 0 0 0 0 13 0 0 0 0 0 0 0 0 26 0 5 5 5 0 2 0 4 8
0 0 12 3 0 0 0 0 0 0 0 0 0 0 0 0 0 0 0 0 0 0 7 0 0 0 0 0 0 0 0 22 0 0 37 40 0 0 0 34 3
0 4 0 0 0 0 0 0 0 0 0 0 0 0 0 0 0 0 0 0 0 0 23 0 0 0 3 6 0 0 0 38 0 16 0 0 0 0 0 0 11
0 4 0 0 0 0 0 0 0 0 0 0 0 0 0 0 0 0 0 0 0 0 29 0 0 0 3 2 0 0 0 47 0 22 0 0 0 2 0 0 14
0 8 0 0 0 0 0 0 0 0 0 0 0 0 0 0 0 0 0 0 0 0 33 0 0 0 11 5 0 0 0 49 0 32 0 0 0 2 0 0 14
16 7 0 0 0 1 0 0 0 0 0 0 0 6 10 0 0 0 0 1 3 0 2 5 2 0 14 23 0 0 0 6 6 3 0 0 1 0 1 0 2
0 0 14 0 0 0 0 0 0 0 0 0 0 0 0 0 0 0 0 0 0 0 16 0 0 0 0 0 0 0 0 33 0 5 20 18 0 2 0 13 9
31 0 13 14 0 0 10 1 0 0 0 0 0 21 40 0 0 0 1 0 4 0 0 14 0 0 0 3 0 43 0 0 35 0 30 15 1 0 12 23 0
8 0 1 5 0 0 0 0 0 0 0 0 0 0 0 0 0 0 0 0 0 0 2 0 0 0 0 10 0 1 0 13 2 0 25 31 0 0 0 29 1
0 0 6 0 0 0 0 0 0 0 0 0 0 0 0 0 0 0 0 0 0 0 30 0 0 0 0 0 0 0 0 50 0 21 0 0 0 4 0 0 16
0 2 0 0 0 0 0 0 0 0 0 0 0 0 0 0 0 0 0 0 0 0 33 0 0 0 0 0 0 0 0 53 0 25 0 0 0 3 0 0 16
0 0 15 0 0 0 0 0 0 0 0 0 0 0 0 0 0 0 0 0 0 0 14 0 0 0 0 0 0 0 0 31 0 3 24 22 0 3 0 17 8
0 0 6 0 0 0 0 0 0 0 0 0 0 0 0 0 0 0 0 0 0 0 27 0 0 0 0 0 0 0 0 46 0 17 0 0 0 4 0 0 14
12 0 0 8 0 0 0 0 0 0 0 0 0 0 1 0 0 0 0 0 0 0 0 0 0 0 0 16 0 6 0 6 6 0 32 38 0 0 0 37 0
0 0 19 0 0 0 0 0 0 0 0 0 0 0 0 0 0 0 0 0 0 0 13 0 0 0 0 0 0 0 0 31 0 0 39 39 0 2 0 30 7
17 0 0 9 0 0 0 0 0 0 0 0 0 2 7 0 0 0 0 0 0 0 0 0 0 0 0 17 0 11 0 0 11 0 27 30 0 0 0 32 0
25 0 5 11 0 0 1 0 0 0 0 0 0 11 24 0 0 0 0 0 2 0 0 4 0 0 0 12 0 27 0 0 23 0 29 21 0 0 5 28 0
0 0 4 0 0 0 0 0 0 0 0 0 0 0 0 0 0 0 0 0 0 0 23 0 0 0 0 0 0 0 0 41 0 14 0 0 0 2 0 0 12
1 0 11 4 0 0 0 0 0 0 0 0 0 0 0 0 0 0 0 0 0 0 2 0 0 0 0 0 0 0 0 15 0 0 39 42 0 0 0 36 2
0 5 0 0 0 0 0 0 0 0 0 0 0 0 0 0 0 0 0 0 0 0 34 0 0 0 6 0 0 0 0 52 0 29 0 0 0 3 0 0 16
0 0 20 0 0 0 0 0 0 0 0 0 0 0 0 0 0 0 0 0 0 0 11 0 0 0 0 0 0 0 0 29 0 0 40 39 0 1 0 31 7
16 0 0 3 0 0 0 0 0 0 0 0 0 2 9 0 0 0 0 1 2 0 0 2 0 0 3 12 0 8 0 0 6 0 14 21 0 0 0 22 0
6 0 4 7 0 0 0 0 0 0 0 0 0 0 0 0 0 0 0 0 0 0 0 0 0 0 0 8 0 2 0 12 1 0 37 44 0 0 0 39 0
0 0 3 0 0 0 0 0 0 0 0 0 0 0 0 0 0 0 0 0 0 0 33 0 0 0 0 0 0 0 0 52 0 24 0 0 0 4 0 0 17
9 0 2 7 0 0 0 0 0 0 0 0 0 0 0 0 0 0 0 0 0 0 0 0 0 0 0 11 0 3 0 10 3 0 33 40 0 0 0 37 0
27 0 1 10 0 0 0 0 0 0 0 0 0 8 22 0 0 1 0 0 4 0 0 3 0 0 0 18 0 24 0 0 19 0 28 28 0 0 2 33 0
0 0 15 0 0 0 0 0 0 0 0 0 0 0 0 0 0 0 0 0 0 0 10 0 0 0 0 0 0 0 0 25 0 0 31 31 0 2 0 25 6
0 3 0 0 0 0 0 0 0 0 0 0 0 0 0 0 0 0 0 0 0 0 32 0 0 0 3 0 0 0 0 50 0 25 0 0 0 4 0 0 16
2 0 0 0 0 0 0 0 0 0 0 0 0 0 0 0 0 0 0 0 0 0 15 0 0 0 0 3 0 0 0 29 0 8 0 0 0 1 0 0 8
0 0 12 0 0 0 0 0 0 0 0 0 0 0 0 0 0 0 0 0 0 0 12 0 0 0 0 0 0 0 0 27 0 0 26 26 0 2 0 22 7
0 4 0 0 0 0 0 0 0 0 0 0 0 0 0 0 0 0 0 0 0 0 33 0 0 0 6 0 0 0 0 50 0 29 0 0 0 3 0 0 16
2 1 0 0 0 0 0 0 0 0 0 0 0 0 0 0 0 0 0 0 0 0 16 0 0 0 0 5 0 0 0 30 0 9 0 0 0 0 0 0 9
20 0 0 7 0 0 0 0 0 0 0 0 0 4 12 0 0 0 0 0 2 0 0 0 0 0 0 16 0 14 0 0 12 0 27 30 0 0 0 33 0
2 0 11 4 0 0 0 0 0 0 0 0 0 0 0 0 0 0 0 0 0 0 2 0 0 0 0 0 0 0 0 13 0 0 38 41 0 0 0 35 2
23 0 5 11 0 0 1 0 0 0 0 0 0 9 22 0 0 0 0 0 2 0 0 4 0 0 0 11 0 25 0 0 21 0 30 23 0 0 4 29 0
0 0 19 0 0 0 0 0 0 0 0 0 0 0 0 0 0 0 0 0 0 0 26 0 0 0 0 0 0 0 0 47 0 14 7 1 0 6 0 0 15
0 0 16 0 0 0 0 0 0 0 0 0 0 0 0 0 0 0 0 0 0 0 21 0 0 0 0 0 0 0 0 42 0 9 14 11 0 3 0 6 13
10 0 3 7 0 0 0 0 0 0 0 0 0 0 1 0 0 0 0 0 0 0 0 0 0 0 0 8 0 5 0 8 3 0 34 40 0 0 0 37 0
0 0 19 0 0 0 0 0 0 0 0 0 0 0 0 0 0 0 0 0 0 0 15 0 0 0 0 0 0 0 0 33 0 3 29 27 0 3 0 21 9
15 0 0 8 0 0 0 0 0 0 0 0 0 1 6 0 0 0 0 0 0 0 0 0 0 0 0 15 0 10 0 0 9 0 28 32 0 0 0 33 0
22 0 3 11 0 0 0 0 0 0 0 0 0 7 18 0 0 0 0 0 2 0 0 2 0 0 0 13 0 22 0 0 19 0 30 24 0 0 3 30 0
15 0 2 11 0 0 0 0 0 0 0 0 0 1 9 0 0 0 0 0 1 0 0 0 0 0 0 13 0 14 0 0 12 0 37 37 0 0 1 39 0
27 0 6 11 0 0 2 0 0 0 0 0 0 12 27 0 0 0 0 0 3 0 0 5 0 0 0 11 0 30 0 0 25 0 29 20 0 0 5 26 0
19 0 0 7 0 0 0 0 0 0 0 0 0 3 10 0 0 0 0 0 2 0 0 0 0 0 1 16 0 11 0 0 9 0 24 31 0 0 0 33 0
0 0 15 3 0 0 0 0 0 0 0 0 0 0 0 0 0 0 0 0 0 0 7 0 0 0 0 0 0 0 0 23 0 0 40 41 0 0 0 34 4
11 0 0 8 0 0 0 0 0 0 0 0 0 0 0 0 0 0 0 0 0 0 0 0 0 0 0 15 0 4 0 7 5 0 32 39 0 0 0 37 0
0 0 5 0 0 0 0 0 0 0 0 0 0 0 0 0 0 0 0 0 0 0 32 0 0 0 0 0 0 0 0 52 0 22 0 0 0 3 0 0 16
8 0 2 6 0 0 0 0 0 0 0 0 0 0 0 0 0 0 0 0 0 0 0 0 0 0 0 8 0 3 0 10 2 0 33 38 0 0 0 36 0
18 0 0 6 0 0 0 0 0 0 0 0 0 3 12 0 0 0 0 0 3 0 0 1 0 0 2 13 0 13 0 0 10 0 26 31 0 0 0 33 0
0 0 15 2 0 0 0 0 0 0 0 0 0 0 0 0 0 0 0 0 0 0 7 0 0 0 0 0 0 0 0 21 0 0 39 40 0 0 0 33 4
0 0 16 0 0 0 0 0 0 0 0 0 0 0 0 0 0 0 0 0 0 0 25 0 0 0 0 0 0 0 0 47 0 13 7 2 0 4 0 0 14
0 11 0 0 0 0 0 0 0 0 0 0 0 1 1 0 0 0 0 0 0 0 21 2 1 0 18 18 1 0 0 31 0 23 0 0 0 0 0 0 9
11 0 0 1 0 0 0 0 0 0 0 0 0 0 4 0 0 0 0 0 1 0 1 0 0 0 2 10 0 2 0 10 3 0 7 12 0 0 0 14 2
0 0 1 0 0 0 0 0 0 0 0 0 0 0 0 0 0 0 0 0 0 0 23 0 0 0 0 0 0 0 0 39 0 15 0 0 0 3 0 0 12
6 0 6 2 0 0 0 0 0 0 0 0 0 0 0 0 0 0 0 0 0 0 3 0 0 0 0 1 0 1 0 14 0 0 24 26 0 0 0 24 4
26 0 6 12 0 0 2 0 0 0 0 0 0 12 26 0 0 0 0 0 3 0 0 5 0 0 0 11 0 30 0 0 25 0 31 22 0 0 5 28 0
6 0 6 4 0 0 0 0 0 0 0 0 0 0 0 0 0 0 0 0 0 0 1 0 0 0 0 2 0 2 0 11 0 0 27 31 0 0 0 29 2
0 0 7 0 0 0 0 0 0 0 0 0 0 0 0 0 0 0 0 0 0 0 23 0 0 0 0 0 0 0 0 42 0 12 0 0 0 2 0 0 12
0 4 0 0 0 0 0 0 0 0 0 0 0 0 0 0 1 0 0 0 0 0 39 0 0 0 5 0 0 0 0 59 0 33 0 0 0 4 0 0 18
21 0 1 11 0 0 0 0 0 0 0 0 0 4 15 0 0 0 0 0 1 0 0 0 0 0 0 15 0 19 0 0 16 0 32 30 0 0 2 34 0
3 0 7 2 0 0 0 0 0 0 0 0 0 0 0 0 0 0 0 0 0 0 6 0 0 0 0 1 0 0 0 19 0 0 28 30 0 0 0 27 3
6 0 4 7 0 0 0 0 0 0 0 0 0 0 0 0 0 0 0 0 0 0 1 0 0 0 0 8 0 1 0 14 1 0 36 42 0 0 0 38 0
26 0 9 13 0 0 4 0 0 0 0 0 0 13 29 0 0 0 0 0 3 0 0 7 0 0 0 8 0 33 0 0 27 0 33 22 0 0 7 29 0
7 0 0 0 0 0 0 0 0 0 0 0 0 0 0 0 0 0 0 0 0 0 7 0 0 0 1 8 0 0 0 17 0 1 0 5 0 0 0 6 4
0 6 0 0 0 0 0 0 0 0 0 0 0 0 0 0 0 0 0 0 0 0 30 0 0 0 8 4 0 0 0 45 0 26 0 0 0 2 0 0 14
0 0 18 0 0 0 0 0 0 0 0 0 0 0 0 0 0 0 0 0 0 0 16 0 0 0 0 0 0 0 0 34 0 3 28 26 0 3 0 20 9
0 1 1 0 0 0 0 0 0 0 0 0 0 0 0 0 0 0 0 0 0 0 34 0 0 0 0 0 0 0 0 55 0 26 0 0 0 4 0 0 17
24 0 6 12 0 0 1 0 0 0 0 0 0 10 23 0 0 0 0 0 2 0 0 3 0 0 0 11 0 27 0 0 23 0 32 24 0 0 4 30 0
0 10 0 0 0 0 0 0 0 0 0 0 0 0 0 0 0 0 0 0 0 0 36 0 0 0 15 8 0 0 0 52 0 36 0 0 0 1 0 0 15
3 0 2 0 0 0 0 0 0 0 0 0 0 0 0 0 0 0 0 0 0 0 8 0 0 0 0 1 0 0 0 18 0 1 10 12 0 1 0 12 5
0 6 0 0 0 0 0 0 0 0 0 0 0 0 0 0 1 0 0 0 0 0 37 0 0 0 7 2 0 0 0 55 0 32 0 0 0 2 0 0 16
12 0 3 6 0 0 0 0 0 0 0 0 0 0 4 0 0 0 0 0 1 0 0 0 0 0 0 9 0 7 0 4 5 0 32 37 0 0 0 36 0
36 0 10 13 0 1 8 0 0 0 0 0 1 22 44 0 0 0 0 0 6 0 0 16 0 0 0 10 0 44 1 0 37 0 28 19 0 0 11 25 0
0 0 11 0 0 0 0 0 0 0 0 0 0 0 0 0 0 0 0 0 0 0 21 0 0 0 0 0 0 0 0 40 0 9 9 6 0 2 0 3 12
0 0 14 3 0 0 0 0 0 0 0 0 0 0 0 0 0 0 0 0 0 0 5 0 0 0 0 0 0 0 0 19 0 0 43 45 0 0 0 38 3
0 0 14 0 0 0 0 0 0 0 0 0 0 0 0 0 0 0 0 0 0 0 11 0 0 0 0 0 0 0 0 28 0 0 30 31 0 1 0 25 7
11 0 0 9 0 0 0 0 0 0 0 0 0 0 0 0 0 0 0 0 0 0 0 0 0 0 0 16 0 4 0 8 5 0 32 40 0 0 0 38 0
6 0 6 7 0 0 0 0 0 0 0 0 0 0 0 0 0 0 0 0 0 0 0 0 0 0 0 5 0 2 0 10 1 0 39 44 0 0 0 40 0
18 0 0 8 0 0 0 0 0 0 0 0 0 2 9 0 0 0 0 0 1 0 0 0 0 0 0 18 0 12 0 0 11 0 24 27 0 0 0 30 0
20 0 0 9 0 0 0 0 0 0 0 0 0 4 13 0 0 0 0 0 1 0 0 0 0 0 0 16 0 16 0 0 14 0 26 25 0 0 1 30 0
8 0 1 8 0 0 0 0 0 0 0 0 0 0 0 0 0 0 0 0 0 0 0 0 0 0 0 12 0 3 0 10 3 0 35 42 0 0 0 39 0
7 0 5 6 0 0 0 0 0 0 0 0 0 0 0 0 0 0 0 0 0 0 0 0 0 0 0 5 0 2 0 11 1 0 35 40 0 0 0 36 0
7 0 4 5 0 0 0 0 0 0 0 0 0 0 0 0 0 0 0 0 0 0 0 0 0 0 0 5 0 3 0 9 1 0 31 37 0 0 0 34 0
0 8 0 0 0 0 0 0 0 0 0 0 0 0 0 0 0 0 0 0 0 0 27 0 0 0 12 8 0 0 0 40 0 26 0 0 0 1 0 0 12
16 0 0 9 0 0 0 0 0 0 0 0 0 1 6 0 0 0 0 0 1 0 0 0 0 0 0 17 0 10 0 0 10 0 30 34 0 0 0 35 0
11 2 0 0 0 0 0 0 0 0 0 0 0 1 4 0 0 0 0 0 1 0 4 0 0 0 5 13 0 0 0 12 2 0 0 0 1 0 0 2 2
0 4 0 0 0 0 0 0 0 0 0 0 0 0 0 0 0 0 0 0 0 0 36 0 0 0 4 0 0 0 0 56 0 30 0 0 0 3 0 0 17
34 0 7 12 0 1 3 0 0 0 0 1 1 17 37 0 0 1 0 0 6 0 0 12 0 0 0 15 0 37 0 0 31 0 29 25 0 0 7 30 0
6 0 5 6 0 0 0 0 0 0 0 0 0 0 0 0 0 0 0 0 0 0 0 0 0 0 0 6 0 2 0 11 1 0 37 42 0 0 0 38 0
15 0 0 9 0 0 0 0 0 0 0 0 0 0 4 0 0 0 0 0 0 0 0 0 0 0 0 18 0 9 0 1 9 0 28 33 0 0 0 34 0
0 0 16 1 0 0 0 0 0 0 0 0 0 0 0 0 0 0 0 0 0 0 9 0 0 0 0 0 0 0 0 26 0 0 37 38 0 0 0 31 5
0 8 0 0 0 0 0 0 0 0 0 0 0 0 0 0 0 0 0 0 0 0 24 0 0 0 11 10 0 0 0 37 0 23 0 0 0 0 0 0 10
11 0 1 7 0 0 0 0 0 0 0 0 0 0 1 0 0 0 0 0 0 0 0 0 0 0 0 12 0 5 0 6 5 0 32 38 0 0 0 36 0
0 0 21 0 0 0 0 0 0 0 0 0 0 0 0 0 0 0 0 0 0 0 20 0 0 0 0 0 0 0 0 40 0 7 24 20 0 4 0 13 12
3 0 9 4 0 0 0 0 0 0 0 0 0 0 0 0 0 0 0 0 0 0 2 0 0 0 0 0 0 0 0 14 0 0 35 39 0 0 0 34 1
25 0 7 12 0 0 2 0 0 0 0 0 0 11 25 0 0 0 0 0 2 0 0 4 0 0 0 10 0 29 0 0 24 0 32 23 0 0 5 29 0
0 5 0 0 0 0 0 0 0 0 0 0 0 0 0 0 0 0 0 0 0 0 37 0 0 0 7 0 0 0 0 56 0 32 0 0 0 4 0 0 17
0 0 13 3 0 0 0 0 0 0 0 0 0 0 0 0 0 0 0 0 0 0 6 0 0 0 0 0 0 0 0 22 0 0 38 40 0 0 0 33 4
0 1 2 0 0 0 0 0 0 0 0 0 0 0 0 0 0 0 0 0 0 0 29 0 0 0 0 0 0 0 0 48 0 20 0 0 0 2 0 0 14
0 0 12 0 0 0 0 0 0 0 0 0 0 0 0 0 0 0 0 0 0 0 18 0 0 0 0 0 0 0 0 35 0 8 11 8 0 3 0 5 10
25 0 5 12 0 0 0 0 0 0 0 0 0 10 23 0 0 0 0 0 2 0 0 3 0 0 0 12 0 27 0 0 23 0 31 23 0 0 4 29 0
0 0 4 0 0 0 0 0 0 0 0 0 0 0 0 0 0 0 0 0 0 0 29 0 0 0 0 0 0 0 0 49 0 21 0 0 0 4 0 0 16
1 0 12 2 0 0 0 0 0 0 0 0 0 0 0 0 0 0 0 0 0 0 6 0 0 0 0 0 0 0 0 20 0 0 33 35 0 0 0 30 4
7 0 4 7 0 0 0 0 0 0 0 0 0 0 0 0 0 0 0 0 0 0 0 0 0 0 0 7 0 2 0 11 2 0 36 41 0 0 0 38 0
2 0 9 4 0 0 0 0 0 0 0 0 0 0 0 0 0 0 0 0 0 0 2 0 0 0 0 0 0 0 0 14 0 0 35 38 0 0 0 33 1
11 0 1 7 0 0 0 0 0 0 0 0 0 0 2 0 0 0 0 0 0 0 0 0 0 0 0 12 0 5 0 7 5 0 32 38 0 0 0 36 0
0 1 2 0 0 0 0 0 0 0 0 0 0 0 0 0 0 0 0 0 0 0 42 0 0 0 0 0 0 0 0 66 0 33 0 0 0 6 0 0 21
15 0 0 7 0 0 0 0 0 0 0 0 0 1 5 0 0 0 0 0 0 0 0 0 0 0 0 16 0 8 0 2 8 0 25 30 0 0 0 31 0
5 0 6 6 0 0 0 0 0 0 0 0 0 0 0 0 0 0 0 0 0 0 0 0 0 0 0 5 0 2 0 11 0 0 38 42 0 0 0 38 0
12 0 0 7 0 0 0 0 0 0 0 0 0 0 2 0 0 0 0 0 0 0 0 0 0 0 0 12 0 6 0 4 5 0 31 37 0 0 0 36 0
0 0 8 0 0 0 0 0 0 0 0 0 0 0 0 0 0 0 0 0 0 0 32 0 0 0 0 0 0 0 0 53 0 22 0 0 0 5 0 0 17
0 0 9 0 0 0 0 0 0 0 0 0 0 0 0 0 0 0 0 0 0 0 18 0 0 0 0 0 0 0 0 34 0 8 7 5 0 3 0 3 10
0 3 0 0 0 0 0 0 0 0 0 0 0 0 0 0 0 0 0 0 0 0 34 0 0 0 3 0 0 0 0 53 0 27 0 0 0 3 0 0 16
18 0 0 10 0 0 0 0 0 0 0 0 0 2 10 0 0 0 0 0 1 0 0 0 0 0 0 16 0 14 0 0 13 0 31 32 0 0 1 34 0
6 0 5 6 0 0 0 0 0 0 0 0 0 0 0 0 0 0 0 0 0 0 0 0 0 0 0 5 0 2 0 11 0 0 37 42 0 0 0 38 0
23 0 5 12 0 0 1 0 0 0 0 0 0 8 21 0 0 0 0 0 2 0 0 3 0 0 0 10 0 25 0 0 21 0 32 25 0 0 4 31 0
0 1 2 0 0 0 0 0 0 0 0 0 0 0 0 0 0 0 0 0 0 0 31 0 0 0 0 0 0 0 0 51 0 22 0 0 0 3 0 0 15
0 0 15 2 0 0 0 0 0 0 0 0 0 0 0 0 0 0 0 0 0 0 7 0 0 0 0 0 0 0 0 21 0 0 40 42 0 0 0 34 4
1 0 11 4 0 0 0 0 0 0 0 0 0 0 0 0 0 0 0 0 0 0 5 0 0 0 0 0 0 0 0 19 0 0 39 42 0 0 0 35 3
28 0 8 12 0 0 5 0 0 0 0 0 0 16 32 0 0 0 0 0 3 0 0 9 0 0 0 8 0 35 0 0 29 0 29 18 0 0 8 25 0
29 0 4 11 0 0 0 0 0 0 0 0 0 13 28 0 0 0 0 0 4 0 0 6 0 0 0 15 0 30 0 0 26 0 27 20 0 0 5 26 0
9 0 1 8 0 0 0 0 0 0 0 0 0 0 0 0 0 0 0 0 0 0 0 0 0 0 0 12 0 3 0 9 3 0 34 41 0 0 0 38 0
0 0 10 0 0 0 0 0 0 0 0 0 0 0 0 0 0 0 0 0 0 0 17 0 0 0 0 0 0 0 0 32 0 7 9 8 0 2 0 5 10
31 0 10 12 0 0 7 0 0 0 0 0 0 18 37 0 0 0 0 0 5 0 0 12 0 0 0 8 0 39 0 0 32 0 28 18 0 0 9 24 0
21 0 1 10 0 0 0 0 0 0 0 0 0 5 15 0 0 0 0 0 1 0 0 1 0 0 0 15 0 19 0 0 16 0 29 26 0 0 2 31 0
5 0 6 5 0 0 0 0 0 0 0 0 0 0 0 0 0 0 0 0 0 0 0 0 0 0 0 4 0 1 0 12 0 0 35 40 0 0 0 35 0
6 0 6 5 0 0 0 0 0 0 0 0 0 0 0 0 0 0 0 0 0 0 2 0 0 0 0 5 0 1 0 15 0 0 35 40 0 0 0 36 1
8 0 3 7 0 0 0 0 0 0 0 0 0 0 0 0 0 0 0 0 0 0 0 0 0 0 0 9 0 3 0 10 2 0 36 42 0 0 0 39 0
6 0 3 7 0 0 0 0 0 0 0 0 0 0 0 0 0 0 0 0 0 0 0 0 0 0 0 8 0 1 0 12 1 0 37 44 0 0 0 39 0
0 4 0 0 0 0 0 0 0 0 0 0 0 0 0 0 0 0 0 0 0 0 30 0 0 0 4 2 0 0 0 47 0 24 0 0 0 2 0 0 14
0 5 0 0 0 0 0 0 0 0 0 0 0 0 0 0 0 0 0 0 0 0 34 0 0 0 7 0 0 0 0 52 0 30 0 0 0 3 0 0 16
0 0 7 0 0 0 0 0 0 0 0 0 0 0 0 0 0 0 0 0 0 0 30 0 0 0 0 0 0 0 0 50 0 20 0 0 0 5 0 0 16
24 0 4 11 0 0 0 0 0 0 0 0 0 8 21 0 0 0 0 0 2 0 0 3 0 0 0 13 0 25 0 0 21 0 31 25 0 0 4 30 0
0 0 15 0 0 0 0 0 0 0 0 0 0 0 0 0 0 0 0 0 0 0 11 0 0 0 0 0 0 0 0 27 0 0 33 33 0 1 0 27 6
6 2 0 0 0 0 0 0 0 0 0 0 0 0 0 0 0 0 0 0 0 0 12 0 0 0 4 9 0 0 1 24 0 7 0 0 0 0 0 0 6
0 0 14 0 0 0 0 0 0 0 0 0 0 0 0 0 0 0 0 0 0 0 11 0 0 0 0 0 0 0 0 26 0 0 31 31 0 1 0 25 6
0 2 0 0 0 0 0 0 0 0 0 0 0 0 0 0 0 0 0 0 0 0 36 0 0 0 1 0 0 0 0 56 0 28 0 0 0 4 0 0 17
6 0 3 8 0 0 0 0 0 0 0 0 0 0 0 0 0 0 0 0 0 0 0 0 0 0 0 10 0 1 0 13 1 0 38 46 0 0 0 41 0
6 0 3 3 0 0 0 0 0 0 0 0 0 0 0 0 0 0 0 0 0 0 3 0 0 0 0 4 0 0 0 13 0 0 20 25 0 0 0 24 2
25 1 3 11 0 0 0 0 0 0 0 0 0 10 23 0 0 0 0 0 2 0 0 3 0 0 0 14 0 26 0 0 22 0 27 21 0 0 4 27 0
7 0 3 6 0 0 0 0 0 0 0 0 0 0 0 0 0 0 0 0 0 0 0 0 0 0 0 8 0 1 0 12 1 0 35 42 0 0 0 37 0
8 0 0 8 0 0 0 0 0 0 0 0 0 0 0 0 0 0 0 0 0 0 0 0 0 0 0 12 0 2 0 11 2 0 36 45 0 0 0 40 0
18 0 0 9 0 0 0 0 0 0 0 0 0 2 8 0 0 0 0 0 0 0 0 0 0 0 0 18 0 13 0 0 12 0 27 29 0 0 0 32 0
16 0 0 9 0 0 0 0 0 0 0 0 0 1 7 0 0 0 0 0 1 0 0 0 0 0 0 14 0 12 0 0 10 0 31 33 0 0 0 35 0
0 0 12 4 0 0 0 0 0 0 0 0 0 0 0 0 0 0 0 0 0 0 5 0 0 0 0 0 0 0 0 20 0 0 44 47 0 0 0 39 2
29 0 11 14 0 0 7 0 0 0 0 0 0 17 35 0 0 0 1 0 4 0 0 10 0 0 0 6 0 39 0 0 32 0 31 19 0 0 9 26 0
0 6 0 0 0 0 0 0 0 0 0 0 0 0 0 0 1 0 0 0 0 0 44 0 0 0 8 0 0 0 0 65 0 39 0 0 0 4 0 0 19
0 2 0 0 0 0 0 0 0 0 0 0 0 0 0 0 0 0 0 0 0 0 38 0 0 0 1 0 0 0 0 60 0 30 0 0 0 4 0 0 18
2 0 10 5 0 0 0 0 0 0 0 0 0 0 0 0 0 0 0 0 0 0 1 0 0 0 0 0 0 0 0 13 0 0 42 46 0 0 0 40 0
10 0 0 7 0 0 0 0 0 0 0 0 0 0 1 0 0 0 0 0 0 0 0 0 0 0 0 11 0 4 0 8 4 0 31 37 0 0 0 35 0
0 0 19 1 0 0 0 0 0 0 0 0 0 0 0 0 0 0 0 0 0 0 9 0 0 0 0 0 0 0 0 25 0 0 41 41 0 1 0 33 6
2 0 10 5 0 0 0 0 0 0 0 0 0 0 0 0 0 0 0 0 0 0 1 0 0 0 0 0 0 0 0 12 0 0 39 42 0 0 0 37 1
10 0 0 9 0 0 0 0 0 0 0 0 0 0 0 0 0 0 0 0 0 0 0 0 0 0 0 15 0 4 0 8 4 0 36 44 0 0 0 41 0
0 0 4 0 0 0 0 0 0 0 0 0 0 0 0 0 0 0 0 0 0 0 18 0 0 0 0 0 0 0 0 33 0 9 0 1 0 2 0 0 10
8 0 2 7 0 0 0 0 0 0 0 0 0 0 0 0 0 0 0 0 0 0 0 0 0 0 0 9 0 2 0 11 2 0 33 39 0 0 0 36 0
20 0 2 11 0 0 0 0 0 0 0 0 0 4 15 0 0 0 0 0 2 0 0 1 0 0 0 13 0 19 0 0 15 0 33 30 0 0 3 34 0
18 0 1 11 0 0 0 0 0 0 0 0 0 3 11 0 0 0 0 0 1 0 0 0 0 0 0 15 0 17 0 0 14 0 34 32 0 0 2 35 0
0 0 11 0 0 0 0 0 0 0 0 0 0 0 0 0 0 0 0 0 0 0 12 0 0 0 0 0 0 0 0 25 0 2 21 20 0 2 0 17 7
0 0 22 0 0 0 0 0 0 0 0 0 0 0 0 0 0 0 0 0 0 0 18 0 0 0 0 0 0 0 0 39 0 2 35 33 0 3 0 24 10
0 0 11 0 0 0 0 0 0 0 0 0 0 0 0 0 0 0 0 0 0 0 22 0 0 0 0 0 0 0 0 42 0 11 5 3 0 3 0 0 12
30 0 9 12 0 0 5 0 0 0 0 0 0 16 34 0 0 0 0 0 4 0 0 9 0 0 0 9 0 36 0 0 30 0 29 19 0 0 8 25 0
0 0 13 0 0 0 0 0 0 0 0 0 0 0 0 0 0 0 0 0 0 0 12 0 0 0 0 0 0 0 0 28 0 1 27 26 0 2 0 21 7
24 0 6 12 0 0 0 0 0 0 0 0 0 9 23 0 0 0 0 0 2 0 0 3 0 0 0 11 0 27 0 0 23 0 33 25 0 0 4 31 0
2 2 0 0 0 0 0 0 0 0 0 0 0 0 0 0 0 0 0 0 0 0 16 0 0 0 2 5 0 0 0 29 0 10 0 0 0 1 0 0 8
6 0 4 7 0 0 0 0 0 0 0 0 0 0 0 0 0 0 0 0 0 0 0 0 0 0 0 7 0 2 0 10 1 0 37 43 0 0 0 38 0
0 6 0 0 0 0 0 0 0 0 0 0 0 0 0 0 0 0 0 0 0 0 29 0 0 0 7 4 0 0 0 44 0 26 0 0 0 1 0 0 13
0 6 0 0 0 0 0 0 0 0 0 0 0 0 0 0 0 0 0 0 0 0 31 0 0 0 8 3 0 0 0 47 0 28 0 0 0 2 0 0 14
7 0 3 7 0 0 0 0 0 0 0 0 0 0 0 0 0 0 0 0 0 0 0 0 0 0 0 8 0 2 0 10 2 0 36 42 0 0 0 38 0
2 0 9 6 0 0 0 0 0 0 0 0 0 0 0 0 0 0 0 0 0 0 1 0 0 0 0 1 0 0 0 14 0 0 42 47 0 0 0 40 0
0 2 0 0 0 0 0 0 0 0 0 0 0 0 0 0 0 0 0 0 0 0 24 0 0 0 0 5 0 0 0 42 0 16 0 0 0 0 0 0 11
25 1 0 2 0 2 0 0 0 0 0 0 1 10 20 0 0 1 0 0 4 0 0 7 1 0 11 22 0 15 0 0 15 0 0 3 0 0 2 7 0
10 0 0 7 0 0 0 0 0 0 0 0 0 0 0 0 0 0 0 0 0 0 0 0 0 0 0 12 0 3 0 9 3 0 30 38 0 0 0 35 0
0 0 14 2 0 0 0 0 0 0 0 0 0 0 0 0 0 0 0 0 0 0 5 0 0 0 0 0 0 0 0 19 0 0 38 39 0 0 0 33 4
14 0 0 5 0 0 0 0 0 0 0 0 0 0 5 0 0 0 0 0 1 0 0 0 0 0 1 15 0 6 0 4 6 0 20 28 1 0 0 29 0
0 2 0 0 0 0 0 0 0 0 0 0 0 0 0 0 0 0 0 0 0 0 35 0 0 0 1 0 0 0 0 55 0 27 0 0 0 3 0 0 17
3 0 8 6 0 0 0 0 0 0 0 0 0 0 0 0 0 0 0 0 0 0 2 0 0 0 0 3 0 0 0 15 0 0 41 46 0 0 0 40 0
0 5 0 0 0 0 0 0 0 0 0 0 0 0 0 0 1 0 0 0 0 0 40 0 0 0 5 0 0 0 0 60 0 34 0 0 0 3 0 0 18
8 0 2 7 0 0 0 0 0 0 0 0 0 0 0 0 0 0 0 0 0 0 0 0 0 0 0 10 0 3 0 9 3 0 35 41 0 0 0 38 0
0 0 15 3 0 0 0 0 0 0 0 0 0 0 0 0 0 0 0 0 0 0 5 0 0 0 0 0 0 0 0 19 0 0 43 45 0 0 0 38 3
10 0 0 9 0 0 0 0 0 0 0 0 0 0 0 0 0 0 0 0 0 0 0 0 0 0 0 15 0 4 0 8 5 0 34 42 0 0 0 39 0
0 2 0 0 0 0 0 0 0 0 0 0 0 0 0 0 1 0 0 0 0 0 45 0 0 0 2 0 0 0 0 69 0 36 0 0 0 6 0 0 21
2 0 1 0 0 0 0 0 0 0 0 0 0 0 0 0 0 0 0 0 0 0 12 0 0 0 0 2 0 0 0 24 0 5 1 3 0 2 0 2 7
21 0 2 10 0 0 0 0 0 0 0 0 0 5 16 0 0 0 0 0 2 0 0 1 0 0 0 13 0 19 0 0 16 0 30 27 0 0 3 32 0
0 0 5 0 0 0 0 0 0 0 0 0 0 0 0 0 0 0 0 0 0 0 20 0 0 0 0 0 0 0 0 36 0 11 0 0 0 3 0 0 11
25 0 1 10 0 0 0 0 0 0 0 0 0 8 19 0 0 0 0 0 2 0 0 2 0 0 0 17 0 23 0 0 20 0 25 22 0 0 3 27 0
27 0 10 13 0 0 6 0 0 0 0 0 0 15 31 0 0 0 0 0 3 0 0 9 0 0 0 6 0 35 0 0 28 0 31 20 0 0 8 27 0
0 0 3 0 0 0 0 0 0 0 0 0 0 0 0 0 0 0 0 0 0 0 24 0 0 0 0 0 0 0 0 42 0 15 0 0 0 3 0 0 13
8 0 3 6 0 0 0 0 0 0 0 0 0 0 0 0 0 0 0 0 0 0 0 0 0 0 0 8 0 3 0 9 3 0 33 39 0 0 0 36 0
0 0 19 0 0 0 0 0 0 0 0 0 0 0 0 0 0 0 0 0 0 0 15 0 0 0 0 0 0 0 0 35 0 0 35 34 0 2 0 26 8
29 0 13 13 0 0 10 1 0 0 0 0 0 19 38 0 0 0 1 0 4 0 0 12 0 0 0 3 0 41 0 0 33 0 31 16 0 0 11 23 0
3 0 9 6 0 0 0 0 0 0 0 0 0 0 0 0 0 0 0 0 0 0 0 0 0 0 0 0 0 1 0 12 0 0 42 46 0 0 0 40 0
0 0 12 0 0 0 0 0 0 0 0 0 0 0 0 0 0 0 0 0 0 0 15 0 0 0 0 0 0 0 0 31 0 4 20 19 0 2 0 15 8
2 0 9 6 0 0 0 0 0 0 0 0 0 0 0 0 0 0 0 0 0 0 1 0 0 0 0 1 0 0 0 14 0 0 41 46 0 0 0 40 0
28 0 10 13 0 0 6 0 0 0 0 0 0 16 33 0 0 0 0 0 3 0 0 9 0 0 0 7 0 37 0 0 30 0 31 20 0 0 8 27 0
0 0 4 0 0 0 0 0 0 0 0 0 0 0 0 0 0 0 0 0 0 0 30 0 0 0 0 0 0 0 0 49 0 22 0 0 0 4 0 0 16
21 0 0 9 0 0 0 0 0 0 0 0 0 4 15 0 0 0 0 0 2 0 0 1 0 0 0 15 0 18 0 0 15 0 26 25 0 0 2 30 0
10 0 4 6 0 0 0 0 0 0 0 0 0 0 1 0 0 0 0 0 0 0 0 0 0 0 0 8 0 5 0 8 3 0 32 37 0 0 0 35 0
0 0 8 0 0 0 0 0 0 0 0 0 0 0 0 0 0 0 0 0 0 0 28 0 0 0 0 0 0 0 0 47 0 18 0 0 0 4 0 0 14
6 0 6 6 0 0 0 0 0 0 0 0 0 0 0 0 0 0 0 0 0 0 0 0 0 0 0 4 0 2 0 10 0 0 37 42 0 0 0 38 0
0 0 14 4 0 0 0 0 0 0 0 0 0 0 0 0 0 0 0 0 0 0 3 0 0 0 0 0 0 0 0 17 0 0 46 49 0 0 0 41 2
