33 0 51 0 2 0 12 0 0 0 0 0 0 0 0 13 0 0 0 0 0 0 0 0 0 0 0 0 0 0 0 0 0 0 0 21 0 6 0 0 0
11 0 28 13 1 0 6 0 0 0 0 0 0 0 0 5 0 0 0 0 0 0 0 0 0 0 0 0 4 0 0 7 0 0 0 11 0 0 0 0 0
26 0 44 0 2 0 11 0 0 0 0 0 0 0 0 11 0 0 0 0 0 0 0 0 0 0 0 0 0 0 0 0 0 0 0 17 0 4 0 0 0
0 0 0 2 0 0 0 0 0 0 0 0 0 0 0 0 0 0 0 0 0 0 11 0 0 0 0 38 1 21 0 70 0 0 30 0 0 0 0 51 16
0 0 12 23 0 0 0 0 0 0 0 0 0 0 0 0 0 0 0 0 0 0 12 0 0 0 0 8 11 15 0 39 0 0 0 13 0 0 0 19 9
14 0 31 10 1 0 7 0 0 0 0 0 0 0 0 6 0 0 0 0 0 0 0 0 0 0 0 0 2 0 0 2 0 0 0 12 0 1 0 0 0
0 0 0 6 1 0 0 0 0 0 0 0 0 0 0 0 0 0 0 0 0 0 13 0 0 0 0 33 3 20 0 66 0 0 25 0 0 0 0 48 15
0 0 3 17 0 0 0 0 0 0 0 0 0 0 0 0 0 0 0 0 0 0 13 0 0 0 0 16 9 17 0 47 0 0 9 8 0 0 0 31 11
0 0 0 2 0 0 0 0 0 0 0 0 0 0 0 0 0 0 0 0 0 0 11 0 0 0 0 38 1 21 0 70 0 0 30 0 0 0 0 51 15
0 0 0 0 0 0 0 0 0 0 0 0 0 0 0 0 0 0 0 0 0 0 11 0 0 0 0 40 0 20 0 70 0 0 32 0 0 0 0 51 16
0 0 0 6 0 0 0 0 0 0 0 0 0 0 0 0 0 0 0 0 0 0 11 0 0 0 0 33 3 20 0 65 0 0 26 0 0 0 0 48 14
0 0 0 6 0 0 0 0 0 0 0 0 0 0 0 0 0 0 0 0 0 0 12 0 0 0 0 33 3 20 0 66 0 0 25 0 0 0 0 48 14
0 0 0 14 0 0 0 0 0 0 0 0 0 0 0 0 0 0 0 0 0 0 12 0 0 0 0 22 7 18 0 55 0 0 15 4 0 0 0 38 12
5 0 20 20 0 0 3 0 0 0 0 0 0 0 0 1 0 0 0 0 0 0 5 0 0 0 0 2 8 8 0 26 0 0 0 12 0 0 0 4 3
0 0 0 0 0 0 0 0 0 0 0 0 0 0 0 0 0 0 0 0 0 0 12 0 0 0 0 41 0 22 0 72 0 0 33 0 0 0 0 53 17
0 0 4 20 0 0 0 0 0 0 0 0 0 0 0 0 0 0 0 0 0 0 14 0 0 0 0 15 10 18 0 48 0 0 7 8 0 0 0 31 11
0 0 0 0 0 0 0 0 0 0 0 0 0 0 0 0 0 0 0 0 0 0 13 0 0 1 0 43 0 21 0 73 0 0 35 0 0 0 0 54 17
0 0 4 18 0 0 0 0 0 0 0 0 0 0 0 0 0 0 0 0 0 0 13 0 0 0 0 15 9 16 0 47 0 0 7 11 0 0 0 28 11
31 0 48 0 3 0 12 0 0 0 0 0 0 0 0 13 0 0 0 0 0 0 0 0 0 0 0 0 0 0 0 0 0 0 0 21 0 6 0 0 0
26 0 43 0 2 0 10 0 0 0 0 0 0 0 0 10 0 0 0 0 0 0 0 0 0 0 0 0 0 0 0 0 0 0 0 18 0 4 0 0 0
0 0 0 7 0 0 0 0 0 0 0 0 0 0 0 0 0 0 0 0 0 0 11 0 0 0 0 32 3 20 0 66 0 0 25 0 0 0 0 48 14
0 0 4 19 0 0 0 0 0 0 0 0 0 0 0 0 0 0 0 0 0 0 13 0 0 0 0 16 9 18 0 48 0 0 8 6 0 0 0 32 11
0 0 0 0 0 0 0 0 0 0 0 0 0 0 0 0 0 0 0 0 0 0 13 0 0 1 0 42 0 21 0 72 0 0 34 0 0 0 0 52 17
0 0 12 22 0 0 0 0 0 0 0 0 0 0 0 0 0 0 0 0 0 0 11 0 0 0 0 9 11 15 0 40 0 0 0 14 0 0 0 18 9
1 0 15 23 0 0 1 0 0 1 0 0 0 0 0 0 0 0 0 0 0 0 9 0 0 0 0 5 10 12 0 34 0 0 0 11 0 0 0 12 6
0 0 11 23 0 0 0 0 0 0 0 0 0 0 0 0 0 0 0 0 0 0 12 0 0 0 0 9 11 15 0 40 0 0 0 12 0 0 0 21 9
21 0 38 2 2 0 9 0 0 0 0 0 0 0 0 8 0 0 0 0 0 0 0 0 0 0 0 0 0 0 0 0 0 0 0 16 0 3 0 0 0
0 0 0 2 0 0 0 0 0 0 0 0 0 0 0 0 0 0 0 0 0 0 12 0 0 0 0 38 1 21 0 70 0 0 30 0 0 0 0 51 16
0 0 0 4 0 0 0 0 0 0 0 0 0 0 0 0 0 0 0 0 0 0 12 0 0 0 0 35 2 21 0 68 0 0 28 0 0 0 0 50 15
4 0 20 21 0 0 3 0 0 0 0 0 0 0 0 0 0 0 0 0 0 0 5 0 0 0 0 1 8 9 0 26 0 0 0 11 0 0 0 6 3
0 0 0 11 0 0 0 0 0 0 0 0 0 0 0 0 0 0 0 0 0 0 12 0 0 0 0 25 6 18 0 57 0 0 18 3 0 0 0 40 13
25 0 42 0 2 0 10 0 0 0 0 0 0 0 0 10 0 0 0 0 0 0 0 0 0 0 0 0 0 0 0 0 0 0 0 18 0 4 0 0 0
0 0 0 3 0 0 0 0 0 0 0 0 0 0 0 0 0 0 0 0 0 0 12 0 0 0 0 37 2 21 0 69 0 0 29 0 0 0 0 50 16
0 0 0 5 0 0 0 0 0 0 0 0 0 0 0 0 0 0 0 0 0 0 11 0 0 0 0 35 2 21 0 68 0 0 28 0 0 0 0 50 15
0 0 11 22 0 0 0 0 0 0 0 0 0 0 0 0 0 0 0 0 0 0 12 0 0 0 0 9 11 15 0 39 0 0 1 10 0 0 0 21 9
14 0 31 12 1 0 7 0 0 0 0 0 0 0 0 5 0 0 0 0 0 0 0 0 0 0 0 0 3 0 0 4 0 0 0 13 0 1 0 0 0
0 0 0 3 0 0 0 0 0 0 0 0 0 0 0 0 0 0 0 0 0 0 12 0 0 0 0 38 2 22 0 71 0 0 30 0 0 0 0 52 16
13 0 30 12 1 0 7 0 0 0 0 0 0 0 0 5 0 0 0 0 0 0 0 0 0 0 0 0 3 0 0 5 0 0 0 11 0 1 0 0 0
0 0 4 19 0 0 0 0 0 0 0 0 0 0 0 0 0 0 0 0 0 0 13 0 0 0 0 15 9 17 0 47 0 0 7 8 0 0 0 30 11
0 0 5 20 0 0 0 0 0 0 0 0 0 0 0 0 0 0 0 0 0 0 13 0 0 0 0 14 10 17 0 45 0 0 6 9 0 0 0 29 11
0 0 2 16 0 0 0 0 0 0 0 0 0 0 0 0 0 0 0 0 0 0 12 0 0 0 0 17 8 17 0 49 0 0 11 4 0 0 0 34 11
0 0 0 1 0 0 0 0 0 0 0 0 0 0 0 0 0 0 0 0 0 0 12 0 0 0 0 39 1 21 0 71 0 0 31 0 0 0 0 52 16
8 0 25 16 0 0 5 0 0 0 0 0 0 0 0 3 0 0 0 0 0 0 0 0 0 0 0 0 5 4 0 16 0 0 0 10 0 0 0 0 0
0 0 0 14 0 0 0 0 0 0 0 0 0 0 0 0 0 0 0 0 0 0 12 0 0 0 0 23 7 19 0 56 0 0 16 1 0 0 0 41 12
0 0 0 17 0 0 0 0 0 0 0 0 0 0 0 0 0 0 0 0 0 0 12 0 0 0 0 19 8 19 0 52 0 0 12 2 0 0 0 37 12
39 0 60 0 2 0 14 0 0 0 0 0 0 0 0 16 0 0 0 0 0 0 0 0 0 0 0 0 0 0 0 0 0 0 0 25 0 8 0 0 0
0 0 0 2 0 0 0 0 0 0 0 0 0 0 0 0 0 0 0 0 0 0 12 0 0 0 0 38 1 22 0 71 0 0 30 0 0 0 0 52 16
0 0 9 22 0 0 0 0 0 0 0 0 0 0 0 0 0 0 0 0 0 0 13 0 0 0 0 11 11 16 0 42 0 0 2 12 0 0 0 23 10
0 0 0 13 0 0 0 0 0 0 0 0 0 0 0 0 0 0 0 0 0 0 11 0 0 0 0 24 6 19 0 58 0 0 17 0 0 0 0 42 12
0 0 0 8 0 0 0 0 0 0 0 0 0 0 0 0 0 0 0 0 0 0 12 0 0 0 0 31 4 20 0 65 0 0 24 0 0 0 0 48 14
0 0 8 21 0 0 0 0 0 0 0 0 0 0 0 0 0 0 0 0 0 0 13 0 0 0 0 12 10 16 0 43 0 0 3 12 0 0 0 24 10
0 0 0 0 0 0 0 0 0 0 0 0 0 0 0 0 0 0 0 0 0 0 13 0 0 1 0 41 0 21 0 71 0 0 33 0 0 0 0 52 17
0 0 0 6 0 0 0 0 0 0 0 0 0 0 0 0 0 0 0 0 0 0 12 0 0 0 0 34 3 20 0 67 0 0 26 0 0 0 0 49 14
0 0 11 23 0 0 0 0 0 0 0 0 0 0 0 0 0 0 0 0 0 0 12 0 0 0 0 9 11 15 0 40 0 0 0 13 0 0 0 20 9
0 0 0 2 0 0 0 0 0 0 0 0 0 0 0 0 0 0 0 0 0 0 12 0 0 0 0 38 1 21 0 70 0 0 30 0 0 0 0 51 16
0 0 0 3 0 0 0 0 0 0 0 0 0 0 0 0 0 0 0 0 0 0 12 0 0 0 0 36 2 21 0 68 0 0 29 0 0 0 0 50 15
14 0 30 11 2 0 7 0 0 0 0 0 0 0 0 6 0 0 0 0 0 0 0 0 0 0 0 0 2 0 0 2 0 0 0 12 0 1 0 0 0
0 0 0 5 0 0 0 0 0 0 0 0 0 0 0 0 0 0 0 0 0 0 11 0 0 0 0 33 3 20 0 65 0 0 26 0 0 0 0 47 14
0 0 0 2 0 0 0 0 0 0 0 0 0 0 0 0 0 0 0 0 0 0 13 0 0 0 0 38 2 22 0 71 0 0 30 0 0 0 0 52 16
1 0 18 21 0 0 2 0 0 1 0 0 0 0 0 0 0 0 0 0 0 0 5 0 0 0 0 3 8 10 0 28 0 0 0 7 0 0 0 9 4
0 0 8 22 0 0 0 0 0 0 0 0 0 0 0 0 0 0 0 0 0 0 12 0 0 0 0 10 11 16 0 42 0 0 3 8 0 0 0 25 10
0 0 1 17 0 0 0 0 0 0 0 0 0 0 0 0 0 0 0 0 0 0 13 0 0 0 0 18 8 18 0 50 0 0 10 8 0 0 0 33 12
0 0 9 21 0 0 0 0 0 0 0 0 0 0 0 0 0 0 0 0 0 0 12 0 0 0 0 12 10 16 0 43 0 0 3 13 0 0 0 23 10
4 0 20 21 0 0 3 0 0 1 0 0 0 0 0 1 0 0 0 0 0 0 5 0 0 0 0 2 7 9 0 27 0 0 0 11 0 0 0 4 3
8 0 25 17 0 0 5 0 0 0 0 0 0 0 0 3 0 0 0 0 0 0 1 0 0 0 0 0 6 5 0 18 0 0 0 11 0 0 0 0 0
0 0 0 12 0 0 0 0 0 0 0 0 0 0 0 0 0 0 0 0 0 0 12 0 0 0 0 25 6 19 0 58 0 0 18 2 0 0 0 41 13
0 0 9 23 0 0 0 0 0 0 0 0 0 0 0 0 0 0 0 0 0 0 12 0 0 0 0 10 11 16 0 41 0 0 2 9 0 0 0 23 9
2 0 16 22 0 0 1 0 0 1 0 0 0 0 0 0 0 0 0 0 0 0 7 0 0 0 0 4 9 11 0 32 0 0 0 11 0 0 0 10 5
0 0 0 13 0 0 0 0 0 0 0 0 0 0 0 0 0 0 0 0 0 0 12 0 0 0 0 23 7 19 0 56 0 0 16 3 0 0 0 39 12
0 0 0 0 0 0 0 0 0 0 0 0 0 0 0 0 0 0 0 0 0 0 13 0 0 1 0 43 0 21 0 73 0 0 34 0 0 0 0 54 17
0 0 0 9 0 0 0 0 0 0 0 0 0 0 0 0 0 0 0 0 0 0 12 0 0 0 0 30 4 19 0 63 0 0 22 0 0 0 0 46 13
0 0 0 0 0 0 0 0 0 0 0 0 0 0 0 0 0 0 0 0 0 0 13 0 0 1 0 42 0 21 0 71 0 0 34 0 0 0 0 52 17
0 0 0 12 0 0 0 0 0 0 0 0 0 0 0 0 0 0 0 0 0 0 12 0 0 0 0 26 6 19 0 59 0 0 19 0 0 0 0 43 13
0 0 0 8 0 0 0 0 0 0 0 0 0 0 0 0 0 0 0 0 0 0 11 0 0 0 0 31 3 19 0 64 0 0 24 0 0 0 0 47 14
0 0 0 10 0 0 0 0 0 0 0 0 0 0 0 0 0 0 0 0 0 0 12 0 0 0 0 29 5 20 0 62 0 0 22 0 0 0 0 46 14
0 0 7 21 0 0 0 0 0 0 0 0 0 0 0 0 0 0 0 0 0 0 13 0 0 0 0 12 10 16 0 43 0 0 4 12 0 0 0 25 10
0 0 0 6 0 0 0 0 0 0 0 0 0 0 0 0 0 0 0 0 0 0 11 0 0 0 0 33 3 20 0 66 0 0 26 0 0 0 0 48 14
0 0 12 24 0 0 0 0 0 0 0 0 0 0 0 0 0 0 0 0 0 0 12 0 0 0 0 8 11 15 0 39 0 0 0 14 0 0 0 18 9
0 0 0 2 0 0 0 0 0 0 0 0 0 0 0 0 0 0 0 0 0 0 12 0 0 0 0 38 1 21 0 70 0 0 31 0 0 0 0 52 16
0 0 0 4 0 0 0 0 0 0 0 0 0 0 0 0 0 0 0 0 0 0 12 0 0 0 0 36 2 21 0 69 0 0 28 0 0 0 0 50 15
0 0 0 0 0 0 0 0 0 0 0 0 0 0 0 0 0 0 0 0 0 0 13 0 0 1 0 43 0 21 0 73 0 0 35 0 0 0 0 53 17
50 0 74 0 1 0 17 0 0 0 0 0 0 0 0 20 0 0 0 0 0 0 0 0 0 0 0 0 0 0 0 0 0 0 0 32 0 10 0 0 0
0 0 0 1 0 0 0 0 0 0 0 0 0 0 0 0 0 0 0 0 0 0 12 0 0 0 0 39 1 21 0 71 0 0 31 0 0 0 0 52 16
0 0 6 20 0 0 0 0 0 0 0 0 0 0 0 0 0 0 0 0 0 0 13 0 0 0 0 13 10 17 0 45 0 0 5 10 0 0 0 27 11
0 0 0 9 0 0 0 0 0 0 0 0 0 0 0 0 0 0 0 0 0 0 12 0 0 0 0 29 4 20 0 63 0 0 22 0 0 0 0 46 13
0 0 0 5 0 0 0 0 0 0 0 0 0 0 0 0 0 0 0 0 0 0 11 0 0 0 0 35 2 21 0 68 0 0 28 0 0 0 0 50 15
0 0 0 4 0 0 0 0 0 0 0 0 0 0 0 0 0 0 0 0 0 0 12 0 0 0 0 35 2 21 0 68 0 0 28 0 0 0 0 50 15
8 0 25 18 0 0 5 0 0 0 0 0 0 0 0 2 0 0 0 0 0 0 1 0 0 0 0 0 6 5 0 18 0 0 0 11 0 0 0 0 0
0 0 0 4 0 0 0 0 0 0 0 0 0 0 0 0 0 0 0 0 0 0 11 0 0 0 0 35 2 20 0 68 0 0 28 0 0 0 0 49 15
0 0 6 20 0 0 0 0 0 0 0 0 0 0 0 0 0 0 0 0 0 0 13 0 0 0 0 14 10 17 0 45 0 0 5 10 0 0 0 27 11
6 0 22 19 0 0 4 0 0 0 0 0 0 0 0 2 0 0 0 0 0 0 3 0 0 0 0 0 7 7 0 22 0 0 0 10 0 0 0 1 1
21 0 38 3 2 0 9 0 0 0 0 0 0 0 0 8 0 0 0 0 0 0 0 0 0 0 0 0 0 0 0 0 0 0 0 15 0 3 0 0 0
0 0 0 0 1 0 0 0 0 0 0 0 0 0 0 0 0 0 0 0 0 0 11 0 0 0 0 38 0 20 0 69 0 0 30 0 0 0 0 49 16
5 0 22 18 0 0 4 0 0 0 0 0 0 0 0 2 0 0 0 0 0 0 2 0 0 0 0 0 7 7 0 21 0 0 0 9 0 0 0 2 2
0 0 0 0 0 0 0 0 0 0 0 0 0 0 0 0 0 0 0 0 0 0 14 0 0 1 0 46 0 22 0 75 0 0 37 0 0 0 0 56 18
43 0 63 0 2 0 15 0 0 0 0 0 0 0 0 17 0 0 0 0 0 0 0 0 0 0 0 0 0 0 0 0 0 0 0 27 0 9 0 0 0
0 0 0 13 0 0 0 0 0 0 0 0 0 0 0 0 0 0 0 0 0 0 12 0 0 0 0 24 7 20 0 58 0 0 17 1 0 0 0 42 13
0 0 0 4 0 0 0 0 0 0 0 0 0 0 0 0 0 0 0 0 0 0 11 0 0 0 0 35 2 20 0 67 0 0 27 0 0 0 0 49 15
0 0 0 15 0 0 0 0 0 0 0 0 0 0 0 0 0 0 0 0 0 0 12 0 0 0 0 21 7 18 0 53 0 0 13 5 0 0 0 36 12
0 0 2 17 0 0 0 0 0 0 0 0 0 0 0 0 0 0 0 0 0 0 13 0 0 0 0 17 9 17 0 49 0 0 9 8 0 0 0 32 12
0 0 13 24 0 0 0 0 0 0 0 0 0 0 0 0 0 0 0 0 0 0 11 0 0 0 0 6 11 14 0 37 0 0 0 10 0 0 0 18 8
10 0 27 15 1 0 6 0 0 0 0 0 0 0 0 4 0 0 0 0 0 0 0 0 0 0 0 0 5 2 0 12 0 0 0 12 0 0 0 0 0
0 0 0 0 0 0 0 0 0 0 0 0 0 0 0 0 0 0 0 0 0 0 13 0 0 1 0 42 0 22 0 73 0 0 33 0 0 0 0 53 17
0 0 9 23 0 0 0 0 0 0 0 0 0 0 0 0 0 0 0 0 0 0 12 0 0 0 0 10 11 16 0 42 0 0 2 8 0 0 0 24 10
0 0 0 15 0 0 0 0 0 0 0 0 0 0 0 0 0 0 0 0 0 0 13 0 0 0 0 20 8 18 0 52 0 0 13 5 0 0 0 37 12
0 0 0 4 0 0 0 0 0 0 0 0 0 0 0 0 0 0 0 0 0 0 11 0 0 0 0 35 2 21 0 68 0 0 28 0 0 0 0 50 15
2 0 18 21 0 0 2 0 0 1 0 0 0 0 0 0 0 0 0 0 0 0 6 0 0 0 0 3 8 10 0 30 0 0 0 9 0 0 0 8 4
12 0 30 12 1 0 7 0 0 0 0 0 0 0 0 5 0 0 0 0 0 0 0 0 0 0 0 0 3 0 0 5 0 0 0 11 0 1 0 0 0
0 0 11 24 0 0 0 0 0 1 0 0 0 0 0 0 0 0 0 0 0 0 10 0 0 0 0 7 11 15 0 39 0 0 0 8 0 0 0 19 8
48 0 70 0 1 0 17 0 0 0 0 0 0 0 0 19 0 0 0 0 0 0 0 0 0 0 0 0 0 0 0 0 0 0 0 30 0 10 0 0 0
0 0 0 11 0 0 0 0 0 0 0 0 0 0 0 0 0 0 0 0 0 0 10 0 0 0 0 26 5 18 0 58 0 0 18 0 0 0 0 41 12
11 0 28 12 1 0 6 0 0 0 0 0 0 0 0 5 0 0 0 0 0 0 0 0 0 0 0 0 3 0 0 6 0 0 0 9 0 1 0 0 0
0 0 0 9 0 0 0 0 0 0 0 0 0 0 0 0 0 0 0 0 0 0 11 0 0 0 0 29 4 19 0 62 0 0 22 0 0 0 0 46 13
0 0 0 1 0 0 0 0 0 0 0 0 0 0 0 0 0 0 0 0 0 0 11 0 0 0 0 38 1 21 0 69 0 0 30 0 0 0 0 50 16
12 0 28 12 1 0 6 0 0 0 0 0 0 0 0 5 0 0 0 0 0 0 0 0 0 0 0 0 3 0 0 8 0 0 0 12 0 1 0 0 0
0 0 0 5 0 0 0 0 0 0 0 0 0 0 0 0 0 0 0 0 0 0 11 0 0 0 0 33 3 20 0 66 0 0 26 0 0 0 0 48 14
0 0 0 15 0 0 0 0 0 0 0 0 0 0 0 0 0 0 0 0 0 0 12 0 0 0 0 20 8 18 0 53 0 0 13 4 0 0 0 36 12
0 0 0 7 0 0 0 0 0 0 0 0 0 0 0 0 0 0 0 0 0 0 12 0 0 0 0 31 4 19 0 64 0 0 24 0 0 0 0 46 14
0 0 0 3 0 0 0 0 0 0 0 0 0 0 0 0 0 0 0 0 0 0 11 0 0 0 0 37 1 21 0 70 0 0 29 0 0 0 0 50 15
0 0 0 7 0 0 0 0 0 0 0 0 0 0 0 0 0 0 0 0 0 0 12 0 0 0 0 32 4 20 0 65 0 0 24 0 0 0 0 47 14
0 0 0 10 0 0 0 0 0 0 0 0 0 0 0 0 0 0 0 0 0 0 11 0 0 0 0 28 5 19 0 61 0 0 21 0 0 0 0 44 13
0 0 4 18 0 0 0 0 0 0 0 0 0 0 0 0 0 0 0 0 0 0 12 0 0 0 0 16 9 17 0 48 0 0 8 7 0 0 0 31 11
0 0 0 5 0 0 0 0 0 0 0 0 0 0 0 0 0 0 0 0 0 0 11 0 0 0 0 33 2 20 0 65 0 0 26 0 0 0 0 48 14
0 0 10 23 1 0 0 0 0 0 0 0 0 0 0 0 0 0 0 0 0 0 13 0 0 0 0 10 11 16 0 41 0 0 0 15 0 0 0 21 10
0 0 0 13 0 0 0 0 0 0 0 0 0 0 0 0 0 0 0 0 0 0 11 0 0 0 0 24 6 19 0 57 0 0 17 1 0 0 0 41 12
0 0 0 3 0 0 0 0 0 0 0 0 0 0 0 0 0 0 0 0 0 0 11 0 0 0 0 35 2 20 0 68 0 0 28 0 0 0 0 49 15
12 0 28 14 1 0 6 0 0 0 0 0 0 0 0 4 0 0 0 0 0 0 0 0 0 0 0 0 4 1 0 8 0 0 0 12 0 0 0 0 0
46 0 68 0 2 0 16 0 0 0 0 0 0 0 0 18 0 0 0 0 0 0 0 0 0 0 0 0 0 0 0 0 0 0 0 30 0 9 0 0 0
51 0 76 0 1 0 18 0 0 0 0 0 0 0 0 20 0 0 0 0 0 0 0 0 0 0 0 0 0 0 0 0 0 0 0 32 0 11 0 0 0
7 0 24 18 0 0 4 0 0 0 0 0 0 0 0 2 0 0 0 0 0 0 1 0 0 0 0 0 6 5 0 18 0 0 0 10 0 0 0 0 1
0 0 0 17 0 0 0 0 0 0 0 0 0 0 0 0 0 0 0 0 0 0 13 0 0 0 0 18 9 18 0 50 0 0 12 4 0 0 0 36 12
0 0 8 21 0 0 0 0 0 0 0 0 0 0 0 0 0 0 0 0 0 0 13 0 0 0 0 12 10 16 0 43 0 0 3 12 0 0 0 25 10
0 0 0 0 0 0 0 0 0 0 0 0 0 0 0 0 0 0 0 0 0 0 12 0 0 1 0 41 0 21 0 71 0 0 33 0 0 0 0 52 17
0 0 0 11 0 0 0 0 0 0 0 0 0 0 0 0 0 0 0 0 0 0 11 0 0 0 0 25 6 19 0 58 0 0 18 2 0 0 0 41 12
11 0 28 14 1 0 6 0 0 0 0 0 0 0 0 4 0 0 0 0 0 0 0 0 0 0 0 0 4 1 0 11 0 0 0 11 0 1 0 0 0
0 0 0 3 0 0 0 0 0 0 0 0 0 0 0 0 0 0 0 0 0 0 11 0 0 0 0 36 1 20 0 68 0 0 29 0 0 0 0 50 15
35 0 53 0 3 0 13 0 0 0 0 0 0 0 0 14 0 0 0 0 0 0 0 0 0 0 0 0 0 0 0 0 0 0 0 23 0 7 0 0 0
0 0 0 5 0 0 0 0 0 0 0 0 0 0 0 0 0 0 0 0 0 0 11 0 0 0 0 33 2 20 0 66 0 0 26 0 0 0 0 48 14
0 0 0 0 0 0 0 0 0 0 0 0 0 0 0 0 0 0 0 0 0 0 12 0 0 0 0 41 0 21 0 71 0 0 33 0 0 0 0 52 17
0 0 13 23 0 0 0 0 0 1 0 0 0 0 0 0 0 0 0 0 0 0 10 0 0 0 0 6 10 13 0 37 0 0 0 12 0 0 0 15 7
0 0 0 0 0 0 0 0 0 0 0 0 0 0 0 0 0 0 0 0 0 0 15 0 0 2 0 49 0 23 0 77 0 0 41 0 0 0 0 59 19
0 0 12 24 0 0 0 0 0 0 0 0 0 0 0 0 0 0 0 0 0 0 11 0 0 0 0 7 11 15 0 38 0 0 0 8 0 0 0 20 8
0 0 5 20 0 0 0 0 0 0 0 0 0 0 0 0 0 0 0 0 0 0 12 0 0 0 0 14 9 17 0 46 0 0 7 3 0 0 0 31 10
0 0 0 5 0 0 0 0 0 0 0 0 0 0 0 0 0 0 0 0 0 0 12 0 0 0 0 33 3 20 0 66 0 0 26 0 0 0 0 48 14
0 0 0 0 0 0 0 0 0 0 0 0 0 0 0 0 0 0 0 0 0 0 12 0 0 0 0 40 0 21 0 71 0 0 32 0 0 0 0 52 16
0 0 12 23 0 0 0 0 0 0 0 0 0 0 0 0 0 0 0 0 0 0 12 0 0 0 0 8 11 14 0 39 0 0 0 15 0 0 0 17 8
24 0 41 0 2 0 10 0 0 0 0 0 0 0 0 9 0 0 0 0 0 0 0 0 0 0 0 0 0 0 0 0 0 0 0 17 0 3 0 0 0
0 0 12 24 0 0 0 0 0 1 0 0 0 0 0 0 0 0 0 0 0 0 10 0 0 0 0 8 10 14 0 39 0 0 0 9 0 0 0 18 8
0 0 0 11 0 0 0 0 0 0 0 0 0 0 0 0 0 0 0 0 0 0 12 0 0 0 0 26 6 19 0 58 0 0 18 2 0 0 0 42 13
0 0 0 14 0 0 0 0 0 0 0 0 0 0 0 0 0 0 0 0 0 0 12 0 0 0 0 21 7 18 0 53 0 0 14 5 0 0 0 37 12
0 0 3 18 0 0 0 0 0 0 0 0 0 0 0 0 0 0 0 0 0 0 13 0 0 0 0 16 9 17 0 48 0 0 8 9 0 0 0 30 11
0 0 2 17 0 0 0 0 0 0 0 0 0 0 0 0 0 0 0 0 0 0 12 0 0 0 0 18 8 18 0 50 0 0 10 5 0 0 0 33 11
9 0 27 15 1 0 5 0 0 0 0 0 0 0 0 3 0 0 0 0 0 0 0 0 0 0 0 0 5 2 0 12 0 0 0 10 0 0 0 0 0
0 0 0 10 0 0 0 0 0 0 0 0 0 0 0 0 0 0 0 0 0 0 11 0 0 0 0 27 5 19 0 60 0 0 20 0 0 0 0 44 13
0 0 0 6 0 0 0 0 0 0 0 0 0 0 0 0 0 0 0 0 0 0 11 0 0 0 0 33 3 20 0 65 0 0 25 0 0 0 0 48 14
0 0 0 13 0 0 0 0 0 0 0 0 0 0 0 0 0 0 0 0 0 0 12 0 0 0 0 25 6 19 0 58 0 0 18 1 0 0 0 42 13
0 0 0 7 0 0 0 0 0 0 0 0 0 0 0 0 0 0 0 0 0 0 12 0 0 0 0 31 4 19 0 63 0 0 23 0 0 0 0 45 13
0 0 0 0 0 0 0 0 0 0 0 0 0 0 0 0 0 0 0 0 0 0 12 0 0 0 0 41 0 21 0 72 0 0 33 0 0 0 0 52 17
0 0 10 23 0 0 0 0 0 0 0 0 0 0 0 0 0 0 0 0 0 0 12 0 0 0 0 10 11 16 0 42 0 0 2 8 0 0 0 23 9
0 0 0 15 0 0 0 0 0 0 0 0 0 0 0 0 0 0 0 0 0 0 13 0 0 0 0 22 8 19 0 55 0 0 14 5 0 0 0 38 13
0 0 0 11 0 0 0 0 0 0 0 0 0 0 0 0 0 0 0 0 0 0 13 0 0 0 0 28 6 20 0 62 0 0 20 0 0 0 0 45 14
0 0 9 22 0 0 0 0 0 0 0 0 0 0 0 0 0 0 0 0 0 0 13 0 0 0 0 10 11 16 0 41 0 0 3 10 0 0 0 24 10
0 0 11 23 0 0 0 0 0 0 0 0 0 0 0 0 0 0 0 0 0 0 12 0 0 0 0 9 11 15 0 40 0 0 0 11 0 0 0 21 9
15 0 32 10 2 0 8 0 0 0 0 0 0 0 0 6 0 0 0 0 0 0 0 0 0 0 0 0 2 0 0 1 0 0 0 13 0 1 0 0 0
22 0 38 0 2 0 9 0 0 0 0 0 0 0 0 9 0 0 0 0 0 0 0 0 0 0 0 0 0 0 0 0 0 0 0 15 0 3 0 0 0
0 0 0 8 0 0 0 0 0 0 0 0 0 0 0 0 0 0 0 0 0 0 12 0 0 0 0 31 4 20 0 65 0 0 23 0 0 0 0 47 14
9 0 25 17 0 0 5 0 0 0 0 0 0 0 0 3 0 0 0 0 0 0 1 0 0 0 0 0 6 5 0 18 0 0 0 13 0 0 0 0 1
0 0 0 13 0 0 0 0 0 0 0 0 0 0 0 0 0 0 0 0 0 0 13 0 0 0 0 23 7 19 0 54 0 0 15 4 0 0 0 39 13
0 0 0 3 0 0 0 0 0 0 0 0 0 0 0 0 0 0 0 0 0 0 11 0 0 0 0 37 1 21 0 69 0 0 29 0 0 0 0 51 15
0 0 13 23 0 0 0 0 0 1 0 0 0 0 0 0 0 0 0 0 0 0 10 0 0 0 0 7 10 14 0 38 0 0 0 10 0 0 0 16 7
3 0 22 21 0 0 3 0 0 0 0 0 0 0 0 1 0 0 0 0 0 0 4 0 0 0 0 0 7 8 0 22 0 0 0 8 0 0 0 4 2
67 0 96 0 0 0 22 0 0 0 0 0 0 0 0 26 0 0 0 0 0 0 0 0 0 3 2 0 0 0 0 0 0 0 0 43 0 14 0 0 0
3 0 18 21 0 0 2 0 0 1 0 0 0 0 0 0 0 0 0 0 0 0 5 0 0 0 0 3 8 9 0 29 0 0 0 11 0 0 0 7 3
0 0 0 0 0 0 0 0 0 0 0 0 0 0 0 0 0 0 0 0 0 0 13 0 0 1 0 45 0 22 0 74 0 0 37 0 0 0 0 55 18
0 0 10 22 0 0 0 0 0 0 0 0 0 0 0 0 0 0 0 0 0 0 13 0 0 0 0 9 11 15 0 40 0 0 1 15 0 0 0 21 9
0 0 0 4 0 0 0 0 0 0 0 0 0 0 0 0 0 0 0 0 0 0 11 0 0 0 0 35 2 20 0 68 0 0 28 0 0 0 0 49 15
0 0 0 16 0 0 0 0 0 0 0 0 0 0 0 0 0 0 0 0 0 0 13 0 0 0 0 20 8 19 0 52 0 0 13 5 0 0 0 37 12
15 0 31 10 2 0 7 0 0 0 0 0 0 0 0 6 0 0 0 0 0 0 0 0 0 0 0 0 2 0 0 0 0 0 0 13 0 1 0 0 0
0 0 0 7 0 0 0 0 0 0 0 0 0 0 0 0 0 0 0 0 0 0 12 0 0 0 0 33 3 21 0 67 0 0 26 0 0 0 0 50 14
0 0 2 18 0 0 0 0 0 0 0 0 0 0 0 0 0 0 0 0 0 0 13 0 0 0 0 17 9 18 0 49 0 0 10 5 0 0 0 34 12
0 0 0 3 0 0 0 0 0 0 0 0 0 0 0 0 0 0 0 0 0 0 10 0 0 0 0 36 1 20 0 68 0 0 29 0 0 0 0 50 15
0 0 8 22 0 0 0 0 0 0 0 0 0 0 0 0 0 0 0 0 0 0 12 0 0 0 0 11 10 16 0 42 0 0 4 6 0 0 0 26 10
0 0 0 8 0 0 0 0 0 0 0 0 0 0 0 0 0 0 0 0 0 0 12 0 0 0 0 29 4 19 0 62 0 0 22 0 0 0 0 45 13
16 0 33 8 2 0 8 0 0 0 0 0 0 0 0 7 0 0 0 0 0 0 0 0 0 0 0 0 1 0 0 0 0 0 0 13 0 2 0 0 0
0 0 10 22 0 0 0 0 0 0 0 0 0 0 0 0 0 0 0 0 0 0 12 0 0 0 0 10 11 16 0 41 0 0 2 11 0 0 0 23 9
0 0 11 24 0 0 0 0 0 0 0 0 0 0 0 0 0 0 0 0 0 0 12 0 0 0 0 8 11 16 0 41 0 0 0 10 0 0 0 20 9
33 0 51 0 2 0 12 0 0 0 0 0 0 0 0 13 0 0 0 0 0 0 0 0 0 0 0 0 0 0 0 0 0 0 0 22 0 6 0 0 0
0 0 0 17 0 0 0 0 0 0 0 0 0 0 0 0 0 0 0 0 0 0 12 0 0 0 0 18 8 18 0 51 0 0 12 2 0 0 0 36 11
28 0 44 0 3 0 11 0 0 0 0 0 0 0 0 11 0 0 0 0 0 0 0 0 0 0 0 0 0 0 0 0 0 0 0 20 0 4 0 0 0
0 0 0 0 0 0 0 0 0 0 0 0 0 0 0 0 0 0 0 0 0 0 11 0 0 0 0 38 0 20 0 69 0 0 30 0 0 0 0 50 16
0 0 0 15 0 0 0 0 0 0 0 0 0 0 0 0 0 0 0 0 0 0 13 0 0 0 0 22 8 19 0 55 0 0 14 4 0 0 0 39 12
0 0 0 0 0 0 0 0 0 0 0 0 0 0 0 0 0 0 0 0 0 0 12 0 0 0 0 40 0 21 0 71 0 0 31 0 0 0 0 51 16
0 0 12 22 0 0 0 0 0 0 0 0 0 0 0 0 0 0 0 0 0 0 11 0 0 0 0 8 10 14 0 39 0 0 0 11 0 0 0 18 8
0 0 0 9 0 0 0 0 0 0 0 0 0 0 0 0 0 0 0 0 0 0 13 0 0 0 0 30 5 20 0 63 0 0 22 0 0 0 0 46 14
0 0 0 6 0 0 0 0 0 0 0 0 0 0 0 0 0 0 0 0 0 0 12 0 0 0 0 32 4 19 0 65 0 0 24 0 0 0 0 46 14
0 0 3 19 0 0 0 0 0 0 0 0 0 0 0 0 0 0 0 0 0 0 14 0 0 0 0 16 10 18 0 48 0 0 9 7 0 0 0 33 12
0 0 0 6 0 0 0 0 0 0 0 0 0 0 0 0 0 0 0 0 0 0 11 0 0 0 0 32 3 19 0 64 0 0 25 0 0 0 0 47 14
0 0 0 8 0 0 0 0 0 0 0 0 0 0 0 0 0 0 0 0 0 0 11 0 0 0 0 30 4 19 0 62 0 0 23 0 0 0 0 45 13
0 0 0 7 0 0 0 0 0 0 0 0 0 0 0 0 0 0 0 0 0 0 11 0 0 0 0 32 3 20 0 65 0 0 25 0 0 0 0 48 14
0 0 0 4 0 0 0 0 0 0 0 0 0 0 0 0 0 0 0 0 0 0 12 0 0 0 0 37 2 21 0 70 0 0 29 0 0 0 0 51 15
0 0 9 22 0 0 0 0 0 0 0 0 0 0 0 0 0 0 0 0 0 0 13 0 0 0 0 11 11 16 0 42 0 0 3 10 0 0 0 24 10
0 0 16 22 0 0 1 0 0 1 0 0 0 0 0 0 0 0 0 0 0 0 6 0 0 0 0 4 8 11 0 31 0 0 0 6 0 0 0 12 5
0 0 5 22 0 0 0 0 0 0 0 0 0 0 0 0 0 0 0 0 0 0 13 0 0 0 0 12 10 17 0 44 0 0 6 4 0 0 0 30 11
0 0 12 23 0 0 0 0 0 0 0 0 0 0 0 0 0 0 0 0 0 0 11 0 0 0 0 8 11 14 0 38 0 0 0 12 0 0 0 18 8
0 0 0 10 0 0 0 0 0 0 0 0 0 0 0 0 0 0 0 0 0 0 12 0 0 0 0 30 4 20 0 64 0 0 23 0 0 0 0 47 14
0 0 0 4 0 0 0 0 0 0 0 0 0 0 0 0 0 0 0 0 0 0 11 0 0 0 0 36 2 21 0 68 0 0 28 0 0 0 0 50 15
29 0 46 0 2 0 11 0 0 0 0 0 0 0 0 12 0 0 0 0 0 0 0 0 0 0 0 0 0 0 0 0 0 0 0 20 0 5 0 0 0
37 0 55 0 3 0 14 0 0 0 0 0 0 0 0 15 0 0 0 0 0 0 0 0 0 0 0 0 0 0 0 0 0 0 0 25 0 8 0 0 0
0 0 13 23 0 0 0 0 0 1 0 0 0 0 0 0 0 0 0 0 0 0 10 0 0 0 0 7 11 14 0 37 0 0 0 11 0 0 0 17 7
25 0 42 0 2 0 10 0 0 0 0 0 0 0 0 10 0 0 0 0 0 0 0 0 0 0 0 0 0 0 0 0 0 0 0 18 0 4 0 0 0
0 0 0 5 0 0 0 0 0 0 0 0 0 0 0 0 0 0 0 0 0 0 12 0 0 0 0 34 2 21 0 67 0 0 27 0 0 0 0 49 15
0 0 0 7 0 0 0 0 0 0 0 0 0 0 0 0 0 0 0 0 0 0 12 0 0 0 0 31 4 19 0 64 0 0 23 0 0 0 0 46 14
0 0 10 22 0 0 0 0 0 0 0 0 0 0 0 0 0 0 0 0 0 0 13 0 0 0 0 10 11 15 0 41 0 0 1 13 0 0 0 22 10
13 0 30 10 1 0 7 0 0 0 0 0 0 0 0 6 0 0 0 0 0 0 0 0 0 0 0 0 2 0 0 3 0 0 0 11 0 1 0 0 0
0 0 0 7 0 0 0 0 0 0 0 0 0 0 0 0 0 0 0 0 0 0 12 0 0 0 0 33 3 20 0 66 0 0 25 0 0 0 0 49 14
0 0 0 7 0 0 0 0 0 0 0 0 0 0 0 0 0 0 0 0 0 0 11 0 0 0 0 32 3 20 0 65 0 0 25 0 0 0 0 49 14
0 0 0 2 0 0 0 0 0 0 0 0 0 0 0 0 0 0 0 0 0 0 12 0 0 0 0 38 1 21 0 71 0 0 30 0 0 0 0 51 16
0 0 0 13 0 0 0 0 0 0 0 0 0 0 0 0 0 0 0 0 0 0 12 0 0 0 0 22 7 18 0 53 0 0 14 6 0 0 0 37 12
0 0 0 11 0 0 0 0 0 0 0 0 0 0 0 0 0 0 0 0 0 0 12 0 0 0 0 25 6 18 0 57 0 0 18 3 0 0 0 40 13
0 0 0 4 0 0 0 0 0 0 0 0 0 0 0 0 0 0 0 0 0 0 11 0 0 0 0 35 2 20 0 67 0 0 27 0 0 0 0 48 15
0 0 6 19 1 0 0 0 0 0 0 0 0 0 0 0 0 0 0 0 0 0 13 0 0 0 0 14 10 16 0 45 0 0 5 14 0 0 0 26 11
0 0 0 1 0 0 0 0 0 0 0 0 0 0 0 0 0 0 0 0 0 0 12 0 0 0 0 40 1 22 0 72 0 0 32 0 0 0 0 53 17
0 0 0 0 0 0 0 0 0 0 0 0 0 0 0 0 0 0 0 0 0 0 12 0 0 0 0 40 0 21 0 72 0 0 32 0 0 0 0 52 16
0 0 0 15 0 0 0 0 0 0 0 0 0 0 0 0 0 0 0 0 0 0 13 0 0 0 0 20 8 18 0 51 0 0 11 8 0 0 0 34 12
0 0 15 22 0 0 1 0 0 1 0 0 0 0 0 0 0 0 0 0 0 0 8 0 0 0 0 5 9 12 0 34 0 0 0 9 0 0 0 13 6
0 0 0 0 0 0 0 0 0 0 0 0 0 0 0 0 0 0 0 0 0 0 13 0 0 1 0 43 0 21 0 73 0 0 35 0 0 0 0 54 17
0 0 0 2 0 0 0 0 0 0 0 0 0 0 0 0 0 0 0 0 0 0 11 0 0 0 0 37 1 20 0 69 0 0 29 0 0 0 0 50 15
6 0 23 19 0 0 4 0 0 0 0 0 0 0 0 2 0 0 0 0 0 0 3 0 0 0 0 0 7 7 0 22 0 0 0 11 0 0 0 1 2
27 0 44 0 2 0 11 0 0 0 0 0 0 0 0 11 0 0 0 0 0 0 0 0 0 0 0 0 0 0 0 0 0 0 0 20 0 5 0 0 0
0 0 0 7 0 0 0 0 0 0 0 0 0 0 0 0 0 0 0 0 0 0 13 0 0 0 0 32 4 21 0 66 0 0 25 0 0 0 0 49 14
19 0 36 6 2 0 9 0 0 0 0 0 0 0 0 7 0 0 0 0 0 0 0 0 0 0 0 0 0 0 0 0 0 0 0 16 0 2 0 0 0
0 0 0 14 0 0 0 0 0 0 0 0 0 0 0 0 0 0 0 0 0 0 13 0 0 0 0 22 7 18 0 54 0 0 14 5 0 0 0 38 13
0 0 0 3 0 0 0 0 0 0 0 0 0 0 0 0 0 0 0 0 0 0 11 0 0 0 0 35 1 20 0 67 0 0 28 0 0 0 0 49 15
0 0 0 3 0 0 0 0 0 0 0 0 0 0 0 0 0 0 0 0 0 0 11 0 0 0 0 37 1 20 0 69 0 0 29 0 0 0 0 50 15
58 0 84 0 1 0 19 0 0 0 0 0 0 0 0 23 0 0 0 0 0 0 0 0 0 2 1 0 0 0 0 0 0 0 0 37 0 12 0 0 0
0 0 10 22 0 0 0 0 0 0 0 0 0 0 0 0 0 0 0 0 0 0 12 0 0 0 0 9 11 15 0 40 0 0 1 14 0 0 0 20 9
0 0 2 18 0 0 0 0 0 0 0 0 0 0 0 0 0 0 0 0 0 0 13 0 0 0 0 17 9 18 0 49 0 0 9 7 0 0 0 32 12
0 0 0 13 0 0 0 0 0 0 0 0 0 0 0 0 0 0 0 0 0 0 12 0 0 0 0 22 7 18 0 54 0 0 15 4 0 0 0 38 12
0 0 9 22 0 0 0 0 0 0 0 0 0 0 0 0 0 0 0 0 0 0 13 0 0 0 0 11 11 16 0 42 0 0 2 13 0 0 0 23 10
0 0 0 4 0 0 0 0 0 0 0 0 0 0 0 0 0 0 0 0 0 0 12 0 0 0 0 35 2 20 0 67 0 0 27 0 0 0 0 49 15
0 0 0 5 0 0 0 0 0 0 0 0 0 0 0 0 0 0 0 0 0 0 11 0 0 0 0 35 2 21 0 68 0 0 27 0 0 0 0 49 15
0 0 0 5 0 0 0 0 0 0 0 0 0 0 0 0 0 0 0 0 0 0 11 0 0 0 0 33 2 20 0 66 0 0 26 0 0 0 0 48 14
0 0 0 5 0 0 0 0 0 0 0 0 0 0 0 0 0 0 0 0 0 0 12 0 0 0 0 34 3 21 0 67 0 0 27 0 0 0 0 50 15
0 1 12 21 0 0 0 0 0 0 0 0 0 0 0 0 0 0 0 0 0 0 9 0 0 0 0 7 10 13 0 34 0 0 2 6 0 0 0 21 7
0 0 3 16 1 0 0 0 0 0 0 0 0 0 0 0 0 0 0 0 0 0 13 0 0 0 0 17 8 17 0 48 0 0 8 11 0 0 0 29 11
0 0 0 1 0 0 0 0 0 0 0 0 0 0 0 0 0 0 0 0 0 0 12 0 0 0 0 39 1 21 0 71 0 0 31 0 0 0 0 52 16
0 0 4 18 0 0 0 0 0 0 0 0 0 0 0 0 0 0 0 0 0 0 12 0 0 0 0 16 9 17 0 47 0 0 8 9 0 0 0 29 11
0 0 0 3 0 0 0 0 0 0 0 0 0 0 0 0 0 0 0 0 0 0 12 0 0 0 0 37 2 21 0 70 0 0 30 0 0 0 0 51 16
0 0 0 13 0 0 0 0 0 0 0 0 0 0 0 0 0 0 0 0 0 0 12 0 0 0 0 25 6 20 0 58 0 0 17 1 0 0 0 42 13
5 0 23 18 0 0 4 0 0 0 0 0 0 0 0 2 0 0 0 0 0 0 2 0 0 0 0 0 6 6 0 20 0 0 0 8 0 0 0 0 1
0 0 0 8 0 0 0 0 0 0 0 0 0 0 0 0 0 0 0 0 0 0 11 0 0 0 0 31 3 20 0 65 0 0 24 0 0 0 0 48 14
0 0 0 9 0 0 0 0 0 0 0 0 0 0 0 0 0 0 0 0 0 0 11 0 0 0 0 28 5 19 0 60 0 0 20 0 0 0 0 43 13
0 0 1 18 0 0 0 0 0 0 0 0 0 0 0 0 0 0 0 0 0 0 12 0 0 0 0 17 9 18 0 49 0 0 10 1 0 0 0 35 11
0 0 6 20 0 0 0 0 0 0 0 0 0 0 0 0 0 0 0 0 0 0 13 0 0 0 0 14 10 17 0 46 0 0 5 10 0 0 0 27 11
0 0 0 0 0 0 0 0 0 0 0 0 0 0 0 0 0 0 0 0 0 0 12 0 0 0 0 41 0 21 0 71 0 0 33 0 0 0 0 52 17
0 0 0 11 0 0 0 0 0 0 0 0 0 0 0 0 0 0 0 0 0 0 12 0 0 0 0 26 5 19 0 59 0 0 19 2 0 0 0 42 13
