0 0 12 0 40 0 0 0 0 0 0 0 0 0 0 0 0 0 0 0 0 0 2 0 8 0 19 0 0 0 1 28 0 0 29 87 0 19 0 75 0
5 0 3 3 0 0 0 0 0 0 0 0 0 0 0 0 0 0 0 0 0 0 0 1 0 0 0 0 0 0 0 24 0 0 64 46 0 0 0 56 0
0 0 12 0 27 0 0 0 0 0 0 0 0 0 0 0 0 0 0 0 0 0 0 0 0 0 10 0 0 0 6 25 2 0 31 76 0 9 0 71 2
0 0 9 0 19 0 0 0 0 0 0 0 0 0 0 0 0 0 0 0 0 0 0 0 0 0 2 0 0 0 4 28 3 0 44 69 0 0 0 67 0
16 0 5 2 0 0 0 0 0 0 0 0 0 0 0 0 0 0 0 0 0 0 0 2 0 0 0 0 0 0 0 22 0 0 63 41 0 0 0 56 0
9 0 3 3 0 0 0 0 0 0 0 0 0 0 0 0 0 0 0 0 0 0 0 1 0 0 0 0 0 0 0 22 0 0 65 45 0 0 0 56 0
0 0 9 2 8 0 0 0 0 0 0 0 0 0 0 0 0 0 0 0 0 0 0 0 0 0 0 0 0 0 1 23 2 0 60 56 0 0 0 61 0
0 0 15 0 27 0 0 0 0 0 0 0 0 0 0 0 0 0 0 0 0 0 0 0 0 0 10 0 0 0 4 25 2 0 29 74 0 9 0 70 2
0 0 11 0 25 0 0 0 0 0 0 0 0 0 0 0 0 0 0 0 0 0 0 0 0 0 9 0 0 0 6 25 3 0 33 74 0 8 0 68 2
0 0 16 0 33 0 0 0 0 0 0 0 0 0 0 0 0 0 0 0 0 0 1 0 1 0 16 0 0 0 3 24 1 0 26 77 0 14 0 69 1
8 0 4 4 0 0 0 0 0 0 0 0 0 0 0 0 0 0 0 0 0 0 0 1 0 0 0 0 0 0 0 22 0 0 66 43 0 0 0 54 0
0 0 11 0 15 0 0 0 0 0 0 0 0 0 0 0 0 0 0 0 0 0 0 0 0 0 0 0 0 0 3 27 3 0 53 65 0 0 0 67 0
0 0 14 0 34 0 0 0 0 0 0 0 0 0 0 0 0 0 0 0 0 0 1 0 5 0 16 0 0 0 1 26 0 0 25 78 0 15 0 69 0
17 0 4 3 0 0 0 0 0 0 0 0 0 0 0 0 0 0 0 0 0 0 0 2 0 0 0 0 0 0 0 23 0 0 63 39 0 0 0 56 0
19 0 6 2 0 0 0 0 0 0 0 0 0 0 0 0 0 0 0 0 0 0 0 2 0 0 0 0 0 0 0 24 0 0 63 43 0 0 0 60 0
0 0 10 0 17 0 0 0 0 0 0 0 0 0 0 0 0 0 0 0 0 0 0 0 0 0 0 0 0 0 2 30 2 0 50 67 0 0 0 69 0
0 0 2 0 40 0 0 0 0 0 0 0 0 0 0 0 0 0 0 0 0 0 4 0 20 0 16 0 0 0 0 30 0 0 32 91 0 16 0 68 0
0 0 10 1 14 0 0 0 0 0 0 0 0 0 0 0 0 0 0 0 0 0 0 0 0 0 0 0 0 0 3 26 3 0 53 64 0 0 0 66 0
8 0 4 2 1 0 0 0 0 0 0 0 0 0 0 0 0 0 0 0 0 0 0 1 0 0 0 0 0 0 0 25 0 0 62 48 0 0 0 60 0
0 0 17 0 28 0 0 0 0 0 0 0 0 0 0 0 0 0 0 0 0 0 0 0 0 0 12 0 0 0 4 23 2 0 31 76 0 10 0 72 2
0 0 11 0 24 0 0 0 0 0 0 0 0 0 0 0 0 0 0 0 0 0 0 0 0 0 8 0 0 0 6 25 3 0 33 72 0 8 0 67 1
0 0 11 0 24 0 0 0 0 0 0 0 0 0 0 0 0 0 0 0 0 0 0 0 0 0 8 0 0 0 5 26 2 0 34 72 0 7 0 68 1
0 0 16 0 28 0 0 0 0 0 0 0 0 0 0 0 0 0 0 0 0 0 0 0 0 0 12 0 0 0 4 23 2 0 29 76 0 10 0 71 2
0 0 14 0 25 0 0 0 0 0 0 0 0 0 0 0 0 0 0 0 0 0 0 0 0 0 9 0 0 0 4 25 2 0 32 72 0 7 0 69 1
0 0 14 1 13 0 0 0 0 0 0 0 0 0 0 0 0 0 0 0 0 0 0 0 0 0 0 0 0 0 2 27 2 0 57 65 0 0 0 69 0
0 0 11 1 10 0 0 0 0 0 0 0 0 0 0 0 0 0 0 0 0 0 0 0 0 0 0 0 0 0 1 27 1 0 59 59 0 0 0 65 0
3 0 6 3 3 0 0 0 0 0 0 0 0 0 0 0 0 0 0 0 0 0 0 1 0 0 0 0 0 0 0 23 0 0 62 48 0 0 0 57 0
5 0 4 2 1 0 0 0 0 0 0 0 0 0 0 0 0 0 0 0 0 0 0 1 0 0 0 0 0 0 0 24 0 0 63 47 0 0 0 58 0
9 0 2 3 0 0 0 0 0 0 0 0 0 0 0 0 0 0 0 0 0 0 0 2 0 0 0 0 0 0 0 24 0 0 65 45 0 0 0 56 0
0 0 0 0 41 0 0 0 0 0 0 0 0 0 0 0 0 0 0 0 0 0 5 0 21 0 17 0 0 0 0 31 0 0 29 92 0 17 0 68 0
0 0 17 0 31 0 0 0 0 0 0 0 0 0 0 0 0 0 0 0 0 0 0 0 0 0 14 0 0 0 3 24 1 0 30 78 0 12 0 72 1
0 0 11 1 11 0 0 0 0 0 0 0 0 0 0 0 0 0 0 0 0 0 0 0 0 0 0 0 0 0 2 27 2 0 60 62 0 0 0 66 0
0 0 11 0 22 0 0 0 0 0 0 0 0 0 0 0 0 0 0 0 0 0 0 0 0 0 4 0 0 0 4 28 2 0 37 70 0 3 0 66 0
24 0 10 1 0 0 0 0 0 0 0 0 0 0 0 0 0 0 0 0 0 0 0 2 0 0 0 0 0 0 0 21 0 0 64 36 0 0 0 56 0
0 0 11 0 23 0 0 0 0 0 0 0 0 0 0 0 0 0 0 0 0 0 0 0 0 0 7 0 0 0 6 26 3 0 37 72 0 6 0 68 1
0 0 13 0 24 0 0 0 0 0 0 0 0 0 0 0 0 0 0 0 0 0 0 0 0 0 6 0 0 0 4 27 2 0 38 72 0 4 0 70 0
0 0 11 2 11 0 0 0 0 0 0 0 0 0 0 0 0 0 0 0 0 0 0 0 0 0 0 0 0 0 1 27 2 0 60 62 0 0 0 66 0
0 0 10 2 9 0 0 0 0 0 0 0 0 0 0 0 0 0 0 0 0 0 0 0 0 0 0 0 0 0 1 25 2 0 62 59 0 0 0 64 0
15 0 4 3 0 0 0 0 0 0 0 0 0 0 0 0 0 0 0 0 0 0 0 2 0 0 0 0 0 0 0 23 0 0 64 45 0 0 0 59 0
0 0 19 0 30 0 0 0 0 0 0 0 0 0 0 0 0 0 0 0 0 0 0 0 0 0 14 0 0 0 3 24 1 0 30 78 0 11 0 72 2
28 0 13 0 0 0 0 0 0 0 0 0 0 0 0 0 0 0 0 0 0 0 0 1 0 0 0 0 0 0 0 15 0 0 65 35 0 0 0 58 0
0 0 11 1 12 0 0 0 0 0 0 0 0 0 0 0 0 0 0 0 0 0 0 0 0 0 0 0 0 0 3 25 3 0 56 61 0 0 0 64 0
0 0 13 0 13 0 0 0 0 0 0 0 0 0 0 0 0 0 0 0 0 0 0 0 0 0 0 0 0 0 2 27 3 0 58 64 0 0 0 67 0
5 0 2 3 0 0 0 0 0 0 0 0 0 0 0 0 0 0 0 0 0 0 0 1 0 0 0 0 0 0 0 23 0 0 64 45 0 0 0 56 0
0 0 15 0 34 0 0 0 0 0 0 0 0 0 0 0 0 0 0 0 0 0 0 0 3 0 17 0 0 0 2 24 0 0 26 79 0 15 0 70 1
0 0 11 0 22 0 0 0 0 0 0 0 0 0 0 0 0 0 0 0 0 0 0 0 0 0 6 0 0 0 4 28 2 0 37 71 0 4 0 67 0
23 0 10 0 0 0 0 0 0 0 0 0 0 0 0 0 0 0 0 0 0 0 0 2 0 0 0 0 0 0 0 19 0 0 61 36 0 0 0 56 0
0 0 11 0 20 0 0 0 0 0 0 0 0 0 0 0 0 0 0 0 0 0 0 0 0 0 3 0 1 0 5 25 4 0 44 69 0 1 0 67 0
8 0 3 3 0 0 0 0 0 0 0 0 0 0 0 0 0 0 0 0 0 0 0 2 0 0 0 0 0 0 0 23 0 0 66 44 0 0 0 56 0
0 0 12 0 17 0 0 0 0 0 0 0 0 0 0 0 0 0 0 0 0 0 0 0 0 0 0 0 0 0 4 28 3 0 49 67 0 0 0 67 0
0 0 0 0 42 0 0 0 0 0 0 0 0 0 0 0 0 0 0 0 0 0 6 0 23 0 16 0 0 0 0 31 0 0 29 91 0 17 0 66 0
0 0 15 0 28 0 0 0 0 0 0 0 0 0 0 0 0 0 0 0 0 0 0 0 0 0 11 0 0 0 4 23 2 0 30 75 0 10 0 70 2
0 0 13 0 38 0 0 0 0 0 0 0 0 0 0 0 0 0 0 0 0 0 1 0 8 0 18 0 0 0 0 27 0 0 28 85 0 18 0 73 0
0 0 17 0 35 0 0 0 0 0 0 0 0 0 0 0 0 0 0 0 0 0 0 0 2 0 17 0 0 0 2 24 0 0 26 80 0 15 0 72 1
11 0 3 3 0 0 0 0 0 0 0 0 0 0 0 0 0 0 0 0 0 0 0 1 0 0 0 0 0 0 0 23 0 0 64 44 0 0 0 57 0
0 0 12 1 12 0 0 0 0 0 0 0 0 0 0 0 0 0 0 0 0 0 0 0 0 0 0 0 0 0 2 27 3 0 57 63 0 0 0 67 0
20 0 7 1 0 0 0 0 0 0 0 0 0 0 0 0 0 0 0 0 0 0 0 2 0 0 0 0 0 0 0 23 0 0 64 40 0 0 0 57 0
0 0 15 0 36 0 0 0 0 0 0 0 0 0 0 0 0 0 0 0 0 0 1 0 4 0 17 0 0 0 1 25 0 0 25 81 0 16 0 72 1
0 0 13 0 26 0 0 0 0 0 0 0 0 0 0 0 0 0 0 0 0 0 0 0 0 0 9 0 0 0 5 25 2 0 31 73 0 8 0 68 2
0 0 12 1 14 0 0 0 0 0 0 0 0 0 0 0 0 0 0 0 0 0 0 0 0 0 0 0 0 0 4 25 4 0 55 65 0 0 0 67 0
2 0 5 3 3 0 0 0 0 0 0 0 0 0 0 0 0 0 0 0 0 0 0 1 0 0 0 0 0 0 0 25 0 0 64 51 0 0 0 59 0
0 0 12 0 26 0 0 0 0 0 0 0 0 0 0 0 0 0 0 0 0 0 0 0 0 0 9 0 0 0 5 26 2 0 33 74 0 7 0 70 1
22 0 8 1 0 0 0 0 0 0 0 0 0 0 0 0 0 0 0 0 0 0 0 2 0 0 0 0 0 0 0 21 0 0 62 37 0 0 0 57 0
66 0 54 0 0 0 0 0 0 0 0 0 0 0 0 0 0 0 0 0 0 0 0 0 0 0 0 0 0 0 0 0 0 0 84 51 0 0 0 86 0
28 0 13 0 0 0 0 0 0 0 0 0 0 0 0 0 0 0 0 0 0 0 0 1 0 0 0 0 0 0 0 19 0 0 60 38 0 0 0 60 0
12 0 7 2 0 0 0 0 0 0 0 0 0 0 0 0 0 0 0 0 0 0 0 1 0 0 0 0 0 0 0 23 0 0 63 47 0 0 0 60 0
21 0 6 1 0 0 0 0 0 0 0 0 0 0 0 0 0 0 0 0 0 0 0 2 0 0 0 0 0 0 0 22 0 0 61 39 0 0 0 58 0
0 0 12 0 26 0 0 0 0 0 0 0 0 0 0 0 0 0 0 0 0 0 0 0 0 0 9 0 0 0 6 25 3 0 32 74 0 8 0 69 1
11 0 2 3 0 0 0 0 0 0 0 0 0 0 0 0 0 0 0 0 0 0 0 2 0 0 0 0 0 0 0 22 0 0 65 42 0 0 0 55 0
0 0 10 0 20 0 0 0 0 0 0 0 0 0 0 0 0 0 0 0 0 0 0 0 0 0 3 0 0 0 5 27 3 0 45 71 0 1 0 69 0
0 0 10 0 15 0 0 0 0 0 0 0 0 0 0 0 0 0 0 0 0 0 0 0 0 0 0 0 0 0 4 26 3 0 50 63 0 0 0 65 0
0 0 13 0 25 0 0 0 0 0 0 0 0 0 0 0 0 0 0 0 0 0 0 0 0 0 9 0 0 0 5 24 3 0 32 72 0 8 0 68 2
0 0 14 0 30 0 0 0 0 0 0 0 0 0 0 0 0 0 0 0 0 0 1 0 0 0 14 0 0 0 5 25 2 0 29 79 0 13 0 72 1
3 0 7 2 3 0 0 0 0 0 0 0 0 0 0 0 0 0 0 0 0 0 0 1 0 0 0 0 0 0 0 24 0 0 64 50 0 0 0 59 0
0 0 13 1 14 0 0 0 0 0 0 0 0 0 0 0 0 0 0 0 0 0 0 0 0 0 0 0 0 0 3 25 3 0 55 64 0 0 0 66 0
0 0 11 0 23 0 0 0 0 0 0 0 0 0 0 0 0 0 0 0 0 0 0 0 0 0 7 0 0 0 5 27 3 0 36 72 0 5 0 68 0
0 0 10 1 10 0 0 0 0 0 0 0 0 0 0 0 0 0 0 0 0 0 0 0 0 0 0 0 0 0 1 27 1 0 59 60 0 0 0 65 0
0 0 14 0 29 0 0 0 0 0 0 0 0 0 0 0 0 0 0 0 0 0 0 0 0 0 12 0 0 0 5 24 2 0 29 78 0 11 0 73 3
0 0 10 0 16 0 0 0 0 0 0 0 0 0 0 0 0 0 0 0 0 0 0 0 0 0 0 0 0 0 4 26 3 0 49 65 0 0 0 64 0
0 0 12 1 10 0 0 0 0 0 0 0 0 0 0 0 0 0 0 0 0 0 0 0 0 0 0 0 0 0 1 26 1 0 61 61 0 0 0 65 0
10 0 3 2 0 0 0 0 0 0 0 0 0 0 0 0 0 0 0 0 0 0 0 1 0 0 0 0 0 0 0 24 0 0 66 46 0 0 0 59 0
16 0 4 2 0 0 0 0 0 0 0 0 0 0 0 0 0 0 0 0 0 0 0 2 0 0 0 0 0 0 0 22 0 0 62 41 0 0 0 56 0
0 0 16 0 30 0 0 0 0 0 0 0 0 0 0 0 0 0 0 0 0 0 0 0 0 0 14 0 0 0 4 24 2 0 28 77 0 12 0 71 2
0 0 12 1 15 0 0 0 0 0 0 0 0 0 0 0 0 0 0 0 0 0 0 0 0 0 0 0 0 0 3 26 3 0 52 66 0 0 0 67 0
0 0 12 0 27 0 0 0 0 0 0 0 0 0 0 0 0 0 0 0 0 0 0 0 0 0 11 0 0 0 6 25 3 0 30 76 0 10 0 70 2
33 0 22 0 0 0 0 0 0 0 0 0 0 0 0 0 0 0 0 0 0 0 0 0 0 0 0 0 0 0 0 5 0 1 63 34 0 0 0 61 0
0 0 11 0 18 0 0 0 0 0 0 0 0 0 0 0 0 0 0 0 0 0 0 0 0 0 2 0 0 0 6 26 4 0 46 68 0 1 0 67 0
0 0 10 0 20 0 0 0 0 0 0 0 0 0 0 0 0 0 0 0 0 0 0 0 0 0 3 0 0 0 5 28 3 0 42 69 0 1 0 67 0
0 0 11 2 10 0 0 0 0 0 0 0 0 0 0 0 0 0 0 0 0 0 0 0 0 0 0 0 0 0 2 25 3 0 61 61 0 0 0 64 0
0 0 13 0 23 0 0 0 0 0 0 0 0 0 0 0 0 0 0 0 0 0 0 0 0 0 6 0 0 0 4 26 3 0 38 71 0 4 0 70 1
0 0 12 0 38 0 0 0 0 0 0 0 0 0 0 0 0 0 0 0 0 0 2 0 7 0 18 0 0 0 1 28 0 0 27 84 0 18 0 73 0
0 0 17 0 30 0 0 0 0 0 0 0 0 0 0 0 0 0 0 0 0 0 0 0 0 0 14 0 0 0 4 24 2 0 30 78 0 12 0 72 2
46 0 39 0 0 0 0 0 0 0 0 0 0 0 0 0 0 0 0 0 0 0 0 0 0 0 0 0 0 0 0 0 0 1 71 35 0 0 0 67 0
40 0 34 0 0 0 0 0 0 0 0 0 0 0 0 0 0 0 0 0 0 0 0 0 0 0 0 0 0 0 0 0 0 1 70 34 0 0 0 66 0
0 0 16 0 29 0 0 0 0 0 0 0 0 0 0 0 0 0 0 0 0 0 0 0 0 0 13 0 0 0 4 23 2 0 28 76 0 11 0 70 2
39 0 32 0 0 0 0 0 0 0 0 0 0 0 0 0 0 0 0 0 0 0 0 0 0 0 0 0 0 0 0 0 0 1 67 33 0 0 0 64 0
17 0 5 2 0 0 0 0 0 0 0 0 0 0 0 0 0 0 0 0 0 0 0 2 0 0 0 0 0 0 0 22 0 0 65 41 0 0 0 57 0
0 0 14 0 35 0 0 0 0 0 0 0 0 0 0 0 0 0 0 0 0 0 1 0 3 0 17 0 0 0 2 25 0 0 27 81 0 15 0 72 1
0 0 12 2 12 0 0 0 0 0 0 0 0 0 0 0 0 0 0 0 0 0 0 0 0 0 0 0 0 0 2 26 3 0 58 62 0 0 0 65 0
0 0 13 0 37 0 0 0 0 0 0 0 0 0 0 0 0 0 0 0 0 0 1 0 8 0 18 0 0 0 0 27 0 0 26 81 0 17 0 71 0
0 0 11 0 15 0 0 0 0 0 0 0 0 0 0 0 0 0 0 0 0 0 0 0 0 0 0 0 0 0 4 26 3 0 51 65 0 0 0 66 0
0 0 16 0 27 0 0 0 0 0 0 0 0 0 0 0 0 0 0 0 0 0 0 0 0 0 11 0 0 0 4 23 2 0 31 75 0 9 0 70 2
17 0 3 3 0 0 0 0 0 0 0 0 0 0 0 0 0 0 0 0 0 0 0 2 0 0 0 0 0 0 0 23 0 0 62 39 0 0 0 56 0
0 0 11 2 9 0 0 0 0 0 0 0 0 0 0 0 0 0 0 0 0 0 0 0 0 0 0 0 0 0 1 25 1 0 62 60 0 0 0 64 0
0 0 9 0 16 0 0 0 0 0 0 0 0 0 0 0 0 0 0 0 0 0 0 0 0 0 0 0 0 0 4 25 3 0 47 64 0 0 0 64 0
0 0 12 0 22 0 0 0 0 0 0 0 0 0 0 0 0 0 0 0 0 0 0 0 0 0 6 0 0 0 6 27 3 0 39 72 0 5 0 68 0
0 0 13 1 12 0 0 0 0 0 0 0 0 0 0 0 0 0 0 0 0 0 0 0 0 0 0 0 0 0 1 28 1 0 58 63 0 0 0 68 0
0 0 11 1 14 0 0 0 0 0 0 0 0 0 0 0 0 0 0 0 0 0 0 0 0 0 0 0 0 0 4 25 3 0 52 64 0 0 0 64 0
0 0 15 0 31 0 0 0 0 0 0 0 0 0 0 0 0 0 0 0 0 0 1 0 0 0 14 0 0 0 4 26 1 0 30 79 0 12 0 73 2
56 0 45 0 0 0 0 0 0 0 0 0 0 0 0 0 0 0 0 0 0 0 0 0 0 0 0 0 0 0 0 0 0 0 74 41 0 0 0 74 0
0 0 15 0 33 0 0 0 0 0 0 0 0 0 0 0 0 0 0 0 0 0 0 0 0 0 16 0 0 0 4 25 1 0 28 81 0 14 0 73 1
17 0 6 2 0 0 0 0 0 0 0 0 0 0 0 0 0 0 0 0 0 0 0 2 0 0 0 0 0 0 0 22 0 0 62 44 0 0 0 59 0
0 0 14 0 30 0 0 0 0 0 0 0 0 0 0 0 0 0 0 0 0 0 0 0 0 0 13 0 0 0 3 24 1 0 28 76 0 11 0 70 1
0 0 13 0 36 0 0 0 0 0 0 0 0 0 0 0 0 0 0 0 0 0 1 0 5 0 17 0 0 0 2 25 0 0 25 80 0 15 0 70 0
5 0 4 2 1 0 0 0 0 0 0 0 0 0 0 0 0 0 0 0 0 0 0 1 0 0 0 0 0 0 0 24 0 0 62 46 0 0 0 55 0
5 0 4 3 1 0 0 0 0 0 0 0 0 0 0 0 0 0 0 0 0 0 0 1 0 0 0 0 0 0 0 23 0 0 63 47 0 0 0 56 0
0 0 14 0 22 0 0 0 0 0 0 0 0 0 0 0 0 0 0 0 0 0 0 0 0 0 4 0 0 0 3 28 2 0 41 70 0 1 0 69 0
29 0 15 0 0 0 0 0 0 0 0 0 0 0 0 0 0 0 0 0 0 0 0 1 0 0 0 0 0 0 0 14 0 0 62 35 0 0 0 58 0
47 0 41 0 0 0 0 0 0 0 0 0 0 0 0 0 0 0 0 0 0 0 0 0 0 0 0 0 0 0 0 0 0 1 71 36 0 0 0 68 0
0 0 11 0 20 0 0 0 0 0 0 0 0 0 0 0 0 0 0 0 0 0 0 0 0 0 4 0 0 0 5 28 3 0 44 71 0 2 0 69 0
0 0 10 0 21 0 0 0 0 0 0 0 0 0 0 0 0 0 0 0 0 0 0 0 0 0 5 0 0 0 6 27 3 0 39 71 0 4 0 67 0
23 0 8 1 0 0 0 0 0 0 0 0 0 0 0 0 0 0 0 0 0 0 0 2 0 0 0 0 0 0 0 24 0 0 62 39 0 0 0 57 0
0 0 7 3 6 0 0 0 0 0 0 0 0 0 0 0 0 0 0 0 0 0 0 1 0 0 0 0 0 0 1 23 1 0 61 52 0 0 0 57 0
0 0 11 0 20 0 0 0 0 0 0 0 0 0 0 0 0 0 0 0 0 0 0 0 0 0 4 0 0 0 5 28 3 0 42 69 0 2 0 67 0
0 0 1 0 41 0 0 0 0 0 0 0 0 0 0 0 0 0 0 0 0 0 5 0 18 0 17 0 0 0 0 32 0 0 29 89 0 18 0 68 0
0 0 12 0 18 0 0 0 0 0 0 0 0 0 0 0 0 0 0 0 0 0 0 0 0 0 1 0 0 0 4 28 3 0 49 69 0 0 0 70 0
0 0 14 0 33 0 0 0 0 0 0 0 0 0 0 0 0 0 0 0 0 0 1 0 1 0 16 0 0 0 4 25 1 0 28 81 0 14 0 72 1
0 0 6 3 3 0 0 0 0 0 0 0 0 0 0 0 0 0 0 0 0 0 0 1 0 0 0 0 0 0 0 23 0 0 63 49 0 0 0 55 0
3 0 4 3 1 0 0 0 0 0 0 0 0 0 0 0 0 0 0 0 0 0 0 1 0 0 0 0 0 0 0 23 0 0 63 45 0 0 0 54 0
1 0 5 2 2 0 0 0 0 0 0 0 0 0 0 0 0 0 0 0 0 0 0 1 0 0 0 0 0 0 0 25 0 0 64 49 0 0 0 57 0
29 0 15 0 0 0 0 0 0 0 0 0 0 0 0 0 0 0 0 0 0 0 0 1 0 0 0 0 0 0 0 12 0 0 63 36 0 0 0 59 0
2 0 5 3 3 0 0 0 0 0 0 0 0 0 0 0 0 0 0 0 0 0 0 1 0 0 0 0 0 0 0 23 0 0 64 49 0 0 0 57 0
0 0 12 0 22 0 0 0 0 0 0 0 0 0 0 0 0 0 0 0 0 0 0 0 0 0 5 0 0 0 3 27 2 0 37 69 0 3 0 67 0
0 0 12 0 14 0 0 0 0 0 0 0 0 0 0 0 0 0 0 0 0 0 0 0 0 0 0 0 0 0 3 27 2 0 56 64 0 0 0 67 0
0 0 11 2 11 0 0 0 0 0 0 0 0 0 0 0 0 0 0 0 0 0 0 0 0 0 0 0 0 0 2 25 2 0 58 60 0 0 0 64 0
23 0 9 0 0 0 0 0 0 0 0 0 0 0 0 0 0 0 0 0 0 0 0 2 0 0 0 0 0 0 0 24 0 0 65 39 0 0 0 59 0
0 0 12 0 15 0 0 0 0 0 0 0 0 0 0 0 0 0 0 0 0 0 0 0 0 0 0 0 0 0 3 27 3 0 53 66 0 0 0 68 0
5 0 5 2 2 0 0 0 0 0 0 0 0 0 0 0 0 0 0 0 0 0 0 1 0 0 0 0 0 0 0 25 0 0 64 50 0 0 0 58 0
5 0 8 2 4 0 0 0 0 0 0 0 0 0 0 0 0 0 0 0 0 0 0 1 0 0 0 0 0 0 0 26 0 0 65 52 0 0 0 62 0
0 0 11 0 37 0 0 0 0 0 0 0 0 0 0 0 0 0 0 0 0 0 2 0 6 0 18 0 0 0 1 28 0 0 25 83 0 17 0 71 0
0 0 17 0 33 0 0 0 0 0 0 0 0 0 0 0 0 0 0 0 0 0 1 0 0 0 16 0 0 0 3 25 1 0 28 80 0 14 0 73 2
9 0 3 3 0 0 0 0 0 0 0 0 0 0 0 0 0 0 0 0 0 0 0 1 0 0 0 0 0 0 0 24 0 0 65 43 0 0 0 55 0
43 0 37 0 0 0 0 0 0 0 0 0 0 0 0 0 0 0 0 0 0 0 0 0 0 0 0 0 0 0 0 0 0 0 70 33 0 0 0 65 0
40 0 33 0 0 0 0 0 0 0 0 0 0 0 0 0 0 0 0 0 0 0 0 0 0 0 0 0 0 0 0 0 0 1 67 32 0 0 0 63 0
0 0 14 0 27 0 0 0 0 0 0 0 0 0 0 0 0 0 0 0 0 0 0 0 0 0 11 0 0 0 6 25 3 0 30 76 0 10 0 71 2
12 0 5 2 0 0 0 0 0 0 0 0 0 0 0 0 0 0 0 0 0 0 0 1 0 0 0 0 0 0 0 25 0 0 63 46 0 0 0 59 0
0 0 14 0 26 0 0 0 0 0 0 0 0 0 0 0 0 0 0 0 0 0 0 0 0 0 9 0 0 0 5 24 3 0 33 74 0 8 0 71 2
0 0 15 0 27 0 0 0 0 0 0 0 0 0 0 0 0 0 0 0 0 0 0 0 0 0 10 0 0 0 4 24 2 0 30 75 0 9 0 71 2
0 0 10 2 9 0 0 0 0 0 0 0 0 0 0 0 0 0 0 0 0 0 0 0 0 0 0 0 0 0 2 24 2 0 61 58 0 0 0 63 0
0 0 10 0 19 0 0 0 0 0 0 0 0 0 0 0 0 0 0 0 0 0 0 0 0 0 2 0 0 0 4 28 3 0 43 67 0 0 0 66 0
0 0 10 0 20 0 0 0 0 0 0 0 0 0 0 0 0 0 0 0 0 0 0 0 0 0 3 0 0 0 4 27 3 0 42 69 0 1 0 66 0
4 0 7 2 3 0 0 0 0 0 0 0 0 0 0 0 0 0 0 0 0 0 0 1 0 0 0 0 0 0 0 25 0 0 63 50 0 0 0 59 0
0 0 13 0 19 0 0 0 0 0 0 0 0 0 0 0 0 0 0 0 0 0 0 0 0 0 1 0 0 0 2 30 1 0 47 69 0 0 0 70 0
0 0 17 0 31 0 0 0 0 0 0 0 0 0 0 0 0 0 0 0 0 0 0 0 0 0 14 0 0 0 2 23 1 0 27 77 0 12 0 71 2
0 0 13 0 26 0 0 0 0 0 0 0 0 0 0 0 0 0 0 0 0 0 0 0 0 0 9 0 0 0 4 24 2 0 30 72 0 8 0 68 1
0 0 10 1 15 0 0 0 0 0 0 0 0 0 0 0 0 0 0 0 0 0 0 0 0 0 0 0 0 0 5 25 4 0 51 65 0 0 0 65 0
20 0 6 2 0 0 0 0 0 0 0 0 0 0 0 0 0 0 0 0 0 0 0 2 0 0 0 0 0 0 0 24 0 0 63 43 0 0 0 59 0
0 0 19 0 32 0 0 0 0 0 0 0 0 0 0 0 0 0 0 0 0 0 0 0 0 0 15 0 0 0 3 24 1 0 29 77 0 13 0 72 1
57 0 45 0 0 0 0 0 0 0 0 0 0 0 0 0 0 0 0 0 0 0 0 0 0 0 0 0 0 0 0 0 0 0 77 44 0 0 0 77 0
0 0 8 2 7 0 0 0 0 0 0 0 0 0 0 0 0 0 0 0 0 0 0 1 0 0 0 0 0 0 0 25 0 0 61 55 0 0 0 60 0
1 0 6 2 4 0 0 0 0 0 0 0 0 0 0 0 0 0 0 0 0 0 0 1 0 0 0 0 0 0 0 24 0 0 64 52 0 0 0 60 0
0 0 16 0 29 0 0 0 0 0 0 0 0 0 0 0 0 0 0 0 0 0 0 0 0 0 13 0 0 0 4 23 2 0 28 76 0 11 0 70 2
0 0 15 0 26 0 0 0 0 0 0 0 0 0 0 0 0 0 0 0 0 0 0 0 0 0 10 0 0 0 5 23 3 0 31 74 0 9 0 69 2
17 0 8 2 0 0 0 0 0 0 0 0 0 0 0 0 0 0 0 0 0 0 0 1 0 0 0 0 0 0 0 25 0 0 64 44 0 0 0 59 0
43 0 36 0 0 0 0 0 0 0 0 0 0 0 0 0 0 0 0 0 0 0 0 0 0 0 0 0 0 0 0 0 0 1 71 34 0 0 0 67 0
0 0 12 0 37 0 0 0 0 0 0 0 0 0 0 0 0 0 0 0 0 0 2 0 7 0 18 0 0 0 1 27 0 0 27 82 0 17 0 71 0
0 0 18 0 31 0 0 0 0 0 0 0 0 0 0 0 0 0 0 0 0 0 0 0 0 0 14 0 0 0 3 24 1 0 29 78 0 12 0 72 2
42 0 36 0 0 0 0 0 0 0 0 0 0 0 0 0 0 0 0 0 0 0 0 0 0 0 0 0 0 0 0 0 0 0 69 34 0 0 0 66 0
0 0 11 0 24 0 0 0 0 0 0 0 0 0 0 0 0 0 0 0 0 0 0 0 0 0 8 0 0 0 5 25 3 0 32 70 0 7 0 66 1
0 0 10 2 9 0 0 0 0 0 0 0 0 0 0 0 0 0 0 0 0 0 0 0 0 0 0 0 0 0 0 27 0 0 62 60 0 0 0 65 0
7 0 5 3 1 0 0 0 0 0 0 0 0 0 0 0 0 0 0 0 0 0 0 0 0 0 0 0 0 0 0 23 0 0 63 48 0 0 0 59 0
2 0 6 2 3 0 0 0 0 0 0 0 0 0 0 0 0 0 0 0 0 0 0 1 0 0 0 0 0 0 0 24 0 0 62 49 0 0 0 58 0
1 0 5 3 3 0 0 0 0 0 0 0 0 0 0 0 0 0 0 0 0 0 0 1 0 0 0 0 0 0 0 23 0 0 63 49 0 0 0 57 0
11 0 3 3 0 0 0 0 0 0 0 0 0 0 0 0 0 0 0 0 0 0 0 1 0 0 0 0 0 0 0 25 0 0 64 48 0 0 0 60 0
0 0 16 0 35 0 0 0 0 0 0 0 0 0 0 0 0 0 0 0 0 0 1 0 3 0 17 0 0 0 2 25 0 0 28 81 0 14 0 73 0
0 0 12 1 14 0 0 0 0 0 0 0 0 0 0 0 0 0 0 0 0 0 0 0 0 0 0 0 0 0 3 27 3 0 55 65 0 0 0 67 0
16 0 5 2 0 0 0 0 0 0 0 0 0 0 0 0 0 0 0 0 0 0 0 2 0 0 0 0 0 0 0 22 0 0 67 42 0 0 0 58 0
4 0 8 2 6 0 0 0 0 0 0 0 0 0 0 0 0 0 0 0 0 0 0 1 0 0 0 0 0 0 0 26 0 0 64 55 0 0 0 63 0
0 0 5 2 5 0 0 0 0 0 0 0 0 0 0 0 0 0 0 0 0 0 0 1 0 0 0 0 0 0 0 23 0 0 61 51 0 0 0 57 0
17 0 4 3 0 0 0 0 0 0 0 0 0 0 0 0 0 0 0 0 0 0 0 2 0 0 0 0 0 0 0 22 0 0 62 40 0 0 0 56 0
0 0 10 2 9 0 0 0 0 0 0 0 0 0 0 0 0 0 0 0 0 0 0 0 0 0 0 0 0 0 0 26 1 0 62 59 0 0 0 65 0
0 0 0 0 43 0 0 0 0 0 0 0 0 0 0 0 0 0 0 0 0 0 5 0 31 0 16 0 0 0 0 31 0 0 24 91 0 19 0 57 0
4 0 3 3 0 0 0 0 0 0 0 0 0 0 0 0 0 0 0 0 0 0 0 2 0 0 0 0 0 0 0 24 0 0 65 46 0 0 0 55 0
0 0 17 0 35 0 0 0 0 0 0 0 0 0 0 0 0 0 0 0 0 0 0 0 1 0 17 0 0 0 2 24 0 0 28 81 0 15 0 74 1
0 0 15 0 26 0 0 0 0 0 0 0 0 0 0 0 0 0 0 0 0 0 0 0 0 0 10 0 0 0 4 24 2 0 31 74 0 9 0 70 2
14 0 3 3 0 0 0 0 0 0 0 0 0 0 0 0 0 0 0 0 0 0 0 2 0 0 0 0 0 0 0 22 0 0 65 43 0 0 0 56 0
22 0 7 2 0 0 0 0 0 0 0 0 0 0 0 0 0 0 0 0 0 0 0 2 0 0 0 0 0 0 0 24 0 0 63 38 0 0 0 57 0
0 0 10 1 12 0 0 0 0 0 0 0 0 0 0 0 0 0 0 0 0 0 0 0 0 0 0 0 0 0 3 25 3 0 56 62 0 0 0 64 0
0 0 15 0 30 0 0 0 0 0 0 0 0 0 0 0 0 0 0 0 0 0 1 0 0 0 14 0 0 0 4 24 1 0 27 77 0 12 0 70 2
0 0 9 2 7 0 0 0 0 0 0 0 0 0 0 0 0 0 0 0 0 0 0 0 0 0 0 0 0 0 1 24 1 0 62 56 0 0 0 61 0
17 0 4 2 0 0 0 0 0 0 0 0 0 0 0 0 0 0 0 0 0 0 0 2 0 0 0 0 0 0 0 22 0 0 63 37 0 0 0 53 0
6 0 2 3 0 0 0 0 0 0 0 0 0 0 0 0 0 0 0 0 0 0 0 2 0 0 0 0 0 0 0 23 0 0 63 44 0 0 0 53 0
0 0 13 0 15 0 0 0 0 0 0 0 0 0 0 0 0 0 0 0 0 0 0 0 0 0 0 0 0 0 3 28 3 0 55 67 0 0 0 70 0
21 0 8 1 0 0 0 0 0 0 0 0 0 0 0 0 0 0 0 0 0 0 0 2 0 0 0 0 0 0 0 23 0 0 64 40 0 0 0 58 0
0 0 8 2 7 0 0 0 0 0 0 0 0 0 0 0 0 0 0 0 0 0 0 0 0 0 0 0 0 0 1 24 1 0 62 55 0 0 0 60 0
0 0 16 0 28 0 0 0 0 0 0 0 0 0 0 0 0 0 0 0 0 0 0 0 0 0 12 0 0 0 4 24 2 0 30 76 0 10 0 71 2
12 0 5 2 0 0 0 0 0 0 0 0 0 0 0 0 0 0 0 0 0 0 0 1 0 0 0 0 0 0 0 23 0 0 63 44 0 0 0 57 0
26 0 10 0 0 0 0 0 0 0 0 0 0 0 0 0 0 0 0 0 0 0 0 2 0 0 0 0 0 0 0 22 0 0 62 39 0 0 0 61 0
4 0 3 3 2 0 0 0 0 0 0 0 0 0 0 0 0 0 0 0 0 0 0 1 0 0 0 0 0 0 0 25 0 0 64 48 0 0 0 57 0
0 0 14 0 26 0 0 0 0 0 0 0 0 0 0 0 0 0 0 0 0 0 0 0 0 0 10 0 0 0 5 25 2 0 34 75 0 8 0 72 2
28 0 13 0 0 0 0 0 0 0 0 0 0 0 0 0 0 0 0 0 0 0 0 1 0 0 0 0 0 0 0 16 0 1 64 37 0 0 0 59 0
0 0 10 0 38 0 0 0 0 0 0 0 0 0 0 0 0 0 0 0 0 0 2 0 9 0 18 0 0 0 1 29 0 0 26 83 0 18 0 71 0
0 0 9 0 40 0 0 0 0 0 0 0 0 0 0 0 0 0 0 0 0 0 2 0 11 0 18 0 0 0 0 27 0 0 29 87 0 17 0 73 0
0 0 6 2 5 0 0 0 0 0 0 0 0 0 0 0 0 0 0 0 0 0 0 1 0 0 0 0 0 0 0 25 0 0 65 54 0 0 0 61 0
0 0 13 2 10 0 0 0 0 0 0 0 0 0 0 0 0 0 0 0 0 0 0 0 0 0 0 0 0 0 1 25 2 0 61 59 0 0 0 65 0
0 0 9 0 18 0 0 0 0 0 0 0 0 0 0 0 0 0 0 0 0 0 0 0 0 0 2 0 0 0 5 25 4 0 44 66 0 0 0 63 0
0 0 12 0 24 0 0 0 0 0 0 0 0 0 0 0 0 0 0 0 0 0 0 0 0 0 7 0 0 0 5 27 3 0 37 73 0 6 0 70 0
29 0 15 0 0 0 0 0 0 0 0 0 0 0 0 0 0 0 0 0 0 0 0 1 0 0 0 0 0 0 0 16 0 0 63 38 0 0 0 61 0
0 0 7 2 8 0 0 0 0 0 0 0 0 0 0 0 0 0 0 0 0 0 0 1 0 0 0 0 0 0 1 25 1 0 61 57 0 0 0 61 0
23 0 9 0 0 0 0 0 0 0 0 0 0 0 0 0 0 0 0 0 0 0 0 2 0 0 0 0 0 0 0 21 0 0 63 37 0 0 0 56 0
0 0 13 0 16 0 0 0 0 0 0 0 0 0 0 0 0 0 0 0 0 0 0 0 0 0 0 0 0 0 3 27 3 0 53 67 0 0 0 69 0
0 0 11 0 18 0 0 0 0 0 0 0 0 0 0 0 0 0 0 0 0 0 0 0 0 0 1 0 0 0 4 26 4 0 47 66 0 0 0 66 0
19 0 6 1 0 0 0 0 0 0 0 0 0 0 0 0 0 0 0 0 0 0 0 2 0 0 0 0 0 0 0 20 0 0 62 41 0 0 0 57 0
0 0 13 0 29 0 0 0 0 0 0 0 0 0 0 0 0 0 0 0 0 0 1 0 0 0 14 0 0 0 5 25 2 0 29 78 0 13 0 71 2
0 0 10 2 8 0 0 0 0 0 0 0 0 0 0 0 0 0 0 0 0 0 0 0 0 0 0 0 0 0 1 24 2 0 60 56 0 0 0 62 0
52 0 43 0 0 0 0 0 0 0 0 0 0 0 0 0 0 0 0 0 0 0 0 0 0 0 0 0 0 0 0 0 0 0 72 42 0 0 0 73 1
0 0 14 0 34 0 0 0 0 0 0 0 0 0 0 0 0 0 0 0 0 0 2 0 2 0 17 0 0 0 3 25 0 0 28 80 0 15 0 71 1
0 0 11 2 12 0 0 0 0 0 0 0 0 0 0 0 0 0 0 0 0 0 0 0 0 0 0 0 0 0 3 25 3 0 57 61 0 0 0 64 0
11 0 2 2 0 0 0 0 0 0 0 0 0 0 0 0 0 0 0 0 0 0 0 1 0 0 0 0 0 0 0 24 0 0 63 46 0 0 0 57 0
23 0 10 0 0 0 0 0 0 0 0 0 0 0 0 0 0 0 0 0 0 0 0 2 0 0 0 0 0 0 0 23 0 0 61 39 0 0 0 59 0
35 0 25 0 0 0 0 0 0 0 0 0 0 0 0 0 0 0 0 0 0 0 0 0 0 0 0 0 0 0 0 0 0 0 65 33 0 0 0 62 0
13 0 3 3 0 0 0 0 0 0 0 0 0 0 0 0 0 0 0 0 0 0 0 1 0 0 0 0 0 0 0 22 0 0 64 45 0 0 0 58 0
0 0 16 0 29 0 0 0 0 0 0 0 0 0 0 0 0 0 0 0 0 0 0 0 0 0 11 0 0 0 3 24 2 0 28 76 0 10 0 71 2
0 0 11 0 22 0 0 0 0 0 0 0 0 0 0 0 0 0 0 0 0 0 0 0 0 0 6 0 0 0 6 26 3 0 39 71 0 5 0 67 0
5 0 4 2 2 0 0 0 0 0 0 0 0 0 0 0 0 0 0 0 0 0 0 1 0 0 0 0 0 0 0 24 0 0 63 48 0 0 0 58 0
63 0 50 0 0 0 0 0 0 0 0 0 0 0 0 0 0 0 0 0 0 0 0 0 0 0 0 0 0 0 0 0 0 0 82 48 0 0 0 82 0
0 0 13 0 30 0 0 0 0 0 0 0 0 0 0 0 0 0 0 0 0 0 2 0 0 0 14 0 0 0 5 24 2 0 30 79 0 12 0 71 2
0 0 11 0 21 0 0 0 0 0 0 0 0 0 0 0 0 0 0 0 0 0 0 0 0 0 2 0 0 0 3 31 1 0 44 71 0 0 0 71 0
0 0 7 2 5 0 0 0 0 0 0 0 0 0 0 0 0 0 0 0 0 0 0 1 0 0 0 0 0 0 0 25 0 0 62 52 0 0 0 59 0
0 0 10 0 23 0 0 0 0 0 0 0 0 0 0 0 0 0 0 0 0 0 0 0 0 0 6 0 0 0 5 26 2 0 36 70 0 4 0 67 0
12 0 4 3 0 0 0 0 0 0 0 0 0 0 0 0 0 0 0 0 0 0 0 1 0 0 0 0 0 0 0 26 0 0 64 46 0 0 0 60 0
0 0 11 1 13 0 0 0 0 0 0 0 0 0 0 0 0 0 0 0 0 0 0 0 0 0 0 0 0 0 3 26 2 0 54 63 0 0 0 66 0
0 0 11 0 17 0 0 0 0 0 0 0 0 0 0 0 0 0 0 0 0 0 0 0 0 0 1 0 0 0 5 27 4 0 49 67 0 0 0 66 0
0 0 14 0 36 0 0 0 0 0 0 0 0 0 0 0 0 0 0 0 0 0 1 0 5 0 17 0 0 0 1 26 0 0 26 81 0 15 0 71 0
60 0 48 0 0 0 0 0 0 0 0 0 0 0 0 0 0 0 0 0 0 0 0 0 0 0 0 0 0 0 0 0 0 1 80 47 0 0 0 80 0
0 0 12 0 37 0 0 0 0 0 0 0 0 0 0 0 0 0 0 0 0 0 2 0 6 0 18 0 0 0 3 26 0 0 27 82 0 16 0 71 0
22 0 8 1 0 0 0 0 0 0 0 0 0 0 0 0 0 0 0 0 0 0 0 2 0 0 0 0 0 0 0 23 0 0 65 40 0 0 0 58 0
29 0 15 0 0 0 0 0 0 0 0 0 0 0 0 0 0 0 0 0 0 0 0 1 0 0 0 0 0 0 0 14 0 0 64 35 0 0 0 58 0
10 0 4 3 1 0 0 0 0 0 0 0 0 0 0 0 0 0 0 0 0 0 0 1 0 0 0 0 0 0 0 25 0 0 63 49 0 0 0 62 0
0 0 14 0 25 0 0 0 0 0 0 0 0 0 0 0 0 0 0 0 0 0 0 0 0 0 8 0 0 0 5 25 3 0 33 72 0 8 0 68 1
41 0 35 0 0 0 0 0 0 0 0 0 0 0 0 0 0 0 0 0 0 0 0 0 0 0 0 0 0 0 0 0 0 1 69 32 0 0 0 65 0
10 0 4 3 0 0 0 0 0 0 0 0 0 0 0 0 0 0 0 0 0 0 0 2 0 0 0 0 0 0 0 23 0 0 67 45 0 0 0 58 0
0 0 13 1 14 0 0 0 0 0 0 0 0 0 0 0 0 0 0 0 0 0 0 0 0 0 0 0 0 0 3 28 3 0 56 66 0 0 0 68 0
0 0 18 0 29 0 0 0 0 0 0 0 0 0 0 0 0 0 0 0 0 0 0 0 0 0 11 0 0 0 2 23 1 0 29 75 0 10 0 71 2
0 0 10 0 15 0 0 0 0 0 0 0 0 0 0 0 0 0 0 0 0 0 0 0 0 0 0 0 0 0 4 26 3 0 53 65 0 0 0 67 0
0 0 10 0 19 0 0 0 0 0 0 0 0 0 0 0 0 0 0 0 0 0 0 0 0 0 3 0 0 0 5 27 3 0 44 68 0 1 0 67 0
29 0 15 0 0 0 0 0 0 0 0 0 0 0 0 0 0 0 0 0 0 0 0 1 0 0 0 0 0 0 0 14 0 0 63 35 0 0 0 58 0
0 0 10 0 39 0 0 0 0 0 0 0 0 0 0 0 0 0 0 0 0 0 2 0 9 0 19 0 0 0 1 29 0 0 27 86 0 18 0 73 0
50 0 41 0 0 0 0 0 0 0 0 0 0 0 0 0 0 0 0 0 0 0 0 0 0 0 0 0 0 0 0 0 0 0 73 40 0 0 0 72 0
0 0 11 1 11 0 0 0 0 0 0 0 0 0 0 0 0 0 0 0 0 0 0 0 0 0 0 0 0 0 1 28 1 0 58 60 0 0 0 65 0
15 0 6 2 0 0 0 0 0 0 0 0 0 0 0 0 0 0 0 0 0 0 0 1 0 0 0 0 0 0 0 24 0 0 64 45 0 0 0 59 0
43 0 37 0 0 0 0 0 0 0 0 0 0 0 0 0 0 0 0 0 0 0 0 0 0 0 0 0 0 0 0 0 0 1 68 33 0 0 0 65 0
45 0 39 0 0 0 0 0 0 0 0 0 0 0 0 0 0 0 0 0 0 0 0 0 0 0 0 0 0 0 0 0 0 1 72 35 0 0 0 69 0
0 0 11 0 20 0 0 0 0 0 0 0 0 0 0 0 0 0 0 0 0 0 0 0 0 0 3 0 0 0 4 28 3 0 41 69 0 1 0 67 0
0 0 1 0 42 0 0 0 0 0 0 0 0 0 0 0 0 0 0 0 0 0 5 0 17 0 18 0 0 0 0 32 0 0 29 90 0 19 0 70 0
14 0 4 3 0 0 0 0 0 0 0 0 0 0 0 0 0 0 0 0 0 0 0 2 0 0 0 0 0 0 0 22 0 0 65 43 0 0 0 57 0
