33 0 21 0 0 0 0 0 0 0 0 0 0 0 0 2 0 0 0 0 0 0 11 0 0 19 5 0 0 0 0 66 0 0 9 130 0 0 0 41 0
34 0 22 0 0 0 0 0 0 0 0 0 0 0 0 1 0 0 0 0 0 0 11 0 0 17 4 0 0 0 0 64 0 0 13 121 0 0 0 40 0
45 0 21 0 0 0 0 0 0 0 0 0 0 0 0 0 0 0 0 0 0 0 21 0 0 25 0 0 0 0 0 77 0 0 0 131 0 0 0 43 0
26 0 22 0 0 0 0 0 0 0 0 0 0 0 0 5 0 0 0 0 0 0 7 0 0 16 8 0 1 0 0 61 0 0 11 121 0 0 0 41 0
45 0 22 0 0 0 0 0 0 0 0 0 0 0 0 0 0 0 0 0 0 0 22 0 0 25 0 0 0 0 0 77 0 0 0 127 0 0 0 45 0
1 0 25 6 0 0 0 0 0 0 0 0 0 0 0 14 0 0 0 0 0 0 0 0 0 0 17 0 4 4 0 33 0 0 22 62 0 0 0 34 2
0 0 24 13 0 0 0 0 0 0 0 0 0 0 0 17 0 0 0 0 0 0 0 0 0 0 18 0 5 5 0 18 0 0 35 23 0 0 0 43 6
1 0 26 6 0 0 0 0 0 0 0 0 0 0 0 15 0 0 0 0 0 0 0 0 0 1 17 0 5 4 0 34 0 0 22 65 0 0 0 39 4
0 0 25 10 0 0 0 0 0 0 0 0 0 0 0 16 0 0 0 0 0 0 0 0 0 0 18 0 5 5 0 22 0 0 25 36 0 0 0 37 4
7 0 24 3 0 0 0 0 0 0 0 0 0 0 0 13 0 0 0 0 0 0 0 0 0 4 16 0 4 4 0 43 0 0 21 86 0 0 0 35 0
0 0 0 3 0 0 0 0 0 0 0 0 0 0 0 31 0 0 0 0 0 0 0 0 0 0 19 0 0 0 0 23 0 0 105 123 0 9 0 135 41
21 0 22 0 0 0 0 0 0 0 0 0 0 0 0 8 0 0 0 0 0 0 5 0 0 14 11 0 2 1 0 60 0 0 12 119 0 0 0 42 1
8 0 24 2 0 0 0 0 0 0 0 0 0 0 0 13 0 0 0 0 0 0 0 0 0 5 16 0 4 4 0 45 0 0 21 93 0 0 0 38 2
18 0 24 0 0 0 0 0 0 0 0 0 0 0 0 9 0 0 0 0 0 0 0 0 0 9 11 0 2 0 0 55 0 0 26 110 0 0 0 37 0
26 0 22 0 0 0 0 0 0 0 0 0 0 0 0 5 0 0 0 0 0 0 5 0 0 14 7 0 1 0 0 61 0 0 19 122 0 0 0 37 0
0 0 6 6 0 0 0 0 0 0 0 0 0 0 0 29 0 0 0 0 0 0 0 0 0 0 19 0 0 0 0 20 0 0 95 97 0 6 0 122 36
54 0 24 0 0 0 0 0 0 0 0 0 0 0 0 0 0 0 0 0 0 0 24 0 0 27 0 0 0 0 0 84 0 0 4 123 0 0 0 37 0
26 0 21 0 0 0 0 0 0 0 0 0 0 0 0 6 0 0 0 0 0 0 7 0 0 17 8 0 1 0 0 63 0 0 10 131 0 0 0 41 0
37 0 22 0 0 0 0 0 0 0 0 0 0 0 0 0 0 0 0 0 0 0 13 0 0 18 2 0 0 0 0 68 0 0 15 125 0 0 0 42 0
0 0 26 7 0 0 0 0 0 0 0 0 0 0 0 15 0 0 0 0 0 0 0 0 0 0 17 0 5 4 0 32 0 0 22 60 0 0 0 36 3
0 0 26 8 0 0 0 0 0 0 0 0 0 0 0 16 0 0 0 0 0 0 0 0 0 0 18 0 5 5 0 23 0 0 26 46 0 0 0 41 6
0 0 26 9 0 0 0 0 0 0 0 0 0 0 0 15 0 0 0 0 0 0 0 0 0 0 17 0 5 4 0 27 0 0 23 44 0 0 0 35 3
18 0 23 0 0 0 0 0 0 0 0 0 0 0 0 9 0 0 0 0 0 0 4 0 0 13 12 0 3 2 0 55 0 0 9 111 0 0 0 41 1
56 0 24 0 0 0 0 0 0 0 0 0 0 0 0 0 0 0 0 0 0 0 26 0 0 28 0 0 0 0 0 86 0 0 2 123 0 0 0 37 0
37 0 22 0 0 0 0 0 0 0 0 0 0 0 0 0 0 0 0 0 0 0 10 0 0 17 1 0 1 0 0 67 0 0 18 123 0 0 0 36 0
13 0 23 0 0 0 0 0 0 0 0 0 0 0 0 11 0 0 0 0 0 0 0 0 0 9 14 0 3 2 0 52 0 0 21 109 0 0 0 39 1
3 0 25 5 0 0 0 0 0 0 0 0 0 0 0 15 0 0 0 0 0 0 0 0 0 1 17 0 5 4 0 37 0 0 23 71 0 0 0 36 2
0 0 26 11 0 0 0 0 0 0 0 0 0 0 0 15 0 0 0 0 0 0 0 0 0 0 17 0 6 5 0 21 0 0 24 27 0 0 0 32 2
39 0 22 0 0 0 0 0 0 0 0 0 0 0 0 0 0 0 0 0 0 0 15 0 0 21 1 0 0 0 0 70 0 0 8 125 0 0 0 41 0
6 0 26 3 0 0 0 0 0 0 0 0 0 0 0 14 0 0 0 0 0 0 0 0 0 4 16 0 4 4 0 40 0 0 18 79 0 0 0 38 2
58 0 22 0 0 0 0 0 0 0 0 0 0 0 0 0 0 0 0 0 0 0 29 0 0 30 0 0 0 0 0 85 0 0 0 117 0 0 0 38 0
42 0 23 0 0 0 0 0 0 0 0 0 0 0 0 0 0 0 0 0 0 0 16 0 0 20 0 0 0 0 0 72 0 0 12 123 0 0 0 41 0
63 0 22 0 0 0 0 0 0 0 0 0 0 0 0 0 0 0 0 0 0 0 33 0 0 33 0 1 0 0 0 89 0 0 0 113 0 0 0 34 0
0 0 26 9 0 0 0 0 0 0 0 0 0 0 0 15 0 0 0 0 0 0 0 0 0 0 18 0 5 5 0 25 0 0 23 42 0 0 0 35 3
11 0 24 0 0 0 0 0 0 0 0 0 0 0 0 12 0 0 0 0 0 0 0 0 0 8 15 0 4 4 0 47 0 0 17 95 0 0 0 41 2
38 0 23 0 0 0 0 0 0 0 0 0 0 0 0 0 0 0 0 0 0 0 12 0 0 18 1 0 0 0 0 68 0 0 17 123 0 0 0 39 0
0 0 22 10 0 0 0 0 0 0 0 0 0 0 0 21 0 0 0 0 0 0 0 0 0 0 20 0 3 3 0 17 0 0 53 54 0 1 0 72 19
4 0 26 6 0 0 0 0 0 0 0 0 0 0 0 13 0 0 0 0 0 0 0 0 0 1 16 0 5 4 0 36 0 0 20 67 0 0 0 31 0
6 0 25 4 0 0 0 0 0 0 0 0 0 0 0 13 0 0 0 0 0 0 0 0 0 3 16 0 4 4 0 40 0 0 20 79 0 0 0 33 0
14 0 22 0 0 0 0 0 0 0 0 0 0 0 0 10 0 0 0 0 0 0 0 0 0 10 13 0 3 2 0 54 0 0 22 112 0 0 0 39 1
51 0 24 0 0 0 0 0 0 0 0 0 0 0 0 0 0 0 0 0 0 0 23 0 0 25 0 0 0 0 0 81 0 0 4 123 0 0 0 39 0
0 0 26 5 0 0 0 0 0 0 0 0 0 0 0 15 0 0 0 0 0 0 0 0 0 0 17 0 4 4 0 27 0 0 22 54 0 0 0 45 7
34 0 22 0 0 0 0 0 0 0 0 0 0 0 0 1 0 0 0 0 0 0 9 0 0 16 3 0 1 0 0 65 0 0 19 124 0 0 0 36 0
50 0 23 0 0 0 0 0 0 0 0 0 0 0 0 0 0 0 0 0 0 0 23 0 0 25 0 0 0 0 0 80 0 0 4 124 0 0 0 41 0
0 0 25 12 0 0 0 0 0 0 0 0 0 0 0 16 0 0 0 0 0 0 0 0 0 0 18 0 5 5 0 20 0 0 27 27 0 0 0 37 4
0 0 14 10 0 0 0 0 0 0 0 0 0 0 0 26 0 0 0 0 0 0 0 0 0 0 20 0 1 2 0 19 0 0 81 73 0 5 0 102 29
0 0 11 10 0 0 0 0 0 0 0 0 0 0 0 27 0 0 0 0 0 0 0 0 0 0 20 0 0 1 0 19 0 0 92 74 0 5 0 111 31
6 0 25 5 0 0 0 0 0 0 0 0 0 0 0 13 0 0 0 0 0 0 0 0 0 3 16 0 4 4 0 40 0 0 22 76 0 0 0 32 0
35 0 22 0 0 0 0 0 0 0 0 0 0 0 0 1 0 0 0 0 0 0 14 0 0 20 4 0 0 0 0 68 0 0 6 128 0 0 0 45 0
41 0 22 0 0 0 0 0 0 0 0 0 0 0 0 0 0 0 0 0 0 0 14 0 0 20 0 0 0 0 0 71 0 0 14 127 0 0 0 39 0
18 0 21 0 0 0 0 0 0 0 0 0 0 0 0 10 0 0 0 0 0 0 3 0 0 13 13 0 3 2 0 57 0 0 10 121 0 0 0 40 1
76 0 19 0 0 0 0 0 0 0 0 0 0 1 0 0 0 0 0 0 0 0 40 0 0 40 0 2 0 0 0 99 0 0 0 109 0 0 0 24 0
0 0 22 13 0 0 0 0 0 0 0 0 0 0 0 20 0 0 0 0 0 0 0 0 0 0 19 0 4 3 0 16 0 0 55 35 0 1 0 68 16
10 0 23 2 0 0 0 0 0 0 0 0 0 0 0 12 0 0 0 0 0 0 0 0 0 5 15 0 4 3 0 47 0 0 24 94 0 0 0 34 0
0 0 17 10 0 0 0 0 0 0 0 0 0 0 0 24 0 0 0 0 0 0 0 0 0 0 20 0 2 2 0 15 0 0 73 60 0 2 0 95 26
31 0 21 0 0 0 0 0 0 0 0 0 0 0 0 3 0 0 0 0 0 0 11 0 0 19 6 0 0 0 0 65 0 0 7 130 0 0 0 44 0
0 0 18 11 0 0 0 0 0 0 0 0 0 0 0 24 0 0 0 0 0 0 0 0 0 0 20 0 2 2 0 16 0 0 72 56 0 3 0 89 25
11 0 25 0 0 0 0 0 0 0 0 0 0 0 0 12 0 0 0 0 0 0 2 0 0 9 15 0 4 4 0 45 0 0 12 90 0 0 0 45 4
5 0 25 3 0 0 0 0 0 0 0 0 0 0 0 14 0 0 0 0 0 0 0 0 0 3 16 0 4 4 0 40 0 0 20 80 0 0 0 36 2
19 0 21 0 0 0 0 0 0 0 0 0 0 0 0 9 0 0 0 0 0 0 4 0 0 14 12 0 2 2 0 58 0 0 9 123 0 0 0 41 1
10 0 23 1 0 0 0 0 0 0 0 0 0 0 0 12 0 0 0 0 0 0 0 0 0 5 15 0 3 3 0 47 0 0 23 97 0 0 0 34 0
3 0 26 5 0 0 0 0 0 0 0 0 0 0 0 14 0 0 0 0 0 0 0 0 0 1 17 0 4 4 0 35 0 0 22 67 0 0 0 37 2
45 0 22 0 0 0 0 0 0 0 0 0 0 0 0 0 0 0 0 0 0 0 20 0 0 24 0 0 0 0 0 76 0 0 4 126 0 0 0 42 0
13 0 23 0 0 0 0 0 0 0 0 0 0 0 0 11 0 0 0 0 0 0 0 0 0 8 13 0 2 2 0 53 0 0 26 110 0 0 0 36 0
51 0 24 0 0 0 0 0 0 0 0 0 0 0 0 0 0 0 0 0 0 0 22 0 0 25 0 0 0 0 0 81 0 0 6 124 0 0 0 38 0
14 0 25 0 0 0 0 0 0 0 0 0 0 0 0 11 0 0 0 0 0 0 11 0 0 13 14 0 1 2 0 48 0 0 10 98 0 0 0 63 10
48 0 23 0 0 0 0 0 0 0 0 0 0 0 0 0 0 0 0 0 0 0 19 0 0 23 0 0 0 0 0 79 0 0 10 128 0 0 0 37 0
0 0 0 0 0 0 0 0 0 0 0 0 0 0 0 35 0 0 0 0 0 0 0 0 0 0 17 0 0 0 0 12 0 0 124 164 0 11 0 166 55
0 0 26 8 0 0 0 0 0 0 0 0 0 0 0 16 0 0 0 0 0 0 0 0 0 0 18 0 5 4 0 20 0 0 29 41 0 0 0 46 8
32 0 23 0 0 0 0 0 0 0 0 0 0 0 0 2 0 0 0 0 0 0 9 0 0 16 4 0 1 0 0 63 0 0 17 119 0 0 0 40 0
0 0 26 8 0 0 0 0 0 0 0 0 0 0 0 15 0 0 0 0 0 0 0 0 0 0 17 0 5 5 0 28 0 0 22 49 0 0 0 32 2
0 0 0 0 0 0 0 0 0 0 0 0 0 0 0 34 0 0 0 0 0 0 0 0 0 0 18 0 0 0 0 18 0 0 119 152 0 10 0 156 50
14 0 22 0 0 0 0 0 0 0 0 0 0 0 0 10 0 0 0 0 0 0 0 0 0 9 13 0 3 2 0 54 0 0 24 111 0 0 0 37 0
0 0 1 6 0 0 0 0 0 0 0 0 0 0 0 31 0 0 0 0 0 0 0 0 0 0 19 0 0 0 0 24 0 0 104 112 0 9 0 128 38
3 0 26 6 0 0 0 0 0 0 0 0 0 0 0 14 0 0 0 0 0 0 0 0 0 1 17 0 5 4 0 35 0 0 21 65 0 0 0 34 1
17 0 23 0 0 0 0 0 0 0 0 0 0 0 0 9 0 0 0 0 0 0 2 0 0 12 12 0 2 1 0 56 0 0 19 111 0 0 0 42 1
23 0 21 0 0 0 0 0 0 0 0 0 0 0 0 7 0 0 0 0 0 0 4 0 0 14 9 0 2 0 0 59 0 0 16 124 0 0 0 39 1
44 0 23 0 0 0 0 0 0 0 0 0 0 0 0 0 0 0 0 0 0 0 20 0 0 23 0 0 0 0 0 74 0 0 6 125 0 0 0 42 0
34 0 22 0 0 0 0 0 0 0 0 0 0 0 0 1 0 0 0 0 0 0 10 0 0 17 4 0 1 0 0 64 0 0 16 125 0 0 0 39 0
26 0 21 0 0 0 0 0 0 0 0 0 0 0 0 6 0 0 0 0 0 0 8 0 0 17 9 0 1 0 0 64 0 0 7 132 0 0 0 42 0
22 0 22 0 0 0 0 0 0 0 0 0 0 0 0 7 0 0 0 0 0 0 4 0 0 14 9 0 2 0 0 60 0 0 16 120 0 0 0 38 0
8 0 24 1 0 0 0 0 0 0 0 0 0 0 0 13 0 0 0 0 0 0 0 0 0 5 16 0 4 4 0 46 0 0 20 96 0 0 0 36 1
30 0 22 0 0 0 0 0 0 0 0 0 0 0 0 3 0 0 0 0 0 0 7 0 0 15 5 0 1 0 0 63 0 0 20 120 0 0 0 36 0
37 0 22 0 0 0 0 0 0 0 0 0 0 0 0 0 0 0 0 0 0 0 12 0 0 18 2 0 0 0 0 67 0 0 15 123 0 0 0 39 0
0 0 17 12 0 0 0 0 0 0 0 0 0 0 0 25 0 0 0 0 0 0 0 0 0 0 21 0 2 2 0 15 0 0 75 52 0 3 0 92 25
30 0 24 0 0 0 0 0 0 0 0 0 0 0 0 3 0 0 0 0 0 0 5 0 0 12 5 0 2 0 0 61 0 0 24 110 0 0 0 34 0
18 0 20 0 0 0 0 0 0 0 0 0 0 1 0 9 0 0 0 0 0 0 1 0 0 12 12 0 2 1 0 59 0 0 17 125 0 0 0 38 0
2 0 25 7 0 0 0 0 0 0 0 0 0 0 0 13 0 0 0 0 0 0 0 0 0 0 17 0 5 4 0 33 0 0 20 58 0 0 0 29 0
2 0 26 6 0 0 0 0 0 0 0 0 0 0 0 14 0 0 0 0 0 0 0 0 0 0 17 0 5 4 0 34 0 0 23 61 0 0 0 36 2
21 0 20 0 0 0 0 0 0 0 0 0 0 0 0 8 0 0 0 0 0 0 3 0 0 13 10 0 2 1 0 59 0 0 17 124 0 0 0 38 0
9 0 25 4 0 0 0 0 0 0 0 0 0 0 0 11 0 0 0 0 0 0 0 0 0 4 14 0 4 2 0 45 0 0 27 84 0 0 0 34 0
0 0 25 6 0 0 0 0 0 0 0 0 0 0 0 15 0 0 0 0 0 0 0 0 0 0 17 0 4 4 0 33 0 0 22 63 0 0 0 36 3
0 0 25 9 0 0 0 0 0 0 0 0 0 0 0 15 0 0 0 0 0 0 0 0 0 0 17 0 5 5 0 28 0 0 23 45 0 0 0 33 2
0 0 0 0 0 0 0 0 0 0 0 0 0 0 0 35 0 0 0 0 0 0 0 0 0 0 18 0 0 0 0 19 0 0 121 155 0 12 0 157 51
0 0 23 12 0 0 0 0 0 0 0 0 0 0 0 19 0 0 0 0 0 0 0 0 0 0 19 0 5 4 0 18 0 0 41 35 0 0 0 54 11
3 0 26 6 0 0 0 0 0 0 0 0 0 0 0 14 0 0 0 0 0 0 0 0 0 0 16 0 5 4 0 34 0 0 20 62 0 0 0 31 0
46 0 23 0 0 0 0 0 0 0 0 0 0 0 0 0 0 0 0 0 0 0 20 0 0 23 0 0 0 0 0 77 0 0 9 123 0 0 0 39 0
0 0 24 14 0 0 0 0 0 0 0 0 0 0 0 16 0 0 0 0 0 0 0 0 0 0 18 0 5 4 0 13 0 0 34 9 0 0 0 38 5
14 0 24 2 0 0 0 0 0 0 0 0 0 0 0 10 0 0 0 0 0 0 0 0 0 6 12 0 3 1 0 51 0 0 27 95 0 0 0 33 0
8 0 24 2 0 0 0 0 0 0 0 0 0 0 0 13 0 0 0 0 0 0 0 0 0 5 16 0 4 4 0 45 0 0 20 95 0 0 0 36 1
0 0 26 7 0 0 0 0 0 0 0 0 0 0 0 15 0 0 0 0 0 0 0 0 0 0 17 0 5 5 0 31 0 0 22 56 0 0 0 35 2
0 0 25 12 0 0 0 0 0 0 0 0 0 0 0 15 0 0 0 0 0 0 0 0 0 0 18 0 6 5 0 20 0 0 26 25 0 0 0 32 2
29 0 22 0 0 0 0 0 0 0 0 0 0 0 0 4 0 0 0 0 0 0 6 0 0 14 6 0 1 0 0 62 0 0 19 124 0 0 0 36 0
34 0 22 0 0 0 0 0 0 0 0 0 0 0 0 1 0 0 0 0 0 0 8 0 0 16 3 0 0 0 0 64 0 0 19 123 0 0 0 36 0
9 0 24 3 0 0 0 0 0 0 0 0 0 0 0 12 0 0 0 0 0 0 0 0 0 5 14 0 4 3 0 46 0 0 24 89 0 0 0 33 0
10 0 24 0 0 0 0 0 0 0 0 0 0 0 0 13 0 0 0 0 0 0 0 0 0 8 16 0 4 4 0 46 0 0 16 97 0 0 0 41 2
12 0 23 0 0 0 0 0 0 0 0 0 0 0 0 12 0 0 0 0 0 0 0 0 0 8 15 0 3 3 0 49 0 0 18 104 0 0 0 36 0
3 0 26 6 0 0 0 0 0 0 0 0 0 0 0 14 0 0 0 0 0 0 0 0 0 1 16 0 4 4 0 35 0 0 21 65 0 0 0 33 1
0 0 25 12 0 0 0 0 0 0 0 0 0 0 0 15 0 0 0 0 0 0 0 0 0 0 18 0 6 5 0 19 0 0 25 22 0 0 0 32 2
1 0 26 9 0 0 0 0 0 0 0 0 0 0 0 14 0 0 0 0 0 0 0 0 0 0 17 0 5 4 0 30 0 0 21 46 0 0 0 29 0
0 0 10 8 0 0 0 0 0 0 0 0 0 0 0 28 0 0 0 0 0 0 0 0 0 0 20 0 0 1 0 19 0 0 88 87 0 6 0 111 33
21 0 21 0 0 0 0 0 0 0 0 0 0 0 0 8 0 0 0 0 0 0 3 0 0 13 11 0 2 1 0 58 0 0 14 123 0 0 0 39 0
37 0 23 0 0 0 0 0 0 0 0 0 0 0 0 0 0 0 0 0 0 0 14 0 0 19 2 0 0 0 0 67 0 0 11 124 0 0 0 43 0
8 0 24 1 0 0 0 0 0 0 0 0 0 0 0 13 0 0 0 0 0 0 0 0 0 5 16 0 4 4 0 44 0 0 19 94 0 0 0 38 2
0 0 25 8 0 0 0 0 0 0 0 0 0 0 0 16 0 0 0 0 0 0 0 0 0 0 18 0 5 5 0 25 0 0 26 46 0 0 0 40 5
41 0 23 0 0 0 0 0 0 0 0 0 0 0 0 0 0 0 0 0 0 0 14 0 0 20 0 0 0 0 0 72 0 0 14 126 0 0 0 38 0
31 0 20 0 0 0 0 0 0 0 0 0 0 0 0 3 0 0 0 0 0 0 10 0 0 18 6 0 1 0 0 64 0 0 10 128 0 0 0 40 0
36 0 21 0 0 0 0 0 0 0 0 0 0 0 0 0 0 0 0 0 0 0 10 0 0 17 2 0 0 0 0 67 0 0 17 127 0 0 0 37 0
27 0 21 0 0 0 0 0 0 0 0 0 0 0 0 5 0 0 0 0 0 0 8 0 0 16 8 0 1 0 0 62 0 0 10 125 0 0 0 42 0
8 0 24 1 0 0 0 0 0 0 0 0 0 0 0 13 0 0 0 0 0 0 0 0 0 5 16 0 4 4 0 45 0 0 22 96 0 0 0 37 2
17 0 23 0 0 0 0 0 0 0 0 0 0 0 0 9 0 0 0 0 0 0 1 0 0 11 12 0 2 1 0 58 0 0 19 115 0 0 0 38 0
58 0 24 0 0 0 0 0 0 0 0 0 0 0 0 0 0 0 0 0 0 0 27 0 0 28 0 0 0 0 0 87 0 0 0 122 0 0 0 36 0
43 0 24 0 0 0 0 0 0 0 0 0 0 0 0 0 0 0 0 0 0 0 15 0 0 20 0 0 0 0 0 75 0 0 14 126 0 0 0 36 0
0 0 24 9 0 0 0 0 0 0 0 0 0 0 0 19 0 0 0 0 0 0 0 0 0 0 19 0 3 3 0 16 0 0 45 44 0 0 0 64 15
2 0 26 7 0 0 0 0 0 0 0 0 0 0 0 13 0 0 0 0 0 0 0 0 0 0 17 0 5 4 0 32 0 0 20 53 0 0 0 29 0
10 0 23 1 0 0 0 0 0 0 0 0 0 0 0 12 0 0 0 0 0 0 0 0 0 7 15 0 4 3 0 49 0 0 22 101 0 0 0 37 1
41 0 21 0 0 0 0 0 0 0 0 0 0 0 0 0 0 0 0 0 0 0 18 0 0 23 1 0 0 0 0 72 0 0 0 132 0 0 0 45 0
0 0 26 10 0 0 0 0 0 0 0 0 0 0 0 16 0 0 0 0 0 0 0 0 0 0 18 0 5 5 0 21 0 0 27 37 0 0 0 40 5
23 0 23 0 0 0 0 0 0 0 0 0 0 0 0 6 0 0 0 0 0 0 1 0 0 10 8 0 2 0 0 58 0 0 25 109 0 0 0 33 0
5 0 25 4 0 0 0 0 0 0 0 0 0 0 0 14 0 0 0 0 0 0 0 0 0 2 17 0 4 4 0 38 0 0 20 76 0 0 0 35 2
24 0 24 0 0 0 0 0 0 0 0 0 0 0 0 6 0 0 0 0 0 0 1 0 0 11 8 0 2 0 0 59 0 0 26 111 0 0 0 34 0
0 0 25 10 0 0 0 0 0 0 0 0 0 0 0 15 0 0 0 0 0 0 0 0 0 0 18 0 5 5 0 24 0 0 25 39 0 0 0 34 3
0 0 25 9 0 0 0 0 0 0 0 0 0 0 0 15 0 0 0 0 0 0 0 0 0 0 18 0 5 5 0 26 0 0 24 44 0 0 0 36 3
2 0 26 7 0 0 0 0 0 0 0 0 0 0 0 14 0 0 0 0 0 0 0 0 0 0 17 0 5 4 0 34 0 0 22 61 0 0 0 33 1
0 0 0 3 0 0 0 0 0 0 0 0 0 0 0 31 0 0 0 0 0 0 0 0 0 0 19 0 0 0 0 20 0 0 108 119 0 8 0 137 42
0 0 25 8 0 0 0 0 0 0 0 0 0 0 0 15 0 0 0 0 0 0 0 0 0 0 17 0 5 5 0 28 0 0 24 50 0 0 0 37 4
4 0 25 5 0 0 0 0 0 0 0 0 0 0 0 14 0 0 0 0 0 0 0 0 0 1 17 0 5 4 0 37 0 0 22 70 0 0 0 35 1
36 0 22 0 0 0 0 0 0 0 0 0 0 0 0 0 0 0 0 0 0 0 10 0 0 17 2 0 0 0 0 67 0 0 19 125 0 0 0 37 0
34 0 22 0 0 0 0 0 0 0 0 0 0 0 0 1 0 0 0 0 0 0 11 0 0 18 4 0 0 0 0 66 0 0 13 124 0 0 0 42 0
10 0 26 1 0 0 0 0 0 0 0 0 0 0 0 12 0 0 0 0 0 0 1 0 0 7 15 0 4 4 0 40 0 0 11 77 0 0 0 42 3
0 0 26 9 0 0 0 0 0 0 0 0 0 0 0 14 0 0 0 0 0 0 0 0 0 0 17 0 5 5 0 28 0 0 22 46 0 0 0 32 1
45 0 23 0 0 0 0 0 0 0 0 0 0 0 0 0 0 0 0 0 0 0 21 0 0 24 0 0 0 0 0 75 0 0 4 121 0 0 0 43 0
0 0 25 6 0 0 0 0 0 0 0 0 0 0 0 16 0 0 0 0 0 0 0 0 0 0 18 0 5 5 0 31 0 0 26 65 0 0 0 42 5
0 0 26 8 0 0 0 0 0 0 0 0 0 0 0 14 0 0 0 0 0 0 0 0 0 0 17 0 5 5 0 30 0 0 20 51 0 0 0 30 1
0 0 24 12 0 0 0 0 0 0 0 0 0 0 0 17 0 0 0 0 0 0 0 0 0 0 18 0 5 5 0 18 0 0 34 27 0 0 0 45 7
0 0 0 6 0 0 0 0 0 0 0 0 0 0 0 31 0 0 0 0 0 0 0 0 0 0 19 0 0 0 0 21 0 0 109 109 0 9 0 132 39
68 0 21 0 0 0 0 0 0 0 0 0 0 0 0 0 0 0 0 0 0 0 34 0 0 34 0 1 0 0 0 93 0 0 0 112 0 0 0 30 0
5 0 25 3 0 0 0 0 0 0 0 0 0 0 0 14 0 0 0 0 0 0 0 0 0 3 16 0 4 4 0 41 0 0 21 84 0 0 0 35 1
42 0 22 0 0 0 0 0 0 0 0 0 0 0 0 0 0 0 0 0 0 0 18 0 0 22 0 0 0 0 0 73 0 0 8 127 0 0 0 42 0
45 0 24 0 0 0 0 0 0 0 0 0 0 0 0 0 0 0 0 0 0 0 20 0 0 23 0 0 0 0 0 75 0 0 6 120 0 0 0 42 0
42 0 24 0 0 0 0 0 0 0 0 0 0 0 0 0 0 0 0 0 0 0 18 0 0 21 0 0 0 0 0 74 0 0 9 125 0 0 0 42 0
8 0 27 6 0 0 0 0 0 0 0 0 0 0 0 11 0 0 0 0 0 0 0 0 0 2 14 0 4 3 0 40 0 0 25 67 0 0 0 30 0
0 0 20 12 0 0 0 0 0 0 0 0 0 0 0 23 0 0 0 0 0 0 0 0 0 0 20 0 4 3 0 15 0 0 64 49 0 3 0 78 21
31 0 22 0 0 0 0 0 0 0 0 0 0 0 0 2 0 0 0 0 0 0 6 0 0 14 4 0 1 0 0 63 0 0 22 118 0 0 0 34 0
0 0 21 12 0 0 0 0 0 0 0 0 0 0 0 22 0 0 0 0 0 0 0 0 0 0 20 0 4 3 0 13 0 0 61 38 0 1 0 75 19
22 0 22 0 0 0 0 0 0 0 0 0 0 0 0 7 0 0 0 0 0 0 2 0 0 12 9 0 1 0 0 59 0 0 21 119 0 0 0 37 0
41 0 21 0 0 0 0 0 0 0 0 0 0 0 0 0 0 0 0 0 0 0 16 0 0 22 0 0 0 0 0 73 0 0 8 130 0 0 0 41 0
29 0 22 0 0 0 0 0 0 0 0 0 0 0 0 4 0 0 0 0 0 0 7 0 0 15 6 0 1 0 0 62 0 0 16 122 0 0 0 38 0
6 0 25 2 0 0 0 0 0 0 0 0 0 0 0 14 0 0 0 0 0 0 0 0 0 5 16 0 4 4 0 41 0 0 21 84 0 0 0 41 3
28 0 23 0 0 0 0 0 0 0 0 0 0 0 0 4 0 0 0 0 0 0 5 0 0 14 6 0 1 0 0 63 0 0 21 120 0 0 0 37 0
0 0 13 9 0 0 0 0 0 0 0 0 0 0 0 26 0 0 0 0 0 0 0 0 0 0 20 0 0 1 0 18 0 0 82 76 0 5 0 105 30
37 0 22 0 0 0 0 0 0 0 0 0 0 0 0 0 0 0 0 0 0 0 13 0 0 20 3 0 0 0 0 69 0 0 9 127 0 0 0 42 0
0 0 25 11 0 0 0 0 0 0 0 0 0 0 0 16 0 0 0 0 0 0 0 0 0 0 18 0 5 5 0 20 0 0 27 29 0 0 0 37 4
39 0 25 0 0 0 0 0 0 0 0 0 0 0 0 0 0 0 0 0 0 0 13 0 0 18 0 0 0 0 0 70 0 0 17 119 0 0 0 40 0
14 0 23 0 0 0 0 0 0 0 0 0 0 0 0 10 0 0 0 0 0 0 0 0 0 8 13 0 3 2 0 52 0 0 23 102 0 0 0 36 0
0 0 26 11 0 0 0 0 0 0 0 0 0 0 0 15 0 0 0 0 0 0 0 0 0 0 18 0 6 5 0 22 0 0 24 30 0 0 0 33 2
8 0 25 3 0 0 0 0 0 0 0 0 0 0 0 13 0 0 0 0 0 0 0 0 0 5 15 0 4 3 0 45 0 0 24 91 0 0 0 37 1
29 0 21 0 0 0 0 0 0 0 0 0 0 0 0 4 0 0 0 0 0 0 7 0 0 16 6 0 1 0 0 63 0 0 15 126 0 0 0 37 0
0 0 26 10 0 0 0 0 0 0 0 0 0 0 0 15 0 0 0 0 0 0 0 0 0 0 17 0 5 5 0 23 0 0 22 33 0 0 0 32 2
33 0 22 0 0 0 0 0 0 0 0 0 0 0 0 2 0 0 0 0 0 0 11 0 0 18 5 0 0 0 0 66 0 0 11 128 0 0 0 42 0
0 0 24 12 0 0 0 0 0 0 0 0 0 0 0 16 0 0 0 0 0 0 0 0 0 0 18 0 6 5 0 18 0 0 29 25 0 0 0 38 4
59 0 23 0 0 0 0 0 0 0 0 0 0 0 0 0 0 0 0 0 0 0 29 0 0 30 0 0 0 0 0 86 0 0 0 116 0 0 0 37 0
14 0 25 2 0 0 0 0 0 0 0 0 0 0 0 10 0 0 0 0 0 0 0 0 0 7 12 0 3 1 0 51 0 0 27 93 0 0 0 36 0
0 0 25 10 0 0 0 0 0 0 0 0 0 0 0 15 0 0 0 0 0 0 0 0 0 0 18 0 5 5 0 21 0 0 24 34 0 0 0 35 3
0 0 0 6 0 0 0 0 0 0 0 0 0 0 0 31 0 0 0 0 0 0 0 0 0 0 18 0 0 0 0 22 0 0 108 112 0 9 0 132 39
18 0 23 0 0 0 0 0 0 0 0 0 0 0 0 8 0 0 0 0 0 0 0 0 0 9 10 0 2 0 0 55 0 0 26 109 0 0 0 36 0
43 0 21 0 0 0 0 0 0 0 0 0 0 0 0 0 0 0 0 0 0 0 20 0 0 25 0 0 0 0 0 75 0 0 0 132 0 0 0 45 0
11 0 24 0 0 0 0 0 0 0 0 0 0 0 0 12 0 0 0 0 0 0 0 0 0 7 15 0 4 3 0 49 0 0 19 103 0 0 0 37 1
7 0 25 1 0 0 0 0 0 0 0 0 0 0 0 14 0 0 0 0 0 0 0 0 0 6 17 0 4 4 0 42 0 0 18 88 0 0 0 43 4
34 0 23 0 0 0 0 0 0 0 0 0 0 0 0 1 0 0 0 0 0 0 7 0 0 14 3 0 1 0 0 64 0 0 23 118 0 0 0 34 0
32 0 24 0 0 0 0 0 0 0 0 0 0 0 0 2 0 0 0 0 0 0 9 0 0 15 4 0 1 0 0 62 0 0 17 114 0 0 0 40 0
55 0 24 0 0 0 0 0 0 0 0 0 0 0 0 0 0 0 0 0 0 0 27 0 0 28 0 0 0 0 0 82 0 0 0 115 0 0 0 40 0
0 0 2 6 0 0 0 0 0 0 0 0 0 0 0 30 0 0 0 0 0 0 0 0 0 0 19 0 0 0 0 22 0 0 104 105 0 8 0 128 38
17 0 22 0 0 0 0 0 0 0 0 0 0 0 0 10 0 0 0 0 0 0 1 0 0 11 12 0 2 2 0 56 0 0 17 116 0 0 0 39 1
20 0 21 0 0 0 0 0 0 0 0 0 0 0 0 8 0 0 0 0 0 0 1 0 0 11 10 0 2 0 0 58 0 0 22 122 0 0 0 37 0
0 0 22 14 0 0 0 0 0 0 0 0 0 0 0 21 0 0 0 0 0 0 0 0 0 0 19 0 4 3 0 14 0 0 58 32 0 2 0 70 17
35 0 21 0 0 0 0 0 0 0 0 0 0 0 0 1 0 0 0 0 0 0 12 0 0 19 4 0 0 0 0 68 0 0 9 132 0 0 0 43 0
24 0 25 0 0 0 0 0 0 0 0 0 0 0 0 5 0 0 0 0 0 0 1 0 0 10 8 0 2 0 0 56 0 0 26 100 0 0 0 33 0
0 0 19 11 0 0 0 0 0 0 0 0 0 0 0 24 0 0 0 0 0 0 0 0 0 0 21 0 3 3 0 15 0 0 67 55 0 3 0 85 23
35 0 21 0 0 0 0 0 0 0 0 0 0 0 0 0 0 0 0 0 0 0 11 0 0 18 3 0 0 0 0 67 0 0 14 127 0 0 0 40 0
36 0 23 0 0 0 0 0 0 0 0 0 0 0 0 0 0 0 0 0 0 0 12 0 0 18 3 0 0 0 0 66 0 0 16 123 0 0 0 42 0
43 0 22 0 0 0 0 0 0 0 0 0 0 0 0 0 0 0 0 0 0 0 20 0 0 24 0 0 0 0 0 74 0 0 1 125 0 0 0 45 0
0 0 27 7 0 0 0 0 0 0 0 0 0 0 0 15 0 0 0 0 0 0 0 0 0 0 17 0 5 4 0 32 0 0 22 56 0 0 0 35 2
0 0 0 0 0 0 0 0 0 0 0 0 0 0 0 38 0 0 0 0 0 0 0 0 0 0 17 0 0 0 0 15 0 0 135 180 0 16 0 169 57
40 0 25 0 0 0 0 0 0 0 0 0 0 0 0 0 0 0 0 0 0 0 15 0 0 19 0 0 0 0 0 71 0 0 15 120 0 0 0 41 0
47 0 24 0 0 0 0 0 0 0 0 0 0 0 0 0 0 0 0 0 0 0 21 0 0 24 0 0 0 0 0 76 0 0 4 120 0 0 0 42 0
0 0 25 11 0 0 0 0 0 0 0 0 0 0 0 17 0 0 0 0 0 0 0 0 0 0 18 0 4 4 0 13 0 0 35 24 0 0 0 47 8
0 0 27 11 0 0 0 0 0 0 0 0 0 0 0 14 0 0 0 0 0 0 0 0 0 0 17 0 5 5 0 23 0 0 22 30 0 0 0 31 1
0 0 25 8 0 0 0 0 0 0 0 0 0 0 0 15 0 0 0 0 0 0 0 0 0 0 18 0 5 5 0 27 0 0 24 50 0 0 0 38 4
9 0 24 0 0 0 0 0 0 0 0 0 0 0 0 13 0 0 0 0 0 0 0 0 0 7 16 0 4 4 0 46 0 0 19 95 0 0 0 39 2
9 0 23 1 0 0 0 0 0 0 0 0 0 0 0 13 0 0 0 0 0 0 0 0 0 6 15 0 4 4 0 46 0 0 21 97 0 0 0 36 1
0 0 13 10 0 0 0 0 0 0 0 0 0 0 0 27 0 0 0 0 0 0 0 0 0 0 20 0 1 2 0 19 0 0 84 76 0 6 0 103 29
17 0 26 1 0 0 0 0 0 0 0 0 0 0 0 9 0 0 0 0 0 0 0 0 0 7 11 0 3 1 0 52 0 0 25 95 0 0 0 34 0
33 0 22 0 0 0 0 0 0 0 0 0 0 0 0 2 0 0 0 0 0 0 10 0 0 17 4 0 0 0 0 64 0 0 15 123 0 0 0 40 0
3 0 26 7 0 0 0 0 0 0 0 0 0 0 0 13 0 0 0 0 0 0 0 0 0 0 16 0 5 4 0 33 0 0 20 56 0 0 0 30 0
10 0 23 2 0 0 0 0 0 0 0 0 0 0 0 11 0 0 0 0 0 0 0 0 0 6 14 0 3 3 0 49 0 0 25 99 0 0 0 34 0
0 0 27 7 0 0 0 0 0 0 0 0 0 0 0 15 0 0 0 0 0 0 0 0 0 0 17 0 3 4 0 22 0 0 26 40 0 0 0 46 7
9 0 24 2 0 0 0 0 0 0 0 0 0 0 0 13 0 0 0 0 0 0 0 0 0 5 15 0 4 3 0 46 0 0 22 95 0 0 0 34 0
12 0 24 1 0 0 0 0 0 0 0 0 0 0 0 11 0 0 0 0 0 0 0 0 0 7 14 0 3 2 0 51 0 0 24 102 0 0 0 36 0
0 0 25 11 0 0 0 0 0 0 0 0 0 0 0 17 0 0 0 0 0 0 0 0 0 0 18 0 5 4 0 16 0 0 37 29 0 0 0 52 10
0 0 26 12 0 0 0 0 0 0 0 0 0 0 0 14 0 0 0 0 0 0 0 0 0 0 17 0 6 5 0 21 0 0 23 24 0 0 0 28 0
6 0 25 4 0 0 0 0 0 0 0 0 0 0 0 13 0 0 0 0 0 0 0 0 0 2 16 0 4 4 0 39 0 0 20 76 0 0 0 31 0
0 0 26 8 0 0 0 0 0 0 0 0 0 0 0 14 0 0 0 0 0 0 0 0 0 0 17 0 5 5 0 30 0 0 22 50 0 0 0 32 1
0 0 5 7 0 0 0 0 0 0 0 0 0 0 0 29 0 0 0 0 0 0 0 0 0 0 18 0 0 0 0 21 0 0 101 91 0 6 0 124 36
9 0 24 1 0 0 0 0 0 0 0 0 0 0 0 13 0 0 0 0 0 0 0 0 0 7 15 0 4 4 0 47 0 0 19 98 0 0 0 38 2
0 0 17 12 0 0 0 0 0 0 0 0 0 0 0 25 0 0 0 0 0 0 0 0 0 0 21 0 3 3 0 14 0 0 74 57 0 4 0 90 25
58 0 23 0 0 0 0 0 0 0 0 0 0 0 0 0 0 0 0 0 0 0 27 0 0 29 0 0 0 0 0 87 0 0 0 125 0 0 0 35 0
8 0 24 2 0 0 0 0 0 0 0 0 0 0 0 13 0 0 0 0 0 0 0 0 0 5 15 0 4 4 0 45 0 0 23 94 0 0 0 35 1
13 0 27 5 0 0 0 0 0 0 0 0 0 0 0 9 0 0 0 0 0 0 0 0 0 4 12 0 3 1 0 48 0 0 29 75 0 0 0 31 0
0 0 26 12 0 0 0 0 0 0 0 0 0 0 0 15 0 0 0 0 0 0 0 0 0 0 18 0 6 5 0 21 0 0 27 27 0 0 0 34 3
37 0 23 0 0 0 0 0 0 0 0 0 0 0 0 0 0 0 0 0 0 0 10 0 0 17 1 0 0 0 0 68 0 0 20 124 0 0 0 36 0
15 0 23 0 0 0 0 0 0 0 0 0 0 0 0 11 0 0 0 0 0 0 1 0 0 11 13 0 3 3 0 53 0 0 14 110 0 0 0 39 1
2 0 26 5 0 0 0 0 0 0 0 0 0 0 0 15 0 0 0 0 0 0 0 0 0 1 17 0 5 4 0 36 0 0 23 71 0 0 0 38 3
9 0 23 1 0 0 0 0 0 0 0 0 0 0 0 13 0 0 0 0 0 0 0 0 0 6 15 0 3 3 0 47 0 0 22 100 0 0 0 37 1
39 0 23 0 0 0 0 0 0 0 0 0 0 0 0 0 0 0 0 0 0 0 15 0 0 20 1 0 0 0 0 70 0 0 9 125 0 0 0 42 0
45 0 22 0 0 0 0 0 0 0 0 0 0 0 0 0 0 0 0 0 0 0 17 0 0 22 0 0 0 0 0 75 0 0 11 130 0 0 0 37 0
21 0 22 0 0 0 0 0 0 0 0 0 0 0 0 8 0 0 0 0 0 0 4 0 0 13 10 0 2 1 0 57 0 0 15 118 0 0 0 42 2
27 0 21 0 0 0 0 0 0 0 0 0 0 0 0 5 0 0 0 0 0 0 9 0 0 17 8 0 1 0 0 63 0 0 9 128 0 0 0 43 0
37 0 23 0 0 0 0 0 0 0 0 0 0 0 0 0 0 0 0 0 0 0 11 0 0 17 1 0 0 0 0 68 0 0 19 127 0 0 0 38 0
9 0 25 2 0 0 0 0 0 0 0 0 0 0 0 13 0 0 0 0 0 0 0 0 0 6 15 0 4 4 0 44 0 0 18 88 0 0 0 38 1
36 0 23 0 0 0 0 0 0 0 0 0 0 0 0 0 0 0 0 0 0 0 10 0 0 16 2 0 0 0 0 66 0 0 19 122 0 0 0 37 0
0 0 25 6 0 0 0 0 0 0 0 0 0 0 0 16 0 0 0 0 0 0 0 0 0 0 18 0 5 5 0 31 0 0 25 63 0 0 0 40 5
47 0 23 0 0 0 0 0 0 0 0 0 0 0 0 0 0 0 0 0 0 0 19 0 0 22 0 0 0 0 0 76 0 0 10 122 0 0 0 38 0
30 0 23 0 0 0 0 0 0 0 0 0 0 0 0 3 0 0 0 0 0 0 7 0 0 15 5 0 1 0 0 63 0 0 19 121 0 0 0 38 0
0 0 25 6 0 0 0 0 0 0 0 0 0 0 0 15 0 0 0 0 0 0 0 0 0 0 17 0 4 5 0 34 0 0 22 66 0 0 0 37 3
16 0 24 0 0 0 0 0 0 0 0 0 0 0 0 10 0 0 0 0 0 0 4 0 0 12 14 0 3 3 0 50 0 0 8 100 0 0 0 44 2
13 0 24 0 0 0 0 0 0 0 0 0 0 0 0 12 0 0 0 0 0 0 3 0 0 12 15 0 3 3 0 49 0 0 11 104 0 0 0 47 5
0 0 0 0 0 0 0 0 0 0 0 0 0 0 0 33 0 0 0 0 0 0 0 0 0 0 19 0 0 0 0 17 0 0 113 137 0 7 0 151 48
0 0 26 8 0 0 0 0 0 0 0 0 0 0 0 15 0 0 0 0 0 0 0 0 0 0 17 0 5 4 0 31 0 0 24 53 0 0 0 35 2
12 0 22 0 0 0 0 0 0 0 0 0 0 0 0 11 0 0 0 0 0 0 0 0 0 8 14 0 3 3 0 51 0 0 23 109 0 0 0 38 1
42 0 21 0 0 0 0 0 0 0 0 0 0 0 0 0 0 0 0 0 0 0 19 0 0 23 0 0 0 0 0 74 0 0 2 132 0 0 0 43 0
23 0 23 0 0 0 0 0 0 0 0 0 0 0 0 7 0 0 0 0 0 0 7 0 0 15 10 0 2 0 0 59 0 0 11 117 0 0 0 44 1
14 0 22 0 0 0 0 0 0 0 0 0 0 0 0 10 0 0 0 0 0 0 0 0 0 8 13 0 3 2 0 52 0 0 25 108 0 0 0 37 1
24 0 22 0 0 0 0 0 0 0 0 0 0 0 0 6 0 0 0 0 0 0 3 0 0 13 8 0 1 0 0 60 0 0 22 120 0 0 0 35 0
14 0 22 0 0 0 0 0 0 0 0 0 0 0 0 11 0 0 0 0 0 0 0 0 0 10 14 0 3 3 0 52 0 0 15 110 0 0 0 39 1
0 0 25 8 0 0 0 0 0 0 0 0 0 0 0 15 0 0 0 0 0 0 0 0 0 0 17 0 5 5 0 28 0 0 24 51 0 0 0 37 3
34 0 24 0 0 0 0 0 0 0 0 0 0 0 0 1 0 0 0 0 0 0 9 0 0 16 3 0 0 0 0 64 0 0 20 116 0 0 0 39 0
34 0 22 0 0 0 0 0 0 0 0 0 0 0 0 1 0 0 0 0 0 0 10 0 0 17 3 0 0 0 0 65 0 0 17 123 0 0 0 38 0
2 0 26 6 0 0 0 0 0 0 0 0 0 0 0 14 0 0 0 0 0 0 0 0 0 0 17 0 5 4 0 33 0 0 20 58 0 0 0 31 0
9 0 25 1 0 0 0 0 0 0 0 0 0 0 0 13 0 0 0 0 0 0 0 0 0 6 16 0 4 4 0 43 0 0 17 84 0 0 0 40 2
60 0 23 0 0 0 0 0 0 0 0 0 0 0 0 0 0 0 0 0 0 0 28 0 0 29 0 0 0 0 0 87 0 0 0 120 0 0 0 35 0
0 0 25 9 0 0 0 0 0 0 0 0 0 0 0 15 0 0 0 0 0 0 0 0 0 0 18 0 5 5 0 25 0 0 24 41 0 0 0 35 3
29 0 22 0 0 0 0 0 0 0 0 0 0 0 0 4 0 0 0 0 0 0 6 0 0 15 6 0 1 0 0 62 0 0 17 121 0 0 0 36 0
30 0 21 0 0 0 0 0 0 0 0 0 0 0 0 3 0 0 0 0 0 0 8 0 0 17 6 0 1 0 0 63 0 0 11 127 0 0 0 39 0
32 0 22 0 0 0 0 0 0 0 0 0 0 0 0 2 0 0 0 0 0 0 8 0 0 16 4 0 1 0 0 64 0 0 18 122 0 0 0 37 0
6 0 25 4 0 0 0 0 0 0 0 0 0 0 0 13 0 0 0 0 0 0 0 0 0 3 16 0 4 4 0 41 0 0 21 82 0 0 0 33 0
