0 0 23 0 0 0 0 0 0 0 0 0 0 0 0 0 0 0 0 0 0 0 54 5 2 0 0 0 1 0 0 5 0 7 0 0 0 0 0 0 0
0 0 20 0 0 0 0 0 0 0 0 0 0 0 0 0 0 0 0 0 0 0 51 3 1 0 0 0 1 0 0 3 0 8 0 0 0 0 0 0 0
0 0 22 0 0 0 0 0 0 0 0 0 0 0 0 0 0 0 0 0 0 0 54 4 1 0 0 0 1 0 0 4 0 8 0 0 0 0 0 0 0
0 0 23 0 0 0 0 0 0 0 0 0 0 0 0 0 0 0 0 0 0 0 52 5 2 0 0 0 1 0 0 6 0 7 0 0 0 0 0 0 0
17 0 0 2 7 0 0 6 0 0 3 4 3 18 0 4 0 0 0 0 0 0 0 2 0 11 0 9 3 7 0 3 10 0 17 8 0 0 0 4 0
34 0 0 16 13 0 0 11 0 0 7 8 6 33 0 6 0 0 0 0 0 0 0 0 0 18 0 15 0 16 1 0 9 0 23 16 0 0 0 8 0
0 0 24 0 0 0 0 0 0 0 0 0 0 0 0 0 0 0 0 0 0 0 51 7 2 0 0 0 2 0 0 8 0 6 0 0 0 0 0 0 0
36 0 0 18 13 0 0 12 0 0 7 9 6 35 0 6 0 0 0 0 0 0 0 0 0 19 0 15 0 17 1 0 9 0 23 16 0 0 0 8 0
0 0 23 0 0 0 0 0 0 0 0 0 0 0 0 0 0 0 0 0 0 0 53 6 2 0 0 0 1 0 0 6 0 7 0 0 0 0 0 0 0
0 0 21 0 0 0 0 0 0 0 0 0 0 0 0 0 0 0 0 0 0 0 50 5 2 0 0 0 1 0 0 5 0 7 0 0 0 0 0 0 0
0 0 31 0 0 0 0 0 0 0 0 0 0 0 0 0 0 0 0 0 0 0 45 12 3 1 0 0 5 0 0 19 10 4 0 0 0 0 0 0 0
0 0 22 0 0 0 0 0 0 0 0 0 0 0 0 0 0 0 0 0 0 0 53 5 2 0 0 0 1 0 0 5 0 7 0 0 0 0 0 0 0
0 0 28 0 0 0 0 0 0 0 0 0 0 0 0 0 0 0 0 0 0 0 50 10 3 0 0 0 3 0 0 13 5 5 0 0 0 0 0 0 0
0 0 27 0 0 0 0 0 0 0 0 0 0 0 0 0 0 0 0 0 0 0 48 7 2 0 0 0 3 0 0 11 2 6 0 0 0 0 0 0 0
0 0 31 0 0 0 0 0 0 0 0 0 0 0 0 0 0 0 0 0 0 0 47 12 2 0 0 0 5 0 0 18 9 4 0 0 0 0 0 0 0
0 0 24 0 0 0 0 0 0 0 0 0 0 0 0 0 0 0 0 0 0 0 55 6 2 0 0 0 1 0 0 7 0 7 0 0 0 0 0 0 0
0 0 29 0 0 0 0 0 0 0 0 0 0 0 0 0 0 0 0 0 0 0 48 11 3 0 0 0 4 0 0 16 8 4 0 0 0 0 0 0 0
0 0 33 0 0 0 0 0 0 0 0 0 0 0 0 1 0 0 0 0 0 0 45 11 3 2 0 0 5 0 0 20 8 4 0 0 0 0 0 0 0
0 0 22 0 0 0 0 0 0 0 0 0 0 0 0 0 0 0 0 0 0 0 52 5 2 0 0 0 1 0 0 6 0 7 0 0 0 0 0 0 0
0 0 22 0 0 0 0 0 0 0 0 0 0 0 0 0 0 0 0 0 0 0 52 5 2 0 0 0 1 0 0 5 0 7 0 0 0 0 0 0 0
0 0 22 0 0 0 0 0 0 0 0 0 0 0 0 0 0 0 0 0 0 0 52 5 2 0 0 0 1 0 0 5 0 7 0 0 0 0 0 0 0
0 0 19 0 0 0 0 0 0 0 0 0 0 0 0 0 0 0 0 0 0 0 51 3 1 0 0 0 1 0 0 3 0 8 0 0 1 0 0 0 0
0 0 24 0 0 0 0 3 0 0 0 0 0 0 0 3 0 0 0 0 0 0 21 9 0 6 0 4 4 1 0 19 10 1 5 2 0 0 0 0 0
0 0 29 0 0 0 0 0 0 0 0 0 0 0 0 0 0 0 0 0 0 0 48 11 3 0 0 0 4 0 0 15 7 4 0 0 0 0 0 0 0
0 0 31 0 0 0 0 0 0 0 0 0 0 0 0 2 0 0 0 0 0 0 38 12 2 3 0 1 5 0 0 21 10 3 2 0 0 0 0 0 0
0 0 28 0 0 0 0 0 0 0 0 0 0 0 0 0 0 0 0 0 0 0 52 10 2 0 0 0 3 0 0 12 4 6 0 0 0 0 0 0 0
0 0 26 0 0 0 0 1 0 0 0 0 0 0 0 1 0 0 0 0 0 0 28 11 1 4 0 3 6 0 0 19 11 2 4 0 0 0 0 0 0
0 0 25 0 0 0 0 0 0 0 0 0 0 0 0 0 0 0 0 0 0 0 52 7 3 0 0 0 2 0 0 9 0 6 0 0 0 0 0 0 0
0 0 21 0 0 0 0 0 0 0 0 0 0 0 0 0 0 0 0 0 0 0 53 4 1 0 0 0 1 0 0 4 0 8 0 0 0 0 0 0 0
0 0 19 0 0 0 0 0 0 0 0 0 0 0 0 0 0 0 0 0 0 0 54 2 1 0 0 0 1 0 0 2 0 9 0 0 1 0 0 0 0
0 0 21 0 0 0 0 0 0 0 0 0 0 0 0 0 0 0 0 0 0 0 53 4 1 0 0 0 1 0 0 4 0 8 0 0 0 0 0 0 0
0 0 20 0 0 0 0 0 0 0 0 0 0 0 0 0 0 0 0 0 0 0 53 3 1 0 0 0 1 0 0 3 0 8 0 0 1 0 0 0 0
0 0 22 0 0 0 0 0 0 0 0 0 0 0 0 0 0 0 0 0 0 0 53 5 2 0 0 0 1 0 0 4 0 7 0 0 0 0 0 0 0
0 0 26 0 0 0 0 0 0 0 0 0 0 0 0 0 0 0 0 0 0 0 52 8 3 0 0 0 2 0 0 9 0 6 0 0 0 0 0 0 0
0 0 27 0 0 0 0 0 0 0 0 0 0 0 0 0 0 0 0 0 0 0 49 9 3 0 0 0 3 0 0 12 4 5 0 0 0 0 0 0 0
30 0 0 13 12 0 0 10 0 0 6 7 5 30 0 5 0 0 0 0 0 0 0 0 0 16 0 13 0 14 0 0 9 0 21 14 0 0 0 8 0
30 0 0 13 12 0 0 10 0 0 5 7 5 29 0 6 0 0 0 0 0 0 0 0 0 17 0 13 0 14 1 0 9 0 20 14 0 0 0 8 0
0 0 22 0 0 0 0 0 0 0 0 0 0 0 0 0 0 0 0 0 0 0 50 5 2 0 0 0 1 0 0 6 0 7 0 0 0 0 0 0 0
18 0 0 7 8 0 0 8 0 0 2 3 3 20 0 5 0 0 0 0 0 0 0 0 0 12 0 9 2 9 0 4 8 0 14 11 0 0 0 8 0
18 0 0 6 8 0 0 7 0 0 3 4 3 20 0 5 0 0 0 0 0 0 0 0 0 12 0 9 2 9 0 4 8 0 15 10 0 0 0 7 0
0 0 31 0 0 0 0 0 0 0 0 0 0 0 0 1 0 0 0 0 0 0 41 12 2 3 0 2 5 0 0 21 10 3 2 0 0 0 0 0 0
0 0 29 0 0 0 0 0 0 0 0 0 0 0 0 0 0 0 0 0 0 0 48 11 3 0 0 0 4 0 0 15 7 4 0 0 0 0 0 0 0
18 0 0 9 8 0 0 10 0 0 2 3 3 22 0 8 0 0 0 0 0 0 0 0 0 15 0 11 1 12 0 10 7 0 14 15 0 0 0 11 0
0 0 22 0 0 0 0 0 0 0 0 0 0 0 0 0 0 0 0 0 0 0 52 5 2 0 0 0 1 0 0 5 0 7 0 0 0 0 0 0 0
0 0 29 0 0 0 0 1 0 0 0 0 0 0 0 2 0 0 0 0 0 0 34 11 1 4 0 2 5 0 0 21 10 2 3 0 0 0 0 0 0
0 0 27 0 0 0 0 0 0 0 0 0 0 0 0 0 0 0 0 0 0 0 51 8 3 0 0 0 3 0 0 11 3 5 0 0 0 0 0 0 0
0 0 30 0 0 0 0 2 0 0 0 0 0 0 0 2 0 0 0 0 0 0 28 12 2 5 0 2 6 0 0 22 12 3 5 0 0 0 0 0 0
0 0 20 0 0 0 0 0 0 0 0 0 0 0 0 0 0 0 0 0 0 0 53 2 1 0 0 0 1 0 0 3 0 9 0 0 0 0 0 0 0
0 0 21 0 0 0 0 0 0 0 0 0 0 0 0 0 0 0 0 0 0 0 53 4 1 0 0 0 1 0 0 3 0 8 0 0 1 0 0 0 0
0 0 25 0 0 0 0 0 0 0 0 0 0 0 0 0 0 0 0 0 0 0 51 8 3 0 0 0 2 0 0 9 1 6 0 0 0 0 0 0 0
0 0 21 0 0 0 0 0 0 0 0 0 0 0 0 0 0 0 0 0 0 0 52 4 2 0 0 0 1 0 0 4 0 7 0 0 0 0 0 0 0
0 0 30 0 0 0 0 0 0 0 0 0 0 0 0 0 0 0 0 0 0 0 46 11 3 0 0 0 5 0 0 17 9 4 0 0 0 0 0 0 0
0 0 20 0 0 0 0 0 0 0 0 0 0 0 0 0 0 0 0 0 0 0 52 4 1 0 0 0 1 0 0 4 0 7 0 0 0 0 0 0 0
0 0 23 0 0 0 0 0 0 0 0 0 0 0 0 0 0 0 0 0 0 0 52 5 2 0 0 0 1 0 0 6 0 7 0 0 0 0 0 0 0
0 0 20 0 0 0 0 0 0 0 0 0 0 0 0 0 0 0 0 0 0 0 53 3 1 0 0 0 1 0 0 3 0 8 0 0 1 0 0 0 0
0 0 22 0 0 0 0 0 0 0 0 0 0 0 0 0 0 0 0 0 0 0 53 5 2 0 0 0 1 0 0 5 0 7 0 0 0 0 0 0 0
0 0 27 0 0 0 0 0 0 0 0 0 0 0 0 0 0 0 0 0 0 0 52 8 3 0 0 0 2 0 0 11 0 6 0 0 0 0 0 0 0
19 0 0 8 9 0 0 8 0 0 3 4 4 22 0 6 0 0 0 0 0 0 0 0 0 12 0 9 1 11 0 3 7 0 14 12 0 0 0 9 0
0 0 25 0 0 0 0 0 0 0 0 0 0 0 0 0 0 0 0 0 0 0 49 8 2 0 0 0 2 0 0 9 1 5 0 0 0 0 0 0 0
0 0 30 0 0 0 0 0 0 0 0 0 0 0 0 2 0 0 0 0 0 0 35 11 2 4 0 0 6 0 0 20 10 3 2 0 0 0 0 0 0
0 0 23 0 0 0 0 0 0 0 0 0 0 0 0 0 0 0 0 0 0 0 51 6 2 0 0 0 2 0 0 7 0 7 0 0 0 0 0 0 0
19 0 0 4 7 0 0 7 0 0 4 4 3 20 0 4 0 0 0 0 0 0 0 1 0 11 0 10 2 8 0 2 11 0 18 9 0 0 0 4 0
26 0 0 12 12 0 0 9 0 0 4 6 5 28 0 6 0 0 0 0 0 0 0 0 0 15 0 11 0 13 0 0 7 0 18 14 0 0 0 9 0
0 0 29 0 0 0 0 2 0 0 0 0 0 0 0 3 0 0 0 0 0 0 32 11 1 5 0 3 5 0 0 22 10 2 4 1 0 0 0 0 0
0 0 29 0 0 0 0 0 0 0 0 0 0 0 0 0 0 0 0 0 0 0 47 11 2 0 0 0 4 0 0 16 7 5 0 0 0 0 0 0 0
30 0 0 15 12 0 0 10 0 0 5 6 5 30 0 6 0 0 0 0 0 0 0 0 0 16 0 13 0 14 0 0 7 0 18 16 0 0 0 10 0
0 0 23 0 0 0 0 2 0 0 0 0 0 0 0 2 0 0 0 0 0 0 22 9 0 5 0 3 5 1 0 18 10 1 5 1 0 0 0 0 0
16 0 0 3 6 0 0 6 0 0 3 3 3 17 0 3 0 0 0 0 0 0 0 2 0 9 0 8 3 7 0 4 10 0 16 8 0 0 0 3 0
9 0 5 0 3 0 0 4 0 0 0 2 1 10 0 3 0 0 0 0 0 0 0 5 0 8 0 6 4 5 0 9 9 0 11 6 0 0 0 2 0
24 0 0 8 10 0 0 8 0 0 4 5 4 25 0 4 0 0 0 0 0 0 0 0 0 13 0 10 0 11 0 0 9 0 18 11 0 0 0 7 0
0 0 23 0 0 0 0 0 0 0 0 0 0 0 0 0 0 0 0 0 0 0 53 6 2 0 0 0 1 0 0 6 0 7 0 0 0 0 0 0 0
0 0 30 0 0 0 0 0 0 0 0 0 0 0 0 2 0 0 0 0 0 0 39 11 2 3 0 2 5 0 0 21 10 3 2 0 0 0 0 0 0
0 0 23 0 0 0 0 0 0 0 0 0 0 0 0 0 0 0 0 0 0 0 52 6 2 0 0 0 2 0 0 7 0 7 0 0 0 0 0 0 0
0 0 20 0 0 0 0 0 0 0 0 0 0 0 0 0 0 0 0 0 0 0 53 3 1 0 0 0 1 0 0 3 0 8 0 0 1 0 0 0 0
0 0 23 0 0 0 0 0 0 0 0 0 0 0 0 0 0 0 0 0 0 0 52 6 2 0 0 0 1 0 0 6 0 7 0 0 0 0 0 0 0
0 0 22 0 0 0 0 0 0 0 0 0 0 0 0 0 0 0 0 0 0 0 51 6 2 0 0 0 1 0 0 6 0 7 0 0 0 0 0 0 0
0 0 23 0 0 0 0 0 0 0 0 0 0 0 0 0 0 0 0 0 0 0 50 6 2 0 0 0 2 0 0 7 0 6 0 0 0 0 0 0 0
0 0 20 0 0 0 0 0 0 0 0 0 0 0 0 0 0 0 0 0 0 0 54 3 1 0 0 0 1 0 0 3 0 8 0 0 1 0 0 0 0
0 0 21 0 0 0 0 0 0 0 0 0 0 0 0 0 0 0 0 0 0 0 54 4 1 0 0 0 1 0 0 4 0 8 0 0 0 0 0 0 0
25 0 0 10 11 0 0 9 0 0 4 5 5 26 0 5 0 0 0 0 0 0 0 0 0 14 0 11 0 12 0 0 8 0 18 12 0 0 0 8 0
0 0 21 0 0 0 0 0 0 0 0 0 0 0 0 0 0 0 0 0 0 0 53 4 1 0 0 0 1 0 0 4 0 8 0 0 0 0 0 0 0
0 0 30 0 0 0 0 0 0 0 0 0 0 0 0 1 0 0 0 0 0 0 35 12 2 4 0 1 6 0 0 20 11 3 3 0 0 0 0 0 0
0 0 22 0 0 0 0 0 0 0 0 0 0 0 0 0 0 0 0 0 0 0 54 4 2 0 0 0 1 0 0 5 0 8 0 0 0 0 0 0 0
1 0 18 0 0 0 0 2 0 0 0 0 0 0 0 2 0 0 0 0 0 0 12 9 0 6 0 4 5 0 0 14 11 1 8 1 0 0 0 0 0
0 0 29 0 0 0 0 0 0 0 0 0 0 0 0 0 0 0 0 0 0 0 51 10 2 0 0 0 3 0 0 14 5 5 0 0 0 0 0 0 0
0 0 27 0 0 0 0 0 0 0 0 0 0 0 0 0 0 0 0 0 0 0 51 9 3 0 0 0 3 0 0 12 4 5 0 0 0 0 0 0 0
0 0 24 0 0 0 0 0 0 0 0 0 0 0 0 0 0 0 0 0 0 0 51 7 2 0 0 0 2 0 0 8 0 6 0 0 0 0 0 0 0
0 0 21 0 0 0 0 0 0 0 0 0 0 0 0 0 0 0 0 0 0 0 52 4 1 0 0 0 1 0 0 4 0 8 0 0 0 0 0 0 0
0 0 29 0 0 0 0 1 0 0 0 0 0 0 0 2 0 0 0 0 0 0 35 11 1 4 0 3 5 0 0 20 10 3 3 0 0 0 0 0 0
0 0 21 0 0 0 0 0 0 0 0 0 0 0 0 0 0 0 0 0 0 0 53 3 1 0 0 0 1 0 0 3 0 8 0 0 0 0 0 0 0
50 0 0 29 17 0 0 15 0 0 10 13 8 46 0 8 0 0 0 0 0 0 0 0 0 25 0 21 0 23 2 0 8 0 28 23 0 0 0 11 0
32 0 0 15 12 0 0 11 0 0 6 7 6 32 0 6 0 0 0 0 0 0 0 0 0 16 0 13 0 15 0 0 8 0 21 14 0 0 0 9 0
0 0 23 0 0 0 0 0 0 0 0 0 0 0 0 0 0 0 0 0 0 0 54 6 2 0 0 0 1 0 0 6 0 7 0 0 0 0 0 0 0
0 0 23 0 0 0 0 0 0 0 0 0 0 0 0 0 0 0 0 0 0 0 53 6 2 0 0 0 1 0 0 6 0 7 0 0 0 0 0 0 0
0 0 21 0 0 0 0 0 0 0 0 0 0 0 0 0 0 0 0 0 0 0 53 4 1 0 0 0 1 0 0 4 0 8 0 0 0 0 0 0 0
0 0 31 0 0 0 0 0 0 0 0 0 0 0 0 0 0 0 0 0 0 0 45 12 2 1 0 0 5 0 0 19 10 4 0 0 0 0 0 0 0
8 0 9 1 2 0 0 6 0 0 0 0 1 9 0 5 0 0 0 0 0 0 0 4 0 9 0 7 3 5 0 13 9 0 10 7 0 0 0 4 0
46 0 0 25 15 0 0 14 0 0 10 12 8 43 0 6 0 0 0 0 0 0 0 0 0 22 0 19 0 21 1 0 10 0 28 20 0 0 0 9 0
0 0 21 0 0 0 0 0 0 0 0 0 0 0 0 0 0 0 0 0 0 0 52 4 2 0 0 0 1 0 0 4 0 7 0 0 0 0 0 0 0
0 0 22 0 0 0 0 0 0 0 0 0 0 0 0 0 0 0 0 0 0 0 53 5 2 0 0 0 1 0 0 5 0 7 0 0 0 0 0 0 0
0 0 25 0 0 0 0 0 0 0 0 0 0 0 0 0 0 0 0 0 0 0 52 7 2 0 0 0 2 0 0 8 0 7 0 0 0 0 0 0 0
22 0 0 9 10 0 0 8 0 0 3 5 4 24 0 6 0 0 0 0 0 0 0 0 0 13 0 10 1 11 0 1 7 0 16 12 0 0 0 9 0
0 0 23 0 0 0 0 0 0 0 0 0 0 0 0 0 0 0 0 0 0 0 49 7 2 0 0 0 2 0 0 7 0 6 0 0 0 0 0 0 0
0 0 22 0 0 0 0 0 0 0 0 0 0 0 0 0 0 0 0 0 0 0 52 5 1 0 0 0 1 0 0 5 0 7 0 0 0 0 0 0 0
0 0 29 0 0 0 0 0 0 0 0 0 0 0 0 0 0 0 0 0 0 0 51 10 3 0 0 0 3 0 0 13 5 5 0 0 0 0 0 0 0
0 0 24 0 0 0 0 0 0 0 0 0 0 0 0 0 0 0 0 0 0 0 53 6 2 0 0 0 1 0 0 6 0 7 0 0 0 0 0 0 0
0 0 23 0 0 0 0 2 0 0 0 0 0 0 0 3 0 0 0 0 0 0 20 9 0 6 0 4 5 1 0 18 10 1 5 2 0 0 0 0 0
0 0 19 0 0 0 0 0 0 0 0 0 0 0 0 0 0 0 0 0 0 0 51 2 1 0 0 0 1 0 0 3 0 9 0 0 0 0 0 0 0
21 0 0 10 10 0 0 9 0 0 3 4 4 24 0 6 0 0 0 0 0 0 0 0 0 14 0 10 0 12 0 3 7 0 15 13 0 0 0 10 0
0 0 22 0 0 0 0 0 0 0 0 0 0 0 0 0 0 0 0 0 0 0 51 6 2 0 0 0 2 0 0 6 0 7 0 0 0 0 0 0 0
20 0 0 8 9 0 0 8 0 0 3 4 4 22 0 5 0 0 0 0 0 0 0 0 0 13 0 10 1 10 0 1 7 0 15 11 0 0 0 8 0
53 0 0 29 16 0 0 16 0 0 12 14 9 48 0 7 0 0 0 0 0 0 0 0 0 25 0 22 0 24 2 0 10 0 31 22 0 0 0 9 0
0 0 27 0 0 0 0 0 0 0 0 0 0 0 0 0 0 0 0 0 0 0 51 8 3 0 0 0 3 0 0 11 1 6 0 0 0 0 0 0 0
19 0 0 9 9 0 0 9 0 0 2 4 3 22 0 7 0 0 0 0 0 0 0 0 0 13 0 10 1 11 0 6 7 0 14 13 0 0 0 10 0
0 0 25 0 0 0 0 0 0 0 0 0 0 0 0 0 0 0 0 0 0 0 50 8 2 0 0 0 3 0 0 10 2 6 0 0 0 0 0 0 0
0 0 21 0 0 0 0 0 0 0 0 0 0 0 0 0 0 0 0 0 0 0 54 4 1 0 0 0 1 0 0 4 0 8 0 0 0 0 0 0 0
24 0 0 7 10 0 0 8 0 0 5 5 4 25 0 4 0 0 0 0 0 0 0 0 0 13 0 11 0 10 0 0 10 0 20 10 0 0 0 6 0
0 0 20 0 0 0 0 0 0 0 0 0 0 0 0 0 0 0 0 0 0 0 52 4 1 0 0 0 1 0 0 4 0 7 0 0 0 0 0 0 0
11 0 3 1 4 0 0 5 0 0 1 2 1 13 0 3 0 0 0 0 0 0 0 4 0 8 0 6 4 6 0 9 10 0 12 7 0 0 0 3 0
0 0 26 0 0 0 0 0 0 0 0 0 0 0 0 0 0 0 0 0 0 0 53 7 3 0 0 0 2 0 0 10 0 6 0 0 0 0 0 0 0
0 0 23 0 0 0 0 2 0 0 0 0 0 0 0 2 0 0 0 0 0 0 18 10 1 5 0 3 6 0 0 18 11 2 6 0 0 0 0 0 0
0 0 25 0 0 0 0 0 0 0 0 0 0 0 0 0 0 0 0 0 0 0 52 7 2 0 0 0 2 0 0 8 0 6 0 0 0 0 0 0 0
0 0 25 0 0 0 0 0 0 0 0 0 0 0 0 0 0 0 0 0 0 0 53 7 2 0 0 0 2 0 0 8 0 6 0 0 0 0 0 0 0
23 0 0 10 10 0 0 9 0 0 3 5 4 24 0 6 0 0 0 0 0 0 0 0 0 14 0 11 0 12 0 1 7 0 16 13 0 0 0 9 0
0 0 21 0 0 0 0 0 0 0 0 0 0 0 0 0 0 0 0 0 0 0 53 4 1 0 0 0 1 0 0 4 0 8 0 0 0 0 0 0 0
0 0 21 0 0 0 0 0 0 0 0 0 0 0 0 0 0 0 0 0 0 0 52 4 1 0 0 0 1 0 0 4 0 7 0 0 0 0 0 0 0
37 0 0 19 14 0 0 12 0 0 7 9 6 36 0 6 0 0 0 0 0 0 0 0 0 19 0 15 0 17 1 0 8 0 23 17 0 0 0 9 0
0 0 31 0 0 0 0 0 0 0 0 0 0 0 0 0 0 0 0 0 0 0 47 10 3 0 0 0 4 0 0 18 8 5 0 0 0 0 0 0 0
0 0 21 0 0 0 0 0 0 0 0 0 0 0 0 0 0 0 0 0 0 0 49 4 1 0 0 0 1 0 0 6 0 7 0 0 0 0 0 0 0
34 0 0 16 13 0 0 11 0 0 6 8 6 34 0 6 0 0 0 0 0 0 0 0 0 17 0 14 0 16 1 0 8 0 22 16 0 0 0 9 0
0 0 21 0 0 0 0 0 0 0 0 0 0 0 0 0 0 0 0 0 0 0 53 4 1 0 0 0 1 0 0 4 0 8 0 0 0 0 0 0 0
0 0 22 0 0 0 0 0 0 0 0 0 0 0 0 0 0 0 0 0 0 0 54 4 2 0 0 0 1 0 0 4 0 8 0 0 0 0 0 0 0
0 0 30 0 0 0 0 0 0 0 0 0 0 0 0 0 0 0 0 0 0 0 50 10 3 0 0 0 4 0 0 15 6 5 0 0 0 0 0 0 0
0 0 22 0 0 0 0 0 0 0 0 0 0 0 0 0 0 0 0 0 0 0 54 5 2 0 0 0 1 0 0 4 0 7 0 0 0 0 0 0 0
0 0 22 0 0 0 0 0 0 0 0 0 0 0 0 0 0 0 0 0 0 0 54 5 2 0 0 0 1 0 0 5 0 7 0 0 0 0 0 0 0
0 0 31 0 0 0 0 0 0 0 0 0 0 0 0 1 0 0 0 0 0 0 41 12 1 3 0 2 5 0 0 21 10 3 2 0 0 0 0 0 0
0 0 22 0 0 0 0 0 0 0 0 0 0 0 0 0 0 0 0 0 0 0 52 5 2 0 0 0 1 0 0 5 0 7 0 0 0 0 0 0 0
0 0 31 0 0 0 0 0 0 0 0 0 0 0 0 0 0 0 0 0 0 0 45 12 2 1 0 0 5 0 0 19 10 4 0 0 0 0 0 0 0
0 0 24 0 0 0 0 0 0 0 0 0 0 0 0 0 0 0 0 0 0 0 52 7 2 0 0 0 2 0 0 7 0 7 0 0 0 0 0 0 0
19 0 0 9 9 0 0 10 0 0 2 3 3 23 0 7 0 0 0 0 0 0 0 0 0 14 0 11 1 12 0 8 7 0 14 14 0 0 0 11 0
48 0 0 28 16 0 0 15 0 0 10 12 8 45 0 7 0 0 0 0 0 0 0 0 0 23 0 20 0 23 2 0 8 0 27 22 0 0 0 11 0
0 0 20 0 0 0 0 0 0 0 0 0 0 0 0 0 0 0 0 0 0 0 53 4 1 0 0 0 1 0 0 3 0 8 0 0 0 0 0 0 0
0 0 28 0 0 0 0 0 0 0 0 0 0 0 0 0 0 0 0 0 0 0 49 9 3 0 0 0 4 0 0 13 5 5 0 0 0 0 0 0 0
0 0 29 0 0 0 0 0 0 0 0 0 0 0 0 0 0 0 0 0 0 0 43 11 2 1 0 0 4 0 0 17 9 4 0 0 0 0 0 0 0
0 0 21 0 0 0 0 0 0 0 0 0 0 0 0 0 0 0 0 0 0 0 52 3 1 0 0 0 1 0 0 3 0 8 0 0 0 0 0 0 0
0 0 25 0 0 0 0 1 0 0 0 0 0 0 0 2 0 0 0 0 0 0 26 11 1 5 0 2 6 0 0 18 11 2 5 0 0 0 0 0 0
0 0 30 0 0 0 0 0 0 0 0 0 0 0 0 0 0 0 0 0 0 0 46 11 3 0 0 0 5 0 0 17 9 4 0 0 0 0 0 0 0
0 0 31 0 0 0 0 0 0 0 0 0 0 0 0 0 0 0 0 0 0 0 44 12 3 1 0 0 5 0 0 19 10 3 0 0 0 0 0 0 0
11 0 2 1 4 0 0 5 0 0 1 2 2 12 0 3 0 0 0 0 0 0 0 4 0 8 0 7 4 5 0 7 10 0 12 7 0 0 0 3 0
0 0 22 0 0 0 0 0 0 0 0 0 0 0 0 0 0 0 0 0 0 0 52 5 2 0 0 0 1 0 0 5 0 7 0 0 0 0 0 0 0
0 0 24 0 0 0 0 0 0 0 0 0 0 0 0 0 0 0 0 0 0 0 51 6 2 0 0 0 2 0 0 7 0 6 0 0 0 0 0 0 0
23 0 0 12 11 0 0 10 0 0 3 5 4 26 0 8 0 0 0 0 0 0 0 0 0 15 0 12 0 13 0 4 6 0 15 15 0 0 0 12 0
0 0 27 0 0 0 0 0 0 0 0 0 0 0 0 0 0 0 0 0 0 0 49 9 3 0 0 0 3 0 0 11 3 5 0 0 0 0 0 0 0
0 0 21 0 0 0 0 0 0 0 0 0 0 0 0 0 0 0 0 0 0 0 53 4 1 0 0 0 1 0 0 4 0 8 0 0 0 0 0 0 0
0 0 26 0 0 0 0 1 0 0 0 0 0 0 0 2 0 0 0 0 0 0 25 11 1 5 0 2 6 0 0 18 12 3 5 0 0 0 0 0 0
0 0 31 0 0 0 0 0 0 0 0 0 0 0 0 0 0 0 0 0 0 0 48 12 3 0 0 0 5 0 0 18 9 4 0 0 0 0 0 0 0
0 0 21 0 0 0 0 0 0 0 0 0 0 0 0 0 0 0 0 0 0 0 53 4 1 0 0 0 1 0 0 4 0 8 0 0 0 0 0 0 0
16 0 0 5 7 0 0 7 0 0 2 3 3 18 0 5 0 0 0 0 0 0 0 0 0 11 0 8 2 8 0 5 8 0 14 9 0 0 0 6 0
0 0 28 0 0 0 0 0 0 0 0 0 0 0 0 0 0 0 0 0 0 0 48 10 3 0 0 0 3 0 0 13 5 5 0 0 0 0 0 0 0
0 0 30 0 0 0 0 0 0 0 0 0 0 0 0 0 0 0 0 0 0 0 48 10 3 0 0 0 4 0 0 16 6 5 0 0 0 0 0 0 0
0 0 24 0 0 0 0 0 0 0 0 0 0 0 0 0 0 0 0 0 0 0 53 5 2 0 0 0 1 0 0 7 0 7 0 0 0 0 0 0 0
0 0 23 0 0 0 0 0 0 0 0 0 0 0 0 0 0 0 0 0 0 0 51 6 2 0 0 0 1 0 0 6 0 6 0 0 0 0 0 0 0
0 0 23 0 0 0 0 0 0 0 0 0 0 0 0 0 0 0 0 0 0 0 54 5 2 0 0 0 1 0 0 5 0 7 0 0 0 0 0 0 0
0 0 21 0 0 0 0 0 0 0 0 0 0 0 0 0 0 0 0 0 0 0 51 4 2 0 0 0 1 0 0 5 0 7 0 0 0 0 0 0 0
0 0 28 0 0 0 0 0 0 0 0 0 0 0 0 0 0 0 0 0 0 0 49 9 3 0 0 0 3 0 0 12 5 5 0 0 0 0 0 0 0
0 0 25 0 0 0 0 0 0 0 0 0 0 0 0 0 0 0 0 0 0 0 54 6 2 0 0 0 1 0 0 7 0 7 0 0 0 0 0 0 0
0 0 24 0 0 0 0 0 0 0 0 0 0 0 0 0 0 0 0 0 0 0 50 7 2 0 0 0 2 0 0 8 0 6 0 0 0 0 0 0 0
0 0 22 0 0 0 0 0 0 0 0 0 0 0 0 0 0 0 0 0 0 0 52 5 2 0 0 0 1 0 0 6 0 7 0 0 0 0 0 0 0
0 0 24 0 0 0 0 0 0 0 0 0 0 0 0 0 0 0 0 0 0 0 52 6 2 0 0 0 1 0 0 7 0 7 0 0 0 0 0 0 0
0 0 29 0 0 0 0 0 0 0 0 0 0 0 0 0 0 0 0 0 0 0 49 10 3 0 0 0 4 0 0 15 6 5 0 0 0 0 0 0 0
0 0 24 0 0 0 0 4 0 0 0 0 0 0 0 4 0 0 0 0 0 0 21 9 0 7 0 5 4 2 0 20 10 1 6 3 0 0 0 1 0
0 0 24 0 0 0 0 0 0 0 0 0 0 0 0 0 0 0 0 0 0 0 52 6 2 0 0 0 1 0 0 7 0 7 0 0 0 0 0 0 0
15 0 0 6 6 0 0 7 0 0 1 2 2 17 0 5 0 0 0 0 0 0 0 0 0 10 0 8 2 8 0 6 7 0 12 9 0 0 0 7 0
0 0 31 0 0 0 0 0 0 0 0 0 0 0 0 0 0 0 0 0 0 0 49 11 3 0 0 0 4 0 0 17 8 4 0 0 0 0 0 0 0
0 0 21 0 0 0 0 0 0 0 0 0 0 0 0 0 0 0 0 0 0 0 55 4 1 0 0 0 1 0 0 3 0 8 0 0 1 0 0 0 0
0 0 29 0 0 0 0 0 0 0 0 0 0 0 0 1 0 0 0 0 0 0 37 11 1 3 0 2 5 0 0 20 10 3 2 0 0 0 0 0 0
0 0 21 0 0 0 0 0 0 0 0 0 0 0 0 0 0 0 0 0 0 0 53 4 1 0 0 0 1 0 0 4 0 8 0 0 0 0 0 0 0
0 0 23 0 0 0 0 0 0 0 0 0 0 0 0 0 0 0 0 0 0 0 52 7 2 0 0 0 2 0 0 7 0 7 0 0 0 0 0 0 0
0 0 22 0 0 0 0 0 0 0 0 0 0 0 0 0 0 0 0 0 0 0 54 5 2 0 0 0 1 0 0 5 0 7 0 0 0 0 0 0 0
0 0 23 0 0 0 0 0 0 0 0 0 0 0 0 0 0 0 0 0 0 0 50 6 2 0 0 0 2 0 0 7 0 6 0 0 0 0 0 0 0
0 0 25 0 0 0 0 0 0 0 0 0 0 0 0 0 0 0 0 0 0 0 51 8 2 0 0 0 2 0 0 9 0 6 0 0 0 0 0 0 0
0 0 21 0 0 0 0 0 0 0 0 0 0 0 0 0 0 0 0 0 0 0 54 3 1 0 0 0 1 0 0 3 0 8 0 0 0 0 0 0 0
42 0 0 23 15 0 0 14 0 0 8 10 7 40 0 7 0 0 0 0 0 0 0 0 0 21 0 17 0 20 1 0 8 0 25 19 0 0 0 10 0
0 0 22 0 0 0 0 0 0 0 0 0 0 0 0 0 0 0 0 0 0 0 53 4 2 0 0 0 1 0 0 4 0 7 0 0 0 0 0 0 0
0 0 20 0 0 0 0 0 0 0 0 0 0 0 0 0 0 0 0 0 0 0 51 3 1 0 0 0 1 0 0 3 0 7 0 0 0 0 0 0 0
0 0 24 0 0 0 0 0 0 0 0 0 0 0 0 0 0 0 0 0 0 0 51 7 2 0 0 0 2 0 0 7 0 6 0 0 0 0 0 0 0
53 0 0 28 16 0 0 16 0 0 12 14 9 49 0 7 0 0 0 0 0 0 0 0 0 25 0 22 0 24 2 0 11 0 33 22 0 0 0 9 0
0 0 22 0 0 0 0 0 0 0 0 0 0 0 0 0 0 0 0 0 0 0 53 5 2 0 0 0 1 0 0 5 0 7 0 0 0 0 0 0 0
33 0 0 13 12 0 0 11 0 0 8 8 6 33 0 5 0 0 0 0 0 0 0 0 0 16 0 14 0 15 0 0 10 0 24 13 0 0 0 7 0
26 0 0 10 11 0 0 9 0 0 5 6 5 26 0 5 0 0 0 0 0 0 0 0 0 14 0 11 0 12 0 0 8 0 19 12 0 0 0 7 0
0 0 21 0 0 0 0 0 0 0 0 0 0 0 0 0 0 0 0 0 0 0 52 4 2 0 0 0 1 0 0 4 0 7 0 0 0 0 0 0 0
0 0 22 0 0 0 0 0 0 0 0 0 0 0 0 0 0 0 0 0 0 0 53 5 2 0 0 0 1 0 0 5 0 7 0 0 0 0 0 0 0
48 0 0 26 15 0 0 15 0 0 11 12 9 45 0 7 0 0 0 0 0 0 0 0 0 24 0 20 0 22 1 0 11 0 30 20 0 0 0 9 0
9 0 5 0 3 0 0 4 0 0 1 2 1 10 0 3 0 0 0 0 0 0 0 5 0 8 0 6 4 4 0 9 11 0 12 5 0 0 0 1 0
0 0 23 0 0 0 0 0 0 0 0 0 0 0 0 0 0 0 0 0 0 0 52 6 2 0 0 0 1 0 0 6 0 7 0 0 0 0 0 0 0
0 0 22 0 0 0 0 0 0 0 0 0 0 0 0 0 0 0 0 0 0 0 52 5 2 0 0 0 1 0 0 5 0 7 0 0 0 0 0 0 0
0 0 28 0 0 0 0 2 0 0 0 0 0 0 0 2 0 0 0 0 0 0 27 11 2 5 0 2 6 0 0 20 11 3 5 0 0 0 0 0 0
0 0 20 0 0 0 0 0 0 0 0 0 0 0 0 0 0 0 0 0 0 0 54 3 1 0 0 0 1 0 0 3 0 9 0 0 1 0 0 0 0
0 0 31 0 0 0 0 0 0 0 0 0 0 0 0 1 0 0 0 0 0 0 41 12 2 3 0 1 5 0 0 21 10 3 2 0 0 0 0 0 0
0 0 28 0 0 0 0 0 0 0 0 0 0 0 0 0 0 0 0 0 0 0 47 10 3 0 0 0 4 0 0 14 6 4 0 0 0 0 0 0 0
0 0 22 0 0 0 0 0 0 0 0 0 0 0 0 0 0 0 0 0 0 0 53 5 2 0 0 0 1 0 0 5 0 7 0 0 0 0 0 0 0
0 0 29 0 0 0 0 0 0 0 0 0 0 0 0 1 0 0 0 0 0 0 38 11 2 3 0 1 5 0 0 20 10 3 2 0 0 0 0 0 0
0 0 29 0 0 0 0 0 0 0 0 0 0 0 0 1 0 0 0 0 0 0 36 11 1 3 0 2 5 0 0 20 10 3 2 0 0 0 0 0 0
0 0 28 0 0 0 0 0 0 0 0 0 0 0 0 0 0 0 0 0 0 0 50 10 3 0 0 0 3 0 0 12 4 5 0 0 0 0 0 0 0
52 0 0 31 17 0 0 16 0 0 10 14 9 48 0 8 0 0 0 0 0 0 0 0 0 26 0 22 0 24 2 0 8 0 29 25 0 0 0 12 0
0 0 19 0 0 0 0 0 0 0 0 0 0 0 0 0 0 0 0 0 0 0 54 1 1 0 0 0 1 0 0 2 0 9 0 0 1 0 0 1 0
0 0 20 0 0 0 0 0 0 0 0 0 0 0 0 0 0 0 0 0 0 0 53 3 1 0 0 0 1 0 0 3 0 8 0 0 0 0 0 0 0
0 0 20 0 0 0 0 0 0 0 0 0 0 0 0 0 0 0 0 0 0 0 54 2 1 0 0 0 1 0 0 3 0 9 0 0 0 0 0 0 0
32 0 0 13 12 0 0 11 0 0 7 8 6 32 0 5 0 0 0 0 0 0 0 0 0 16 0 14 0 14 0 0 10 0 23 13 0 0 0 7 0
0 0 29 0 0 0 0 0 0 0 0 0 0 0 0 0 0 0 0 0 0 0 49 10 3 0 0 0 4 0 0 14 6 5 0 0 0 0 0 0 0
57 0 0 34 18 0 0 18 0 0 12 15 9 52 0 9 0 0 0 0 0 0 0 0 0 28 0 24 0 26 2 0 9 0 31 26 0 0 0 12 0
0 0 29 0 0 0 0 0 0 0 0 0 0 0 0 0 0 0 0 0 0 0 48 10 3 0 0 0 4 0 0 15 6 5 0 0 0 0 0 0 0
0 0 25 0 0 0 0 0 0 0 0 0 0 0 0 0 0 0 0 0 0 0 52 7 2 0 0 0 2 0 0 8 0 6 0 0 0 0 0 0 0
0 0 23 0 0 0 0 0 0 0 0 0 0 0 0 0 0 0 0 0 0 0 53 6 2 0 0 0 1 0 0 6 0 7 0 0 0 0 0 0 0
0 0 28 0 0 0 0 0 0 0 0 0 0 0 0 1 0 0 0 0 0 0 33 11 2 4 0 2 5 0 0 20 11 2 3 0 0 0 0 0 0
0 0 22 0 0 0 0 0 0 0 0 0 0 0 0 0 0 0 0 0 0 0 54 4 1 0 0 0 1 0 0 5 0 8 0 0 0 0 0 0 0
0 0 24 0 0 0 0 0 0 0 0 0 0 0 0 0 0 0 0 0 0 0 53 6 2 0 0 0 2 0 0 7 0 7 0 0 0 0 0 0 0
0 0 19 0 0 0 0 0 0 0 0 0 0 0 0 0 0 0 0 0 0 0 53 2 1 0 0 0 1 0 0 2 0 9 0 0 0 0 0 0 0
0 0 22 0 0 0 0 0 0 0 0 0 0 0 0 0 0 0 0 0 0 0 53 5 2 0 0 0 1 0 0 5 0 7 0 0 0 0 0 0 0
0 0 23 0 0 0 0 0 0 0 0 0 0 0 0 0 0 0 0 0 0 0 52 6 2 0 0 0 1 0 0 6 0 7 0 0 0 0 0 0 0
0 0 24 0 0 0 0 0 0 0 0 0 0 0 0 0 0 0 0 0 0 0 52 7 2 0 0 0 2 0 0 8 0 6 0 0 0 0 0 0 0
0 0 24 0 0 0 0 0 0 0 0 0 0 0 0 0 0 0 0 0 0 0 50 8 2 0 0 0 2 0 0 8 0 6 0 0 0 0 0 0 0
0 0 31 0 0 0 0 0 0 0 0 0 0 0 0 1 0 0 0 0 0 0 39 12 1 3 0 3 5 0 0 22 11 3 3 0 0 0 0 0 0
0 0 24 0 0 0 0 0 0 0 0 0 0 0 0 0 0 0 0 0 0 0 51 7 2 0 0 0 2 0 0 8 0 6 0 0 0 0 0 0 0
0 0 21 0 0 0 0 0 0 0 0 0 0 0 0 0 0 0 0 0 0 0 52 4 2 0 0 0 1 0 0 4 0 7 0 0 0 0 0 0 0
0 0 22 0 0 0 0 0 0 0 0 0 0 0 0 0 0 0 0 0 0 0 54 4 2 0 0 0 1 0 0 4 0 8 0 0 0 0 0 0 0
0 0 21 0 0 0 0 0 0 0 0 0 0 0 0 0 0 0 0 0 0 0 53 4 1 0 0 0 1 0 0 4 0 8 0 0 0 0 0 0 0
0 0 29 0 0 0 0 0 0 0 0 0 0 0 0 0 0 0 0 0 0 0 48 10 3 0 0 0 4 0 0 15 6 5 0 0 0 0 0 0 0
0 0 21 0 0 0 0 0 0 0 0 0 0 0 0 0 0 0 0 0 0 0 51 5 1 0 0 0 1 0 0 5 0 7 0 0 0 0 0 0 0
38 0 0 21 15 0 0 13 0 0 6 9 6 38 0 7 0 0 0 0 0 0 0 0 0 20 0 17 0 18 1 0 7 0 22 19 0 0 0 11 0
0 0 21 0 0 0 0 0 0 0 0 0 0 0 0 0 0 0 0 0 0 0 53 4 1 0 0 0 1 0 0 3 0 8 0 0 1 0 0 0 0
0 0 22 0 0 0 0 0 0 0 0 0 0 0 0 0 0 0 0 0 0 0 53 5 2 0 0 0 1 0 0 5 0 7 0 0 0 0 0 0 0
0 0 27 0 0 0 0 0 0 0 0 0 0 0 0 0 0 0 0 0 0 0 49 9 2 0 0 0 3 0 0 11 4 5 0 0 0 0 0 0 0
0 0 27 0 0 0 0 0 0 0 0 0 0 0 0 0 0 0 0 0 0 0 49 9 2 0 0 0 3 0 0 12 3 6 0 0 0 0 0 0 0
0 0 30 0 0 0 0 0 0 0 0 0 0 0 0 0 0 0 0 0 0 0 47 11 3 0 0 0 4 0 0 16 8 4 0 0 0 0 0 0 0
0 0 24 0 0 0 0 0 0 0 0 0 0 0 0 0 0 0 0 0 0 0 52 7 2 0 0 0 2 0 0 8 0 6 0 0 0 0 0 0 0
0 0 26 0 0 0 0 0 0 0 0 0 0 0 0 0 0 0 0 0 0 0 48 9 2 0 0 0 3 0 0 11 4 5 0 0 0 0 0 0 0
0 0 22 0 0 0 0 0 0 0 0 0 0 0 0 0 0 0 0 0 0 0 54 5 2 0 0 0 1 0 0 5 0 7 0 0 0 0 0 0 0
22 0 0 6 9 0 0 8 0 0 4 5 4 23 0 4 0 0 0 0 0 0 0 0 0 12 0 10 1 9 0 0 10 0 19 10 0 0 0 5 0
0 0 22 0 0 0 0 0 0 0 0 0 0 0 0 0 0 0 0 0 0 0 53 5 2 0 0 0 1 0 0 5 0 7 0 0 0 0 0 0 0
10 0 8 2 3 0 0 7 0 0 0 1 1 12 0 6 0 0 0 0 0 0 0 3 0 10 0 9 3 7 0 13 9 0 11 10 0 0 0 6 0
0 0 29 0 0 0 0 0 0 0 0 0 0 0 0 0 0 0 0 0 0 0 46 11 2 0 0 0 4 0 0 16 8 4 0 0 0 0 0 0 0
0 0 21 0 0 0 0 0 0 0 0 0 0 0 0 0 0 0 0 0 0 0 53 4 2 0 0 0 1 0 0 4 0 7 0 0 0 0 0 0 0
0 0 23 0 0 0 0 0 0 0 0 0 0 0 0 0 0 0 0 0 0 0 52 6 2 0 0 0 1 0 0 6 0 7 0 0 0 0 0 0 0
0 0 31 0 0 0 0 0 0 0 0 0 0 0 0 0 0 0 0 0 0 0 49 11 3 0 0 0 4 0 0 16 8 4 0 0 0 0 0 0 0
0 0 26 0 0 0 0 0 0 0 0 0 0 0 0 2 0 0 0 0 0 0 29 11 1 4 0 2 5 0 0 19 10 2 4 0 0 0 0 0 0
0 0 26 0 0 0 0 0 0 0 0 0 0 0 0 0 0 0 0 0 0 0 51 8 3 0 0 0 2 0 0 10 2 5 0 0 0 0 0 0 0
0 0 23 0 0 0 0 0 0 0 0 0 0 0 0 0 0 0 0 0 0 0 52 6 2 0 0 0 1 0 0 6 0 7 0 0 0 0 0 0 0
0 0 28 0 0 0 0 0 0 0 0 0 0 0 0 1 0 0 0 0 0 0 34 11 2 3 0 1 6 0 0 20 11 3 3 0 0 0 0 0 0
0 0 21 0 0 0 0 0 0 0 0 0 0 0 0 0 0 0 0 0 0 0 54 4 1 0 0 0 1 0 0 4 0 8 0 0 0 0 0 0 0
0 0 21 0 0 0 0 0 0 0 0 0 0 0 0 0 0 0 0 0 0 0 52 5 1 0 0 0 1 0 0 5 0 7 0 0 0 0 0 0 0
0 0 22 0 0 0 0 0 0 0 0 0 0 0 0 0 0 0 0 0 0 0 51 5 2 0 0 0 1 0 0 5 0 7 0 0 0 0 0 0 0
0 0 22 0 0 0 0 0 0 0 0 0 0 0 0 0 0 0 0 0 0 0 52 5 1 0 0 0 1 0 0 5 0 7 0 0 0 0 0 0 0
0 0 21 0 0 0 0 0 0 0 0 0 0 0 0 0 0 0 0 0 0 0 54 4 1 0 0 0 1 0 0 4 0 8 0 0 0 0 0 0 0
0 0 31 0 0 0 0 0 0 0 0 0 0 0 0 1 0 0 0 0 0 0 39 12 2 3 0 1 6 0 0 21 11 3 2 0 0 0 0 0 0
0 0 28 0 0 0 0 0 0 0 0 0 0 0 0 0 0 0 0 0 0 0 51 10 3 0 0 0 3 0 0 13 5 5 0 0 0 0 0 0 0
0 0 25 0 0 0 0 0 0 0 0 0 0 0 0 0 0 0 0 0 0 0 51 7 2 0 0 0 2 0 0 9 0 6 0 0 0 0 0 0 0
0 0 26 0 0 0 0 0 0 0 0 0 0 0 0 0 0 0 0 0 0 0 47 9 2 0 0 0 3 0 0 11 4 5 0 0 0 0 0 0 0
0 0 28 0 0 0 0 1 0 0 0 0 0 0 0 2 0 0 0 0 0 0 31 11 2 4 0 1 6 0 0 19 11 3 3 0 0 0 0 0 0
19 0 0 5 8 0 0 6 0 0 3 4 4 20 0 3 0 0 0 0 0 0 0 0 0 11 0 9 2 8 0 1 10 0 16 9 0 0 0 5 0
0 0 23 0 0 0 0 0 0 0 0 0 0 0 0 0 0 0 0 0 0 0 53 5 2 0 0 0 1 0 0 6 0 7 0 0 0 0 0 0 0
0 0 21 0 0 0 0 0 0 0 0 0 0 0 0 0 0 0 0 0 0 0 51 4 1 0 0 0 1 0 0 4 0 7 0 0 0 0 0 0 0
0 0 22 0 0 0 0 0 0 0 0 0 0 0 0 0 0 0 0 0 0 0 54 4 1 0 0 0 1 0 0 4 0 8 0 0 0 0 0 0 0
0 0 23 0 0 0 0 0 0 0 0 0 0 0 0 0 0 0 0 0 0 0 52 5 2 0 0 0 1 0 0 6 0 7 0 0 0 0 0 0 0
0 0 26 0 0 0 0 0 0 0 0 0 0 0 0 0 0 0 0 0 0 0 52 8 2 0 0 0 2 0 0 10 2 6 0 0 0 0 0 0 0
0 0 30 0 0 0 0 0 0 0 0 0 0 0 0 1 0 0 0 0 0 0 38 11 2 3 0 1 5 0 0 20 10 3 1 0 0 0 0 0 0
0 0 27 0 0 0 0 0 0 0 0 0 0 0 0 0 0 0 0 0 0 0 51 9 3 0 0 0 3 0 0 11 3 5 0 0 0 0 0 0 0
0 0 18 0 0 0 0 0 0 0 0 0 0 0 0 0 0 0 0 0 0 0 51 1 0 0 0 0 1 0 0 2 0 9 0 0 0 0 0 1 0
0 0 31 0 0 0 0 0 0 0 0 0 0 0 0 1 0 0 0 0 0 0 47 10 3 0 0 0 4 0 0 18 6 5 0 0 0 0 0 0 0
0 0 24 0 0 0 0 0 0 0 0 0 0 0 0 0 0 0 0 0 0 0 51 7 2 0 0 0 2 0 0 7 0 6 0 0 0 0 0 0 0
0 0 23 0 0 0 0 0 0 0 0 0 0 0 0 0 0 0 0 0 0 0 53 6 2 0 0 0 1 0 0 6 0 7 0 0 0 0 0 0 0
0 0 20 0 0 0 0 0 0 0 0 0 0 0 0 0 0 0 0 0 0 0 53 2 1 0 0 0 1 0 0 3 0 9 0 0 0 0 0 0 0
0 0 31 0 0 0 0 0 0 0 0 0 0 0 0 0 0 0 0 0 0 0 48 11 3 0 0 0 4 0 0 17 7 5 0 0 0 0 0 0 0
0 0 27 0 0 0 0 2 0 0 0 0 0 0 0 2 0 0 0 0 0 0 29 10 1 5 0 3 5 0 0 21 10 2 4 0 0 0 0 0 0
0 0 31 0 0 0 0 0 0 0 0 0 0 0 0 0 0 0 0 0 0 0 44 11 3 1 0 0 5 0 0 19 10 4 0 0 0 0 0 0 0
0 0 26 0 0 0 0 1 0 0 0 0 0 0 0 2 0 0 0 0 0 0 24 11 1 5 0 3 6 0 0 19 12 2 5 0 0 0 0 0 0
0 0 21 0 0 0 0 0 0 0 0 0 0 0 0 0 0 0 0 0 0 0 52 4 1 0 0 0 1 0 0 4 0 7 0 0 0 0 0 0 0
48 0 0 26 15 0 0 15 0 0 10 12 8 44 0 7 0 0 0 0 0 0 0 0 0 23 0 20 0 22 1 0 10 0 29 21 0 0 0 9 0
0 0 29 0 0 0 0 0 0 0 0 0 0 0 0 0 0 0 0 0 0 0 51 10 3 0 0 0 3 0 0 13 5 5 0 0 0 0 0 0 0
23 0 0 11 10 0 0 9 0 0 4 5 4 24 0 6 0 0 0 0 0 0 0 0 0 13 0 10 0 12 0 0 7 0 16 13 0 0 0 9 0
0 0 23 0 0 0 0 0 0 0 0 0 0 0 0 0 0 0 0 0 0 0 51 6 2 0 0 0 2 0 0 7 0 6 0 0 0 0 0 0 0
0 0 21 0 0 0 0 0 0 0 0 0 0 0 0 0 0 0 0 0 0 0 51 4 1 0 0 0 1 0 0 4 0 7 0 0 0 0 0 0 0
0 0 23 0 0 0 0 0 0 0 0 0 0 0 0 0 0 0 0 0 0 0 51 6 2 0 0 0 1 0 0 6 0 6 0 0 0 0 0 0 0
0 0 25 0 0 0 0 0 0 0 0 0 0 0 0 0 0 0 0 0 0 0 46 8 2 0 0 0 3 0 0 10 3 5 0 0 0 0 0 0 0
0 0 21 0 0 0 0 0 0 0 0 0 0 0 0 0 0 0 0 0 0 0 52 5 1 0 0 0 1 0 0 5 0 7 0 0 0 0 0 0 0
0 0 23 0 0 0 0 0 0 0 0 0 0 0 0 0 0 0 0 0 0 0 52 6 2 0 0 0 1 0 0 6 0 7 0 0 0 0 0 0 0
0 0 20 0 0 0 0 0 0 0 0 0 0 0 0 0 0 0 0 0 0 0 51 3 1 0 0 0 1 0 0 3 0 8 0 0 0 0 0 0 0
0 0 23 0 0 0 0 0 0 0 0 0 0 0 0 0 0 0 0 0 0 0 53 6 2 0 0 0 1 0 0 6 0 7 0 0 0 0 0 0 0
0 0 27 0 0 0 0 0 0 0 0 0 0 0 0 0 0 0 0 0 0 0 51 8 3 0 0 0 2 0 0 11 2 6 0 0 0 0 0 0 0
10 0 6 3 3 0 0 7 0 0 0 1 1 13 0 6 0 0 0 0 0 0 0 3 0 10 0 7 3 7 0 12 8 0 10 9 0 0 0 6 0
0 0 23 0 0 0 0 0 0 0 0 0 0 0 0 0 0 0 0 0 0 0 53 6 2 0 0 0 1 0 0 6 0 7 0 0 0 0 0 0 0
0 0 18 0 0 0 0 0 0 0 0 0 0 0 0 0 0 0 0 0 0 0 53 1 1 0 0 0 1 0 0 2 0 9 0 0 1 0 0 1 0
0 0 23 0 0 0 0 0 0 0 0 0 0 0 0 0 0 0 0 0 0 0 52 5 2 0 0 0 1 0 0 6 0 7 0 0 0 0 0 0 0
0 0 28 0 0 0 0 0 0 0 0 0 0 0 0 0 0 0 0 0 0 0 47 10 2 0 0 0 4 0 0 15 7 4 0 0 0 0 0 0 0
0 0 21 0 0 0 0 3 0 0 0 0 0 0 0 3 0 0 0 0 0 0 16 8 0 6 0 4 4 1 0 17 10 1 6 2 0 0 0 0 0
0 0 24 0 0 0 0 0 0 0 0 0 0 0 0 0 0 0 0 0 0 0 51 7 2 0 0 0 2 0 0 8 0 6 0 0 0 0 0 0 0
0 0 21 0 0 0 0 0 0 0 0 0 0 0 0 0 0 0 0 0 0 0 54 3 1 0 0 0 1 0 0 3 0 8 0 0 0 0 0 0 0
0 0 22 0 0 0 0 0 0 0 0 0 0 0 0 0 0 0 0 0 0 0 52 5 2 0 0 0 1 0 0 5 0 7 0 0 0 0 0 0 0
0 0 25 0 0 0 0 0 0 0 0 0 0 0 0 0 0 0 0 0 0 0 48 8 2 0 0 0 3 0 0 10 2 5 0 0 0 0 0 0 0
0 0 26 0 0 0 0 0 0 0 0 0 0 0 0 0 0 0 0 0 0 0 50 9 2 0 0 0 3 0 0 11 2 6 0 0 0 0 0 0 0
0 0 32 0 0 0 0 0 0 0 0 0 0 0 0 1 0 0 0 0 0 0 44 11 3 2 0 0 5 0 0 20 9 4 0 0 0 0 0 0 0
22 0 0 7 10 0 0 8 0 0 4 5 4 24 0 5 0 0 0 0 0 0 0 0 0 13 0 10 1 10 0 0 9 0 18 11 0 0 0 7 0
0 0 23 0 0 0 0 0 0 0 0 0 0 0 0 0 0 0 0 0 0 0 50 7 2 0 0 0 2 0 0 8 0 6 0 0 0 0 0 0 0
26 0 0 12 11 0 0 9 0 0 4 5 4 27 0 6 0 0 0 0 0 0 0 0 0 14 0 11 0 13 0 0 7 0 16 14 0 0 0 9 0
0 0 26 0 0 0 0 0 0 0 0 0 0 0 0 0 0 0 0 0 0 0 49 9 2 0 0 0 3 0 0 11 3 5 0 0 0 0 0 0 0
0 0 29 0 0 0 0 0 0 0 0 0 0 0 0 0 0 0 0 0 0 0 52 9 3 0 0 0 3 0 0 14 4 5 0 0 0 0 0 0 0
29 0 0 14 12 0 0 10 0 0 5 6 5 30 0 6 0 0 0 0 0 0 0 0 0 17 0 13 0 14 1 0 8 0 18 16 0 0 0 10 0
0 0 26 0 0 0 0 0 0 0 0 0 0 0 0 0 0 0 0 0 0 0 50 8 2 0 0 0 3 0 0 10 2 5 0 0 0 0 0 0 0
0 0 22 0 0 0 0 0 0 0 0 0 0 0 0 0 0 0 0 0 0 0 50 6 2 0 0 0 1 0 0 5 0 6 0 0 0 0 0 0 0
0 0 26 0 0 0 0 0 0 0 0 0 0 0 0 0 0 0 0 0 0 0 52 8 3 0 0 0 2 0 0 10 1 6 0 0 0 0 0 0 0
0 0 23 0 0 0 0 0 0 0 0 0 0 0 0 0 0 0 0 0 0 0 53 5 2 0 0 0 1 0 0 5 0 7 0 0 0 0 0 0 0
0 0 22 0 0 0 0 0 0 0 0 0 0 0 0 0 0 0 0 0 0 0 53 5 2 0 0 0 1 0 0 4 0 7 0 0 0 0 0 0 0
0 0 29 0 0 0 0 0 0 0 0 0 0 0 0 0 0 0 0 0 0 0 52 10 3 0 0 0 3 0 0 13 5 5 0 0 0 0 0 0 0
48 0 0 26 16 0 0 14 0 0 10 12 8 45 0 7 0 0 0 0 0 0 0 0 0 23 0 19 0 22 1 0 9 0 28 21 0 0 0 10 0
29 0 0 14 12 0 0 10 0 0 5 6 5 30 0 6 0 0 0 0 0 0 0 0 0 16 0 12 0 14 0 0 7 0 18 15 0 0 0 10 0
5 0 12 0 1 0 0 4 0 0 0 0 0 7 0 4 0 0 0 0 0 0 0 5 0 8 0 6 3 4 0 14 8 0 8 6 0 0 0 3 0
0 0 30 0 0 0 0 0 0 0 0 0 0 0 0 1 0 0 0 0 0 0 38 11 2 3 0 1 6 0 0 20 10 3 2 0 0 0 0 0 0
0 0 25 0 0 0 0 0 0 0 0 0 0 0 0 0 0 0 0 0 0 0 53 7 2 0 0 0 2 0 0 8 0 6 0 0 0 0 0 0 0
15 0 0 5 6 0 0 7 0 0 2 3 2 17 0 5 0 0 0 0 0 0 0 0 0 11 0 8 2 8 0 6 7 0 12 10 0 0 0 7 0
39 0 0 20 14 0 0 12 0 0 7 9 6 37 0 7 0 0 0 0 0 0 0 0 0 20 0 17 0 18 1 0 9 0 23 19 0 0 0 10 0
0 0 28 0 0 0 0 0 0 0 0 0 0 0 0 0 0 0 0 0 0 0 49 9 3 0 0 0 4 0 0 13 4 5 0 0 0 0 0 0 0
0 0 23 0 0 0 0 0 0 0 0 0 0 0 0 0 0 0 0 0 0 0 55 5 2 0 0 0 1 0 0 5 0 8 0 0 0 0 0 0 0
0 0 26 0 0 0 0 0 0 0 0 0 0 0 0 0 0 0 0 0 0 0 52 8 3 0 0 0 3 0 0 10 1 6 0 0 0 0 0 0 0
0 0 31 0 0 0 0 0 0 0 0 0 0 0 0 1 0 0 0 0 0 0 43 12 2 2 0 0 5 0 0 20 10 3 1 0 0 0 0 0 0
0 0 22 0 0 0 0 0 0 0 0 0 0 0 0 0 0 0 0 0 0 0 54 5 2 0 0 0 1 0 0 5 0 7 0 0 0 0 0 0 0
0 0 23 0 0 0 0 0 0 0 0 0 0 0 0 0 0 0 0 0 0 0 52 6 2 0 0 0 1 0 0 6 0 7 0 0 0 0 0 0 0
0 0 24 0 0 0 0 0 0 0 0 0 0 0 0 0 0 0 0 0 0 0 51 6 2 0 0 0 2 0 0 7 0 6 0 0 0 0 0 0 0
0 0 33 0 0 0 0 0 0 0 0 0 0 0 0 0 0 0 0 0 0 0 49 11 3 0 0 0 5 0 0 18 8 5 0 0 0 0 0 0 0
0 0 28 0 0 0 0 1 0 0 0 0 0 0 0 2 0 0 0 0 0 0 32 11 1 4 0 3 5 0 0 20 10 2 3 0 0 0 0 0 0
0 0 28 0 0 0 0 0 0 0 0 0 0 0 0 1 0 0 0 0 0 0 32 11 2 4 0 2 6 0 0 20 11 2 3 0 0 0 0 0 0
0 0 19 0 0 0 0 0 0 0 0 0 0 0 0 0 0 0 0 0 0 0 54 2 1 0 0 0 1 0 0 2 0 9 0 0 0 0 0 0 0
0 0 21 0 0 0 0 0 0 0 0 0 0 0 0 0 0 0 0 0 0 0 54 4 1 0 0 0 1 0 0 4 0 8 0 0 0 0 0 0 0
0 0 21 0 0 0 0 0 0 0 0 0 0 0 0 0 0 0 0 0 0 0 50 4 1 0 0 0 1 0 0 5 0 7 0 0 0 0 0 0 0
0 0 30 0 0 0 0 0 0 0 0 0 0 0 0 1 0 0 0 0 0 0 42 12 2 2 0 1 5 0 0 20 10 4 2 0 0 0 0 0 0
0 0 24 0 0 0 0 0 0 0 0 0 0 0 0 0 0 0 0 0 0 0 55 5 2 0 0 0 1 0 0 6 0 7 0 0 0 0 0 0 0
0 0 28 0 0 0 0 0 0 0 0 0 0 0 0 0 0 0 0 0 0 0 49 10 2 0 0 0 4 0 0 14 5 5 0 0 0 0 0 0 0
0 0 17 0 0 0 0 0 0 0 0 0 0 0 0 0 0 0 0 0 0 0 51 0 0 0 0 0 1 0 0 1 0 10 0 0 0 0 0 2 0
0 0 20 0 0 0 0 0 0 0 0 0 0 0 0 0 0 0 0 0 0 0 52 3 1 0 0 0 1 0 0 3 0 8 0 0 1 0 0 0 0
0 0 27 0 0 0 0 0 0 0 0 0 0 0 0 0 0 0 0 0 0 0 50 9 3 0 0 0 3 0 0 11 4 5 0 0 0 0 0 0 0
0 0 24 0 0 0 0 0 0 0 0 0 0 0 0 0 0 0 0 0 0 0 53 7 2 0 0 0 2 0 0 7 0 7 0 0 0 0 0 0 0
0 0 23 0 0 0 0 0 0 0 0 0 0 0 0 0 0 0 0 0 0 0 53 5 2 0 0 0 1 0 0 6 0 7 0 0 0 0 0 0 0
0 0 30 0 0 0 0 0 0 0 0 0 0 0 0 0 0 0 0 0 0 0 51 10 3 0 0 0 4 0 0 14 5 5 0 0 0 0 0 0 0
0 0 22 0 0 0 0 0 0 0 0 0 0 0 0 0 0 0 0 0 0 0 53 4 2 0 0 0 1 0 0 5 0 8 0 0 0 0 0 0 0
0 0 23 0 0 0 0 0 0 0 0 0 0 0 0 0 0 0 0 0 0 0 53 5 2 0 0 0 1 0 0 6 0 7 0 0 0 0 0 0 0
25 0 0 8 10 0 0 9 0 0 6 6 4 26 0 4 0 0 0 0 0 0 0 0 0 13 0 11 0 11 0 0 10 0 21 11 0 0 0 5 0
0 0 24 0 0 0 0 0 0 0 0 0 0 0 0 0 0 0 0 0 0 0 50 7 2 0 0 0 2 0 0 8 0 6 0 0 0 0 0 0 0
15 0 0 5 7 0 0 7 0 0 1 3 3 18 0 5 0 0 0 0 0 0 0 1 0 11 0 9 2 8 0 7 8 0 13 10 0 0 0 7 0
0 0 21 0 0 0 0 0 0 0 0 0 0 0 0 0 0 0 0 0 0 0 52 4 1 0 0 0 1 0 0 4 0 7 0 0 0 0 0 0 0
0 0 32 0 0 0 0 0 0 0 0 0 0 0 0 1 0 0 0 0 0 0 48 11 3 0 0 0 5 0 0 19 8 5 0 0 0 0 0 0 0
0 0 20 0 0 0 0 0 0 0 0 0 0 0 0 0 0 0 0 0 0 0 53 3 1 0 0 0 1 0 0 3 0 8 0 0 1 0 0 0 0
0 0 27 0 0 0 0 0 0 0 0 0 0 0 0 0 0 0 0 0 0 0 50 10 3 0 0 0 3 0 0 12 4 5 0 0 0 0 0 0 0
0 0 23 0 0 0 0 0 0 0 0 0 0 0 0 0 0 0 0 0 0 0 52 5 2 0 0 0 1 0 0 6 0 7 0 0 0 0 0 0 0
0 0 28 0 0 0 0 0 0 0 0 0 0 0 0 0 0 0 0 0 0 0 53 9 3 0 0 0 3 0 0 12 3 5 0 0 0 0 0 0 0
0 0 29 0 0 0 0 0 0 0 0 0 0 0 0 1 0 0 0 0 0 0 36 11 2 3 0 2 5 0 0 20 10 3 2 0 0 0 0 0 0
0 0 19 0 0 0 0 0 0 0 0 0 0 0 0 0 0 0 0 0 0 0 55 2 1 0 0 0 1 0 0 2 0 9 0 0 1 0 0 0 0
0 0 22 0 0 0 0 0 0 0 0 0 0 0 0 0 0 0 0 0 0 0 53 5 2 0 0 0 1 0 0 5 0 7 0 0 0 0 0 0 0
0 0 22 0 0 0 0 0 0 0 0 0 0 0 0 0 0 0 0 0 0 0 54 4 1 0 0 0 1 0 0 5 0 8 0 0 0 0 0 0 0
0 0 28 0 0 0 0 0 0 0 0 0 0 0 0 0 0 0 0 0 0 0 48 10 2 0 0 0 4 0 0 14 6 5 0 0 0 0 0 0 0
0 0 22 0 0 0 0 0 0 0 0 0 0 0 0 0 0 0 0 0 0 0 55 4 1 0 0 0 1 0 0 4 0 8 0 0 0 0 0 0 0
0 0 22 0 0 0 0 0 0 0 0 0 0 0 0 0 0 0 0 0 0 0 53 5 2 0 0 0 1 0 0 4 0 7 0 0 0 0 0 0 0
0 0 22 0 0 0 0 0 0 0 0 0 0 0 0 0 0 0 0 0 0 0 52 5 2 0 0 0 1 0 0 4 0 7 0 0 0 0 0 0 0
0 0 30 0 0 0 0 0 0 0 0 0 0 0 0 0 0 0 0 0 0 0 46 11 3 0 0 0 5 0 0 17 9 4 0 0 0 0 0 0 0
0 0 21 0 0 0 0 0 0 0 0 0 0 0 0 0 0 0 0 0 0 0 53 4 2 0 0 0 1 0 0 4 0 7 0 0 0 0 0 0 0
0 0 20 0 0 0 0 0 0 0 0 0 0 0 0 0 0 0 0 0 0 0 52 3 1 0 0 0 1 0 0 4 0 8 0 0 0 0 0 0 0
0 0 34 0 0 0 0 0 0 0 0 0 0 0 0 1 0 0 0 0 0 0 50 11 3 0 0 0 5 0 0 19 8 5 0 0 0 0 0 0 0
39 0 0 21 15 0 0 13 0 0 7 10 7 38 0 7 0 0 0 0 0 0 0 0 0 21 0 17 0 19 1 0 8 0 23 19 0 0 0 11 0
0 0 24 0 0 0 0 0 0 0 0 0 0 0 0 0 0 0 0 0 0 0 51 7 2 0 0 0 2 0 0 8 0 6 0 0 0 0 0 0 0
0 0 22 0 0 0 0 0 0 0 0 0 0 0 0 0 0 0 0 0 0 0 54 5 2 0 0 0 1 0 0 5 0 7 0 0 0 0 0 0 0
28 0 0 13 12 0 0 9 0 0 4 6 5 29 0 5 0 0 0 0 0 0 0 0 0 16 0 12 0 13 0 0 8 0 18 14 0 0 0 9 0
0 0 31 0 0 0 0 0 0 0 0 0 0 0 0 0 0 0 0 0 0 0 46 12 3 1 0 0 5 0 0 18 9 4 0 0 0 0 0 0 0
0 0 22 0 0 0 0 0 0 0 0 0 0 0 0 0 0 0 0 0 0 0 56 4 2 0 0 0 1 0 0 4 0 8 0 0 0 0 0 0 0
0 0 34 0 0 0 0 0 0 0 0 0 0 0 0 1 0 0 0 0 0 0 46 12 3 2 0 0 6 0 0 21 9 4 0 0 0 0 0 0 0
0 0 22 0 0 0 0 0 0 0 0 0 0 0 0 0 0 0 0 0 0 0 54 5 2 0 0 0 1 0 0 5 0 7 0 0 0 0 0 0 0
0 0 21 0 0 0 0 0 0 0 0 0 0 0 0 0 0 0 0 0 0 0 52 4 2 0 0 0 1 0 0 4 0 7 0 0 0 0 0 0 0
0 0 20 0 0 0 0 0 0 0 0 0 0 0 0 0 0 0 0 0 0 0 51 4 1 0 0 0 1 0 0 4 0 8 0 0 0 0 0 0 0
0 0 23 0 0 0 0 0 0 0 0 0 0 0 0 0 0 0 0 0 0 0 53 5 2 0 0 0 1 0 0 6 0 7 0 0 0 0 0 0 0
0 0 30 0 0 0 0 0 0 0 0 0 0 0 0 0 0 0 0 0 0 0 44 11 3 1 0 0 5 0 0 18 9 4 0 0 0 0 0 0 0
0 0 31 0 0 0 0 0 0 0 0 0 0 0 0 0 0 0 0 0 0 0 47 11 3 0 0 0 5 0 0 18 9 4 0 0 0 0 0 0 0
0 0 22 0 0 0 0 0 0 0 0 0 0 0 0 0 0 0 0 0 0 0 53 5 2 0 0 0 1 0 0 5 0 7 0 0 0 0 0 0 0
0 0 23 0 0 0 0 0 0 0 0 0 0 0 0 0 0 0 0 0 0 0 53 5 2 0 0 0 1 0 0 6 0 7 0 0 0 0 0 0 0
0 0 20 0 0 0 0 0 0 0 0 0 0 0 0 0 0 0 0 0 0 0 53 3 1 0 0 0 1 0 0 3 0 8 0 0 0 0 0 0 0
0 0 22 0 0 0 0 0 0 0 0 0 0 0 0 0 0 0 0 0 0 0 53 5 2 0 0 0 1 0 0 5 0 7 0 0 0 0 0 0 0
0 0 23 0 0 0 0 0 0 0 0 0 0 0 0 0 0 0 0 0 0 0 54 5 2 0 0 0 1 0 0 6 0 7 0 0 0 0 0 0 0
0 0 29 0 0 0 0 0 0 0 0 0 0 0 0 1 0 0 0 0 0 0 37 11 1 3 0 2 5 0 0 20 10 3 2 0 0 0 0 0 0
0 0 29 0 0 0 0 1 0 0 0 0 0 0 0 2 0 0 0 0 0 0 34 11 0 4 0 4 5 0 0 21 10 3 3 0 0 0 0 0 0
0 0 22 0 0 0 0 0 0 0 0 0 0 0 0 0 0 0 0 0 0 0 53 5 2 0 0 0 1 0 0 5 0 7 0 0 0 0 0 0 0
0 0 31 0 0 0 0 0 0 0 0 0 0 0 0 0 0 0 0 0 0 0 45 12 2 1 0 0 5 0 0 19 9 4 0 0 0 0 0 0 0
0 0 28 0 0 0 0 1 0 0 0 0 0 0 0 2 0 0 0 0 0 0 26 11 1 5 0 2 6 0 0 20 12 2 5 0 0 0 0 0 0
0 0 25 0 0 0 0 0 0 0 0 0 0 0 0 0 0 0 0 0 0 0 52 7 3 0 0 0 2 0 0 9 0 6 0 0 0 0 0 0 0
0 0 26 0 0 0 0 0 0 0 0 0 0 0 0 1 0 0 0 0 0 0 30 10 1 4 0 2 5 0 0 18 10 2 3 0 0 0 0 0 0
0 0 21 0 0 0 0 0 0 0 0 0 0 0 0 0 0 0 0 0 0 0 53 4 1 0 0 0 1 0 0 4 0 8 0 0 0 0 0 0 0
0 0 28 0 0 0 0 2 0 0 0 0 0 0 0 2 0 0 0 0 0 0 25 11 2 6 0 3 6 0 0 20 12 2 6 0 0 0 0 0 0
0 0 21 0 0 0 0 0 0 0 0 0 0 0 0 0 0 0 0 0 0 0 55 3 1 0 0 0 1 0 0 3 0 8 0 0 1 0 0 0 0
0 0 24 0 0 0 0 0 0 0 0 0 0 0 0 0 0 0 0 0 0 0 51 6 2 0 0 0 2 0 0 7 0 6 0 0 0 0 0 0 0
51 0 0 27 16 0 0 15 0 0 12 13 9 46 0 7 0 0 0 0 0 0 0 0 0 25 0 21 0 23 2 0 11 0 32 21 0 0 0 9 0
0 0 23 0 0 0 0 0 0 0 0 0 0 0 0 0 0 0 0 0 0 0 53 6 2 0 0 0 1 0 0 6 0 7 0 0 0 0 0 0 0
0 0 29 0 0 0 0 0 0 0 0 0 0 0 0 0 0 0 0 0 0 0 47 11 3 0 0 0 4 0 0 15 7 4 0 0 0 0 0 0 0
37 0 0 18 13 0 0 12 0 0 8 9 7 36 0 5 0 0 0 0 0 0 0 0 0 18 0 15 0 17 1 0 10 0 25 16 0 0 0 8 0
0 0 29 0 0 0 0 0 0 0 0 0 0 0 0 0 0 0 0 0 0 0 51 9 3 0 0 0 3 0 0 13 4 5 0 0 0 0 0 0 0
0 0 28 0 0 0 0 0 0 0 0 0 0 0 0 0 0 0 0 0 0 0 49 10 2 0 0 0 3 0 0 13 5 5 0 0 0 0 0 0 0
2 0 17 0 0 0 0 3 0 0 0 0 0 2 0 2 0 0 0 0 0 0 8 9 0 6 0 4 5 1 0 14 11 1 8 2 0 0 0 0 0
0 0 24 0 0 0 0 0 0 0 0 0 0 0 0 0 0 0 0 0 0 0 52 7 2 0 0 0 2 0 0 8 0 6 0 0 0 0 0 0 0
32 0 0 15 13 0 0 11 0 0 6 7 6 32 0 6 0 0 0 0 0 0 0 0 0 17 0 14 0 15 1 0 9 0 22 15 0 0 0 8 0
33 0 0 18 14 0 0 12 0 0 5 8 6 35 0 7 0 0 0 0 0 0 0 0 0 19 0 15 0 17 1 0 7 0 20 19 0 0 0 12 0
0 0 24 0 0 0 0 0 0 0 0 0 0 0 0 0 0 0 0 0 0 0 51 8 2 0 0 0 2 0 0 8 0 6 0 0 0 0 0 0 0
0 0 30 0 0 0 0 0 0 0 0 0 0 0 0 0 0 0 0 0 0 0 44 11 3 1 0 0 5 0 0 19 9 4 0 0 0 0 0 0 0
33 0 0 15 12 0 0 10 0 0 6 7 5 32 0 5 0 0 0 0 0 0 0 0 0 17 0 14 0 15 1 0 9 0 22 15 0 0 0 8 0
0 0 20 0 0 0 0 0 0 0 0 0 0 0 0 0 0 0 0 0 0 0 55 3 1 0 0 0 1 0 0 2 0 9 0 0 1 0 0 0 0
0 0 23 0 0 0 0 0 0 0 0 0 0 0 0 0 0 0 0 0 0 0 53 5 2 0 0 0 1 0 0 5 0 7 0 0 0 0 0 0 0
0 0 24 0 0 0 0 1 0 0 0 0 0 0 0 2 0 0 0 0 0 0 24 10 1 4 0 2 6 0 0 17 10 2 4 0 0 0 0 0 0
4 0 16 0 0 0 0 4 0 0 0 0 0 4 0 3 0 0 0 0 0 0 4 8 0 6 0 4 5 3 0 14 11 1 9 3 0 0 0 0 0
27 0 0 10 11 0 0 9 0 0 5 6 5 28 0 5 0 0 0 0 0 0 0 0 0 15 0 12 0 12 0 0 9 0 20 12 0 0 0 8 0
0 0 24 0 0 0 0 0 0 0 0 0 0 0 0 0 0 0 0 0 0 0 52 6 2 0 0 0 2 0 0 7 0 7 0 0 0 0 0 0 0
0 0 23 0 0 0 0 0 0 0 0 0 0 0 0 0 0 0 0 0 0 0 52 6 2 0 0 0 2 0 0 6 0 7 0 0 0 0 0 0 0
22 0 0 8 10 0 0 8 0 0 4 5 4 24 0 5 0 0 0 0 0 0 0 0 0 13 0 10 1 10 0 0 8 0 17 11 0 0 0 7 0
0 0 15 0 0 0 0 0 0 0 0 0 0 0 0 0 0 0 0 0 0 0 48 0 0 0 0 0 1 0 0 1 0 10 0 0 0 0 0 4 0
9 0 5 0 3 0 0 4 0 0 1 2 1 10 0 4 0 0 0 0 0 0 0 5 0 8 0 6 4 5 0 9 10 0 12 6 0 0 0 2 0
0 0 21 0 0 0 0 0 0 0 0 0 0 0 0 0 0 0 0 0 0 0 54 4 1 0 0 0 1 0 0 4 0 8 0 0 0 0 0 0 0
38 0 0 19 14 0 0 12 0 0 7 9 6 36 0 7 0 0 0 0 0 0 0 0 0 20 0 16 0 17 1 0 8 0 23 18 0 0 0 10 0
0 0 25 0 0 0 0 0 0 0 0 0 0 0 0 0 0 0 0 0 0 0 50 8 2 0 0 0 2 0 0 9 2 5 0 0 0 0 0 0 0
0 0 21 0 0 0 0 0 0 0 0 0 0 0 0 0 0 0 0 0 0 0 55 3 1 0 0 0 1 0 0 3 0 8 0 0 1 0 0 0 0
0 0 23 0 0 0 0 0 0 0 0 0 0 0 0 0 0 0 0 0 0 0 52 6 2 0 0 0 1 0 0 6 0 7 0 0 0 0 0 0 0
0 0 22 0 0 0 0 0 0 0 0 0 0 0 0 0 0 0 0 0 0 0 52 5 2 0 0 0 1 0 0 5 0 7 0 0 0 0 0 0 0
0 0 27 0 0 0 0 0 0 0 0 0 0 0 0 0 0 0 0 0 0 0 50 9 3 0 0 0 3 0 0 12 4 5 0 0 0 0 0 0 0
0 0 28 0 0 0 0 1 0 0 0 0 0 0 0 2 0 0 0 0 0 0 33 11 1 4 0 2 5 0 0 20 10 2 3 0 0 0 0 0 0
8 0 7 0 3 0 0 4 0 0 0 2 1 9 0 3 0 0 0 0 0 0 0 6 0 7 0 6 5 4 0 10 10 0 11 6 0 0 0 2 0
49 0 0 27 16 0 0 15 0 0 10 12 8 45 0 7 0 0 0 0 0 0 0 0 0 24 0 20 0 22 2 0 10 0 29 22 0 0 0 10 0
0 0 24 0 0 0 0 0 0 0 0 0 0 0 0 0 0 0 0 0 0 0 52 6 2 0 0 0 2 0 0 7 0 7 0 0 0 0 0 0 0
0 0 20 0 0 0 0 0 0 0 0 0 0 0 0 0 0 0 0 0 0 0 53 4 1 0 0 0 1 0 0 3 0 8 0 0 0 0 0 0 0
0 0 31 0 0 0 0 0 0 0 0 0 0 0 0 0 0 0 0 0 0 0 49 11 3 0 0 0 4 0 0 17 8 4 0 0 0 0 0 0 0
45 0 0 26 16 0 0 14 0 0 9 12 8 43 0 8 0 0 0 0 0 0 0 0 0 24 0 19 0 21 2 0 8 0 26 22 0 0 0 11 0
25 0 0 9 11 0 0 8 0 0 4 5 5 26 0 5 0 0 0 0 0 0 0 0 0 14 0 11 0 11 0 0 9 0 18 12 0 0 0 8 0
9 0 5 2 3 0 0 5 0 0 0 1 1 10 0 4 0 0 0 0 0 0 0 3 0 8 0 6 3 5 0 9 8 0 9 7 0 0 0 4 0
0 0 22 0 0 0 0 0 0 0 0 0 0 0 0 0 0 0 0 0 0 0 52 5 2 0 0 0 1 0 0 5 0 7 0 0 0 0 0 0 0
0 0 25 0 0 0 0 0 0 0 0 0 0 0 0 0 0 0 0 0 0 0 52 7 2 0 0 0 2 0 0 8 0 6 0 0 0 0 0 0 0
0 0 22 0 0 0 0 0 0 0 0 0 0 0 0 0 0 0 0 0 0 0 51 5 2 0 0 0 1 0 0 5 0 7 0 0 0 0 0 0 0
0 0 30 0 0 0 0 0 0 0 0 0 0 0 0 1 0 0 0 0 0 0 40 12 2 3 0 1 5 0 0 20 10 3 2 0 0 0 0 0 0
14 0 0 4 6 0 0 6 0 0 1 2 2 15 0 4 0 0 0 0 0 0 0 2 0 10 0 8 3 7 0 6 8 0 12 9 0 0 0 5 0
0 0 22 0 0 0 0 0 0 0 0 0 0 0 0 0 0 0 0 0 0 0 55 4 1 0 0 0 1 0 0 4 0 8 0 0 0 0 0 0 0
0 0 25 0 0 0 0 0 0 0 0 0 0 0 0 0 0 0 0 0 0 0 51 8 2 0 0 0 2 0 0 8 1 6 0 0 0 0 0 0 0
0 0 30 0 0 0 0 0 0 0 0 0 0 0 0 0 0 0 0 0 0 0 43 11 2 1 0 0 5 0 0 19 9 4 0 0 0 0 0 0 0
0 0 25 0 0 0 0 0 0 0 0 0 0 0 0 0 0 0 0 0 0 0 52 7 2 0 0 0 2 0 0 8 0 6 0 0 0 0 0 0 0
0 0 30 0 0 0 0 0 0 0 0 0 0 0 0 0 0 0 0 0 0 0 47 11 3 0 0 0 4 0 0 16 8 4 0 0 0 0 0 0 0
0 0 27 0 0 0 0 0 0 0 0 0 0 0 0 0 0 0 0 0 0 0 50 8 3 0 0 0 3 0 0 11 2 5 0 0 0 0 0 0 0
0 0 27 0 0 0 0 0 0 0 0 0 0 0 0 0 0 0 0 0 0 0 50 9 2 0 0 0 3 0 0 11 4 5 0 0 0 0 0 0 0
0 0 30 0 0 0 0 0 0 0 0 0 0 0 0 0 0 0 0 0 0 0 43 11 2 1 0 0 5 0 0 18 10 3 0 0 0 0 0 0 0
0 0 28 0 0 0 0 0 0 0 0 0 0 0 0 0 0 0 0 0 0 0 49 9 2 0 0 0 3 0 0 13 4 5 0 0 0 0 0 0 0
24 0 0 12 11 0 0 10 0 0 3 5 4 27 0 7 0 0 0 0 0 0 0 0 0 15 0 11 0 13 0 3 6 0 15 15 0 0 0 12 0
0 0 23 0 0 0 0 0 0 0 0 0 0 0 0 0 0 0 0 0 0 0 50 6 2 0 0 0 1 0 0 7 0 7 0 0 0 0 0 0 0
0 0 23 0 0 0 0 0 0 0 0 0 0 0 0 0 0 0 0 0 0 0 49 6 2 0 0 0 2 0 0 7 0 6 0 0 0 0 0 0 0
0 0 23 0 0 0 0 2 0 0 0 0 0 0 0 3 0 0 0 0 0 0 22 9 0 5 0 3 5 0 0 17 9 2 4 1 0 0 0 0 0
0 0 19 0 0 0 0 0 0 0 0 0 0 0 0 0 0 0 0 0 0 0 53 1 1 0 0 0 1 0 0 2 0 9 0 0 0 0 0 1 0
0 0 28 0 0 0 0 0 0 0 0 0 0 0 0 0 0 0 0 0 0 0 52 10 2 0 0 0 3 0 0 12 4 5 0 0 0 0 0 0 0
0 0 23 0 0 0 0 0 0 0 0 0 0 0 0 0 0 0 0 0 0 0 54 5 2 0 0 0 1 0 0 5 0 7 0 0 0 0 0 0 0
0 0 22 0 0 0 0 2 0 0 0 0 0 0 0 2 0 0 0 0 0 0 20 9 0 4 0 3 5 0 0 16 10 2 5 0 0 0 0 0 0
0 0 32 0 0 0 0 0 0 0 0 0 0 0 0 1 0 0 0 0 0 0 44 12 3 2 0 0 6 0 0 20 10 4 1 0 0 0 0 0 0
65 0 0 40 20 0 0 19 0 0 13 17 11 58 0 9 0 0 0 0 0 0 0 0 0 31 0 27 0 29 2 0 9 0 35 29 0 0 0 12 0
44 0 0 25 16 0 0 14 0 0 8 11 7 42 0 8 0 0 0 0 0 0 0 0 0 23 0 19 0 21 1 0 7 0 25 22 0 0 0 12 0
0 0 21 0 0 0 0 0 0 0 0 0 0 0 0 0 0 0 0 0 0 0 53 4 1 0 0 0 1 0 0 4 0 8 0 0 0 0 0 0 0
0 0 24 0 0 0 0 1 0 0 0 0 0 0 0 2 0 0 0 0 0 0 25 10 1 5 0 3 5 0 0 18 10 2 4 0 0 0 0 0 0
0 0 24 0 0 0 0 0 0 0 0 0 0 0 0 0 0 0 0 0 0 0 53 6 2 0 0 0 1 0 0 7 0 7 0 0 0 0 0 0 0
0 0 26 0 0 0 0 0 0 0 0 0 0 0 0 0 0 0 0 0 0 0 49 9 3 0 0 0 3 0 0 11 3 5 0 0 0 0 0 0 0
3 0 15 0 0 0 0 3 0 0 0 0 0 3 0 2 0 0 0 0 0 0 6 7 0 6 0 4 4 2 0 13 9 1 7 3 0 0 0 0 0
0 0 20 0 0 0 0 0 0 0 0 0 0 0 0 0 0 0 0 0 0 0 52 3 1 0 0 0 1 0 0 3 0 8 0 0 0 0 0 0 0
0 0 25 0 0 0 0 0 0 0 0 0 0 0 0 0 0 0 0 0 0 0 52 7 2 0 0 0 2 0 0 8 0 6 0 0 0 0 0 0 0
0 0 24 0 0 0 0 0 0 0 0 0 0 0 0 0 0 0 0 0 0 0 53 7 2 0 0 0 1 0 0 7 0 6 0 0 0 0 0 0 0
0 0 28 0 0 0 0 0 0 0 0 0 0 0 0 0 0 0 0 0 0 0 49 10 3 0 0 0 4 0 0 14 6 5 0 0 0 0 0 0 0
0 0 23 0 0 0 0 0 0 0 0 0 0 0 0 0 0 0 0 0 0 0 53 5 2 0 0 0 1 0 0 6 0 7 0 0 0 0 0 0 0
0 0 23 0 0 0 0 0 0 0 0 0 0 0 0 0 0 0 0 0 0 0 49 7 2 0 0 0 2 0 0 7 0 6 0 0 0 0 0 0 0
0 0 23 0 0 0 0 0 0 0 0 0 0 0 0 0 0 0 0 0 0 0 54 5 2 0 0 0 1 0 0 6 0 7 0 0 0 0 0 0 0
28 0 0 11 11 0 0 9 0 0 6 6 5 28 0 5 0 0 0 0 0 0 0 0 0 15 0 12 0 12 0 0 9 0 20 12 0 0 0 7 0
0 0 24 0 0 0 0 0 0 0 0 0 0 0 0 0 0 0 0 0 0 0 51 7 2 0 0 0 2 0 0 8 0 6 0 0 0 0 0 0 0
0 0 24 0 0 0 0 0 0 0 0 0 0 0 0 0 0 0 0 0 0 0 48 7 2 0 0 0 2 0 0 8 1 5 0 0 0 0 0 0 0
0 0 28 0 0 0 0 1 0 0 0 0 0 0 0 2 0 0 0 0 0 0 33 11 1 4 0 3 5 0 0 20 10 2 3 0 0 0 0 0 0
0 0 19 0 0 0 0 0 0 0 0 0 0 0 0 0 0 0 0 0 0 0 51 3 1 0 0 0 0 0 0 2 0 8 0 0 1 0 0 0 0
0 0 27 0 0 0 0 0 0 0 0 0 0 0 0 0 0 0 0 0 0 0 50 9 3 0 0 0 3 0 0 11 4 5 0 0 0 0 0 0 0
0 0 22 0 0 0 0 0 0 0 0 0 0 0 0 0 0 0 0 0 0 0 52 5 2 0 0 0 1 0 0 4 0 7 0 0 0 0 0 0 0
0 0 21 0 0 0 0 0 0 0 0 0 0 0 0 0 0 0 0 0 0 0 54 4 1 0 0 0 1 0 0 4 0 8 0 0 0 0 0 0 0
0 0 22 0 0 0 0 0 0 0 0 0 0 0 0 0 0 0 0 0 0 0 50 5 2 0 0 0 1 0 0 6 0 7 0 0 0 0 0 0 0
0 0 30 0 0 0 0 0 0 0 0 0 0 0 0 0 0 0 0 0 0 0 47 12 2 0 0 0 5 0 0 18 9 4 0 0 0 0 0 0 0
0 0 20 0 0 0 0 0 0 0 0 0 0 0 0 0 0 0 0 0 0 0 54 3 1 0 0 0 1 0 0 3 0 8 0 0 1 0 0 0 0
16 0 0 5 7 0 0 6 0 0 2 3 3 18 0 4 0 0 0 0 0 0 0 1 0 11 0 8 3 8 0 3 8 0 14 9 0 0 0 5 0
0 0 24 0 0 0 0 0 0 0 0 0 0 0 0 0 0 0 0 0 0 0 51 7 2 0 0 0 2 0 0 8 0 6 0 0 0 0 0 0 0
0 0 31 0 0 0 0 0 0 0 0 0 0 0 0 0 0 0 0 0 0 0 49 12 3 0 0 0 5 0 0 17 9 4 0 0 0 0 0 0 0
0 0 24 0 0 0 0 0 0 0 0 0 0 0 0 0 0 0 0 0 0 0 53 6 2 0 0 0 1 0 0 7 0 7 0 0 0 0 0 0 0
0 0 28 0 0 0 0 0 0 0 0 0 0 0 0 1 0 0 0 0 0 0 37 11 2 2 0 1 5 0 0 18 10 3 2 0 0 0 0 0 0
0 0 23 0 0 0 0 0 0 0 0 0 0 0 0 0 0 0 0 0 0 0 51 6 2 0 0 0 2 0 0 6 0 6 0 0 0 0 0 0 0
32 0 0 17 14 0 0 11 0 0 5 7 5 33 0 7 0 0 0 0 0 0 0 0 0 18 0 14 0 16 1 0 7 0 20 17 0 0 0 11 0
0 0 29 0 0 0 0 0 0 0 0 0 0 0 0 1 0 0 0 0 0 0 37 11 2 3 0 1 5 0 0 20 11 3 2 0 0 0 0 0 0
0 0 20 0 0 0 0 0 0 0 0 0 0 0 0 0 0 0 0 0 0 0 56 2 1 0 0 0 1 0 0 2 0 9 0 0 1 0 0 0 0
0 0 24 0 0 0 0 0 0 0 0 0 0 0 0 0 0 0 0 0 0 0 52 6 2 0 0 0 2 0 0 7 0 7 0 0 0 0 0 0 0
0 0 32 0 0 0 0 0 0 0 0 0 0 0 0 0 0 0 0 0 0 0 47 12 2 1 0 0 5 0 0 20 10 4 0 0 0 0 0 0 0
0 0 25 0 0 0 0 0 0 0 0 0 0 0 0 0 0 0 0 0 0 0 49 8 2 0 0 0 2 0 0 10 2 5 0 0 0 0 0 0 0
33 0 0 14 12 0 0 11 0 0 7 8 6 32 0 5 0 0 0 0 0 0 0 0 0 17 0 14 0 15 0 0 10 0 23 14 0 0 0 8 0
0 0 24 0 0 0 0 0 0 0 0 0 0 0 0 0 0 0 0 0 0 0 52 6 2 0 0 0 1 0 0 7 0 6 0 0 0 0 0 0 0
0 0 30 0 0 0 0 0 0 0 0 0 0 0 0 1 0 0 0 0 0 0 36 11 2 3 0 1 6 0 0 20 10 3 2 0 0 0 0 0 0
0 0 26 0 0 0 0 0 0 0 0 0 0 0 0 0 0 0 0 0 0 0 51 8 2 0 0 0 2 0 0 10 2 6 0 0 0 0 0 0 0
0 0 21 0 0 0 0 0 0 0 0 0 0 0 0 0 0 0 0 0 0 0 53 4 1 0 0 0 1 0 0 3 0 8 0 0 1 0 0 0 0
0 0 22 0 0 0 0 0 0 0 0 0 0 0 0 0 0 0 0 0 0 0 53 5 2 0 0 0 1 0 0 5 0 7 0 0 0 0 0 0 0
0 0 25 0 0 0 0 0 0 0 0 0 0 0 0 0 0 0 0 0 0 0 51 7 2 0 0 0 2 0 0 8 0 6 0 0 0 0 0 0 0
0 0 24 0 0 0 0 0 0 0 0 0 0 0 0 0 0 0 0 0 0 0 53 6 2 0 0 0 1 0 0 7 0 7 0 0 0 0 0 0 0
0 0 26 0 0 0 0 0 0 0 0 0 0 0 0 0 0 0 0 0 0 0 49 8 3 0 0 0 3 0 0 10 2 5 0 0 0 0 0 0 0
17 0 0 3 7 0 0 6 0 0 3 3 3 18 0 4 0 0 0 0 0 0 0 1 0 10 0 9 3 8 0 3 10 0 16 8 0 0 0 4 0
0 0 26 0 0 0 0 0 0 0 0 0 0 0 0 0 0 0 0 0 0 0 51 9 2 0 0 0 2 0 0 10 2 6 0 0 0 0 0 0 0
0 0 33 0 0 0 0 0 0 0 0 0 0 0 0 1 0 0 0 0 0 0 43 12 3 3 0 0 6 0 0 22 11 4 1 0 0 0 0 0 0
0 0 20 0 0 0 0 0 0 0 0 0 0 0 0 0 0 0 0 0 0 0 51 3 1 0 0 0 1 0 0 3 0 7 0 0 0 0 0 0 0
0 0 24 0 0 0 0 0 0 0 0 0 0 0 0 0 0 0 0 0 0 0 53 6 2 0 0 0 1 0 0 6 0 7 0 0 0 0 0 0 0
0 0 23 0 0 0 0 0 0 0 0 0 0 0 0 0 0 0 0 0 0 0 52 5 2 0 0 0 1 0 0 6 0 7 0 0 0 0 0 0 0
0 0 20 0 0 0 0 0 0 0 0 0 0 0 0 0 0 0 0 0 0 0 53 4 1 0 0 0 1 0 0 3 0 8 0 0 0 0 0 0 0
0 0 22 0 0 0 0 0 0 0 0 0 0 0 0 0 0 0 0 0 0 0 54 4 1 0 0 0 1 0 0 4 0 8 0 0 0 0 0 0 0
0 0 22 0 0 0 0 0 0 0 0 0 0 0 0 0 0 0 0 0 0 0 52 5 2 0 0 0 1 0 0 5 0 7 0 0 0 0 0 0 0
43 0 0 24 15 0 0 14 0 0 8 11 7 41 0 7 0 0 0 0 0 0 0 0 0 22 0 18 0 20 2 0 8 0 26 20 0 0 0 10 0
