0 0 0 36 0 17 0 0 0 0 0 0 0 0 0 0 0 0 0 0 0 0 9 0 0 0 0 0 0 0 0 23 0 27 0 5 31 0 0 0 0
0 0 0 40 0 18 0 0 0 0 0 0 0 0 0 0 0 0 0 0 0 0 13 0 0 0 0 0 0 0 0 30 0 15 0 0 32 0 0 0 0
0 0 0 50 0 25 0 0 0 0 0 0 0 0 0 0 0 0 0 0 0 0 24 1 0 0 0 0 0 0 0 38 0 0 0 0 38 0 3 0 0
0 4 0 0 1 0 0 0 0 0 0 0 0 0 0 0 0 0 0 0 0 0 0 0 0 0 21 0 5 0 1 33 116 29 0 29 2 0 0 0 0
0 0 20 0 0 0 0 0 0 0 0 0 0 0 0 0 0 0 0 0 0 0 0 0 0 0 18 0 3 0 0 0 89 47 0 54 0 0 0 0 0
0 0 18 12 0 0 0 0 0 0 0 0 0 0 0 0 0 0 0 0 0 0 0 0 0 0 2 0 0 0 0 0 35 76 0 64 21 0 0 0 0
0 0 21 2 0 0 0 0 0 0 0 0 0 0 0 0 0 0 0 0 0 0 0 0 0 0 7 0 0 0 0 0 56 70 0 67 12 0 0 0 0
0 0 12 17 0 4 0 0 0 0 0 0 0 0 0 0 0 0 0 0 0 0 0 0 0 0 0 0 0 0 0 0 27 64 0 48 19 0 0 0 0
0 0 0 54 0 27 0 0 0 0 0 0 0 0 0 0 0 0 0 0 0 0 28 2 0 0 0 0 0 0 0 43 0 0 0 0 41 0 5 0 0
0 0 0 46 0 24 0 0 0 0 0 0 0 0 0 0 0 0 0 0 0 0 15 0 0 0 0 0 0 0 0 41 0 10 0 0 37 0 0 0 0
0 2 0 0 4 0 0 0 0 0 0 0 0 0 0 0 0 0 0 0 0 0 0 0 0 0 23 0 4 0 0 30 123 36 0 34 3 0 0 0 0
0 0 25 0 0 0 0 0 0 0 0 0 0 0 0 0 0 0 0 0 0 0 0 0 0 0 14 0 1 0 0 0 75 59 0 65 1 0 0 0 0
0 0 0 51 0 25 0 0 0 0 0 0 0 0 0 0 0 0 0 0 0 0 25 1 0 0 0 0 0 0 0 42 0 0 0 0 40 0 4 0 0
0 0 27 0 0 0 0 0 0 0 0 0 0 0 0 0 0 0 0 0 0 0 0 0 0 0 16 1 2 0 0 0 78 57 0 64 0 0 0 0 0
0 0 23 0 0 0 0 0 0 0 0 0 0 0 0 0 0 0 0 0 0 0 0 0 0 0 19 0 2 0 0 0 96 55 0 60 0 0 0 0 0
0 0 30 0 0 0 0 0 0 0 0 0 0 0 0 0 0 0 0 0 0 0 0 0 0 0 10 7 0 0 0 0 75 85 0 81 4 0 0 0 0
0 0 27 0 0 0 0 0 0 0 0 0 0 0 0 0 0 0 0 0 0 0 0 0 0 0 17 1 2 0 0 0 85 61 0 66 1 0 0 0 0
0 0 25 11 0 0 0 0 0 0 0 0 0 0 0 0 0 0 0 0 0 0 0 0 0 0 4 7 0 0 0 0 50 80 0 70 10 0 0 0 0
0 0 26 0 0 0 0 0 0 0 0 0 0 0 0 0 0 0 0 0 0 0 0 0 0 0 18 0 2 0 0 0 90 59 0 65 0 0 0 0 0
0 0 3 26 0 10 0 0 0 0 0 0 0 0 0 0 0 0 0 0 0 0 1 0 0 0 0 0 0 0 0 2 5 49 0 30 19 0 0 0 0
0 0 22 0 0 0 0 0 0 0 0 0 0 0 0 0 0 0 0 0 0 0 0 0 0 0 15 0 2 0 0 0 81 59 0 63 2 0 0 0 0
0 0 19 12 0 0 0 0 0 0 0 0 0 0 0 0 0 0 0 0 0 0 0 0 0 0 3 0 0 0 0 0 40 74 0 65 20 0 0 0 0
0 0 0 50 0 25 0 0 0 0 0 0 0 0 0 0 0 0 0 0 0 0 24 1 0 0 0 0 0 0 0 41 0 0 0 0 39 0 4 0 0
0 0 13 0 4 0 0 0 0 0 0 0 0 0 0 0 0 0 0 0 0 0 0 0 0 0 20 0 2 0 0 5 106 43 0 47 0 0 0 0 0
0 0 7 25 0 7 0 0 0 0 0 0 0 0 0 0 0 0 0 0 0 0 0 0 0 0 0 0 0 0 0 1 17 57 0 43 23 0 0 0 0
0 0 8 23 0 6 0 0 0 0 0 0 0 0 0 0 0 0 0 0 0 0 0 0 0 0 0 0 0 0 0 1 14 55 0 42 22 0 0 0 0
0 0 0 46 0 22 0 0 0 0 0 0 0 0 0 0 0 0 0 0 0 0 20 0 0 0 0 0 0 0 0 39 0 0 0 0 37 0 2 0 0
0 0 16 0 0 0 0 0 0 0 0 0 0 0 0 0 0 0 0 0 0 0 0 0 0 0 19 0 2 0 0 3 94 48 0 52 0 0 0 0 0
0 0 0 31 0 14 0 0 0 0 0 0 0 0 0 0 0 0 0 0 0 0 0 0 0 0 0 0 0 0 0 3 5 57 0 27 18 0 0 0 0
0 0 25 0 0 0 0 0 0 0 0 0 0 0 0 0 0 0 0 0 0 0 0 0 0 0 19 0 3 0 0 0 96 55 0 60 2 0 0 0 0
0 0 26 0 0 0 0 0 0 0 0 0 0 0 0 0 0 0 0 0 0 0 0 0 0 0 15 2 1 0 0 0 87 64 0 70 0 0 0 0 0
0 0 23 0 0 0 0 0 0 0 0 0 0 0 0 0 0 0 0 0 0 0 0 0 0 0 10 0 0 0 0 0 62 65 0 66 7 0 0 0 0
0 1 7 0 0 0 0 0 0 0 0 0 0 0 0 0 0 0 0 0 0 0 0 0 0 0 19 0 3 0 0 19 102 42 0 41 1 0 0 0 0
0 0 0 65 0 31 0 0 0 0 0 2 0 0 1 0 0 0 0 0 0 0 36 2 3 0 0 0 0 0 0 49 0 0 0 0 50 0 8 0 0
0 0 27 0 0 0 0 0 0 0 0 0 0 0 0 0 0 0 0 0 0 0 0 0 0 0 11 2 0 0 0 0 63 69 0 70 9 0 0 0 0
0 0 10 21 0 6 0 0 0 0 0 0 0 0 0 0 0 0 0 0 0 0 0 0 0 0 0 0 0 0 0 0 18 63 0 47 23 0 0 0 0
0 0 0 50 0 25 0 0 0 0 0 0 0 0 0 0 0 0 0 0 0 0 23 1 0 0 0 0 0 0 0 40 0 0 0 0 39 0 3 0 0
0 0 20 0 0 0 0 0 0 0 0 0 0 0 0 0 0 0 0 0 0 0 0 0 0 0 19 0 4 0 0 0 97 50 0 55 0 0 0 0 0
0 0 23 7 0 0 0 0 0 0 0 0 0 0 0 0 0 0 0 0 0 0 0 0 0 0 4 1 0 0 0 0 46 75 0 67 19 0 0 0 0
0 0 3 0 5 0 0 0 0 0 0 0 0 0 0 0 0 0 0 0 0 0 0 0 0 0 22 0 4 0 0 17 128 44 0 44 2 0 0 0 0
0 0 23 0 0 0 0 0 0 0 0 0 0 0 0 0 0 0 0 0 0 0 0 0 0 0 17 0 3 0 0 0 87 55 0 60 0 0 0 0 0
0 0 22 8 0 0 0 0 0 0 0 0 0 0 0 0 0 0 0 0 0 0 0 0 0 0 4 5 0 0 0 0 45 72 0 63 12 0 0 0 0
0 0 26 0 0 0 0 0 0 0 0 0 0 0 0 0 0 0 0 0 0 0 0 0 0 0 17 0 2 0 0 0 86 58 0 65 1 0 0 0 0
0 0 12 0 3 0 0 0 0 0 0 0 0 0 0 0 0 0 0 0 0 0 0 0 0 0 20 0 3 0 0 6 109 48 0 49 1 0 0 0 0
0 0 30 0 0 0 0 0 0 0 0 0 0 0 0 0 0 0 0 0 0 0 0 0 0 0 15 3 1 0 0 0 77 68 0 72 5 0 0 0 0
0 1 6 0 0 0 0 0 0 0 0 0 0 0 0 0 0 0 0 0 0 0 0 0 0 0 19 0 4 0 0 21 104 40 0 39 1 0 0 0 0
0 0 16 0 11 0 0 0 0 0 0 0 0 0 0 0 0 0 0 0 0 0 0 0 0 0 21 0 2 0 0 0 135 61 0 64 0 1 0 0 0
0 1 1 0 4 0 0 0 0 0 0 0 0 0 0 0 0 0 0 0 0 0 0 0 0 0 23 0 5 0 1 24 131 41 0 40 3 0 0 0 0
0 1 0 0 14 0 0 0 0 0 0 0 0 0 0 0 0 0 0 0 0 0 0 2 0 0 26 0 5 0 2 18 151 40 0 42 0 0 0 0 0
0 0 0 43 0 22 0 0 0 0 0 0 0 0 0 0 0 0 0 0 0 0 14 0 0 0 0 0 0 0 0 38 0 11 0 0 33 0 0 0 0
0 0 21 0 1 0 0 0 0 0 0 0 0 0 0 0 0 0 0 0 0 0 0 0 0 0 19 0 3 0 0 0 96 50 0 55 0 0 0 0 0
0 0 2 28 0 11 0 0 0 0 0 0 0 0 0 0 0 0 0 0 0 0 2 0 0 0 0 0 0 0 0 10 0 45 0 30 25 0 0 0 0
0 1 2 0 4 0 0 0 0 0 0 0 0 0 0 0 0 0 0 0 0 0 0 0 0 0 23 0 4 0 0 23 126 41 0 40 3 0 0 0 0
0 0 28 0 0 0 0 0 0 0 0 0 0 0 0 0 0 0 0 0 0 0 0 0 0 0 16 2 1 0 0 0 77 62 0 69 1 0 0 0 0
0 0 2 29 0 11 0 0 0 0 0 0 0 0 0 0 0 0 0 0 0 0 1 0 0 0 0 0 0 0 0 11 2 47 0 31 25 0 0 0 0
0 0 0 46 0 22 0 0 0 0 0 0 0 0 0 0 0 0 0 0 0 0 17 0 0 0 0 0 0 0 0 41 0 2 0 0 38 0 2 0 0
0 0 0 49 0 25 0 0 0 0 0 0 0 0 0 0 0 0 0 0 0 0 21 1 0 0 0 0 0 0 0 41 0 0 0 0 38 0 3 0 0
0 0 0 43 0 20 0 0 0 0 0 0 0 0 0 0 0 0 0 0 0 0 14 0 0 0 0 0 0 0 0 33 0 12 0 0 35 0 1 0 0
0 0 12 0 0 0 0 0 0 0 0 0 0 0 0 0 0 0 0 0 0 0 0 0 0 0 20 0 3 0 0 9 104 46 0 49 0 0 0 0 0
0 0 21 8 0 0 0 0 0 0 0 0 0 0 0 0 0 0 0 0 0 0 0 0 0 0 3 0 0 0 0 0 42 76 0 65 20 0 0 0 0
0 0 19 19 0 0 0 0 0 0 0 0 0 0 0 0 0 0 0 0 0 0 0 0 0 0 1 7 0 0 0 0 39 81 0 64 9 0 0 0 0
0 0 20 0 0 0 0 0 0 0 0 0 0 0 0 0 0 0 0 0 0 0 0 0 0 0 20 0 3 0 0 0 103 49 0 54 0 0 0 0 0
0 0 19 0 1 0 0 0 0 0 0 0 0 0 0 0 0 0 0 0 0 0 0 0 0 0 20 0 3 0 0 0 98 48 0 54 0 0 0 0 0
0 0 14 0 1 0 0 0 0 0 0 0 0 0 0 0 0 0 0 0 0 0 0 0 0 0 20 0 3 0 0 6 102 45 0 48 0 0 0 0 0
0 0 13 0 0 0 0 0 0 0 0 0 0 0 0 0 0 0 0 0 0 0 0 0 0 0 19 0 3 0 0 8 95 42 0 46 0 0 0 0 0
0 0 16 17 0 2 0 0 0 0 0 0 0 0 0 0 0 0 0 0 0 0 0 0 0 0 0 0 0 0 0 0 31 75 0 61 23 0 0 0 0
0 0 26 0 0 0 0 0 0 0 0 0 0 0 0 0 0 0 0 0 0 0 0 0 0 0 16 0 2 0 0 0 82 56 0 63 1 0 0 0 0
0 0 8 25 0 7 0 0 0 0 0 0 0 0 0 0 0 0 0 0 0 0 0 0 0 0 0 0 0 0 0 0 13 58 0 42 23 0 0 0 0
0 0 3 0 7 0 0 0 0 0 0 0 0 0 0 0 0 0 0 0 0 0 0 1 0 0 22 0 4 0 0 17 124 39 0 40 0 0 0 0 0
0 0 0 34 0 17 0 0 0 0 0 0 0 0 0 0 0 0 0 0 0 0 7 0 0 0 0 0 0 0 0 23 0 30 0 9 30 0 0 0 0
0 0 9 23 0 6 0 0 0 0 0 0 0 0 0 0 0 0 0 0 0 0 0 0 0 0 0 0 0 0 0 0 16 54 0 42 22 0 0 0 0
0 0 0 50 0 25 0 0 0 0 0 0 0 0 0 0 0 0 0 0 0 0 24 1 0 0 0 0 0 0 0 41 0 0 0 0 40 0 3 0 0
0 0 30 0 0 0 0 0 0 0 0 0 0 0 0 0 0 0 0 0 0 0 0 0 0 0 11 4 0 0 0 0 63 83 0 80 11 0 0 0 0
0 0 0 48 0 23 0 0 0 0 0 0 0 0 0 0 0 0 0 0 0 0 20 0 0 0 0 0 0 0 0 38 0 0 0 0 37 0 3 0 0
0 0 24 16 0 0 0 0 0 0 0 0 0 0 0 0 0 0 0 0 0 0 0 0 0 0 3 8 0 0 0 0 51 92 0 77 6 0 0 0 0
0 0 0 57 0 28 0 0 0 0 0 0 0 0 0 0 0 0 0 0 0 0 31 3 1 0 0 0 0 0 0 44 0 0 0 0 42 0 6 0 0
0 0 10 22 0 5 0 0 0 0 0 0 0 0 0 0 0 0 0 0 0 0 0 0 0 0 0 0 0 0 0 0 20 63 0 49 23 0 0 0 0
0 0 0 59 0 29 0 0 0 0 0 0 0 0 0 0 0 0 0 0 0 0 32 2 2 0 0 0 0 0 0 46 0 0 0 0 45 0 6 0 0
0 0 15 0 0 0 0 0 0 0 0 0 0 0 0 0 0 0 0 0 0 0 0 0 0 0 19 0 2 0 0 5 99 47 0 50 0 0 0 0 0
0 0 0 42 0 21 0 0 0 0 0 0 0 0 0 0 0 0 0 0 0 0 13 0 0 0 0 0 0 0 0 35 0 12 0 0 31 0 0 0 0
0 0 19 0 0 0 0 0 0 0 0 0 0 0 0 0 0 0 0 0 0 0 0 0 0 0 18 0 3 0 0 0 91 50 0 54 0 0 0 0 0
0 0 0 48 0 24 0 0 0 0 0 0 0 0 0 0 0 0 0 0 0 0 21 0 0 0 0 0 0 0 0 41 0 0 0 0 39 0 3 0 0
0 0 3 26 0 9 0 0 0 0 0 0 0 0 0 0 0 0 0 0 0 0 2 0 0 0 0 0 0 0 0 8 6 48 0 32 28 0 0 0 0
0 0 30 0 0 0 0 0 0 0 0 0 0 0 0 0 0 0 0 0 0 0 0 0 0 0 15 5 0 0 0 0 77 67 0 72 2 0 0 0 0
0 0 28 0 0 0 0 0 0 0 0 0 0 0 0 0 0 0 0 0 0 0 0 0 0 0 11 1 0 0 0 0 68 80 0 78 12 0 0 0 0
0 0 13 25 0 6 0 0 0 0 0 0 0 0 0 0 0 0 0 0 0 0 0 0 0 0 0 4 0 0 0 0 30 83 0 58 11 0 0 0 0
0 0 0 45 0 23 0 0 0 0 0 0 0 0 0 0 0 0 0 0 0 0 15 0 0 0 0 0 0 0 0 40 0 8 0 0 35 0 1 0 0
0 0 0 50 0 25 0 0 0 0 0 0 0 0 0 0 0 0 0 0 0 0 24 1 0 0 0 0 0 0 0 42 0 0 0 0 39 0 3 0 0
0 0 23 0 0 0 0 0 0 0 0 0 0 0 0 0 0 0 0 0 0 0 0 0 0 0 9 0 0 0 0 0 63 72 0 71 11 0 0 0 0
0 0 0 61 0 29 0 0 0 0 0 1 0 0 1 0 0 0 0 0 0 0 26 0 0 0 0 0 0 0 0 44 0 0 0 0 48 0 4 0 0
0 0 0 69 0 33 0 0 0 1 0 2 0 0 1 0 0 0 0 0 0 0 40 3 3 0 0 0 0 0 0 49 0 0 0 0 50 0 9 0 0
0 0 25 0 0 0 0 0 0 0 0 0 0 0 0 0 0 0 0 0 0 0 0 0 0 0 8 2 0 0 0 0 55 72 0 68 12 0 0 0 0
0 0 0 56 0 28 0 0 0 0 0 0 0 0 0 0 0 0 0 0 0 0 26 0 0 0 0 0 0 0 0 45 0 0 0 0 46 0 4 0 0
0 0 14 0 0 0 0 0 0 0 0 0 0 0 0 0 0 0 0 0 0 0 0 0 0 0 20 0 3 0 0 6 102 49 0 51 0 0 0 0 0
0 0 0 54 0 27 0 0 0 0 0 0 0 0 0 0 0 0 0 0 0 0 28 2 0 0 0 0 0 0 0 43 0 0 0 0 40 0 5 0 0
0 0 0 35 0 14 0 0 0 0 0 0 0 0 0 0 0 0 0 0 0 0 10 0 0 0 0 0 0 0 0 20 0 27 0 7 31 0 0 0 0
0 0 20 0 1 0 0 0 0 0 0 0 0 0 0 0 0 0 0 0 0 0 0 0 0 0 19 0 3 0 0 0 97 50 0 55 0 0 0 0 0
0 0 10 0 7 0 0 0 0 0 0 0 0 0 0 0 0 0 0 0 0 0 0 0 0 0 21 0 3 0 0 4 117 46 0 50 0 0 0 0 0
0 0 27 0 0 0 0 0 0 0 0 0 0 0 0 0 0 0 0 0 0 0 0 0 0 0 16 0 2 0 0 0 81 60 0 64 1 0 0 0 0
0 0 16 14 0 0 0 0 0 0 0 0 0 0 0 0 0 0 0 0 0 0 0 0 0 0 0 0 0 0 0 0 30 66 0 56 19 0 0 0 0
0 0 0 57 0 28 0 0 0 0 0 0 0 0 0 0 0 0 0 0 0 0 29 2 1 0 0 0 0 0 0 45 0 0 0 0 44 0 6 0 0
0 0 25 0 0 0 0 0 0 0 0 0 0 0 0 0 0 0 0 0 0 0 0 0 0 0 14 0 1 0 0 0 72 58 0 64 2 0 0 0 0
0 2 0 0 5 0 0 0 0 0 0 0 0 0 0 0 0 0 0 0 0 0 0 0 0 0 23 0 4 0 1 25 127 37 0 36 2 0 0 0 0
0 0 0 37 0 18 0 0 0 0 0 0 0 0 0 0 0 0 0 0 0 0 2 0 0 0 0 0 0 0 0 17 0 45 0 8 23 0 0 0 0
0 0 21 0 0 0 0 0 0 0 0 0 0 0 0 0 0 0 0 0 0 0 0 0 0 0 11 0 0 0 0 0 70 60 0 62 5 0 0 0 0
0 0 0 48 0 23 0 0 0 0 0 0 0 0 0 0 0 0 0 0 0 0 21 0 0 0 0 0 0 0 0 41 0 0 0 0 39 0 3 0 0
0 0 2 31 0 13 0 0 0 0 0 0 0 0 0 0 0 0 0 0 0 0 4 0 0 0 0 0 0 0 0 7 0 44 0 24 24 0 0 0 0
0 2 6 0 0 0 0 0 0 0 0 0 0 0 0 0 0 0 0 0 0 0 0 0 0 0 20 0 4 0 0 18 109 40 0 41 0 0 0 0 0
0 0 34 9 0 0 0 0 0 0 0 0 0 0 0 0 0 0 0 0 0 0 0 0 0 0 7 6 0 0 0 0 80 114 0 98 7 0 0 0 0
0 3 0 0 7 0 0 0 0 0 0 0 0 0 0 0 0 0 0 0 0 0 0 0 0 0 27 0 6 0 2 34 147 33 0 31 3 0 0 0 0
0 0 17 20 0 2 0 0 0 0 0 0 0 0 0 0 0 0 0 0 0 0 0 0 0 0 1 7 0 0 0 0 38 79 0 62 9 0 0 0 0
0 0 28 0 0 0 0 0 0 0 0 0 0 0 0 0 0 0 0 0 0 0 0 0 0 0 17 2 2 0 0 0 86 58 0 65 0 0 0 0 0
0 0 0 51 0 26 0 0 0 0 0 0 0 0 0 0 0 0 0 0 0 0 23 1 0 0 0 0 0 0 0 45 0 0 0 0 41 0 4 0 0
0 0 0 51 0 26 0 0 0 0 0 0 0 0 0 0 0 0 0 0 0 0 25 1 0 0 0 0 0 0 0 40 0 0 0 0 37 0 4 0 0
0 0 0 46 0 22 0 0 0 0 0 0 0 0 0 0 0 0 0 0 0 0 19 0 0 0 0 0 0 0 0 39 0 0 0 0 37 0 2 0 0
0 0 24 0 0 0 0 0 0 0 0 0 0 0 0 0 0 0 0 0 0 0 0 0 0 0 14 0 2 0 0 0 72 58 0 62 1 0 0 0 0
0 0 12 0 11 0 0 0 0 0 0 0 0 0 0 0 0 0 0 0 0 0 0 0 0 0 22 0 2 0 0 0 129 55 0 57 0 0 0 0 0
0 3 0 0 6 0 0 0 0 0 0 0 0 0 0 0 0 0 0 0 0 0 0 0 0 0 25 0 5 0 2 36 137 34 0 31 3 0 0 0 0
0 0 13 0 4 0 0 0 0 0 0 0 0 0 0 0 0 0 0 0 0 0 0 0 0 0 21 0 2 0 0 4 110 49 0 51 0 0 0 0 0
0 0 0 40 0 17 0 0 0 0 0 0 0 0 0 0 0 0 0 0 0 0 10 0 0 0 0 0 0 0 0 26 0 24 0 1 32 0 0 0 0
0 0 22 0 0 0 0 0 0 0 0 0 0 0 0 0 0 0 0 0 0 0 0 0 0 0 16 0 3 0 0 0 81 48 0 56 0 0 0 0 0
0 0 0 34 0 17 0 0 0 0 0 0 0 0 0 0 0 0 0 0 0 0 7 0 0 0 0 0 0 0 0 22 0 29 0 5 27 0 0 0 0
0 0 22 0 0 0 0 0 0 0 0 0 0 0 0 0 0 0 0 0 0 0 0 0 0 0 11 0 0 0 0 0 66 64 0 66 6 0 0 0 0
0 0 0 47 0 23 0 0 0 0 0 0 0 0 0 0 0 0 0 0 0 0 20 0 0 0 0 0 0 0 0 38 0 0 0 0 37 0 3 0 0
0 0 0 59 0 30 0 0 0 0 0 0 0 0 0 0 1 0 0 0 0 0 33 2 1 0 0 0 0 0 0 43 0 0 0 0 42 0 6 0 0
0 0 0 34 0 15 0 0 0 0 0 0 0 0 0 0 0 0 0 0 0 0 7 0 0 0 0 0 0 0 0 17 0 32 0 15 28 0 0 0 0
0 0 22 2 0 0 0 0 0 0 0 0 0 0 0 0 0 0 0 0 0 0 0 0 0 0 7 0 0 0 0 0 52 70 0 66 13 0 0 0 0
0 0 0 46 0 22 0 0 0 0 0 0 0 0 0 0 0 0 0 0 0 0 19 0 0 0 0 0 0 0 0 40 0 0 0 0 37 0 2 0 0
0 0 0 58 0 29 0 0 0 0 0 0 0 0 0 0 0 0 0 0 0 0 32 2 1 0 0 0 0 0 0 45 0 0 0 0 43 0 6 0 0
0 0 22 0 0 0 0 0 0 0 0 0 0 0 0 0 0 0 0 0 0 0 0 0 0 0 20 0 3 0 0 0 102 56 0 60 1 0 0 0 0
0 0 10 18 0 5 0 0 0 0 0 0 0 0 0 0 0 0 0 0 0 0 0 0 0 0 0 0 0 0 0 0 20 53 0 38 19 0 0 0 0
0 0 17 0 2 0 0 0 0 0 0 0 0 0 0 0 0 0 0 0 0 0 0 0 0 0 20 0 3 0 0 0 110 54 0 57 0 0 0 0 0
0 0 23 0 0 0 0 0 0 0 0 0 0 0 0 0 0 0 0 0 0 0 0 0 0 0 20 0 3 0 0 0 98 52 0 58 0 0 0 0 0
0 0 28 0 0 0 0 0 0 0 0 0 0 0 0 0 0 0 0 0 0 0 0 0 0 0 10 3 0 0 0 0 62 74 0 73 12 0 0 0 0
0 0 30 0 0 0 0 0 0 0 0 0 0 0 0 0 0 0 0 0 0 0 0 0 0 0 13 3 0 0 0 0 69 74 0 76 8 0 0 0 0
0 0 0 56 0 28 0 0 0 0 0 0 0 0 0 0 0 0 0 0 0 0 29 2 1 0 0 0 0 0 0 45 0 0 0 0 43 0 5 0 0
0 0 20 22 0 0 0 0 0 0 0 0 0 0 0 0 0 0 0 0 0 0 0 0 0 0 1 6 0 0 0 0 52 103 0 78 9 0 0 0 0
0 0 19 8 0 0 0 0 0 0 0 0 0 0 0 0 0 0 0 0 0 0 0 0 0 0 3 0 0 0 0 0 36 68 0 61 18 0 0 0 0
0 0 25 0 0 0 0 0 0 0 0 0 0 0 0 0 0 0 0 0 0 0 0 0 0 0 13 0 1 0 0 0 70 60 0 65 3 0 0 0 0
0 0 28 0 0 0 0 0 0 0 0 0 0 0 0 0 0 0 0 0 0 0 0 0 0 0 8 5 0 0 0 0 58 79 0 74 13 0 0 0 0
0 0 0 31 0 12 0 0 0 0 0 0 0 0 0 0 0 0 0 0 0 0 0 0 0 0 0 0 0 0 0 2 6 55 0 27 19 0 0 0 0
0 0 4 26 0 9 0 0 0 0 0 0 0 0 0 0 0 0 0 0 0 0 2 0 0 0 0 0 0 0 0 7 2 48 0 30 26 0 0 0 0
0 0 17 0 1 0 0 0 0 0 0 0 0 0 0 0 0 0 0 0 0 0 0 0 0 0 20 0 3 0 0 1 106 52 0 54 0 0 0 0 0
0 0 22 0 2 0 0 0 0 0 0 0 0 0 0 0 0 0 0 0 0 0 0 0 0 0 19 0 2 0 0 0 109 60 0 66 0 0 0 0 0
0 0 21 0 0 0 0 0 0 0 0 0 0 0 0 0 0 0 0 0 0 0 0 0 0 0 16 0 3 0 0 0 82 51 0 56 0 0 0 0 0
0 0 24 0 0 0 0 0 0 0 0 0 0 0 0 0 0 0 0 0 0 0 0 0 0 0 19 0 3 0 0 0 97 55 0 61 0 0 0 0 0
0 0 13 0 3 0 0 0 0 0 0 0 0 0 0 0 0 0 0 0 0 0 0 0 0 0 21 0 3 0 0 7 109 51 0 51 1 0 0 0 0
0 0 0 44 0 19 0 0 0 0 0 0 0 0 0 0 0 0 0 0 0 0 13 0 0 0 0 0 0 0 0 27 0 18 0 0 32 0 1 0 0
0 0 0 60 0 29 0 0 0 0 0 0 0 0 0 0 0 0 0 0 0 0 32 2 1 0 0 0 0 0 0 46 0 0 0 0 45 0 6 0 0
0 0 19 0 0 0 0 0 0 0 0 0 0 0 0 0 0 0 0 0 0 0 0 0 0 0 20 0 3 0 0 0 106 53 0 57 1 0 0 0 0
0 0 29 0 0 0 0 0 0 0 0 0 0 0 0 0 0 0 0 0 0 0 0 0 0 0 16 1 2 0 0 0 81 63 0 70 3 0 0 0 0
0 0 0 43 0 22 0 0 0 0 0 0 0 0 0 0 0 0 0 0 0 0 15 1 0 0 0 0 0 0 0 38 0 8 0 0 34 0 1 0 0
0 0 0 57 0 28 0 0 0 0 0 0 0 0 0 0 0 0 0 0 0 0 29 2 1 0 0 0 0 0 0 46 0 0 0 0 44 0 6 0 0
0 0 0 46 0 22 0 0 0 0 0 0 0 0 0 0 0 0 0 0 0 0 19 0 0 0 0 0 0 0 0 39 0 0 0 0 37 0 2 0 0
0 0 18 0 5 0 0 0 0 0 0 0 0 0 0 0 0 0 0 0 0 0 0 0 0 0 19 0 2 0 0 0 116 61 0 64 0 0 0 0 0
0 0 0 58 0 28 0 0 0 0 0 0 0 0 0 0 0 0 0 0 0 0 29 1 1 0 0 0 0 0 0 47 0 0 0 0 46 0 6 0 0
0 0 27 4 0 0 0 0 0 0 0 0 0 0 0 0 0 0 0 0 0 0 0 0 0 0 7 5 0 0 0 0 55 77 0 71 11 0 0 0 0
0 1 10 0 0 0 0 0 0 0 0 0 0 0 0 0 0 0 0 0 0 0 0 0 0 0 21 0 5 0 0 13 111 44 0 45 0 0 0 0 0
0 0 23 0 0 0 0 0 0 0 0 0 0 0 0 0 0 0 0 0 0 0 0 0 0 0 9 0 0 0 0 0 59 68 0 66 9 0 0 0 0
0 0 8 0 6 0 0 0 0 0 0 0 0 0 0 0 0 0 0 0 0 0 0 1 0 0 21 0 3 0 0 11 119 46 0 47 0 0 0 0 0
0 0 0 50 0 25 0 0 0 0 0 0 0 0 0 0 0 0 0 0 0 0 24 2 0 0 0 0 0 0 0 43 0 0 0 0 40 0 3 0 0
0 0 0 54 0 27 0 0 0 0 0 0 0 0 0 0 0 0 0 0 0 0 26 1 0 0 0 0 0 0 0 40 0 0 0 0 39 0 4 0 0
0 0 20 0 0 0 0 0 0 0 0 0 0 0 0 0 0 0 0 0 0 0 0 0 0 0 19 0 4 0 0 0 95 50 0 55 0 0 0 0 0
0 0 11 22 0 4 0 0 0 0 0 0 0 0 0 0 0 0 0 0 0 0 0 0 0 0 0 0 0 0 0 0 21 64 0 48 23 0 0 0 0
0 0 13 0 0 0 0 0 0 0 0 0 0 0 0 0 0 0 0 0 0 0 0 0 0 0 19 0 4 0 0 9 100 43 0 47 0 0 0 0 0
0 0 11 20 0 4 0 0 0 0 0 0 0 0 0 0 0 0 0 0 0 0 0 0 0 0 0 0 0 0 0 0 21 59 0 46 21 0 0 0 0
0 2 4 0 0 0 0 0 0 0 0 0 0 0 0 0 0 0 0 0 0 0 0 0 0 0 21 0 4 0 0 23 111 36 0 37 1 0 0 0 0
0 0 0 30 0 13 0 0 0 0 0 0 0 0 0 0 0 0 0 0 0 0 6 0 0 0 0 0 0 0 0 13 0 38 0 18 28 0 0 0 0
0 0 7 27 0 10 0 0 0 0 0 0 0 0 0 0 0 0 0 0 0 0 0 0 0 0 0 2 0 0 0 0 17 71 0 42 13 0 0 0 0
0 0 0 50 0 24 0 0 0 0 0 0 0 0 0 0 0 0 0 0 0 0 22 0 0 0 0 0 0 0 0 38 0 0 0 0 39 0 3 0 0
0 0 21 0 1 0 0 0 0 0 0 0 0 0 0 0 0 0 0 0 0 0 0 0 0 0 19 0 3 0 0 0 98 51 0 57 0 0 0 0 0
0 0 14 0 0 0 0 0 0 0 0 0 0 0 0 0 0 0 0 0 0 0 0 0 0 0 19 0 3 0 0 7 98 45 0 47 0 0 0 0 0
0 0 16 15 0 2 0 0 0 0 0 0 0 0 0 0 0 0 0 0 0 0 0 0 0 0 0 0 0 0 0 0 27 70 0 56 23 0 0 0 0
0 0 25 0 0 0 0 0 0 0 0 0 0 0 0 0 0 0 0 0 0 0 0 0 0 0 13 0 1 0 0 0 71 59 0 64 4 0 0 0 0
0 0 29 4 0 0 0 0 0 0 0 0 0 0 0 0 0 0 0 0 0 0 0 0 0 0 7 7 0 0 0 0 59 83 0 77 10 0 0 0 0
0 0 6 0 4 0 0 0 0 0 0 0 0 0 0 0 0 0 0 0 0 0 0 0 0 0 22 0 4 0 0 18 120 43 0 43 2 0 0 0 0
0 0 0 47 0 23 0 0 0 0 0 0 0 0 0 0 0 0 0 0 0 0 20 0 0 0 0 0 0 0 0 41 0 0 0 0 38 0 3 0 0
0 0 28 0 0 0 0 0 0 0 0 0 0 0 0 0 0 0 0 0 0 0 0 0 0 0 17 3 1 0 0 0 98 69 0 75 0 0 0 0 0
0 0 31 0 0 0 0 0 0 0 0 0 0 0 0 0 0 0 0 0 0 0 0 0 0 0 13 5 0 0 0 0 84 72 0 76 2 0 0 0 0
0 0 24 0 0 0 0 0 0 0 0 0 0 0 0 0 0 0 0 0 0 0 0 0 0 0 16 0 2 0 0 0 84 54 0 61 0 0 0 0 0
0 0 3 0 14 0 0 0 0 0 0 0 0 0 0 0 0 0 0 0 0 0 0 2 0 0 24 0 4 0 1 11 139 45 0 46 0 0 0 0 0
0 0 12 0 1 0 0 0 0 0 0 0 0 0 0 0 0 0 0 0 0 0 0 0 0 0 21 0 3 0 0 10 107 46 0 48 0 0 0 0 0
0 1 7 0 0 0 0 0 0 0 0 0 0 0 0 0 0 0 0 0 0 0 0 0 0 0 20 0 4 0 0 18 106 39 0 40 1 0 0 0 0
0 0 0 36 0 15 0 0 0 0 0 0 0 0 0 0 0 0 0 0 0 0 0 0 0 0 0 0 0 0 0 4 1 61 0 23 19 0 0 0 0
0 0 21 0 0 0 0 0 0 0 0 0 0 0 0 0 0 0 0 0 0 0 0 0 0 0 19 0 3 0 0 0 93 50 0 56 0 0 0 0 0
0 3 0 0 2 0 0 0 0 0 0 0 0 0 0 0 0 0 0 0 0 0 0 0 0 0 21 0 4 0 0 33 117 32 0 30 4 0 0 0 0
0 0 13 17 0 2 0 0 0 0 0 0 0 0 0 0 0 0 0 0 0 0 0 0 0 0 0 0 0 0 0 0 26 69 0 55 23 0 0 0 0
1 0 26 0 0 0 0 0 0 0 0 0 0 0 0 0 0 0 0 0 0 0 0 0 0 0 9 4 0 0 0 0 58 73 0 71 11 0 0 0 0
0 2 6 0 0 0 0 0 0 0 0 0 0 0 0 0 0 0 0 0 0 0 0 0 0 0 20 0 4 0 0 19 104 36 0 38 0 0 0 0 0
0 0 0 39 0 18 0 0 0 0 0 0 0 0 0 0 0 0 0 0 0 0 12 0 0 0 0 0 0 0 0 27 0 16 0 0 32 0 0 0 0
0 0 0 34 0 17 0 0 0 0 0 0 0 0 0 0 0 0 0 0 0 0 8 0 0 0 0 0 0 0 0 23 0 26 0 4 29 0 0 0 0
0 0 28 0 0 0 0 0 0 0 0 0 0 0 0 0 0 0 0 0 0 0 0 0 0 0 17 0 3 0 0 0 85 57 0 65 1 0 0 0 0
0 0 0 47 0 23 0 0 0 0 0 0 0 0 0 0 0 0 0 0 0 0 20 0 0 0 0 0 0 0 0 38 0 0 0 0 38 0 2 0 0
0 1 4 0 3 0 0 0 0 0 0 0 0 0 0 0 0 0 0 0 0 0 0 0 0 0 22 0 4 0 0 20 124 42 0 41 3 0 0 0 0
0 0 0 67 0 33 0 0 0 0 0 1 0 0 0 0 0 0 0 0 0 0 40 3 3 0 0 0 0 0 0 49 0 0 0 0 49 0 9 0 0
0 0 15 15 0 0 0 0 0 0 0 0 0 0 0 0 0 0 0 0 0 0 0 0 0 0 1 0 0 0 0 0 35 67 0 57 18 0 0 0 0
0 0 23 0 0 0 0 0 0 0 0 0 0 0 0 0 0 0 0 0 0 0 0 0 0 0 9 0 0 0 0 0 56 73 0 70 11 0 0 0 0
0 0 21 0 0 0 0 0 0 0 0 0 0 0 0 0 0 0 0 0 0 0 0 0 0 0 19 0 4 0 0 0 98 52 0 56 0 0 0 0 0
0 1 5 0 4 0 0 0 0 0 0 0 0 0 0 0 0 0 0 0 0 0 0 0 0 0 22 0 4 0 0 20 120 42 0 41 3 0 0 0 0
0 4 0 0 5 0 0 0 0 0 0 0 0 0 0 0 0 0 0 0 0 0 0 0 0 0 25 0 5 0 3 41 140 33 0 29 3 0 0 0 0
0 0 13 0 2 0 0 0 0 0 0 0 0 0 0 0 0 0 0 0 0 0 0 0 0 0 21 0 3 0 0 6 114 52 0 52 1 0 0 0 0
0 0 13 0 0 0 0 0 0 0 0 0 0 0 0 0 0 0 0 0 0 0 0 0 0 0 20 0 3 0 0 6 102 45 0 49 0 0 0 0 0
0 0 17 0 0 0 0 0 0 0 0 0 0 0 0 0 0 0 0 0 0 0 0 0 0 0 18 0 3 0 0 2 94 47 0 52 0 0 0 0 0
0 0 27 0 0 0 0 0 0 0 0 0 0 0 0 0 0 0 0 0 0 0 0 0 0 0 9 5 0 0 0 0 63 66 0 66 6 0 0 0 0
0 0 0 36 0 14 0 0 0 0 0 0 0 0 0 0 0 0 0 0 0 0 7 0 0 0 0 0 0 0 0 20 0 32 0 13 29 0 0 0 0
0 0 23 0 0 0 0 0 0 0 0 0 0 0 0 0 0 0 0 0 0 0 0 0 0 0 19 0 4 0 0 0 94 56 0 60 0 0 0 0 0
0 0 26 0 0 0 0 0 0 0 0 0 0 0 0 0 0 0 0 0 0 0 0 0 0 0 17 0 2 0 0 0 82 56 0 64 0 0 0 0 0
0 0 0 59 0 30 0 0 0 0 0 0 0 0 0 0 1 0 0 0 0 0 33 2 1 0 0 0 0 0 0 44 0 0 0 0 42 0 7 0 0
0 1 7 0 0 0 0 0 0 0 0 0 0 0 0 0 0 0 0 0 0 0 0 0 0 0 19 0 3 0 0 19 102 39 0 40 1 0 0 0 0
0 0 0 65 0 31 0 0 0 0 0 1 0 0 0 0 0 0 0 0 0 0 37 3 3 0 0 0 0 0 0 49 0 0 0 0 48 0 8 0 0
0 0 20 0 0 0 0 0 0 0 0 0 0 0 0 0 0 0 0 0 0 0 0 0 0 0 19 0 3 0 0 0 95 50 0 55 0 0 0 0 0
0 0 28 0 0 0 0 0 0 0 0 0 0 0 0 0 0 0 0 0 0 0 0 0 0 0 10 2 0 0 0 0 61 73 0 72 12 0 0 0 0
0 0 0 51 0 25 0 0 0 0 0 0 0 0 0 0 0 0 0 0 0 0 24 1 0 0 0 0 0 0 0 39 0 0 0 0 38 0 3 0 0
0 0 0 44 0 22 0 0 0 0 0 0 0 0 0 0 0 0 0 0 0 0 17 0 0 0 0 0 0 0 0 38 0 3 0 0 35 0 1 0 0
0 0 23 2 0 0 0 0 0 0 0 0 0 0 0 0 0 0 0 0 0 0 0 0 0 0 7 0 0 0 0 0 52 74 0 68 14 0 0 0 0
0 0 14 17 0 3 0 0 0 0 0 0 0 0 0 0 0 0 0 0 0 0 0 0 0 0 0 4 0 0 0 0 32 67 0 52 12 0 0 0 0
0 0 16 0 3 0 0 0 0 0 0 0 0 0 0 0 0 0 0 0 0 0 0 0 0 0 19 0 3 0 0 0 101 48 0 51 0 0 0 0 0
0 0 13 0 4 0 0 0 0 0 0 0 0 0 0 0 0 0 0 0 0 0 0 0 0 0 21 0 2 0 0 5 109 48 0 50 0 0 0 0 0
0 0 0 57 0 28 0 0 0 0 0 0 0 0 1 0 0 0 0 0 0 0 20 0 0 0 0 0 0 0 0 41 0 7 0 0 45 0 2 0 0
0 1 6 0 0 0 0 0 0 0 0 0 0 0 0 0 0 0 0 0 0 0 0 0 0 0 21 0 4 0 0 19 111 40 0 40 0 0 0 0 0
0 0 29 0 0 0 0 0 0 0 0 0 0 0 0 0 0 0 0 0 0 0 0 0 0 0 10 3 0 0 0 0 63 74 0 73 12 0 0 0 0
0 2 3 0 0 0 0 0 0 0 0 0 0 0 0 0 0 0 0 0 0 0 0 0 0 0 21 0 4 0 0 25 113 37 0 37 1 0 0 0 0
0 0 22 0 0 0 0 0 0 0 0 0 0 0 0 0 0 0 0 0 0 0 0 0 0 0 8 0 0 0 0 0 55 66 0 64 9 0 0 0 0
0 0 29 0 0 0 0 0 0 0 0 0 0 0 0 0 0 0 0 0 0 0 0 0 0 0 11 6 0 0 0 0 70 72 0 73 4 0 0 0 0
0 0 16 0 0 0 0 0 0 0 0 0 0 0 0 0 0 0 0 0 0 0 0 0 0 0 19 0 3 0 0 5 96 45 0 49 0 0 0 0 0
0 0 21 11 0 0 0 0 0 0 0 0 0 0 0 0 0 0 0 0 0 0 0 0 0 0 3 1 0 0 0 0 40 80 0 66 20 0 0 0 0
0 0 0 63 0 30 0 0 0 0 0 1 0 0 1 0 0 0 0 0 0 0 34 1 2 0 0 0 0 0 0 50 0 0 0 0 51 0 7 0 0
0 0 27 0 0 0 0 0 0 0 0 0 0 0 0 0 0 0 0 0 0 0 0 0 0 0 17 2 1 0 0 0 84 61 0 67 0 0 0 0 0
0 0 21 5 0 0 0 0 0 0 0 0 0 0 0 0 0 0 0 0 0 0 0 0 0 0 6 0 0 0 0 0 52 73 0 68 13 0 0 0 0
0 0 16 0 4 0 0 0 0 0 0 0 0 0 0 0 0 0 0 0 0 0 0 0 0 0 20 0 2 0 0 0 113 53 0 56 0 0 0 0 0
0 0 28 0 0 0 0 0 0 0 0 0 0 0 0 0 0 0 0 0 0 0 0 0 0 0 9 5 0 0 0 0 62 78 0 73 11 0 0 0 0
0 0 19 7 0 0 0 0 0 0 0 0 0 0 0 0 0 0 0 0 0 0 0 0 0 0 6 0 0 0 0 0 52 59 0 56 12 0 0 0 0
0 0 17 0 0 0 0 0 0 0 0 0 0 0 0 0 0 0 0 0 0 0 0 0 0 0 19 0 3 0 0 2 97 53 0 55 1 0 0 0 0
0 0 1 28 0 10 0 0 0 0 0 0 0 0 0 0 0 0 0 0 0 0 4 0 0 0 0 0 0 0 0 12 0 43 0 26 28 0 0 0 0
0 0 15 0 0 0 0 0 0 0 0 0 0 0 0 0 0 0 0 0 0 0 0 0 0 0 20 0 4 0 0 5 104 49 0 51 0 0 0 0 0
0 0 0 53 0 26 0 0 0 0 0 0 0 0 0 0 0 0 0 0 0 0 26 2 0 0 0 0 0 0 0 42 0 0 0 0 41 0 4 0 0
0 0 4 28 0 10 0 0 0 0 0 0 0 0 0 0 0 0 0 0 0 0 1 0 0 0 0 0 0 0 0 4 3 49 0 34 24 0 0 0 0
0 0 22 0 2 0 0 0 0 0 0 0 0 0 0 0 0 0 0 0 0 0 0 0 0 0 19 0 3 0 0 0 94 51 0 57 0 0 0 0 0
0 0 0 50 0 25 0 0 0 0 0 0 0 0 0 0 0 0 0 0 0 0 22 0 0 0 0 0 0 0 0 41 0 0 0 0 40 0 4 0 0
0 0 13 0 0 0 0 0 0 0 0 0 0 0 0 0 0 0 0 0 0 0 0 0 0 0 19 0 3 0 0 9 99 43 0 46 0 0 0 0 0
0 0 26 0 0 0 0 0 0 0 0 0 0 0 0 0 0 0 0 0 0 0 0 0 0 0 16 0 2 0 0 0 83 61 0 66 2 0 0 0 0
0 0 0 43 0 21 0 0 0 0 0 0 0 0 0 0 0 0 0 0 0 0 15 0 0 0 0 0 0 0 0 37 0 8 0 0 36 0 1 0 0
0 0 27 10 0 0 0 0 0 0 0 0 0 0 0 0 0 0 0 0 0 0 0 0 0 0 5 7 0 0 0 0 58 86 0 76 9 0 0 0 0
0 0 27 0 0 0 0 0 0 0 0 0 0 0 0 0 0 0 0 0 0 0 0 0 0 0 17 0 2 0 0 0 89 63 0 67 4 0 0 0 0
0 0 10 0 5 0 0 0 0 0 0 0 0 0 0 0 0 0 0 0 0 0 0 0 0 0 20 0 3 0 0 8 110 44 0 46 0 0 0 0 0
0 0 26 0 0 0 0 0 0 0 0 0 0 0 0 0 0 0 0 0 0 0 0 0 0 0 16 1 2 0 0 0 98 65 0 71 0 0 0 0 0
0 0 0 60 0 31 0 0 0 0 0 1 0 0 0 0 0 0 0 0 0 0 34 2 2 0 0 0 0 0 0 47 0 0 0 0 45 0 7 0 0
0 0 22 0 1 0 0 0 0 0 0 0 0 0 0 0 0 0 0 0 0 0 0 0 0 0 19 0 2 0 0 0 96 57 0 61 0 0 0 0 0
0 0 12 0 2 0 0 0 0 0 0 0 0 0 0 0 0 0 0 0 0 0 0 0 0 0 21 0 3 0 0 6 112 50 0 51 0 0 0 0 0
0 0 26 0 0 0 0 0 0 0 0 0 0 0 0 0 0 0 0 0 0 0 0 0 0 0 14 3 0 0 0 0 77 60 0 65 1 0 0 0 0
0 0 23 0 0 0 0 0 0 0 0 0 0 0 0 0 0 0 0 0 0 0 0 0 0 0 18 0 3 0 0 0 90 53 0 59 0 0 0 0 0
0 0 24 0 0 0 0 0 0 0 0 0 0 0 0 0 0 0 0 0 0 0 0 0 0 0 14 0 1 0 0 0 72 57 0 64 1 0 0 0 0
0 0 4 26 0 11 0 0 0 0 0 0 0 0 0 0 0 0 0 0 0 0 1 0 0 0 0 0 0 0 0 7 2 48 0 30 26 0 0 0 0
0 0 21 10 0 0 0 0 0 0 0 0 0 0 0 0 0 0 0 0 0 0 0 0 0 0 3 1 0 0 0 0 41 76 0 66 21 0 0 0 0
0 3 0 0 1 0 0 0 0 0 0 0 0 0 0 0 0 0 0 0 0 0 0 0 0 0 21 0 5 0 1 33 114 31 0 30 2 0 0 0 0
0 0 28 0 0 0 0 0 0 0 0 0 0 0 0 0 0 0 0 0 0 0 0 0 0 0 17 4 1 0 0 0 87 60 0 68 0 0 0 0 0
