8 0 0 0 0 8 0 0 0 0 0 0 0 0 0 0 0 0 0 0 0 0 0 2 0 0 0 0 0 0 0 0 0 0 0 0 0 0 0 23 1
0 0 7 0 0 0 0 11 0 0 0 1 0 0 0 28 0 0 0 0 0 0 0 0 10 0 0 0 0 0 0 5 0 0 10 12 0 1 0 0 2
7 0 5 0 0 10 0 0 0 0 0 0 0 0 0 0 0 1 0 0 0 0 0 0 0 0 0 0 0 0 0 0 0 0 0 0 0 2 0 22 8
0 0 13 0 0 0 0 8 0 0 0 1 0 0 0 21 0 0 0 0 0 0 0 0 4 0 0 0 0 0 0 0 0 0 8 0 0 3 0 0 12
8 0 4 0 0 10 0 0 0 0 0 0 0 0 0 0 0 1 0 0 0 0 0 1 0 0 0 0 0 0 0 0 0 0 0 0 0 1 0 23 7
0 0 5 0 0 0 0 6 0 0 0 0 0 0 1 20 0 2 0 0 0 0 1 0 9 0 0 0 0 0 0 4 0 0 12 10 0 0 0 0 4
0 0 3 0 0 0 0 9 0 0 0 0 0 0 0 12 0 0 0 0 0 0 0 0 0 0 0 0 0 0 0 15 0 0 0 19 0 0 0 0 0
11 0 0 0 0 11 0 0 0 0 0 0 0 0 0 0 0 0 0 0 0 0 0 3 0 1 0 0 1 0 0 0 0 0 0 0 0 1 0 27 0
0 0 11 0 0 0 0 9 0 0 0 0 0 0 1 18 0 0 0 0 0 0 0 0 1 0 0 0 0 0 0 7 0 0 2 6 0 3 0 0 7
7 0 0 0 0 7 0 0 0 0 0 0 0 0 0 0 0 0 0 0 0 0 0 1 0 0 0 0 0 0 0 0 0 0 0 0 0 0 0 21 0
11 0 0 0 0 11 0 0 0 0 0 1 0 0 0 0 0 0 0 0 0 0 0 3 0 1 0 0 2 0 0 0 0 0 0 0 0 0 0 25 0
0 0 1 0 0 0 0 0 0 0 0 0 0 0 0 6 0 2 0 0 0 0 1 0 4 0 0 0 0 0 0 5 0 0 13 8 0 0 0 2 6
0 0 0 0 0 0 0 4 0 0 0 0 0 0 0 9 0 1 0 0 0 0 0 0 2 0 0 0 0 0 0 13 0 0 2 17 0 0 0 0 0
1 0 4 0 0 1 0 0 0 0 0 0 0 0 0 5 0 1 0 0 0 0 0 0 0 0 0 0 0 0 0 4 0 0 5 5 0 0 0 11 6
0 0 0 0 0 0 0 4 0 0 0 0 0 0 0 10 0 1 0 0 0 0 0 0 3 0 0 0 0 0 0 12 0 0 4 16 0 0 0 0 0
4 0 0 0 0 4 0 0 0 0 0 0 0 0 0 0 0 0 0 0 0 0 0 1 0 0 0 0 0 0 0 3 0 0 4 3 0 0 0 15 0
0 0 2 0 0 2 0 0 0 0 0 0 0 0 0 3 0 1 0 0 0 0 0 0 0 0 0 0 0 0 0 5 0 0 4 5 0 0 0 10 5
0 1 19 0 0 0 0 15 0 0 0 2 0 0 3 36 0 1 0 0 0 0 1 0 11 0 0 0 0 0 0 0 0 0 13 0 0 4 0 0 14
16 0 0 0 0 16 0 0 0 0 0 1 0 0 0 0 0 1 0 0 0 1 0 4 0 1 0 0 2 0 0 0 0 0 0 0 0 1 0 36 0
5 0 0 0 0 5 0 0 0 0 0 0 0 0 0 0 0 1 0 0 0 0 0 1 0 0 0 0 0 0 0 0 0 0 4 0 0 0 0 18 2
2 0 0 0 0 2 0 0 0 0 0 0 0 0 0 0 0 0 0 0 0 0 1 1 0 0 0 0 0 0 0 10 0 0 0 11 0 0 0 9 0
1 0 0 0 0 2 0 0 0 0 0 0 0 0 0 0 0 0 0 0 0 0 0 0 0 0 0 0 0 0 0 8 0 0 2 9 0 0 0 10 0
4 0 0 0 0 4 0 0 0 0 0 0 0 0 0 0 0 1 0 0 0 0 0 1 0 0 0 0 0 0 0 0 0 0 7 0 0 0 0 16 2
0 0 10 0 0 0 0 9 0 0 0 0 0 0 1 27 0 1 0 0 0 0 1 0 10 0 0 0 0 0 0 0 0 0 15 4 0 1 0 0 9
0 0 3 0 0 0 0 7 0 0 0 0 0 0 0 13 0 0 0 0 0 0 0 0 2 0 0 0 0 0 0 12 0 0 2 14 0 0 0 0 1
9 0 0 0 0 9 0 0 0 0 0 0 0 0 0 0 0 0 0 0 0 0 0 2 0 0 0 0 1 0 0 0 0 0 0 0 0 0 0 24 0
5 0 0 0 0 5 0 0 0 0 0 0 0 0 0 0 0 0 0 0 0 0 0 1 0 0 0 0 0 0 0 5 0 0 0 3 0 0 0 18 0
4 0 0 0 0 5 0 0 0 0 0 0 0 0 0 0 0 0 0 0 0 0 0 0 0 0 0 0 0 0 0 3 0 0 0 1 0 0 0 18 0
5 0 0 0 0 5 0 0 0 0 0 0 0 0 0 0 0 1 0 0 0 0 0 0 0 0 0 0 0 0 0 0 0 0 4 0 0 0 0 18 4
0 0 0 0 0 0 0 2 0 0 0 0 0 0 0 2 0 0 0 0 0 0 0 0 0 0 0 0 0 0 0 14 0 0 0 18 0 0 0 0 0
0 0 0 0 0 0 0 0 0 0 0 0 0 0 0 0 0 0 0 0 0 0 1 0 0 0 0 0 0 0 0 16 0 0 0 17 0 0 0 0 0
9 0 0 0 0 8 0 0 0 0 0 0 0 0 0 0 0 0 0 0 0 0 0 2 0 0 0 0 0 0 0 0 0 0 0 0 0 0 0 23 0
7 0 0 0 0 8 0 0 0 0 0 0 0 0 0 0 0 0 0 0 0 0 0 2 0 0 0 0 1 0 0 0 0 0 0 0 0 0 0 21 0
0 0 12 0 0 1 0 3 0 0 0 0 0 0 1 15 0 3 0 0 0 0 1 0 3 0 0 0 0 0 0 0 0 0 10 0 0 3 0 6 16
7 0 3 0 0 10 0 0 0 0 0 0 0 0 0 0 0 2 0 0 0 0 0 1 0 0 0 0 0 0 0 0 0 0 1 0 0 1 0 21 9
0 0 11 0 0 0 0 11 0 0 0 1 0 0 0 27 0 0 0 0 0 0 0 0 7 0 0 0 0 0 0 3 0 0 9 7 0 2 0 0 7
0 0 6 0 0 0 0 3 0 0 0 0 0 0 0 11 0 1 0 0 0 0 0 0 2 0 0 0 0 0 0 5 0 0 9 7 0 0 0 4 8
0 0 0 0 0 0 0 5 0 0 0 0 0 0 0 10 0 0 0 0 0 0 0 0 4 0 0 0 0 0 0 13 0 0 2 19 0 0 0 0 0
3 0 0 0 0 4 0 0 0 0 0 0 0 0 0 0 0 0 0 0 0 0 0 1 0 0 0 0 0 0 0 8 0 0 0 7 0 0 0 11 0
0 0 0 0 0 0 0 6 0 0 0 0 0 0 0 9 0 0 0 0 0 0 0 0 2 0 0 0 0 0 0 13 0 0 0 17 0 0 0 0 0
2 0 0 0 0 3 0 0 0 0 0 0 0 0 0 0 0 0 0 0 0 0 0 1 0 0 0 0 0 0 0 11 0 0 0 11 0 0 0 10 0
4 0 4 0 0 5 0 0 0 0 0 0 0 0 0 0 0 1 0 0 0 0 0 0 0 0 0 0 0 0 0 0 0 0 4 0 0 1 0 18 8
3 0 0 0 0 2 0 0 0 0 0 0 0 0 0 0 0 1 0 0 0 0 0 0 1 0 0 0 0 0 0 3 0 0 7 4 0 0 0 12 1
0 0 0 0 0 0 0 0 0 0 0 0 0 0 0 0 0 0 0 0 0 0 1 0 0 0 0 0 0 0 0 16 0 0 0 19 0 0 0 0 0
2 0 0 0 0 3 0 0 0 0 0 0 0 0 0 0 0 0 0 0 0 0 0 0 0 0 0 0 0 0 0 9 0 0 0 9 0 0 0 12 0
0 0 11 0 0 0 0 8 0 0 0 0 0 0 0 15 0 0 0 0 0 0 0 0 0 0 0 0 0 0 0 3 0 0 0 0 0 4 0 1 7
5 0 14 0 0 8 0 2 0 0 0 0 0 0 1 9 0 2 0 0 0 0 0 0 0 0 0 0 1 0 0 0 0 0 0 0 0 5 0 17 16
9 0 0 0 0 8 0 0 0 0 0 0 0 0 0 0 0 0 0 0 0 0 0 2 0 1 0 0 1 0 0 0 0 0 0 0 0 0 0 22 0
0 0 0 0 0 1 0 0 0 0 0 0 0 0 0 0 0 0 0 0 0 0 0 1 0 0 0 0 0 0 0 11 0 0 0 12 0 0 0 7 0
9 0 0 0 0 9 0 0 0 0 0 0 0 0 0 0 0 0 0 0 0 0 0 3 0 0 0 0 1 0 0 0 0 0 0 0 0 0 0 23 0
0 0 0 0 0 0 0 0 0 0 0 0 0 0 0 5 0 1 0 0 0 0 1 0 3 0 0 0 0 0 0 10 0 0 7 15 0 0 0 0 0
4 0 9 0 0 7 0 0 0 0 0 0 0 0 0 3 0 2 0 0 0 0 0 0 0 0 0 0 0 0 0 0 0 0 7 0 0 2 0 18 14
4 0 3 0 0 5 0 0 0 0 0 0 0 0 0 0 0 0 0 0 0 0 0 1 0 0 0 0 0 0 0 0 0 0 0 0 0 1 0 16 3
0 0 12 0 0 2 0 5 0 0 0 0 0 0 0 14 0 2 0 0 0 0 0 0 1 0 0 0 0 0 0 0 0 0 6 0 0 3 0 7 14
7 0 0 0 0 7 0 0 0 0 0 0 0 0 0 0 0 0 0 0 0 0 0 2 0 0 0 0 1 0 0 0 0 0 0 0 0 0 0 19 0
9 0 0 0 0 9 0 0 0 0 0 0 0 0 0 0 0 0 0 0 0 0 0 2 0 0 0 0 1 0 0 0 0 0 0 0 0 0 0 22 0
8 0 0 0 0 8 0 0 0 0 0 0 0 0 0 0 0 0 0 0 0 0 0 2 0 0 0 0 0 0 0 0 0 0 0 0 0 0 0 22 0
0 0 0 0 0 0 0 4 0 0 0 0 0 0 0 15 0 1 0 0 0 0 1 0 7 0 0 0 0 0 0 7 0 0 12 14 0 0 0 0 2
12 0 0 0 0 12 0 0 0 0 0 0 0 0 0 0 0 0 0 0 0 0 0 4 0 0 0 0 2 0 0 0 0 0 0 0 0 0 0 28 0
2 0 0 0 0 4 0 0 0 0 0 0 0 0 0 0 0 0 0 0 0 0 0 0 0 0 0 0 0 0 0 8 0 0 0 6 0 0 0 13 0
3 0 0 0 0 4 0 0 0 0 0 0 0 0 0 0 0 0 0 0 0 0 0 1 0 0 0 0 0 0 0 8 0 0 0 7 0 0 0 13 0
8 0 0 0 0 9 0 0 0 0 0 0 0 0 0 0 0 1 0 0 0 0 0 1 0 0 0 0 0 0 0 0 0 0 1 0 0 0 0 23 3
8 0 0 0 0 7 0 0 0 0 0 0 0 0 0 0 0 0 0 0 0 0 0 2 0 0 0 0 0 0 0 0 0 0 0 0 0 0 0 20 0
0 0 1 0 0 0 0 8 0 0 0 0 0 0 0 17 0 0 0 0 0 0 0 0 6 0 0 0 0 0 0 11 0 0 5 17 0 0 0 0 0
12 0 0 0 0 11 0 0 0 0 0 0 0 0 0 0 0 0 0 0 0 0 0 3 0 1 0 0 1 0 0 0 0 0 0 0 0 0 0 28 0
0 0 0 0 0 0 0 3 0 0 0 0 0 0 0 6 0 1 0 0 0 0 1 0 3 0 0 0 0 0 0 14 0 0 1 19 0 0 0 0 0
0 0 4 0 0 0 0 4 0 0 0 0 0 0 0 17 0 2 0 0 0 0 0 0 7 0 0 0 0 0 0 5 0 0 14 11 0 0 0 0 5
0 0 0 0 0 0 0 3 0 0 0 0 0 0 0 9 0 0 0 0 0 0 0 0 4 0 0 0 0 0 0 13 0 0 3 18 0 0 0 0 0
13 0 0 0 0 14 0 0 0 0 0 1 0 0 0 0 0 0 0 0 0 0 0 3 0 1 0 0 2 0 0 0 0 0 0 0 0 1 1 31 0
11 0 0 0 0 11 0 0 0 0 0 1 0 0 0 0 0 0 0 0 0 0 0 3 0 1 0 0 1 0 0 0 0 0 0 0 0 0 0 25 0
0 0 3 0 0 0 0 6 0 0 0 0 0 0 0 13 0 0 0 0 0 0 0 0 2 0 0 0 0 0 0 11 0 0 4 14 0 0 0 0 1
10 0 2 0 0 12 0 0 0 0 0 0 0 0 0 0 0 1 0 0 0 0 0 1 0 1 0 0 1 0 0 0 0 0 0 0 0 1 0 26 5
6 0 7 0 0 9 0 0 0 0 0 0 0 0 0 0 0 1 0 0 0 0 0 0 0 0 0 0 0 0 0 0 0 0 4 0 0 1 0 21 11
5 0 0 0 0 5 0 0 0 0 0 0 0 0 0 0 0 0 0 0 0 0 0 2 0 0 0 0 0 0 0 3 0 0 0 1 0 0 0 18 0
0 0 6 0 0 0 0 6 0 0 0 0 0 0 0 14 0 0 0 0 0 0 0 0 1 0 0 0 0 0 0 9 0 0 3 11 0 1 0 0 5
0 0 8 0 0 0 0 10 0 0 0 1 0 0 0 26 0 1 0 0 0 0 0 0 10 0 0 0 0 0 0 3 0 0 12 9 0 1 0 0 5
0 0 6 0 0 0 0 8 0 0 0 0 0 0 0 17 0 1 0 0 0 0 0 0 3 0 0 0 0 0 0 8 0 0 4 10 0 1 0 0 3
0 0 10 0 0 0 0 3 0 0 0 0 0 0 1 16 0 3 0 0 0 0 1 0 5 0 0 0 0 0 0 0 0 0 14 0 0 2 0 2 15
0 0 3 0 0 0 0 10 0 0 0 1 0 0 0 20 0 0 0 0 0 0 0 0 6 0 0 0 0 0 0 11 0 0 3 17 0 0 0 0 0
5 0 0 0 0 5 0 0 0 0 0 0 0 0 0 0 0 0 0 0 0 0 0 1 0 0 0 0 0 0 0 1 0 0 0 0 0 0 0 17 0
4 0 0 0 0 5 0 0 0 0 0 0 0 0 0 0 0 0 0 0 0 0 0 1 0 0 0 0 0 0 0 8 0 0 0 7 0 0 0 13 0
0 0 0 0 0 0 0 0 0 0 0 0 0 0 0 4 0 1 0 0 0 0 0 0 1 0 0 0 0 0 0 11 0 0 4 15 0 0 0 0 1
5 0 0 0 0 5 0 0 0 0 0 0 0 0 0 0 0 0 0 0 0 0 0 1 0 0 0 0 0 0 0 0 0 0 2 0 0 0 0 19 0
3 0 0 0 0 4 0 0 0 0 0 0 0 0 0 0 0 0 0 0 0 0 0 1 0 0 0 0 0 0 0 7 0 0 0 5 0 0 0 13 0
11 0 0 0 0 11 0 0 0 0 0 0 0 0 0 0 0 1 0 0 0 0 0 2 0 1 0 0 1 0 0 0 0 0 0 0 0 0 0 27 0
0 0 9 0 0 0 0 6 0 0 0 0 0 0 0 14 0 0 0 0 0 0 0 0 1 0 0 0 0 0 0 2 0 0 6 2 0 2 0 3 8
6 0 0 0 0 6 0 0 0 0 0 0 0 0 0 0 0 1 0 0 0 0 0 1 0 0 0 0 0 0 0 0 0 0 4 0 0 0 0 19 4
0 0 6 0 0 0 0 10 0 0 0 0 0 0 0 22 0 0 0 0 0 0 0 0 7 0 0 0 0 0 0 7 0 0 8 13 0 1 0 0 2
0 0 0 0 0 0 0 0 0 0 0 0 0 0 1 11 0 2 0 0 0 0 2 0 7 0 0 0 0 0 0 5 0 0 15 11 0 0 0 0 4
0 0 0 0 0 1 0 0 0 0 0 0 0 0 0 0 0 0 0 0 0 0 1 0 0 0 0 0 0 0 0 13 0 0 0 15 0 0 0 3 0
6 0 0 0 0 6 0 0 0 0 0 0 0 0 0 0 0 1 0 0 0 0 0 1 0 0 0 0 0 0 0 0 0 0 5 0 0 0 0 20 4
0 2 12 0 0 0 0 18 0 0 0 3 0 0 1 38 0 0 0 0 0 0 0 0 11 0 0 0 0 0 0 3 0 0 8 10 0 2 0 0 3
0 0 2 0 0 0 0 3 0 0 0 0 0 0 0 12 0 1 0 0 0 0 0 0 4 0 0 0 0 0 0 8 0 0 10 12 0 0 0 0 5
0 0 2 0 0 0 0 4 0 0 0 0 0 0 0 11 0 1 0 0 0 0 0 0 2 0 0 0 0 0 0 11 0 0 6 15 0 0 0 0 3
0 0 5 0 0 0 0 5 0 0 0 0 0 0 0 14 0 0 0 0 0 0 0 0 2 0 0 0 0 0 0 10 0 0 4 14 0 0 0 0 4
0 0 8 0 0 0 0 7 0 0 0 0 0 0 0 17 0 0 0 0 0 0 0 0 3 0 0 0 0 0 0 7 0 0 5 8 0 1 0 0 5
5 0 0 0 0 5 0 0 0 0 0 0 0 0 0 0 0 0 0 0 0 0 0 2 0 0 0 0 0 0 0 1 0 0 0 0 0 0 0 18 0
0 0 0 0 0 0 0 3 0 0 0 0 0 0 1 0 0 0 0 0 0 0 0 0 0 0 0 0 0 0 0 16 0 0 0 21 0 0 0 0 0
0 0 0 0 0 0 0 2 0 0 0 0 0 0 0 0 0 0 0 0 0 0 0 1 0 0 0 0 0 0 0 13 0 0 0 14 0 0 0 5 0
1 0 7 0 0 1 0 2 0 0 0 0 0 0 0 9 0 0 0 0 0 0 0 0 1 0 0 0 0 0 0 0 0 0 8 0 0 1 0 10 9
0 0 0 0 0 0 0 1 0 0 0 0 0 0 0 1 0 0 0 0 0 0 0 0 0 0 0 0 0 0 0 12 0 0 0 14 0 0 0 4 0
0 0 4 0 0 0 0 8 0 0 0 1 0 0 0 22 0 1 0 0 0 0 0 0 9 0 0 0 0 0 0 6 0 0 10 14 0 0 0 0 0
7 0 0 0 0 8 0 0 0 0 0 0 0 0 0 0 0 0 0 0 0 0 0 2 0 0 0 0 1 0 0 0 0 0 0 0 0 1 0 22 0
2 0 0 0 0 3 0 0 0 0 0 0 0 0 0 0 0 0 0 0 0 0 0 0 0 0 0 0 0 0 0 10 0 0 0 11 0 0 0 10 0
0 0 5 0 0 0 0 3 0 0 0 0 0 0 0 14 0 2 0 0 0 0 1 0 5 0 0 0 0 0 0 3 0 0 13 7 0 0 0 0 8
1 0 1 0 0 1 0 0 0 0 0 0 0 0 0 2 0 1 0 0 0 0 0 0 0 0 0 0 0 0 0 4 0 0 7 5 0 0 0 10 4
5 0 0 0 0 7 0 0 0 0 0 0 0 0 0 0 0 0 0 0 0 0 0 2 0 0 0 0 0 0 0 0 0 0 0 0 0 0 0 19 0
0 0 0 0 0 0 0 1 0 0 0 0 0 0 0 0 0 0 0 0 0 0 0 0 0 0 0 0 0 0 0 15 0 0 0 17 0 0 0 0 0
0 0 11 0 0 2 0 3 0 0 0 0 0 0 0 14 0 1 0 0 0 0 0 0 1 0 0 0 0 0 0 0 0 0 8 0 0 2 0 6 14
5 0 2 0 0 7 0 0 0 0 0 0 0 0 0 0 0 0 0 0 0 0 0 1 0 0 0 0 1 0 0 0 0 0 0 0 0 1 0 20 2
9 0 0 0 0 10 0 0 0 0 0 0 0 0 0 0 0 0 0 0 0 1 0 2 0 0 0 0 2 0 0 0 0 0 0 0 0 0 0 24 0
9 0 0 0 0 10 0 0 0 0 0 0 0 0 0 0 0 0 0 0 0 0 0 3 0 0 0 0 1 0 0 0 0 0 0 0 0 0 0 23 0
4 0 9 0 0 6 0 1 0 0 0 0 0 0 0 6 0 1 0 0 0 0 0 0 0 0 0 0 0 0 0 0 0 0 3 0 0 3 0 16 11
4 0 0 0 0 3 0 0 0 0 0 0 0 0 0 0 0 1 0 0 0 0 1 0 2 0 0 0 0 0 0 0 0 0 12 0 0 0 0 16 6
3 0 0 0 0 5 0 0 0 0 0 0 0 0 0 0 0 0 0 0 0 0 0 2 0 0 0 0 0 0 0 7 0 0 0 5 0 0 0 13 0
0 0 4 0 0 0 0 5 0 0 0 0 0 0 0 15 0 0 0 0 0 0 1 0 5 0 0 0 0 0 0 5 0 0 11 10 0 0 0 0 5
8 0 0 0 0 9 0 0 0 0 0 0 0 0 0 0 0 0 0 0 0 0 0 3 0 0 0 0 1 0 0 0 0 0 0 0 0 0 0 22 0
0 0 0 0 0 0 0 0 0 0 0 0 0 0 0 0 0 0 0 0 0 0 0 0 0 0 0 0 0 0 0 13 0 0 0 15 0 0 0 5 0
3 0 0 0 0 3 0 0 0 0 0 0 0 0 0 0 0 1 0 0 0 0 0 1 0 0 0 0 0 0 0 5 0 0 3 5 0 0 0 13 1
5 0 0 0 0 5 0 0 0 0 0 0 0 0 0 0 0 0 0 0 0 0 0 1 0 0 0 0 0 0 0 3 0 0 1 2 0 0 0 17 0
2 0 0 0 0 4 0 0 0 0 0 0 0 0 0 0 0 0 0 0 0 0 0 1 0 0 0 0 0 0 0 8 0 0 0 7 0 0 0 14 0
7 0 0 0 0 8 0 0 0 0 0 0 0 0 0 0 0 0 0 0 0 0 0 1 0 0 0 0 0 0 0 0 0 0 1 0 0 0 0 21 2
1 0 0 0 0 2 0 0 0 0 0 0 0 0 0 0 0 0 0 0 0 0 0 0 0 0 0 0 0 0 0 12 0 0 0 12 0 0 0 8 0
0 0 8 0 0 0 0 2 0 0 0 0 0 0 0 12 0 1 0 0 0 0 0 0 2 0 0 0 0 0 0 0 0 0 11 0 0 1 0 6 12
0 0 1 0 0 0 0 9 0 0 0 0 0 0 0 14 0 0 0 0 0 0 0 0 3 0 0 0 0 0 0 13 0 0 0 18 0 0 0 0 0
0 2 7 0 0 0 0 22 1 0 0 5 0 0 0 39 0 0 0 0 0 0 0 0 13 1 0 0 1 0 0 10 0 0 0 22 0 0 0 0 0
1 0 0 0 0 2 0 0 0 0 0 0 0 0 0 0 0 0 0 0 0 0 0 0 0 0 0 0 0 0 0 10 0 0 0 11 0 0 0 11 0
5 0 7 0 0 7 0 0 0 0 0 0 0 0 1 0 0 2 0 0 0 0 1 0 0 0 0 0 0 0 0 0 0 0 6 0 0 1 0 18 12
0 0 3 0 0 0 0 3 0 0 0 0 0 0 0 5 0 0 0 0 0 0 0 0 0 0 0 0 0 0 0 9 0 0 0 9 0 0 0 6 2
0 0 0 0 0 2 0 3 0 0 0 0 0 0 0 0 0 0 0 0 0 0 0 1 0 0 0 0 1 0 0 11 0 0 0 10 0 0 0 7 0
9 0 0 0 0 9 0 0 0 0 0 0 0 0 0 0 0 0 0 0 0 0 0 2 0 0 0 0 1 0 0 0 0 0 0 0 0 0 0 23 0
9 0 0 0 0 9 0 0 0 0 0 0 0 0 0 0 0 0 0 0 0 0 0 2 0 0 0 0 1 0 0 0 0 0 0 0 0 1 0 23 0
0 0 0 0 0 0 0 0 0 0 0 0 0 0 1 0 0 0 0 0 0 0 2 0 1 0 0 0 0 0 0 16 0 0 0 19 0 0 0 0 0
6 0 0 0 0 5 0 0 0 0 0 0 0 0 0 0 0 0 0 0 0 0 0 1 0 0 0 0 0 0 0 0 0 0 3 0 0 0 0 19 0
0 0 0 0 0 0 0 1 0 0 0 0 0 0 0 0 0 0 0 0 0 0 0 0 0 0 0 0 0 0 0 13 0 0 0 15 0 0 0 4 0
0 0 4 0 0 0 0 3 0 0 0 0 0 0 0 7 0 0 0 0 0 0 0 0 0 0 0 0 0 0 0 9 0 0 0 9 0 0 0 4 3
10 0 0 0 0 11 0 0 0 0 0 0 0 0 0 0 0 0 0 0 0 0 0 2 0 1 0 0 1 0 0 0 0 0 0 0 0 1 0 26 1
0 0 11 0 0 0 0 1 0 0 0 0 0 0 1 17 0 3 0 0 0 0 2 0 7 0 0 0 0 0 0 0 0 0 18 0 0 1 0 0 18
0 0 2 0 0 0 0 4 0 0 0 0 0 0 0 14 0 1 0 0 0 0 0 0 5 0 0 0 0 0 0 9 0 0 9 14 0 0 0 0 2
0 0 1 0 0 0 0 8 0 0 0 0 0 0 0 8 0 0 0 0 0 0 0 0 0 0 0 0 0 0 0 15 0 0 0 18 0 0 0 0 0
4 0 0 0 0 6 0 0 0 0 0 0 0 0 0 0 0 0 0 0 0 0 0 1 0 0 0 0 1 0 0 6 0 0 0 4 0 0 0 15 0
6 0 0 0 0 6 0 0 0 0 0 0 0 0 0 0 0 0 0 0 0 0 0 2 0 0 0 0 0 0 0 1 0 0 0 0 0 0 0 20 0
5 0 0 0 0 4 0 0 0 0 0 0 0 0 0 0 0 0 0 0 0 0 0 1 0 0 0 0 0 0 0 0 0 0 3 0 0 0 0 16 0
0 2 18 0 0 0 0 22 0 0 0 4 1 0 1 46 0 0 0 0 0 0 0 0 14 0 0 0 1 0 0 0 0 0 10 3 0 4 0 0 7
3 0 0 0 0 4 0 0 0 0 0 0 0 0 1 0 0 0 0 0 0 0 0 1 0 0 0 0 0 0 0 8 0 0 0 7 0 0 0 11 0
0 0 0 0 0 0 0 0 0 0 0 0 0 0 0 0 0 1 0 0 0 0 1 0 1 0 0 0 0 0 0 7 0 0 7 10 0 0 0 5 1
0 0 1 0 0 0 0 9 0 0 0 0 0 0 0 17 0 0 0 0 0 0 0 0 5 0 0 0 0 0 0 12 0 0 0 19 0 0 0 0 0
7 0 0 0 0 7 0 0 0 0 0 0 0 0 0 0 0 0 0 0 0 0 0 2 0 0 0 0 0 0 0 0 0 0 0 0 0 0 0 20 0
0 0 0 0 0 0 0 4 0 0 0 0 0 0 0 12 0 1 0 0 0 0 1 0 5 0 0 0 0 0 0 11 0 0 7 15 0 0 0 0 0
5 0 0 0 0 5 0 0 0 0 0 0 0 0 0 0 0 0 0 0 0 0 0 1 0 0 0 0 0 0 0 1 0 0 0 0 0 0 0 18 0
0 0 0 0 0 0 0 2 0 0 0 0 0 0 0 2 0 0 0 0 0 0 0 0 0 0 0 0 0 0 0 13 0 0 0 12 0 0 0 4 0
6 0 0 0 0 6 0 0 0 0 0 0 0 0 0 0 0 0 0 0 0 0 0 2 0 0 0 0 0 0 0 3 0 0 0 1 0 0 0 18 0
8 0 0 0 0 8 0 0 0 0 0 0 0 0 0 0 0 1 0 0 0 0 0 2 0 0 0 0 0 0 0 0 0 0 4 0 0 0 0 23 5
4 0 0 0 0 4 0 0 0 0 0 0 0 0 0 0 0 0 0 0 0 0 0 1 0 0 0 0 0 0 0 4 0 0 0 2 0 0 0 16 0
3 0 2 0 0 4 0 0 0 0 0 0 0 0 0 0 0 1 0 0 0 0 0 0 0 0 0 0 0 0 0 0 0 0 7 0 0 0 0 16 7
0 0 0 0 0 0 0 2 0 0 0 0 0 0 0 1 0 0 0 0 0 0 0 0 0 0 0 0 0 0 0 11 0 0 0 13 0 0 0 3 0
0 0 2 0 0 0 0 3 0 0 0 0 0 0 0 4 0 0 0 0 0 0 0 0 0 0 0 0 0 0 0 11 0 0 0 10 0 0 0 5 0
8 0 0 0 0 9 0 0 0 0 0 0 0 0 0 0 0 0 0 0 0 0 0 2 0 0 0 0 0 0 0 0 0 0 0 0 0 1 0 23 1
0 1 20 0 0 0 0 17 0 0 0 3 0 0 2 38 0 0 0 0 0 0 1 0 10 1 0 0 0 0 0 0 0 0 12 0 0 5 0 0 13
3 0 0 0 0 3 0 0 0 0 0 0 0 0 0 0 0 0 0 0 0 0 0 0 0 0 0 0 0 0 0 6 0 0 0 6 0 0 0 13 0
12 0 0 0 0 11 0 0 0 0 0 0 0 0 0 0 0 0 0 0 0 0 0 4 0 0 0 0 2 0 0 0 0 0 0 0 0 0 0 26 0
3 0 0 0 0 2 0 0 0 0 0 0 0 0 0 0 0 2 0 0 0 0 0 1 2 0 0 0 0 0 0 0 0 0 12 0 0 0 0 12 6
2 0 0 0 0 3 0 0 0 0 0 0 0 0 0 0 0 0 0 0 0 0 0 1 0 0 0 0 0 0 0 10 0 0 0 9 0 0 0 12 0
0 0 6 0 0 2 0 4 0 0 0 0 0 0 0 8 0 0 0 0 0 0 0 0 0 0 0 0 0 0 0 6 0 0 0 5 0 1 0 8 5
3 0 0 0 0 3 0 0 0 0 0 0 0 0 0 0 0 0 0 0 0 0 0 0 0 0 0 0 0 0 0 6 0 0 3 6 0 0 0 13 0
0 0 6 0 0 0 0 4 0 0 0 0 0 0 1 16 0 2 0 0 0 0 1 0 6 0 0 0 0 0 0 4 0 0 14 9 0 0 0 0 8
5 0 0 0 0 6 0 0 0 0 0 0 0 0 0 0 0 0 0 0 0 0 0 1 0 0 0 0 0 0 0 0 0 0 0 0 0 0 0 20 0
0 0 0 0 0 0 0 7 0 0 0 1 0 0 0 16 0 0 0 0 0 0 0 0 7 0 0 0 0 0 0 13 0 0 3 21 0 0 0 0 0
2 0 0 0 0 3 0 0 0 0 0 0 0 0 0 0 0 0 0 0 0 0 0 0 0 0 0 0 0 0 0 7 0 0 0 6 0 0 0 14 0
13 0 0 0 0 13 0 0 0 0 0 0 0 0 0 0 0 0 0 0 0 0 0 4 0 1 0 0 2 0 0 0 0 0 0 0 0 0 0 29 0
0 0 9 0 0 0 0 3 0 0 0 0 0 0 1 19 0 2 0 0 0 0 1 0 7 0 0 0 0 0 0 0 0 0 18 0 0 0 0 0 14
0 0 0 0 0 0 0 5 0 0 0 0 0 0 0 9 0 0 0 0 0 0 0 0 2 0 0 0 0 0 0 15 0 0 0 19 0 0 0 0 0
3 0 1 0 0 4 0 0 0 0 0 0 0 0 0 0 0 2 0 0 0 0 0 0 0 0 0 0 0 0 0 0 0 0 7 0 0 0 0 17 6
0 0 0 0 0 0 0 3 0 0 0 0 0 0 0 7 0 0 0 0 0 0 0 0 2 0 0 0 0 0 0 13 0 0 2 17 0 0 0 0 0
3 0 0 0 0 4 0 0 0 0 0 0 0 0 0 0 0 0 0 0 0 0 0 1 0 0 0 0 0 0 0 4 0 0 0 4 0 0 0 16 0
5 0 4 0 0 6 0 0 0 0 0 0 0 0 0 0 0 1 0 0 0 0 0 1 0 0 0 0 0 0 0 0 0 0 3 0 0 1 0 18 7
8 0 0 0 0 9 0 0 0 0 0 1 0 0 0 0 0 0 0 0 0 0 0 3 0 0 0 0 1 0 0 2 0 0 0 0 0 0 0 21 0
0 0 5 0 0 0 0 5 0 0 0 0 0 0 0 15 0 1 0 0 0 0 0 0 4 0 0 0 0 0 0 7 0 0 8 11 0 0 0 0 5
1 0 4 0 0 2 0 0 0 0 0 0 0 0 0 5 0 3 0 0 0 0 1 0 3 0 0 0 0 0 0 0 0 0 15 0 0 0 0 10 12
9 0 1 0 0 11 0 0 0 0 0 0 0 0 0 0 0 0 0 0 0 0 0 2 0 0 0 0 1 0 0 0 0 0 0 0 0 2 0 25 3
0 0 7 0 0 0 0 3 0 0 0 0 0 0 0 9 0 0 0 0 0 0 0 0 0 0 0 0 0 0 0 4 0 0 5 4 0 1 0 7 7
0 1 9 0 0 0 0 15 0 0 0 2 0 0 0 32 0 0 0 0 0 0 0 0 10 0 0 0 0 0 0 5 0 0 8 12 0 1 0 0 2
0 0 15 0 0 0 0 7 0 0 0 1 0 0 2 30 0 2 0 0 0 0 2 0 12 0 0 0 0 0 0 0 0 0 23 0 0 2 0 0 18
8 0 2 0 0 10 0 0 0 0 0 0 0 0 0 0 0 1 0 0 0 0 0 0 0 0 0 0 1 0 0 0 0 0 0 0 0 1 0 24 7
0 0 6 0 0 0 0 0 0 0 0 0 0 0 1 11 0 3 0 0 0 0 2 0 6 0 0 0 0 0 0 0 0 0 19 0 0 0 0 3 15
0 0 0 0 0 2 0 2 0 0 0 0 0 0 0 1 0 0 0 0 0 0 0 0 0 0 0 0 0 0 0 11 0 0 0 10 0 0 0 9 0
8 0 0 0 0 9 0 0 0 0 0 1 0 0 0 0 0 0 0 0 0 0 0 2 0 1 0 0 1 0 0 1 0 0 0 0 0 0 0 20 0
0 0 3 0 0 0 0 0 0 0 0 0 0 0 0 9 0 1 0 0 0 0 1 0 4 0 0 0 0 0 0 3 0 0 11 5 0 0 0 0 7
0 0 6 0 0 0 0 10 0 0 0 0 0 0 0 24 0 0 0 0 0 0 0 0 8 0 0 0 0 0 0 7 0 0 9 13 0 0 0 0 2
7 0 0 0 0 7 0 0 0 0 0 0 0 0 0 0 0 1 0 0 0 0 0 1 0 0 0 0 0 0 0 0 0 0 3 0 0 0 0 21 4
2 0 0 0 0 3 0 0 0 0 0 0 0 0 0 0 0 0 0 0 0 0 0 1 0 0 0 0 0 0 0 10 0 0 0 9 0 0 0 11 0
0 1 5 0 0 0 0 11 0 0 0 1 0 0 0 19 0 0 0 0 0 0 0 0 4 0 0 0 0 0 0 10 0 0 1 15 0 0 0 0 0
5 0 0 0 0 6 0 0 0 0 0 0 0 0 0 0 0 0 0 0 0 0 0 2 0 0 0 0 1 0 0 5 0 0 0 2 0 0 0 17 0
0 0 0 0 0 0 0 2 0 0 0 0 0 0 0 0 0 0 0 0 0 0 0 0 0 0 0 0 0 0 0 15 0 0 0 18 0 0 0 0 0
4 0 3 0 0 5 0 0 0 0 0 0 0 0 0 0 0 1 0 0 0 0 0 0 0 0 0 0 0 0 0 0 0 0 8 0 0 0 0 17 8
3 0 0 0 0 3 0 0 0 0 0 0 0 0 0 0 0 1 0 0 0 0 0 1 0 0 0 0 0 0 0 0 0 0 9 0 0 0 0 15 5
9 0 0 0 0 10 0 0 0 0 0 0 0 0 0 0 0 0 0 0 0 0 0 3 0 0 0 0 1 0 0 0 0 0 0 0 0 0 0 24 0
2 0 2 0 0 4 0 0 0 0 0 0 0 0 0 0 0 1 0 0 0 0 0 0 0 0 0 0 0 0 0 1 0 0 3 0 0 0 0 16 5
8 0 0 0 0 8 0 0 0 0 0 0 0 0 0 0 0 0 0 0 0 0 0 2 0 0 0 0 0 0 0 0 0 0 1 0 0 0 0 22 0
0 0 4 0 0 0 0 7 0 0 0 0 0 0 0 18 0 0 0 0 0 0 0 0 5 0 0 0 0 0 0 8 0 0 8 13 0 0 0 0 2
0 0 8 0 0 0 0 3 0 0 0 0 0 0 0 13 0 0 0 0 0 0 0 0 2 0 0 0 0 0 0 2 0 0 11 4 0 1 0 2 10
4 0 0 0 0 5 0 0 0 0 0 0 0 0 0 0 0 0 0 0 0 0 0 1 0 0 0 0 0 0 0 4 0 0 0 1 0 0 0 17 0
9 0 0 0 0 8 0 0 0 0 0 0 0 0 0 0 0 0 0 0 0 0 0 3 0 0 0 0 0 0 0 0 0 0 0 0 0 0 0 21 0
0 0 2 0 0 0 0 1 0 0 0 0 0 0 0 12 0 2 0 0 0 0 1 0 6 0 0 0 0 0 0 6 0 0 12 11 0 0 0 0 5
0 0 9 0 0 0 0 7 0 0 0 0 0 0 1 23 0 2 0 0 0 0 0 0 9 0 0 0 0 0 0 1 0 0 15 5 0 1 0 0 9
5 0 0 0 0 5 0 0 0 0 0 0 0 0 0 0 0 0 0 0 0 0 0 1 0 0 0 0 0 0 0 4 0 0 0 2 0 0 0 16 0
0 0 1 0 0 0 0 7 0 0 0 0 0 0 0 14 0 0 0 0 0 0 0 0 4 0 0 0 0 0 0 12 0 0 1 18 0 0 0 0 0
5 0 0 0 0 5 0 0 0 0 0 0 0 0 0 0 0 0 0 0 0 0 0 1 0 0 0 0 0 0 0 0 0 0 4 0 0 0 0 18 0
0 0 13 0 0 0 0 4 0 0 0 0 0 0 2 18 0 2 0 0 0 0 1 0 4 0 0 0 0 0 0 0 0 0 11 0 0 3 0 0 17
9 0 0 0 0 10 0 0 0 0 0 0 0 0 0 0 0 0 0 0 0 0 0 3 0 0 0 0 2 0 0 0 0 0 0 0 0 0 0 25 0
3 0 5 0 0 5 0 0 0 0 0 0 0 0 0 2 0 1 0 0 0 0 0 0 0 0 0 0 0 0 0 0 0 0 2 0 0 1 0 17 6
7 0 1 0 0 8 0 0 0 0 0 0 0 0 0 0 0 2 0 0 0 0 0 1 0 0 0 0 0 0 0 0 0 0 6 0 0 0 0 22 8
2 0 0 0 0 4 0 0 0 0 0 0 0 0 0 0 0 0 0 0 0 0 0 1 0 0 0 0 0 0 0 8 0 0 0 7 0 0 0 14 0
0 0 3 0 0 0 0 7 0 0 0 0 0 0 0 7 0 0 0 0 0 0 0 0 0 0 0 0 0 0 0 13 0 0 0 15 0 0 0 0 0
6 0 0 0 0 8 0 0 0 0 0 0 0 0 0 0 0 0 0 0 0 0 0 2 0 0 0 0 1 0 0 2 0 0 0 0 0 0 0 19 0
3 0 0 0 0 3 0 0 0 0 0 0 0 0 0 0 0 1 0 0 0 0 0 0 0 0 0 0 0 0 0 2 0 0 4 1 0 0 0 15 3
5 0 0 0 0 5 0 0 0 0 0 0 0 0 0 0 0 0 0 0 0 0 0 2 0 0 0 0 0 0 0 0 0 0 2 0 0 0 0 17 0
2 0 4 0 0 3 0 1 0 0 0 0 0 0 0 3 0 0 0 0 0 0 0 0 0 0 0 0 0 0 0 2 0 0 3 0 0 1 0 14 5
5 0 0 0 0 5 0 0 0 0 0 0 0 0 0 0 0 1 0 0 0 0 0 1 0 0 0 0 0 0 0 0 0 0 7 0 0 0 0 17 5
7 0 3 0 0 9 0 0 0 0 0 0 0 0 0 0 0 1 0 0 0 0 0 0 0 0 0 0 0 0 0 0 0 0 2 0 0 1 0 22 9
0 0 15 0 0 0 0 7 0 0 0 1 0 0 2 29 0 1 0 0 0 0 1 0 10 0 0 0 0 0 0 0 0 0 20 0 0 2 0 0 17
0 0 0 0 0 0 0 1 0 0 0 0 0 0 0 1 0 0 0 0 0 0 1 0 1 0 0 0 0 0 0 14 0 0 0 18 0 0 0 0 0
7 0 0 0 0 7 0 0 0 0 0 0 0 0 0 0 0 0 0 0 0 0 0 2 0 0 0 0 0 0 0 0 0 0 0 0 0 0 0 20 0
6 0 4 0 0 8 0 0 0 0 0 0 0 0 0 0 0 2 0 0 0 0 0 0 0 0 0 0 0 0 0 0 0 0 6 0 0 1 0 20 11
0 0 10 0 0 0 0 3 0 0 0 0 0 0 1 15 0 2 0 0 0 0 1 0 4 0 0 0 0 0 0 0 0 0 13 0 0 2 0 2 14
8 0 0 0 0 9 0 0 0 0 0 0 0 0 0 0 0 0 0 0 0 0 0 2 0 0 0 0 1 0 0 0 0 0 0 0 0 0 0 23 0
7 0 4 0 0 9 0 0 0 0 0 0 0 0 0 0 0 2 0 0 0 0 0 0 0 0 0 0 0 0 0 0 0 0 6 0 0 0 0 23 11
3 0 0 0 0 4 0 0 0 0 0 0 0 0 0 0 0 0 0 0 0 0 0 1 0 0 0 0 0 0 0 5 0 0 0 4 0 0 0 15 0
1 0 1 0 0 2 0 0 0 0 0 0 0 0 0 2 0 1 0 0 0 0 0 0 0 0 0 0 0 0 0 4 0 0 5 5 0 0 0 12 4
0 0 1 0 0 0 0 7 0 0 0 0 0 0 0 15 0 0 0 0 0 0 0 0 4 0 0 0 0 0 0 13 0 0 0 18 0 0 0 0 0
4 0 0 0 0 4 0 0 0 0 0 0 0 0 0 0 0 0 0 0 0 0 0 1 0 0 0 0 0 0 0 5 0 0 0 4 0 0 0 15 0
1 0 1 0 0 2 0 0 0 0 0 0 0 0 0 1 0 1 0 0 0 0 0 0 0 0 0 0 0 0 0 6 0 0 3 6 0 0 0 12 3
0 0 7 0 0 0 0 5 0 0 0 0 0 0 0 18 0 1 0 0 0 0 0 0 6 0 0 0 0 0 0 2 0 0 13 7 0 0 0 0 8
6 0 0 0 0 6 0 0 0 0 0 0 0 0 0 0 0 0 0 0 0 0 0 2 0 0 0 0 0 0 0 0 0 0 0 0 0 0 0 19 0
0 0 0 0 0 0 0 0 0 0 0 0 0 0 0 0 0 0 0 0 0 0 0 1 0 0 0 0 0 0 0 15 0 0 0 17 0 0 0 0 0
0 0 6 0 0 0 0 3 0 0 0 0 0 0 0 15 0 1 0 0 0 0 0 0 4 0 0 0 0 0 0 4 0 0 12 6 0 0 0 0 8
0 0 9 0 0 0 0 10 0 0 0 1 0 0 0 27 0 0 0 0 0 0 0 0 9 0 0 0 0 0 0 2 0 0 13 7 0 1 0 0 7
0 0 6 0 0 0 0 8 0 0 0 0 0 0 0 24 0 1 0 0 0 0 0 0 9 0 0 0 0 0 0 6 0 0 12 12 0 0 0 0 4
0 0 3 0 0 0 0 2 0 0 0 0 0 0 1 16 0 3 0 0 0 0 1 0 8 0 0 0 0 0 0 4 0 0 16 11 0 0 0 0 5
0 0 0 0 0 0 0 6 0 0 0 0 0 0 0 6 0 0 0 0 0 0 0 0 0 0 0 0 0 0 0 16 0 0 0 18 0 0 0 0 0
0 1 2 0 0 0 0 14 0 0 0 2 0 0 0 29 0 0 0 0 0 0 0 0 12 0 0 0 0 0 0 8 0 0 5 19 0 0 0 0 0
6 0 0 0 0 6 0 0 0 0 0 0 0 0 0 0 0 0 0 0 0 0 0 2 0 0 0 0 0 0 0 0 0 0 0 0 0 0 0 19 0
5 0 0 0 0 6 0 0 0 0 0 0 0 0 0 0 0 0 0 0 0 0 0 1 0 0 0 0 0 0 0 3 0 0 0 0 0 0 0 17 0
3 0 0 0 0 4 0 0 0 0 0 0 0 0 0 0 0 0 0 0 0 0 0 0 0 0 0 0 0 0 0 5 0 0 1 4 0 0 0 15 2
0 0 6 0 0 0 0 9 0 0 0 0 0 0 0 18 0 0 0 0 0 0 0 0 3 0 0 0 0 0 0 11 0 0 2 15 0 0 0 0 0
3 0 0 0 0 3 0 0 0 0 0 0 0 0 0 0 0 0 0 0 0 0 0 1 0 0 0 0 0 0 0 7 0 0 0 8 0 0 0 12 0
9 0 0 0 0 10 0 0 0 0 0 1 0 0 0 0 0 0 0 0 0 0 0 3 0 0 0 0 1 0 0 0 0 0 0 0 0 0 0 23 0
0 0 2 0 0 0 0 10 0 0 0 1 0 0 0 18 0 0 0 0 0 0 0 0 5 0 0 0 0 0 0 12 0 0 1 19 0 0 0 0 0
7 0 4 0 0 10 0 0 0 0 0 0 0 0 0 0 0 1 0 0 0 0 0 0 0 0 0 0 0 0 0 0 0 0 0 0 0 2 0 23 8
0 0 2 0 0 2 0 0 0 0 0 0 0 0 0 3 0 1 0 0 0 0 0 0 1 0 0 0 0 0 0 6 0 0 6 6 0 0 0 11 5
0 0 16 0 0 0 0 7 0 0 0 0 0 0 2 21 0 2 0 0 0 0 1 0 4 0 0 0 0 0 0 0 0 0 11 0 0 4 0 0 18
0 0 0 0 0 0 0 7 0 0 0 0 0 0 0 12 0 0 0 0 0 0 0 0 4 0 0 0 0 0 0 14 0 0 0 20 0 0 0 0 0
4 0 0 0 0 6 0 0 0 0 0 0 0 0 0 0 0 0 0 0 0 0 0 2 0 0 0 0 0 0 0 8 0 0 0 5 0 0 0 15 0
6 0 0 0 0 7 0 0 0 0 0 0 0 0 0 0 0 0 0 0 0 0 0 1 0 0 0 0 0 0 0 0 0 0 0 0 0 0 0 20 0
12 0 0 0 0 12 0 0 0 0 0 0 0 0 0 0 0 1 0 0 0 0 0 3 0 1 0 0 1 0 0 0 0 0 0 0 0 0 0 29 0
5 0 2 0 0 7 0 0 0 0 0 0 0 0 0 0 0 1 0 0 0 0 0 0 0 0 0 0 0 0 0 0 0 0 2 0 0 1 0 19 6
