0 4 0 0 8 0 0 0 0 12 0 0 0 0 0 0 11 0 0 0 0 0 0 8 0 0 2 8 0 0 0 0 0 6 2 0 0 0 0 0 0
0 19 5 7 29 0 7 0 0 18 0 0 0 0 0 0 11 0 0 0 0 0 0 18 0 0 1 14 0 0 0 0 0 6 1 4 0 5 0 3 2
0 0 0 0 0 0 0 4 10 0 0 0 2 0 1 0 0 0 0 1 2 9 13 0 0 8 1 0 8 0 10 0 4 0 0 0 0 0 10 0 0
0 0 0 0 0 0 0 0 3 0 0 0 0 0 0 0 0 0 0 0 4 6 16 0 2 7 0 0 8 1 1 0 0 0 2 0 0 0 0 0 0
0 16 9 8 21 0 8 0 0 7 0 0 0 0 0 0 2 0 0 0 0 0 0 10 0 0 0 8 0 0 0 0 0 2 0 10 0 5 0 8 0
0 20 8 9 30 0 9 0 0 15 0 0 0 0 0 0 9 0 0 0 0 0 0 17 0 0 0 14 0 0 0 0 0 5 0 8 0 6 0 5 2
0 0 0 0 0 0 0 2 3 0 0 0 0 0 0 0 0 0 0 0 1 4 6 0 0 3 0 0 3 0 4 0 1 0 0 1 0 0 4 1 0
0 9 5 5 10 0 5 1 0 3 0 0 0 0 0 0 0 0 0 1 0 0 0 4 0 0 0 2 0 0 0 0 0 1 0 9 0 3 2 7 0
0 4 4 3 3 0 3 2 1 0 0 0 0 0 1 0 0 0 0 1 0 0 0 0 0 0 0 0 0 0 2 0 0 0 0 7 0 2 4 5 0
0 19 9 9 26 0 9 0 0 10 0 0 0 0 0 0 4 0 0 0 0 0 0 14 0 0 0 10 0 0 0 0 0 3 0 10 0 6 0 8 2
0 20 9 9 30 0 9 0 0 13 0 0 0 0 0 0 7 0 0 0 0 0 0 16 0 0 0 13 0 0 0 0 0 4 0 9 0 6 0 6 2
0 0 0 0 0 0 0 4 9 0 0 0 2 0 1 0 0 0 0 1 2 8 12 0 0 7 1 0 7 0 8 0 3 0 0 0 0 0 9 0 0
0 0 0 0 0 0 0 6 16 0 0 0 3 0 1 0 0 0 0 1 3 15 23 0 1 14 1 0 14 0 15 1 5 0 1 0 0 0 14 0 0
0 8 7 4 10 0 5 0 0 2 0 0 0 0 0 0 0 0 0 0 0 0 0 4 0 0 0 3 0 0 0 0 0 0 0 7 0 3 0 6 0
0 18 6 7 26 0 8 0 0 14 0 0 0 0 0 0 8 0 0 0 0 0 0 15 0 0 0 12 0 0 0 0 0 4 0 6 0 5 0 5 2
0 19 6 7 28 0 8 0 0 15 0 0 0 0 0 0 9 0 0 0 0 0 0 17 0 0 0 13 0 0 0 0 0 5 0 6 0 5 0 4 2
0 21 8 9 32 0 9 0 0 15 0 0 0 0 0 0 8 0 0 0 0 0 0 18 0 0 0 14 0 0 0 0 0 4 0 8 0 6 0 6 3
0 0 2 0 0 0 0 0 1 0 0 0 0 0 0 0 0 0 0 0 5 8 25 0 2 10 0 0 11 1 0 0 0 0 3 0 0 0 0 0 0
0 0 0 0 0 0 0 0 7 0 0 0 0 0 0 0 0 0 0 0 8 17 42 0 5 19 0 0 21 1 0 0 0 0 6 0 0 0 0 0 0
0 0 0 0 0 0 0 5 7 0 0 0 2 0 1 0 0 0 0 1 1 6 8 0 0 5 1 0 5 0 8 0 3 0 0 0 0 0 9 0 0
0 0 0 0 0 0 0 0 4 0 0 0 0 0 0 0 0 0 0 0 4 8 19 0 2 9 0 0 10 1 1 0 0 0 3 0 0 0 0 0 0
0 0 5 0 0 0 0 0 0 0 0 0 0 0 0 0 0 0 0 0 4 4 16 0 1 5 0 0 6 0 0 0 0 0 2 0 0 0 0 1 0
0 0 0 0 0 0 0 0 3 0 0 0 0 0 0 0 0 0 0 0 3 7 18 0 2 7 0 0 9 0 0 0 0 0 3 0 0 0 0 0 0
0 16 4 5 23 0 6 0 0 14 0 0 0 0 0 0 9 0 0 0 0 0 0 14 0 0 1 12 0 0 0 0 0 5 1 4 0 4 0 2 1
0 0 0 0 0 0 0 8 14 0 0 0 4 0 3 0 0 0 0 2 2 12 13 0 0 9 2 0 8 0 15 0 7 0 0 0 0 0 17 0 0
0 0 0 0 0 0 0 5 8 0 0 0 2 0 1 0 0 0 0 1 1 7 9 0 0 6 1 0 5 0 10 0 4 0 0 0 0 0 11 0 0
0 19 10 9 28 0 9 0 0 10 0 0 0 0 0 0 4 0 0 0 0 0 0 14 0 0 0 11 0 0 0 0 0 3 0 11 0 6 0 8 1
0 0 4 0 0 0 0 0 0 0 0 0 0 0 0 0 0 0 0 0 3 4 12 0 1 5 0 0 5 1 0 0 0 0 1 0 0 0 0 2 0
0 0 0 0 0 0 0 0 5 0 0 0 0 0 0 0 0 0 0 0 2 6 12 0 1 6 0 0 8 0 2 0 0 0 3 0 0 0 1 0 0
0 1 6 0 3 0 0 0 0 0 0 0 0 0 0 0 0 0 0 0 2 0 7 1 1 1 0 1 2 0 0 0 0 0 1 1 0 0 0 2 0
0 0 0 0 0 0 0 6 9 0 0 0 2 0 2 0 0 0 0 2 1 8 8 0 0 6 1 0 5 0 11 0 5 0 0 0 0 0 13 0 0
0 20 9 9 29 0 9 0 0 12 0 0 0 0 0 0 6 0 0 0 0 0 0 16 0 0 0 12 0 0 0 0 0 3 0 10 0 6 0 7 2
0 0 0 0 0 0 0 4 6 0 0 0 1 0 1 0 0 0 0 1 1 5 6 0 0 4 0 0 3 0 7 0 3 0 0 2 0 0 9 1 0
0 0 0 0 0 0 0 3 14 0 0 0 2 0 0 0 0 0 0 0 4 15 26 0 2 15 0 0 15 0 11 1 2 0 2 0 0 0 9 0 0
0 18 10 8 25 0 9 0 0 9 0 0 0 0 0 0 3 0 0 0 0 0 0 12 0 0 0 10 0 0 0 0 0 2 0 10 0 6 0 8 1
0 0 0 0 0 0 0 0 12 0 0 0 1 0 0 0 0 0 0 0 5 16 31 0 3 16 0 0 18 0 7 0 0 0 5 0 0 0 4 0 0
0 15 10 7 20 0 8 0 0 6 0 0 0 0 0 0 1 0 0 0 0 0 0 9 0 0 0 7 0 0 0 0 0 1 0 10 0 5 0 8 0
0 9 7 5 12 0 5 0 0 3 0 0 0 0 0 0 0 0 0 0 0 0 0 5 0 0 0 3 0 0 0 0 0 1 0 8 0 3 0 7 0
0 0 4 0 0 0 0 0 0 0 0 0 0 0 0 0 0 0 0 0 4 6 19 0 2 8 0 0 8 1 0 0 0 0 2 0 0 0 0 1 0
0 0 0 0 0 0 0 7 12 0 0 0 3 0 2 0 0 0 0 2 1 10 12 0 0 8 2 0 7 0 14 0 6 0 0 0 0 0 15 0 0
0 18 9 8 26 0 8 0 0 11 0 0 0 0 0 0 5 0 0 0 0 0 0 14 0 0 0 10 0 0 0 0 0 3 0 8 0 5 0 7 1
0 0 0 0 0 0 0 0 14 0 0 0 1 0 0 0 0 0 0 0 7 18 36 0 4 19 0 0 20 0 8 0 0 0 5 0 0 0 4 0 0
0 11 7 6 15 0 6 0 0 5 0 0 0 0 0 0 1 0 0 0 0 0 0 7 0 0 0 5 0 0 0 0 0 2 0 8 0 4 0 6 0
0 17 9 8 23 0 8 0 0 8 0 0 0 0 0 0 3 0 0 0 0 0 0 12 0 0 0 9 0 0 0 0 0 3 0 9 0 5 0 7 1
0 0 0 0 0 0 0 0 6 0 0 0 0 0 0 0 0 0 0 0 4 8 17 0 1 8 0 0 9 1 5 0 0 0 1 0 0 0 3 0 0
0 16 8 7 22 0 7 0 0 9 0 0 0 0 0 0 5 0 0 0 0 0 0 12 0 0 0 9 0 0 0 0 0 2 0 7 0 5 0 5 1
0 0 0 0 0 0 0 2 5 0 0 0 1 0 0 0 0 0 0 0 2 6 11 0 1 5 0 0 6 0 5 0 1 0 0 0 0 0 4 0 0
0 5 4 3 6 0 3 0 0 1 0 0 0 0 0 0 0 0 0 0 0 0 0 2 0 0 0 2 0 0 0 0 0 0 0 5 0 1 0 4 0
0 21 9 9 30 0 10 0 0 13 0 0 0 0 0 0 6 0 0 0 0 0 0 16 0 0 0 12 0 0 0 0 0 4 0 9 0 6 0 7 2
0 13 4 5 19 0 5 0 0 11 0 0 0 0 0 0 7 0 0 0 0 0 0 12 0 0 0 9 0 0 0 0 0 4 0 4 0 4 0 3 1
0 0 0 0 0 0 0 8 18 0 0 0 5 0 2 0 0 0 0 2 2 16 21 0 0 14 2 0 12 0 18 0 8 0 0 0 0 0 19 0 0
0 19 9 8 26 0 9 0 0 11 0 0 0 0 0 0 5 0 0 0 0 0 0 14 0 0 0 11 0 0 0 0 0 3 0 9 0 6 0 7 2
0 4 6 3 6 0 3 0 0 0 0 0 0 0 0 0 0 0 0 0 1 0 2 2 0 0 0 0 0 0 0 0 0 0 0 5 0 1 0 5 0
0 9 6 5 12 0 5 0 0 3 0 0 0 0 0 0 0 0 0 0 0 0 0 5 0 0 0 4 0 0 0 0 0 0 0 7 0 3 0 6 0
0 0 0 0 0 0 0 4 9 0 0 0 2 0 1 0 0 0 0 1 1 9 12 0 0 8 1 0 7 0 9 0 3 0 0 0 0 0 9 0 0
0 0 0 0 0 0 0 8 20 0 0 0 5 0 2 0 0 0 0 2 3 19 26 0 1 17 2 0 16 0 19 1 7 0 0 0 0 0 19 0 0
0 14 6 6 20 0 6 0 0 9 0 0 0 0 0 0 5 0 0 0 0 0 0 11 0 0 0 8 0 0 0 0 0 3 0 6 0 4 0 4 1
0 20 7 8 30 0 9 0 0 15 0 0 0 0 0 0 9 0 0 0 0 0 0 17 0 0 0 14 0 0 0 0 0 4 0 7 0 6 0 5 2
0 7 9 3 10 0 4 0 0 1 0 0 0 0 0 0 0 0 0 0 1 0 0 4 0 0 0 2 0 0 0 0 0 0 0 7 0 2 0 7 0
0 21 8 9 31 0 9 0 0 15 0 0 0 0 0 0 8 0 0 0 0 0 0 17 0 0 0 14 0 0 0 0 0 4 0 8 0 6 0 6 2
0 0 0 0 0 0 0 6 19 0 0 0 4 0 1 0 0 0 0 1 3 19 27 0 1 17 1 0 16 0 18 1 6 0 1 0 0 0 16 0 0
0 0 2 0 0 0 0 0 2 0 0 0 0 0 0 0 0 0 0 0 4 5 15 0 1 6 0 0 7 1 0 0 0 0 2 0 0 0 0 0 0
0 0 0 0 0 0 0 7 11 0 0 0 3 0 2 0 0 0 0 2 1 9 11 0 0 7 2 0 6 0 13 0 6 0 0 0 0 0 14 0 0
0 18 8 8 26 0 8 0 0 12 0 0 0 0 0 0 6 0 0 0 0 0 0 14 0 0 0 11 0 0 0 0 0 3 0 7 0 5 0 6 1
0 1 1 2 0 0 2 3 2 0 0 0 1 0 1 0 0 0 0 1 0 2 0 0 0 0 0 0 0 0 4 0 2 0 0 5 0 1 6 4 0
0 20 5 7 31 0 8 0 0 19 0 0 0 0 0 0 12 0 0 0 0 0 0 19 0 0 1 15 0 0 0 0 0 6 1 4 0 6 0 3 3
0 0 0 0 0 0 0 3 5 0 0 0 1 0 0 0 0 0 0 0 1 5 8 0 0 4 0 0 4 0 5 0 2 0 0 0 0 0 6 0 0
0 14 2 3 21 0 4 0 0 18 0 0 0 0 0 0 13 0 0 0 0 0 0 15 0 0 2 14 0 0 0 0 0 7 1 0 0 4 0 0 1
0 19 10 9 27 0 9 0 0 10 0 0 0 0 0 0 4 0 0 0 0 0 0 13 0 0 0 11 0 0 0 0 0 3 0 10 0 6 0 7 1
0 16 9 8 22 0 8 0 0 7 0 0 0 0 0 0 2 0 0 0 0 0 0 11 0 0 0 8 0 0 0 0 0 2 0 10 0 5 0 8 0
0 18 5 6 27 0 7 0 0 16 0 0 0 0 0 0 10 0 0 0 0 0 0 16 0 0 1 13 0 0 0 0 0 5 1 4 0 5 0 3 2
0 0 0 0 0 0 0 4 8 0 0 0 2 0 1 0 0 0 0 1 1 7 9 0 0 6 1 0 6 0 8 0 3 0 0 0 0 0 9 0 0
0 0 0 0 0 0 0 5 17 0 0 0 4 0 1 0 0 0 0 1 4 16 25 0 2 15 1 0 15 0 14 0 5 0 1 0 0 0 14 0 0
0 0 9 0 0 0 0 0 0 0 0 0 0 0 0 0 0 0 0 0 4 2 13 0 1 4 0 0 3 1 0 0 0 0 1 2 0 0 0 5 0
0 15 12 7 20 0 7 0 0 4 0 0 0 0 0 0 1 0 0 0 0 0 0 9 0 0 0 7 0 0 0 0 0 0 0 10 0 4 0 9 0
0 0 0 0 0 0 0 8 18 0 0 0 4 0 2 0 0 0 0 2 2 16 20 0 0 13 2 0 12 0 17 0 7 0 0 0 0 0 18 0 0
0 16 9 8 22 0 8 0 0 8 0 0 0 0 0 0 3 0 0 0 0 0 0 11 0 0 0 8 0 0 0 0 0 2 0 9 0 5 0 7 0
0 0 0 0 0 0 0 11 25 0 0 0 6 0 2 0 0 0 0 2 3 22 29 0 1 20 3 0 18 0 24 1 10 0 0 0 0 0 24 0 0
0 0 0 0 0 0 0 14 34 0 0 0 9 0 3 0 0 0 0 4 3 30 37 0 0 26 4 0 22 0 33 2 14 0 0 0 0 0 33 0 0
0 0 0 0 0 0 0 1 5 0 0 0 0 0 0 0 0 0 0 0 2 7 13 0 1 7 0 0 7 0 4 0 1 0 1 0 0 0 3 0 0
0 16 9 7 22 0 8 0 0 8 0 0 0 0 0 0 3 0 0 0 0 0 0 11 0 0 0 8 0 0 0 0 0 2 0 9 0 5 0 7 1
0 14 8 7 19 0 7 0 0 6 0 0 0 0 0 0 2 0 0 0 0 0 0 9 0 0 0 6 0 0 0 0 0 2 0 9 0 4 0 7 0
0 21 9 9 30 0 9 0 0 13 0 0 0 0 0 0 7 0 0 0 0 0 0 16 0 0 0 13 0 0 0 0 0 4 0 9 0 6 0 7 2
0 9 5 5 10 0 5 1 0 2 0 0 0 0 0 0 0 0 0 0 0 0 0 4 0 0 0 2 0 0 0 0 0 0 0 7 0 3 0 6 0
0 18 10 9 26 0 9 0 0 9 0 0 0 0 0 0 4 0 0 0 0 0 0 13 0 0 0 10 0 0 0 0 0 3 0 11 0 6 0 8 1
0 1 6 1 2 0 1 0 0 0 0 0 0 0 0 0 0 0 0 0 2 1 6 0 0 1 0 0 1 0 0 0 0 0 0 5 0 1 0 5 0
0 1 1 1 0 0 1 3 3 0 0 0 1 0 1 0 0 0 0 1 0 2 1 0 0 1 0 0 0 0 4 0 2 0 0 4 0 0 6 3 0
0 0 0 0 0 0 0 3 15 0 0 0 2 0 0 0 0 0 0 0 5 16 28 0 3 16 0 0 16 0 12 1 2 0 2 0 0 0 9 0 0
0 19 8 9 28 0 9 0 0 13 0 0 0 0 0 0 7 0 0 0 0 0 0 16 0 0 0 12 0 0 0 0 0 4 0 8 0 5 0 6 2
0 15 9 7 20 0 7 0 0 6 0 0 0 0 0 0 2 0 0 0 0 0 0 10 0 0 0 7 0 0 0 0 0 2 0 9 0 4 0 7 0
0 0 4 0 0 0 0 0 0 0 0 0 0 0 0 0 0 0 0 0 3 4 13 0 1 4 0 0 5 1 0 0 0 0 1 0 0 0 0 2 0
0 15 10 7 20 0 8 0 0 6 0 0 0 0 0 0 2 0 0 0 0 0 0 10 0 0 0 7 0 0 0 0 0 2 0 10 0 5 0 8 0
0 16 9 7 22 0 8 0 0 7 0 0 0 0 0 0 2 0 0 0 0 0 0 10 0 0 0 8 0 0 0 0 0 2 0 10 0 5 0 7 0
0 19 8 8 28 0 9 0 0 13 0 0 0 0 0 0 7 0 0 0 0 0 0 16 0 0 0 12 0 0 0 0 0 4 0 8 0 6 0 6 2
0 8 8 3 11 0 4 0 0 2 0 0 0 0 0 0 1 0 0 0 0 0 0 6 0 0 0 4 0 0 0 0 0 0 0 5 0 2 0 6 0
0 13 7 6 19 0 6 0 0 8 0 0 0 0 0 0 4 0 0 0 0 0 0 10 0 0 0 8 0 0 0 0 0 2 0 6 0 4 0 5 0
0 16 9 8 23 0 8 0 0 8 0 0 0 0 0 0 2 0 0 0 0 0 0 11 0 0 0 9 0 0 0 0 0 2 0 10 0 5 0 8 1
0 0 0 1 0 0 0 4 4 0 0 0 1 0 1 0 0 0 0 1 0 3 2 0 0 2 1 0 1 0 6 0 3 0 0 3 0 0 8 1 0
0 17 0 3 27 0 5 0 0 26 0 0 0 0 0 0 19 0 0 0 0 0 0 21 0 0 5 19 0 0 0 0 0 10 2 0 0 5 0 0 2
0 20 10 9 29 0 10 0 0 12 0 0 0 0 0 0 5 0 0 0 0 0 0 15 0 0 0 12 0 0 0 0 0 3 0 10 0 6 0 7 2
0 5 9 2 7 0 3 0 0 0 0 0 0 0 0 0 0 0 0 0 2 0 2 2 0 0 0 1 0 0 0 0 0 0 0 6 0 1 0 6 0
0 17 8 8 24 0 8 0 0 9 0 0 0 0 0 0 4 0 0 0 0 0 0 12 0 0 0 10 0 0 0 0 0 2 0 8 0 5 0 6 1
0 0 0 0 0 0 0 5 14 0 0 0 3 0 1 0 0 0 0 0 3 13 20 0 1 12 1 0 11 0 14 1 4 0 0 0 0 0 13 0 0
0 21 7 8 31 0 9 0 0 16 0 0 0 0 0 0 9 0 0 0 0 0 0 18 0 0 0 14 0 0 0 0 0 5 0 7 0 6 0 5 2
0 13 9 6 19 0 6 0 0 6 0 0 0 0 0 0 2 0 0 0 0 0 0 9 0 0 0 7 0 0 0 0 0 1 0 8 0 4 0 6 0
0 16 9 7 21 0 8 0 0 7 0 0 0 0 0 0 3 0 0 0 0 0 0 11 0 0 0 8 0 0 0 0 0 2 0 9 0 5 0 7 0
0 12 10 6 17 0 6 0 0 4 0 0 0 0 0 0 1 0 0 0 0 0 0 8 0 0 0 6 0 0 0 0 0 0 0 8 0 3 0 7 0
0 0 0 0 0 0 0 0 11 0 0 0 1 0 0 0 0 0 0 0 6 14 31 0 4 15 0 0 17 1 6 0 0 0 5 0 0 0 3 0 0
0 19 6 7 28 0 8 0 0 16 0 0 0 0 0 0 10 0 0 0 0 0 0 17 0 0 1 14 0 0 0 0 0 5 0 5 0 5 0 4 2
0 0 0 0 0 0 0 0 3 0 0 0 0 0 0 0 0 0 0 0 5 9 25 0 3 11 0 0 13 0 0 0 0 0 4 0 0 0 0 0 0
0 15 5 6 21 0 6 0 0 12 0 0 0 0 0 0 7 0 0 0 0 0 0 13 0 0 0 10 0 0 0 0 0 4 0 4 0 4 0 3 1
0 5 3 3 4 0 3 2 0 0 0 0 0 0 0 0 0 0 0 1 0 0 0 1 0 0 0 0 0 0 2 0 1 0 0 6 0 2 4 5 0
0 17 9 8 24 0 8 0 0 9 0 0 0 0 0 0 3 0 0 0 0 0 0 12 0 0 0 9 0 0 0 0 0 2 0 9 0 5 0 7 1
0 0 0 0 0 0 0 1 9 0 0 0 1 0 0 0 0 0 0 0 2 11 19 0 2 11 0 0 12 0 7 0 2 0 3 0 0 0 5 0 0
0 18 9 8 26 0 9 0 0 11 0 0 0 0 0 0 5 0 0 0 0 0 0 14 0 0 0 10 0 0 0 0 0 3 0 9 0 5 0 7 1
0 17 10 8 24 0 8 0 0 7 0 0 0 0 0 0 2 0 0 0 0 0 0 11 0 0 0 9 0 0 0 0 0 2 0 10 0 5 0 8 0
0 21 9 9 31 0 10 0 0 13 0 0 0 0 0 0 6 0 0 0 0 0 0 16 0 0 0 13 0 0 0 0 0 4 0 10 0 6 0 7 2
0 0 0 0 0 0 0 2 6 0 0 0 1 0 0 0 0 0 0 0 2 7 12 0 1 6 0 0 6 0 6 0 1 0 0 0 0 0 6 0 0
0 15 8 7 21 0 7 0 0 8 0 0 0 0 0 0 3 0 0 0 0 0 0 11 0 0 0 8 0 0 0 0 0 2 0 8 0 5 0 6 0
0 0 0 0 0 0 0 3 16 0 0 0 2 0 0 0 0 0 0 0 5 17 30 0 3 17 0 0 17 0 12 0 2 0 3 0 0 0 9 0 0
0 0 0 0 0 0 0 7 13 0 0 0 3 0 2 0 0 0 0 2 1 10 13 0 0 9 2 0 8 0 14 0 6 0 0 0 0 0 15 0 0
0 11 8 6 14 0 6 0 0 3 0 0 0 0 0 0 0 0 0 0 0 0 0 6 0 0 0 4 0 0 0 0 0 1 0 8 0 3 0 7 0
0 18 9 8 26 0 9 0 0 10 0 0 0 0 0 0 5 0 0 0 0 0 0 13 0 0 0 10 0 0 0 0 0 3 0 9 0 6 0 7 1
0 0 7 0 1 0 0 0 0 0 0 0 0 0 0 0 0 0 0 0 3 1 10 0 1 2 0 0 2 1 0 0 0 0 1 3 0 0 0 5 0
0 17 8 8 25 0 8 0 0 11 0 0 0 0 0 0 5 0 0 0 0 0 0 13 0 0 0 10 0 0 0 0 0 3 0 8 0 5 0 6 1
0 0 0 0 0 0 0 9 20 0 0 0 5 0 2 0 0 0 0 2 2 17 22 0 0 15 2 0 14 0 20 1 8 0 0 0 0 0 20 0 0
0 0 0 0 0 0 0 6 19 0 0 0 4 0 1 0 0 0 0 1 4 18 27 0 1 17 1 0 16 0 17 1 5 0 1 0 0 0 15 0 0
0 0 0 0 0 0 0 11 27 0 0 0 6 0 2 0 0 0 0 2 3 24 32 0 1 22 3 0 20 0 26 1 10 0 0 0 0 0 25 0 0
0 0 3 0 0 0 0 0 0 0 0 0 0 0 0 0 0 0 0 0 4 6 23 0 2 8 0 0 9 1 0 0 0 0 3 0 0 0 0 0 0
0 10 6 5 12 0 6 1 0 3 0 0 0 0 0 0 0 0 0 0 0 0 0 5 0 0 0 3 0 0 0 0 0 1 0 8 0 4 0 7 0
0 4 3 3 4 0 3 2 0 0 0 0 0 0 0 0 0 0 0 0 0 0 0 1 0 0 0 0 0 0 1 0 0 0 0 6 0 2 2 5 0
0 18 6 7 26 0 7 0 0 14 0 0 0 0 0 0 9 0 0 0 0 0 0 15 0 0 0 12 0 0 0 0 0 4 0 5 0 5 0 3 2
0 10 6 2 15 0 2 0 0 9 0 0 0 0 0 0 7 0 0 0 0 0 0 9 0 0 0 8 0 0 0 0 0 3 1 1 0 3 0 1 0
0 0 0 0 0 0 0 2 7 0 0 0 1 0 0 0 0 0 0 0 3 8 16 0 1 8 0 0 9 0 6 0 1 0 1 0 0 0 6 0 0
0 0 1 0 0 0 0 1 4 0 0 0 0 0 0 0 0 0 0 0 2 5 10 0 0 4 0 0 5 0 3 0 0 0 1 1 0 0 4 1 0
0 14 9 7 20 0 7 0 0 6 0 0 0 0 0 0 2 0 0 0 0 0 0 9 0 0 0 7 0 0 0 0 0 1 0 9 0 4 0 7 0
0 20 8 9 29 0 9 0 0 13 0 0 0 0 0 0 7 0 0 0 0 0 0 16 0 0 0 12 0 0 0 0 0 4 0 9 0 6 0 6 2
0 0 3 0 0 0 1 1 1 0 0 0 0 0 0 0 0 0 0 0 2 2 5 0 0 2 0 0 2 0 2 0 0 0 0 4 0 0 2 4 0
0 0 0 0 0 0 0 4 12 0 0 0 2 0 0 0 0 0 0 0 2 12 18 0 1 11 1 0 11 0 11 0 4 0 1 0 0 0 10 0 0
0 18 7 7 26 0 8 0 0 13 0 0 0 0 0 0 8 0 0 0 0 0 0 15 0 0 0 12 0 0 0 0 0 4 0 6 0 5 0 4 2
0 14 8 6 20 0 6 0 0 8 0 0 0 0 0 0 4 0 0 0 0 0 0 10 0 0 0 8 0 0 0 0 0 2 0 7 0 4 0 5 1
0 21 9 9 31 0 9 0 0 14 0 0 0 0 0 0 7 0 0 0 0 0 0 17 0 0 0 13 0 0 0 0 0 4 0 9 0 6 0 7 2
0 19 5 7 28 0 8 0 0 16 0 0 0 0 0 0 10 0 0 0 0 0 0 17 0 0 0 13 0 0 0 0 0 5 1 5 0 5 0 4 2
0 0 0 0 0 0 0 4 17 0 0 0 3 0 0 0 0 0 0 0 4 18 29 0 2 17 0 0 17 0 14 1 4 0 2 0 0 0 12 0 0
0 0 4 1 1 0 1 0 0 0 0 0 0 0 0 0 0 0 0 0 1 1 5 0 0 1 0 0 1 0 0 0 0 0 1 2 0 0 0 3 0
0 0 0 0 0 0 0 5 8 0 0 0 2 0 2 0 0 0 0 2 1 6 7 0 0 5 1 0 3 0 9 0 4 0 0 2 0 0 12 1 0
0 16 6 6 24 0 7 0 0 13 0 0 0 0 0 0 8 0 0 0 0 0 0 14 0 0 0 11 0 0 0 0 0 4 1 5 0 5 0 3 1
0 0 5 0 0 0 0 0 0 0 0 0 0 0 0 0 0 0 0 0 5 7 27 0 2 10 0 0 11 1 0 0 0 0 4 0 0 0 0 0 0
0 17 9 8 25 0 8 0 0 9 0 0 0 0 0 0 4 0 0 0 0 0 0 12 0 0 0 10 0 0 0 0 0 2 0 9 0 5 0 7 1
0 0 0 0 0 0 0 2 9 0 0 0 1 0 0 0 0 0 0 0 3 10 18 0 1 9 0 0 10 0 8 0 2 0 1 0 0 0 7 0 0
0 0 3 0 0 0 0 0 1 0 0 0 0 0 0 0 0 0 0 0 4 6 17 0 2 7 0 0 8 1 0 0 0 0 2 0 0 0 0 0 0
0 18 4 6 27 0 7 0 0 18 0 0 0 0 0 0 12 0 0 0 0 0 0 18 0 0 1 14 0 0 0 0 0 6 1 3 0 5 0 2 2
0 18 5 7 27 0 7 0 0 17 0 0 0 0 0 0 11 0 0 0 0 0 0 17 0 0 1 14 0 0 0 0 0 6 1 5 0 5 0 3 2
0 11 6 5 14 0 5 0 0 5 0 0 0 0 0 0 2 0 0 0 0 0 0 7 0 0 0 5 0 0 0 0 0 1 0 6 0 3 0 5 0
0 1 1 2 0 0 1 3 2 0 0 0 1 0 1 0 0 0 0 1 0 2 1 0 0 1 0 0 0 0 4 0 2 0 0 4 0 0 6 3 0
0 0 0 0 0 0 0 8 17 0 0 0 4 0 2 0 0 0 0 2 2 15 18 0 0 13 2 0 11 0 17 0 7 0 0 0 0 0 18 0 0
0 19 8 8 27 0 9 0 0 12 0 0 0 0 0 0 6 0 0 0 0 0 0 14 0 0 0 11 0 0 0 0 0 3 0 8 0 5 0 6 2
0 0 0 0 0 0 0 7 16 0 0 0 4 0 2 0 0 0 0 2 2 14 18 0 0 12 2 0 11 0 16 1 7 0 0 0 0 0 17 0 0
0 0 1 0 0 0 0 0 0 0 0 0 0 0 0 0 0 0 0 0 3 4 15 0 1 6 0 0 7 1 0 0 0 0 3 0 0 0 0 0 0
0 12 8 5 17 0 5 0 0 6 0 0 0 0 0 0 3 0 0 0 0 0 0 9 0 0 0 8 0 0 0 0 0 1 0 6 0 4 0 5 0
0 20 10 9 29 0 10 0 0 11 0 0 0 0 0 0 5 0 0 0 0 0 0 14 0 0 0 11 0 0 0 0 0 3 0 11 0 6 0 8 1
0 4 7 2 6 0 2 0 0 0 0 0 0 0 0 0 0 0 0 0 1 0 2 3 0 0 0 2 0 0 0 0 0 0 1 4 0 1 0 5 0
0 13 10 6 17 0 6 0 0 4 0 0 0 0 0 0 1 0 0 0 0 0 0 8 0 0 0 6 0 0 0 0 0 1 0 8 0 4 0 7 0
0 20 0 5 32 0 6 0 0 27 0 0 0 0 0 0 19 0 0 0 0 0 0 23 0 0 5 19 0 0 0 0 0 10 3 0 0 6 0 0 3
0 18 2 5 28 0 6 0 0 21 0 0 0 0 0 0 15 0 0 0 0 0 0 19 0 0 3 16 0 0 0 0 0 8 2 1 0 5 0 0 2
0 0 0 0 0 0 0 1 6 0 0 0 0 0 0 0 0 0 0 0 3 8 15 0 1 7 0 0 8 0 5 0 1 0 1 0 0 0 4 0 0
0 20 9 9 28 0 9 0 0 12 0 0 0 0 0 0 6 0 0 0 0 0 0 15 0 0 0 12 0 0 0 0 0 3 0 9 0 6 0 7 2
0 17 8 8 24 0 8 0 0 10 0 0 0 0 0 0 5 0 0 0 0 0 0 13 0 0 0 10 0 0 0 0 0 2 0 8 0 5 0 6 1
0 19 9 8 27 0 9 0 0 11 0 0 0 0 0 0 5 0 0 0 0 0 0 14 0 0 0 11 0 0 0 0 0 3 0 9 0 6 0 7 1
0 0 0 0 0 0 0 0 5 0 0 0 0 0 0 0 0 0 0 0 5 9 23 0 3 10 0 0 12 1 1 0 0 0 3 0 0 0 0 0 0
0 14 9 7 20 0 7 0 0 7 0 0 0 0 0 0 2 0 0 0 0 0 0 9 0 0 0 8 0 0 0 0 0 1 0 9 0 4 0 7 0
0 21 8 9 30 0 9 0 0 15 0 0 0 0 0 0 8 0 0 0 0 0 0 17 0 0 0 13 0 0 0 0 0 4 0 8 0 6 0 6 2
0 0 0 0 0 0 0 0 8 0 0 0 0 0 0 0 0 0 0 0 5 12 27 0 3 13 0 0 15 0 3 0 0 0 4 0 0 0 0 0 0
0 3 2 2 1 0 3 3 2 0 0 0 1 0 1 0 0 0 0 1 0 1 0 0 0 0 0 0 0 0 4 0 1 0 0 6 0 1 6 5 0
0 12 6 6 17 0 6 0 0 6 0 0 0 0 0 0 2 0 0 0 0 0 0 9 0 0 0 6 0 0 0 0 0 2 0 6 0 4 0 5 0
0 19 6 7 28 0 8 0 0 16 0 0 0 0 0 0 9 0 0 0 0 0 0 17 0 0 0 13 0 0 0 0 0 5 0 5 0 5 0 4 2
0 0 6 0 0 0 0 0 0 0 0 0 0 0 0 0 0 0 0 0 4 4 18 0 2 6 0 0 6 1 0 0 0 0 2 0 0 0 0 1 0
0 10 8 4 14 0 5 0 0 5 0 0 0 0 0 0 2 0 0 0 0 0 0 7 0 0 0 6 0 0 0 0 0 1 0 5 0 3 0 5 0
0 14 8 7 20 0 7 0 0 7 0 0 0 0 0 0 3 0 0 0 0 0 0 9 0 0 0 8 0 0 0 0 0 2 0 8 0 5 0 6 0
0 6 8 3 8 0 4 0 0 0 0 0 0 0 0 0 0 0 0 0 1 0 2 3 0 0 0 2 0 0 0 0 0 0 0 6 0 2 0 6 0
0 17 9 8 23 0 8 0 0 8 0 0 0 0 0 0 3 0 0 0 0 0 0 11 0 0 0 9 0 0 0 0 0 2 0 9 0 5 0 7 1
0 0 0 0 0 0 0 0 4 0 0 0 0 0 0 0 0 0 0 0 2 5 11 0 1 5 0 0 6 0 3 0 0 0 1 0 0 0 2 0 0
0 0 4 0 0 0 0 0 0 0 0 0 0 0 0 0 0 0 0 0 3 4 16 0 1 6 0 0 6 1 0 0 0 0 2 0 0 0 0 1 0
0 15 9 7 20 0 8 0 0 6 0 0 0 0 0 0 2 0 0 0 0 0 0 9 0 0 0 7 0 0 0 0 0 2 0 10 0 5 0 8 0
0 0 0 0 0 0 0 5 17 0 0 0 3 0 0 0 0 0 0 0 4 17 28 0 2 17 0 0 16 0 14 1 4 0 1 0 0 0 12 0 0
0 19 7 7 27 0 8 0 0 15 0 0 0 0 0 0 8 0 0 0 0 0 0 16 0 0 0 13 0 0 0 0 0 4 0 6 0 6 0 4 2
0 3 5 2 4 0 2 0 0 0 0 0 0 0 0 0 0 0 0 0 1 0 2 2 0 0 0 1 0 0 0 0 0 0 0 4 0 1 0 4 0
0 9 5 5 11 0 5 1 0 4 0 0 0 0 0 0 0 0 0 0 0 0 0 5 0 0 0 4 0 0 0 0 0 1 0 7 0 3 0 6 0
0 0 2 0 0 0 0 0 1 0 0 0 0 0 0 0 0 0 0 0 2 3 9 0 1 3 0 0 4 0 0 0 0 0 1 0 0 0 0 1 0
0 14 8 6 20 0 7 0 0 7 0 0 0 0 0 0 3 0 0 0 0 0 0 10 0 0 0 8 0 0 0 0 0 2 0 8 0 4 0 6 0
0 0 0 0 0 0 0 9 18 0 0 0 4 0 2 0 0 0 0 2 2 16 20 0 0 14 2 0 12 0 18 1 7 0 0 0 0 0 18 0 0
0 4 5 3 5 0 2 0 0 0 0 0 0 0 0 0 0 0 0 0 0 0 0 2 0 0 0 1 0 0 0 0 0 0 0 5 0 1 0 4 0
0 1 1 2 0 0 1 3 2 0 0 0 1 0 1 0 0 0 0 1 0 1 0 0 0 0 1 0 0 0 4 0 2 0 0 4 0 1 6 3 0
0 14 9 7 19 0 7 0 0 6 0 0 0 0 0 0 2 0 0 0 0 0 0 9 0 0 0 7 0 0 0 0 0 1 0 9 0 4 0 8 0
0 20 7 8 30 0 9 0 0 15 0 0 0 0 0 0 9 0 0 0 0 0 0 17 0 0 0 13 0 0 0 0 0 4 0 7 0 6 0 5 2
0 15 10 7 21 0 8 0 0 6 0 0 0 0 0 0 2 0 0 0 0 0 0 10 0 0 0 8 0 0 0 0 0 2 0 10 0 5 0 8 0
0 0 0 0 0 0 0 6 17 0 0 0 4 0 1 0 0 0 0 1 3 15 23 0 1 14 1 0 13 0 16 0 6 0 0 0 0 0 15 0 0
0 18 8 8 26 0 8 0 0 11 0 0 0 0 0 0 5 0 0 0 0 0 0 14 0 0 0 11 0 0 0 0 0 3 0 8 0 5 0 6 1
0 18 3 5 28 0 7 0 0 19 0 0 0 0 0 0 13 0 0 0 0 0 0 19 0 0 2 15 0 0 0 0 0 7 1 2 0 5 0 1 2
0 0 0 0 0 0 0 6 13 0 0 0 3 0 1 0 0 0 0 1 2 12 17 0 0 10 1 0 10 0 13 0 5 0 0 0 0 0 13 0 0
0 11 12 5 15 0 6 0 0 2 0 0 0 0 0 0 0 0 0 0 1 0 0 6 0 0 0 4 0 0 0 0 0 0 0 9 0 3 0 9 0
0 0 4 0 0 0 0 0 0 0 0 0 0 0 0 0 0 0 0 0 2 2 8 0 1 2 0 0 3 1 0 0 0 0 1 2 0 0 0 3 0
0 0 1 0 0 0 0 0 2 0 0 0 0 0 0 0 0 0 0 0 5 9 28 0 3 11 0 0 12 1 0 0 0 0 4 0 0 0 0 0 0
0 18 10 8 25 0 9 0 0 9 0 0 0 0 0 0 3 0 0 0 0 0 0 12 0 0 0 10 0 0 0 0 0 2 0 10 0 5 0 7 1
0 18 6 7 26 0 7 0 0 14 0 0 0 0 0 0 8 0 0 0 0 0 0 15 0 0 0 12 0 0 0 0 0 4 0 6 0 5 0 4 2
0 0 0 0 0 0 0 6 15 0 0 0 3 0 1 0 0 0 0 1 3 15 21 0 1 13 1 0 12 0 14 0 5 0 0 0 0 0 14 0 0
0 0 0 0 0 0 0 2 7 0 0 0 1 0 0 0 0 0 0 0 3 8 14 0 1 7 0 0 8 0 7 0 2 0 0 0 0 0 6 0 0
0 0 0 0 0 0 0 5 12 0 0 0 2 0 1 0 0 0 0 1 2 11 16 0 0 10 1 0 9 0 12 0 4 0 0 0 0 0 12 0 0
0 0 1 0 0 0 0 0 3 0 0 0 0 0 0 0 0 0 0 0 4 6 16 0 1 7 0 0 8 1 1 0 0 0 2 0 0 0 0 0 0
0 12 8 6 17 0 6 0 0 6 0 0 0 0 0 0 2 0 0 0 0 0 0 8 0 0 0 6 0 0 0 0 0 1 0 8 0 4 0 7 0
0 8 5 4 9 0 4 1 0 2 0 0 0 0 0 0 0 0 0 0 0 0 0 4 0 0 0 2 0 0 0 0 0 1 0 7 0 3 0 6 0
0 0 0 0 0 0 0 4 4 0 0 0 1 0 1 0 0 0 0 1 1 3 3 0 0 2 0 0 1 0 6 0 2 0 0 4 0 0 7 3 0
0 14 9 7 19 0 8 0 0 6 0 0 0 0 0 0 2 0 0 0 0 0 0 9 0 0 0 7 0 0 0 0 0 2 0 10 0 5 0 8 0
0 15 8 7 22 0 7 0 0 9 0 0 0 0 0 0 4 0 0 0 0 0 0 11 0 0 0 8 0 0 0 0 0 2 0 8 0 4 0 6 1
0 18 9 8 25 0 8 0 0 9 0 0 0 0 0 0 4 0 0 0 0 0 0 12 0 0 0 10 0 0 0 0 0 2 0 9 0 5 0 7 1
0 17 10 8 23 0 9 0 0 7 0 0 0 0 0 0 2 0 0 0 0 0 0 11 0 0 0 9 0 0 0 0 0 2 0 11 0 5 0 8 0
0 0 0 0 0 0 0 5 11 0 0 0 2 0 1 0 0 0 0 1 2 10 15 0 0 9 1 0 9 0 11 0 4 0 0 0 0 0 12 0 0
0 5 4 3 4 0 3 2 0 0 0 0 0 0 0 0 0 0 0 0 0 0 0 0 0 0 0 0 0 0 2 0 0 0 0 6 0 2 3 5 0
0 6 3 2 9 0 2 0 0 6 0 0 0 0 0 0 4 0 0 0 0 0 0 6 0 0 0 5 0 0 0 0 0 2 1 1 0 2 0 1 0
0 0 0 0 0 0 0 12 29 0 0 0 7 0 3 0 0 0 0 3 3 25 32 0 0 22 4 0 20 0 28 1 11 0 0 0 0 0 28 0 0
0 19 9 8 27 0 9 0 0 11 0 0 0 0 0 0 5 0 0 0 0 0 0 14 0 0 0 11 0 0 0 0 0 3 0 9 0 6 0 7 1
0 5 3 3 5 0 3 1 0 1 0 0 0 0 0 0 0 0 0 0 0 0 0 2 0 0 0 1 0 0 0 0 0 0 0 5 0 2 1 4 0
0 0 0 0 0 0 0 0 8 0 0 0 0 0 0 0 0 0 0 0 5 12 24 0 3 12 0 0 14 0 4 0 0 0 4 0 0 0 1 0 0
0 0 0 0 0 0 0 11 21 0 0 0 6 0 3 0 0 0 0 3 1 17 20 0 0 15 3 0 12 0 22 1 10 0 0 0 0 0 24 0 0
0 18 11 8 25 0 9 0 0 7 0 0 0 0 0 0 2 0 0 0 0 0 0 12 0 0 0 9 0 0 0 0 0 2 0 11 0 6 0 9 0
0 11 6 6 14 0 6 1 0 4 0 0 0 0 0 0 0 0 0 0 0 0 0 6 0 0 0 4 0 0 0 0 0 1 0 8 0 4 0 7 0
0 12 12 6 17 0 6 0 0 3 0 0 0 0 0 0 0 0 0 0 1 0 0 7 0 0 0 5 0 0 0 0 0 0 0 8 0 3 0 8 0
0 6 7 3 7 0 4 0 0 0 0 0 0 0 0 0 0 0 0 0 1 0 0 3 0 0 0 1 0 0 0 0 0 0 0 7 0 2 0 7 0
0 7 5 4 7 0 4 2 0 1 0 0 0 0 0 0 0 0 0 0 0 0 0 2 0 0 0 1 0 0 1 0 0 0 0 7 0 2 2 6 0
0 18 8 8 26 0 8 0 0 11 0 0 0 0 0 0 5 0 0 0 0 0 0 14 0 0 0 11 0 0 0 0 0 3 0 8 0 5 0 7 1
0 14 6 6 20 0 6 0 0 10 0 0 0 0 0 0 5 0 0 0 0 0 0 11 0 0 0 9 0 0 0 0 0 3 0 6 0 4 0 4 0
0 0 0 0 0 0 0 10 22 0 0 0 5 0 2 0 0 0 0 2 2 19 23 0 0 16 3 0 14 0 22 1 9 0 0 0 0 0 22 0 0
0 17 9 8 23 0 8 0 0 8 0 0 0 0 0 0 3 0 0 0 0 0 0 11 0 0 0 9 0 0 0 0 0 2 0 9 0 5 0 7 1
0 16 8 8 23 0 8 0 0 9 0 0 0 0 0 0 4 0 0 0 0 0 0 12 0 0 0 9 0 0 0 0 0 2 0 9 0 5 0 7 1
0 0 0 0 0 0 0 4 7 0 0 0 2 0 1 0 0 0 0 1 1 6 7 0 0 5 0 0 4 0 7 0 3 0 0 0 0 0 8 0 0
0 21 6 7 31 0 8 0 0 19 0 0 0 0 0 0 12 0 0 0 0 0 0 19 0 0 1 15 0 0 0 0 0 6 1 5 0 6 0 3 2
0 20 9 9 28 0 9 0 0 12 0 0 0 0 0 0 6 0 0 0 0 0 0 15 0 0 0 11 0 0 0 0 0 3 0 9 0 6 0 7 2
0 18 3 6 28 0 7 0 0 20 0 0 0 0 0 0 14 0 0 0 0 0 0 19 0 0 2 15 0 0 0 0 0 7 1 2 0 5 0 1 3
0 14 10 7 19 0 7 0 0 5 0 0 0 0 0 0 1 0 0 0 0 0 0 9 0 0 0 7 0 0 0 0 0 1 0 10 0 4 0 9 0
0 0 0 0 0 0 0 5 14 0 0 0 3 0 0 0 0 0 0 1 2 13 19 0 1 11 1 0 11 0 13 0 5 0 1 0 0 0 12 0 0
0 2 2 2 0 0 2 3 2 0 0 0 1 0 1 0 0 0 0 1 0 1 1 0 0 0 0 0 0 0 3 0 1 0 0 5 0 1 5 4 0
0 17 9 8 23 0 8 0 0 8 0 0 0 0 0 0 3 0 0 0 0 0 0 11 0 0 0 9 0 0 0 0 0 2 0 9 0 5 0 7 1
0 1 2 2 0 0 2 3 2 0 0 0 1 0 1 0 0 0 0 1 0 2 1 0 0 1 0 0 0 0 4 0 1 0 0 5 0 1 5 4 0
0 5 0 0 7 0 1 0 0 9 0 0 0 0 0 0 8 0 0 0 0 0 0 7 0 0 1 6 0 0 0 0 0 5 1 0 0 1 0 0 0
0 19 11 9 27 0 9 0 0 9 0 0 0 0 0 0 3 0 0 0 0 0 0 13 0 0 0 10 0 0 0 0 0 2 0 11 0 6 0 8 1
0 18 10 8 25 0 9 0 0 8 0 0 0 0 0 0 3 0 0 0 0 0 0 12 0 0 0 9 0 0 0 0 0 2 0 10 0 6 0 8 1
0 0 0 0 0 0 0 6 12 0 0 0 3 0 2 0 0 0 0 2 1 9 12 0 0 8 1 0 7 0 13 0 6 0 0 0 0 0 14 0 0
0 18 8 8 26 0 8 0 0 13 0 0 0 0 0 0 7 0 0 0 0 0 0 15 0 0 0 12 0 0 0 0 0 4 0 7 0 5 0 4 1
0 9 6 5 11 0 5 0 0 3 0 0 0 0 0 0 0 0 0 0 0 0 0 5 0 0 0 3 0 0 0 0 0 1 0 8 0 3 0 6 0
0 3 0 0 6 0 0 0 0 12 0 0 0 0 0 0 11 0 0 0 0 0 0 7 0 0 2 8 0 0 0 0 0 6 3 0 0 0 0 0 0
0 18 9 8 25 0 8 0 0 10 0 0 0 0 0 0 5 0 0 0 0 0 0 13 0 0 0 10 0 0 0 0 0 3 0 9 0 5 0 6 1
0 0 0 0 0 0 0 2 4 0 0 0 0 0 0 0 0 0 0 0 2 5 8 0 0 4 0 0 4 0 4 0 1 0 0 1 0 0 5 1 0
0 15 9 7 22 0 7 0 0 7 0 0 0 0 0 0 3 0 0 0 0 0 0 10 0 0 0 8 0 0 0 0 0 2 0 9 0 4 0 7 0
0 0 5 0 0 0 0 0 0 0 0 0 0 0 0 0 0 0 0 0 4 5 22 0 2 8 0 0 9 1 0 0 0 0 3 0 0 0 0 0 0
0 20 8 9 29 0 9 0 0 14 0 0 0 0 0 0 8 0 0 0 0 0 0 17 0 0 0 13 0 0 0 0 0 4 0 8 0 6 0 6 2
0 7 6 4 9 0 4 0 0 2 0 0 0 0 0 0 0 0 0 0 0 0 0 4 0 0 0 3 0 0 0 0 0 1 0 6 0 2 0 5 0
0 17 7 7 24 0 8 0 0 10 0 0 0 0 0 0 5 0 0 0 0 0 0 13 0 0 0 10 0 0 0 0 0 3 0 7 0 5 0 5 1
0 20 6 8 31 0 8 0 0 17 0 0 0 0 0 0 10 0 0 0 0 0 0 18 0 0 1 15 0 0 0 0 0 5 1 6 0 6 0 4 2
0 1 8 1 2 0 1 0 0 0 0 0 0 0 0 0 0 0 0 0 3 1 9 0 1 2 0 0 2 1 0 0 0 0 1 4 0 0 0 5 0
0 5 6 3 7 0 3 0 0 0 0 0 0 0 0 0 0 0 0 0 1 0 0 2 0 0 0 1 0 0 0 0 0 0 0 5 0 1 0 5 0
0 16 8 7 22 0 7 0 0 9 0 0 0 0 0 0 4 0 0 0 0 0 0 11 0 0 0 9 0 0 0 0 0 2 0 8 0 5 0 6 1
0 14 2 4 22 0 5 0 0 17 0 0 0 0 0 0 12 0 0 0 0 0 0 15 0 0 2 13 0 0 0 0 0 7 1 1 0 4 0 0 1
0 15 9 7 22 0 7 0 0 7 0 0 0 0 0 0 2 0 0 0 0 0 0 10 0 0 0 8 0 0 0 0 0 2 0 9 0 5 0 7 0
0 0 0 0 0 0 0 0 6 0 0 0 0 0 0 0 0 0 0 0 4 8 19 0 2 9 0 0 11 0 2 0 0 0 3 0 0 0 1 0 0
0 0 0 1 0 0 1 4 4 0 0 0 1 0 1 0 0 0 0 1 0 3 1 0 0 2 1 0 0 0 6 0 3 0 0 4 0 0 8 2 0
0 0 0 0 0 0 0 9 21 0 0 0 5 0 2 0 0 0 0 2 2 18 23 0 0 16 2 0 14 0 21 1 8 0 0 0 0 0 21 0 0
0 22 8 9 33 0 10 0 0 17 0 0 0 0 0 0 10 0 0 0 0 0 0 19 0 0 0 15 0 0 0 0 0 5 0 8 0 7 0 5 3
0 18 4 6 27 0 7 0 0 17 0 0 0 0 0 0 11 0 0 0 0 0 0 18 0 0 1 13 0 0 0 0 0 6 1 4 0 5 0 2 2
0 0 0 0 0 0 0 5 7 0 0 0 2 0 1 0 0 0 0 1 1 6 6 0 0 4 1 0 3 0 8 0 4 0 0 2 0 0 10 1 0
0 0 0 0 0 0 0 0 4 0 0 0 0 0 0 0 4 0 0 0 2 7 20 0 2 8 0 0 11 0 0 0 0 1 5 0 0 0 0 0 0
0 15 8 7 21 0 7 0 0 7 0 0 0 0 0 0 3 0 0 0 0 0 0 10 0 0 0 7 0 0 0 0 0 2 0 9 0 5 0 7 1
0 19 6 7 29 0 8 0 0 17 0 0 0 0 0 0 10 0 0 0 0 0 0 18 0 0 1 14 0 0 0 0 0 5 1 4 0 5 0 3 2
0 19 11 9 27 0 9 0 0 9 0 0 0 0 0 0 3 0 0 0 0 0 0 13 0 0 0 10 0 0 0 0 0 2 0 11 0 5 0 8 1
0 20 9 9 28 0 9 0 0 12 0 0 0 0 0 0 6 0 0 0 0 0 0 15 0 0 0 12 0 0 0 0 0 3 0 10 0 6 0 7 2
0 6 2 1 10 0 1 0 0 7 0 0 0 0 0 0 6 0 0 0 0 0 0 7 0 0 0 6 0 0 0 0 0 3 2 0 0 1 0 0 0
0 18 7 7 26 0 8 0 0 13 0 0 0 0 0 0 7 0 0 0 0 0 0 14 0 0 0 11 0 0 0 0 0 4 0 7 0 5 0 5 1
0 20 8 9 29 0 9 0 0 14 0 0 0 0 0 0 7 0 0 0 0 0 0 16 0 0 0 13 0 0 0 0 0 4 0 8 0 6 0 6 2
0 10 4 5 14 0 5 0 0 6 0 0 0 0 0 0 3 0 0 0 0 0 0 7 0 0 0 5 0 0 0 0 0 2 0 5 0 3 0 4 1
0 21 3 6 32 0 7 0 0 23 0 0 0 0 0 0 15 0 0 0 0 0 0 22 0 0 3 17 0 0 0 0 0 8 2 2 0 6 0 1 3
0 15 11 7 21 0 7 0 0 6 0 0 0 0 0 0 2 0 0 0 0 0 0 10 0 0 0 8 0 0 0 0 0 1 0 9 0 4 0 8 0
0 0 4 0 2 0 0 0 0 0 0 0 0 0 0 0 0 0 0 0 1 0 5 0 0 1 0 0 2 0 0 0 0 0 1 1 0 0 0 2 0
0 14 8 7 20 0 7 0 0 6 0 0 0 0 0 0 2 0 0 0 0 0 0 9 0 0 0 7 0 0 0 0 0 2 0 9 0 5 0 7 1
0 0 0 0 0 0 0 0 10 0 0 0 1 0 0 0 0 0 0 0 5 13 26 0 3 13 0 0 14 0 7 0 1 0 3 0 0 0 4 0 0
0 16 10 7 23 0 8 0 0 8 0 0 0 0 0 0 3 0 0 0 0 0 0 11 0 0 0 9 0 0 0 0 0 2 0 9 0 5 0 7 0
0 12 10 5 16 0 6 0 0 4 0 0 0 0 0 0 0 0 0 0 0 0 0 7 0 0 0 5 0 0 0 0 0 0 0 9 0 3 0 8 0
0 0 0 0 0 0 0 0 17 0 0 0 2 0 0 0 0 0 0 0 7 20 39 0 4 21 0 0 23 0 10 1 1 0 6 0 0 0 6 0 0
0 0 0 0 0 0 0 7 17 0 0 0 4 0 1 0 0 0 0 1 2 16 23 0 1 14 2 0 13 0 16 1 6 0 0 0 0 0 16 0 0
0 17 9 8 25 0 9 0 0 10 0 0 0 0 0 0 4 0 0 0 0 0 0 13 0 0 0 10 0 0 0 0 0 3 0 10 0 5 0 7 1
0 0 0 0 0 0 0 6 13 0 0 0 3 0 1 0 0 0 0 1 2 11 15 0 0 10 1 0 9 0 13 0 5 0 0 0 0 0 14 0 0
0 0 0 0 0 0 0 3 6 0 0 0 1 0 0 0 0 0 0 0 1 5 7 0 0 5 1 0 4 0 6 0 3 0 0 0 0 0 7 0 0
0 2 4 1 1 0 2 1 0 0 0 0 0 0 0 0 0 0 0 0 1 1 4 0 0 1 0 0 1 0 1 0 0 0 0 5 0 1 2 4 0
0 13 8 7 17 0 7 0 0 5 0 0 0 0 0 0 1 0 0 0 0 0 0 8 0 0 0 6 0 0 0 0 0 2 0 9 0 4 0 7 1
0 1 1 1 0 0 1 2 2 0 0 0 1 0 1 0 0 0 0 1 0 1 0 0 0 1 0 0 0 0 4 0 2 0 0 3 0 1 5 2 0
0 0 0 0 0 0 0 0 0 2 0 0 0 0 0 0 3 0 0 0 0 0 3 1 0 1 0 1 3 0 0 0 0 1 2 0 0 0 0 0 0
0 0 0 0 0 0 0 7 13 0 0 0 3 0 2 0 0 0 0 2 1 11 13 0 0 9 2 0 8 0 14 0 6 0 0 0 0 0 16 0 0
0 22 6 8 33 0 9 0 0 19 0 0 0 0 0 0 11 0 0 0 0 0 0 20 0 0 1 16 0 0 0 0 0 6 1 6 0 6 0 4 3
0 0 5 0 0 0 0 0 0 0 0 0 0 0 0 0 0 0 0 0 3 2 9 0 1 3 0 0 3 0 0 0 0 0 1 1 0 0 0 3 0
0 16 9 8 23 0 8 0 0 8 0 0 0 0 0 0 3 0 0 0 0 0 0 11 0 0 0 9 0 0 0 0 0 2 0 9 0 5 0 7 1
0 16 6 7 24 0 7 0 0 11 0 0 0 0 0 0 6 0 0 0 0 0 0 13 0 0 0 10 0 0 0 0 0 3 0 6 0 5 0 5 1
0 0 0 0 0 0 0 0 7 0 0 0 0 0 0 0 0 0 0 0 4 9 18 0 2 9 0 0 10 0 4 0 0 0 3 0 0 0 3 0 0
0 1 2 1 0 0 2 3 2 0 0 0 1 0 1 0 0 0 0 1 0 2 1 0 0 1 0 0 0 0 4 0 1 0 0 4 0 0 5 3 0
0 18 7 7 26 0 8 0 0 13 0 0 0 0 0 0 8 0 0 0 0 0 0 15 0 0 0 12 0 0 0 0 0 4 0 6 0 5 0 4 1
0 0 0 0 0 0 0 9 15 0 0 0 4 0 3 0 0 0 0 2 1 12 14 0 0 10 2 0 8 0 17 0 8 0 0 0 0 0 18 0 0
0 0 0 0 0 0 0 2 6 0 0 0 1 0 0 0 0 0 0 0 3 8 15 0 1 7 0 0 8 0 5 0 1 0 1 0 0 0 5 0 0
0 12 8 6 16 0 6 0 0 5 0 0 0 0 0 0 1 0 0 0 0 0 0 7 0 0 0 5 0 0 0 0 0 1 0 9 0 4 0 7 0
0 16 8 7 23 0 8 0 0 8 0 0 0 0 0 0 4 0 0 0 0 0 0 11 0 0 0 9 0 0 0 0 0 2 0 8 0 5 0 6 1
0 18 9 8 25 0 9 0 0 9 0 0 0 0 0 0 4 0 0 0 0 0 0 13 0 0 0 10 0 0 0 0 0 2 0 10 0 5 0 7 1
0 0 0 0 0 0 0 3 6 0 0 0 1 0 1 0 0 0 0 1 2 6 9 0 0 5 0 0 5 0 6 0 2 0 0 0 0 0 7 0 0
0 0 7 0 0 0 1 0 0 0 0 0 0 0 0 0 0 0 0 0 3 2 9 0 1 2 0 0 3 1 0 0 0 0 1 4 0 0 0 5 0
0 0 0 0 0 0 0 1 5 0 0 0 0 0 0 0 0 0 0 0 2 6 12 0 1 6 0 0 6 0 4 0 1 0 1 0 0 0 4 0 0
0 0 0 0 0 0 0 7 11 0 0 0 3 0 2 0 0 0 0 2 1 9 10 0 0 7 2 0 5 0 13 0 6 0 0 0 0 0 14 0 0
0 14 8 7 20 0 7 0 0 7 0 0 0 0 0 0 2 0 0 0 0 0 0 9 0 0 0 7 0 0 0 0 0 2 0 9 0 5 0 7 1
0 18 6 7 26 0 7 0 0 14 0 0 0 0 0 0 9 0 0 0 0 0 0 15 0 0 0 12 0 0 0 0 0 4 0 5 0 5 0 4 2
0 17 8 8 24 0 8 0 0 10 0 0 0 0 0 0 4 0 0 0 0 0 0 13 0 0 0 9 0 0 0 0 0 2 0 8 0 5 0 6 1
0 16 5 6 23 0 7 0 0 13 0 0 0 0 0 0 8 0 0 0 0 0 0 14 0 0 0 11 0 0 0 0 0 4 1 5 0 5 0 4 1
0 20 8 8 29 0 9 0 0 14 0 0 0 0 0 0 8 0 0 0 0 0 0 16 0 0 0 13 0 0 0 0 0 4 0 7 0 6 0 5 2
0 0 0 0 0 0 0 2 10 0 0 0 1 0 0 0 0 0 0 0 3 12 20 0 2 12 0 0 12 0 9 1 2 0 1 0 0 0 6 0 0
0 0 1 0 0 0 0 0 2 0 0 0 0 0 0 0 0 0 0 0 4 7 20 0 2 8 0 0 9 1 0 0 0 0 3 0 0 0 0 0 0
0 16 8 7 22 0 8 0 0 8 0 0 0 0 0 0 3 0 0 0 0 0 0 11 0 0 0 9 0 0 0 0 0 2 0 8 0 5 0 6 1
0 18 5 7 27 0 8 0 0 16 0 0 0 0 0 0 10 0 0 0 0 0 0 16 0 0 1 13 0 0 0 0 0 5 0 5 0 5 0 3 2
0 19 9 9 28 0 9 0 0 11 0 0 0 0 0 0 5 0 0 0 0 0 0 14 0 0 0 11 0 0 0 0 0 3 0 9 0 6 0 7 1
0 18 10 8 25 0 9 0 0 9 0 0 0 0 0 0 3 0 0 0 0 0 0 12 0 0 0 10 0 0 0 0 0 2 0 10 0 5 0 8 1
0 21 10 9 30 0 10 0 0 12 0 0 0 0 0 0 6 0 0 0 0 0 0 16 0 0 0 12 0 0 0 0 0 3 0 10 0 6 0 7 2
0 15 6 7 22 0 7 0 0 10 0 0 0 0 0 0 5 0 0 0 0 0 0 12 0 0 0 9 0 0 0 0 0 3 0 6 0 5 0 4 1
0 12 8 6 17 0 7 0 0 5 0 0 0 0 0 0 2 0 0 0 0 0 0 8 0 0 0 6 0 0 0 0 0 1 0 8 0 4 0 7 0
0 0 0 0 0 0 0 7 15 0 0 0 3 0 2 0 0 0 0 1 1 13 17 0 0 11 1 0 10 0 16 0 6 0 0 0 0 0 16 0 0
0 0 2 0 0 0 0 1 3 0 0 0 0 0 0 0 0 0 0 0 3 5 11 0 1 5 0 0 5 0 2 0 0 0 1 0 0 0 2 1 0
0 10 2 4 14 0 4 0 0 9 0 0 0 0 0 0 6 0 0 1 0 0 0 9 0 0 1 7 0 0 0 0 0 4 0 3 0 3 0 2 1
0 18 8 8 26 0 9 0 0 11 0 0 0 0 0 0 5 0 0 0 0 0 0 14 0 0 0 10 0 0 0 0 0 3 0 9 0 5 0 7 1
0 18 4 6 28 0 7 0 0 18 0 0 0 0 0 0 12 0 0 0 0 0 0 18 0 0 1 14 0 0 0 0 0 6 1 4 0 5 0 3 2
0 13 9 7 18 0 7 0 0 5 0 0 0 0 0 0 1 0 0 0 0 0 0 8 0 0 0 6 0 0 0 0 0 1 0 10 0 4 0 8 0
0 17 7 7 24 0 7 0 0 12 0 0 0 0 0 0 6 0 0 0 0 0 0 13 0 0 0 11 0 0 0 0 0 3 0 7 0 5 0 5 1
0 0 1 1 0 0 1 2 2 0 0 0 1 0 0 0 0 0 0 1 0 2 2 0 0 1 0 0 1 0 4 0 1 0 0 3 0 0 5 2 0
0 14 10 6 19 0 7 0 0 5 0 0 0 0 0 0 2 0 0 0 0 0 0 9 0 0 0 7 0 0 0 0 0 1 0 8 0 4 0 7 0
0 1 1 0 1 0 0 0 0 1 0 0 0 0 0 0 1 0 0 0 0 0 2 1 0 0 0 1 1 0 0 0 0 1 1 0 0 0 0 0 0
0 16 3 5 24 0 6 0 0 17 0 0 0 0 0 0 11 0 0 0 0 0 0 16 0 0 2 13 0 0 0 0 0 6 1 2 0 4 0 1 1
0 7 5 4 8 0 4 1 0 1 0 0 0 0 0 0 0 0 0 0 0 0 0 3 0 0 0 2 0 0 0 0 0 0 0 7 0 2 2 5 0
0 0 0 0 0 0 0 6 11 0 0 0 3 0 2 0 0 0 0 2 2 10 12 0 0 8 1 0 7 0 12 0 5 0 0 0 0 0 13 0 0
0 0 0 0 0 0 0 8 21 0 0 0 5 0 2 0 0 0 0 2 3 19 26 0 1 17 2 0 15 0 20 1 8 0 0 0 0 0 19 0 0
0 0 0 0 0 0 0 4 8 0 0 0 2 0 1 0 0 0 0 1 1 7 9 0 0 5 0 0 5 0 8 0 3 0 0 0 0 0 9 0 0
0 16 9 8 22 0 8 0 0 8 0 0 0 0 0 0 3 0 0 0 0 0 0 11 0 0 0 9 0 0 0 0 0 2 0 9 0 5 0 7 1
0 11 6 4 17 0 4 0 0 10 0 0 0 0 0 0 6 0 0 0 0 0 0 10 0 0 0 8 0 0 0 0 0 3 1 2 0 3 0 2 0
0 11 5 5 15 0 4 0 0 7 0 0 0 0 0 0 4 0 0 0 0 0 0 9 0 0 0 7 0 0 0 0 0 2 0 4 0 3 0 3 0
0 11 6 5 14 0 6 0 0 4 0 0 0 0 0 0 1 0 0 0 0 0 0 6 0 0 0 5 0 0 0 0 0 1 0 7 0 3 0 6 0
0 15 8 7 21 0 8 0 0 7 0 0 0 0 0 0 3 0 0 0 0 0 0 10 0 0 0 8 0 0 0 0 0 2 0 9 0 5 0 7 1
0 0 3 0 0 0 0 0 2 0 0 0 0 0 0 0 0 0 0 0 3 4 11 0 1 4 0 0 5 0 1 0 0 0 0 0 0 0 1 1 0
0 0 0 0 0 0 0 1 8 0 0 0 1 0 0 0 0 0 0 0 3 9 17 0 2 9 0 0 10 0 6 0 1 0 2 0 0 0 4 0 0
0 1 3 1 0 0 1 1 1 0 0 0 0 0 0 0 0 0 0 0 1 1 3 0 0 1 0 0 1 0 2 0 0 0 0 3 0 0 2 3 0
0 0 0 0 0 0 0 2 11 0 0 0 1 0 0 0 0 0 0 0 4 12 21 0 2 11 0 0 12 0 8 0 2 0 2 0 0 0 7 0 0
0 14 7 6 19 0 6 0 0 7 0 0 0 0 0 0 3 0 0 0 0 0 0 10 0 0 0 7 0 0 0 0 0 2 0 7 0 4 0 5 0
0 11 7 6 14 0 6 0 0 4 0 0 0 0 0 0 0 0 0 0 0 0 0 6 0 0 0 4 0 0 0 0 0 1 0 8 0 4 0 7 0
0 23 10 10 33 0 10 0 0 15 0 0 0 0 0 0 8 0 1 0 0 0 0 18 0 0 0 14 0 0 0 0 0 4 0 10 0 7 0 7 3
0 0 0 0 0 0 0 0 6 0 0 0 0 0 0 0 0 0 0 0 7 13 32 0 4 14 0 0 16 1 0 0 0 0 6 0 0 0 0 0 0
0 17 10 8 24 0 8 0 0 8 0 0 0 0 0 0 3 0 0 0 0 0 0 12 0 0 0 9 0 0 0 0 0 2 0 10 0 5 0 8 1
0 0 0 0 0 0 0 6 15 0 0 0 3 0 1 0 0 0 0 1 3 14 21 0 1 13 1 0 13 0 14 0 5 0 0 0 0 0 14 0 0
0 0 0 0 0 0 0 4 21 0 0 0 4 0 0 0 0 0 0 0 7 23 38 0 3 23 0 0 23 0 16 2 3 0 3 0 0 0 11 0 0
0 17 8 8 24 0 8 0 0 9 0 0 0 0 0 0 4 0 0 0 0 0 0 12 0 0 0 9 0 0 0 0 0 3 0 8 0 5 0 7 1
0 0 0 0 0 0 0 5 7 0 0 0 2 0 1 0 0 0 0 1 1 5 5 0 0 4 1 0 3 0 8 0 3 0 0 3 0 0 10 1 0
0 12 7 6 16 0 6 0 0 5 0 0 0 0 0 0 1 0 0 0 0 0 0 7 0 0 0 5 0 0 0 0 0 2 0 9 0 4 0 7 1
0 14 8 6 19 0 7 0 0 7 0 0 0 0 0 0 3 0 0 0 0 0 0 10 0 0 0 7 0 0 0 0 0 2 0 8 0 4 0 6 0
0 18 8 8 25 0 8 0 0 11 0 0 0 0 0 0 5 0 0 0 0 0 0 13 0 0 0 11 0 0 0 0 0 3 0 8 0 5 0 6 1
0 19 8 8 28 0 9 0 0 13 0 0 0 0 0 0 7 0 0 0 0 0 0 16 0 0 0 12 0 0 0 0 0 4 0 8 0 5 0 6 2
0 10 7 6 13 0 6 1 0 3 0 0 0 0 0 0 0 0 0 0 0 0 0 5 0 0 0 3 0 0 0 0 0 1 0 9 0 3 0 7 0
0 8 5 4 9 0 4 1 0 2 0 0 0 0 0 0 0 0 0 0 0 0 0 3 0 0 0 2 0 0 0 0 0 1 0 7 0 3 0 6 0
0 17 7 7 24 0 8 0 0 11 0 0 0 0 0 0 6 0 0 0 0 0 0 13 0 0 0 10 0 0 0 0 0 3 0 7 0 5 0 5 1
0 12 7 6 16 0 6 0 0 5 0 0 0 0 0 0 2 0 0 0 0 0 0 8 0 0 0 6 0 0 0 0 0 1 0 8 0 4 0 6 1
0 16 9 8 23 0 8 0 0 8 0 0 0 0 0 0 3 0 0 0 0 0 0 11 0 0 0 9 0 0 0 0 0 2 0 9 0 5 0 7 1
0 18 10 8 26 0 9 0 0 10 0 0 0 0 0 0 4 0 0 0 0 0 0 13 0 0 0 10 0 0 0 0 0 3 0 9 0 5 0 7 1
0 0 0 0 0 0 0 0 4 0 0 0 0 0 0 0 0 0 0 0 5 10 25 0 2 10 0 0 13 1 0 0 0 0 5 0 0 0 0 0 0
0 16 3 5 24 0 6 0 0 18 0 0 0 0 0 0 12 0 0 0 0 0 0 16 0 0 2 14 0 0 0 0 0 6 1 2 0 4 0 0 1
0 0 0 0 0 0 0 12 24 0 0 0 6 0 3 0 0 0 0 3 2 20 25 0 0 18 3 0 15 0 25 1 11 0 0 0 0 0 26 0 0
0 0 0 0 0 0 0 0 2 0 0 0 0 0 0 0 0 0 0 0 2 4 10 0 1 4 0 0 5 0 2 0 0 0 1 0 0 0 2 0 0
0 19 9 9 28 0 9 0 0 12 0 0 0 0 0 0 6 0 0 0 0 0 0 15 0 0 0 12 0 0 0 0 0 3 0 9 0 6 0 7 2
0 16 7 7 23 0 7 0 0 11 0 0 0 0 0 0 6 0 0 0 0 0 0 13 0 0 0 10 0 0 0 0 0 3 0 6 0 5 0 5 1
0 17 9 8 24 0 8 0 0 9 0 0 0 0 0 0 3 0 0 0 0 0 0 12 0 0 0 9 0 0 0 0 0 2 0 10 0 5 0 7 1
0 0 0 0 0 0 0 0 15 0 0 0 2 0 0 0 0 0 0 0 7 19 38 0 4 20 0 0 22 0 9 0 1 0 5 0 0 0 5 0 0
0 20 7 8 30 0 9 0 0 15 0 0 0 0 0 0 9 0 0 0 0 0 0 17 0 0 0 13 0 0 0 0 0 5 0 7 0 6 0 5 2
0 19 9 8 27 0 9 0 0 11 0 0 0 0 0 0 5 0 0 0 0 0 0 14 0 0 0 11 0 0 0 0 0 3 0 9 0 6 0 7 1
0 17 9 8 24 0 8 0 0 9 0 0 0 0 0 0 4 0 0 0 0 0 0 12 0 0 0 9 0 0 0 0 0 2 0 9 0 5 0 7 1
0 20 5 8 31 0 8 0 0 19 0 0 0 0 0 0 12 0 0 0 0 0 0 20 0 0 1 15 0 0 0 0 0 6 1 5 0 6 0 3 3
0 12 8 6 16 0 7 0 0 5 0 0 0 0 0 0 1 0 0 0 0 0 0 7 0 0 0 5 0 0 0 0 0 1 0 9 0 4 0 7 0
0 0 0 0 0 0 0 0 5 0 0 0 0 0 0 0 0 0 0 0 4 7 16 0 1 8 0 0 8 0 3 0 0 0 2 0 0 0 2 0 0
0 21 10 9 30 0 10 0 0 12 0 0 0 0 0 0 6 0 0 0 0 0 0 16 0 0 0 12 0 0 0 0 0 3 0 10 0 6 0 7 2
0 13 8 7 19 0 7 0 0 6 0 0 0 0 0 0 2 0 0 0 0 0 0 9 0 0 0 6 0 0 0 0 0 2 0 9 0 4 0 7 0
0 17 10 8 24 0 9 0 0 8 0 0 0 0 0 0 3 0 0 0 0 0 0 12 0 0 0 9 0 0 0 0 0 2 0 10 0 5 0 8 1
0 21 6 8 31 0 8 0 0 19 0 0 0 0 0 0 12 0 0 0 0 0 0 19 0 0 1 16 0 0 0 0 0 6 1 5 0 6 0 3 2
0 17 9 8 25 0 8 0 0 9 0 0 0 0 0 0 3 0 0 0 0 0 0 12 0 0 0 9 0 0 0 0 0 2 0 9 0 5 0 7 1
0 14 9 7 19 0 7 0 0 6 0 0 0 0 0 0 1 0 0 0 0 0 0 8 0 0 0 6 0 0 0 0 0 2 0 10 0 4 0 8 0
0 15 8 7 21 0 7 0 0 8 0 0 0 0 0 0 4 0 0 0 0 0 0 11 0 0 0 8 0 0 0 0 0 2 0 7 0 4 0 5 1
0 0 0 0 0 0 0 9 19 0 0 0 5 0 3 0 0 0 0 2 2 16 19 0 0 14 3 0 11 0 20 1 9 0 0 0 0 0 21 0 0
0 15 8 8 21 0 7 0 0 8 0 0 0 0 0 0 3 0 0 0 0 0 0 11 0 0 0 8 0 0 0 0 0 2 0 9 0 5 0 7 1
0 0 0 0 0 0 0 3 7 0 0 0 1 0 0 0 0 0 0 0 3 8 15 0 1 8 0 0 8 0 6 0 2 0 0 0 0 0 6 0 0
0 20 7 8 30 0 9 0 0 15 0 0 0 0 0 0 8 0 0 0 0 0 0 17 0 0 0 13 0 0 0 0 0 4 0 7 0 6 0 5 2
0 18 10 8 25 0 9 0 0 9 0 0 0 0 0 0 3 0 0 0 0 0 0 12 0 0 0 10 0 0 0 0 0 2 0 10 0 5 0 8 1
0 0 3 0 0 0 0 0 0 0 0 0 0 0 0 0 0 0 0 0 4 5 15 0 1 6 0 0 7 1 0 0 0 0 2 0 0 0 0 0 0
0 0 0 0 0 0 0 0 3 0 0 0 0 0 0 0 0 0 0 0 3 5 14 0 1 6 0 0 7 1 1 0 0 0 1 0 0 0 0 0 0
0 9 7 5 11 0 5 0 0 2 0 0 0 0 0 0 0 0 0 0 0 0 0 5 0 0 0 3 0 0 0 0 0 0 0 8 0 3 0 6 0
0 0 0 0 0 0 0 0 6 0 0 0 0 0 0 0 0 0 0 0 4 9 20 0 2 9 0 0 10 1 3 0 0 0 2 0 0 0 3 0 0
0 8 7 4 10 0 5 0 0 2 0 0 0 0 0 0 0 0 0 0 0 0 0 4 0 0 0 3 0 0 0 0 0 0 0 8 0 3 0 6 0
0 18 10 8 25 0 9 0 0 8 0 0 0 0 0 0 3 0 0 0 0 0 0 12 0 0 0 9 0 0 0 0 0 2 0 10 0 5 0 8 1
0 9 7 4 12 0 5 0 0 3 0 0 0 0 0 0 0 0 0 0 0 0 0 5 0 0 0 4 0 0 0 0 0 0 0 6 0 2 0 5 0
0 14 6 5 21 0 6 0 0 11 0 0 0 0 0 0 7 0 0 0 0 0 0 12 0 0 0 10 0 0 0 0 0 4 1 4 0 4 0 3 0
0 0 4 0 0 0 0 0 0 0 0 0 0 0 0 0 0 0 0 0 2 1 7 0 0 1 0 0 3 0 0 0 0 0 1 2 0 0 0 2 0
0 15 9 7 21 0 8 0 0 6 0 0 0 0 0 0 2 0 0 0 0 0 0 10 0 0 0 7 0 0 0 0 0 2 0 11 0 5 0 8 0
0 5 5 4 6 0 4 2 0 0 0 0 0 0 0 0 0 0 0 0 0 0 0 2 0 0 0 0 0 0 1 0 0 0 0 7 0 2 2 6 0
0 17 10 8 25 0 8 0 0 10 0 0 0 0 0 0 4 0 0 0 0 0 0 13 0 0 0 10 0 0 0 0 0 2 0 8 0 5 0 6 1
0 20 9 9 29 0 9 0 0 12 0 0 0 0 0 0 6 0 0 0 0 0 0 15 0 0 0 12 0 0 0 0 0 3 0 9 0 6 0 7 2
0 0 0 0 0 0 0 2 6 0 0 0 1 0 0 0 0 0 0 0 2 7 12 0 1 6 0 0 6 0 6 0 1 0 0 0 0 0 5 0 0
0 14 8 7 21 0 7 0 0 8 0 0 0 0 0 0 3 0 0 0 0 0 0 10 0 0 0 8 0 0 0 0 0 2 0 8 0 4 0 6 1
0 1 6 1 2 0 1 0 0 0 0 0 0 0 0 0 0 0 0 0 2 1 6 0 1 1 0 0 1 0 0 0 0 0 1 4 0 1 0 5 0
0 0 0 0 0 0 0 0 0 1 0 0 0 0 0 0 2 0 0 0 0 1 3 0 0 1 0 1 2 0 0 0 0 1 1 0 0 0 0 0 0
0 8 9 4 11 0 5 0 0 1 0 0 0 0 0 0 0 0 0 0 1 0 0 4 0 0 0 3 0 0 0 0 0 0 0 8 0 3 0 7 0
0 11 9 5 14 0 6 0 0 3 0 0 0 0 0 0 0 0 0 0 0 0 0 6 0 0 0 4 0 0 0 0 0 0 0 9 0 3 0 8 0
0 13 9 7 18 0 7 0 0 5 0 0 0 0 0 0 1 0 0 0 0 0 0 8 0 0 0 6 0 0 0 0 0 2 0 10 0 4 0 8 0
0 13 7 6 17 0 7 0 0 5 0 0 0 0 0 0 2 0 0 0 0 0 0 8 0 0 0 6 0 0 0 0 0 1 0 8 0 4 0 6 0
0 19 10 9 28 0 9 0 0 11 0 0 0 0 0 0 5 0 0 0 0 0 0 15 0 0 0 11 0 0 0 0 0 3 0 10 0 6 0 7 2
0 22 9 9 31 0 10 0 0 15 0 0 0 0 0 0 8 0 0 0 0 0 0 17 0 0 0 14 0 0 0 0 0 4 0 9 0 6 0 6 2
0 9 4 5 11 0 5 0 0 4 0 0 0 0 0 0 1 0 0 0 0 0 0 6 0 0 0 4 0 0 0 0 0 1 0 6 0 3 0 5 0
0 7 5 4 8 0 4 0 0 1 0 0 0 0 0 0 0 0 0 0 0 0 0 3 0 0 0 2 0 0 0 0 0 0 0 6 0 3 0 5 0
0 16 8 8 22 0 8 0 0 8 0 0 0 0 0 0 3 0 0 0 0 0 0 11 0 0 0 8 0 0 0 0 0 2 0 9 0 5 0 7 1
0 16 7 7 23 0 7 0 0 10 0 0 0 0 0 0 5 0 0 0 0 0 0 12 0 0 0 10 0 0 0 0 0 3 0 7 0 5 0 5 1
0 4 3 2 4 0 3 2 0 0 0 0 0 0 0 0 0 0 0 0 0 0 0 1 0 0 0 0 0 0 1 0 0 0 0 5 0 2 2 5 0
0 0 2 0 0 0 0 0 1 0 0 0 0 0 0 0 0 0 0 0 2 4 11 0 1 4 0 0 5 0 0 0 0 0 1 0 0 0 0 0 0
0 0 2 0 0 0 0 0 1 0 0 0 0 0 0 0 0 0 0 0 1 3 7 0 0 2 0 0 3 0 1 0 0 0 1 1 0 0 1 2 0
0 0 0 0 0 0 0 0 4 0 0 0 0 0 0 0 0 0 0 0 5 9 24 0 3 11 0 0 12 1 0 0 0 0 4 0 0 0 0 0 0
0 0 0 1 0 0 1 4 4 0 0 0 1 0 1 0 0 0 0 1 0 3 2 0 0 1 0 0 0 0 6 0 2 0 0 4 0 0 8 3 0
0 6 7 2 9 0 3 0 0 2 0 0 0 0 0 0 1 0 0 0 0 0 0 4 0 0 0 4 0 0 0 0 0 0 1 3 0 1 0 4 0
0 11 10 5 15 0 6 0 0 2 0 0 0 0 0 0 0 0 0 0 1 0 0 7 0 0 0 5 0 0 0 0 0 0 0 9 0 3 0 8 0
0 18 3 5 27 0 6 0 0 20 0 0 0 0 0 0 14 0 0 0 0 0 0 18 0 0 2 15 0 0 0 0 0 7 1 2 0 5 0 0 2
0 17 8 7 24 0 8 0 0 10 0 0 0 0 0 0 5 0 0 0 0 0 0 13 0 0 0 10 0 0 0 0 0 3 0 7 0 5 0 5 1
0 2 2 3 1 0 3 3 2 0 0 0 0 0 1 0 0 0 0 1 0 1 0 0 0 0 0 0 0 0 3 0 1 0 0 6 0 2 5 5 0
0 0 1 0 0 0 0 0 0 0 0 0 0 0 0 0 0 0 0 0 2 3 12 0 1 4 0 0 6 1 0 0 0 0 2 0 0 0 0 0 0
0 0 0 0 0 0 0 0 6 0 0 0 0 0 0 0 0 0 0 0 4 9 19 0 2 9 0 0 10 0 4 0 0 0 2 0 0 0 2 0 0
0 0 0 0 0 0 0 2 6 0 0 0 1 0 0 0 0 0 0 0 3 7 14 0 1 7 0 0 7 0 6 0 1 0 0 0 0 0 6 0 0
0 0 0 0 0 0 0 3 13 0 0 0 2 0 0 0 0 0 0 0 4 13 23 0 2 13 0 0 13 0 10 0 3 0 2 0 0 0 9 0 0
0 18 5 6 27 0 6 0 0 17 0 0 0 0 0 0 11 0 0 0 0 0 0 17 0 0 1 14 0 0 0 0 0 6 1 3 0 5 0 1 2
0 16 5 6 24 0 6 0 0 15 0 0 0 0 0 0 9 0 0 0 0 0 0 15 0 0 1 12 0 0 0 0 0 5 1 4 0 5 0 2 1
0 19 7 8 28 0 8 0 0 14 0 0 0 0 0 0 8 0 0 0 0 0 0 16 0 0 0 13 0 0 0 0 0 4 0 7 0 6 0 5 2
0 0 0 0 0 0 0 12 25 0 0 0 7 0 3 0 0 0 0 3 2 21 26 0 0 19 3 0 16 0 26 1 11 0 0 0 0 0 26 0 0
0 16 7 7 22 0 7 0 0 10 0 0 0 0 0 0 5 0 0 0 0 0 0 12 0 0 0 10 0 0 0 0 0 3 0 6 0 5 0 5 1
0 18 7 8 27 0 8 0 0 13 0 0 0 0 0 0 7 0 0 0 0 0 0 15 0 0 0 12 0 0 0 0 0 4 0 7 0 5 0 5 2
0 19 4 6 30 0 7 0 0 20 0 0 0 0 0 0 13 0 0 0 0 0 0 19 0 0 2 16 0 0 0 0 0 7 1 3 0 5 0 2 2
0 0 0 0 0 0 0 0 2 0 0 0 0 0 0 0 1 0 0 0 1 4 10 0 1 5 0 0 6 0 0 0 0 1 3 0 0 0 0 0 0
0 15 9 7 21 0 8 0 0 7 0 0 0 0 0 0 3 0 0 0 0 0 0 11 0 0 0 8 0 0 0 0 0 2 0 9 0 5 0 7 1
0 20 7 8 29 0 9 0 0 15 0 0 0 0 0 0 8 0 0 0 0 0 0 17 0 0 0 13 0 0 0 0 0 4 0 7 0 6 0 5 2
0 0 0 0 0 0 0 13 28 0 0 0 8 0 3 0 0 0 0 3 2 23 28 0 0 21 4 0 17 0 29 1 13 0 0 0 0 0 30 0 0
0 7 6 4 9 0 4 0 0 2 0 0 0 0 0 0 0 0 0 0 1 0 0 4 0 0 0 2 0 0 0 0 0 0 0 6 0 2 0 5 0
0 0 0 0 0 0 0 0 0 6 0 0 0 0 0 0 7 0 0 0 0 0 1 3 0 0 1 4 2 0 0 0 0 4 3 0 0 0 0 0 0
0 2 2 2 0 0 2 3 2 0 0 0 0 0 1 0 0 0 0 1 0 1 0 0 0 0 0 0 0 0 4 0 1 0 0 5 0 1 6 4 0
0 20 10 9 28 0 9 0 0 11 0 0 0 0 0 0 5 0 0 0 0 0 0 15 0 0 0 11 0 0 0 0 0 3 0 10 0 6 0 7 1
0 3 7 1 6 0 1 0 0 1 0 0 0 0 0 0 1 0 0 0 1 0 5 4 0 0 0 3 1 0 0 0 0 0 1 1 0 1 0 3 0
0 18 10 9 26 0 9 0 0 9 0 0 0 0 0 0 4 0 0 0 0 0 0 13 0 0 0 10 0 0 0 0 0 3 0 11 0 6 0 8 1
0 1 0 0 2 0 0 0 0 5 0 0 0 0 0 0 4 0 0 0 0 0 0 4 0 0 1 3 0 0 0 0 0 3 1 0 0 0 0 0 0
0 5 6 2 7 0 3 0 0 0 0 0 0 0 0 0 0 0 0 0 1 0 1 3 0 0 0 2 0 0 0 0 0 0 0 4 0 1 0 4 0
0 0 0 0 0 0 0 7 11 0 0 0 3 0 2 0 0 0 0 2 1 9 12 0 0 8 2 0 7 0 13 0 6 0 0 0 0 0 14 0 0
0 0 0 0 0 0 0 3 9 0 0 0 2 0 0 0 0 0 0 0 3 9 16 0 1 9 0 0 10 0 8 0 2 0 1 0 0 0 7 0 0
0 20 9 9 29 0 9 0 0 13 0 0 0 0 0 0 6 0 0 0 0 0 0 16 0 0 0 12 0 0 0 0 0 3 0 9 0 6 0 7 2
0 14 7 7 20 0 7 0 0 8 0 0 0 0 0 0 3 0 0 0 0 0 0 10 0 0 0 8 0 0 0 0 0 2 0 7 0 4 0 6 1
0 0 0 0 0 0 0 0 1 2 0 0 0 0 0 0 3 0 0 0 0 1 2 0 0 1 0 1 1 0 0 0 0 2 1 0 0 0 0 0 0
0 13 8 7 17 0 7 0 0 6 0 0 0 0 0 0 2 0 0 0 0 0 0 8 0 0 0 6 0 0 0 0 0 1 0 9 0 4 0 7 0
0 0 0 0 0 0 0 3 5 0 0 0 1 0 0 0 0 0 0 1 2 5 8 0 0 4 0 0 5 0 6 0 2 0 0 1 0 0 7 0 0
0 18 9 8 26 0 8 0 0 11 0 0 0 0 0 0 5 0 0 0 0 0 0 13 0 0 0 11 0 0 0 0 0 3 0 8 0 6 0 6 1
0 10 5 5 13 0 5 0 0 5 0 0 0 0 0 0 2 0 0 0 0 0 0 7 0 0 0 5 0 0 0 0 0 2 0 5 0 3 0 4 0
0 21 8 9 32 0 9 0 0 15 0 0 0 0 0 0 9 0 0 0 0 0 0 18 0 0 0 14 0 0 0 0 0 5 1 8 0 6 0 6 2
0 0 1 0 0 0 0 2 4 0 0 0 0 0 0 0 0 0 0 0 2 4 7 0 0 4 0 0 4 0 4 0 1 0 0 1 0 0 4 1 0
0 18 6 7 26 0 7 0 0 14 0 0 0 0 0 0 8 0 0 0 0 0 0 15 0 0 0 12 0 0 0 0 0 4 0 5 0 5 0 4 1
0 2 4 2 3 0 2 0 0 0 0 0 0 0 0 0 0 0 0 0 1 0 2 1 0 0 0 0 0 0 0 0 0 0 0 3 0 1 0 3 0
0 8 7 5 11 0 5 0 0 1 0 0 0 0 0 0 0 0 0 0 0 0 0 4 0 0 0 3 0 0 0 0 0 0 0 8 0 3 0 7 0
0 10 7 6 14 0 6 0 0 4 0 0 0 0 0 0 0 0 0 0 0 0 0 6 0 0 0 4 0 0 0 0 0 1 0 8 0 4 0 7 0
0 0 0 0 0 0 0 5 12 0 0 0 2 0 0 0 0 0 0 1 3 11 17 0 1 10 0 0 10 0 11 0 4 0 0 0 0 0 10 0 0
0 7 8 3 10 0 4 0 0 2 0 0 0 0 0 0 0 0 0 0 0 0 0 4 0 0 0 3 0 0 0 0 0 0 0 5 0 2 0 5 0
0 15 9 8 21 0 8 0 0 7 0 0 0 0 0 0 2 0 0 0 0 0 0 10 0 0 0 8 0 0 0 0 0 1 0 9 0 5 0 7 0
0 17 6 7 26 0 7 0 0 14 0 0 0 0 0 0 9 0 0 0 0 0 0 15 0 0 0 12 0 0 0 0 0 4 0 5 0 5 0 4 2
0 18 10 8 25 0 8 0 0 8 0 0 0 0 0 0 3 0 0 0 0 0 0 12 0 0 0 10 0 0 0 0 0 2 0 10 0 5 0 8 1
0 12 7 5 16 0 5 0 0 6 0 0 0 0 0 0 3 0 0 0 0 0 0 9 0 0 0 7 0 0 0 0 0 1 0 5 0 3 0 4 0
0 0 0 0 0 0 0 1 8 0 0 0 1 0 0 0 0 0 0 0 4 10 20 0 2 10 0 0 11 0 6 0 1 0 2 0 0 0 4 0 0
0 0 5 0 0 0 0 0 0 0 0 0 0 0 0 0 0 0 0 0 2 1 7 0 0 2 0 0 2 0 0 0 0 0 1 2 0 0 0 3 0
0 7 5 4 8 0 4 1 0 1 0 0 0 0 0 0 0 0 0 0 0 0 0 3 0 0 0 1 0 0 0 0 0 1 0 7 0 3 1 6 0
0 10 7 5 13 0 5 0 0 3 0 0 0 0 0 0 1 0 0 0 0 0 0 6 0 0 0 4 0 0 0 0 0 1 0 7 0 3 0 6 0
0 9 7 5 12 0 5 0 0 3 0 0 0 0 0 0 0 0 0 0 0 0 0 6 0 0 0 3 0 0 0 0 0 0 0 8 0 3 0 7 0
0 18 9 8 25 0 9 0 0 9 0 0 0 0 0 0 4 0 0 0 0 0 0 13 0 0 0 10 0 0 0 0 0 2 0 10 0 5 0 7 1
0 0 2 0 0 0 0 1 3 0 0 0 0 0 0 0 0 0 0 0 2 5 8 0 1 4 0 0 4 0 3 0 0 0 0 1 0 0 3 1 0
0 14 8 7 18 0 7 0 0 5 0 0 0 0 0 0 1 0 0 0 0 0 0 8 0 0 0 6 0 0 0 0 0 2 0 10 0 4 0 8 0
0 8 8 4 11 0 5 0 0 1 0 0 0 0 0 0 0 0 0 0 0 0 0 5 0 0 0 3 0 0 0 0 0 0 0 8 0 3 0 7 0
0 0 0 0 0 0 0 9 19 0 0 0 5 0 2 0 0 0 0 2 2 17 22 0 0 15 2 0 13 0 19 0 8 0 0 0 0 0 20 0 0
0 1 1 1 0 0 1 3 2 0 0 0 1 0 1 0 0 0 0 0 0 1 1 0 0 0 0 0 0 0 3 0 1 0 0 4 0 0 5 3 0
0 5 8 2 8 0 2 0 0 1 0 0 0 0 0 0 0 0 0 0 1 0 2 3 0 0 0 2 0 0 0 0 0 0 1 3 0 1 0 4 0
0 17 7 7 24 0 8 0 0 11 0 0 0 0 0 0 6 0 0 0 0 0 0 13 0 0 0 10 0 0 0 0 0 3 0 7 0 5 0 6 1
0 0 0 0 0 0 0 0 5 2 0 0 1 0 0 0 6 0 0 0 0 4 7 0 0 5 2 0 6 0 1 0 2 4 3 0 0 0 1 0 0
0 0 0 0 0 0 0 8 15 0 0 0 4 0 3 0 0 0 0 2 2 12 14 0 0 10 2 0 8 0 16 0 7 0 0 0 0 0 18 0 0
0 8 6 4 10 0 5 0 0 2 0 0 0 0 0 0 0 0 0 0 0 0 0 4 0 0 0 3 0 0 0 0 0 0 0 7 0 3 0 6 0
0 19 9 8 27 0 9 0 0 11 0 0 0 0 0 0 5 0 0 0 0 0 0 14 0 0 0 11 0 0 0 0 0 3 0 9 0 6 0 7 1
0 19 9 9 28 0 9 0 0 12 0 0 0 0 0 0 6 0 0 0 0 0 0 15 0 0 0 11 0 0 0 0 0 3 0 9 0 6 0 7 2
0 15 9 7 21 0 7 0 0 7 0 0 0 0 0 0 3 0 0 0 0 0 0 10 0 0 0 8 0 0 0 0 0 2 0 9 0 4 0 7 0
0 0 0 0 0 0 0 4 16 0 0 0 3 0 0 0 0 0 0 0 4 15 25 0 2 15 0 0 15 0 13 0 3 0 1 0 0 0 11 0 0
0 0 3 0 0 0 0 0 0 0 0 0 0 0 0 0 0 0 0 0 2 3 7 0 0 2 0 0 3 0 0 0 0 0 0 2 0 0 1 3 0
0 0 0 0 0 0 0 6 7 0 0 0 2 0 2 0 0 0 0 2 1 5 5 0 0 4 1 0 3 0 9 0 4 0 0 3 0 0 11 1 0
0 16 8 8 23 0 8 0 0 8 0 0 0 0 0 0 3 0 0 0 0 0 0 11 0 0 0 9 0 0 0 0 0 3 0 9 0 5 0 7 1
0 20 9 9 30 0 9 0 0 13 0 0 0 0 0 0 7 0 0 0 0 0 0 16 0 0 0 12 0 0 0 0 0 4 0 9 0 6 0 7 2
0 4 3 3 4 0 3 2 0 0 0 0 0 0 0 0 0 0 0 0 0 0 0 1 0 0 0 0 0 0 1 0 0 0 0 5 0 1 2 4 0
0 17 8 8 25 0 8 0 0 11 0 0 0 0 0 0 6 0 0 0 0 0 0 13 0 0 0 10 0 0 0 0 0 3 0 7 0 5 0 5 1
0 19 7 8 27 0 8 0 0 13 0 0 0 0 0 0 8 0 0 0 0 0 0 16 0 0 0 12 0 0 0 0 0 4 0 7 0 5 0 5 2
0 14 9 7 18 0 7 0 0 5 0 0 0 0 0 0 1 0 0 0 0 0 0 8 0 0 0 6 0 0 0 0 0 2 0 10 0 5 0 8 0
0 17 7 7 24 0 8 0 0 11 0 0 0 0 0 0 6 0 0 0 0 0 0 13 0 0 0 10 0 0 0 0 0 3 0 7 0 5 0 6 1
0 12 9 5 16 0 5 0 0 4 0 0 0 0 0 0 1 0 0 0 0 0 0 8 0 0 0 6 0 0 0 0 0 1 0 7 0 3 0 6 0
0 0 2 0 0 0 0 0 1 0 0 0 0 0 0 0 0 0 0 0 2 3 8 0 1 3 0 0 4 0 0 0 0 0 1 1 0 0 0 1 0
0 0 0 0 0 0 0 2 11 0 0 0 1 0 0 0 0 0 0 0 4 13 23 0 2 13 0 0 13 0 9 0 2 0 2 0 0 0 7 0 0
0 19 9 8 27 0 9 0 0 10 0 0 0 0 0 0 5 0 0 0 0 0 0 14 0 0 0 10 0 0 0 0 0 3 0 10 0 6 0 8 1
0 17 10 8 24 0 8 0 0 7 0 0 0 0 0 0 2 0 0 0 0 0 0 11 0 0 0 9 0 0 0 0 0 2 0 10 0 5 0 8 0
0 20 8 9 29 0 9 0 0 13 0 0 0 0 0 0 7 0 0 0 0 0 0 16 0 0 0 12 0 0 0 0 0 4 0 8 0 6 0 7 2
0 13 6 6 17 0 6 0 0 6 0 0 0 0 0 0 2 0 0 0 0 0 0 8 0 0 0 6 0 0 0 0 0 2 0 7 0 4 0 5 0
0 0 0 0 0 0 0 3 7 0 0 0 1 0 1 0 0 0 0 0 2 7 10 0 0 5 0 0 6 0 7 0 2 0 0 0 0 0 7 0 0
