0 0 15 0 0 0 0 0 0 0 0 0 0 0 0 0 0 0 0 0 0 0 3 0 0 0 0 0 0 0 0 22 0 0 24 18 0 0 0 40 5
0 0 22 0 0 0 0 0 0 0 0 0 0 0 0 0 0 0 0 0 0 0 1 0 0 0 0 0 0 0 0 21 0 0 34 15 0 0 0 47 6
38 3 0 25 0 0 0 0 0 0 0 0 0 0 0 0 0 35 0 0 0 0 0 0 0 3 0 0 0 27 0 0 0 0 0 0 0 50 0 0 0
27 0 0 15 0 0 0 0 0 0 0 0 0 0 0 0 0 21 0 0 0 0 0 0 0 0 0 0 0 17 0 0 0 0 0 0 0 35 0 0 0
0 0 10 0 0 0 0 0 0 0 0 0 0 0 0 0 0 0 0 0 0 0 4 0 0 0 0 1 0 0 0 24 0 1 20 21 0 0 0 38 5
3 0 1 0 0 0 0 0 0 0 0 0 0 0 0 0 0 0 0 0 0 0 4 0 0 0 0 1 0 0 0 19 0 1 5 20 0 1 0 20 2
27 1 0 16 0 0 0 0 0 0 0 0 0 0 0 0 0 22 0 0 0 0 0 0 0 0 0 0 0 18 0 0 0 0 0 0 0 34 0 0 0
31 1 0 19 0 0 0 0 0 0 0 0 0 0 0 0 0 26 0 0 0 0 0 0 0 1 0 0 0 21 0 0 0 0 0 0 0 40 0 0 0
0 0 17 0 0 0 0 0 0 0 0 0 0 0 0 0 0 0 0 0 0 0 2 0 0 0 0 0 0 0 0 20 0 0 26 15 0 0 0 39 5
17 0 0 6 0 0 0 0 0 0 0 0 0 0 0 0 0 9 0 0 0 0 0 0 0 0 0 0 0 5 0 0 0 0 0 6 0 20 0 0 0
21 0 0 10 0 0 0 0 0 0 0 0 0 0 0 0 0 14 0 0 0 0 0 0 0 0 0 0 0 10 0 0 0 0 0 0 0 27 0 0 0
0 0 23 0 0 0 0 0 0 0 0 0 0 0 0 0 0 0 0 0 0 0 1 0 0 0 0 0 0 0 0 22 0 0 35 15 0 0 0 48 6
0 0 19 0 0 0 0 0 0 0 0 0 0 0 0 0 0 0 0 0 0 0 2 0 0 0 0 0 0 0 0 20 0 0 30 15 0 0 0 43 5
0 0 25 0 0 0 0 0 0 0 0 0 0 0 0 0 0 0 0 0 0 0 1 0 0 0 0 0 0 0 0 22 0 0 38 15 0 0 0 52 6
0 0 13 0 0 0 0 0 0 0 0 0 0 0 0 0 0 0 0 0 0 0 3 0 0 0 0 0 0 0 0 23 0 0 23 20 0 0 0 39 5
16 0 0 6 0 0 0 0 0 0 0 0 0 0 0 0 0 9 0 0 0 0 0 0 0 0 0 0 0 6 0 0 0 0 0 4 0 19 0 0 0
13 0 0 3 0 0 0 0 0 0 0 0 0 0 0 0 0 6 0 0 0 0 1 0 0 0 0 1 0 0 0 12 0 0 0 13 0 16 0 0 0
0 0 13 0 0 0 0 0 0 0 0 0 0 0 0 0 0 0 0 0 0 0 3 0 0 0 0 0 0 0 0 23 0 0 22 19 0 0 1 40 5
2 0 3 0 0 0 0 0 0 0 0 0 0 0 0 0 0 0 0 0 0 0 4 0 0 0 0 0 0 0 0 17 0 2 9 20 0 0 0 22 2
0 0 12 0 0 0 0 0 0 0 0 0 0 0 0 0 0 0 0 0 0 0 4 0 0 0 0 1 0 0 0 23 0 0 21 20 0 0 0 39 5
0 0 16 0 0 0 0 0 0 0 0 0 0 0 0 0 0 0 0 0 0 0 2 0 0 0 0 0 0 0 0 21 0 0 25 17 0 0 0 40 5
0 0 7 0 0 0 0 0 0 0 0 0 0 0 0 0 0 0 0 0 0 0 5 0 0 0 0 1 0 0 0 24 0 1 14 23 0 0 0 33 4
7 0 0 1 0 0 0 0 0 0 0 0 0 0 0 0 0 0 0 0 0 0 2 0 0 0 0 0 0 0 0 12 0 0 1 15 0 6 0 10 1
0 0 16 0 0 0 0 0 0 0 0 0 0 0 0 0 0 0 0 0 0 0 3 0 0 0 0 0 0 0 0 21 0 0 26 17 0 0 0 41 5
3 0 2 0 0 0 0 0 0 0 0 0 0 0 0 0 0 0 0 0 0 0 3 0 0 0 0 0 0 0 0 16 0 1 5 19 0 1 0 19 2
0 0 13 0 0 0 0 0 0 0 0 0 0 0 0 0 0 0 0 0 0 0 4 0 0 0 0 0 0 0 0 25 0 1 22 22 0 0 0 41 5
54 6 0 36 0 0 0 0 0 0 1 0 0 0 0 0 0 51 0 0 0 0 0 1 0 6 0 0 0 40 0 0 0 0 0 0 0 72 0 0 0
0 0 14 0 0 0 0 0 0 0 0 0 0 0 0 0 0 0 0 0 0 0 3 0 0 0 0 0 0 0 0 22 0 0 23 18 0 0 0 39 5
0 0 17 0 0 0 0 0 0 0 0 0 0 0 0 0 0 0 0 0 0 0 2 0 0 0 0 0 0 0 0 20 0 0 27 14 0 0 0 40 5
0 0 15 0 0 0 0 0 0 0 0 0 0 0 0 0 0 0 0 0 0 0 3 0 0 0 0 0 0 0 0 21 0 0 24 17 0 0 0 39 5
17 0 0 6 0 0 0 0 0 0 0 0 0 0 0 0 0 9 0 0 0 0 0 0 0 0 0 0 0 6 0 0 0 0 0 4 0 20 0 0 0
0 0 4 0 0 0 0 0 0 0 0 0 0 0 0 0 0 0 0 0 0 0 4 0 0 0 0 1 0 0 0 22 0 1 8 22 0 0 0 26 3
0 0 19 0 0 0 0 0 0 0 0 0 0 0 0 0 0 0 0 0 0 0 2 0 0 0 0 0 0 0 0 21 0 0 30 15 0 0 0 43 5
0 0 16 0 0 0 0 0 0 0 0 0 0 0 0 0 0 0 0 0 0 0 2 0 0 0 0 0 0 0 0 22 0 0 25 16 0 0 1 40 5
17 0 0 7 0 0 0 0 0 0 0 0 0 0 0 0 0 9 0 0 0 0 0 0 0 0 0 0 0 6 0 0 0 0 0 4 0 20 0 0 0
13 0 0 5 0 0 0 0 0 0 0 0 0 0 0 0 0 6 0 0 0 0 0 0 0 0 0 0 0 4 0 1 0 0 0 7 0 15 0 0 0
0 0 22 0 0 0 0 0 0 0 0 0 0 0 0 0 0 0 0 0 0 0 1 0 0 0 0 0 0 0 0 22 0 0 34 15 0 0 0 48 6
20 0 0 9 0 0 0 0 0 0 0 0 0 0 0 0 0 13 0 0 0 0 0 0 0 0 0 0 0 9 0 0 0 0 0 0 0 26 0 0 0
0 0 10 0 0 0 0 0 0 0 0 0 0 0 0 0 0 0 0 0 0 0 4 0 0 0 0 1 0 0 0 22 0 1 18 21 0 0 0 35 4
37 2 0 23 0 0 0 0 0 0 0 0 0 0 0 0 0 32 0 0 0 0 0 0 0 2 0 0 0 25 0 0 0 0 0 0 0 49 0 0 0
37 2 0 23 0 0 0 0 0 0 0 0 0 0 0 0 0 32 0 0 0 0 0 0 0 2 0 0 0 26 0 0 0 0 0 0 0 48 0 0 0
0 0 17 0 0 0 0 0 0 0 0 0 0 0 0 0 0 0 0 0 0 0 2 0 0 0 0 0 0 0 0 20 0 0 27 15 0 0 0 40 5
23 0 0 11 0 0 0 0 0 0 0 0 0 0 0 0 0 16 0 0 0 0 0 0 0 0 0 0 0 12 0 0 0 0 0 0 0 29 0 0 0
11 0 0 2 0 0 0 0 0 0 0 0 0 0 0 0 0 3 0 0 0 0 2 0 0 0 0 1 0 0 0 13 0 1 0 15 0 12 0 2 0
25 0 0 13 0 0 0 0 0 0 0 0 0 0 0 0 0 18 0 0 0 0 0 0 0 0 0 0 0 14 0 0 0 0 0 0 0 32 0 0 0
0 0 6 0 0 0 0 0 0 0 0 0 0 0 0 0 0 0 0 0 0 0 4 0 0 0 0 0 0 0 0 21 0 1 12 22 0 0 0 28 3
22 0 0 12 0 0 0 0 0 0 0 0 0 0 0 0 0 16 0 0 0 0 0 0 0 0 0 0 0 13 0 0 0 0 0 0 0 27 0 0 0
0 0 6 0 0 0 0 0 0 0 0 0 0 0 0 0 0 0 0 0 0 0 4 0 0 0 0 1 0 0 0 23 0 1 13 20 0 0 0 31 3
0 0 14 0 0 0 0 0 0 0 0 0 0 0 0 0 0 0 0 0 0 0 3 0 0 0 0 0 0 0 0 21 0 0 23 18 0 0 0 39 5
0 0 12 0 0 0 0 0 0 0 0 0 0 0 0 0 0 0 0 0 0 0 3 0 0 0 0 0 0 0 0 22 0 0 21 17 0 0 1 38 5
9 0 0 2 0 0 0 0 0 0 0 0 0 0 0 0 0 2 0 0 0 0 1 0 0 0 0 0 0 0 0 8 0 0 0 12 0 10 0 3 0
1 0 2 0 0 0 0 0 0 0 0 0 0 0 0 0 0 0 0 0 0 0 4 0 0 0 0 1 0 0 0 22 0 1 5 22 0 0 0 23 2
0 0 12 0 0 0 0 0 0 0 0 0 0 0 0 0 0 0 0 0 0 0 4 0 0 0 0 1 0 0 0 23 0 0 21 20 0 0 0 38 5
8 0 0 0 0 0 0 0 0 0 0 0 0 0 0 0 0 1 0 0 0 0 2 0 0 0 0 1 0 0 0 20 0 0 0 19 0 9 0 9 0
0 0 20 0 0 0 0 0 0 0 0 0 0 0 0 0 0 0 0 0 0 0 2 0 0 0 0 0 0 0 0 20 0 0 31 15 0 0 0 44 5
26 0 0 14 0 0 0 0 0 0 0 0 0 0 0 0 0 20 0 0 0 0 0 0 0 0 0 0 0 15 0 0 0 0 0 0 0 33 0 0 0
22 0 0 10 0 0 0 0 0 0 0 0 0 0 0 0 0 15 0 0 0 0 0 0 0 0 0 0 0 11 0 0 0 0 0 0 0 27 0 0 0
0 0 7 0 0 0 0 0 0 0 0 0 0 0 0 0 0 0 0 0 0 0 4 0 0 0 0 1 0 0 0 24 0 1 15 23 0 0 0 34 4
0 0 16 0 0 0 0 0 0 0 0 0 0 0 0 0 0 0 0 0 0 0 3 0 0 0 0 0 0 0 0 22 0 0 25 18 0 0 0 41 5
18 0 0 8 0 0 0 0 0 0 0 0 0 0 0 0 0 12 0 0 0 0 0 0 0 0 0 0 0 8 0 0 0 0 0 1 0 22 0 0 0
0 0 6 0 0 0 0 0 0 0 0 0 0 0 0 0 0 0 0 0 0 0 4 0 0 0 0 1 0 0 0 23 0 1 11 23 0 0 0 29 4
25 0 0 13 0 0 0 0 0 0 0 0 0 0 0 0 0 18 0 0 0 0 0 0 0 0 0 0 0 14 0 0 0 0 0 0 0 32 0 0 0
0 0 24 0 0 0 0 0 0 0 0 0 0 0 0 0 0 0 0 0 0 0 1 0 0 0 0 0 0 0 0 22 0 0 36 15 0 0 0 49 6
0 0 18 0 0 0 0 0 0 0 0 0 0 0 0 0 0 0 0 0 0 0 2 0 0 0 0 0 0 0 0 20 0 0 28 14 0 0 0 40 5
24 0 0 11 0 0 0 0 0 0 0 0 0 0 0 0 0 16 0 0 0 0 0 0 0 0 0 0 0 11 0 0 0 0 0 0 0 30 0 0 0
0 0 15 0 0 0 0 0 0 0 0 0 0 0 0 0 0 0 0 0 0 0 3 0 0 0 0 0 0 0 0 23 0 0 25 18 0 0 0 41 5
0 0 20 0 0 0 0 0 0 0 0 0 0 0 0 0 0 0 0 0 0 0 1 0 0 0 0 0 0 0 0 19 0 0 31 14 0 0 0 42 5
15 0 0 4 0 0 0 0 0 0 0 0 0 0 0 0 0 7 0 0 0 0 0 0 0 0 0 0 0 3 0 5 0 0 0 9 0 18 0 0 0
23 0 0 12 0 0 0 0 0 0 0 0 0 0 0 0 0 16 0 0 0 0 0 0 0 0 0 0 0 13 0 0 0 0 0 0 0 27 0 0 0
6 0 0 0 0 0 0 0 0 0 0 0 0 0 0 0 0 0 0 0 0 0 3 0 0 0 0 1 0 0 0 16 0 0 0 17 0 6 0 11 1
0 0 21 0 0 0 0 0 0 0 0 0 0 0 0 0 0 0 0 0 0 0 1 0 0 0 0 0 0 0 0 21 0 0 31 14 0 0 0 44 6
0 0 17 0 0 0 0 0 0 0 0 0 0 0 0 0 0 0 0 0 0 0 2 0 0 0 0 0 0 0 0 20 0 0 28 14 0 0 0 40 5
0 0 20 0 0 0 0 0 0 0 0 0 0 0 0 0 0 0 0 0 0 0 1 0 0 0 0 0 0 0 0 21 0 0 32 15 0 0 0 45 6
0 0 16 0 0 0 0 0 0 0 0 0 0 0 0 0 0 0 0 0 0 0 3 0 0 0 0 0 0 0 0 21 0 0 25 17 0 0 0 40 5
0 0 16 0 0 0 0 0 0 0 0 0 0 0 0 0 0 0 0 0 0 0 3 0 0 0 0 0 0 0 0 22 0 0 26 17 0 0 0 40 5
16 0 0 6 0 0 0 0 0 0 0 0 0 0 0 0 0 9 0 0 0 0 0 0 0 0 0 0 0 4 0 2 0 0 0 6 0 20 0 0 0
0 0 21 0 0 0 0 0 0 0 0 0 0 0 0 0 0 0 0 0 0 0 1 0 0 0 0 0 0 0 0 21 0 0 32 15 0 0 0 45 6
0 0 23 0 0 0 0 0 0 0 0 0 0 0 0 0 0 0 0 0 0 0 1 0 0 0 0 0 0 0 0 22 0 0 35 15 0 0 0 48 6
19 0 0 10 0 0 0 0 0 0 0 0 0 0 0 0 0 13 0 0 0 0 0 0 0 0 0 0 0 10 0 0 0 0 0 0 0 23 0 0 0
0 0 15 0 0 0 0 0 0 0 0 0 0 0 0 0 0 0 0 0 0 0 2 0 0 0 0 0 0 0 0 21 0 0 24 16 0 0 0 38 5
8 0 0 1 0 0 0 0 0 0 0 0 0 0 0 0 0 0 0 0 0 0 2 0 0 0 0 0 0 0 0 13 0 0 0 15 0 8 0 8 0
0 0 18 0 0 0 0 0 0 0 0 0 0 0 0 0 0 0 0 0 0 0 2 0 0 0 0 0 0 0 0 21 0 0 28 15 0 0 0 41 5
0 0 14 0 0 0 0 0 0 0 0 0 0 0 0 0 0 0 0 0 0 0 2 0 0 0 0 0 0 0 0 21 0 0 23 15 0 0 1 38 5
21 0 0 10 0 0 0 0 0 0 0 0 0 0 0 0 0 14 0 0 0 0 0 0 0 0 0 0 0 11 0 0 0 0 0 0 0 25 0 0 0
16 0 0 6 0 0 0 0 0 0 0 0 0 0 0 0 0 9 0 0 0 0 0 0 0 0 0 0 0 6 0 0 0 0 0 5 0 19 0 0 0
0 0 12 0 0 0 0 0 0 0 0 0 0 0 0 0 0 0 0 0 0 0 4 0 0 0 0 0 0 0 0 24 0 1 21 22 0 0 0 39 5
17 0 0 6 0 0 0 0 0 0 0 0 0 0 0 0 0 9 0 0 0 0 0 0 0 0 0 0 0 5 0 1 0 0 0 6 0 21 0 0 0
0 0 18 0 0 0 0 0 0 0 0 0 0 0 0 0 0 0 0 0 0 0 2 0 0 0 0 0 0 0 0 20 0 0 28 15 0 0 0 41 5
0 0 8 0 0 0 0 0 0 0 0 0 0 0 0 0 0 0 0 0 0 0 5 0 0 0 0 1 0 0 0 25 0 2 17 24 0 0 0 36 4
0 0 19 0 0 0 0 0 0 0 0 0 0 0 0 0 0 0 0 0 0 0 2 0 0 0 0 0 0 0 0 21 0 0 30 15 0 0 0 43 5
0 0 13 0 0 0 0 0 0 0 0 0 0 0 0 0 0 0 0 0 0 0 3 0 0 0 0 0 0 0 0 21 0 0 22 16 0 0 1 37 5
38 2 0 24 0 0 0 0 0 0 0 0 0 0 0 0 0 33 0 0 0 0 0 0 0 2 0 0 0 27 0 0 0 0 0 0 0 50 0 0 0
0 0 11 0 0 0 0 0 0 0 0 0 0 0 0 0 0 0 0 0 0 0 4 0 0 0 0 0 0 0 0 25 0 0 20 21 0 0 0 38 5
24 0 0 12 0 0 0 0 0 0 0 0 0 0 0 0 0 17 0 0 0 0 0 0 0 0 0 0 0 13 0 0 0 0 0 0 0 30 0 0 0
0 0 15 0 0 0 0 0 0 0 0 0 0 0 0 0 0 0 0 0 0 0 2 0 0 0 0 0 0 0 0 21 0 0 24 16 0 0 0 38 5
0 0 18 0 0 0 0 0 0 0 0 0 0 0 0 0 0 0 0 0 0 0 2 0 0 0 0 0 0 0 0 20 0 0 28 14 0 0 0 40 5
17 0 0 7 0 0 0 0 0 0 0 0 0 0 0 0 0 10 0 0 0 0 0 0 0 0 0 0 0 6 0 0 0 0 0 3 0 21 0 0 0
0 0 12 0 0 0 0 0 0 0 0 0 0 0 0 0 0 0 0 0 0 0 4 0 0 0 0 0 0 0 0 23 0 0 22 20 0 0 0 39 5
0 0 23 0 0 0 0 0 0 0 0 0 0 0 0 0 0 0 0 0 0 0 1 0 0 0 0 0 0 0 0 21 0 0 35 15 0 0 0 48 6
0 0 16 0 0 0 0 0 0 0 0 0 0 0 0 0 0 0 0 0 0 0 2 0 0 0 0 0 0 0 0 20 0 0 25 15 0 0 0 38 5
0 0 22 0 0 0 0 0 0 0 0 0 0 0 0 0 0 0 0 0 0 0 2 0 0 0 0 0 0 0 0 21 0 0 34 15 0 0 0 47 6
0 0 11 0 0 0 0 0 0 0 0 0 0 0 0 0 0 0 0 0 0 0 4 0 0 0 0 0 0 0 0 23 0 0 19 21 0 0 0 37 5
0 0 16 0 0 0 0 0 0 0 0 0 0 0 0 0 0 0 0 0 0 0 2 0 0 0 0 0 0 0 0 20 0 0 25 15 0 0 1 38 5
25 0 0 12 0 0 0 0 0 0 0 0 0 0 0 0 0 18 0 0 0 0 0 0 0 0 0 0 0 13 0 0 0 0 0 0 0 32 0 0 0
0 0 8 0 0 0 0 0 0 0 0 0 0 0 0 0 0 0 0 0 0 0 4 0 0 0 0 0 0 0 0 23 0 0 15 22 0 0 0 33 4
0 0 12 0 0 0 0 0 0 0 0 0 0 0 0 0 0 0 0 0 0 0 4 0 0 0 0 1 0 0 0 24 0 0 21 21 0 0 0 39 5
9 0 0 1 0 0 0 0 0 0 0 0 0 0 0 0 0 2 0 0 0 0 2 0 0 0 0 1 0 0 0 13 0 1 0 15 0 10 0 5 0
0 0 10 0 0 0 0 0 0 0 0 0 0 0 0 0 0 0 0 0 0 0 4 0 0 0 0 1 0 0 0 24 0 0 18 21 0 0 0 36 5
0 0 12 0 0 0 0 0 0 0 0 0 0 0 0 0 0 0 0 0 0 0 5 0 0 0 0 0 0 0 0 25 0 1 21 23 0 0 0 40 5
32 1 0 19 0 0 0 0 0 0 0 0 0 0 0 0 0 26 0 0 0 0 0 0 0 1 0 0 0 21 0 0 0 0 0 0 0 41 0 0 0
18 0 0 7 0 0 0 0 0 0 0 0 0 0 0 0 0 10 0 0 0 0 0 0 0 0 0 0 0 6 0 0 0 0 0 3 0 21 0 0 0
0 0 13 0 0 0 0 0 0 0 0 0 0 0 0 0 0 0 0 0 0 0 3 0 0 0 0 0 0 0 0 22 0 0 22 18 0 0 0 38 5
0 0 15 0 0 0 0 0 0 0 0 0 0 0 0 0 0 0 0 0 0 0 3 0 0 0 0 0 0 0 0 22 0 0 24 17 0 0 0 39 5
9 0 0 1 0 0 0 0 0 0 0 0 0 0 0 0 0 1 0 0 0 0 2 0 0 0 0 0 0 0 0 11 0 0 0 14 0 9 0 7 0
0 0 16 0 0 0 0 0 0 0 0 0 0 0 0 0 0 0 0 0 0 0 2 0 0 0 0 0 0 0 0 20 0 0 26 14 0 0 1 38 5
0 0 15 0 0 0 0 0 0 0 0 0 0 0 0 0 0 0 0 0 0 0 2 0 0 0 0 0 0 0 0 21 0 0 24 15 0 0 0 38 5
0 0 13 0 0 0 0 0 0 0 0 0 0 0 0 0 0 0 0 0 0 0 3 0 0 0 0 0 0 0 0 22 0 0 22 18 0 0 0 38 5
34 1 0 20 0 0 0 0 0 0 0 0 0 0 0 0 0 28 0 0 0 0 0 0 0 2 0 0 0 22 0 0 0 0 0 0 0 44 0 0 0
14 0 0 5 0 0 0 0 0 0 0 0 0 0 0 0 0 6 0 0 0 0 0 0 0 0 0 0 0 4 0 2 0 0 0 8 0 15 0 0 0
0 0 19 0 0 0 0 0 0 0 0 0 0 0 0 0 0 0 0 0 0 0 1 0 0 0 0 0 0 0 0 23 0 0 28 14 0 0 0 43 5
0 0 25 0 0 0 0 0 0 0 0 0 0 0 0 0 0 0 0 0 0 0 1 0 0 0 0 0 0 0 0 22 0 0 37 15 0 0 0 50 6
24 0 0 12 0 0 0 0 0 0 0 0 0 0 0 0 0 17 0 0 0 0 0 0 0 0 0 0 0 13 0 0 0 0 0 0 0 29 0 0 0
16 0 0 6 0 0 0 0 0 0 0 0 0 0 0 0 0 9 0 0 0 0 0 0 0 0 0 0 0 6 0 0 0 0 0 4 0 19 0 0 0
1 0 3 0 0 0 0 0 0 0 0 0 0 0 0 0 0 0 0 0 0 0 3 0 0 0 0 1 0 0 0 19 0 1 6 20 0 0 0 21 2
10 0 0 2 0 0 0 0 0 0 0 0 0 0 0 0 0 2 0 0 0 0 2 0 0 0 0 0 0 0 0 10 0 0 0 13 0 11 0 2 0
18 0 0 7 0 0 0 0 0 0 0 0 0 0 0 0 0 11 0 0 0 0 0 0 0 0 0 0 0 6 0 0 0 0 0 3 0 22 0 0 0
26 0 0 13 0 0 0 0 0 0 0 0 0 0 0 0 0 19 0 0 0 0 0 0 0 0 0 0 0 14 0 0 0 0 0 0 0 33 0 0 0
0 0 6 0 0 0 0 0 0 0 0 0 0 0 0 0 0 0 0 0 0 0 3 0 0 0 0 1 0 0 0 22 0 0 13 19 0 0 0 29 3
8 0 0 1 0 0 0 0 0 0 0 0 0 0 0 0 0 1 0 0 0 0 2 0 0 0 0 1 0 0 0 14 0 0 0 16 0 9 0 6 0
28 0 0 16 0 0 0 0 0 0 0 0 0 0 0 0 0 22 0 0 0 0 0 0 0 0 0 0 0 18 0 0 0 0 0 0 0 35 0 0 0
0 0 14 0 0 0 0 0 0 0 0 0 0 0 0 0 0 0 0 0 0 0 2 0 0 0 0 0 0 0 0 21 0 0 23 17 0 0 0 37 5
0 0 21 0 0 0 0 0 0 0 0 0 0 0 0 0 0 0 0 0 0 0 1 0 0 0 0 0 0 0 0 21 0 0 33 15 0 0 0 46 6
0 0 6 0 0 0 0 0 0 0 0 0 0 0 0 0 0 0 0 0 0 0 5 0 0 0 0 0 0 0 0 21 0 1 12 22 0 0 0 29 3
0 0 14 0 0 0 0 0 0 0 0 0 0 0 0 0 0 0 0 0 0 0 3 0 0 0 0 0 0 0 0 23 0 0 24 18 0 0 0 40 5
17 0 0 7 0 0 0 0 0 0 0 0 0 0 0 0 0 10 0 0 0 0 0 0 0 0 0 0 0 7 0 0 0 0 0 3 0 20 0 0 0
26 0 0 15 0 0 0 0 0 0 0 0 0 0 0 0 0 21 0 0 0 0 0 0 0 0 0 0 0 17 0 0 0 0 0 0 0 33 0 0 0
0 0 17 0 0 0 0 0 0 0 0 0 0 0 0 0 0 0 0 0 0 0 2 0 0 0 0 0 0 0 0 20 0 0 27 14 0 0 0 39 5
0 0 17 0 0 0 0 0 0 0 0 0 0 0 0 0 0 0 0 0 0 0 3 0 0 0 0 0 0 0 0 20 0 0 27 16 0 0 0 41 5
6 0 0 0 0 0 0 0 0 0 0 0 0 0 0 0 0 0 0 0 0 0 3 0 0 0 0 0 0 0 0 12 0 1 3 16 0 5 0 12 1
0 0 11 0 0 0 0 0 0 0 0 0 0 0 0 0 0 0 0 0 0 0 4 0 0 0 0 1 0 0 0 24 0 0 20 21 0 0 0 38 5
0 0 16 0 0 0 0 0 0 0 0 0 0 0 0 0 0 0 0 0 0 0 2 0 0 0 0 0 0 0 0 21 0 0 25 15 0 0 0 39 5
0 0 17 0 0 0 0 0 0 0 0 0 0 0 0 0 0 0 0 0 0 0 2 0 0 0 0 0 0 0 0 20 0 0 27 15 0 0 0 40 5
18 0 0 6 0 0 0 0 0 0 0 0 0 0 0 0 0 11 0 0 0 0 0 0 0 0 0 0 0 3 0 6 0 0 0 7 0 24 0 0 0
0 0 24 0 0 0 0 0 0 0 0 0 0 0 0 0 0 0 0 0 0 0 1 0 0 0 0 0 0 0 0 21 0 0 37 15 0 0 0 50 6
0 0 11 0 0 0 0 0 0 0 0 0 0 0 0 0 0 0 0 0 0 0 4 0 0 0 0 1 0 0 0 24 0 0 21 21 0 0 0 38 5
0 0 15 0 0 0 0 0 0 0 0 0 0 0 0 0 0 0 0 0 0 0 2 0 0 0 0 0 0 0 0 21 0 0 24 14 0 0 2 38 4
35 2 0 22 0 0 0 0 0 0 0 0 0 0 0 0 0 30 0 0 0 0 0 0 0 2 0 0 0 25 0 0 0 0 0 0 0 45 0 0 0
0 0 10 0 0 0 0 0 0 0 0 0 0 0 0 0 0 0 0 0 0 0 4 0 0 0 0 1 0 0 0 24 0 0 19 20 0 0 1 37 5
33 1 0 20 0 0 0 0 0 0 0 0 0 0 0 0 0 28 0 0 0 0 0 0 0 1 0 0 0 22 0 0 0 0 0 0 0 44 0 0 0
6 0 0 0 0 0 0 0 0 0 0 0 0 0 0 0 0 0 0 0 0 0 2 0 0 0 0 0 0 0 0 11 0 1 2 16 0 5 0 11 1
24 0 0 13 0 0 0 0 0 0 0 0 0 0 0 0 0 17 0 0 0 0 0 0 0 0 0 0 0 14 0 0 0 0 0 0 0 29 0 0 0
4 0 0 0 0 0 0 0 0 0 0 0 0 0 0 0 0 0 0 0 0 0 3 0 0 0 0 1 0 0 0 20 0 0 0 18 0 4 0 14 1
19 0 0 9 0 0 0 0 0 0 0 0 0 0 0 0 0 12 0 0 0 0 0 0 0 0 0 0 0 9 0 0 0 0 0 0 0 23 0 0 0
0 0 18 0 0 0 0 0 0 0 0 0 0 0 0 0 0 0 0 0 0 0 2 0 0 0 0 0 0 0 0 20 0 0 28 15 0 0 0 41 5
0 0 21 0 0 0 0 0 0 0 0 0 0 0 0 0 0 0 0 0 0 0 2 0 0 0 0 0 0 0 0 20 0 0 32 15 0 0 0 45 5
0 0 19 0 0 0 0 0 0 0 0 0 0 0 0 0 0 0 0 0 0 0 1 0 0 0 0 0 0 0 0 20 0 0 30 14 0 0 0 42 5
0 0 17 0 0 0 0 0 0 0 0 0 0 0 0 0 0 0 0 0 0 0 2 0 0 0 0 0 0 0 0 20 0 0 27 15 0 0 0 40 5
0 0 18 0 0 0 0 0 0 0 0 0 0 0 0 0 0 0 0 0 0 0 2 0 0 0 0 0 0 0 0 19 0 0 28 14 0 0 0 40 5
0 0 10 0 0 0 0 0 0 0 0 0 0 0 0 0 0 0 0 0 0 0 4 0 0 0 0 1 0 0 0 25 0 1 20 22 0 0 0 38 5
0 0 22 0 0 0 0 0 0 0 0 0 0 0 0 0 0 0 0 0 0 0 1 0 0 0 0 0 0 0 0 21 0 0 34 15 0 0 0 46 6
0 0 24 0 0 0 0 0 0 0 0 0 0 0 0 0 0 0 0 0 0 0 1 0 0 0 0 0 0 0 0 21 0 0 36 15 0 0 0 49 6
0 0 13 0 0 0 0 0 0 0 0 0 0 0 0 0 0 0 0 0 0 0 3 0 0 0 0 0 0 0 0 22 0 0 22 17 0 0 1 37 5
0 0 16 0 0 0 0 0 0 0 0 0 0 0 0 0 0 0 0 0 0 0 2 0 0 0 0 0 0 0 0 21 0 0 26 16 0 0 0 40 5
5 0 0 0 0 0 0 0 0 0 0 0 0 0 0 0 0 0 0 0 0 0 2 0 0 0 0 1 0 0 0 18 0 0 0 18 0 5 0 12 0
0 0 8 0 0 0 0 0 0 0 0 0 0 0 0 0 0 0 0 0 0 0 4 0 0 0 0 0 0 0 0 21 0 2 15 22 0 0 0 31 3
22 0 0 11 0 0 0 0 0 0 0 0 0 0 0 0 0 15 0 0 0 0 0 0 0 0 0 0 0 12 0 0 0 0 0 0 0 27 0 0 0
42 3 0 27 0 0 0 0 0 0 1 0 0 0 0 0 0 38 0 0 0 0 0 0 0 3 0 0 0 30 0 0 0 0 0 0 0 55 0 0 0
3 0 0 0 0 0 0 0 0 0 0 0 0 0 0 0 0 0 0 0 0 0 3 0 0 0 0 1 0 0 0 22 0 1 1 21 0 3 0 17 1
11 0 0 2 0 0 0 0 0 0 0 0 0 0 0 0 0 3 0 0 0 0 1 0 0 0 0 0 0 1 0 8 0 0 0 12 0 12 0 0 0
0 0 15 0 0 0 0 0 0 0 0 0 0 0 0 0 0 0 0 0 0 0 2 0 0 0 0 0 0 0 0 21 0 0 24 16 0 0 0 38 5
16 0 0 5 0 0 0 0 0 0 0 0 0 0 0 0 0 9 0 0 0 0 0 0 0 0 0 0 0 3 0 5 0 0 0 7 0 20 0 0 0
0 0 20 0 0 0 0 0 0 0 0 0 0 0 0 0 0 0 0 0 0 0 2 0 0 0 0 0 0 0 0 20 0 0 31 15 0 0 0 44 5
9 0 0 1 0 0 0 0 0 0 0 0 0 0 0 0 0 1 0 0 0 0 2 0 0 0 0 0 0 0 0 10 0 1 0 14 0 10 0 5 0
0 0 15 0 0 0 0 0 0 0 0 0 0 0 0 0 0 0 0 0 0 0 2 0 0 0 0 0 0 0 0 20 0 0 24 14 0 0 1 37 4
0 0 15 0 0 0 0 0 0 0 0 0 0 0 0 0 0 0 0 0 0 0 3 0 0 0 0 0 0 0 0 22 0 0 24 18 0 0 0 40 5
23 0 0 12 0 0 0 0 0 0 0 0 0 0 0 0 0 16 0 0 0 0 0 0 0 0 0 0 0 13 0 0 0 0 0 0 0 28 0 0 0
0 0 11 0 0 0 0 0 0 0 0 0 0 0 0 0 0 0 0 0 0 0 5 0 0 0 0 0 0 0 0 25 0 1 20 23 0 0 0 40 5
0 0 11 0 0 0 0 0 0 0 0 0 0 0 0 0 0 0 0 0 0 0 4 0 0 0 0 0 0 0 0 22 0 2 20 23 0 0 0 38 4
0 0 16 0 0 0 0 0 0 0 0 0 0 0 0 0 0 0 0 0 0 0 2 0 0 0 0 0 0 0 0 20 0 0 26 16 0 0 0 40 5
0 0 23 0 0 0 0 0 0 0 0 0 0 0 0 0 0 0 0 0 0 0 1 0 0 0 0 0 0 0 0 21 0 0 34 14 0 0 0 47 6
10 0 0 2 0 0 0 0 0 0 0 0 0 0 0 0 0 2 0 0 0 0 1 0 0 0 0 0 0 2 0 6 0 0 0 10 0 11 0 0 0
0 0 21 0 0 0 0 0 0 0 0 0 0 0 0 0 0 0 0 0 0 0 1 0 0 0 0 0 0 0 0 20 0 0 32 14 0 0 0 44 5
0 0 4 0 0 0 0 0 0 0 0 0 0 0 0 0 0 0 0 0 0 0 4 0 0 0 0 0 0 0 0 17 0 1 9 19 0 0 0 22 2
13 0 0 4 0 0 0 0 0 0 0 0 0 0 0 0 0 5 0 0 0 0 1 0 0 0 0 0 0 2 0 6 0 1 0 10 0 15 0 0 0
0 0 8 0 0 0 0 0 0 0 0 0 0 0 0 0 0 0 0 0 0 0 5 0 0 0 0 1 0 0 0 24 0 1 15 24 0 0 0 35 4
0 0 10 0 0 0 0 0 0 0 0 0 0 0 0 0 0 0 0 0 0 0 4 0 0 0 0 1 0 0 0 24 0 1 19 22 0 0 0 37 5
0 0 6 0 0 0 0 0 0 0 0 0 0 0 0 0 0 0 0 0 0 0 3 0 0 0 0 1 0 0 0 23 0 0 12 21 0 0 0 29 4
17 0 0 7 0 0 0 0 0 0 0 0 0 0 0 0 0 10 0 0 0 0 0 0 0 0 0 0 0 6 0 0 0 0 0 4 0 21 1 0 0
0 0 15 0 0 0 0 0 0 0 0 0 0 0 0 0 0 0 0 0 0 0 2 0 0 0 0 0 0 0 0 21 0 0 24 16 0 0 0 38 5
12 0 0 4 0 0 0 0 0 0 0 0 0 0 0 0 0 4 0 0 0 0 1 0 0 0 0 0 0 2 0 5 0 0 0 9 0 12 0 0 0
0 0 21 0 0 0 0 0 0 0 0 0 0 0 0 0 0 0 0 0 0 0 2 0 0 0 0 0 0 0 0 20 0 0 32 15 0 0 0 45 5
44 4 0 29 0 0 0 0 0 0 0 0 0 0 0 0 0 41 0 0 0 0 0 1 0 4 0 0 0 33 0 0 0 0 0 0 0 59 0 0 0
25 0 0 13 0 0 0 0 0 0 0 0 0 0 0 0 0 19 0 0 0 0 0 0 0 0 0 0 0 14 0 0 0 0 0 0 0 32 0 0 0
18 0 0 9 0 0 0 0 0 0 0 0 0 0 0 0 0 11 0 0 0 0 0 0 0 0 0 0 0 9 0 0 0 0 0 0 0 21 0 0 0
0 0 19 0 0 0 0 0 0 0 0 0 0 0 0 0 0 0 0 0 0 0 1 0 0 0 0 0 0 0 0 19 0 0 30 14 0 0 0 41 5
25 0 0 13 0 0 0 0 0 0 0 0 0 0 0 0 0 19 0 0 0 0 0 0 0 0 0 0 0 15 0 0 0 0 0 0 0 32 0 0 0
0 0 10 0 0 0 0 0 0 0 0 0 0 0 0 0 0 0 0 0 0 0 4 0 0 0 0 1 0 0 0 23 0 1 19 21 0 0 0 36 4
0 0 15 0 0 0 0 0 0 0 0 0 0 0 0 0 0 0 0 0 0 0 2 0 0 0 0 0 0 0 0 21 0 0 24 14 0 0 1 38 5
34 1 0 20 0 0 0 0 0 0 0 0 0 0 0 0 0 29 0 0 0 0 0 0 0 2 0 0 0 22 0 0 0 0 0 0 0 45 0 0 0
13 0 0 4 0 0 0 0 0 0 0 0 0 0 0 0 0 5 0 0 0 0 1 0 0 0 0 0 0 3 0 4 0 0 0 9 0 14 0 0 0
0 0 17 0 0 0 0 0 0 0 0 0 0 0 0 0 0 0 0 0 0 0 2 0 0 0 0 0 0 0 0 21 0 0 26 15 0 0 0 40 5
0 0 10 0 0 0 0 0 0 0 0 0 0 0 0 0 0 0 0 0 0 0 4 0 0 0 0 1 0 0 0 23 0 1 19 21 0 0 0 37 5
0 0 19 0 0 0 0 0 0 0 0 0 0 0 0 0 0 0 0 0 0 0 1 0 0 0 0 0 0 0 0 20 0 0 30 14 0 0 0 42 5
0 0 19 0 0 0 0 0 0 0 0 0 0 0 0 0 0 0 0 0 0 0 2 0 0 0 0 0 0 0 0 21 0 0 30 15 0 0 0 43 5
22 0 0 12 0 0 0 0 0 0 0 0 0 0 0 0 0 16 0 0 0 0 0 0 0 0 0 0 0 14 0 0 0 0 0 0 0 27 0 0 0
0 0 16 0 0 0 0 0 0 0 0 0 0 0 0 0 0 0 0 0 0 0 2 0 0 0 0 0 0 0 0 20 0 0 26 15 0 0 0 39 5
31 2 0 19 0 0 0 0 0 0 0 0 0 0 0 0 0 26 0 0 0 0 0 0 0 1 0 0 0 22 0 0 0 0 0 0 0 39 0 0 0
0 0 20 0 0 0 0 0 0 0 0 0 0 0 0 0 0 0 0 0 0 0 2 0 0 0 0 0 0 0 0 20 0 0 31 15 0 0 0 44 5
0 0 16 0 0 0 0 0 0 0 0 0 0 0 0 0 0 0 0 0 0 0 2 0 0 0 0 0 0 0 0 22 0 0 26 16 0 0 1 41 5
0 0 19 0 0 0 0 0 0 0 0 0 0 0 0 0 0 0 0 0 0 0 2 0 0 0 0 0 0 0 0 20 0 0 30 14 0 0 0 42 5
0 0 12 0 0 0 0 0 0 0 0 0 0 0 0 0 0 0 0 0 0 0 4 0 0 0 0 1 0 0 0 23 0 0 21 19 0 0 0 38 5
0 0 21 0 0 0 0 0 0 0 0 0 0 0 0 0 0 0 0 0 0 0 1 0 0 0 0 0 0 0 0 22 0 0 31 14 0 0 0 45 6
3 0 1 0 0 0 0 0 0 0 0 0 0 0 0 0 0 0 0 0 0 0 4 0 0 0 0 1 0 0 0 18 0 1 5 21 0 1 0 19 1
0 0 12 0 0 0 0 0 0 0 0 0 0 0 0 0 0 0 0 0 0 0 3 0 0 0 0 0 0 0 0 22 0 0 21 20 0 0 0 37 5
0 0 22 0 0 0 0 0 0 0 0 0 0 0 0 0 0 0 0 0 0 0 1 0 0 0 0 0 0 0 0 22 0 0 34 15 0 0 0 48 6
0 0 19 0 0 0 0 0 0 0 0 0 0 0 0 0 0 0 0 0 0 0 1 0 0 0 0 0 0 0 0 20 0 0 29 14 0 0 0 41 5
1 0 2 0 0 0 0 0 0 0 0 0 0 0 0 0 0 0 0 0 0 0 3 0 0 0 0 1 0 0 0 21 0 0 5 20 0 0 0 20 2
0 0 16 0 0 0 0 0 0 0 0 0 0 0 0 0 0 0 0 0 0 0 2 0 0 0 0 0 0 0 0 21 0 0 26 16 0 0 0 40 5
37 3 0 24 0 0 0 0 0 0 0 0 0 0 0 0 0 33 0 0 0 0 0 0 0 2 0 0 0 26 0 0 0 0 0 0 0 48 0 0 0
32 2 0 20 0 0 0 0 0 0 0 0 0 0 0 0 0 27 0 0 0 0 0 0 0 1 0 0 0 22 0 0 0 0 0 0 0 41 0 0 0
11 0 0 3 0 0 0 0 0 0 0 0 0 0 0 0 0 5 0 0 0 0 1 0 0 0 0 1 0 1 0 8 0 0 0 10 0 14 0 0 0
8 0 0 1 0 0 0 0 0 0 0 0 0 0 0 0 0 1 0 0 0 0 2 0 0 0 0 0 0 0 0 11 0 1 0 15 0 7 0 8 0
0 0 15 0 0 0 0 0 0 0 0 0 0 0 0 0 0 0 0 0 0 0 3 0 0 0 0 0 0 0 0 22 0 0 25 17 0 0 0 39 5
0 0 20 0 0 0 0 0 0 0 0 0 0 0 0 0 0 0 0 0 0 0 1 0 0 0 0 0 0 0 0 20 0 0 30 14 0 0 0 42 5
0 0 15 0 0 0 0 0 0 0 0 0 0 0 0 0 0 0 0 0 0 0 3 0 0 0 0 0 0 0 0 22 0 0 24 16 0 0 1 39 5
0 0 17 0 0 0 0 0 0 0 0 0 0 0 0 0 0 0 0 0 0 0 1 0 0 0 0 0 0 0 0 20 0 0 27 14 0 0 0 39 5
0 0 2 0 0 0 0 0 0 0 0 0 0 0 0 0 0 0 0 0 0 0 3 0 0 0 0 1 0 0 0 23 0 0 4 20 0 0 0 21 2
0 0 7 0 0 0 0 0 0 0 0 0 0 0 0 0 0 0 0 0 0 0 4 0 0 0 0 1 0 0 0 23 0 1 13 23 0 0 0 31 4
0 0 17 0 0 0 0 0 0 0 0 0 0 0 0 0 0 0 0 0 0 0 2 0 0 0 0 0 0 0 0 21 0 0 27 16 0 0 0 41 5
19 0 0 9 0 0 0 0 0 0 0 0 0 0 0 0 0 12 0 0 0 0 0 0 0 0 0 0 0 10 0 0 0 0 0 0 0 23 0 0 0
0 0 10 0 0 0 0 0 0 0 0 0 0 0 0 0 0 0 0 0 0 0 4 0 0 0 0 1 0 0 0 24 0 0 20 21 0 0 0 37 5
17 0 0 6 0 0 0 0 0 0 0 0 0 0 0 0 0 10 0 0 0 0 0 0 0 0 0 0 0 5 0 1 0 0 0 5 0 21 0 0 0
0 0 9 0 0 0 0 0 0 0 0 0 0 0 0 0 0 0 0 0 0 0 4 0 0 0 0 1 0 0 0 23 0 0 17 21 0 0 0 34 4
0 0 15 0 0 0 0 0 0 0 0 0 0 0 0 0 0 0 0 0 0 0 2 0 0 0 0 0 0 0 0 21 0 0 24 14 0 0 1 37 5
3 0 0 0 0 0 0 0 0 0 0 0 0 0 0 0 0 0 0 0 0 0 3 0 0 0 0 1 0 0 0 20 0 0 2 19 0 3 0 16 1
0 0 17 0 0 0 0 0 0 0 0 0 0 0 0 0 0 0 0 0 0 0 3 0 0 0 0 0 0 0 0 21 0 0 26 16 0 0 0 41 5
0 0 17 0 0 0 0 0 0 0 0 0 0 0 0 0 0 0 0 0 0 0 2 0 0 0 0 0 0 0 0 20 0 0 28 15 0 0 0 41 5
37 3 0 24 0 0 0 0 0 0 0 0 0 0 0 0 0 33 0 0 0 0 0 0 0 2 0 0 0 27 0 0 0 0 0 0 0 48 0 0 0
21 0 0 10 0 0 0 0 0 0 0 0 0 0 0 0 0 14 0 0 0 0 0 0 0 0 0 0 0 10 0 0 0 0 0 0 0 27 0 0 0
0 0 19 0 0 0 0 0 0 0 0 0 0 0 0 0 0 0 0 0 0 0 2 0 0 0 0 0 0 0 0 20 0 0 29 15 0 0 0 42 5
9 0 0 1 0 0 0 0 0 0 0 0 0 0 0 0 0 0 0 0 0 0 2 0 0 0 0 0 0 0 0 8 0 0 0 13 0 9 0 5 0
14 0 0 4 0 0 0 0 0 0 0 0 0 0 0 0 0 6 0 0 0 0 1 0 0 0 0 0 0 2 0 7 0 0 0 11 0 17 0 0 0
0 0 6 0 0 0 0 0 0 0 0 0 0 0 0 0 0 0 0 0 0 0 4 0 0 0 0 1 0 0 0 23 0 0 12 21 0 0 0 29 4
0 0 15 0 0 0 0 0 0 0 0 0 0 0 0 0 0 0 0 0 0 0 3 0 0 0 0 0 0 0 0 21 0 0 24 17 0 0 0 38 5
2 0 2 0 0 0 0 0 0 0 0 0 0 0 0 0 0 0 0 0 0 0 3 0 0 0 0 1 0 0 0 19 0 1 5 20 0 1 0 20 2
0 0 10 0 0 0 0 0 0 0 0 0 0 0 0 0 0 0 0 0 0 0 3 0 0 0 0 1 0 0 0 23 0 0 19 19 0 0 0 35 5
0 0 10 0 0 0 0 0 0 0 0 0 0 0 0 0 0 0 0 0 0 0 4 0 0 0 0 0 0 0 0 24 0 1 17 22 0 0 0 36 5
0 0 10 0 0 0 0 0 0 0 0 0 0 0 0 0 0 0 0 0 0 0 5 0 0 0 0 1 0 0 0 25 0 1 19 24 0 0 0 38 5
0 0 13 0 0 0 0 0 0 0 0 0 0 0 0 0 0 0 0 0 0 0 2 0 0 0 0 0 0 0 0 21 0 0 22 15 0 0 1 37 4
0 0 17 0 0 0 0 0 0 0 0 0 0 0 0 0 0 0 0 0 0 0 2 0 0 0 0 0 0 0 0 20 0 0 27 15 0 0 0 40 5
0 0 4 0 0 0 0 0 0 0 0 0 0 0 0 0 0 0 0 0 0 0 3 0 0 0 0 0 0 0 0 19 0 0 9 19 0 0 0 24 3
9 0 0 1 0 0 0 0 0 0 0 0 0 0 0 0 0 2 0 0 0 0 2 0 0 0 0 1 0 0 0 15 0 1 0 16 0 10 0 5 0
0 0 12 0 0 0 0 0 0 0 0 0 0 0 0 0 0 0 0 0 0 0 3 0 0 0 0 0 0 0 0 22 0 0 22 19 0 0 0 38 5
0 0 15 0 0 0 0 0 0 0 0 0 0 0 0 0 0 0 0 0 0 0 2 0 0 0 0 0 0 0 0 20 0 0 24 14 0 0 1 37 5
15 0 0 4 0 0 0 0 0 0 0 0 0 0 0 0 0 6 0 0 0 0 1 0 0 0 0 0 0 3 0 3 0 0 0 9 0 17 0 0 0
0 0 16 0 0 0 0 0 0 0 0 0 0 0 0 0 0 0 0 0 0 0 2 0 0 0 0 0 0 0 0 21 0 0 25 16 0 0 0 39 5
