0 0 26 0 0 0 0 0 0 0 0 0 0 0 0 0 0 0 0 0 0 0 0 0 0 0 6 0 0 2 0 42 0 0 11 0 0 6 0 11 0
0 0 14 0 0 0 0 0 0 0 0 0 0 0 0 0 0 0 0 0 0 0 3 0 0 0 0 0 0 4 0 18 6 0 26 24 0 0 0 33 0
0 0 4 0 0 0 0 0 0 0 0 0 0 0 0 0 0 3 0 0 0 0 3 0 0 0 0 0 1 1 0 7 10 0 28 29 0 0 0 27 15
0 0 18 0 0 0 0 0 0 0 0 0 0 0 0 0 0 0 0 0 0 0 0 0 0 0 3 0 0 3 0 27 2 0 19 12 0 1 0 22 1
27 0 20 0 7 0 0 0 0 0 2 0 0 0 0 0 0 0 0 0 0 0 0 0 0 0 8 0 0 0 0 15 0 0 0 0 0 5 0 0 16
0 0 13 0 0 0 0 0 0 0 0 0 0 0 0 0 0 0 0 0 0 0 2 0 0 0 0 0 0 3 0 17 8 0 26 26 0 0 0 30 7
0 0 18 0 0 0 0 0 0 0 0 0 0 0 0 0 0 0 0 0 0 0 3 0 0 0 0 0 0 6 0 26 3 0 27 21 0 0 0 35 0
0 0 0 1 0 0 0 0 0 0 0 0 0 0 1 0 0 16 0 0 0 0 2 0 0 0 0 0 4 0 0 0 9 0 21 24 0 0 0 18 23
0 0 15 0 0 0 0 0 0 0 0 0 0 0 0 0 0 0 0 0 0 0 2 0 0 0 0 0 0 4 0 21 7 0 27 25 0 0 0 34 3
0 0 27 0 0 0 0 0 0 0 0 0 0 0 0 0 0 0 0 0 0 0 0 0 0 0 4 0 0 3 0 44 0 0 14 0 0 5 0 16 0
0 0 27 0 0 0 0 0 0 0 0 0 0 0 0 0 0 0 0 0 0 0 0 0 0 0 7 0 0 0 0 40 0 0 11 0 0 10 0 4 0
0 0 15 0 0 0 0 0 0 0 0 0 0 0 0 0 0 0 0 0 0 0 2 0 0 0 0 0 0 4 0 19 6 0 26 25 0 0 0 33 2
0 0 24 0 0 0 0 0 0 0 0 0 0 0 0 0 0 0 0 0 0 0 0 0 0 0 3 0 0 4 0 40 0 0 16 3 0 4 0 19 0
0 0 18 0 0 0 0 0 0 0 0 0 0 0 0 0 0 0 0 0 0 0 1 0 0 0 1 0 0 4 0 29 2 0 22 14 0 1 0 26 0
0 0 26 0 0 0 0 0 0 0 0 0 0 0 0 0 0 0 0 0 0 0 0 0 0 0 5 0 0 3 0 45 0 0 12 0 0 11 0 9 0
14 0 24 0 3 0 0 0 0 0 1 0 0 0 0 0 0 0 0 0 0 0 0 0 0 0 8 0 0 0 0 27 0 0 5 0 0 7 0 0 8
32 0 17 0 7 0 0 0 0 0 2 0 0 0 0 0 0 0 0 0 0 0 0 0 0 0 8 0 0 0 0 11 0 0 0 0 0 1 0 0 21
0 0 0 0 0 0 0 0 0 0 0 0 0 0 0 0 0 13 0 0 0 0 2 0 0 0 0 0 3 0 0 0 11 0 21 26 0 0 0 19 22
0 0 27 0 0 0 0 0 0 0 0 0 0 0 0 0 0 0 0 0 0 0 0 0 0 0 7 0 0 0 0 42 0 0 10 0 0 12 0 2 0
0 0 26 0 0 0 0 0 0 0 0 0 0 0 0 0 0 0 0 0 0 0 0 0 0 0 5 0 0 3 0 44 0 0 12 0 0 7 0 13 0
0 0 25 0 0 0 0 0 0 0 0 0 0 0 0 0 0 0 0 0 0 0 1 0 0 0 1 0 0 7 0 41 0 0 17 4 0 3 0 24 0
0 0 23 0 0 0 0 0 0 0 0 0 0 0 0 0 0 0 0 0 0 0 0 0 0 0 5 0 0 3 0 36 0 0 14 3 0 3 0 16 0
0 0 0 0 0 0 0 0 0 0 0 0 0 0 0 0 0 10 0 0 0 0 2 0 0 0 0 0 2 0 0 0 11 0 24 26 0 0 0 21 20
2 0 0 0 0 0 0 0 0 0 0 0 0 0 2 0 0 20 0 0 0 0 0 0 0 0 0 0 3 0 0 0 7 0 19 19 0 0 0 15 29
4 0 23 0 0 0 0 0 0 0 0 0 0 0 0 0 0 0 0 0 0 0 0 0 0 0 6 0 0 2 0 34 0 0 12 1 0 3 0 13 2
3 0 0 0 0 0 0 0 0 0 0 0 0 0 0 0 0 10 0 0 0 0 1 0 0 0 1 0 2 0 0 0 11 0 22 24 0 0 0 23 20
0 0 12 1 0 0 0 0 0 0 0 0 0 0 0 0 0 0 0 0 0 0 3 0 0 0 0 0 0 2 0 15 9 0 26 28 0 0 0 29 9
0 0 0 0 0 0 0 0 0 0 0 0 0 0 0 0 0 7 0 0 0 0 2 0 0 0 0 0 2 0 0 0 10 0 24 26 0 0 0 23 18
0 0 8 0 0 0 0 0 0 0 0 0 0 0 0 0 0 1 0 0 0 0 0 0 0 0 2 0 0 2 0 16 9 0 24 23 0 0 0 26 11
0 0 13 0 0 0 0 0 0 0 0 0 0 0 0 0 0 0 0 0 0 0 0 0 0 0 3 0 0 2 0 21 7 0 23 21 0 0 0 26 7
0 0 4 0 0 0 0 0 0 0 0 0 0 0 0 0 0 5 0 0 0 0 0 0 0 0 2 0 0 1 0 9 11 0 27 27 0 0 0 27 18
0 0 0 0 0 0 0 0 0 0 0 0 0 0 1 0 0 13 0 0 0 0 1 0 0 0 0 0 3 0 0 0 10 0 22 24 0 0 0 18 21
0 0 15 0 0 0 0 0 0 0 0 0 0 0 0 0 0 0 0 0 0 0 2 0 0 0 0 0 0 4 0 22 4 0 25 20 0 0 0 30 0
0 0 7 0 0 0 0 0 0 0 0 0 0 0 0 0 0 1 0 0 0 0 0 0 0 0 4 0 0 0 0 17 6 0 19 16 0 0 0 18 11
0 0 18 0 0 0 0 0 0 0 0 0 0 0 0 0 0 0 0 0 0 0 0 0 0 0 3 0 0 3 0 29 2 0 19 11 0 1 0 23 0
0 0 13 0 0 0 0 0 0 0 0 0 0 0 0 0 0 0 0 0 0 0 0 0 0 0 2 0 0 3 0 21 6 0 23 20 0 0 0 28 8
0 0 0 0 0 0 0 0 0 0 0 0 0 0 0 0 0 8 0 0 0 0 1 0 0 0 0 0 2 0 0 2 11 0 26 27 0 0 0 25 20
0 0 16 0 0 0 0 0 0 0 0 0 0 0 0 0 0 0 0 0 0 0 1 0 0 0 1 0 0 4 0 23 5 0 25 20 0 0 0 29 1
0 0 28 0 0 0 0 0 0 0 0 0 0 0 0 0 0 0 0 0 0 0 0 0 0 0 7 0 0 2 0 43 0 0 11 0 0 7 0 12 0
0 0 22 0 0 0 0 0 0 0 0 0 0 0 0 0 0 0 0 0 0 0 1 0 0 0 1 0 0 4 0 36 0 0 21 10 0 2 0 25 0
15 0 4 0 1 0 0 0 0 0 0 0 0 0 0 0 0 5 0 0 0 0 0 0 0 0 5 0 0 0 0 7 6 0 15 13 0 0 0 15 21
2 0 0 0 0 0 0 0 0 0 0 0 0 0 0 0 0 14 0 0 0 0 0 0 0 0 0 0 2 0 0 0 10 0 19 23 0 0 0 18 24
0 0 26 0 0 0 0 0 0 0 0 0 0 0 0 0 0 0 0 0 0 0 0 0 0 0 3 0 0 4 0 44 0 0 12 0 0 6 0 14 0
0 0 7 0 0 0 0 0 0 0 0 0 0 0 0 0 0 1 0 0 0 0 1 0 0 0 0 0 0 1 0 12 9 0 27 27 0 0 0 28 11
0 0 11 0 0 0 0 0 0 0 0 0 0 0 0 0 0 0 0 0 0 0 2 0 0 0 0 0 0 3 0 15 7 0 26 25 0 0 0 29 7
29 0 20 0 8 0 0 0 0 0 3 0 0 0 0 0 0 0 0 0 0 0 0 0 0 0 7 0 0 0 0 12 0 0 0 0 0 7 0 0 18
0 0 13 0 0 0 0 0 0 0 0 0 0 0 0 0 0 0 0 0 0 0 2 0 0 0 0 0 0 3 0 16 7 0 26 26 0 0 0 31 7
14 0 3 0 1 0 0 0 0 0 0 0 0 0 0 0 0 5 0 0 0 0 0 0 0 0 5 0 0 0 0 4 8 0 16 16 0 0 0 17 22
0 0 12 0 0 0 0 0 0 0 0 0 0 0 0 0 0 0 0 0 0 0 2 0 0 0 0 0 0 3 0 17 8 0 28 26 0 0 0 31 7
0 0 0 0 0 0 0 0 0 0 0 0 0 0 0 0 0 8 0 0 0 0 3 0 0 0 0 0 3 0 0 0 11 0 25 27 0 0 0 23 20
0 0 2 0 0 0 0 0 0 0 0 0 0 0 0 0 0 5 0 0 0 0 0 0 0 0 1 0 1 0 0 8 10 0 25 26 0 0 0 23 16
0 0 12 2 0 0 0 0 0 0 0 0 0 0 0 0 0 0 0 0 0 0 4 0 0 0 0 0 0 2 0 14 8 0 26 29 0 0 0 30 9
0 0 15 0 0 0 0 0 0 0 0 0 0 0 0 0 0 0 0 0 0 0 2 0 0 0 0 0 0 4 0 19 6 0 26 24 0 0 0 32 1
0 0 28 0 0 0 0 0 0 0 0 0 0 0 0 0 0 0 0 0 0 0 0 0 0 0 6 0 0 3 0 46 0 0 12 0 0 8 0 11 0
0 0 2 1 0 0 0 0 0 0 0 0 0 0 0 0 0 4 0 0 0 0 2 0 0 0 0 0 1 0 0 6 10 0 26 27 0 0 0 25 16
0 0 26 0 0 0 0 0 0 0 0 0 0 0 0 0 0 0 0 0 0 0 0 0 0 0 3 0 0 5 0 44 0 0 14 0 0 6 0 17 0
0 0 3 0 0 0 0 0 0 0 0 0 0 0 0 0 0 4 0 0 0 0 3 0 0 0 0 0 1 0 0 6 11 0 27 29 0 0 0 27 16
0 0 14 0 0 0 0 0 0 0 0 0 0 0 0 0 0 0 0 0 0 0 2 0 0 0 0 0 0 3 0 20 6 0 26 22 0 0 0 29 3
0 0 18 0 0 0 0 0 0 0 0 0 0 0 0 0 0 0 0 0 0 0 3 0 0 0 0 0 0 6 0 27 3 0 27 21 0 0 0 37 0
0 0 14 0 0 0 0 0 0 0 0 0 0 0 0 0 0 0 0 0 0 0 2 0 0 0 0 0 0 3 0 17 7 0 27 26 0 0 0 32 6
11 0 0 0 0 0 0 0 0 0 0 0 0 0 0 0 0 11 0 0 0 0 0 0 0 0 3 0 1 0 0 0 9 0 18 19 0 0 0 19 24
0 0 28 0 0 0 0 0 0 0 0 0 0 0 0 0 0 0 0 0 0 0 0 0 0 0 7 0 0 1 0 42 0 0 9 0 0 14 0 0 0
0 0 0 1 0 0 0 0 0 0 0 0 0 0 0 0 0 14 0 0 0 0 2 0 0 0 0 0 3 0 0 0 9 0 22 25 0 0 0 20 22
88 1 17 0 27 0 1 0 0 0 14 0 1 0 0 0 0 0 0 1 0 0 0 0 0 0 8 0 0 0 0 0 0 0 0 0 3 11 0 0 51
0 0 10 0 0 0 0 0 0 0 0 0 0 0 0 0 0 0 0 0 0 0 1 0 0 0 0 0 0 2 0 14 9 0 28 27 0 0 0 30 11
32 0 20 0 9 0 0 0 0 0 4 0 0 0 0 0 0 0 0 0 0 0 0 0 0 0 8 0 0 0 0 10 0 0 0 0 0 6 0 0 20
0 0 0 1 0 0 0 0 0 0 0 0 0 0 1 0 0 16 0 0 0 0 2 0 0 0 0 0 3 0 0 0 9 0 18 23 0 0 0 16 22
0 0 26 0 0 0 0 0 0 0 0 0 0 0 0 0 0 0 0 0 0 0 0 0 0 0 2 0 0 5 0 44 0 0 15 0 0 5 0 19 0
0 0 2 0 0 0 0 0 0 0 0 0 0 0 0 0 0 5 0 0 0 0 1 0 0 0 1 0 1 0 0 8 11 0 28 28 0 0 0 27 17
0 0 13 0 0 0 0 0 0 0 0 0 0 0 0 0 0 0 0 0 0 0 2 0 0 0 0 0 0 3 0 16 8 0 27 28 0 0 0 30 8
0 0 12 2 0 0 0 0 0 0 0 0 0 0 0 0 0 0 0 0 0 0 3 0 0 0 0 0 0 2 0 14 9 0 28 30 0 0 0 30 11
0 0 0 0 0 0 0 0 0 0 0 0 0 0 0 0 0 8 0 0 0 0 2 0 0 0 0 0 2 0 0 0 11 0 25 27 0 0 0 22 18
0 0 0 1 0 0 0 0 0 0 0 0 0 0 0 0 0 12 0 0 0 0 2 0 0 0 0 0 3 0 0 0 10 0 21 24 0 0 0 19 21
0 0 0 0 0 0 0 0 0 0 0 0 0 0 1 0 0 12 0 0 0 0 0 0 0 0 0 0 2 0 0 0 9 0 22 25 0 0 0 19 22
0 0 1 0 0 0 0 0 0 0 0 0 0 0 0 0 0 5 0 0 0 0 3 0 0 0 0 0 1 0 0 4 10 0 27 29 0 0 0 25 18
16 0 0 0 1 0 0 0 0 0 0 0 0 0 1 0 0 11 0 0 0 0 0 0 0 0 5 0 0 0 0 0 8 0 17 19 0 0 0 19 27
71 0 19 0 18 0 0 0 0 0 10 0 1 0 0 0 0 0 0 0 0 0 0 0 0 0 12 0 0 0 0 0 0 0 0 0 0 0 0 0 46
0 0 14 0 0 0 0 0 0 0 0 0 0 0 0 0 0 0 0 0 0 0 3 0 0 0 0 0 0 5 0 18 5 0 25 24 0 0 0 32 0
25 0 3 0 3 0 0 0 0 0 1 0 0 0 0 0 0 7 0 0 0 0 0 0 0 0 7 0 0 0 0 0 7 0 13 14 0 0 0 13 30
75 0 20 0 20 0 0 0 0 0 10 0 0 0 0 0 0 0 0 0 0 0 0 0 0 0 11 0 0 0 0 0 0 0 0 0 0 0 0 0 45
38 0 0 0 7 0 0 0 0 0 6 0 0 0 0 0 0 8 0 0 0 0 0 0 0 0 9 0 0 0 0 0 4 0 10 8 0 0 0 3 40
12 0 9 0 0 0 0 0 0 0 0 0 0 0 0 0 0 2 0 0 0 0 0 0 0 0 5 0 0 1 0 14 6 0 15 13 0 0 0 17 16
4 0 27 0 1 0 0 0 0 0 0 0 0 0 0 0 0 0 0 0 0 0 0 0 0 0 8 0 0 0 0 37 0 0 10 0 0 9 0 4 0
0 0 15 0 0 0 0 0 0 0 0 0 0 0 0 0 0 0 0 0 0 0 2 0 0 0 0 0 0 4 0 23 4 0 24 19 0 0 0 30 0
7 0 26 0 1 0 0 0 0 0 0 0 0 0 0 0 0 0 0 0 0 0 0 0 0 0 8 0 0 0 0 35 0 0 9 0 0 8 0 4 2
2 0 25 0 0 0 0 0 0 0 0 0 0 0 0 0 0 0 0 0 0 0 0 0 0 0 7 0 0 1 0 38 0 0 11 0 0 9 0 7 0
42 0 18 0 10 0 0 0 0 0 3 0 0 0 0 0 0 0 0 0 0 0 0 0 0 0 9 0 0 0 0 5 0 0 0 0 0 1 0 0 26
48 0 2 0 10 0 0 0 0 0 8 0 0 0 0 0 0 5 0 0 0 0 0 0 0 0 11 0 0 0 0 0 3 0 10 6 0 0 0 0 47
0 0 21 0 0 0 0 0 0 0 0 0 0 0 0 0 0 0 0 0 0 0 1 0 0 0 1 0 0 5 0 31 1 0 21 13 0 1 0 26 0
0 0 16 0 0 0 0 0 0 0 0 0 0 0 0 0 0 0 0 0 0 0 3 0 0 0 0 0 0 6 0 24 4 0 27 22 0 0 0 35 0
37 0 2 0 7 0 0 0 0 0 4 0 0 0 0 0 0 6 0 0 0 0 0 0 0 0 8 0 0 0 0 0 5 0 7 7 0 0 0 2 36
1 0 26 0 0 0 0 0 0 0 0 0 0 0 0 0 0 0 0 0 0 0 0 0 0 0 7 0 0 1 0 39 0 0 11 0 0 7 0 8 0
8 0 0 0 0 0 0 0 0 0 0 0 0 0 0 0 0 13 0 0 0 0 0 0 0 0 2 0 1 0 0 0 10 0 18 22 0 0 0 20 24
0 0 11 2 0 0 0 0 0 0 0 0 0 0 0 0 0 0 0 0 0 0 4 0 0 0 0 0 1 2 0 14 8 0 27 29 0 0 0 30 9
0 0 0 0 0 0 0 0 0 0 0 0 0 0 0 0 0 10 0 0 0 0 1 0 0 0 0 0 2 0 0 0 10 0 23 25 0 0 0 20 21
0 0 20 0 0 0 0 0 0 0 0 0 0 0 0 0 0 0 0 0 0 0 1 0 0 0 2 0 0 4 0 33 0 0 20 9 0 3 0 23 0
0 0 14 0 0 0 0 0 0 0 0 0 0 0 0 0 0 0 0 0 0 0 3 0 0 0 0 0 0 4 0 18 6 0 27 25 0 0 0 33 1
13 0 14 0 1 0 0 0 0 0 0 0 0 0 0 0 0 0 0 0 0 0 0 0 0 0 6 0 0 0 0 18 3 0 10 5 0 1 0 11 13
1 0 0 0 0 0 0 0 0 0 0 0 0 0 0 0 0 8 0 0 0 0 1 0 0 0 1 0 1 0 0 1 11 0 24 26 0 0 0 24 21
0 0 6 0 0 0 0 0 0 0 0 0 0 0 0 0 0 3 0 0 0 0 1 0 0 0 2 0 1 1 0 12 10 0 27 26 0 0 0 27 16
0 0 17 0 0 0 0 0 0 0 0 0 0 0 0 0 0 0 0 0 0 0 3 0 0 0 0 0 0 5 0 23 5 0 27 24 0 0 0 36 0
0 0 19 0 0 0 0 0 0 0 0 0 0 0 0 0 0 0 0 0 0 0 0 0 0 0 3 0 0 3 0 30 2 0 18 10 0 1 0 20 0
0 0 9 1 0 0 0 0 0 0 0 0 0 0 0 0 0 0 0 0 0 0 3 0 0 0 0 0 1 1 0 12 9 0 26 28 0 0 0 27 12
7 0 0 0 0 0 0 0 0 0 0 0 0 0 1 0 0 16 0 0 0 0 0 0 0 0 1 0 2 0 0 0 10 0 17 21 0 0 0 17 26
15 0 18 0 2 0 0 0 0 0 0 0 0 0 0 0 0 0 0 0 0 0 0 0 0 0 7 0 0 1 0 23 0 0 5 0 0 4 0 7 8
0 0 28 0 0 0 0 0 0 0 0 0 0 0 0 0 0 0 0 0 0 0 0 0 0 0 7 0 0 2 0 44 0 0 12 0 0 8 0 11 0
8 0 26 0 2 0 0 0 0 0 1 0 0 0 0 0 0 0 0 0 0 0 0 0 0 0 7 0 0 0 0 33 0 0 6 0 0 12 0 0 0
37 0 11 0 8 0 0 0 0 0 5 0 0 0 0 0 0 0 0 0 0 0 0 0 0 0 9 0 0 0 0 0 2 0 0 1 0 0 0 0 29
6 0 27 0 2 0 0 0 0 0 1 0 0 0 0 0 0 0 0 0 0 0 0 0 0 0 8 0 0 0 0 35 0 0 9 0 0 10 0 0 1
0 0 10 1 0 0 0 0 0 0 0 0 0 0 0 0 0 0 0 0 0 0 3 0 0 0 0 0 1 2 0 12 8 0 25 27 0 0 0 28 10
0 0 0 1 0 0 0 0 0 0 0 0 0 0 1 0 0 14 0 0 0 0 1 0 0 0 0 0 2 0 0 0 9 0 19 24 0 0 0 18 21
0 0 5 0 0 0 0 0 0 0 0 0 0 0 0 0 0 3 0 0 0 0 2 0 0 0 0 0 1 0 0 9 11 0 27 28 0 0 0 27 16
15 0 26 0 4 0 0 0 0 0 1 0 0 0 0 0 0 0 0 0 0 0 0 0 0 0 8 0 0 0 0 30 0 0 3 0 0 9 0 0 7
0 0 13 0 0 0 0 0 0 0 0 0 0 0 0 0 0 0 0 0 0 0 0 0 0 0 4 0 0 1 0 20 7 0 22 19 0 0 0 22 9
0 0 16 1 0 0 0 0 0 0 0 0 0 0 0 0 0 0 0 0 0 0 3 0 0 0 0 0 0 4 0 19 7 0 26 27 0 0 0 32 4
0 0 7 1 0 0 0 0 0 0 0 0 0 0 0 0 0 1 0 0 0 0 3 0 0 0 0 0 1 1 0 11 9 0 27 29 0 0 0 29 13
0 0 0 1 0 0 0 0 0 0 0 0 0 0 1 0 0 18 0 0 0 0 0 0 0 0 0 0 3 0 0 0 8 0 16 20 0 0 0 13 25
0 0 13 0 0 0 0 0 0 0 0 0 0 0 0 0 0 0 0 0 0 0 2 0 0 0 0 0 0 3 0 17 7 0 27 26 0 0 0 30 7
24 0 20 0 6 0 0 0 0 0 2 0 0 0 0 0 0 0 0 0 0 0 0 0 0 0 8 0 0 0 0 18 0 0 0 0 0 5 0 0 13
0 0 16 0 0 0 0 0 0 0 0 0 0 0 0 0 0 0 0 0 0 0 2 0 0 0 0 0 0 4 0 23 4 0 25 19 0 0 0 30 0
0 0 0 0 0 0 0 0 0 0 0 0 0 0 0 0 0 11 0 0 0 0 1 0 0 0 0 0 2 0 0 0 11 0 24 26 0 0 0 22 20
0 0 7 0 0 0 0 0 0 0 0 0 0 0 0 0 0 1 0 0 0 0 3 0 0 0 0 0 1 1 0 10 10 0 28 30 0 0 0 29 14
0 0 6 1 0 0 0 0 0 0 0 0 0 0 0 0 0 2 0 0 0 0 3 0 0 0 0 0 1 1 0 10 10 0 27 29 0 0 0 30 14
0 0 0 0 0 0 0 0 0 0 0 0 0 0 0 0 0 7 0 0 0 0 2 0 0 0 0 0 2 0 0 0 10 0 25 26 0 0 0 23 19
0 0 26 0 0 0 0 0 0 0 0 0 0 0 0 0 0 0 0 0 0 0 0 0 0 0 5 0 0 3 0 43 0 0 13 0 0 6 0 14 0
54 0 14 0 14 0 0 0 0 0 6 0 0 0 0 0 0 0 0 0 0 0 0 0 0 0 10 0 0 0 0 0 0 0 0 0 0 0 0 0 38
0 0 12 0 0 0 0 0 0 0 0 0 0 0 0 0 0 0 0 0 0 0 2 0 0 0 0 0 0 4 0 18 6 0 25 23 0 0 0 31 2
0 0 11 0 0 0 0 0 0 0 0 0 0 0 0 0 0 0 0 0 0 0 2 0 0 0 0 0 0 3 0 16 7 0 26 24 0 0 0 29 6
29 0 22 0 8 0 0 0 0 0 3 0 0 0 0 0 0 0 0 0 0 0 0 0 0 0 8 0 0 0 0 15 0 0 0 0 0 5 0 0 18
0 0 0 1 0 0 0 0 0 0 0 0 0 0 1 0 0 16 0 0 0 0 1 0 0 0 0 0 3 0 0 0 9 0 18 22 0 0 0 16 23
0 0 20 0 0 0 0 0 0 0 0 0 0 0 0 0 0 0 0 0 0 0 0 0 0 0 4 0 0 2 0 32 0 0 17 7 0 3 0 17 0
11 0 0 0 0 0 0 0 0 0 0 0 0 0 0 0 0 10 0 0 0 0 0 0 0 0 3 0 1 0 0 0 10 0 20 22 0 0 0 22 25
0 0 0 2 0 0 0 0 0 0 0 0 0 0 1 0 0 16 0 0 0 0 2 0 0 0 0 0 4 0 0 0 9 0 18 22 0 0 0 16 23
0 0 13 1 0 0 0 0 0 0 0 0 0 0 0 0 0 0 0 0 0 0 2 0 0 0 0 0 0 3 0 15 8 0 26 27 0 0 0 30 8
0 0 0 1 0 0 0 0 0 0 0 0 0 0 0 0 0 14 0 0 0 0 2 0 0 0 0 0 3 0 0 0 10 0 20 24 0 0 0 19 22
0 0 8 0 0 0 0 0 0 0 0 0 0 0 0 0 0 0 0 0 0 0 2 0 0 0 0 0 0 2 0 12 9 0 27 27 0 0 0 28 10
45 0 19 0 12 0 0 0 0 0 5 0 0 0 0 0 0 0 0 0 0 0 0 0 0 0 8 0 0 0 0 0 0 0 0 0 0 4 0 0 28
12 0 3 0 1 0 0 0 0 0 0 0 0 0 0 0 0 5 0 0 0 0 0 0 0 0 5 0 0 0 0 6 7 0 14 14 0 0 0 14 19
0 0 0 0 0 0 0 0 0 0 0 0 0 0 0 0 0 6 0 0 0 0 2 0 0 0 0 0 1 0 0 1 10 0 26 28 0 0 0 24 17
0 0 4 1 0 0 0 0 0 0 0 0 0 0 0 0 0 3 0 0 0 0 3 0 0 0 0 0 1 0 0 7 10 0 26 28 0 0 0 25 16
38 0 18 0 11 0 1 0 0 0 6 0 0 0 0 0 0 0 0 0 0 0 0 0 0 0 8 0 0 0 0 1 0 0 0 0 0 6 0 0 24
0 0 0 0 0 0 0 0 0 0 0 0 0 0 0 0 0 9 0 0 0 0 1 0 0 0 0 0 2 0 0 0 11 0 22 24 0 0 0 21 20
24 0 1 0 3 0 0 0 0 0 2 0 0 0 0 0 0 6 0 0 0 0 0 0 0 0 7 0 0 0 0 0 6 0 11 13 0 0 0 11 28
0 0 12 0 0 0 0 0 0 0 0 0 0 0 0 0 0 0 0 0 0 0 2 0 0 0 0 0 0 3 0 16 7 0 27 26 0 0 0 31 7
0 0 15 0 0 0 0 0 0 0 0 0 0 0 0 0 0 0 0 0 0 0 2 0 0 0 0 0 0 4 0 20 6 0 26 24 0 0 0 31 1
9 0 25 0 2 0 0 0 0 0 1 0 0 0 0 0 0 0 0 0 0 0 0 0 0 0 7 0 0 0 0 33 0 0 6 0 0 10 0 0 2
0 0 11 0 0 0 0 0 0 0 0 0 0 0 0 0 0 0 0 0 0 0 1 0 0 0 1 0 0 2 0 18 8 0 26 24 0 0 0 28 9
7 0 0 0 0 0 0 0 0 0 0 0 0 0 1 0 0 14 0 0 0 0 0 0 0 0 2 0 2 0 0 0 9 0 18 20 0 0 0 18 25
0 0 17 0 0 0 0 0 0 0 0 0 0 0 0 0 0 0 0 0 0 0 3 0 0 0 0 0 0 6 0 24 4 0 25 20 0 0 0 33 0
0 0 0 0 0 0 0 0 0 0 0 0 0 0 0 0 0 6 0 0 0 0 3 0 0 0 0 0 2 0 0 2 10 0 26 27 0 0 0 24 18
2 0 15 0 0 0 0 0 0 0 0 0 0 0 0 0 0 0 0 0 0 0 0 0 0 0 5 0 0 1 0 22 7 0 21 18 0 0 0 23 11
56 0 19 0 16 0 0 0 0 0 8 0 0 0 0 0 0 0 0 0 0 0 0 0 0 0 8 0 0 0 0 0 0 0 0 0 0 6 0 0 34
69 0 17 0 20 0 0 0 0 0 9 0 0 0 0 0 0 0 0 0 0 0 0 0 0 0 9 0 0 0 0 0 0 0 0 0 0 2 0 0 42
0 0 14 0 0 0 0 0 0 0 0 0 0 0 0 0 0 0 0 0 0 0 3 0 0 0 0 0 0 4 0 18 6 0 26 25 0 0 0 33 0
0 0 5 0 0 0 0 0 0 0 0 0 0 0 0 0 0 3 0 0 0 0 2 0 0 0 0 0 1 1 0 10 10 0 28 29 0 0 0 28 15
0 0 14 0 0 0 0 0 0 0 0 0 0 0 0 0 0 0 0 0 0 0 2 0 0 0 1 0 0 4 0 20 5 0 24 20 0 0 0 29 3
9 0 0 0 0 0 0 0 0 0 0 0 0 0 1 0 0 14 0 0 0 0 0 0 0 0 3 0 1 0 0 0 9 0 19 21 0 0 0 19 26
0 0 1 0 0 0 0 0 0 0 0 0 0 0 0 0 0 6 0 0 0 0 1 0 0 0 1 0 1 0 0 5 10 0 23 25 0 0 0 23 18
0 0 14 0 0 0 0 0 0 0 0 0 0 0 0 0 0 0 0 0 0 0 3 0 0 0 0 0 0 4 0 19 6 0 27 25 0 0 0 33 0
11 0 22 0 2 0 0 0 0 0 0 0 0 0 0 0 0 0 0 0 0 0 0 0 0 0 7 0 0 0 0 30 0 0 6 0 0 6 0 2 4
0 0 0 0 0 0 0 0 0 0 0 0 0 0 0 0 0 7 0 0 0 0 2 0 0 0 0 0 2 0 0 2 11 0 26 28 0 0 0 24 19
19 0 0 0 2 0 0 0 0 0 1 0 0 0 1 0 0 10 0 0 0 0 0 0 0 0 5 0 0 0 0 0 9 0 16 18 0 0 0 17 29
0 0 16 0 0 0 0 0 0 0 0 0 0 0 0 0 0 0 0 0 0 0 2 0 0 0 0 0 0 4 0 23 5 0 27 23 0 0 0 33 0
0 0 24 0 0 0 0 0 0 0 0 0 0 0 0 0 0 0 0 0 0 0 0 0 0 0 4 0 0 4 0 38 0 0 13 3 0 3 0 16 0
0 0 10 1 0 0 0 0 0 0 0 0 0 0 0 0 0 0 0 0 0 0 3 0 0 0 0 0 1 1 0 13 9 0 27 29 0 0 0 29 12
0 0 12 0 0 0 0 0 0 0 0 0 0 0 0 0 0 0 0 0 0 0 2 0 0 0 0 0 0 2 0 17 8 0 27 26 0 0 0 30 8
0 0 6 0 0 0 0 0 0 0 0 0 0 0 0 0 0 2 0 0 0 0 2 0 0 0 0 0 1 0 0 10 10 0 27 28 0 0 0 26 16
35 0 11 0 8 0 0 0 0 0 3 0 0 0 0 0 0 1 0 0 0 0 0 0 0 0 8 0 0 0 0 1 1 0 0 0 0 0 0 0 28
0 0 0 1 0 0 0 0 0 0 0 0 0 0 1 0 0 18 0 0 0 0 1 0 0 0 0 0 3 0 0 0 8 0 17 21 0 0 0 14 25
9 0 24 0 2 0 0 0 0 0 0 0 0 0 0 0 0 0 0 0 0 0 0 0 0 0 7 0 0 0 0 32 0 0 8 0 0 7 0 4 4
0 0 8 0 0 0 0 0 0 0 0 0 0 0 0 0 0 0 0 0 0 0 2 0 0 0 0 0 0 2 0 13 9 0 27 27 0 0 0 28 11
0 0 15 0 0 0 0 0 0 0 0 0 0 0 0 0 0 0 0 0 0 0 3 0 0 0 0 0 0 5 0 20 5 0 26 24 0 0 0 34 0
0 0 14 1 0 0 0 0 0 0 0 0 0 0 0 0 0 0 0 0 0 0 3 0 0 0 0 0 0 3 0 17 7 0 26 27 0 0 0 31 5
2 0 25 0 0 0 0 0 0 0 0 0 0 0 0 0 0 0 0 0 0 0 0 0 0 0 7 0 0 1 0 38 0 0 11 0 0 6 0 10 0
0 0 12 0 0 0 0 0 0 0 0 0 0 0 0 0 0 0 0 0 0 0 2 0 0 0 0 0 0 3 0 15 7 0 25 25 0 0 0 30 5
0 0 18 0 0 0 0 0 0 0 0 0 0 0 0 0 0 0 0 0 0 0 2 0 0 0 0 0 0 5 0 26 3 0 24 17 0 0 0 31 0
0 0 11 1 0 0 0 0 0 0 0 0 0 0 0 0 0 0 0 0 0 0 2 0 0 0 0 0 0 3 0 14 8 0 26 27 0 0 0 30 8
21 0 24 0 5 0 0 0 0 0 2 0 0 0 0 0 0 0 0 0 0 0 0 0 0 0 8 0 0 0 0 23 0 0 0 0 0 7 0 0 12
0 0 16 0 0 0 0 0 0 0 0 0 0 0 0 0 0 0 0 0 0 0 2 0 0 0 0 0 0 4 0 23 5 0 25 20 0 0 0 31 0
0 0 0 1 0 0 0 0 0 0 0 0 0 0 0 0 0 6 0 0 0 0 3 0 0 0 0 0 2 0 0 1 10 0 27 29 0 0 0 26 18
2 0 0 0 0 0 0 0 0 0 0 0 0 0 0 0 0 9 0 0 0 0 1 0 0 0 1 0 2 0 0 0 11 0 23 24 0 0 0 24 20
0 0 6 0 0 0 0 0 0 0 0 0 0 0 0 0 0 2 0 0 0 0 1 0 0 0 0 0 1 1 0 12 10 0 27 28 0 0 0 27 14
33 0 6 0 6 0 0 0 0 0 4 0 0 0 0 0 0 3 0 0 0 0 0 0 0 0 8 0 0 0 0 0 4 0 8 7 0 0 0 5 31
0 0 19 0 0 0 0 0 0 0 0 0 0 0 0 0 0 0 0 0 0 0 0 0 0 0 3 0 0 3 0 30 2 0 19 11 0 1 0 20 0
0 0 10 0 0 0 0 0 0 0 0 0 0 0 0 0 0 0 0 0 0 0 3 0 0 0 0 0 0 2 0 14 9 0 28 28 0 0 0 30 10
0 0 18 0 0 0 0 0 0 0 0 0 0 0 0 0 0 0 0 0 0 0 2 0 0 0 0 0 0 6 0 28 2 0 24 17 0 0 0 32 0
20 0 25 0 6 0 0 0 0 0 2 0 0 0 0 0 0 0 0 0 0 0 0 0 0 0 8 0 0 0 0 24 0 0 0 0 0 9 0 0 10
0 0 5 0 0 0 0 0 0 0 0 0 0 0 0 0 0 2 0 0 0 0 2 0 0 0 0 0 0 0 0 9 10 0 28 28 0 0 0 24 15
0 0 28 0 0 0 0 0 0 0 0 0 0 0 0 0 0 0 0 0 0 0 0 0 0 0 5 0 0 3 0 47 0 0 12 0 0 8 0 12 0
10 0 0 0 0 0 0 0 0 0 0 0 0 0 1 0 0 16 0 0 0 0 0 0 0 0 2 0 2 0 0 0 9 0 18 21 0 0 0 18 28
79 0 18 0 21 0 0 0 0 0 12 0 1 0 0 0 0 0 0 0 0 0 0 0 0 0 12 0 0 0 0 0 0 0 0 0 0 0 0 0 51
34 0 17 0 10 0 1 0 0 0 3 0 0 0 0 0 0 0 0 0 0 0 0 0 0 0 7 0 0 0 0 5 0 0 0 0 0 4 0 0 22
0 0 22 0 0 0 0 0 0 0 0 0 0 0 0 0 0 0 0 0 0 0 1 0 0 0 2 0 0 4 0 36 0 0 18 7 0 3 0 22 0
0 0 17 0 0 0 0 0 0 0 0 0 0 0 0 0 0 0 0 0 0 0 3 0 0 0 0 0 0 6 0 26 3 0 25 18 0 0 0 33 0
0 0 11 0 0 0 0 0 0 0 0 0 0 0 0 0 0 0 0 0 0 0 2 0 0 0 0 0 0 2 0 15 8 0 28 28 0 0 0 29 10
0 0 9 0 0 0 0 0 0 0 0 0 0 0 0 0 0 0 0 0 0 0 3 0 0 0 0 0 0 2 0 12 8 0 27 28 0 0 0 29 9
0 0 5 0 0 0 0 0 0 0 0 0 0 0 0 0 0 3 0 0 0 0 0 0 0 0 2 0 0 1 0 12 10 0 25 25 0 0 0 26 14
0 0 6 1 0 0 0 0 0 0 0 0 0 0 0 0 0 2 0 0 0 0 3 0 0 0 0 0 1 1 0 9 10 0 27 29 0 0 0 27 14
0 0 2 2 0 0 0 0 0 0 0 0 0 0 0 0 0 4 0 0 0 0 4 0 0 0 0 0 2 0 0 4 10 0 26 29 0 0 0 26 16
32 0 18 0 7 0 0 0 0 0 2 0 0 0 0 0 0 0 0 0 0 0 0 0 0 0 8 0 0 0 0 11 0 0 0 0 0 2 0 0 20
0 0 11 0 0 0 0 0 0 0 0 0 0 0 0 0 0 0 0 0 0 0 2 0 0 0 0 0 0 2 0 14 8 0 27 27 0 0 0 29 9
0 0 0 1 0 0 0 0 0 0 0 0 0 0 0 0 0 12 0 0 0 0 2 0 0 0 0 0 3 0 0 0 9 0 23 25 0 0 0 21 21
0 0 15 0 0 0 0 0 0 0 0 0 0 0 0 0 0 0 0 0 0 0 3 0 0 0 0 0 0 3 0 19 7 0 26 26 0 0 0 31 4
0 0 17 0 0 0 0 0 0 0 0 0 0 0 0 0 0 0 0 0 0 0 2 0 0 0 0 0 0 5 0 25 5 0 26 21 0 0 0 34 0
0 0 12 0 0 0 0 0 0 0 0 0 0 0 0 0 0 0 0 0 0 0 1 0 0 0 1 0 0 3 0 18 6 0 25 23 0 0 0 29 5
54 0 19 0 15 0 0 0 0 0 6 0 0 0 0 0 0 0 0 0 0 0 0 0 0 0 9 0 0 0 0 0 0 0 0 0 0 3 0 0 34
0 0 12 0 0 0 0 0 0 0 0 0 0 0 0 0 0 0 0 0 0 0 2 0 0 0 0 0 0 3 0 15 7 0 27 26 0 0 0 30 6
0 0 28 0 0 0 0 0 0 0 0 0 0 0 0 0 0 0 0 0 0 0 1 0 0 0 4 0 0 5 0 50 0 0 11 0 1 10 0 11 0
0 0 5 0 0 0 0 0 0 0 0 0 0 0 0 0 0 3 0 0 0 0 1 0 0 0 0 0 1 1 0 10 10 0 24 26 0 0 0 26 14
0 0 26 0 0 0 0 0 0 0 0 0 0 0 0 0 0 0 0 0 0 0 0 0 0 0 3 0 0 4 0 45 0 0 13 0 0 6 0 15 0
0 0 25 0 0 0 0 0 0 0 0 0 0 0 0 0 0 0 0 0 0 0 0 0 0 0 4 0 0 3 0 43 0 0 14 0 0 5 0 15 0
0 0 16 0 0 0 0 0 0 0 0 0 0 0 0 0 0 0 0 0 0 0 0 0 0 0 2 0 0 2 0 25 5 0 23 18 0 0 0 25 5
7 0 0 0 0 0 0 0 0 0 0 0 0 0 2 0 0 19 0 0 0 0 0 0 0 0 1 0 2 0 0 0 7 0 19 20 0 0 0 16 30
38 0 18 0 12 0 1 0 0 0 5 0 0 0 0 0 0 0 0 0 0 0 0 0 0 0 7 0 0 0 0 2 0 0 0 0 0 8 0 0 23
0 0 4 0 0 0 0 0 0 0 0 0 0 0 0 0 0 3 0 0 0 0 2 0 0 0 0 0 1 0 0 9 10 0 27 28 0 0 0 26 16
0 0 20 0 0 0 0 0 0 0 0 0 0 0 0 0 0 0 0 0 0 0 0 0 0 0 3 0 0 4 0 32 1 0 18 9 0 2 0 21 0
0 0 14 1 0 0 0 0 0 0 0 0 0 0 0 0 0 0 0 0 0 0 3 0 0 0 0 0 0 3 0 16 8 0 26 28 0 0 0 31 6
3 0 11 0 0 0 0 0 0 0 0 0 0 0 0 0 0 0 0 0 0 0 0 0 0 0 4 0 0 1 0 18 6 0 20 17 0 0 0 22 13
0 0 12 0 0 0 0 0 0 0 0 0 0 0 0 0 0 0 0 0 0 0 2 0 0 0 0 0 0 3 0 15 8 0 26 27 0 0 0 30 8
24 0 10 0 4 0 0 0 0 0 1 0 0 0 0 0 0 1 0 0 0 0 0 0 0 0 7 0 0 0 0 7 4 0 6 4 0 0 0 5 22
0 0 25 0 0 0 0 0 0 0 0 0 0 0 0 0 0 0 0 0 0 0 0 0 0 0 4 0 0 4 0 41 0 0 14 0 0 5 0 16 0
15 0 20 0 2 0 0 0 0 0 0 0 0 0 0 0 0 0 0 0 0 0 0 0 0 0 7 0 0 0 0 24 0 0 8 1 0 3 0 7 11
0 0 27 0 0 0 0 0 0 0 0 0 0 0 0 0 0 0 0 0 0 0 0 0 0 0 5 0 0 3 0 45 0 0 11 0 0 7 0 11 0
0 0 17 0 0 0 0 0 0 0 0 0 0 0 0 0 0 0 0 0 0 0 1 0 0 0 1 0 0 5 0 28 2 0 22 15 0 1 0 28 0
0 0 10 1 0 0 0 0 0 0 0 0 0 0 0 0 0 0 0 0 0 0 3 0 0 0 0 0 0 1 0 12 9 0 27 29 0 0 0 27 12
0 0 14 0 0 0 0 0 0 0 0 0 0 0 0 0 0 0 0 0 0 0 3 0 0 0 0 0 0 4 0 17 7 0 27 27 0 0 0 34 3
0 0 14 1 0 0 0 0 0 0 0 0 0 0 0 0 0 0 0 0 0 0 3 0 0 0 0 0 0 3 0 17 7 0 26 27 0 0 0 32 6
58 0 15 0 16 0 0 0 0 0 7 0 0 0 0 0 0 0 0 0 0 0 0 0 0 0 9 0 0 0 0 0 0 0 0 0 0 1 0 0 37
0 0 0 0 0 0 0 0 0 0 0 0 0 0 0 0 0 7 0 0 0 0 2 0 0 0 0 0 2 0 0 0 10 0 25 26 0 0 0 22 19
0 0 25 0 0 0 0 0 0 0 0 0 0 0 0 0 0 0 0 0 0 0 0 0 0 0 3 0 0 4 0 43 0 0 13 0 0 6 0 16 0
38 0 12 0 9 0 0 0 0 0 3 0 0 0 0 0 0 0 0 0 0 0 0 0 0 0 8 0 0 0 0 1 0 0 0 0 0 0 0 0 27
0 0 27 0 0 0 0 0 0 0 0 0 0 0 0 0 0 0 0 0 0 0 0 0 0 0 7 0 0 2 0 41 0 0 12 0 0 6 0 11 0
0 0 3 0 0 0 0 0 0 0 0 0 0 0 0 0 0 4 0 0 0 0 1 0 0 0 0 0 1 0 0 8 11 0 28 29 0 0 0 27 17
0 0 0 1 0 0 0 0 0 0 0 0 0 0 1 0 0 18 0 0 0 0 0 0 0 0 0 0 3 0 0 0 8 0 17 20 0 0 0 15 25
0 0 22 0 0 0 0 0 0 0 0 0 0 0 0 0 0 0 0 0 0 0 0 0 0 0 3 0 0 4 0 38 0 0 17 5 0 3 0 21 0
0 0 22 0 0 0 0 0 0 0 0 0 0 0 0 0 0 0 0 0 0 0 1 0 0 0 1 0 0 5 0 37 0 0 18 5 0 3 0 22 0
0 0 18 0 0 0 0 0 0 0 0 0 0 0 0 0 0 0 0 0 0 0 2 0 0 0 0 0 0 4 0 26 3 0 24 18 0 0 0 30 0
0 0 14 0 0 0 0 0 0 0 0 0 0 0 0 0 0 0 0 0 0 0 2 0 0 0 0 0 0 4 0 17 7 0 26 26 0 0 0 32 5
0 0 15 0 0 0 0 0 0 0 0 0 0 0 0 0 0 0 0 0 0 0 2 0 0 0 0 0 0 5 0 21 5 0 26 23 0 0 0 32 0
7 0 0 0 0 0 0 0 0 0 0 0 0 0 1 0 0 18 0 0 0 0 0 0 0 0 1 0 2 0 0 0 8 0 16 19 0 0 0 15 27
0 0 28 0 0 0 0 0 0 0 1 0 0 0 0 0 0 0 0 0 0 0 0 0 0 0 7 0 0 0 0 40 0 0 9 0 0 12 0 0 0
47 0 5 0 10 0 0 0 0 0 7 0 0 0 0 0 0 3 0 0 0 0 0 0 0 0 10 0 0 0 0 0 2 0 0 0 0 0 0 0 41
8 0 0 0 0 0 0 0 0 0 0 0 0 0 0 0 0 11 0 0 0 0 0 0 0 0 3 0 0 0 0 0 9 0 19 21 0 0 0 20 23
29 0 0 0 5 0 0 0 0 0 4 0 0 0 0 0 0 9 0 0 0 0 0 0 0 0 7 0 0 0 0 0 6 0 10 12 0 0 0 7 34
0 0 27 0 0 0 0 0 0 0 0 0 0 0 0 0 0 0 0 0 0 0 0 0 0 0 7 0 0 1 0 41 0 0 12 0 0 7 0 11 0
0 0 0 3 0 0 0 0 0 0 0 0 0 0 0 0 0 15 0 0 0 0 3 0 0 1 0 0 4 0 0 0 8 0 18 22 0 0 0 17 22
0 0 10 1 0 0 0 0 0 0 0 0 0 0 0 0 0 0 0 0 0 0 3 0 0 0 0 0 0 2 0 12 9 0 27 30 0 0 0 28 10
0 0 12 0 0 0 0 0 0 0 0 0 0 0 0 0 0 0 0 0 0 0 2 0 0 0 0 0 0 3 0 15 8 0 25 26 0 0 0 29 8
9 0 0 0 0 0 0 0 0 0 0 0 0 0 1 0 0 18 0 0 0 0 0 0 0 0 2 0 1 0 0 0 9 0 16 21 0 0 0 17 28
0 0 17 0 0 0 0 0 0 0 0 0 0 0 0 0 0 0 0 0 0 0 2 0 0 0 0 0 0 5 0 28 2 0 24 16 0 1 0 30 0
0 0 26 0 0 0 0 0 0 0 0 0 0 0 0 0 0 0 0 0 0 0 0 0 0 0 5 0 0 3 0 47 0 0 11 0 1 12 0 9 0
95 0 21 0 26 0 0 0 0 0 13 0 1 0 0 0 0 0 0 0 0 0 0 0 0 0 12 1 0 0 0 0 0 0 0 0 0 1 0 0 56
0 0 14 0 0 0 0 0 0 0 0 0 0 0 0 0 0 0 0 0 0 0 2 0 0 0 0 0 0 4 0 19 6 0 28 25 0 0 0 33 1
0 0 7 2 0 0 0 0 0 0 0 0 0 0 0 0 0 1 0 0 0 0 3 0 0 0 0 0 1 1 0 10 9 0 27 28 0 0 0 27 13
0 0 6 0 0 0 0 0 0 0 0 0 0 0 0 0 0 2 0 0 0 0 3 0 0 0 0 0 1 1 0 9 10 0 30 31 0 0 0 29 15
0 0 16 2 0 0 0 0 0 0 0 0 0 0 0 0 0 0 0 0 0 0 3 0 0 0 0 0 0 3 0 18 8 0 26 29 0 0 0 33 7
