9 0 31 0 0 0 0 0 0 0 0 0 0 0 0 0 0 0 0 0 0 0 0 0 0 0 0 0 0 0 0 39 0 1 36 33 0 0 0 50 0
5 0 27 0 0 0 0 0 0 0 0 0 0 0 0 0 0 0 0 0 0 0 0 0 0 0 0 0 0 0 0 33 0 0 37 33 0 0 0 44 0
0 0 29 0 0 0 0 0 0 0 0 0 0 0 0 0 0 0 0 0 0 0 12 0 0 0 0 0 0 0 0 43 0 0 21 30 0 2 0 39 0
5 0 37 0 0 0 0 0 0 0 0 0 0 0 0 0 0 0 0 0 0 0 0 0 0 0 0 0 0 0 0 48 0 0 30 28 0 0 0 54 0
6 0 23 0 0 0 0 0 0 0 0 0 0 0 0 0 0 0 0 0 0 0 0 0 0 0 0 0 0 0 0 24 0 1 43 40 0 0 0 40 2
2 0 11 0 0 0 0 0 0 0 0 0 0 0 0 0 0 0 0 0 0 0 0 0 0 0 0 3 0 0 0 16 0 0 40 39 0 0 0 32 4
3 0 11 0 0 0 0 0 0 0 0 0 0 0 0 0 0 0 0 0 0 0 0 0 0 0 0 2 0 0 0 16 0 0 38 37 0 0 0 31 4
2 0 12 0 0 0 0 0 0 0 0 0 0 0 0 0 0 0 0 0 0 0 0 0 0 0 0 2 0 0 0 18 0 0 38 37 0 0 0 31 3
0 0 30 0 0 0 0 0 0 0 0 0 0 0 0 0 0 0 0 0 0 0 28 0 0 0 1 0 0 0 0 41 5 0 8 15 0 11 0 11 0
3 0 12 0 0 0 0 0 0 0 0 0 0 0 0 0 0 0 0 0 0 0 0 0 0 0 0 3 0 0 0 17 0 0 39 40 0 0 0 33 4
0 0 21 0 0 0 0 0 0 0 0 0 0 0 0 0 0 0 0 0 0 0 34 0 0 0 8 0 0 0 0 38 11 0 9 0 0 10 0 0 2
0 0 10 2 0 0 0 0 0 0 0 0 0 0 0 0 0 0 0 0 0 0 2 0 0 0 0 0 0 0 0 19 0 0 31 32 0 0 0 28 4
0 0 33 0 0 0 0 0 0 0 0 0 0 0 0 0 0 0 0 0 0 0 29 0 0 0 0 0 0 0 0 44 5 0 8 15 0 11 1 13 0
0 0 16 4 0 0 0 0 0 0 0 0 0 0 0 0 0 0 0 0 0 0 28 0 1 0 4 0 0 0 0 32 6 0 8 0 0 11 0 0 0
0 0 23 0 0 0 0 0 0 0 0 0 0 0 0 0 0 0 0 0 0 0 32 0 0 0 6 0 0 0 0 35 9 1 7 0 0 10 0 0 0
0 0 20 0 0 0 0 0 0 0 0 0 0 0 0 0 0 0 0 0 0 0 10 0 0 0 0 0 0 0 0 33 0 0 26 30 0 2 0 33 1
4 0 39 0 0 0 0 0 0 0 0 0 0 0 0 0 0 0 0 0 0 0 0 0 0 0 0 0 0 1 0 52 0 0 25 28 0 0 0 54 0
3 0 17 0 0 0 0 0 0 0 0 0 0 0 0 0 0 0 0 0 0 0 0 0 0 0 0 0 0 0 0 22 0 0 37 37 0 0 0 36 2
4 0 21 0 0 0 0 0 0 0 0 0 0 0 0 0 0 0 0 0 0 0 0 0 0 0 0 0 0 0 0 25 0 0 37 35 0 0 0 40 0
3 0 11 0 0 0 0 0 0 0 0 0 0 0 0 0 0 0 0 0 0 0 0 0 0 0 0 2 0 0 0 17 0 0 38 37 0 0 0 31 4
0 0 58 0 0 0 0 0 0 0 0 0 0 0 0 0 0 0 0 0 0 0 8 0 0 0 0 0 1 7 0 80 0 0 8 32 0 0 1 68 0
2 0 12 0 0 0 0 0 0 0 0 0 0 0 0 0 0 0 0 0 0 0 0 0 0 0 0 7 0 0 0 14 0 0 46 47 0 0 0 34 6
3 0 25 0 0 0 0 0 0 0 0 0 0 0 0 0 0 0 0 0 0 0 0 0 0 0 0 0 0 0 0 29 0 0 38 34 0 0 0 42 0
2 0 10 1 0 0 0 0 0 0 0 0 0 0 0 0 0 0 0 0 0 0 0 0 0 0 0 1 0 0 0 17 0 0 36 37 0 0 0 30 4
3 0 10 0 0 0 0 0 0 0 0 0 0 0 0 0 0 0 0 0 0 0 0 0 0 0 0 2 0 0 0 15 0 0 40 39 0 0 0 31 5
0 0 31 0 0 0 0 0 0 0 0 0 0 0 0 0 0 0 0 0 0 0 31 0 0 0 2 0 0 0 0 41 6 0 8 11 0 11 1 5 0
0 0 36 0 0 0 0 0 0 0 0 0 0 0 0 0 0 0 0 0 0 0 32 0 0 0 2 0 0 0 0 46 7 0 4 3 0 12 1 0 0
0 0 20 2 0 0 0 0 0 0 0 0 0 0 0 0 0 0 0 0 0 0 30 0 0 0 5 0 0 0 0 34 8 0 7 0 0 10 0 0 0
0 0 22 0 0 0 0 0 0 0 0 0 0 0 0 0 0 0 0 0 0 0 33 0 0 0 6 0 0 0 0 35 10 0 8 0 0 10 0 0 1
5 0 17 0 0 0 0 0 0 0 0 0 0 0 0 0 0 0 0 0 0 0 0 0 0 0 0 2 0 0 0 19 0 0 39 40 0 0 0 36 3
0 0 18 4 0 0 0 0 0 0 0 0 0 0 0 0 0 0 0 0 0 0 26 0 1 0 2 0 0 0 0 31 4 0 8 15 0 11 0 2 1
0 0 15 4 0 0 0 0 0 0 0 0 0 0 0 0 0 0 0 0 0 0 22 0 1 0 0 0 0 0 0 28 1 0 12 22 0 10 0 13 3
6 0 22 0 0 0 0 0 0 0 0 0 0 0 0 0 0 0 0 0 0 0 0 0 0 0 0 0 0 0 0 23 0 1 41 39 0 0 0 39 2
0 0 15 3 0 0 0 0 0 0 0 0 0 0 0 0 0 0 0 0 0 0 22 0 1 0 0 0 0 0 0 29 2 0 12 20 0 10 0 11 2
0 0 22 0 0 0 0 0 0 0 0 0 0 0 0 0 0 0 0 0 0 0 32 0 0 0 5 0 0 0 0 34 9 1 7 0 0 10 0 0 0
0 0 17 3 0 0 0 0 0 0 0 0 0 0 0 0 0 0 0 0 0 0 28 0 1 0 4 0 0 0 0 31 6 0 7 5 0 11 0 0 0
2 0 21 0 0 0 0 0 0 0 0 0 0 0 0 0 0 0 0 0 0 0 0 0 0 0 0 0 0 0 0 26 0 0 36 33 0 0 0 39 0
7 0 31 0 0 0 0 0 0 0 0 0 0 0 0 0 0 0 0 0 0 0 0 0 0 0 0 0 0 0 0 39 0 0 35 31 0 0 0 50 0
2 0 10 1 0 0 0 0 0 0 0 0 0 0 0 0 0 0 0 0 0 0 0 0 0 0 0 0 0 0 0 18 0 0 34 34 0 0 0 30 3
0 0 24 0 0 0 0 0 0 0 0 0 0 0 0 0 0 0 0 0 0 0 17 0 0 0 0 0 0 0 0 38 0 0 20 29 0 5 0 32 0
0 0 20 1 0 0 0 0 0 0 0 0 0 0 0 0 0 0 0 0 0 0 31 0 0 0 7 0 0 0 0 36 10 0 9 0 0 10 0 0 2
1 0 29 0 0 0 0 0 0 0 0 0 0 0 0 0 0 0 0 0 0 0 0 0 0 0 0 0 0 0 0 39 0 0 30 30 0 0 0 44 0
0 0 22 0 0 0 0 0 0 0 0 0 0 0 0 0 0 0 0 0 0 0 33 0 0 0 7 0 0 0 0 37 11 0 8 0 0 10 0 0 2
5 0 30 0 0 0 0 0 0 0 0 0 0 0 0 0 0 0 0 0 0 0 0 0 0 0 0 0 0 0 0 38 0 0 35 32 0 0 0 48 0
5 0 20 0 0 0 0 0 0 0 0 0 0 0 0 0 0 0 0 0 0 0 0 0 0 0 0 1 0 0 0 22 0 0 43 41 0 0 0 38 3
0 0 14 0 0 0 0 0 0 0 0 0 0 0 0 0 0 0 0 0 0 0 6 0 0 0 0 0 0 0 0 25 0 0 30 32 0 2 0 30 4
0 0 16 4 0 0 0 0 0 0 0 0 0 0 0 0 0 0 0 0 0 0 27 0 1 0 4 0 0 0 0 30 5 0 7 6 0 11 0 0 0
4 0 48 0 0 0 0 0 0 0 0 0 0 0 0 0 0 0 0 0 0 0 0 0 0 0 0 0 0 3 0 65 0 0 18 27 0 0 0 63 0
3 0 12 0 0 0 0 0 0 0 0 0 0 0 0 0 0 0 0 0 0 0 0 0 0 0 0 3 0 0 0 17 0 0 40 41 0 0 0 33 4
3 0 18 0 0 0 0 0 0 0 0 0 0 0 0 0 0 0 0 0 0 0 0 0 0 0 0 0 0 0 0 22 0 0 38 36 0 0 0 36 2
0 0 11 2 0 0 0 0 0 0 0 0 0 0 0 0 0 0 0 0 0 0 11 0 0 0 0 0 0 0 0 25 0 0 24 29 0 5 0 25 4
0 0 15 2 0 0 0 0 0 0 0 0 0 0 0 0 0 0 0 0 0 0 19 0 0 0 0 0 0 0 0 28 1 0 14 24 0 7 0 19 1
0 0 15 4 0 0 0 0 0 0 0 0 0 0 0 0 0 0 0 0 0 0 22 0 1 0 0 0 0 0 0 28 2 0 12 20 0 10 0 11 2
0 0 23 0 0 0 0 0 0 0 0 0 0 0 0 0 0 0 0 0 0 0 31 0 0 0 5 0 0 0 0 34 8 1 7 0 0 10 0 0 0
0 0 20 1 0 0 0 0 0 0 0 0 0 0 0 0 0 0 0 0 0 0 17 0 0 0 0 0 0 0 0 35 0 0 19 29 0 6 0 30 0
0 0 15 3 0 0 0 0 0 0 0 0 0 0 0 0 0 0 0 0 0 0 21 0 1 0 0 0 0 0 0 28 1 0 13 24 0 9 0 16 2
4 0 43 0 0 0 0 0 0 0 0 0 0 0 0 0 0 0 0 0 0 0 0 0 0 0 0 0 0 2 0 57 0 0 22 28 0 0 0 57 0
7 0 32 0 0 0 0 0 0 0 0 0 0 0 0 0 0 0 0 0 0 0 0 0 0 0 0 0 0 0 0 40 0 0 34 30 0 0 0 50 0
4 0 17 0 0 0 0 0 0 0 0 0 0 0 0 0 0 0 0 0 0 0 0 0 0 0 0 0 0 0 0 22 0 0 37 38 0 0 0 36 2
0 0 22 2 0 0 0 0 0 0 0 0 0 0 0 0 0 0 0 0 0 0 28 0 0 0 3 0 0 0 0 33 6 0 8 12 0 10 0 1 0
0 0 21 0 0 0 0 0 0 0 0 0 0 0 0 0 0 0 0 0 0 0 32 0 0 0 6 0 0 0 0 34 9 1 7 0 0 10 0 0 0
0 0 18 3 0 0 0 0 0 0 0 0 0 0 0 0 0 0 0 0 0 0 27 0 2 0 2 0 0 0 0 30 4 0 8 13 0 11 0 1 0
4 0 12 0 0 0 0 0 0 0 0 0 0 0 0 0 0 0 0 0 0 0 0 0 0 0 0 3 0 0 0 16 0 0 42 41 0 0 0 32 5
3 0 23 0 0 0 0 0 0 0 0 0 0 0 0 0 0 0 0 0 0 0 0 0 0 0 0 0 0 0 0 27 0 0 38 35 0 0 0 41 0
0 0 11 2 0 0 0 0 0 0 0 0 0 0 0 0 0 0 0 0 0 0 9 0 0 0 0 0 0 0 0 24 0 0 27 30 0 4 0 26 4
0 0 31 0 0 0 0 0 0 0 0 0 0 0 0 0 0 0 0 0 0 0 0 0 0 0 0 0 0 0 0 42 0 0 28 29 0 0 0 44 0
6 0 22 0 0 0 0 0 0 0 0 0 0 0 0 0 0 0 0 0 0 0 0 0 0 0 0 0 0 0 0 25 0 0 40 38 0 0 0 39 1
0 0 9 3 0 0 0 0 0 0 0 0 0 0 0 0 0 0 0 0 0 0 3 0 0 0 0 0 0 0 0 19 0 0 31 34 0 1 0 28 3
0 0 18 1 0 0 0 0 0 0 0 0 0 0 0 0 0 0 0 0 0 0 19 0 0 0 0 0 0 0 0 33 0 0 17 26 0 7 0 23 0
6 0 19 0 0 0 0 0 0 0 0 0 0 0 0 0 0 0 0 0 0 0 0 0 0 0 0 1 0 0 0 21 0 0 43 42 0 0 0 38 3
5 0 20 0 0 0 0 0 0 0 0 0 0 0 0 0 0 0 0 0 0 0 0 0 0 0 0 0 0 0 0 21 0 0 43 41 0 0 0 38 3
1 0 9 2 0 0 0 0 0 0 0 0 0 0 0 0 0 0 0 0 0 0 3 0 0 0 0 0 0 0 0 19 0 0 31 32 0 1 0 28 4
1 0 30 0 0 0 0 0 0 0 0 0 0 0 0 0 0 0 0 0 0 0 0 0 0 0 0 0 0 0 0 41 0 0 30 31 0 0 0 44 0
0 0 15 3 0 0 0 0 0 0 0 0 0 0 0 0 0 0 0 0 0 0 21 0 1 0 0 0 0 0 0 28 2 0 13 20 0 9 0 11 2
9 0 33 0 0 0 0 0 0 0 0 0 0 0 0 0 0 0 0 0 0 0 0 0 0 0 0 0 0 0 0 43 0 1 33 29 0 0 0 51 0
0 0 10 1 0 0 0 0 0 0 0 0 0 0 0 0 0 0 0 0 0 0 4 0 0 0 0 0 0 0 0 21 0 0 30 31 0 1 0 28 4
3 0 19 0 0 0 0 0 0 0 0 0 0 0 0 0 0 0 0 0 0 0 0 0 0 0 0 0 0 0 0 23 0 0 39 37 0 0 0 37 2
0 0 21 1 0 0 0 0 0 0 0 0 0 0 0 0 0 0 0 0 0 0 30 0 0 0 5 0 0 0 0 33 7 0 7 2 0 10 0 0 0
2 0 9 1 0 0 0 0 0 0 0 0 0 0 0 0 0 0 0 0 0 0 0 0 0 0 0 3 0 0 0 16 0 0 39 40 0 0 0 30 5
0 0 37 0 0 0 0 0 0 0 0 0 0 0 0 0 0 0 0 0 0 0 19 0 0 0 0 0 0 1 0 52 1 0 13 28 0 5 0 38 0
3 0 39 0 0 0 0 0 0 0 0 0 0 0 0 0 0 0 0 0 0 0 0 0 0 0 0 0 0 1 0 52 0 0 25 28 0 0 0 52 0
0 0 23 0 0 0 0 0 0 0 0 0 0 0 0 0 0 0 0 0 0 0 17 0 0 0 0 0 0 0 0 38 0 0 18 29 0 5 0 33 0
4 0 13 0 0 0 0 0 0 0 0 0 0 0 0 0 0 0 0 0 0 0 0 0 0 0 0 6 0 0 0 14 0 0 47 46 0 0 0 35 6
0 0 16 3 0 0 0 0 0 0 0 0 0 0 0 0 0 0 0 0 0 0 23 0 1 0 1 0 0 0 0 30 3 0 11 20 0 9 0 11 1
4 0 27 0 0 0 0 0 0 0 0 0 0 0 0 0 0 0 0 0 0 0 0 0 0 0 0 0 0 0 0 35 0 0 34 31 0 0 0 44 0
0 0 15 0 0 0 0 0 0 0 0 0 0 0 0 0 0 0 0 0 0 0 0 0 0 0 0 0 0 0 0 22 0 0 35 35 0 0 0 34 3
0 0 23 0 0 0 0 0 0 0 0 0 0 0 0 0 0 0 0 0 0 0 33 0 0 0 7 0 0 0 0 38 11 0 8 0 0 9 0 0 1
5 0 15 0 0 0 0 0 0 0 0 0 0 0 0 0 0 0 0 0 0 0 0 0 0 0 0 5 0 0 0 15 0 0 46 45 0 0 0 36 6
5 0 14 0 0 0 0 0 0 0 0 0 0 0 0 0 0 0 0 0 0 0 0 0 0 0 0 6 0 0 0 14 0 0 49 48 0 0 0 36 7
6 0 30 0 0 0 0 0 0 0 0 0 0 0 0 0 0 0 0 0 0 0 0 0 0 0 0 0 0 0 0 40 0 0 33 30 0 0 0 48 0
5 0 14 0 0 0 0 0 0 0 0 0 0 0 0 0 0 0 0 0 0 0 0 0 0 0 0 3 0 0 0 18 0 0 40 41 0 0 0 34 3
0 0 21 2 0 0 0 0 0 0 0 0 0 0 0 0 0 0 0 0 0 0 27 0 0 0 1 0 0 0 0 33 4 0 9 18 0 10 0 11 0
0 0 33 0 0 0 0 0 0 0 0 0 0 0 0 0 0 0 0 0 0 0 11 0 0 0 0 0 0 1 0 48 0 0 18 28 0 1 0 41 0
5 0 34 0 0 0 0 0 0 0 0 0 0 0 0 0 0 0 0 0 0 0 0 0 0 0 0 0 0 0 0 43 0 0 33 30 0 0 0 51 0
0 0 16 3 0 0 0 0 0 0 0 0 0 0 0 0 0 0 0 0 0 0 24 0 1 0 1 0 0 0 0 29 3 0 9 21 0 10 0 11 0
7 0 33 0 0 0 0 0 0 0 0 0 0 0 0 0 0 0 0 0 0 0 0 0 0 0 0 0 0 0 0 41 0 0 35 31 0 0 0 51 0
6 0 24 0 0 0 0 0 0 0 0 0 0 0 0 0 0 0 0 0 0 0 0 0 0 0 0 0 0 0 0 28 0 0 39 36 0 0 0 41 0
0 0 20 0 0 0 0 0 0 0 0 0 0 0 0 0 0 0 0 0 0 0 34 0 0 0 9 0 0 0 0 39 12 0 9 0 0 10 0 0 4
0 0 22 0 0 0 0 0 0 0 0 0 0 0 0 0 0 0 0 0 0 0 31 0 0 0 5 0 0 0 0 35 8 0 7 0 0 10 0 0 0
6 0 27 0 0 0 0 0 0 0 0 0 0 0 0 0 0 0 0 0 0 0 0 0 0 0 0 0 0 0 0 30 0 0 41 37 0 0 0 44 0
0 0 21 2 0 0 0 0 0 0 0 0 0 0 0 0 0 0 0 0 0 0 26 0 0 0 1 0 0 0 0 33 3 0 9 21 0 10 0 13 0
0 0 20 2 0 0 0 0 0 0 0 0 0 0 0 0 0 0 0 0 0 0 30 0 1 0 4 0 0 0 0 31 7 0 8 6 0 10 0 0 0
2 0 11 1 0 0 0 0 0 0 0 0 0 0 0 0 0 0 0 0 0 0 0 0 0 0 0 1 0 0 0 17 0 0 35 35 0 0 0 30 3
0 0 14 2 0 0 0 0 0 0 0 0 0 0 0 0 0 0 0 0 0 0 15 0 0 0 0 0 0 0 0 28 0 0 20 29 0 6 0 25 2
2 0 31 0 0 0 0 0 0 0 0 0 0 0 0 0 0 0 0 0 0 0 0 0 0 0 0 0 0 0 0 40 0 0 31 30 0 0 0 47 0
3 0 10 1 0 0 0 0 0 0 0 0 0 0 0 0 0 0 0 0 0 0 0 0 0 0 0 3 0 0 0 16 0 0 38 40 0 0 0 32 4
4 0 13 0 0 0 0 0 0 0 0 0 0 0 0 0 0 0 0 0 0 0 0 0 0 0 0 3 0 0 0 17 0 0 41 41 0 0 0 34 3
3 0 12 0 0 0 0 0 0 0 0 0 0 0 0 0 0 0 0 0 0 0 0 0 0 0 0 2 0 0 0 17 0 0 38 38 0 0 0 32 4
0 0 32 0 0 0 0 0 0 0 0 0 0 0 0 0 0 0 0 0 0 0 22 0 0 0 0 0 0 0 0 45 1 0 13 26 0 6 0 32 0
0 0 17 3 0 0 0 0 0 0 0 0 0 0 0 0 0 0 0 0 0 0 30 0 0 0 7 0 0 0 0 35 8 0 8 0 0 11 0 0 1
0 0 20 1 0 0 0 0 0 0 0 0 0 0 0 0 0 0 0 0 0 0 30 0 0 0 5 0 0 0 0 33 7 0 7 2 0 10 0 0 0
0 0 13 5 0 0 0 0 0 0 0 0 0 0 0 0 0 0 0 0 0 0 22 0 2 0 0 0 0 0 0 26 2 0 10 15 0 11 0 4 3
3 0 19 0 0 0 0 0 0 0 0 0 0 0 0 0 0 0 0 0 0 0 0 0 0 0 0 0 0 0 0 23 0 0 38 35 0 0 0 37 2
7 0 30 0 0 0 0 0 0 0 0 0 0 0 0 0 0 0 0 0 0 0 0 0 0 0 0 0 0 0 0 37 0 0 37 33 0 0 0 48 0
8 0 30 0 0 0 0 0 0 0 0 0 0 0 0 0 0 0 0 0 0 0 0 0 0 0 0 0 0 0 0 38 0 0 38 33 0 0 0 49 0
0 0 32 0 0 0 0 0 0 0 0 0 0 0 0 0 0 0 0 0 0 0 32 0 0 0 2 0 0 0 0 42 7 0 7 8 0 12 1 2 0
3 0 26 0 0 0 0 0 0 0 0 0 0 0 0 0 0 0 0 0 0 0 0 0 0 0 0 0 0 0 0 31 0 0 37 33 0 0 0 42 0
4 0 14 0 0 0 0 0 0 0 0 0 0 0 0 0 0 0 0 0 0 0 0 0 0 0 0 4 0 0 0 17 0 0 43 43 0 0 0 34 5
0 0 37 0 0 0 0 0 0 0 0 0 0 0 0 0 0 0 0 0 0 0 13 0 0 0 0 0 0 2 0 54 0 0 15 29 0 1 0 45 0
5 0 19 0 0 0 0 0 0 0 0 0 0 0 0 0 0 0 0 0 0 0 0 0 0 0 0 2 0 0 0 20 0 1 43 41 0 0 0 36 4
0 0 16 0 0 0 0 0 0 0 0 0 0 0 0 0 0 0 0 0 0 0 5 0 0 0 0 0 0 0 0 27 0 0 32 32 0 1 0 32 4
0 0 20 1 0 0 0 0 0 0 0 0 0 0 0 0 0 0 0 0 0 0 30 0 0 0 5 0 0 0 0 33 8 0 8 0 0 10 0 0 0
0 0 16 4 0 0 0 0 0 0 0 0 0 0 0 0 0 0 0 0 0 0 23 0 1 0 1 0 0 0 0 29 3 0 10 17 0 10 0 7 3
1 0 26 0 0 0 0 0 0 0 0 0 0 0 0 0 0 0 0 0 0 0 0 0 0 0 0 0 0 0 0 34 0 0 33 30 0 0 0 43 0
0 0 12 3 0 0 0 0 0 0 0 0 0 0 0 0 0 0 0 0 0 0 16 0 1 0 0 0 0 0 0 26 0 0 19 26 0 7 0 20 3
0 0 13 3 0 0 0 0 0 0 0 0 0 0 0 0 0 0 0 0 0 0 16 0 0 0 0 0 0 0 0 26 0 0 17 25 0 7 0 19 3
0 0 25 1 0 0 0 0 0 0 0 0 0 0 0 0 0 0 0 0 0 0 24 0 0 0 0 0 0 0 0 37 2 0 13 22 0 8 0 20 0
6 0 49 0 0 0 0 0 0 0 0 0 0 0 0 0 0 0 0 0 0 0 0 0 0 0 0 0 0 4 0 66 0 0 17 26 0 0 0 68 0
0 0 22 0 0 0 0 0 0 0 0 0 0 0 0 0 0 0 0 0 0 0 34 0 0 0 7 0 0 0 0 38 11 1 9 0 0 9 0 0 2
0 0 14 3 0 0 0 0 0 0 0 0 0 0 0 0 0 0 0 0 0 0 18 0 0 0 0 0 0 0 0 27 0 0 14 24 0 8 0 17 2
11 0 47 0 0 0 0 0 0 0 0 0 0 0 0 0 0 0 0 0 0 0 0 0 0 0 0 0 0 2 0 64 0 2 24 25 0 0 0 71 0
4 0 16 0 0 0 0 0 0 0 0 0 0 0 0 0 0 0 0 0 0 0 0 0 0 0 0 2 0 0 0 20 0 0 39 40 0 0 0 35 3
2 0 9 2 0 0 0 0 0 0 0 0 0 0 0 0 0 0 0 0 0 0 1 0 0 0 0 0 0 0 0 17 0 0 32 34 0 0 0 29 3
3 0 9 2 0 0 0 0 0 0 0 0 0 0 0 0 0 0 0 0 0 0 0 0 0 0 0 0 0 0 0 17 0 0 33 35 0 0 0 29 3
0 0 14 0 0 0 0 0 0 0 0 0 0 0 0 0 0 0 0 0 0 0 1 0 0 0 0 0 0 0 0 22 0 0 34 32 0 0 0 31 4
6 0 16 0 0 0 0 0 0 0 0 0 0 0 0 0 0 0 0 0 0 0 0 0 0 0 0 4 0 0 0 16 0 0 44 44 0 0 0 36 5
0 0 15 0 0 0 0 0 0 0 0 0 0 0 0 0 0 0 0 0 0 0 6 0 0 0 0 0 0 0 0 26 0 0 30 32 0 2 0 30 4
0 0 36 0 0 0 0 0 0 0 0 0 0 0 0 0 0 0 0 0 0 0 25 0 0 0 0 0 0 1 0 49 3 0 8 21 0 8 1 27 0
0 0 29 0 0 0 0 0 0 0 0 0 0 0 0 0 0 0 0 0 0 0 10 0 0 0 0 0 0 0 0 44 0 0 22 30 0 1 0 39 0
6 0 22 0 0 0 0 0 0 0 0 0 0 0 0 0 0 0 0 0 0 0 0 0 0 0 0 0 0 0 0 25 0 0 40 38 0 0 0 40 1
6 0 22 0 0 0 0 0 0 0 0 0 0 0 0 0 0 0 0 0 0 0 0 0 0 0 0 0 0 0 0 25 0 0 39 38 0 0 0 39 0
8 0 43 0 0 0 0 0 0 0 0 0 0 0 0 0 0 0 0 0 0 0 0 0 0 0 0 0 0 2 0 57 0 0 26 26 0 0 0 63 0
5 0 14 0 0 0 0 0 0 0 0 0 0 0 0 0 0 0 0 0 0 0 0 0 0 0 0 3 0 0 0 18 0 0 42 42 0 0 0 35 4
0 0 26 0 0 0 0 0 0 0 0 0 0 0 0 0 0 0 0 0 0 0 31 0 0 0 3 0 0 0 0 38 7 1 8 7 0 11 0 0 0
6 0 37 0 0 0 0 0 0 0 0 0 0 0 0 0 0 0 0 0 0 0 0 0 0 0 0 0 0 0 0 49 0 0 29 28 0 0 0 53 0
6 0 33 0 0 0 0 0 0 0 0 0 0 0 0 0 0 0 0 0 0 0 0 0 0 0 0 0 0 0 0 42 0 0 35 30 0 0 0 50 0
0 0 20 1 0 0 0 0 0 0 0 0 0 0 0 0 0 0 0 0 0 0 31 0 0 0 6 0 0 0 0 34 9 0 7 0 0 10 0 0 1
2 0 27 0 0 0 0 0 0 0 0 0 0 0 0 0 0 0 0 0 0 0 0 0 0 0 0 0 0 0 0 32 0 0 37 33 0 0 0 42 0
0 0 21 0 0 0 0 0 0 0 0 0 0 0 0 0 0 0 0 0 0 0 32 0 0 0 6 0 0 0 0 34 9 0 8 0 0 9 0 0 1
10 0 45 0 0 0 0 0 0 0 0 0 0 0 0 0 0 0 0 0 0 0 0 0 0 0 0 0 0 2 0 60 0 1 26 26 0 0 0 67 0
9 0 53 0 0 0 0 0 0 0 0 0 0 0 0 0 0 0 0 0 0 0 0 0 0 0 0 0 0 4 0 70 0 0 17 25 0 0 0 76 0
6 0 49 0 0 0 0 0 0 0 0 0 0 0 0 0 0 0 0 0 0 0 0 0 0 0 0 0 0 4 0 65 0 0 17 27 0 0 0 66 0
4 0 13 0 0 0 0 0 0 0 0 0 0 0 0 0 0 0 0 0 0 0 0 0 0 0 0 3 0 0 0 17 0 0 41 41 0 0 0 34 4
0 0 25 0 0 0 0 0 0 0 0 0 0 0 0 0 0 0 0 0 0 0 33 0 0 0 6 0 0 0 0 37 10 1 6 0 0 10 0 0 0
4 0 15 0 0 0 0 0 0 0 0 0 0 0 0 0 0 0 0 0 0 0 0 0 0 0 0 2 0 0 0 19 0 0 40 39 0 0 0 34 3
2 0 40 0 0 0 0 0 0 0 0 0 0 0 0 0 0 0 0 0 0 0 0 0 0 0 0 0 0 2 0 54 0 0 23 28 0 0 0 52 0
0 0 13 3 0 0 0 0 0 0 0 0 0 0 0 0 0 0 0 0 0 0 19 0 1 0 0 0 0 0 0 27 0 0 14 23 0 9 0 17 3
6 0 34 0 0 0 0 0 0 0 0 0 0 0 0 0 0 0 0 0 0 0 0 0 0 0 0 0 0 0 0 46 0 0 31 28 0 0 0 51 0
0 0 16 3 0 0 0 0 0 0 0 0 0 0 0 0 0 0 0 0 0 0 22 0 1 0 0 0 0 0 0 29 2 0 12 21 0 9 0 13 2
0 0 15 4 0 0 0 0 0 0 0 0 0 0 0 0 0 0 0 0 0 0 24 0 2 0 1 0 0 0 0 27 3 0 9 14 0 11 0 4 2
4 0 12 0 0 0 0 0 0 0 0 0 0 0 0 0 0 0 0 0 0 0 0 0 0 0 0 4 0 0 0 16 0 0 41 41 0 0 0 32 5
3 0 11 0 0 0 0 0 0 0 0 0 0 0 0 0 0 0 0 0 0 0 0 0 0 0 0 2 0 0 0 17 0 0 38 38 0 0 0 31 3
0 0 10 1 0 0 0 0 0 0 0 0 0 0 0 0 0 0 0 0 0 0 2 0 0 0 0 0 0 0 0 20 0 0 32 32 0 1 0 29 4
0 0 19 1 0 0 0 0 0 0 0 0 0 0 0 0 0 0 0 0 0 0 17 0 0 0 0 0 0 0 0 33 0 0 19 27 0 5 0 28 0
0 0 23 0 0 0 0 0 0 0 0 0 0 0 0 0 0 0 0 0 0 0 15 0 0 0 0 0 0 0 0 36 0 0 24 30 0 4 0 32 1
4 0 32 0 0 0 0 0 0 0 0 0 0 0 0 0 0 0 0 0 0 0 0 0 0 0 0 0 0 0 0 38 0 0 36 32 0 0 0 48 0
7 0 24 0 0 0 0 0 0 0 0 0 0 0 0 0 0 0 0 0 0 0 0 0 0 0 0 0 0 0 0 27 0 0 41 38 0 0 0 41 0
2 0 18 0 0 0 0 0 0 0 0 0 0 0 0 0 0 0 0 0 0 0 0 0 0 0 0 0 0 0 0 22 0 0 37 35 0 0 0 37 2
0 0 23 1 0 0 0 0 0 0 0 0 0 0 0 0 0 0 0 0 0 0 25 0 0 0 0 0 0 0 0 35 4 0 10 20 0 9 0 14 0
0 0 22 0 0 0 0 0 0 0 0 0 0 0 0 0 0 0 0 0 0 0 0 0 0 0 0 0 0 0 0 29 0 0 33 31 0 0 0 37 2
0 0 12 2 0 0 0 0 0 0 0 0 0 0 0 0 0 0 0 0 0 0 13 0 0 0 0 0 0 0 0 25 0 0 21 27 0 6 0 23 4
3 0 12 0 0 0 0 0 0 0 0 0 0 0 0 0 0 0 0 0 0 0 0 0 0 0 0 4 0 0 0 16 0 0 41 40 0 0 0 32 5
5 0 18 0 0 0 0 0 0 0 0 0 0 0 0 0 0 0 0 0 0 0 0 0 0 0 0 2 0 0 0 20 0 0 42 41 0 0 0 37 3
0 0 34 0 0 0 0 0 0 0 0 0 0 0 0 0 0 0 0 0 0 0 8 0 0 0 0 0 0 1 0 50 0 0 20 30 0 0 0 44 0
2 0 13 0 0 0 0 0 0 0 0 0 0 0 0 0 0 0 0 0 0 0 0 0 0 0 0 1 0 0 0 18 0 0 37 37 0 0 0 32 3
0 0 28 1 0 0 0 0 0 0 0 0 0 0 0 0 0 0 0 0 0 0 29 0 0 0 1 0 0 0 0 40 5 0 9 17 0 11 0 11 0
0 0 10 2 0 0 0 0 0 0 0 0 0 0 0 0 0 0 0 0 0 0 6 0 0 0 0 0 0 0 0 21 0 0 28 31 0 3 0 26 4
0 0 19 1 0 0 0 0 0 0 0 0 0 0 0 0 0 0 0 0 0 0 17 0 0 0 0 0 0 0 0 34 0 0 20 29 0 6 0 26 1
0 0 15 3 0 0 0 0 0 0 0 0 0 0 0 0 0 0 0 0 0 0 19 0 0 0 0 0 0 0 0 27 0 0 14 24 0 8 0 18 3
4 0 27 0 0 0 0 0 0 0 0 0 0 0 0 0 0 0 0 0 0 0 0 0 0 0 0 0 0 0 0 35 0 0 33 31 0 0 0 45 0
0 0 20 1 0 0 0 0 0 0 0 0 0 0 0 0 0 0 0 0 0 0 32 0 0 0 6 0 0 0 0 35 10 0 7 0 0 10 0 0 1
3 0 8 2 0 0 0 0 0 0 0 0 0 0 0 0 0 0 0 0 0 0 0 0 0 0 0 4 0 0 0 15 0 0 39 42 0 0 0 31 5
0 0 13 3 0 0 0 0 0 0 0 0 0 0 0 0 0 0 0 0 0 0 18 0 0 0 0 0 0 0 0 27 0 0 17 25 0 8 0 18 4
0 0 19 0 0 0 0 0 0 0 0 0 0 0 0 0 0 0 0 0 0 0 16 0 0 0 0 0 0 0 0 34 0 0 22 28 0 5 0 27 2
0 0 22 0 0 0 0 0 0 0 0 0 0 0 0 0 0 0 0 0 0 0 0 0 0 0 0 0 0 0 0 30 0 0 34 33 0 0 0 38 1
0 0 18 3 0 0 0 0 0 0 0 0 0 0 0 0 0 0 0 0 0 0 26 0 1 0 1 0 0 0 0 30 4 0 10 14 0 10 0 3 1
5 0 15 0 0 0 0 0 0 0 0 0 0 0 0 0 0 0 0 0 0 0 0 0 0 0 0 3 0 0 0 17 0 0 42 43 0 0 0 35 4
3 0 11 0 0 0 0 0 0 0 0 0 0 0 0 0 0 0 0 0 0 0 0 0 0 0 0 5 0 0 0 15 0 0 43 44 0 0 0 33 5
5 0 16 0 0 0 0 0 0 0 0 0 0 0 0 0 0 0 0 0 0 0 0 0 0 0 0 2 0 0 0 19 0 0 39 39 0 0 0 35 3
3 0 26 0 0 0 0 0 0 0 0 0 0 0 0 0 0 0 0 0 0 0 0 0 0 0 0 0 0 0 0 32 0 0 36 32 0 0 0 44 0
10 0 36 0 0 0 0 0 0 0 0 0 0 0 0 0 0 0 0 0 0 0 0 0 0 0 0 0 0 0 0 49 0 1 31 28 0 0 0 58 0
5 0 14 0 0 0 0 0 0 0 0 0 0 0 0 0 0 0 0 0 0 0 0 0 0 0 0 7 0 0 0 13 0 0 49 48 0 0 0 36 7
3 0 21 0 0 0 0 0 0 0 0 0 0 0 0 0 0 0 0 0 0 0 0 0 0 0 0 0 0 0 0 25 0 0 37 35 0 0 0 39 0
6 0 49 0 0 0 0 0 0 0 0 0 0 0 0 0 0 0 0 0 0 0 0 0 0 0 0 0 0 4 0 65 0 0 17 25 0 0 0 67 0
7 0 38 0 0 0 0 0 0 0 0 0 0 0 0 0 0 0 0 0 0 0 0 0 0 0 0 0 0 1 0 50 0 0 27 28 0 0 0 55 0
0 0 13 4 0 0 0 0 0 0 0 0 0 0 0 0 0 0 0 0 0 0 20 0 2 0 0 0 0 0 0 26 1 0 14 21 0 9 0 13 4
3 0 13 0 0 0 0 0 0 0 0 0 0 0 0 0 0 0 0 0 0 0 0 0 0 0 0 2 0 0 0 18 0 0 38 38 0 0 0 33 3
0 0 22 0 0 0 0 0 0 0 0 0 0 0 0 0 0 0 0 0 0 0 34 0 0 0 9 0 0 0 0 38 12 1 9 0 0 9 0 0 3
2 0 9 1 0 0 0 0 0 0 0 0 0 0 0 0 0 0 0 0 0 0 0 0 0 0 0 2 0 0 0 16 0 0 37 39 0 0 0 30 4
6 0 22 0 0 0 0 0 0 0 0 0 0 0 0 0 0 0 0 0 0 0 0 0 0 0 0 0 0 0 0 24 0 0 41 39 0 0 0 38 2
4 0 13 0 0 0 0 0 0 0 0 0 0 0 0 0 0 0 0 0 0 0 0 0 0 0 0 2 0 0 0 18 0 0 40 39 0 0 0 33 3
3 0 14 0 0 0 0 0 0 0 0 0 0 0 0 0 0 0 0 0 0 0 0 0 0 0 0 1 0 0 0 20 0 0 37 36 0 0 0 34 3
0 0 18 3 0 0 0 0 0 0 0 0 0 0 0 0 0 0 0 0 0 0 29 0 1 0 5 0 0 0 0 32 7 0 8 0 0 11 0 0 0
5 0 15 0 0 0 0 0 0 0 0 0 0 0 0 0 0 0 0 0 0 0 0 0 0 0 0 5 0 0 0 15 0 0 47 47 0 0 0 37 6
5 0 16 0 0 0 0 0 0 0 0 0 0 0 0 0 0 0 0 0 0 0 0 0 0 0 0 4 0 0 0 17 0 0 44 44 0 0 0 36 5
3 0 12 0 0 0 0 0 0 0 0 0 0 0 0 0 0 0 0 0 0 0 0 0 0 0 0 2 0 0 0 17 0 0 39 37 0 0 0 31 4
3 0 42 0 0 0 0 0 0 0 0 0 0 0 0 0 0 0 0 0 0 0 0 0 0 0 0 0 0 2 0 57 0 0 22 29 0 0 0 57 0
13 0 40 0 0 0 0 0 0 0 0 0 0 0 0 0 0 0 0 0 0 0 0 0 0 0 0 0 0 0 0 54 0 4 34 30 0 0 0 63 0
8 0 29 0 0 0 0 0 0 0 0 0 0 0 0 0 0 0 0 0 0 0 0 0 0 0 0 0 0 0 0 37 0 0 37 33 0 0 0 48 0
6 0 23 0 0 0 0 0 0 0 0 0 0 0 0 0 0 0 0 0 0 0 0 0 0 0 0 0 0 0 0 26 0 0 41 38 0 0 0 40 1
0 0 10 2 0 0 0 0 0 0 0 0 0 0 0 0 0 0 0 0 0 0 7 0 0 0 0 0 0 0 0 23 0 0 27 31 0 2 0 27 4
0 0 22 1 0 0 0 0 0 0 0 0 0 0 0 0 0 0 0 0 0 0 31 0 0 0 4 0 0 0 0 33 8 0 8 0 0 10 0 0 0
0 0 19 0 0 0 0 0 0 0 0 0 0 0 0 0 0 0 0 0 0 0 10 0 0 0 0 0 0 0 0 31 0 0 27 30 0 3 0 31 3
0 0 22 0 0 0 0 0 0 0 0 0 0 0 0 0 0 0 0 0 0 0 31 0 0 0 5 0 0 0 0 34 8 1 7 0 0 11 0 0 0
2 0 20 0 0 0 0 0 0 0 0 0 0 0 0 0 0 0 0 0 0 0 0 0 0 0 0 0 0 0 0 25 0 0 38 35 0 0 0 38 1
0 0 13 0 0 0 0 0 0 0 0 0 0 0 0 0 0 0 0 0 0 0 1 0 0 0 0 0 0 0 0 23 0 0 32 33 0 0 0 31 3
7 0 39 0 0 0 0 0 0 0 0 0 0 0 0 0 0 0 0 0 0 0 0 0 0 0 0 0 0 1 0 51 0 0 27 26 0 0 0 56 0
6 0 27 0 0 0 0 0 0 0 0 0 0 0 0 0 0 0 0 0 0 0 0 0 0 0 0 0 0 0 0 31 0 0 40 36 0 0 0 45 0
4 0 25 0 0 0 0 0 0 0 0 0 0 0 0 0 0 0 0 0 0 0 0 0 0 0 0 0 0 0 0 30 0 0 38 34 0 0 0 42 0
3 0 11 0 0 0 0 0 0 0 0 0 0 0 0 0 0 0 0 0 0 0 0 0 0 0 0 4 0 0 0 15 0 0 41 41 0 0 0 32 5
0 0 24 0 0 0 0 0 0 0 0 0 0 0 0 0 0 0 3 0 0 0 42 0 0 0 12 0 0 0 0 50 15 0 7 0 0 12 0 0 2
0 0 17 4 0 0 0 0 0 0 0 0 0 0 0 0 0 0 0 0 0 0 28 0 1 0 4 0 0 0 0 31 6 0 7 2 0 11 0 0 0
0 0 28 0 0 0 0 0 0 0 0 0 0 0 0 0 0 0 0 0 0 0 31 0 0 0 2 0 0 0 0 38 7 0 8 7 0 11 0 0 0
0 0 13 0 0 0 0 0 0 0 0 0 0 0 0 0 0 0 0 0 0 0 3 0 0 0 0 0 0 0 0 22 0 0 32 32 0 0 0 30 4
3 0 27 0 0 0 0 0 0 0 0 0 0 0 0 0 0 0 0 0 0 0 0 0 0 0 0 0 0 0 0 32 0 0 39 35 0 0 0 44 0
0 0 25 1 0 0 0 0 0 0 0 0 0 0 0 0 0 0 0 0 0 0 30 0 0 0 3 0 0 0 0 37 6 0 8 12 0 12 0 3 0
5 0 14 0 0 0 0 0 0 0 0 0 0 0 0 0 0 0 0 0 0 0 0 0 0 0 0 3 0 0 0 18 0 0 41 41 0 0 0 34 4
2 0 28 0 0 0 0 0 0 0 0 0 0 0 0 0 0 0 0 0 0 0 0 0 0 0 0 0 0 0 0 36 0 0 32 30 0 0 0 44 0
3 0 13 0 0 0 0 0 0 0 0 0 0 0 0 0 0 0 0 0 0 0 0 0 0 0 0 7 0 0 0 14 0 0 48 46 0 0 0 33 7
3 0 13 0 0 0 0 0 0 0 0 0 0 0 0 0 0 0 0 0 0 0 0 0 0 0 0 2 0 0 0 18 0 0 40 39 0 0 0 33 4
0 0 44 0 0 0 0 0 0 0 0 0 0 0 0 0 0 0 0 0 0 0 17 0 0 0 0 0 1 4 0 60 1 0 6 29 0 4 1 47 0
0 0 26 0 0 0 0 0 0 0 0 0 0 0 0 0 0 0 0 0 0 0 34 0 0 0 6 0 0 0 0 39 10 0 5 0 0 11 1 0 0
3 0 10 0 0 0 0 0 0 0 0 0 0 0 0 0 0 0 0 0 0 0 0 0 0 0 0 3 0 0 0 15 0 0 39 39 0 0 0 31 5
3 0 10 1 0 0 0 0 0 0 0 0 0 0 0 0 0 0 0 0 0 0 0 0 0 0 0 3 0 0 0 16 0 0 40 41 0 0 0 32 4
0 0 24 0 0 0 0 0 0 0 0 0 0 0 0 0 0 0 0 0 0 0 4 0 0 0 0 0 0 0 0 34 0 0 31 31 0 0 0 38 1
5 0 15 0 0 0 0 0 0 0 0 0 0 0 0 0 0 0 0 0 0 0 0 0 0 0 0 3 0 0 0 17 0 0 42 43 0 0 0 36 4
8 0 46 0 0 0 0 0 0 0 0 0 0 0 0 0 0 0 0 0 0 0 0 0 0 0 0 0 0 2 0 60 0 0 22 26 0 0 0 64 0
1 0 8 3 0 0 0 0 0 0 0 0 0 0 0 0 0 0 0 0 0 0 2 0 0 0 0 1 0 0 0 16 0 0 32 36 0 0 0 28 3
3 0 13 0 0 0 0 0 0 0 0 0 0 0 0 0 0 0 0 0 0 0 0 0 0 0 0 2 0 0 0 17 0 0 38 39 0 0 0 33 3
3 0 12 0 0 0 0 0 0 0 0 0 0 0 0 0 0 0 0 0 0 0 0 0 0 0 0 9 0 0 0 11 0 1 52 50 0 0 0 35 8
0 0 11 1 0 0 0 0 0 0 0 0 0 0 0 0 0 0 0 0 0 0 8 0 0 0 0 0 0 0 0 24 0 0 28 30 0 3 0 27 4
0 0 21 1 0 0 0 0 0 0 0 0 0 0 0 0 0 0 0 0 0 0 32 0 0 0 7 0 0 0 0 35 10 0 8 0 0 10 0 0 1
0 0 29 0 0 0 0 0 0 0 0 0 0 0 0 0 0 0 0 0 0 0 3 0 0 0 0 0 0 0 0 40 0 0 26 30 0 0 0 42 0
0 0 11 2 0 0 0 0 0 0 0 0 0 0 0 0 0 0 0 0 0 0 12 0 0 0 0 0 0 0 0 25 0 0 24 29 0 5 0 25 4
0 0 23 0 0 0 0 0 0 0 0 0 0 0 0 0 0 0 0 0 0 0 36 0 0 0 9 0 0 0 0 40 12 0 8 0 0 9 0 0 3
5 0 17 0 0 0 0 0 0 0 0 0 0 0 0 0 0 0 0 0 0 0 0 0 0 0 0 3 0 0 0 18 0 0 42 42 0 0 0 35 4
0 0 37 0 0 0 0 0 0 0 0 0 0 0 0 0 0 0 0 0 0 0 22 0 0 0 0 0 0 1 0 51 1 0 11 27 0 5 0 37 0
0 0 22 0 0 0 0 0 0 0 0 0 0 0 0 0 0 0 0 0 0 0 32 0 0 0 6 0 0 0 0 35 9 0 7 0 0 9 0 0 1
4 0 26 0 0 0 0 0 0 0 0 0 0 0 0 0 0 0 0 0 0 0 0 0 0 0 0 0 0 0 0 31 0 0 38 35 0 0 0 44 0
1 0 6 5 0 0 0 0 0 0 0 0 0 0 0 0 0 0 0 0 0 0 3 0 0 0 0 0 1 0 0 16 0 0 31 36 0 1 0 28 3
2 0 10 1 0 0 0 0 0 0 0 0 0 0 0 0 0 0 0 0 0 0 0 0 0 0 0 1 0 0 0 17 0 0 34 35 0 0 0 29 3
0 0 23 0 0 0 0 0 0 0 0 0 0 0 0 0 0 0 0 0 0 0 36 0 0 0 9 0 0 0 0 40 12 0 9 0 0 9 0 0 4
0 0 10 2 0 0 0 0 0 0 0 0 0 0 0 0 0 0 0 0 0 0 5 0 0 0 0 0 0 0 0 20 0 0 29 33 0 2 0 28 3
5 0 30 0 0 0 0 0 0 0 0 0 0 0 0 0 0 0 0 0 0 0 0 0 0 0 0 0 0 0 0 39 0 0 34 30 0 0 0 47 0
0 0 28 0 0 0 0 0 0 0 0 0 0 0 0 0 0 0 0 0 0 0 23 0 0 0 0 0 0 0 0 41 2 0 14 25 0 7 0 27 0
0 0 20 3 0 0 0 0 0 0 0 0 0 0 0 0 0 0 0 0 0 0 27 0 0 0 2 0 0 0 0 33 4 0 9 19 0 11 0 9 0
