0 0 9 8 0 0 0 0 0 2 0 4 4 0 0 8 0 8 0 0 0 2 0 0 0 1 0 0 0 0 0 13 0 0 6 6 0 9 0 10 0
8 0 0 0 0 0 4 0 0 0 0 0 0 0 0 0 0 0 0 0 0 0 8 0 0 0 0 0 8 0 0 0 0 0 19 25 0 0 0 13 0
0 0 14 12 0 0 0 0 0 3 0 5 8 0 0 16 0 14 0 0 0 4 0 0 0 1 0 0 0 0 0 16 0 0 0 0 0 16 0 6 0
0 0 6 5 0 0 0 0 0 1 0 3 1 0 0 2 0 2 0 0 0 1 0 0 0 1 0 0 2 0 0 11 0 0 11 10 0 4 0 12 0
4 1 0 0 0 0 5 0 0 0 0 0 0 0 0 0 0 0 0 0 0 0 10 0 0 0 0 0 8 0 0 0 0 0 10 20 0 0 0 10 0
0 0 19 15 0 0 0 0 0 6 0 6 14 0 0 28 0 24 0 0 0 3 0 0 2 0 0 1 0 0 0 18 0 0 0 0 0 22 0 0 0
0 0 8 6 0 0 0 0 0 2 0 4 3 0 0 6 0 5 0 0 0 1 0 0 0 0 0 0 1 0 0 12 0 0 8 9 0 7 0 11 0
0 3 2 0 0 0 3 0 0 2 0 1 1 0 0 7 0 5 0 0 0 2 9 0 0 0 0 0 5 0 0 5 0 0 0 5 0 5 0 3 0
11 5 0 0 0 0 12 0 0 0 0 0 0 0 0 0 0 0 0 0 0 0 20 0 0 0 0 0 14 0 0 0 0 0 14 30 0 0 0 12 0
0 0 16 12 0 0 0 0 0 5 0 5 12 0 0 24 0 20 0 0 0 3 0 0 1 0 0 1 0 0 0 17 0 0 0 0 0 19 0 0 0
0 0 19 15 0 0 0 0 0 6 0 6 15 0 0 29 0 24 0 0 0 3 0 0 2 0 0 1 0 0 0 18 0 0 0 0 0 22 0 0 0
0 0 18 14 0 0 0 0 0 5 0 6 13 0 0 25 0 21 0 0 0 4 0 0 1 0 0 1 0 0 0 18 0 0 0 0 0 20 0 0 0
0 0 15 12 0 0 0 0 0 4 0 5 11 0 0 22 0 18 0 0 0 3 0 0 1 0 0 0 0 0 0 17 0 0 0 0 0 18 0 0 0
9 1 0 0 0 0 6 0 0 0 0 0 0 0 0 0 0 0 0 0 0 0 10 0 0 0 0 0 9 0 0 0 0 0 19 27 0 0 0 14 0
0 0 16 13 0 0 0 0 0 4 0 5 11 0 0 23 0 19 0 0 0 4 0 0 1 0 0 1 0 0 0 17 0 0 0 0 0 18 0 0 0
0 2 20 14 0 0 0 0 0 7 0 6 17 0 0 35 0 28 0 0 0 2 0 0 1 0 0 0 0 0 0 18 0 0 0 0 0 24 0 0 0
4 0 0 0 0 0 0 0 0 0 0 0 0 0 0 0 0 0 0 0 0 0 0 0 0 1 0 0 4 0 0 0 0 0 20 20 0 0 0 14 0
0 0 16 11 0 0 0 0 0 5 0 5 12 0 0 26 0 21 0 0 0 3 0 0 1 0 0 1 0 0 0 17 0 0 0 0 0 20 0 0 0
0 0 14 12 0 0 0 0 0 4 0 5 9 0 0 18 0 15 0 0 0 3 0 0 1 0 0 0 0 0 0 16 0 0 0 0 0 16 0 3 0
0 0 17 14 0 0 0 0 0 4 0 5 12 0 0 22 0 20 0 0 0 4 0 0 1 0 0 0 0 0 0 17 0 0 0 0 0 19 0 0 0
7 0 0 0 0 0 0 0 0 0 0 0 0 0 0 0 0 0 0 0 0 0 0 0 0 2 0 0 5 0 0 0 0 0 24 23 0 0 0 15 0
5 0 0 0 0 0 3 0 0 0 0 0 0 0 0 0 0 0 0 0 0 0 6 0 0 0 0 0 7 0 0 0 0 0 16 22 0 0 0 13 0
0 0 20 15 0 0 0 0 0 6 0 5 16 0 0 32 0 26 0 0 0 3 0 0 1 0 0 1 0 0 0 18 0 0 0 0 0 23 0 0 0
6 2 0 0 0 0 7 0 0 0 0 0 0 0 0 0 0 0 0 0 0 0 13 0 0 0 0 0 10 0 0 0 0 0 10 22 0 0 0 11 0
9 0 0 0 0 0 3 0 0 0 0 0 0 0 0 0 0 0 0 0 0 0 6 0 0 1 0 0 7 0 0 0 0 0 22 26 0 0 0 14 0
3 4 0 0 0 0 7 0 0 0 0 0 0 0 0 0 0 0 0 0 0 1 15 0 0 0 0 0 9 0 0 0 0 0 1 15 0 0 0 6 0
3 5 0 0 0 0 8 0 0 0 0 0 0 0 0 0 0 0 0 0 0 1 17 0 1 0 0 0 9 0 0 0 0 0 0 14 0 0 0 4 0
14 2 0 0 0 0 9 0 0 0 0 0 0 0 0 0 0 0 0 0 0 0 13 0 0 0 0 0 12 1 0 0 0 0 24 33 0 0 0 14 0
11 4 0 0 0 0 11 0 0 0 0 0 0 0 0 0 0 0 0 0 0 0 17 0 0 0 0 0 13 0 0 0 0 0 17 30 0 0 0 12 0
0 0 21 16 0 0 0 0 0 6 0 6 17 0 0 33 0 27 0 0 0 3 0 0 2 0 0 1 0 0 0 18 0 0 0 0 0 24 0 0 0
4 1 0 0 0 0 5 0 0 0 0 0 0 0 0 0 0 0 0 0 0 0 10 0 0 0 0 0 8 0 0 0 0 0 11 21 0 0 0 11 0
9 0 0 0 0 0 6 0 0 0 0 0 0 0 0 0 0 0 0 0 0 0 10 0 0 0 0 0 9 0 0 0 0 0 20 27 0 0 0 14 0
12 2 0 0 0 0 9 0 0 0 0 0 0 0 0 0 0 0 0 0 0 0 14 0 0 0 0 0 12 0 0 0 0 0 20 31 0 0 0 13 0
8 0 0 0 0 0 3 0 0 0 0 0 0 0 0 0 0 0 0 0 0 0 6 0 0 1 0 0 7 0 0 0 0 0 20 25 0 0 0 13 0
0 0 21 16 0 0 0 0 0 6 0 6 16 0 0 32 0 26 0 0 0 4 0 0 2 0 0 1 0 0 0 18 0 0 0 0 0 23 0 0 0
0 0 13 11 0 0 0 0 0 3 0 5 8 0 0 15 0 14 0 0 0 4 0 0 0 1 0 0 0 0 0 16 0 0 1 0 0 15 0 7 0
8 5 0 0 0 0 10 0 0 0 0 0 0 0 0 0 0 0 0 0 0 0 18 0 0 0 0 0 13 0 0 0 0 0 10 26 0 0 0 10 0
3 0 0 0 0 0 2 0 0 0 0 0 0 0 0 0 0 0 0 0 0 0 6 0 0 0 0 0 6 0 0 0 0 0 13 19 0 0 0 12 0
0 0 19 15 0 0 0 0 0 6 0 6 15 0 0 29 0 24 0 0 0 4 0 0 2 0 0 1 0 0 0 18 0 0 0 0 0 22 0 0 0
3 0 0 0 0 0 0 0 0 0 0 0 0 0 0 0 0 0 0 0 0 0 0 0 0 3 0 0 2 0 0 1 0 0 21 17 0 0 0 14 0
0 0 10 8 0 0 0 0 0 3 0 4 7 0 0 16 0 13 0 0 0 2 1 0 0 0 0 0 0 0 0 15 0 0 0 0 0 13 0 4 0
3 0 0 0 0 0 4 0 0 0 0 0 0 0 0 0 0 0 0 0 0 0 9 0 0 0 0 0 8 0 0 0 0 0 10 19 0 0 0 11 0
0 0 14 12 0 0 0 0 0 4 0 5 9 0 0 18 0 15 0 0 0 4 0 0 0 1 0 0 0 0 0 16 0 0 0 0 0 16 0 5 0
7 0 0 0 0 0 3 0 0 0 0 0 0 0 0 0 0 0 0 0 0 0 6 0 0 0 0 0 8 0 0 0 0 0 19 24 0 0 0 13 0
1 0 0 0 0 0 0 0 0 0 0 1 0 0 0 0 0 0 0 0 0 0 0 0 0 3 0 0 2 0 0 4 0 0 21 17 0 0 0 14 0
0 3 8 4 0 0 1 0 0 4 0 3 7 0 0 18 0 14 0 0 0 3 8 0 1 0 0 0 1 0 0 10 0 0 0 0 0 13 0 0 0
2 1 0 0 0 0 4 0 0 0 0 0 0 0 0 0 0 0 0 0 0 1 9 0 0 0 0 0 7 0 0 2 0 0 6 15 0 0 0 9 0
3 0 0 0 0 0 0 0 0 0 0 0 0 0 0 0 0 0 0 0 0 0 0 0 0 1 0 0 4 0 0 1 0 0 19 19 0 0 0 14 0
6 2 0 0 0 0 6 0 0 0 0 0 0 0 0 0 0 0 0 0 0 0 12 0 0 0 0 0 10 0 0 0 0 0 13 23 0 0 0 12 0
3 0 0 0 0 0 0 0 0 0 0 0 0 0 0 0 0 0 0 0 0 0 1 0 0 0 0 0 4 0 0 1 0 0 15 18 0 0 0 13 0
0 0 20 15 0 0 0 0 0 6 0 6 16 0 0 31 0 26 0 0 0 3 0 0 1 0 0 1 0 0 0 18 0 0 0 0 0 23 0 0 0
0 0 4 3 0 0 0 0 0 1 0 2 0 0 0 0 0 0 0 0 0 0 0 0 0 0 0 0 3 0 0 8 0 0 12 13 0 2 0 12 0
0 1 13 9 0 0 0 0 0 5 0 5 10 0 0 23 0 19 0 0 0 3 2 0 0 0 0 0 0 0 0 15 0 0 0 0 0 18 0 0 0
6 1 0 0 0 0 6 0 0 0 0 0 0 0 0 0 0 0 0 0 0 0 11 0 0 0 0 0 10 0 0 0 0 0 14 23 0 0 0 12 0
0 3 0 0 0 0 4 0 0 1 0 1 0 0 0 5 0 3 0 0 0 1 12 0 0 0 0 0 6 0 0 5 0 0 0 10 0 4 0 5 0
0 0 13 9 0 0 0 0 0 4 0 5 10 0 0 22 0 17 0 0 0 3 0 0 1 0 0 0 0 0 0 15 0 0 0 0 0 17 0 0 0
0 3 19 14 0 0 0 0 0 7 0 6 17 0 0 35 0 28 0 0 0 2 0 0 1 0 0 1 0 0 0 17 0 0 0 0 0 24 0 0 0
0 0 19 15 0 0 0 0 0 6 0 6 15 0 0 30 0 25 0 0 0 3 0 0 2 0 0 1 0 0 0 18 0 0 0 0 0 22 0 0 0
4 0 0 0 0 0 0 0 0 0 0 0 0 0 0 0 0 0 0 0 0 0 0 0 0 1 0 0 4 0 0 0 0 0 21 20 0 0 0 14 0
0 0 8 7 0 0 0 0 0 2 0 3 5 0 0 8 0 7 0 0 0 1 0 0 0 1 0 0 1 0 0 13 0 0 5 6 0 8 0 9 0
0 0 17 14 0 0 0 0 0 5 0 5 12 0 0 25 0 21 0 0 0 4 0 0 1 0 0 0 0 0 0 17 0 0 0 0 0 20 0 0 0
0 1 19 14 0 0 0 0 0 6 0 6 16 0 0 32 0 26 0 0 0 3 0 0 1 0 0 0 0 0 0 17 0 0 0 0 0 23 0 0 0
15 3 0 0 0 0 10 0 0 0 0 0 0 0 0 0 0 0 0 0 0 0 16 0 0 0 0 0 13 1 0 0 0 0 23 35 0 0 0 14 0
0 0 20 14 0 0 0 0 0 6 0 6 16 0 0 32 0 26 0 0 0 3 0 0 1 0 0 1 0 0 0 18 0 0 0 0 0 23 0 0 0
0 4 0 0 0 0 5 0 0 1 0 0 0 0 0 4 0 3 0 0 0 1 13 0 0 0 0 0 6 0 0 2 0 0 0 6 0 3 0 1 0
8 1 0 0 0 0 7 0 0 0 0 0 0 0 0 0 0 0 0 0 0 0 12 0 0 0 0 0 10 0 0 0 0 0 16 26 0 0 0 13 0
7 2 0 0 0 0 8 0 0 0 0 0 0 0 0 0 0 0 0 0 0 0 13 0 0 0 0 0 11 0 0 0 0 0 13 24 0 0 0 11 0
1 3 0 0 0 0 5 0 0 0 0 0 0 0 0 2 0 1 0 0 0 1 12 0 1 0 0 0 6 0 0 2 0 0 0 10 0 2 0 5 0
0 0 4 4 0 0 0 0 0 0 0 2 0 0 0 0 0 0 0 0 0 0 0 0 0 2 0 0 1 0 0 10 0 0 14 13 0 2 0 13 0
0 4 5 2 0 0 2 0 0 3 0 2 5 0 0 16 0 12 0 0 0 2 11 0 0 0 0 0 3 0 0 8 0 0 0 0 0 11 0 0 0
0 0 19 14 0 0 0 0 0 5 0 6 13 0 0 26 0 22 0 0 0 4 0 0 2 0 0 1 0 0 0 17 0 0 0 0 0 21 0 0 0
6 0 0 0 0 0 0 0 0 0 0 0 0 0 0 0 0 0 0 0 0 0 0 0 0 2 0 0 3 0 0 0 0 0 24 22 0 0 0 15 0
0 0 8 7 0 0 0 0 0 2 0 4 3 0 0 8 0 6 0 0 0 1 0 0 0 0 0 0 1 0 0 12 0 0 5 6 0 7 0 9 0
8 0 0 0 0 0 2 0 0 0 0 0 0 0 0 0 0 0 0 0 0 0 4 0 0 1 0 0 6 0 0 0 0 0 22 25 0 0 0 14 0
0 0 10 9 0 0 0 0 0 2 0 4 5 0 0 9 0 9 0 0 0 3 0 0 0 1 0 0 0 0 0 14 0 0 7 5 0 10 0 11 0
1 0 0 0 0 0 2 0 0 0 0 1 0 0 0 0 0 0 0 0 0 1 7 0 0 0 0 0 5 0 0 4 0 0 5 12 0 1 0 8 0
0 0 15 12 0 0 0 0 0 4 0 5 11 0 0 22 0 18 0 0 0 3 0 0 1 0 0 0 0 0 0 17 0 0 0 0 0 17 0 0 0
10 0 0 0 0 0 5 0 0 0 0 0 0 0 0 0 0 0 0 0 0 0 9 0 0 0 0 0 9 0 0 0 0 0 22 29 0 0 0 14 0
9 4 0 0 0 0 10 0 0 0 0 0 0 0 0 0 0 0 0 0 0 0 17 0 0 0 0 0 13 0 0 0 0 0 13 27 0 0 0 11 0
11 1 0 0 0 0 7 0 0 0 0 0 0 0 0 0 0 0 0 0 0 0 11 0 0 0 0 0 10 0 0 0 0 0 22 30 0 0 0 14 0
0 0 20 16 0 0 0 0 0 6 0 6 16 0 0 31 0 26 0 0 0 3 0 0 2 0 0 1 0 0 0 18 0 0 0 0 0 23 0 0 0
4 0 0 0 0 0 3 0 0 0 0 0 0 0 0 0 0 0 0 0 0 0 8 0 0 0 0 0 7 0 0 0 0 0 11 20 0 0 0 12 0
0 0 13 10 0 0 0 0 0 3 0 4 9 0 0 19 0 16 0 0 0 2 0 0 0 0 0 0 0 0 0 15 0 0 0 0 0 15 0 1 0
5 0 0 0 0 0 4 0 0 0 0 0 0 0 0 0 0 0 0 0 0 0 9 0 0 0 0 0 8 0 0 0 0 0 13 21 0 0 0 12 0
3 4 0 0 0 0 7 0 0 0 0 0 0 0 0 0 0 0 0 0 0 1 15 0 0 0 0 0 9 0 0 0 0 0 1 15 0 0 0 7 0
0 0 7 7 0 0 0 0 0 1 0 3 2 0 0 3 0 4 0 0 0 2 0 0 0 3 0 0 1 0 0 12 0 0 12 9 0 6 0 12 0
2 0 0 0 0 0 2 0 0 0 0 1 0 0 0 0 0 0 0 0 0 0 6 0 0 0 0 0 5 0 0 2 0 0 9 16 0 0 0 11 0
0 1 26 20 0 0 0 0 0 7 0 6 23 0 0 43 0 34 0 0 0 3 0 0 1 1 0 1 0 0 0 19 0 0 0 0 0 29 0 0 0
0 0 6 5 0 0 0 0 0 1 0 3 0 0 0 1 0 1 0 0 0 1 0 0 0 1 0 0 1 0 0 9 0 0 13 12 0 3 0 13 0
0 0 19 15 0 0 0 0 0 5 0 6 15 0 0 28 0 24 0 0 0 3 0 0 2 0 0 1 0 0 0 18 0 0 0 0 0 22 0 0 0
8 0 0 0 0 0 3 0 0 0 0 0 0 0 0 0 0 0 0 0 0 0 6 0 0 1 0 0 7 0 0 0 0 0 21 25 0 0 0 14 0
0 5 3 0 0 0 4 0 0 3 0 2 3 0 0 12 0 9 0 0 0 2 13 0 0 0 0 0 5 0 0 7 0 0 0 1 0 8 0 0 0
9 7 0 0 0 0 13 0 0 0 0 0 0 0 0 0 0 0 0 0 0 0 22 0 1 0 0 0 15 0 0 0 0 0 5 25 0 0 0 8 0
8 0 0 0 0 0 2 0 0 0 0 0 0 0 0 0 0 0 0 0 0 0 4 0 0 1 0 0 6 0 0 0 0 0 21 24 0 0 0 13 0
2 0 0 0 0 0 0 0 0 0 0 1 0 0 0 0 0 0 0 0 0 0 1 0 0 1 0 0 4 0 0 2 0 0 17 19 0 0 0 14 0
5 0 0 0 0 0 0 0 0 0 0 0 0 0 0 0 0 0 0 0 0 0 0 0 0 3 0 0 2 0 0 0 0 1 25 21 0 0 0 15 0
0 2 19 13 0 0 0 0 0 8 0 6 16 0 0 34 0 27 0 0 0 2 0 0 1 0 0 0 0 0 0 17 0 0 0 0 0 24 0 0 0
0 1 14 10 0 0 0 0 0 5 0 5 12 0 0 25 0 20 0 0 0 3 1 0 1 0 0 0 0 0 0 15 0 0 0 0 0 19 0 0 0
0 0 7 6 0 0 0 0 0 1 0 3 2 0 0 4 0 4 0 0 0 1 0 0 0 0 0 0 2 0 0 11 0 0 9 10 0 5 0 12 0
0 0 18 13 0 0 0 0 0 6 0 6 14 0 0 29 0 24 0 0 0 3 0 0 1 0 0 1 0 0 0 17 0 0 0 0 0 22 0 0 0
11 3 0 0 0 0 10 0 0 0 0 0 0 0 0 0 0 0 0 0 0 0 16 0 0 0 0 0 13 0 0 0 0 0 16 30 0 0 0 13 0
0 0 18 14 0 0 0 0 0 6 0 6 14 0 0 27 0 23 0 0 0 3 0 0 2 0 0 1 0 0 0 18 0 0 0 0 0 22 0 0 0
5 0 0 0 0 0 1 0 0 0 0 0 0 0 0 0 0 0 0 0 0 0 2 0 0 0 0 0 5 0 0 0 0 0 21 22 0 0 0 14 0
5 2 0 0 0 0 6 0 0 0 0 0 0 0 0 0 0 0 0 0 0 0 11 0 0 0 0 0 9 0 0 0 0 0 10 20 0 0 0 10 0
11 0 0 0 0 0 2 0 0 0 0 0 0 0 0 0 0 0 0 0 0 0 3 0 0 2 0 0 6 0 0 0 0 0 27 28 0 0 0 15 0
4 3 0 0 0 0 7 0 0 0 0 0 0 0 0 0 0 0 0 0 0 0 14 0 0 0 0 0 10 0 0 0 0 0 6 19 0 0 0 8 0
8 0 0 0 0 0 1 0 0 0 0 0 0 0 0 0 0 0 0 0 0 0 3 0 0 1 0 0 6 0 0 0 0 0 24 26 0 0 0 15 0
0 0 7 5 0 0 0 0 0 2 0 3 2 0 0 6 0 6 0 0 0 1 1 0 0 0 0 0 3 0 0 12 0 0 7 10 0 7 0 11 0
3 0 0 0 0 0 0 0 0 0 0 0 0 0 0 0 0 0 0 0 0 0 1 0 0 1 0 0 4 0 0 1 0 0 19 19 0 0 0 14 0
1 4 0 0 0 0 5 0 0 0 0 0 0 0 0 3 0 2 0 0 0 1 14 0 0 0 0 0 7 0 0 3 0 0 0 10 0 2 0 4 0
6 0 0 0 0 0 4 0 0 0 0 0 0 0 0 0 0 0 0 0 0 0 8 0 0 0 0 0 8 0 0 0 0 0 16 24 0 0 0 13 0
0 0 14 12 0 0 0 0 0 3 0 5 9 0 0 18 0 15 0 0 0 4 0 0 1 0 0 0 0 0 0 16 0 0 0 0 0 16 0 5 0
5 0 0 0 0 0 0 0 0 0 0 0 0 0 0 0 0 0 0 0 0 0 0 0 0 3 0 0 2 0 0 0 0 1 26 21 0 0 0 15 0
0 0 4 4 0 0 0 0 0 1 0 3 1 0 0 3 0 2 0 0 0 0 1 0 0 0 0 0 3 0 0 9 0 0 9 12 0 3 0 11 0
2 0 0 0 0 0 0 0 0 0 0 1 0 0 0 0 0 0 0 0 0 0 0 0 0 2 0 0 3 0 0 3 0 0 20 19 0 0 0 15 0
10 1 0 0 0 0 7 0 0 0 0 0 0 0 0 0 0 0 0 0 0 0 11 0 0 0 0 0 10 0 0 0 0 0 19 28 0 0 0 13 0
0 1 21 16 0 0 0 0 0 7 0 6 18 0 0 35 0 28 0 0 0 3 0 0 1 0 0 1 0 0 0 17 0 0 0 0 0 25 0 0 0
0 1 23 18 0 0 0 0 0 7 0 6 19 0 0 38 0 30 0 0 0 3 0 0 1 1 0 1 0 0 0 18 0 0 0 0 0 26 0 0 0
0 0 23 18 0 0 0 0 0 7 0 6 19 0 0 37 0 30 0 0 0 3 0 0 2 0 0 1 0 0 0 19 0 0 0 0 0 26 0 0 0
0 0 10 8 0 0 0 0 0 2 0 4 5 0 0 9 0 8 0 0 0 2 0 0 0 1 0 0 0 0 0 14 0 0 8 6 0 10 0 11 0
0 1 6 3 0 0 1 0 0 3 0 3 4 0 0 12 0 9 0 0 0 2 6 0 0 0 0 0 3 0 0 10 0 0 0 2 0 9 0 2 0
9 0 0 0 0 0 5 0 0 0 0 0 0 0 0 0 0 0 0 0 0 0 9 0 0 0 0 0 9 0 0 0 0 0 21 28 0 0 0 15 0
0 0 16 13 0 0 0 0 0 5 0 6 12 0 0 24 0 20 0 0 0 3 0 0 1 0 0 1 0 0 0 17 0 0 0 0 0 19 0 0 0
7 1 0 0 0 0 5 0 0 0 0 0 0 0 0 0 0 0 0 0 0 0 9 0 0 0 0 0 9 0 0 0 0 0 16 24 0 0 0 13 0
1 0 1 2 0 0 0 0 0 0 0 2 0 0 0 0 0 0 0 0 0 0 0 0 0 2 0 0 2 0 0 6 0 0 17 16 0 0 0 14 0
3 0 0 0 0 0 1 0 0 0 0 0 0 0 0 0 0 0 0 0 0 0 5 0 0 0 0 0 5 0 0 0 0 0 13 18 0 0 0 12 0
0 0 19 15 0 0 0 0 0 6 0 6 16 0 0 31 0 25 0 0 0 3 0 0 1 0 0 1 0 0 0 17 0 0 0 0 0 22 0 0 0
1 5 0 0 0 0 8 0 0 0 0 0 0 0 0 0 0 0 0 0 0 1 17 0 0 0 0 0 9 0 0 0 0 0 0 12 0 0 0 3 0
0 0 15 11 0 0 0 0 0 4 0 5 11 0 0 23 0 19 0 0 0 3 0 0 1 0 0 0 0 0 0 16 0 0 0 0 0 18 0 0 0
0 0 7 6 0 0 0 0 0 1 0 3 2 0 0 4 0 4 0 0 0 1 0 0 0 0 0 0 1 0 0 12 0 0 10 9 0 6 0 12 0
0 0 13 10 0 0 0 0 0 3 0 5 9 0 0 18 0 15 0 0 0 2 0 0 0 0 0 0 0 0 0 16 0 0 0 0 0 15 0 3 0
0 0 16 13 0 0 0 0 0 4 0 6 12 0 0 24 0 19 0 0 0 3 0 0 1 0 0 1 0 0 0 17 0 0 0 0 0 19 0 0 0
3 0 0 0 0 0 1 0 0 0 0 0 0 0 0 0 0 0 0 0 0 0 4 0 0 1 0 0 6 0 0 0 0 0 16 20 0 0 0 13 0
0 0 14 12 0 0 0 0 0 4 0 5 10 0 0 19 0 16 0 0 0 3 0 0 0 1 0 0 0 0 0 15 0 0 0 0 0 16 0 3 0
3 0 0 0 0 0 0 0 0 0 0 0 0 0 0 0 0 0 0 0 0 0 0 0 0 1 0 0 4 0 0 0 0 0 21 20 0 0 0 14 0
4 0 0 0 0 0 2 0 0 0 0 0 0 0 0 0 0 0 0 0 0 0 6 0 0 0 0 0 6 0 0 0 0 0 14 20 0 0 0 12 0
10 4 0 0 0 0 11 0 0 0 0 0 0 0 0 0 0 0 0 0 0 0 17 0 0 0 0 0 13 0 0 0 0 0 13 28 0 0 0 12 0
0 0 14 12 0 0 0 0 0 4 0 5 10 0 0 19 0 16 0 0 0 3 0 0 0 0 0 0 0 0 0 16 0 0 0 0 0 17 0 3 0
8 0 0 0 0 0 1 0 0 0 0 0 0 0 0 0 0 0 0 0 0 0 2 0 0 2 0 0 5 0 0 0 0 0 23 24 0 0 0 14 0
0 0 14 12 0 0 0 0 0 3 0 4 8 0 0 15 0 15 0 0 0 4 0 0 0 2 0 0 0 0 0 17 0 0 2 0 0 16 0 8 0
0 0 17 13 0 0 0 0 0 6 0 5 14 0 0 29 0 23 0 0 0 3 0 0 1 0 0 1 0 0 0 16 0 0 0 0 0 21 0 0 0
0 0 15 13 0 0 0 0 0 4 0 5 10 0 0 20 0 17 0 0 0 4 0 0 1 0 0 0 0 0 0 17 0 0 0 0 0 17 0 3 0
0 1 23 18 0 0 0 0 0 8 0 6 21 0 0 40 0 32 0 0 0 2 0 0 1 0 0 1 0 0 0 20 0 0 0 0 0 27 0 0 0
5 0 0 0 0 0 3 0 0 0 0 0 0 0 0 0 0 0 0 0 0 0 6 0 0 1 0 0 7 0 0 0 0 0 16 22 0 0 0 13 0
0 0 14 12 0 0 0 0 0 4 0 5 8 0 0 17 0 15 0 0 0 3 0 0 1 0 0 0 0 0 0 17 0 0 0 0 0 15 0 6 0
6 1 0 0 0 0 6 0 0 0 0 0 0 0 0 0 0 0 0 0 0 0 11 0 0 0 0 0 9 0 0 0 0 0 11 22 0 0 0 11 0
10 0 0 0 0 0 6 0 0 0 0 0 0 0 0 0 0 0 0 0 0 0 11 0 0 0 0 0 10 0 0 0 0 0 20 28 0 0 0 13 0
0 3 23 17 0 0 0 0 0 8 0 6 22 0 0 42 0 33 0 0 0 2 0 0 1 0 0 1 0 0 0 18 0 0 0 0 0 27 0 0 0
1 0 0 0 0 0 0 0 0 0 0 1 0 0 0 0 0 0 0 0 0 0 0 0 0 2 0 0 3 0 0 4 0 0 20 17 0 0 0 14 0
5 0 0 0 0 0 0 0 0 0 0 0 0 0 0 0 0 0 0 0 0 0 2 0 0 1 0 0 5 0 0 0 0 0 20 21 0 0 0 13 0
0 3 6 3 0 0 2 0 0 3 0 3 5 0 0 15 0 11 0 0 0 3 9 0 1 0 0 0 3 0 0 9 0 0 0 0 0 11 0 0 0
9 0 0 0 0 0 3 0 0 0 0 0 0 0 0 0 0 0 0 0 0 0 5 0 0 1 0 0 7 0 0 0 0 0 23 27 0 0 0 15 0
13 3 0 0 0 0 10 0 0 0 0 0 0 0 0 0 0 0 0 0 0 0 16 0 0 0 0 0 13 0 0 0 0 0 20 33 0 0 0 14 0
8 0 0 0 0 0 0 0 0 0 0 0 0 0 0 0 0 0 0 0 0 0 0 0 0 3 0 0 3 0 0 0 0 1 29 24 0 0 0 16 0
1 0 0 1 0 0 0 0 0 0 0 1 0 0 0 0 0 0 0 0 0 0 0 0 0 3 0 0 2 0 0 5 0 0 20 16 0 0 0 14 0
0 0 18 13 0 0 0 0 0 5 0 6 14 0 0 27 0 22 0 0 0 3 0 0 1 0 0 1 0 0 0 17 0 0 0 0 0 21 0 0 0
10 2 0 0 0 0 8 0 0 0 0 0 0 0 0 0 0 0 0 0 0 0 13 0 0 0 0 0 11 0 0 0 0 0 17 28 0 0 0 13 0
0 0 10 8 0 0 0 0 0 2 0 4 6 0 0 12 0 10 0 0 0 2 0 0 0 0 0 0 0 0 0 14 0 0 1 3 0 11 0 7 0
0 1 22 17 0 0 0 0 0 7 0 6 19 0 0 37 0 30 0 0 0 2 0 0 1 0 0 1 0 0 0 18 0 0 0 0 0 26 0 0 0
0 0 18 15 0 0 0 0 0 5 0 6 13 0 0 26 0 22 0 0 0 4 0 0 1 0 0 1 0 0 0 17 0 0 0 0 0 21 0 0 0
0 0 4 4 0 0 0 0 0 0 0 2 0 0 0 0 0 0 0 0 0 0 0 0 0 1 0 0 2 0 0 9 0 0 13 12 0 2 0 12 0
0 0 7 6 0 0 0 0 0 2 0 3 2 0 0 4 0 4 0 0 0 0 0 0 0 0 0 0 2 0 0 11 0 0 8 9 0 6 0 11 0
0 0 2 2 0 0 0 0 0 0 0 2 0 0 0 0 0 0 0 0 0 0 0 0 0 2 0 0 2 0 0 7 0 0 17 14 0 0 0 13 0
1 0 2 2 0 0 0 0 0 0 0 2 0 0 0 0 0 0 0 0 0 0 0 0 0 0 0 0 3 0 0 6 0 0 14 16 0 0 0 13 0
5 1 0 0 0 0 5 0 0 0 0 0 0 0 0 0 0 0 0 0 0 0 10 0 0 0 0 0 9 0 0 0 0 0 10 20 0 0 0 11 0
5 0 0 0 0 0 0 0 0 0 0 0 0 0 0 0 0 0 0 0 0 0 1 0 0 1 0 0 5 0 0 0 0 0 21 21 0 0 0 14 0
9 0 0 0 0 0 5 0 0 0 0 0 0 0 0 0 0 0 0 0 0 0 9 0 0 0 0 0 9 0 0 0 0 0 21 27 0 0 0 14 0
3 2 0 0 0 0 4 0 0 0 0 0 0 0 0 0 0 0 0 0 0 0 11 0 0 0 0 0 8 0 0 0 0 0 7 17 0 0 0 9 0
0 0 4 4 0 0 0 0 0 0 0 2 0 0 0 0 0 0 0 0 0 0 0 0 0 1 0 0 2 0 0 9 0 0 14 13 0 2 0 13 0
0 0 23 18 0 0 0 0 0 7 0 6 18 0 0 36 0 29 0 0 0 3 0 0 2 0 0 1 0 0 0 19 0 0 0 0 0 26 0 0 0
0 0 19 15 0 0 0 0 0 6 0 6 15 0 0 29 0 24 0 0 0 3 0 0 2 0 0 1 0 0 0 18 0 0 0 0 0 22 0 0 0
1 3 0 0 0 0 6 0 0 0 0 0 0 0 0 0 0 0 0 0 0 1 13 0 0 0 0 0 8 0 0 1 0 0 0 13 0 0 0 6 0
3 0 0 0 0 0 0 0 0 0 0 0 0 0 0 0 0 0 0 0 0 0 2 0 0 0 0 0 6 0 0 1 0 0 17 20 0 0 0 14 0
5 0 0 0 0 0 1 0 0 0 0 0 0 0 0 0 0 0 0 0 0 0 3 0 0 1 0 0 5 0 0 0 0 0 18 21 0 0 0 12 0
6 0 0 0 0 0 4 0 0 0 0 0 0 0 0 0 0 0 0 0 0 0 7 0 0 0 0 0 7 0 0 0 0 0 16 22 0 0 0 12 0
4 3 0 0 0 0 7 0 0 0 0 0 0 0 0 0 0 0 0 0 0 0 14 0 0 0 0 0 10 0 0 0 0 0 7 20 0 0 0 9 0
0 0 19 15 0 0 0 0 0 6 0 6 14 0 0 28 0 23 0 0 0 4 0 0 2 0 0 1 0 0 0 17 0 0 0 0 0 22 0 0 0
0 0 18 14 0 0 0 0 0 6 0 6 14 0 0 29 0 24 0 0 0 3 0 0 1 0 0 0 0 0 0 17 0 0 0 0 0 21 0 0 0
12 8 0 0 0 0 16 0 0 0 0 0 0 0 1 0 0 0 0 0 0 0 26 0 0 0 0 0 18 1 0 0 0 0 10 33 0 0 0 10 0
0 0 24 19 0 0 0 0 0 7 0 6 20 0 0 38 0 31 0 0 0 3 0 0 2 1 0 1 0 0 0 19 0 0 0 0 0 27 0 0 0
8 0 0 0 0 0 4 0 0 0 0 0 0 0 0 0 0 0 0 0 0 0 7 0 0 0 0 0 8 0 0 0 0 0 21 26 0 0 0 14 0
0 0 18 14 0 0 0 0 0 5 0 6 13 0 0 26 0 22 0 0 0 4 0 0 1 0 0 1 0 0 0 17 0 0 0 0 0 21 0 0 0
2 0 0 0 0 0 0 0 0 0 0 1 0 0 0 0 0 0 0 0 0 0 1 0 0 1 0 0 4 0 0 4 0 0 16 17 0 0 0 14 0
0 0 20 16 0 0 0 0 0 6 0 6 16 0 0 31 0 26 0 0 0 3 0 0 1 0 0 1 0 0 0 18 0 0 0 0 0 23 0 0 0
0 0 13 11 0 0 0 0 0 3 0 4 7 0 0 14 0 13 0 0 0 4 0 0 0 1 0 0 0 0 0 15 0 0 3 0 0 14 0 9 0
0 0 20 15 0 0 0 0 0 6 0 6 15 0 0 30 0 25 0 0 0 3 0 0 2 0 0 1 0 0 0 18 0 0 0 0 0 23 0 0 0
0 0 9 8 0 0 0 0 0 2 0 3 4 0 0 7 0 8 0 0 0 3 0 0 0 2 0 0 0 0 0 14 0 0 8 5 0 9 0 11 0
1 0 0 0 0 0 0 0 0 0 0 1 0 0 0 0 0 0 0 0 0 0 1 0 0 1 0 0 4 0 0 5 0 0 14 17 0 0 0 14 0
0 0 15 12 0 0 0 0 0 4 0 5 10 0 0 20 0 17 0 0 0 3 0 0 1 0 0 0 0 0 0 17 0 0 0 0 0 17 0 2 0
11 0 0 0 0 0 4 0 0 0 0 0 0 0 0 0 0 0 0 0 0 0 6 0 0 1 0 0 8 0 0 0 0 0 26 30 0 0 0 15 0
0 0 16 13 0 0 0 0 0 4 0 5 11 0 0 22 0 19 0 0 0 4 0 0 1 0 0 0 0 0 0 18 0 0 0 0 0 19 0 2 0
14 0 0 0 0 0 5 0 0 0 0 0 0 0 0 0 0 0 0 0 0 0 7 0 0 1 0 0 9 0 0 0 0 0 29 33 0 0 0 16 0
0 2 23 17 0 0 0 0 0 8 0 6 21 0 0 40 0 31 0 0 0 2 0 0 1 0 0 1 0 0 0 18 0 0 0 0 0 27 0 0 0
0 0 4 3 0 0 0 0 0 1 0 3 1 0 0 4 0 3 0 0 0 1 3 0 0 0 0 0 3 0 0 7 0 0 4 9 0 4 0 8 0
13 4 0 0 0 0 12 0 0 0 0 0 0 0 0 0 0 0 0 0 0 0 19 0 0 0 0 0 14 0 0 0 0 0 19 34 0 0 0 13 0
2 0 0 0 0 0 3 0 0 0 0 0 0 0 0 0 0 0 0 0 0 0 6 0 0 0 0 0 7 0 0 1 0 0 11 18 0 0 0 12 0
5 0 0 0 0 0 2 0 0 0 0 0 0 0 0 0 0 0 0 0 0 0 4 0 0 1 0 0 6 0 0 0 0 0 18 22 0 0 0 14 0
2 0 0 0 0 0 0 0 0 0 0 1 0 0 0 0 0 0 0 0 0 0 0 0 0 1 0 0 3 0 0 3 0 0 18 17 0 0 0 14 0
0 0 20 15 0 0 0 0 0 6 0 6 15 0 0 30 0 24 0 0 0 4 0 0 2 0 0 1 0 0 0 18 0 0 0 0 0 22 0 0 0
13 2 0 0 0 0 8 0 0 0 0 0 0 0 0 0 0 0 0 0 0 0 13 0 0 0 0 0 11 0 0 0 0 0 22 32 0 0 0 13 0
12 0 0 0 0 0 4 0 0 0 0 0 0 0 0 0 0 0 0 0 0 0 7 0 0 1 0 0 8 0 0 0 0 0 26 30 0 0 0 14 0
3 0 0 0 0 0 0 0 0 0 0 0 0 0 0 0 0 0 0 0 0 0 0 0 0 2 0 0 3 0 0 0 0 0 22 19 0 0 0 14 0
0 0 7 5 0 0 0 0 0 2 0 3 4 0 0 11 0 8 0 0 0 1 3 0 0 0 0 0 2 0 0 10 0 0 0 2 0 9 0 3 0
0 0 20 15 0 0 0 0 0 6 0 6 16 0 0 31 0 25 0 0 0 4 0 0 2 0 0 1 0 0 0 17 0 0 0 0 0 23 0 0 0
5 0 0 0 0 0 1 0 0 0 0 0 0 0 0 0 0 0 0 0 0 0 3 0 0 1 0 0 6 0 0 0 0 0 19 22 0 0 0 14 0
0 4 4 2 0 0 3 0 0 3 0 3 4 0 0 15 0 11 0 0 0 3 11 0 1 0 0 0 4 0 0 9 0 0 0 0 0 11 0 0 0
0 3 18 13 0 0 0 0 0 7 0 6 16 0 0 34 0 27 0 0 0 2 1 0 0 0 0 0 0 0 0 16 0 0 0 0 0 24 0 0 0
0 0 17 13 0 0 0 0 0 5 0 6 13 0 0 25 0 21 0 0 0 3 0 0 1 0 0 1 0 0 0 18 0 0 0 0 0 20 0 0 0
6 0 0 0 0 0 0 0 0 0 0 0 0 0 0 0 0 0 0 0 0 0 0 0 0 3 0 0 2 0 0 0 0 1 25 21 0 0 0 14 0
12 3 0 0 0 0 10 0 0 0 0 0 0 0 0 0 0 0 0 0 0 0 16 0 0 0 0 0 13 0 0 0 0 0 18 31 0 0 0 13 0
12 1 0 0 0 0 7 0 0 0 0 0 0 0 0 0 0 0 0 0 0 0 12 0 0 0 0 0 11 0 0 0 0 0 22 31 0 0 0 14 0
0 0 11 9 0 0 0 0 0 3 0 4 8 0 0 18 0 14 0 0 0 2 0 0 0 0 0 0 0 0 0 14 0 0 0 0 0 14 0 1 0
0 0 20 15 0 0 0 0 0 6 0 6 15 0 0 30 0 25 0 0 0 3 0 0 2 0 0 1 0 0 0 18 0 0 0 0 0 22 0 0 0
10 2 0 0 0 0 8 0 0 0 0 0 0 0 0 0 0 0 0 0 0 0 13 0 0 0 0 0 11 0 0 0 0 0 18 28 0 0 0 13 0
0 0 4 4 0 0 0 0 0 0 0 2 0 0 0 0 0 1 0 0 0 1 0 0 0 1 0 0 2 0 0 9 0 0 12 12 0 3 0 12 0
2 0 0 0 0 0 0 0 0 0 0 1 0 0 0 0 0 0 0 0 0 0 0 0 0 1 0 0 3 0 0 4 0 0 18 17 0 0 0 14 0
13 0 0 0 0 0 4 0 0 0 0 0 0 0 0 0 0 0 0 0 0 0 6 0 0 1 0 0 8 0 0 0 0 0 29 32 0 0 0 15 0
1 4 0 0 0 0 6 0 0 0 0 0 0 0 0 2 0 1 0 0 0 2 13 0 0 0 0 0 7 0 0 2 0 0 0 10 0 2 0 4 0
8 2 0 0 0 0 8 0 0 0 0 0 0 0 0 0 0 0 0 0 0 0 14 0 0 0 0 0 11 0 0 0 0 0 14 25 0 0 0 11 0
0 0 18 13 0 0 0 0 0 6 0 6 14 0 0 30 0 24 0 0 0 3 0 0 1 0 0 1 0 0 0 18 0 0 0 0 0 22 0 0 0
0 0 19 14 0 0 0 0 0 5 0 6 14 0 0 27 0 23 0 0 0 3 0 0 1 0 0 1 0 0 0 18 0 0 0 0 0 21 0 0 0
15 2 0 0 0 0 9 0 0 0 0 0 0 0 0 0 0 0 0 0 0 0 14 0 0 0 0 0 12 0 0 0 0 0 23 34 0 0 0 14 0
1 4 0 0 0 0 6 0 0 0 0 0 0 0 0 0 0 0 0 0 0 1 14 0 0 0 0 0 8 0 0 1 0 0 0 12 0 0 0 5 0
2 3 0 0 0 0 5 0 0 0 0 0 0 0 0 0 0 0 0 0 0 1 13 0 0 0 0 0 8 0 0 1 0 0 2 14 0 0 0 7 0
3 0 0 0 0 0 0 0 0 0 0 0 0 0 0 0 0 0 0 0 0 0 0 0 0 2 0 0 3 0 0 1 0 0 19 18 0 0 0 14 0
15 0 0 0 0 0 7 0 0 0 0 0 0 0 0 0 0 0 0 0 0 0 9 0 0 0 0 0 10 1 0 0 0 0 29 34 0 0 0 15 0
10 5 0 0 0 0 11 0 0 0 0 0 0 0 0 0 0 0 0 0 0 0 19 0 0 0 0 0 14 1 0 0 0 0 11 27 0 0 0 9 0
3 0 0 0 0 0 0 0 0 0 0 0 0 0 0 0 0 0 0 0 0 0 0 0 0 1 0 0 4 0 0 0 0 0 19 19 0 0 0 14 0
6 1 0 0 0 0 5 0 0 0 0 0 0 0 0 0 0 0 0 0 0 0 10 0 0 0 0 0 9 0 0 0 0 0 14 23 0 0 0 12 0
9 1 0 0 0 0 7 0 0 0 0 0 0 0 0 0 0 0 0 0 0 0 11 0 0 0 0 0 10 0 0 0 0 0 18 27 0 0 0 13 0
8 0 0 0 0 0 2 0 0 0 0 0 0 0 0 0 0 0 0 0 0 0 4 0 0 0 0 0 7 0 0 0 0 0 23 26 0 0 0 15 0
10 1 0 0 0 0 7 0 0 0 0 0 0 0 0 0 0 0 0 0 0 0 11 0 0 0 0 0 10 0 0 0 0 0 18 27 0 0 0 13 0
1 6 0 0 0 0 8 0 0 0 0 0 0 0 0 2 0 0 0 0 0 2 18 0 1 0 0 0 9 0 0 0 0 0 0 10 0 1 0 2 0
0 0 19 15 0 0 0 0 0 6 0 6 15 0 0 29 0 24 0 0 0 4 0 0 2 0 0 1 0 0 0 17 0 0 0 0 0 22 0 0 0
0 0 17 13 0 0 0 0 0 5 0 5 13 0 0 26 0 22 0 0 0 3 0 0 1 0 0 0 0 0 0 16 0 0 0 0 0 20 0 0 0
9 0 0 0 0 0 4 0 0 0 0 0 0 0 0 0 0 0 0 0 0 0 7 0 0 0 0 0 8 0 0 0 0 0 21 26 0 0 0 14 0
0 0 8 6 0 0 0 0 0 1 0 3 3 0 0 6 0 6 0 0 0 2 0 0 0 1 0 0 1 0 0 11 0 0 8 8 0 7 0 11 0
10 1 0 0 0 0 6 0 0 0 0 0 0 0 0 0 0 0 0 0 0 0 11 0 0 0 0 0 10 0 0 0 0 0 20 28 0 0 0 13 0
0 0 20 15 0 0 0 0 0 6 0 5 16 0 0 31 0 25 0 0 0 3 0 0 1 0 0 1 0 0 0 17 0 0 0 0 0 23 0 0 0
0 1 16 11 0 0 0 0 0 6 0 5 13 0 0 27 0 22 0 0 0 3 0 0 1 0 0 0 0 0 0 16 0 0 0 0 0 20 0 0 0
0 0 17 13 0 0 0 0 0 5 0 6 12 0 0 25 0 21 0 0 0 3 0 0 1 0 0 1 0 0 0 17 0 0 0 0 0 20 0 0 0
3 0 0 0 0 0 0 0 0 0 0 0 0 0 0 0 0 0 0 0 0 0 1 0 0 1 0 0 4 0 0 0 0 0 18 19 0 0 0 14 0
0 1 23 18 0 0 0 0 0 7 0 6 20 0 0 39 0 31 0 0 0 3 0 0 1 0 0 1 0 0 0 18 0 0 0 0 0 27 0 0 0
0 0 18 14 0 0 0 0 0 5 0 6 13 0 0 26 0 22 0 0 0 3 0 0 1 0 0 1 0 0 0 18 0 0 0 0 0 21 0 0 0
9 4 0 0 0 0 11 0 0 0 0 0 0 0 0 0 0 0 0 0 0 0 17 0 0 0 0 0 14 0 0 0 0 0 13 28 0 0 0 11 0
0 0 16 13 0 0 0 0 0 4 0 5 11 0 0 23 0 19 0 0 0 3 0 0 1 0 0 0 0 0 0 17 0 0 0 0 0 18 0 0 0
10 1 0 0 0 0 8 0 0 0 0 0 0 0 0 0 0 0 0 0 0 0 13 0 0 0 0 0 11 0 0 0 0 0 18 28 0 0 0 13 0
0 0 7 6 0 0 0 0 0 1 0 3 2 0 0 4 0 4 0 0 0 1 0 0 0 1 0 0 1 0 0 13 0 0 11 9 0 6 0 12 0
0 0 19 14 0 0 0 0 0 6 0 6 15 0 0 30 0 24 0 0 0 3 0 0 1 0 0 1 0 0 0 17 0 0 0 0 0 22 0 0 0
9 0 0 0 0 0 3 0 0 0 0 0 0 0 0 0 0 0 0 0 0 0 6 0 0 1 0 0 7 0 0 0 0 0 22 25 0 0 0 14 0
8 0 0 0 0 0 5 0 0 0 0 0 0 0 0 0 0 0 0 0 0 0 9 0 0 0 0 0 10 0 0 0 0 0 19 26 0 0 0 13 0
0 0 20 16 0 0 0 0 0 5 0 6 14 0 0 27 0 23 0 0 0 4 0 0 2 0 0 1 0 0 0 17 0 0 0 0 0 21 0 0 0
7 0 0 0 0 0 3 0 0 0 0 0 0 0 0 0 0 0 0 0 0 0 5 0 0 1 0 0 6 0 0 0 0 0 20 24 0 0 0 14 0
12 5 0 0 0 0 12 0 0 0 0 0 0 0 0 0 0 0 0 0 0 0 20 0 0 0 0 0 15 0 0 0 0 0 15 32 0 0 0 12 0
0 0 17 14 0 0 0 0 0 4 0 6 11 0 0 20 0 17 0 0 0 4 0 0 1 1 0 0 0 0 0 17 0 0 0 0 0 18 0 3 0
0 1 20 15 0 0 0 0 0 7 0 6 17 0 0 33 0 27 0 0 0 2 0 0 1 0 0 1 0 0 0 18 0 0 0 0 0 24 0 0 0
