10 18 0 0 0 0 0 0 0 0 0 0 4 0 0 0 0 0 0 0 0 0 0 0 0 1 26 16 16 10 2 0 0 2 0 0 0 14 0 0 16
2 13 3 0 0 0 0 0 0 0 0 0 0 0 0 0 0 0 0 0 0 0 3 0 0 0 0 14 0 3 0 3 0 0 20 17 0 0 0 12 3
0 0 12 3 0 0 0 0 0 0 0 5 0 1 0 0 0 0 0 0 0 0 2 0 0 0 0 0 0 0 0 18 0 0 44 41 0 0 0 54 0
0 0 12 0 0 0 0 0 0 0 0 3 0 0 0 0 0 0 0 0 0 0 2 0 0 0 0 0 0 0 0 24 0 0 41 36 0 0 0 45 0
0 0 9 1 0 0 0 0 0 0 0 3 0 0 0 0 0 0 0 0 0 0 3 0 0 0 0 0 0 0 0 16 0 0 40 35 0 0 0 44 0
0 10 5 0 0 0 0 0 0 0 0 1 0 0 0 0 0 0 0 0 0 0 4 0 0 0 0 12 0 1 0 6 0 0 26 22 0 0 0 21 0
0 0 20 0 0 0 0 0 0 0 0 0 0 0 0 0 0 0 0 0 0 0 4 0 0 6 4 0 1 0 2 47 0 2 13 27 0 0 0 14 0
0 0 13 0 0 0 0 0 0 0 0 1 0 1 0 0 0 0 0 1 0 0 7 0 0 1 0 0 0 0 0 36 0 0 40 43 0 0 0 46 0
0 0 20 0 0 0 0 0 0 0 0 0 0 0 0 0 0 0 0 0 0 0 4 0 0 5 4 0 2 0 1 45 0 1 12 24 0 0 0 13 0
0 0 12 1 0 0 0 0 0 0 0 2 0 1 0 0 0 0 0 0 0 0 5 0 0 0 0 0 0 0 0 31 0 0 43 41 0 0 0 50 0
0 0 12 4 0 0 0 0 0 0 0 5 0 1 0 0 0 0 0 0 0 0 4 0 0 0 0 0 0 0 0 20 0 0 47 44 0 0 0 59 0
0 0 13 0 0 0 0 0 0 0 0 3 0 0 0 0 0 0 0 0 0 0 4 0 0 0 0 0 0 0 0 30 0 0 40 38 0 0 0 46 0
0 2 8 0 0 0 0 0 0 0 0 1 0 0 0 0 0 0 0 0 0 0 2 0 0 0 0 5 0 0 0 17 0 0 25 22 0 0 0 24 0
15 19 2 0 0 0 1 0 0 0 0 0 25 0 0 0 0 1 0 0 0 0 0 6 0 10 62 0 45 20 12 1 0 26 0 0 1 41 0 0 31
5 6 11 0 0 0 0 0 0 0 0 0 10 0 0 0 0 0 0 0 0 0 0 0 0 7 36 0 24 7 6 20 0 12 0 0 0 16 0 0 13
3 4 13 0 0 0 0 0 0 0 0 0 6 0 0 0 0 0 0 0 0 0 0 0 0 6 29 0 18 4 4 26 0 8 0 0 0 8 0 0 10
3 7 9 0 0 0 0 0 0 0 0 0 1 0 0 0 0 0 0 0 0 0 0 0 0 3 20 3 11 4 3 19 0 3 0 0 0 5 0 0 8
12 21 0 0 0 0 0 0 0 0 0 0 1 0 0 0 0 0 0 0 0 0 0 0 0 0 23 23 15 11 0 0 0 0 0 0 0 12 0 0 17
0 6 10 1 0 0 0 0 0 0 0 4 0 0 0 0 0 0 0 0 0 0 3 0 0 0 0 6 0 0 0 4 0 0 35 30 0 0 0 37 0
0 10 6 0 0 0 0 0 0 0 0 1 0 0 0 0 0 0 0 0 0 0 3 0 0 0 0 13 0 1 0 5 0 0 31 25 0 0 0 26 0
0 0 17 0 0 0 0 0 0 0 0 0 0 0 0 0 0 0 0 0 0 0 6 0 0 3 0 0 0 0 0 41 0 0 27 34 0 0 0 31 0
9 19 0 0 0 0 0 0 0 0 0 0 0 0 0 0 0 0 0 0 0 0 0 0 0 0 21 21 11 9 0 0 0 0 0 0 0 10 0 0 14
0 0 16 7 1 0 0 0 0 0 0 9 0 1 0 0 0 0 0 0 0 0 1 0 0 0 0 0 0 0 0 7 0 0 42 41 0 0 0 55 0
8 14 4 0 0 0 0 0 0 0 0 0 11 0 0 0 0 0 0 0 0 0 0 1 0 4 34 5 23 11 5 6 0 10 0 0 0 19 0 0 17
0 0 12 1 0 0 0 0 0 0 0 4 0 0 0 0 0 0 0 0 0 0 4 0 0 0 0 0 0 0 0 25 0 0 46 43 0 0 0 55 0
0 0 12 0 0 0 0 0 0 0 0 2 0 0 0 0 0 0 0 0 0 0 3 0 0 0 0 0 0 0 0 28 0 0 38 34 0 0 0 44 0
4 0 17 0 0 0 0 0 0 0 0 0 10 0 0 0 0 0 0 0 0 0 0 0 0 10 37 0 24 3 6 34 0 12 0 0 0 11 0 0 9
17 26 0 0 0 0 0 0 0 0 0 0 0 0 0 0 0 0 0 0 0 0 0 0 0 0 24 30 16 12 0 0 0 0 0 0 0 9 0 0 21
9 19 0 0 0 0 0 0 0 0 0 0 2 0 0 0 0 0 0 0 0 0 0 0 0 0 23 18 14 10 2 0 0 0 0 0 0 12 0 0 15
19 29 0 0 0 0 0 0 1 0 0 0 17 0 0 0 0 2 0 0 0 0 0 3 0 1 47 21 35 21 7 0 0 15 0 0 0 35 0 0 31
7 13 4 0 0 0 0 0 0 0 0 0 7 0 0 0 0 0 0 0 0 0 0 0 0 3 28 7 18 9 4 6 0 7 0 0 0 15 0 0 14
0 0 12 3 0 0 0 0 0 0 0 5 0 1 0 0 0 0 0 0 0 0 3 0 0 0 0 0 0 0 0 21 0 0 46 42 0 0 0 56 0
0 0 12 4 0 0 0 0 0 0 0 6 0 1 0 0 0 0 0 0 0 0 2 0 0 0 0 0 0 0 0 17 0 0 46 44 0 0 0 58 0
0 0 12 1 0 0 0 0 0 0 0 4 0 0 0 0 0 0 0 0 0 0 3 0 0 0 0 0 0 0 0 24 0 0 45 42 0 0 0 54 0
0 0 21 0 0 0 0 0 0 0 0 0 0 0 0 0 0 0 0 0 0 0 3 0 0 8 12 0 7 0 3 48 0 4 0 18 0 0 0 0 0
0 0 20 0 0 0 0 0 0 0 0 0 0 0 0 0 0 0 0 0 0 0 3 0 0 6 6 0 3 0 1 44 0 1 10 22 0 0 0 10 0
0 0 12 0 0 0 0 0 0 0 0 3 0 0 0 0 0 0 0 0 0 0 3 0 0 0 0 0 0 0 0 25 0 0 40 37 0 0 0 44 0
15 24 0 0 0 0 0 0 0 0 0 0 11 0 0 0 0 0 0 0 0 0 0 0 0 1 36 20 25 16 5 0 0 9 0 0 0 26 0 0 23
1 6 12 3 1 0 0 0 0 0 0 5 0 0 0 0 0 0 0 0 0 0 2 0 0 0 0 5 0 0 0 2 0 0 34 29 0 0 0 37 0
0 0 18 0 0 0 0 0 0 0 0 0 1 0 0 0 0 0 0 0 0 0 0 0 0 6 16 0 9 0 2 38 0 3 0 7 0 0 0 0 1
0 0 18 0 0 0 0 0 0 0 0 1 0 0 0 0 0 0 0 0 0 0 4 0 0 3 0 0 0 0 0 40 0 0 22 28 0 0 0 26 0
0 0 12 1 0 0 0 0 0 0 0 3 0 0 0 0 0 0 0 0 0 0 4 0 0 0 0 0 0 0 0 30 0 0 46 42 0 0 0 54 0
10 16 0 0 0 0 0 0 0 0 0 0 11 0 0 0 0 0 0 0 0 0 0 1 0 3 33 11 22 12 4 0 0 9 0 0 0 21 0 0 17
9 17 0 0 0 0 0 0 0 0 0 0 6 0 0 0 0 0 0 0 0 0 0 0 0 1 27 14 17 10 3 0 0 4 0 0 0 15 0 0 15
15 25 0 0 0 0 0 0 0 0 0 0 7 0 0 0 0 0 0 0 0 0 0 0 0 0 32 22 22 15 3 0 0 6 0 0 0 22 0 0 22
0 0 13 5 0 0 0 0 0 0 0 7 0 1 0 0 0 0 0 0 0 0 1 0 0 0 0 0 0 0 0 13 0 0 43 41 0 0 0 54 0
12 22 0 0 0 0 0 0 0 0 0 0 0 0 0 0 0 0 0 0 0 0 0 0 0 0 22 24 13 11 0 0 0 0 0 0 0 11 0 0 16
0 2 15 4 0 0 0 0 0 0 0 7 0 0 0 0 0 0 0 0 0 0 1 0 0 0 0 0 0 0 0 8 0 0 41 38 0 0 0 49 0
9 13 5 0 0 0 0 0 0 0 0 0 12 0 0 0 0 0 0 0 0 0 0 1 0 5 38 3 25 11 6 9 0 12 0 0 0 22 0 0 17
19 29 0 0 0 0 0 0 0 0 0 0 11 0 0 0 0 0 0 0 0 0 0 0 0 0 40 25 30 19 4 0 0 9 0 0 0 28 0 0 28
26 35 0 0 0 0 0 0 0 1 0 0 13 0 0 0 0 0 0 1 0 0 0 0 0 0 48 31 38 23 4 0 0 11 0 0 0 31 0 0 36
4 11 5 0 0 0 0 0 0 0 0 2 0 0 0 0 0 0 0 0 0 0 2 0 0 0 0 16 0 3 0 2 0 0 27 20 0 0 0 21 0
0 4 11 3 1 0 0 0 0 0 0 5 0 0 0 0 0 0 0 0 0 0 2 0 0 0 0 2 0 0 0 5 0 0 35 31 0 0 0 40 0
18 27 0 0 0 0 0 0 0 0 0 0 5 0 0 0 0 0 0 0 0 0 0 0 0 0 33 28 23 16 1 0 0 3 0 0 0 20 0 0 24
0 0 12 2 0 0 0 0 0 0 0 4 0 0 0 0 0 0 0 0 0 0 4 0 0 0 0 0 0 0 0 26 0 0 47 43 0 0 0 56 0
0 0 14 9 1 0 0 0 0 0 0 10 0 3 0 0 0 0 0 0 0 0 1 0 0 0 0 0 0 0 0 5 0 0 45 45 0 0 0 63 0
14 23 0 0 0 0 0 0 0 0 0 0 0 0 0 0 0 0 0 0 0 0 0 0 0 0 23 27 14 12 0 0 0 0 0 0 0 10 0 0 18
0 0 18 0 0 0 0 0 0 0 0 1 0 0 0 0 0 0 0 0 0 0 4 0 0 4 0 0 0 0 0 41 0 0 19 26 0 0 0 22 0
0 0 15 0 0 0 0 0 0 0 0 0 0 0 0 0 0 0 0 0 0 0 1 0 0 3 8 0 3 0 0 34 0 0 9 13 0 0 0 7 0
11 20 0 0 0 0 0 0 0 0 0 0 8 0 0 0 0 0 0 0 0 0 0 0 0 2 31 16 21 13 4 0 0 6 0 0 0 20 0 0 19
0 0 13 6 0 0 0 0 0 0 0 7 0 2 0 0 0 0 0 0 0 0 1 0 0 0 0 0 0 0 0 10 0 0 43 42 0 0 0 56 0
8 18 1 0 0 0 0 0 0 0 0 0 0 0 0 0 0 0 0 0 0 0 1 0 0 0 7 24 1 7 0 0 0 0 18 11 0 0 0 1 7
6 10 7 0 0 0 0 0 0 0 0 0 8 0 0 0 0 0 0 0 0 0 0 0 0 5 30 3 20 8 5 12 0 9 0 0 0 15 0 0 13
14 24 0 0 0 0 0 0 0 0 0 0 11 0 0 0 0 0 0 0 0 0 0 1 0 1 37 19 26 16 5 0 0 9 0 0 0 25 0 0 24
18 26 0 0 0 0 0 0 0 0 0 0 0 0 0 0 0 0 0 0 0 0 0 0 0 0 28 29 20 13 0 0 0 0 0 0 0 11 0 0 23
1 11 4 0 0 0 0 0 0 0 0 0 0 0 0 0 0 0 0 0 0 0 3 0 0 0 1 13 0 2 0 7 0 0 18 15 0 0 0 11 3
0 0 23 0 0 0 0 0 0 0 0 0 3 0 0 0 0 0 0 0 0 0 0 0 0 9 21 0 13 0 4 49 0 6 0 7 0 0 0 0 0
0 0 13 0 0 0 0 0 0 0 0 3 0 0 0 0 0 0 0 0 0 0 4 0 0 0 0 0 0 0 0 26 0 0 42 39 0 0 0 49 0
0 0 12 2 0 0 0 0 0 0 0 2 0 2 0 0 0 0 0 1 0 0 7 0 0 0 0 0 0 0 0 32 0 0 47 46 0 0 0 55 0
12 21 0 0 0 0 0 0 0 0 0 0 0 0 0 0 0 0 0 0 0 0 0 0 0 0 16 28 8 9 0 0 0 0 8 3 0 4 1 0 13
0 0 21 0 0 0 0 0 0 0 0 0 0 0 0 0 0 0 0 0 0 0 1 0 0 7 11 0 7 0 2 46 0 3 4 16 0 0 0 2 0
21 31 0 0 0 0 0 0 0 0 0 0 13 0 0 0 0 1 0 0 0 0 0 0 0 0 44 26 34 21 5 0 0 11 0 0 0 32 0 0 32
0 3 10 0 0 0 0 0 0 0 0 0 0 0 0 0 0 0 0 0 0 0 1 0 0 3 13 2 6 1 1 23 0 0 1 5 0 0 0 0 3
27 34 0 0 0 0 0 0 0 1 0 0 12 0 0 0 0 0 0 1 0 0 0 0 0 0 48 32 38 23 3 0 0 10 0 0 0 30 0 0 36
0 0 14 4 0 0 0 0 0 0 0 6 0 0 0 0 0 0 0 0 0 0 2 0 0 0 0 0 0 0 0 12 0 0 42 40 0 0 0 52 0
9 12 6 0 0 0 0 0 0 0 0 4 0 0 0 0 0 0 0 0 0 0 2 0 0 0 0 19 0 4 0 0 0 0 25 17 0 0 0 15 2
0 0 12 1 0 0 0 0 0 0 0 3 0 0 0 0 0 0 0 0 0 0 4 0 0 0 0 0 0 0 0 28 0 0 45 42 0 0 0 53 0
0 6 6 0 0 0 0 0 0 0 0 2 0 0 0 0 0 0 0 0 0 0 3 0 0 0 0 9 0 0 0 7 0 0 34 28 0 0 0 34 0
0 0 17 0 0 0 0 0 0 0 0 1 0 0 0 0 0 0 0 0 0 0 4 0 0 2 0 0 0 0 0 39 0 0 29 32 0 0 0 34 0
0 0 13 1 0 0 0 0 0 0 0 5 0 0 0 0 0 0 0 0 0 0 3 0 0 0 0 0 0 0 0 24 0 0 45 41 0 0 0 54 0
15 24 0 0 0 0 0 0 1 0 0 0 15 0 0 0 0 1 0 0 0 0 0 2 0 2 42 16 31 18 6 0 0 13 0 0 0 29 0 0 27
0 0 12 2 0 0 0 0 0 0 0 4 0 2 0 0 0 0 0 1 0 0 5 0 0 0 0 0 0 0 0 29 0 0 49 47 0 0 0 60 0
13 23 0 0 0 0 0 0 0 0 0 0 0 0 0 0 0 0 0 0 0 0 0 0 0 0 22 26 14 11 0 0 0 0 0 0 0 10 0 0 17
0 0 15 6 1 0 0 0 0 0 0 8 0 1 0 0 0 0 0 0 0 0 1 0 0 0 0 0 0 0 0 8 0 0 42 41 0 0 0 54 0
12 22 0 0 0 0 0 0 0 0 0 0 0 0 0 0 0 0 0 0 0 0 0 0 0 0 23 24 14 11 0 0 0 0 0 0 0 12 0 0 17
14 22 0 0 0 0 0 0 0 0 0 0 7 0 0 0 0 0 0 0 0 0 0 0 0 1 31 20 22 14 3 0 0 5 0 0 0 20 0 0 20
11 18 0 0 0 0 0 0 0 0 0 0 0 0 0 0 0 0 0 1 0 0 1 0 0 0 9 26 2 7 0 0 0 0 16 10 0 0 0 0 8
0 1 10 1 0 0 0 0 0 0 0 3 0 0 0 0 0 0 0 0 0 0 2 0 0 0 0 0 0 0 0 12 0 0 40 35 0 0 0 45 0
14 24 0 0 0 0 0 0 0 0 0 0 1 0 0 0 0 0 0 0 0 0 0 0 0 0 27 24 18 13 1 0 0 1 0 0 0 15 0 0 20
0 0 13 2 0 0 0 0 0 0 0 5 0 0 0 0 0 0 0 0 0 0 3 0 0 0 0 0 0 0 0 22 0 0 44 41 0 0 0 53 0
5 12 2 0 0 0 0 0 0 0 0 0 0 0 0 0 0 0 0 0 0 0 0 0 0 1 19 12 11 7 1 6 0 0 0 0 0 7 0 0 10
14 22 0 0 0 0 0 0 0 0 0 0 0 0 0 0 0 0 0 0 0 0 0 0 0 0 16 28 7 9 0 0 0 0 12 5 0 0 0 0 13
1 0 17 0 0 0 0 0 0 0 0 0 4 0 0 0 0 0 0 0 0 0 0 0 0 7 23 0 14 0 3 35 0 6 0 0 0 2 0 0 4
0 0 14 0 0 0 0 0 0 0 0 0 0 0 0 0 0 0 0 0 0 0 0 0 0 3 10 0 6 0 0 30 0 0 5 10 0 0 0 0 1
0 0 14 6 0 0 0 0 0 0 0 7 0 2 0 0 0 0 0 0 0 0 1 0 0 0 0 0 0 0 0 11 0 0 44 43 0 0 0 57 0
0 0 18 0 0 0 0 0 0 0 0 0 0 0 0 0 0 0 0 0 0 0 1 0 0 5 11 0 6 0 1 38 0 2 2 11 0 0 0 0 0
0 0 19 0 0 0 0 0 0 0 0 0 0 0 0 0 0 0 0 0 0 0 5 0 0 4 0 0 0 0 1 43 0 0 22 32 0 0 0 24 0
0 0 10 0 0 0 0 0 0 0 0 2 0 0 0 0 0 0 0 0 0 0 3 0 0 0 0 0 0 0 0 18 0 0 40 35 0 0 0 43 0
0 0 13 3 0 0 0 0 0 0 0 6 0 1 0 0 0 0 0 0 0 0 1 0 0 0 0 0 0 0 0 16 0 0 45 41 0 0 0 55 0
0 0 13 2 0 0 0 0 0 0 0 5 0 0 0 0 0 0 0 0 0 0 2 0 0 0 0 0 0 0 0 21 0 0 45 41 0 0 0 54 0
0 0 12 4 0 0 0 0 0 0 0 6 0 1 0 0 0 0 0 0 0 0 2 0 0 0 0 0 0 0 0 17 0 0 46 43 0 0 0 57 0
2 12 3 0 0 0 0 0 0 0 0 0 0 0 0 0 0 0 0 0 0 0 3 0 0 0 0 16 0 3 0 3 0 0 25 19 0 0 0 17 2
12 22 0 0 0 0 0 0 0 0 0 0 2 0 0 0 0 0 0 0 0 0 0 0 0 0 25 22 16 11 1 0 0 1 0 0 0 14 0 0 18
18 27 0 0 0 0 0 0 0 1 0 0 0 0 0 0 0 0 0 0 0 0 0 0 0 0 24 31 16 13 0 0 0 0 1 0 0 8 0 0 22
0 0 10 0 0 0 0 0 0 0 0 3 0 0 0 0 0 0 0 0 0 0 2 0 0 0 0 0 0 0 0 16 0 0 40 36 0 0 0 46 0
0 0 17 0 0 0 0 0 0 0 0 0 3 0 0 0 0 0 0 0 0 0 0 0 0 6 20 0 12 0 3 34 0 5 0 0 0 1 0 0 3
0 0 13 3 0 0 0 0 0 0 0 6 0 1 0 0 0 0 0 0 0 0 2 0 0 0 0 0 0 0 0 17 0 0 45 42 0 0 0 55 0
10 17 0 0 0 0 0 0 0 0 0 0 6 0 0 0 0 0 0 0 0 0 0 0 0 2 27 15 18 11 3 0 0 5 0 0 0 15 0 0 15
10 17 0 0 0 0 0 0 0 0 0 0 7 0 0 0 0 0 0 0 0 0 0 0 0 2 29 15 19 11 3 0 0 5 0 0 0 17 0 0 16
0 0 12 7 0 0 0 0 0 0 0 7 0 3 0 0 0 0 0 0 0 0 3 0 0 0 0 0 0 0 0 9 0 0 44 44 0 0 0 60 0
0 0 14 10 1 0 0 0 0 0 0 9 0 4 0 0 0 0 0 0 0 0 2 0 0 0 0 0 0 0 0 2 0 0 45 45 0 0 0 63 0
0 0 12 1 0 0 0 0 0 0 0 4 0 0 0 0 0 0 0 0 0 0 3 0 0 0 0 0 0 0 0 25 0 0 46 42 0 0 0 53 0
0 0 21 0 0 0 0 0 0 0 0 0 1 0 0 0 0 0 0 0 0 0 0 0 0 7 15 0 10 0 2 44 0 4 0 9 0 0 0 0 0
0 0 12 5 0 0 0 0 0 0 0 6 0 2 0 0 0 0 0 0 0 0 2 0 0 0 0 0 0 0 0 15 0 0 45 43 0 0 0 58 0
0 0 13 0 0 0 0 0 0 0 0 2 0 0 0 0 0 0 0 0 0 0 4 0 0 0 0 0 0 0 0 34 0 0 39 39 0 0 0 43 0
8 17 1 0 0 0 0 0 0 0 0 0 0 0 0 0 0 0 0 0 0 0 1 0 0 0 9 23 3 7 0 0 0 0 14 9 0 0 0 0 8
0 0 12 0 0 0 0 0 0 0 0 0 0 1 0 0 0 0 0 0 0 0 6 0 0 0 0 0 0 0 0 34 0 0 40 42 0 0 0 46 0
0 0 12 1 0 0 0 0 0 0 0 4 0 1 0 0 0 0 0 0 0 0 4 0 0 0 0 0 0 0 0 29 0 0 47 43 0 0 0 56 0
0 0 14 8 0 0 0 0 0 0 0 9 0 3 0 0 0 0 0 0 0 0 2 0 0 0 0 0 0 0 0 7 0 0 44 43 0 0 0 60 0
0 0 12 3 0 0 0 0 0 0 0 6 0 0 0 0 0 0 0 0 0 0 1 0 0 0 0 0 0 0 0 15 0 0 44 40 0 0 0 54 0
15 23 0 0 0 0 0 0 0 0 0 0 0 0 0 0 0 0 0 0 0 0 0 0 0 0 23 26 15 11 0 0 0 0 0 0 0 10 0 0 18
7 13 5 0 0 0 0 0 0 0 0 0 7 0 0 0 0 0 0 0 0 0 0 0 0 3 29 7 18 9 4 9 0 6 0 0 0 14 0 0 13
0 0 13 4 0 0 0 0 0 0 0 7 0 1 0 0 0 0 0 0 0 0 1 0 0 0 0 0 0 0 0 16 0 0 45 41 0 0 0 55 0
0 0 16 0 0 0 0 0 0 0 0 2 0 0 0 0 0 0 0 0 0 0 4 0 0 2 0 0 0 0 0 38 0 0 29 32 0 0 0 34 0
0 0 18 0 0 0 0 0 0 0 0 2 0 0 0 0 0 0 0 0 0 0 2 0 0 2 0 0 0 0 0 39 0 0 28 29 0 0 0 32 0
20 30 0 0 0 0 0 0 1 0 0 0 18 0 0 0 0 2 0 0 0 0 0 3 0 1 49 21 37 23 7 0 0 16 0 0 0 37 0 0 33
14 24 0 0 0 0 0 0 0 0 0 0 6 0 0 0 0 0 0 0 0 0 0 0 0 0 30 22 21 14 2 0 0 4 0 0 0 20 0 0 21
18 27 0 0 0 0 0 0 0 0 0 0 8 0 0 0 0 0 0 0 0 0 0 0 0 0 36 25 27 17 3 0 0 7 0 0 0 24 0 0 26
11 17 0 0 0 0 0 0 0 0 0 0 9 0 0 0 0 0 0 0 0 0 0 0 0 2 30 14 20 12 4 0 0 7 0 0 0 19 0 0 17
17 26 0 0 0 0 0 0 0 0 0 0 0 0 0 0 0 0 0 0 0 0 0 0 0 0 27 29 18 13 0 0 0 0 0 0 0 11 0 0 21
0 0 12 3 0 0 0 0 0 0 0 5 0 1 0 0 0 0 0 0 0 0 2 0 0 0 0 0 0 0 0 20 0 0 47 43 0 0 0 57 0
0 4 13 3 1 0 0 0 0 0 0 6 0 0 0 0 0 0 0 0 0 0 2 0 0 0 0 0 0 0 0 5 0 0 38 34 0 0 0 44 0
19 28 0 0 0 0 0 0 0 0 0 0 7 0 0 0 0 0 0 0 0 0 0 0 0 0 35 27 26 17 2 0 0 5 0 0 0 23 0 0 26
11 21 0 0 0 0 0 0 0 0 0 0 0 0 0 0 0 0 0 0 0 0 0 0 0 0 19 26 10 10 0 0 0 0 0 0 0 7 1 0 14
0 8 5 0 0 0 0 0 0 0 0 0 0 0 0 0 0 0 0 0 0 0 3 0 0 0 0 12 0 1 0 8 0 0 25 21 0 0 0 21 0
0 0 11 1 0 0 0 0 0 0 0 2 0 1 0 0 0 0 0 1 0 0 6 0 0 0 0 0 0 0 0 31 0 0 46 44 0 0 0 53 0
16 25 0 0 0 0 0 0 1 0 0 0 17 0 0 0 0 1 0 0 0 0 0 3 0 3 45 15 33 19 7 0 0 15 0 0 0 33 0 0 28
0 0 13 0 0 0 0 0 0 0 0 3 0 0 0 0 0 0 0 0 0 0 2 0 0 0 0 0 0 0 0 26 0 0 39 35 0 0 0 44 0
17 26 0 0 0 0 0 0 0 0 0 0 7 0 0 0 0 0 0 0 0 0 0 0 0 0 33 25 24 15 2 0 0 5 0 0 0 21 0 0 24
13 23 0 0 0 0 0 0 0 0 0 0 1 0 0 0 0 0 0 0 0 0 0 0 0 0 25 24 16 12 0 0 0 0 0 0 0 14 0 0 19
0 3 11 0 0 0 0 0 0 0 0 0 1 0 0 0 0 0 0 0 0 0 0 0 0 4 17 0 10 2 2 24 0 2 0 0 0 2 0 0 5
0 0 18 0 0 0 0 0 0 0 0 0 4 0 0 0 0 0 0 0 0 0 0 0 0 8 25 0 15 0 4 38 0 7 0 0 0 2 0 0 4
0 0 14 0 0 0 0 0 0 0 0 2 0 0 0 0 0 0 0 0 0 0 3 0 0 1 0 0 0 0 0 32 0 0 32 31 0 0 0 36 0
0 3 9 1 0 0 0 0 0 0 0 3 0 0 0 0 0 0 0 0 0 0 3 0 0 0 0 0 0 0 0 11 0 0 40 35 0 0 0 43 0
6 13 5 0 0 0 0 0 0 0 0 2 0 0 0 0 0 0 0 0 0 0 2 0 0 0 0 19 0 4 0 0 0 0 24 17 0 0 0 16 2
5 14 1 0 0 0 0 0 0 0 0 0 0 0 0 0 0 0 0 0 0 0 2 0 0 0 5 20 0 5 0 2 0 0 15 11 0 1 0 3 5
4 13 1 0 0 0 0 0 0 0 0 0 0 0 0 0 0 0 0 0 0 0 2 0 0 0 6 17 1 5 0 3 0 0 13 10 0 1 0 3 5
0 0 16 8 1 0 0 0 0 0 0 9 0 2 0 0 0 0 0 0 0 0 1 0 0 0 0 0 0 0 0 5 0 0 41 41 0 0 0 56 0
14 22 0 0 0 0 0 0 1 0 0 0 18 0 0 0 0 1 0 0 0 0 0 4 0 5 47 9 34 18 8 0 0 17 0 0 0 34 0 0 26
13 23 0 0 0 0 0 0 0 0 0 0 10 0 0 0 0 0 0 0 0 0 0 0 0 1 34 18 24 15 4 0 0 8 0 0 0 22 0 0 22
8 13 5 0 0 0 0 0 0 0 0 2 0 0 0 0 0 0 0 0 0 0 1 0 0 0 2 20 0 5 0 1 0 0 21 15 0 0 0 9 3
7 11 5 0 0 0 0 0 0 0 0 0 8 0 0 0 0 0 0 0 0 0 0 0 0 4 31 5 20 8 4 9 0 8 0 0 0 16 0 0 14
0 0 14 0 0 0 0 0 0 0 0 0 0 1 0 0 0 0 0 1 0 0 8 0 0 1 0 0 0 0 0 37 0 0 36 42 0 0 0 41 0
0 0 12 1 0 0 0 0 0 0 0 4 0 0 0 0 0 0 0 0 0 0 4 0 0 0 0 0 0 0 0 27 0 0 46 43 0 0 0 55 0
0 0 13 4 0 0 0 0 0 0 0 6 0 1 0 0 0 0 0 0 0 0 1 0 0 0 0 0 0 0 0 12 0 0 42 40 0 0 0 52 0
0 0 24 0 0 0 0 0 0 0 0 0 7 0 0 0 0 0 0 0 0 0 0 0 0 12 34 0 22 0 6 49 0 11 0 0 0 6 0 0 5
14 23 0 0 0 0 0 0 0 0 0 0 0 0 0 0 0 0 0 0 0 0 0 0 0 0 22 26 13 11 0 0 0 0 0 0 0 8 0 0 17
0 2 9 1 0 0 0 0 0 0 0 3 0 0 0 0 0 0 0 0 0 0 3 0 0 0 0 1 0 0 0 11 0 0 38 33 0 0 0 42 0
0 0 14 5 0 0 0 0 0 0 0 7 0 1 0 0 0 0 0 0 0 0 1 0 0 0 0 0 0 0 0 9 0 0 41 40 0 0 0 52 0
0 0 12 5 0 0 0 0 0 0 0 6 0 2 0 0 0 0 0 0 0 0 3 0 0 0 0 0 0 0 0 15 0 0 46 44 0 0 0 59 0
12 22 0 0 0 0 0 0 0 0 0 0 0 0 0 0 0 0 0 0 0 0 0 0 0 0 21 24 13 10 0 0 0 0 0 0 0 10 0 0 16
19 28 0 0 0 0 0 0 0 0 0 0 0 0 0 0 0 0 0 0 0 0 0 0 0 0 27 31 18 14 0 0 0 0 0 0 0 10 0 0 23
23 30 0 0 0 0 0 0 0 2 0 0 0 0 0 0 0 0 0 0 0 0 0 0 0 0 30 35 20 15 0 0 0 0 1 0 0 7 0 0 25
0 0 13 7 0 0 0 0 0 0 0 8 0 2 0 0 0 0 0 0 0 0 1 0 0 0 0 0 0 0 0 8 0 0 43 42 0 0 0 58 0
0 0 12 5 0 0 0 0 0 0 0 7 0 2 0 0 0 0 0 0 0 0 2 0 0 0 0 0 0 0 0 16 0 0 47 44 0 0 0 62 0
0 1 12 3 0 0 0 0 0 0 0 5 0 0 0 0 0 0 0 0 0 0 1 0 0 0 0 0 0 0 0 10 0 0 40 36 0 0 0 47 0
0 0 13 6 0 0 0 0 0 0 0 7 0 2 0 0 0 0 0 0 0 0 2 0 0 0 0 0 0 0 0 14 0 0 46 44 0 0 0 61 0
0 0 12 2 0 0 0 0 0 0 0 5 0 0 0 0 0 0 0 0 0 0 4 0 0 0 0 0 0 0 0 25 0 0 46 43 0 0 0 56 0
13 20 0 0 0 0 0 0 0 0 0 0 15 0 0 0 0 1 0 0 0 0 0 3 0 4 42 10 30 16 7 0 0 14 0 0 0 29 0 0 24
5 9 7 0 0 0 0 0 0 0 0 0 6 0 0 0 0 0 0 0 0 0 0 0 0 4 26 3 16 6 4 14 0 7 0 0 0 11 0 0 11
0 0 13 2 0 0 0 0 0 0 0 5 0 0 0 0 0 0 0 0 0 0 2 0 0 0 0 0 0 0 0 15 0 0 43 40 0 0 0 52 0
0 0 15 0 0 0 0 0 0 0 0 2 0 0 0 0 0 0 0 0 0 0 5 0 0 1 0 0 0 0 0 37 0 0 36 38 0 0 0 41 0
0 1 11 3 0 0 0 0 0 0 0 4 0 0 0 0 0 0 0 0 0 0 2 0 0 0 0 0 0 0 0 11 0 0 42 39 0 0 0 48 0
15 24 0 0 0 0 0 0 0 0 0 0 0 0 0 0 0 0 0 0 0 0 0 0 0 0 26 25 17 12 0 0 0 0 0 0 0 11 0 0 20
4 12 3 0 0 0 0 0 0 0 0 0 0 0 0 0 0 0 0 0 0 0 1 0 0 1 14 12 7 5 0 8 0 0 1 2 0 4 0 0 8
0 0 13 5 0 0 0 0 0 0 0 7 0 1 0 0 0 0 0 0 0 0 2 0 0 0 0 0 0 0 0 12 0 0 42 40 0 0 0 54 0
14 23 0 0 0 0 0 0 0 0 0 0 1 0 0 0 0 0 0 0 0 0 0 0 0 0 26 25 17 12 0 0 0 0 0 0 0 13 0 0 19
0 0 16 8 1 0 0 0 0 0 0 9 0 2 0 0 0 0 0 0 0 0 1 0 0 0 0 0 0 0 0 5 0 0 42 42 0 0 0 57 0
0 0 12 1 0 0 0 0 0 0 0 4 0 1 0 0 0 0 0 0 0 0 4 0 0 0 0 0 0 0 0 26 0 0 45 42 0 0 0 54 0
0 0 12 1 0 0 0 0 0 0 0 3 0 0 0 0 0 0 0 0 0 0 3 0 0 0 0 0 0 0 0 21 0 0 43 39 0 0 0 49 0
8 19 0 0 0 0 0 0 0 0 0 0 0 0 0 0 0 0 0 0 0 0 2 0 0 0 6 24 1 7 0 0 0 0 17 11 0 1 0 0 8
11 19 1 0 0 0 0 0 0 0 0 0 0 0 0 0 0 0 0 0 0 0 0 0 0 0 12 26 4 8 0 0 0 0 13 7 0 0 0 0 10
0 0 12 1 0 0 0 0 0 0 0 3 0 1 0 0 0 0 0 0 0 0 4 0 0 0 0 0 0 0 0 28 0 0 46 43 0 0 0 54 0
0 0 12 3 0 0 0 0 0 0 0 5 0 1 0 0 0 0 0 0 0 0 4 0 0 0 0 0 0 0 0 24 0 0 48 45 0 0 0 60 0
0 0 13 3 0 0 0 0 0 0 0 6 0 0 0 0 0 0 0 0 0 0 2 0 0 0 0 0 0 0 0 10 0 0 41 38 0 0 0 49 0
7 13 3 0 0 0 0 0 0 0 0 0 6 0 0 0 0 0 0 0 0 0 0 0 0 3 26 8 17 8 3 6 0 5 0 0 0 12 0 0 13
15 24 0 0 0 0 0 0 0 0 0 0 10 0 0 0 0 0 0 0 0 0 0 0 0 1 36 19 26 16 5 0 0 8 0 0 0 25 0 0 24
6 13 4 0 0 0 0 0 0 0 0 0 4 0 0 0 0 0 0 0 0 0 1 0 0 2 24 11 15 8 2 6 0 3 0 0 0 12 0 0 12
0 0 22 0 0 0 0 0 0 0 0 0 3 0 0 0 0 0 0 0 0 0 0 0 0 9 22 0 14 0 4 47 0 7 0 4 0 0 0 0 1
15 25 0 0 0 0 0 0 0 0 0 0 4 0 0 0 0 0 0 0 0 0 0 0 0 0 29 24 20 14 2 0 0 3 0 0 0 18 0 0 21
0 0 13 2 0 0 0 0 0 0 0 5 0 0 0 0 0 0 0 0 0 0 2 0 0 0 0 0 0 0 0 21 0 0 45 42 0 0 0 53 0
17 26 0 0 0 0 0 0 0 0 0 0 0 0 0 0 0 0 0 0 0 0 0 0 0 0 28 29 20 14 0 0 0 0 0 0 0 14 0 0 23
0 0 16 6 1 0 0 0 0 0 0 8 0 1 0 0 0 0 0 0 0 0 1 0 0 0 0 0 0 0 0 6 0 0 41 40 0 0 0 54 0
0 0 21 0 0 0 0 0 0 0 0 0 0 0 0 0 0 0 0 0 0 0 2 0 0 6 8 0 4 0 1 45 0 1 8 20 0 0 0 8 0
1 7 6 0 0 0 0 0 0 0 0 0 0 0 0 0 0 0 0 0 0 0 2 0 0 0 3 10 0 2 0 14 0 0 18 16 0 0 0 11 1
0 0 16 0 0 0 0 0 0 0 0 2 0 0 0 0 0 0 0 0 0 0 4 0 0 2 0 0 0 0 0 37 0 0 31 32 0 0 0 35 0
7 11 7 0 0 0 0 0 0 0 0 0 10 0 0 0 0 0 0 0 0 0 0 1 0 5 35 1 22 9 6 13 0 11 0 0 0 18 0 0 15
6 11 5 0 0 0 0 0 0 0 0 0 6 0 0 0 0 0 0 0 0 0 0 0 0 3 26 6 16 7 4 10 0 5 0 0 0 13 0 0 12
6 16 2 0 0 0 0 0 0 0 0 0 0 0 0 0 0 0 0 0 0 0 2 0 0 0 4 21 0 5 0 0 0 0 18 12 0 0 0 5 6
0 0 20 0 0 0 0 0 0 0 0 0 0 0 0 0 0 0 0 0 0 0 1 0 0 6 13 0 8 0 2 43 0 3 2 13 0 0 0 0 0
0 0 12 3 0 0 0 0 0 0 0 6 0 0 0 0 0 0 0 0 0 0 2 0 0 0 0 0 0 0 0 19 0 0 44 41 0 0 0 54 0
20 29 0 0 0 0 0 0 0 0 0 0 8 0 0 0 0 0 0 0 0 0 0 0 0 0 38 27 29 18 3 0 0 6 0 0 0 25 0 0 27
0 0 13 0 0 0 0 0 0 0 0 1 0 1 0 0 0 0 0 0 0 0 6 0 0 1 0 0 0 0 0 35 0 0 37 39 0 0 0 43 0
0 2 9 1 0 0 0 0 0 0 0 3 0 0 0 0 0 0 0 0 0 0 2 0 0 0 0 1 0 0 0 11 0 0 38 33 0 0 0 41 0
0 0 12 2 0 0 0 0 0 0 0 5 0 1 0 0 0 0 0 0 0 0 4 0 0 0 0 0 0 0 0 22 0 0 46 43 0 0 0 56 0
1 0 21 0 0 0 0 0 0 0 0 0 8 0 0 0 0 0 0 0 0 0 0 0 0 11 35 0 23 0 6 44 0 12 0 0 0 6 0 0 6
15 23 0 0 0 0 0 0 0 0 0 1 0 0 0 0 0 0 0 0 0 0 0 0 0 0 16 29 8 10 0 0 0 0 13 5 0 1 1 0 15
0 0 14 4 0 0 0 0 0 0 0 6 0 0 0 0 0 0 0 0 0 0 1 0 0 0 0 0 0 0 0 11 0 0 42 39 0 0 0 52 0
0 0 13 0 0 0 0 0 0 0 0 1 0 1 0 0 0 0 0 0 0 0 6 0 0 0 0 0 0 0 0 34 0 0 43 44 0 0 0 49 0
0 0 17 0 0 0 0 0 0 0 0 0 0 0 0 0 0 0 0 0 0 0 1 0 0 4 6 0 2 0 0 38 0 0 13 18 0 0 0 12 0
0 0 14 6 0 0 0 0 0 0 0 8 0 2 0 0 0 0 0 0 0 0 1 0 0 0 0 0 0 0 0 9 0 0 42 41 0 0 0 55 0
0 0 20 0 0 0 0 0 0 0 0 0 0 0 0 0 0 0 0 0 0 0 5 0 0 5 3 0 0 0 2 47 0 1 15 29 0 0 0 15 0
0 0 12 3 0 0 0 0 0 0 0 5 0 1 0 0 0 0 0 0 0 0 4 0 0 0 0 0 0 0 0 23 0 0 47 44 0 0 0 59 0
2 7 8 0 0 0 0 0 0 0 0 0 0 0 0 0 0 0 0 0 0 0 1 0 0 1 10 8 4 3 0 17 0 0 7 7 0 0 0 0 4
0 0 21 0 0 0 0 0 0 0 0 0 0 0 0 0 0 0 0 0 0 0 1 0 0 8 15 0 9 0 3 44 0 4 0 11 0 0 0 0 0
19 27 0 0 0 0 0 0 0 0 0 0 5 0 0 0 0 0 0 0 0 0 0 0 0 0 35 26 25 16 1 0 0 4 0 0 0 20 0 0 26
13 22 0 0 0 0 0 0 0 0 0 0 0 0 0 0 0 0 0 0 0 0 0 0 0 0 22 24 14 11 0 0 0 0 0 0 0 10 0 0 17
0 0 13 4 0 0 0 0 0 0 0 6 0 1 0 0 0 0 0 0 0 0 2 0 0 0 0 0 0 0 0 15 0 0 45 42 0 0 0 55 0
0 0 13 0 0 0 0 0 0 0 0 4 0 0 0 0 0 0 0 0 0 0 2 0 0 0 0 0 0 0 0 28 0 0 41 37 0 0 0 47 0
0 0 13 4 0 0 0 0 0 0 0 6 0 1 0 0 0 0 0 0 0 0 2 0 0 0 0 0 0 0 0 16 0 0 45 42 0 0 0 55 0
7 14 3 0 0 0 0 0 0 0 0 0 7 0 0 0 0 0 0 0 0 0 0 0 0 3 28 8 18 9 4 6 0 6 0 0 0 15 0 0 14
0 0 16 0 0 0 0 0 0 0 0 1 0 0 0 0 0 0 0 0 0 0 5 0 0 2 0 0 0 0 0 38 0 0 28 32 0 0 0 31 0
10 16 1 0 0 0 0 0 0 0 0 0 10 0 0 0 0 0 0 0 0 0 0 0 0 3 33 9 22 12 4 1 0 9 0 0 0 20 0 0 18
14 23 0 0 0 0 0 0 0 0 0 0 13 0 0 0 0 1 0 0 0 0 0 1 0 2 39 16 28 17 5 0 0 11 0 0 0 27 0 0 24
12 21 0 0 0 0 0 0 0 0 0 0 0 0 0 0 0 0 0 0 0 0 0 0 0 0 21 26 12 10 0 0 0 0 1 0 0 7 0 0 15
6 15 2 0 0 0 0 0 0 0 0 0 0 0 0 0 0 0 0 0 0 0 1 0 0 0 10 18 4 6 0 3 0 0 7 5 0 2 0 0 8
0 0 12 1 0 0 0 0 0 0 0 3 0 0 0 0 0 0 0 0 0 0 4 0 0 0 0 0 0 0 0 30 0 0 45 42 0 0 0 53 0
12 21 0 0 0 0 0 0 0 0 0 0 5 0 0 0 0 0 0 0 0 0 0 0 0 1 28 20 18 12 2 0 0 3 0 0 0 17 0 0 18
0 0 12 6 0 0 0 0 0 0 0 7 0 2 0 0 0 0 0 0 0 0 2 0 0 0 0 0 0 0 0 10 0 0 43 41 0 0 0 55 0
0 0 15 7 0 0 0 0 0 0 0 8 0 2 0 0 0 0 0 0 0 0 2 0 0 0 0 0 0 0 0 8 0 0 43 42 0 0 0 58 0
16 25 0 0 0 0 0 0 0 0 0 0 0 0 0 0 0 0 0 0 0 0 0 0 0 0 24 29 15 12 0 0 0 0 0 0 0 8 0 0 20
0 0 13 3 0 0 0 0 0 0 0 6 0 0 0 0 0 0 0 0 0 0 1 0 0 0 0 0 0 0 0 17 0 0 44 41 0 0 0 55 0
17 27 0 0 0 0 0 0 0 0 0 0 10 0 0 0 0 0 0 0 0 0 0 0 0 0 38 24 27 18 4 0 0 8 0 0 0 27 0 0 26
17 27 0 0 0 0 0 0 0 0 0 0 5 0 0 0 0 0 0 0 0 0 0 0 0 0 33 26 24 16 2 0 0 4 0 0 0 21 0 0 24
6 14 2 0 0 0 0 0 0 0 0 0 0 0 0 0 0 0 0 0 0 0 0 0 0 1 18 13 11 7 1 6 0 0 0 0 0 7 0 0 11
7 13 3 0 0 0 0 0 0 0 0 0 5 0 0 0 0 0 0 0 0 0 0 0 0 3 26 10 16 8 3 6 0 5 0 0 0 13 0 0 13
0 0 12 5 0 0 0 0 0 0 0 6 0 2 0 0 0 0 0 0 0 0 3 0 0 0 0 0 0 0 0 18 0 0 47 45 0 0 0 60 0
0 0 13 2 0 0 0 0 0 0 0 5 0 0 0 0 0 0 0 0 0 0 3 0 0 0 0 0 0 0 0 23 0 0 47 43 0 0 0 56 0
0 0 12 0 0 0 0 0 0 0 0 3 0 0 0 0 0 0 0 0 0 0 4 0 0 0 0 0 0 0 0 30 0 0 42 39 0 0 0 48 0
0 0 17 0 0 0 0 0 0 0 0 0 2 0 0 0 0 0 0 0 0 0 0 0 0 6 17 0 10 0 2 36 0 3 0 4 0 0 0 0 2
9 15 3 0 0 0 0 0 0 0 0 0 11 0 0 0 0 0 0 0 0 0 0 1 0 4 35 7 23 12 5 5 0 10 0 0 0 20 0 0 17
14 23 0 0 0 0 0 0 0 0 0 0 4 0 0 0 0 0 0 0 0 0 0 0 0 0 28 23 19 13 2 0 0 2 0 0 0 17 0 0 20
2 8 7 0 0 0 0 0 0 0 0 3 0 0 0 0 0 0 0 0 0 0 4 0 0 0 0 13 0 1 0 4 0 0 32 26 0 0 0 29 0
0 0 12 4 0 0 0 0 0 0 0 6 0 1 0 0 0 0 0 0 0 0 2 0 0 0 0 0 0 0 0 18 0 0 45 42 0 0 0 56 0
9 18 0 0 0 0 0 0 0 0 0 0 0 0 0 0 0 0 0 0 0 0 0 0 0 0 20 19 12 9 0 0 0 0 0 0 0 8 0 0 13
0 0 12 3 0 0 0 0 0 0 0 5 0 1 0 0 0 0 0 0 0 0 2 0 0 0 0 0 0 0 0 16 0 0 44 40 0 0 0 53 0
7 15 2 0 0 0 0 0 0 0 0 0 0 0 0 0 0 0 0 0 0 0 2 0 0 0 5 21 0 6 0 0 0 0 16 11 0 0 0 3 6
4 10 6 0 0 0 0 0 0 0 0 0 1 0 0 0 0 0 0 0 0 0 1 0 0 2 17 7 10 5 1 13 0 1 0 0 0 5 0 0 8
4 10 6 0 0 0 0 0 0 0 0 2 0 0 0 0 0 0 0 0 0 0 3 0 0 0 0 16 0 3 0 1 0 0 28 21 0 0 0 22 0
0 0 10 0 0 0 0 0 0 0 0 3 0 0 0 0 0 0 0 0 0 0 2 0 0 0 0 0 0 0 0 18 0 0 40 35 0 0 0 45 0
0 1 15 4 0 0 0 0 0 0 0 7 0 0 0 0 0 0 0 0 0 0 1 0 0 0 0 0 0 0 0 8 0 0 41 38 0 0 0 50 0
3 13 4 0 0 0 0 0 0 0 0 1 0 0 0 0 0 0 0 0 0 0 3 0 0 0 0 18 0 4 0 0 0 0 25 20 0 0 0 17 2
0 0 13 4 0 0 0 0 0 0 0 6 0 1 0 0 0 0 0 0 0 0 3 0 0 0 0 0 0 0 0 22 0 0 47 44 0 0 0 59 0
0 5 9 1 0 0 0 0 0 0 0 3 0 0 0 0 0 0 0 0 0 0 2 0 0 0 0 5 0 0 0 8 0 0 37 32 0 0 0 39 0
12 21 0 0 0 0 0 0 0 0 0 0 1 0 0 0 0 0 0 0 0 0 0 0 0 0 25 22 15 11 1 0 0 0 0 0 0 13 0 0 17
0 0 12 0 0 0 0 0 0 0 0 2 0 0 0 0 0 0 0 0 0 0 6 0 0 0 0 0 0 0 0 32 0 0 45 43 0 0 0 51 0
