17 3 40 0 0 0 2 0 0 0 0 0 0 0 0 0 0 0 0 0 6 0 0 0 0 0 5 0 5 0 0 0 0 0 0 0 9 16 0 0 35
0 0 0 7 0 0 5 0 0 0 0 1 0 0 0 0 0 0 0 0 0 0 13 0 0 0 0 0 0 0 0 21 0 0 12 14 4 0 0 15 0
9 0 4 9 0 0 0 0 0 0 0 0 0 0 0 0 0 0 0 0 1 0 0 0 0 0 8 1 0 0 0 28 0 0 30 29 0 3 0 26 0
15 1 28 0 0 0 0 0 0 0 0 0 0 0 0 0 0 0 0 0 6 0 0 0 0 0 8 0 1 0 0 0 0 0 0 0 0 13 0 0 12
1 0 0 11 0 0 0 0 0 0 0 0 0 0 0 0 0 0 0 0 0 0 0 0 0 0 6 2 0 0 0 29 0 0 31 31 0 0 0 22 0
15 2 38 0 0 0 4 0 0 0 0 0 0 0 0 0 0 0 0 0 5 0 3 0 0 0 3 0 5 0 0 0 0 0 0 0 13 15 0 0 35
0 0 0 3 0 0 12 0 0 0 0 3 0 0 0 0 0 0 0 0 0 0 23 0 0 0 0 0 0 0 0 9 0 0 0 1 15 0 0 5 3
5 0 31 0 0 0 15 0 1 0 0 2 0 0 0 0 0 0 0 0 1 0 19 0 0 0 0 0 5 0 0 0 0 0 0 0 31 10 0 0 41
6 0 2 10 0 0 0 0 0 0 0 0 0 0 0 0 0 0 0 0 0 0 0 0 0 0 8 2 0 0 0 27 0 0 31 30 0 0 0 22 0
0 0 0 5 0 0 8 0 0 0 0 2 0 0 0 0 0 0 0 0 0 0 18 0 0 0 0 0 0 0 0 14 0 0 4 6 9 0 0 9 0
10 0 8 7 0 0 0 0 0 0 0 0 0 0 0 0 0 0 0 0 2 0 0 0 0 0 9 1 0 0 0 21 0 0 25 24 0 4 0 21 0
7 0 27 0 0 0 10 0 0 0 0 1 0 0 0 0 0 0 0 0 1 0 13 0 0 0 0 0 4 0 0 0 0 0 0 0 21 9 0 0 32
14 2 35 0 0 0 3 0 0 0 0 0 0 0 0 0 0 0 0 0 5 0 1 0 0 0 4 0 4 0 0 0 0 0 0 0 11 14 0 0 31
17 1 19 3 0 0 0 0 0 0 0 0 0 0 0 0 0 0 0 0 5 0 0 0 0 0 12 0 0 0 0 14 0 0 20 18 0 10 0 19 0
0 0 0 12 0 0 0 0 0 0 0 0 0 0 0 0 0 0 0 0 0 0 0 0 0 0 3 1 0 0 0 33 0 0 30 30 0 0 0 25 0
0 0 0 7 0 0 12 0 0 0 0 4 0 0 0 0 0 0 0 0 0 0 27 0 0 0 0 0 0 0 0 19 0 0 4 9 15 0 0 10 0
10 0 8 7 0 0 0 0 0 0 0 0 0 0 0 0 0 0 0 0 2 0 0 0 0 0 10 1 0 0 0 24 0 0 28 26 0 4 0 23 0
16 1 16 5 0 0 0 0 0 0 0 0 0 0 0 0 0 0 0 0 4 0 0 0 0 0 12 0 0 0 0 19 0 0 24 22 0 9 0 20 0
0 0 0 9 0 0 2 0 0 0 0 0 0 0 0 0 0 0 0 0 0 0 9 0 0 0 0 0 0 0 0 28 0 0 19 20 0 0 0 21 0
0 0 0 13 0 0 3 0 0 0 0 1 0 0 0 0 0 0 0 0 0 0 15 0 0 0 0 0 0 0 0 33 0 0 21 25 1 0 0 19 0
0 0 0 11 0 0 0 0 0 0 0 0 0 0 0 0 0 0 0 0 0 0 1 0 0 0 1 0 0 0 0 31 0 0 25 25 0 0 0 24 0
17 2 34 0 0 0 0 0 0 0 0 0 0 0 0 0 0 0 0 0 6 0 0 0 0 0 7 0 3 0 0 0 0 0 0 0 1 14 0 0 24
5 0 0 9 0 0 0 0 0 0 0 0 0 0 0 0 0 0 0 0 0 0 0 0 0 0 5 0 0 0 0 29 0 0 26 25 0 0 0 26 0
23 3 36 0 0 0 0 0 0 0 0 0 0 0 0 0 0 0 0 0 10 0 0 0 0 0 13 0 1 0 0 0 0 0 0 0 0 19 0 0 11
0 0 0 13 0 0 0 0 0 0 0 0 0 0 0 0 0 0 0 0 0 0 5 0 0 0 0 0 0 0 0 32 0 0 25 27 0 0 0 19 0
3 0 25 0 0 0 15 0 0 0 0 3 0 0 0 0 0 0 0 0 0 0 20 0 0 0 0 0 4 0 0 0 0 0 0 0 29 7 0 0 35
0 0 0 12 0 0 0 0 0 0 0 0 0 0 0 0 0 0 0 0 0 0 0 0 0 0 3 0 0 0 0 34 0 0 30 30 0 0 0 27 0
0 0 0 9 0 0 9 0 0 0 0 3 0 0 0 0 0 0 0 0 0 0 24 0 0 0 0 0 0 0 0 24 0 0 10 14 10 0 0 13 0
14 1 29 0 0 0 0 0 0 0 0 0 0 0 0 0 0 0 0 0 4 0 0 0 0 0 5 0 2 0 0 0 0 0 0 0 3 12 0 0 20
14 0 14 4 0 0 0 0 0 0 0 0 0 0 0 0 0 0 0 0 4 0 0 0 0 0 11 0 0 0 0 19 0 0 22 21 0 8 0 21 0
0 0 6 0 0 0 33 0 0 0 0 14 0 0 0 0 0 0 0 0 0 0 50 0 0 0 0 0 3 0 0 0 0 0 0 0 60 0 0 0 42
0 0 0 11 0 0 0 0 0 0 0 0 0 0 0 0 0 0 0 0 0 0 4 0 0 0 0 0 0 0 0 30 0 0 23 24 0 0 0 23 0
0 0 0 14 0 0 0 0 0 0 0 0 0 0 0 0 0 0 0 0 0 0 0 0 0 0 1 2 0 0 0 32 0 0 30 31 0 0 0 21 0
0 0 6 0 0 0 25 0 0 0 0 10 0 0 0 0 0 0 0 0 0 0 37 0 0 0 0 0 2 0 0 0 0 0 0 0 43 0 0 0 32
0 0 0 12 0 0 0 0 0 0 0 0 0 0 0 0 0 0 0 0 0 0 0 0 0 0 3 2 0 0 0 32 0 0 31 30 0 0 0 24 0
21 3 42 0 0 0 0 0 0 0 0 0 0 0 0 0 0 0 0 0 9 0 0 0 0 0 9 0 4 0 0 0 0 0 0 0 0 19 0 0 28
2 0 21 0 0 0 15 0 0 0 0 3 0 0 0 0 0 0 0 0 0 0 20 0 0 0 0 0 3 0 0 0 0 0 0 0 28 6 0 0 31
15 1 35 0 0 0 2 0 0 0 0 0 0 0 0 0 0 0 0 0 5 0 0 0 0 0 5 0 4 0 0 0 0 0 0 0 8 14 0 0 29
5 0 0 10 0 0 0 0 0 0 0 0 0 0 0 0 0 0 0 0 0 0 0 0 0 0 7 1 0 0 0 30 0 0 31 29 0 0 0 25 0
0 0 0 13 0 0 0 0 0 0 0 0 0 0 0 0 0 0 0 0 0 0 0 0 0 0 3 2 0 0 0 32 0 0 30 31 0 0 0 23 0
0 0 0 0 0 0 27 0 0 0 0 12 0 0 0 0 0 0 0 0 0 0 42 0 0 0 0 0 2 0 0 0 0 0 0 0 47 0 0 0 31
0 0 21 0 0 0 21 0 0 0 0 6 0 0 0 0 0 0 0 0 0 0 30 0 0 0 0 0 3 0 0 0 0 0 0 0 41 4 0 0 40
0 0 0 14 0 0 0 0 0 0 0 0 0 0 0 0 0 0 0 0 0 0 0 0 0 0 0 2 0 0 0 33 0 0 29 32 0 0 0 20 0
0 0 0 12 0 0 0 0 0 0 0 0 0 0 0 0 0 0 0 0 0 0 0 0 0 0 3 1 0 0 0 33 0 0 31 31 0 0 0 25 0
13 1 31 0 0 0 1 0 0 0 0 0 0 0 0 0 0 0 0 0 4 0 0 0 0 0 4 0 3 0 0 0 0 0 0 0 6 12 0 0 24
0 0 0 0 0 0 35 0 0 0 0 17 0 0 0 0 0 0 0 0 0 0 55 0 0 0 0 0 2 0 0 0 0 0 0 0 61 0 0 0 34
0 0 0 12 0 0 0 0 0 0 0 0 0 0 0 0 0 0 0 0 0 0 2 0 0 0 0 0 0 0 0 32 0 0 25 27 0 0 0 21 0
0 0 0 13 0 0 0 0 0 0 0 0 0 0 0 0 0 0 0 0 0 0 7 0 0 0 0 0 0 0 0 33 0 0 25 28 0 0 0 21 0
0 0 0 13 0 0 0 0 0 0 0 0 0 0 0 0 0 0 0 0 0 0 0 0 0 0 3 2 0 0 0 32 0 0 30 31 0 0 0 23 0
0 0 0 12 0 0 0 0 0 0 0 0 0 0 0 0 0 0 0 0 0 0 7 0 0 0 0 0 0 0 0 33 0 0 24 26 0 0 0 22 0
3 0 18 0 0 0 10 0 0 0 0 2 0 0 0 0 0 0 0 0 0 0 15 0 0 0 0 0 3 0 0 0 0 0 0 0 20 5 0 0 25
21 2 28 0 0 0 0 0 0 0 0 0 0 0 0 0 0 0 0 0 8 0 0 0 0 0 13 0 0 0 0 2 0 0 9 9 0 15 0 11 0
0 0 0 0 0 0 22 0 0 0 0 9 0 0 0 0 0 0 0 0 0 0 35 0 0 0 0 0 2 0 0 0 0 0 0 0 36 0 0 0 22
0 0 0 14 0 0 0 0 0 0 0 0 0 0 0 0 0 0 0 0 0 0 0 0 0 0 1 1 0 0 0 35 0 0 31 31 0 0 0 24 0
0 0 0 13 0 0 4 0 0 0 0 0 0 0 0 0 0 0 0 0 0 0 16 0 0 0 0 0 0 0 0 34 0 0 21 25 1 0 0 21 0
0 0 0 13 0 0 0 0 0 0 0 0 0 0 0 0 0 0 0 0 0 0 7 0 0 0 0 0 0 0 0 34 0 0 24 27 0 0 0 22 0
0 0 0 9 0 0 8 0 0 0 0 2 0 0 0 0 0 0 0 0 0 0 21 0 0 0 0 0 0 0 0 26 0 0 13 16 7 0 0 17 0
7 0 3 7 0 0 0 0 0 0 0 0 0 0 0 0 0 0 0 0 0 0 0 0 0 0 7 0 0 0 0 23 0 0 23 22 0 2 0 23 0
0 0 0 12 0 0 0 0 0 0 0 0 0 0 0 0 0 0 0 0 0 0 0 0 0 0 4 2 0 0 0 31 0 0 31 31 0 0 0 23 0
0 0 0 13 0 0 0 0 0 0 0 0 0 0 0 0 0 0 0 0 0 0 0 0 0 0 3 1 0 0 0 34 0 0 32 31 0 0 0 26 0
0 0 0 8 0 0 9 0 0 0 0 2 0 0 0 0 0 0 0 0 0 0 22 0 0 0 0 0 0 0 0 23 0 0 9 13 9 0 0 13 0
0 0 0 13 0 0 1 0 0 0 0 0 0 0 0 0 0 0 0 0 0 0 10 0 0 0 0 0 0 0 0 34 0 0 24 27 0 0 0 22 0
4 0 0 11 0 0 0 0 0 0 0 0 0 0 0 0 0 0 0 0 0 0 0 0 0 0 7 2 0 0 0 32 0 0 34 33 0 0 0 26 0
9 0 29 0 0 0 7 0 0 0 0 0 0 0 0 0 0 0 0 0 2 0 8 0 0 0 1 0 4 0 0 0 0 0 0 0 16 10 0 0 29
10 0 12 0 0 0 0 0 0 0 0 0 0 0 0 0 0 0 0 0 1 0 0 0 0 0 5 0 0 0 0 8 0 0 7 7 0 6 0 12 0
0 0 19 0 0 0 19 0 0 0 0 6 0 0 0 0 0 0 0 0 0 0 27 0 0 0 0 0 3 0 0 0 0 0 0 0 36 4 0 0 36
12 0 10 7 0 0 0 0 0 0 0 0 0 0 0 0 0 0 0 0 2 0 0 0 0 0 10 1 0 0 0 23 0 0 26 24 0 6 0 23 0
3 0 0 12 0 0 0 0 0 0 0 0 0 0 0 0 0 0 0 0 0 0 0 0 0 0 6 2 0 0 0 33 0 0 33 32 0 0 0 26 0
3 0 0 11 0 0 0 0 0 0 0 0 0 0 0 0 0 0 0 0 0 0 0 0 0 0 6 1 0 0 0 32 0 0 32 31 0 0 0 27 0
12 1 40 0 0 0 9 0 1 0 0 0 0 0 0 0 0 0 0 0 4 0 9 0 0 0 1 0 7 0 0 0 0 0 0 0 22 14 0 0 43
6 0 14 0 0 0 6 0 0 0 0 0 0 0 0 0 0 0 0 0 0 0 10 0 0 0 0 0 1 0 0 0 0 0 0 0 9 6 0 0 15
13 0 11 7 0 0 0 0 0 0 0 0 0 0 0 0 0 0 0 0 3 0 0 0 0 0 12 1 0 0 0 25 0 0 31 29 0 6 1 25 0
0 0 12 0 0 0 19 0 0 0 0 6 0 0 0 0 0 0 0 0 0 0 28 0 0 0 0 0 2 0 0 0 0 0 0 0 34 1 0 0 29
16 1 34 0 0 0 0 0 0 0 0 0 0 0 0 0 0 0 0 0 5 0 0 0 0 0 6 0 3 0 0 0 0 0 0 0 4 13 0 0 25
4 0 25 0 0 0 13 0 0 0 0 2 0 0 0 0 0 0 0 0 0 0 17 0 0 0 0 0 3 0 0 0 0 0 0 0 25 8 0 0 32
0 0 0 11 0 0 0 0 0 0 0 0 0 0 0 0 0 0 0 0 0 0 0 0 0 0 5 2 0 0 0 28 0 0 29 29 0 0 0 21 0
0 0 6 0 0 0 18 0 0 0 0 7 0 0 0 0 0 0 0 0 0 0 28 0 0 0 0 0 1 0 0 0 0 0 0 0 32 0 0 0 24
10 0 5 8 0 0 0 0 0 0 0 0 0 0 0 0 0 0 0 0 1 0 0 0 0 0 9 1 0 0 0 27 0 0 30 28 0 3 0 25 0
0 0 0 12 0 0 0 0 0 0 0 0 0 0 0 0 0 0 0 0 0 0 0 0 0 0 5 3 0 0 0 29 0 0 31 31 0 0 0 22 0
0 0 0 8 0 0 0 0 0 0 0 0 0 0 0 0 0 0 0 0 0 0 5 0 0 0 0 0 0 0 0 24 0 0 18 18 0 0 0 21 0
0 0 5 0 0 0 26 0 0 0 0 10 0 0 0 0 0 0 0 0 0 0 39 0 0 0 0 0 2 0 0 0 0 0 0 0 45 0 0 0 32
0 0 0 12 0 0 0 0 0 0 0 0 0 0 0 0 0 0 0 0 0 0 0 0 0 0 4 1 0 0 0 31 0 0 31 30 0 0 0 24 0
0 0 12 0 0 0 19 0 0 0 0 6 0 0 0 0 0 0 0 0 0 0 29 0 0 0 0 0 2 0 0 0 0 0 0 0 35 1 0 0 30
0 0 0 0 0 0 20 0 0 0 0 9 0 0 0 0 0 0 0 0 0 0 38 0 0 0 0 0 0 0 0 0 0 0 0 0 32 0 0 0 12
14 2 39 0 0 0 5 0 0 0 0 0 0 0 0 0 0 0 0 0 5 0 4 0 0 0 3 0 5 0 0 0 0 0 0 0 15 15 0 0 37
5 0 0 10 0 0 0 0 0 0 0 0 0 0 0 0 0 0 0 0 0 0 0 0 0 0 7 1 0 0 0 30 0 0 31 30 0 0 0 26 0
0 0 28 0 0 0 23 0 1 0 0 6 0 0 0 0 0 0 0 0 0 0 32 0 0 0 0 0 4 0 0 0 0 0 0 0 46 7 0 0 48
5 0 24 0 0 0 12 0 1 0 0 2 0 0 0 0 0 0 0 0 0 0 16 0 0 0 0 0 4 0 0 0 0 0 0 0 23 7 0 0 31
1 0 0 11 0 0 0 0 0 0 0 0 0 0 0 0 0 0 0 0 0 0 0 0 0 0 6 3 0 0 0 27 0 0 30 30 0 0 0 21 0
2 0 0 11 0 0 0 0 0 0 0 0 0 0 0 0 0 0 0 0 0 0 0 0 0 0 6 3 0 0 0 30 0 0 33 33 0 0 0 22 0
0 0 0 13 0 0 0 0 0 0 0 0 0 0 0 0 0 0 0 0 0 0 0 0 0 0 2 3 0 0 0 29 0 0 28 29 0 0 0 18 0
13 0 28 0 0 0 2 0 0 0 0 0 0 0 0 0 0 0 0 0 3 0 1 0 0 0 4 0 2 0 0 0 0 0 0 0 6 11 0 0 21
0 0 0 11 0 0 3 0 0 0 0 0 0 0 0 0 0 0 0 0 0 0 13 0 0 0 0 0 0 0 0 30 0 0 20 23 0 0 0 19 0
13 0 13 5 0 0 0 0 0 0 0 0 0 0 0 0 0 0 0 0 3 0 0 0 0 0 10 0 0 0 0 18 0 0 22 21 0 7 0 21 0
0 0 0 13 0 0 0 0 0 0 0 0 0 0 0 0 0 0 0 0 0 0 0 0 0 0 4 2 0 0 0 32 0 0 32 32 0 0 0 23 0
18 2 32 0 0 0 0 0 0 0 0 0 0 0 0 0 0 0 0 0 7 0 0 0 0 0 8 0 2 0 0 0 0 0 0 0 0 15 0 0 17
0 0 0 11 0 0 0 0 0 0 0 0 0 0 0 0 0 0 0 0 0 0 0 0 0 0 3 0 0 0 0 31 0 0 28 28 0 0 0 25 0
0 0 0 13 0 0 0 0 0 0 0 0 0 0 0 0 0 0 0 0 0 0 0 0 0 0 4 1 0 0 0 33 0 0 32 31 0 0 0 25 0
0 0 0 12 0 0 0 0 0 0 0 0 0 0 0 0 0 0 0 0 0 0 0 0 0 0 4 2 0 0 0 31 0 0 31 31 0 0 0 23 0
2 0 0 11 0 0 0 0 0 0 0 0 0 0 0 0 0 0 0 0 0 0 0 0 0 0 5 1 0 0 0 30 0 0 30 29 0 0 0 24 0
0 0 0 14 0 0 0 0 0 0 0 0 0 0 0 0 0 0 0 0 0 0 1 0 0 0 0 2 0 0 0 32 0 0 27 30 0 0 0 18 0
3 0 0 11 0 0 0 0 0 0 0 0 0 0 0 0 0 0 0 0 0 0 0 0 0 0 5 1 0 0 0 30 0 0 30 29 0 0 0 25 0
0 0 14 0 0 0 15 0 0 0 0 4 0 0 0 0 0 0 0 0 0 0 23 0 0 0 0 0 2 0 0 0 0 0 0 0 29 3 0 0 28
0 0 0 0 0 0 29 0 0 0 0 13 0 0 0 0 0 0 0 0 0 0 45 0 0 0 0 0 2 0 0 0 0 0 0 0 49 0 0 0 30
0 0 0 1 0 0 6 0 0 0 0 1 0 0 0 0 0 0 0 0 0 0 13 0 0 0 0 0 0 0 0 7 0 0 1 2 7 0 0 7 2
18 3 39 0 0 0 0 0 0 0 0 0 0 0 0 0 0 0 0 0 7 0 0 0 0 0 7 0 4 0 0 0 0 0 0 0 4 17 0 0 29
0 0 0 9 0 0 0 0 0 0 0 0 0 0 0 0 0 0 0 0 0 0 1 0 0 0 2 0 0 0 0 28 0 0 22 22 0 0 0 23 0
0 0 14 0 0 0 17 0 0 0 0 5 0 0 0 0 0 0 0 0 0 0 25 0 0 0 0 0 2 0 0 0 0 0 0 0 31 2 0 0 29
0 0 0 13 0 0 0 0 0 0 0 0 0 0 0 0 0 0 0 0 0 0 7 0 0 0 0 0 0 0 0 32 0 0 24 27 0 0 0 19 0
0 0 0 12 0 0 0 0 0 0 0 0 0 0 0 0 0 0 0 0 0 0 0 0 0 0 3 2 0 0 0 31 0 0 30 31 0 0 0 22 0
6 0 1 10 0 0 0 0 0 0 0 0 0 0 0 0 0 0 0 0 0 0 0 0 0 0 8 2 0 0 0 31 0 0 34 32 0 0 0 26 0
0 0 0 13 0 0 0 0 0 0 0 0 0 0 0 0 0 0 0 0 0 0 0 0 0 0 3 1 0 0 0 34 0 0 31 32 0 0 0 25 0
18 1 22 3 0 0 0 0 0 0 0 0 0 0 0 0 0 0 0 0 6 0 0 0 0 0 14 0 0 0 0 13 0 0 20 19 0 12 0 18 0
0 0 0 12 0 0 0 0 0 0 0 0 0 0 0 0 0 0 0 0 0 0 0 0 0 0 2 4 0 0 0 26 0 0 27 29 0 0 0 16 0
11 0 10 6 0 0 0 0 0 0 0 0 0 0 0 0 0 0 0 0 2 0 0 0 0 0 11 1 0 0 0 23 0 0 27 26 0 5 0 22 0
0 0 0 10 0 0 0 0 0 0 0 0 0 0 0 0 0 0 0 0 0 0 1 0 0 0 1 0 0 0 0 30 0 0 23 24 0 0 0 23 0
0 0 0 8 0 0 4 0 0 0 0 0 0 0 0 0 0 0 0 0 0 0 11 0 0 0 0 0 0 0 0 24 0 0 14 16 0 0 0 18 0
6 0 0 7 0 0 0 0 0 0 0 0 0 0 0 0 0 0 0 0 0 0 0 0 0 0 5 0 0 0 0 23 0 0 22 21 0 1 0 21 0
0 0 0 13 0 0 0 0 0 0 0 0 0 0 0 0 0 0 0 0 0 0 0 0 0 0 0 1 0 0 0 31 0 0 26 29 0 0 0 20 0
14 1 38 0 0 0 6 0 1 0 0 0 0 0 0 0 0 0 0 0 4 0 5 0 0 0 2 0 5 0 0 0 0 0 0 0 16 15 0 0 36
9 0 8 4 0 0 0 0 0 0 0 0 0 0 0 0 0 0 0 0 2 0 0 0 0 0 7 0 0 0 0 17 0 0 17 16 0 5 0 19 0
8 0 25 0 0 0 7 0 0 0 0 0 0 0 0 0 0 0 0 0 2 0 8 0 0 0 0 0 3 0 0 0 0 0 0 0 14 9 0 0 26
17 1 18 3 0 0 0 0 0 0 0 0 0 0 0 0 0 0 0 0 5 0 0 0 0 0 12 0 0 0 0 15 0 0 21 19 0 10 0 20 0
0 0 0 13 0 0 0 0 0 0 0 0 0 0 0 0 0 0 0 0 0 0 0 0 0 0 4 1 0 0 0 34 0 0 33 33 0 0 0 26 0
8 0 3 9 0 0 0 0 0 0 0 0 0 0 0 0 0 0 0 0 1 0 0 0 0 0 8 1 0 0 0 29 0 0 31 30 0 1 0 25 0
1 0 0 11 0 0 0 0 0 0 0 0 0 0 0 0 0 0 0 0 0 0 0 0 0 0 5 2 0 0 0 28 0 0 29 29 0 0 0 22 0
0 0 0 12 0 0 0 0 0 0 0 0 0 0 0 0 0 0 0 0 0 0 0 0 0 0 4 2 0 0 0 31 0 0 30 30 0 0 0 23 0
0 0 0 12 0 0 0 0 0 0 0 0 0 0 0 0 0 0 0 0 0 0 0 0 0 0 4 3 0 0 0 29 0 0 30 30 0 0 0 20 0
6 0 0 9 0 0 0 0 0 0 0 0 0 0 0 0 0 0 0 0 0 0 0 0 0 0 7 1 0 0 0 29 0 0 29 28 0 0 0 25 0
8 0 4 7 0 0 0 0 0 0 0 0 0 0 0 0 0 0 0 0 1 0 0 0 0 0 8 1 0 0 0 24 0 0 26 25 0 2 0 23 0
0 0 2 0 0 0 7 0 0 0 0 1 0 0 0 0 0 0 0 0 0 0 14 0 0 0 0 0 0 0 0 0 0 0 0 0 10 0 0 1 8
0 0 0 9 0 0 0 0 0 0 0 0 0 0 0 0 0 0 0 0 0 0 5 0 0 0 0 0 0 0 0 28 0 0 20 21 0 0 0 22 0
2 0 10 0 0 0 7 0 0 0 0 1 0 0 0 0 0 0 0 0 0 0 12 0 0 0 0 0 1 0 0 0 0 0 0 0 13 4 0 0 15
0 0 0 14 0 0 0 0 0 0 0 0 0 0 0 0 0 0 0 0 0 0 0 0 0 0 0 2 0 0 0 32 0 0 28 30 0 0 0 19 0
0 0 0 13 0 0 0 0 0 0 0 0 0 0 0 0 0 0 0 0 0 0 4 0 0 0 0 1 0 0 0 32 0 0 25 28 0 0 0 18 0
0 0 0 13 0 0 0 0 0 0 0 0 0 0 0 0 0 0 0 0 0 0 0 0 0 0 3 2 0 0 0 31 0 0 30 30 0 0 0 22 0
1 0 0 10 0 0 0 0 0 0 0 0 0 0 0 0 0 0 0 0 0 0 0 0 0 0 3 0 0 0 0 29 0 0 26 26 0 0 0 24 0
8 0 27 0 0 0 8 0 0 0 0 0 0 0 0 0 0 0 0 0 1 0 11 0 0 0 0 0 3 0 0 0 0 0 0 0 19 9 0 0 29
14 1 30 0 0 0 1 0 0 0 0 0 0 0 0 0 0 0 0 0 4 0 0 0 0 0 5 0 2 0 0 0 0 0 0 0 5 12 0 0 22
0 0 0 12 0 0 0 0 0 0 0 0 0 0 0 0 0 0 0 0 0 0 0 0 0 0 0 0 0 0 0 34 0 0 28 29 0 0 0 25 0
9 0 4 9 0 0 0 0 0 0 0 0 0 0 0 0 0 0 0 0 1 0 0 0 0 0 9 1 0 0 0 29 0 0 32 30 0 2 0 26 0
6 0 1 10 0 0 0 0 0 0 0 0 0 0 0 0 0 0 0 0 0 0 0 0 0 0 8 2 0 0 0 28 0 0 31 30 0 0 0 24 0
12 0 12 4 0 0 0 0 0 0 0 0 0 0 0 0 0 0 0 0 3 0 0 0 0 0 9 0 0 0 0 16 0 0 18 17 0 7 0 19 0
9 0 4 7 0 0 0 0 0 0 0 0 0 0 0 0 0 0 0 0 1 0 0 0 0 0 7 0 0 0 0 24 0 0 24 23 0 3 0 23 0
0 0 0 0 0 0 13 0 0 0 0 4 0 0 0 0 0 0 0 0 0 0 24 0 0 0 0 0 0 0 0 0 0 0 0 0 19 0 0 0 8
0 0 21 0 0 0 17 0 0 0 0 4 0 0 0 0 0 0 0 0 0 0 24 0 0 0 0 0 3 0 0 0 0 0 0 0 33 5 0 0 34
0 0 16 0 0 0 18 0 0 0 0 6 0 0 0 0 0 0 0 0 0 0 26 0 0 0 0 0 2 0 0 0 0 0 0 0 33 3 0 0 31
0 0 0 13 0 0 0 0 0 0 0 0 0 0 0 0 0 0 0 0 0 0 0 0 0 0 2 4 0 0 0 27 0 0 28 30 0 0 0 16 0
0 0 0 12 0 0 0 0 0 0 0 0 0 0 0 0 0 0 0 0 0 0 0 0 0 0 3 2 0 0 0 28 0 0 28 29 0 0 0 19 0
8 0 3 8 0 0 0 0 0 0 0 0 0 0 0 0 0 0 0 0 1 0 0 0 0 0 8 0 0 0 0 26 0 0 27 25 0 2 0 25 0
3 0 8 0 0 0 4 0 0 0 0 0 0 0 0 0 0 0 0 0 0 0 7 0 0 0 0 0 1 0 0 0 0 0 0 0 6 3 0 0 9
13 0 13 5 0 0 0 0 0 0 0 0 0 0 0 0 0 0 0 0 3 0 0 0 0 0 11 1 0 0 0 19 0 0 24 22 0 6 0 20 0
7 0 22 0 0 0 7 0 0 0 0 0 0 0 0 0 0 0 0 0 1 0 9 0 0 0 0 0 2 0 0 0 0 0 0 0 15 8 0 0 23
7 0 2 9 0 0 0 0 0 0 0 0 0 0 0 0 0 0 0 0 1 0 0 0 0 0 8 1 0 0 0 28 0 0 31 29 0 0 0 25 0
0 0 0 13 0 0 0 0 0 0 0 0 0 0 0 0 0 0 0 0 0 0 7 0 0 0 0 0 0 0 0 30 0 0 23 25 0 0 0 18 0
5 0 0 10 0 0 0 0 0 0 0 0 0 0 0 0 0 0 0 0 0 0 0 0 0 0 8 2 0 0 0 31 0 0 34 32 0 0 0 26 0
0 0 0 0 0 0 33 0 0 0 0 16 0 0 0 0 0 0 0 0 0 0 54 0 0 0 0 0 1 0 0 0 0 0 0 0 54 0 0 0 26
10 0 31 0 0 0 8 0 0 0 0 0 0 0 0 0 0 0 0 0 3 0 9 0 0 0 0 0 4 0 0 0 0 0 0 0 18 11 0 0 32
4 0 0 11 0 0 0 0 0 0 0 0 0 0 0 0 0 0 0 0 0 0 0 0 0 0 7 1 0 0 0 31 0 0 33 32 0 0 0 25 0
7 0 3 10 0 0 0 0 0 0 0 0 0 0 0 0 0 0 0 0 1 0 0 0 0 0 9 3 0 0 0 29 0 0 34 33 0 1 0 25 0
0 0 0 12 0 0 0 0 0 0 0 0 0 0 0 0 0 0 0 0 0 0 7 0 0 0 0 0 0 0 0 32 0 0 23 25 0 0 0 21 0
0 0 0 13 0 0 0 0 0 0 0 0 0 0 0 0 0 0 0 0 0 0 0 0 0 0 3 2 0 0 0 33 0 0 32 32 0 0 0 24 0
0 0 19 0 0 0 17 0 0 0 0 5 0 0 0 0 0 0 0 0 0 0 24 0 0 0 0 0 3 0 0 0 0 0 0 0 33 4 0 0 33
0 0 0 12 0 0 0 0 0 0 0 0 0 0 0 0 0 0 0 0 0 0 0 0 0 0 4 3 0 0 0 29 0 0 30 31 0 0 0 21 0
5 0 0 11 0 0 0 0 0 0 0 0 0 0 0 0 0 0 0 0 0 0 0 0 0 0 7 2 0 0 0 31 0 0 33 32 0 0 0 25 0
2 0 0 11 0 0 0 0 0 0 0 0 0 0 0 0 0 0 0 0 0 0 0 0 0 0 5 1 0 0 0 30 0 0 30 29 0 0 0 24 0
4 0 0 10 0 0 0 0 0 0 0 0 0 0 0 0 0 0 0 0 0 0 0 0 0 0 6 1 0 0 0 31 0 0 32 30 0 0 0 25 0
0 0 0 11 0 0 0 0 0 0 0 0 0 0 0 0 0 0 0 0 0 0 4 0 0 0 0 0 0 0 0 31 0 0 24 25 0 0 0 23 0
3 0 0 11 0 0 0 0 0 0 0 0 0 0 0 0 0 0 0 0 0 0 0 0 0 0 5 0 0 0 0 34 0 0 32 31 0 0 0 28 0
23 3 33 0 0 0 0 0 0 0 0 0 0 0 0 0 0 0 0 0 10 0 0 0 0 0 14 0 0 0 0 0 0 0 5 5 0 17 0 6 3
21 3 39 0 0 0 0 0 0 0 0 0 0 0 0 0 0 0 0 0 9 0 0 0 0 0 10 0 2 0 0 0 0 0 0 0 0 17 0 0 21
1 0 0 11 0 0 0 0 0 0 0 0 0 0 0 0 0 0 0 0 0 0 0 0 0 0 3 0 0 0 0 33 0 0 29 28 0 0 0 28 0
0 0 0 13 0 0 1 0 0 0 0 0 0 0 0 0 0 0 0 0 0 0 11 0 0 0 0 0 0 0 0 34 0 0 23 26 0 0 0 22 0
0 0 0 0 0 0 24 0 0 0 0 11 0 0 0 0 0 0 0 0 0 0 39 0 0 0 0 0 2 0 0 0 0 0 0 0 42 0 0 0 25
13 0 27 0 0 0 0 0 0 0 0 0 0 0 0 0 0 0 0 0 4 0 0 0 0 0 5 0 1 0 0 0 0 0 0 0 0 11 0 0 15
0 0 0 13 0 0 0 0 0 0 0 0 0 0 0 0 0 0 0 0 0 0 3 0 0 0 0 0 0 0 0 36 0 0 28 29 0 0 0 26 0
0 0 0 12 0 0 6 0 0 0 0 1 0 0 0 0 0 0 0 0 0 0 19 0 0 0 0 0 0 0 0 31 0 0 17 21 5 0 0 17 0
16 1 16 4 0 0 0 0 0 0 0 0 0 0 0 0 0 0 0 0 4 0 0 0 0 0 12 0 0 0 0 18 0 0 23 21 0 9 0 21 0
17 2 41 0 0 0 3 0 0 0 0 0 0 0 0 0 0 0 0 0 6 0 0 0 0 0 5 0 6 0 0 0 0 0 0 0 10 16 0 0 35
0 0 0 13 0 0 0 0 0 0 0 0 0 0 0 0 0 0 0 0 0 0 0 0 0 0 1 0 0 0 0 34 0 0 29 30 0 0 0 25 0
3 0 0 10 0 0 0 0 0 0 0 0 0 0 0 0 0 0 0 0 0 0 0 0 0 0 7 2 0 0 0 30 0 0 32 31 0 0 0 24 0
13 1 30 0 0 0 2 0 0 0 0 0 0 0 0 0 0 0 0 0 4 0 1 0 0 0 4 0 2 0 0 0 0 0 0 0 7 12 0 0 24
14 1 15 3 0 0 0 0 0 0 0 0 0 0 0 0 0 0 0 0 3 0 0 0 0 0 10 0 0 0 0 14 0 0 17 16 0 9 0 18 0
13 1 36 0 0 0 6 0 0 0 0 0 0 0 0 0 0 0 0 0 4 0 5 0 0 0 2 0 5 0 0 0 0 0 0 0 15 14 0 0 34
0 0 0 13 0 0 0 0 0 0 0 0 0 0 0 0 0 0 0 0 0 0 0 0 0 0 1 1 0 0 0 32 0 0 28 30 0 0 0 22 0
4 0 0 10 0 0 0 0 0 0 0 0 0 0 0 0 0 0 0 0 0 0 0 0 0 0 7 2 0 0 0 29 0 0 32 31 0 0 0 23 0
0 0 0 9 0 0 12 0 0 0 0 4 0 0 0 0 0 0 0 0 0 0 29 0 0 0 0 0 0 0 0 23 0 0 7 12 14 0 0 11 0
0 0 0 13 0 0 0 0 0 0 0 0 0 0 0 0 0 0 0 0 0 0 0 0 0 0 0 2 0 0 0 31 0 0 26 29 0 0 0 18 0
0 0 0 0 0 0 35 0 0 0 0 17 0 0 0 0 0 0 0 0 0 0 57 0 0 0 0 0 1 0 0 0 0 0 0 0 60 0 0 0 31
0 0 0 14 0 0 0 0 0 0 0 0 0 0 0 0 0 0 0 0 0 0 0 0 0 0 2 2 0 0 0 33 0 0 31 32 0 0 0 23 0
6 0 0 10 0 0 0 0 0 0 0 0 0 0 0 0 0 0 0 0 0 0 0 0 0 0 7 1 0 0 0 30 0 0 31 30 0 0 0 26 0
0 0 9 0 0 0 12 0 0 0 0 3 0 0 0 0 0 0 0 0 0 0 20 0 0 0 0 0 1 0 0 0 0 0 0 0 21 2 0 0 19
2 0 0 4 0 0 0 0 0 0 0 0 0 0 0 0 0 0 0 0 0 0 2 0 0 0 1 0 0 0 0 16 0 0 11 12 0 0 0 15 0
1 0 20 0 0 0 15 0 0 0 0 4 0 0 0 0 0 0 0 0 0 0 21 0 0 0 0 0 3 0 0 0 0 0 0 0 29 5 0 0 31
13 0 10 7 0 0 0 0 0 0 0 0 0 0 0 0 0 0 0 0 3 0 0 0 0 0 11 1 0 0 0 24 0 0 28 26 0 6 0 24 0
0 0 0 12 0 0 0 0 0 0 0 0 0 0 0 0 0 0 0 0 0 0 0 0 0 0 1 3 0 0 0 27 0 0 26 28 0 0 0 16 0
8 0 30 0 0 0 10 0 1 0 0 0 0 0 0 0 0 0 0 0 2 0 12 0 0 0 0 0 4 0 0 0 0 0 0 0 21 10 0 0 33
0 0 0 12 0 0 0 0 0 0 0 0 0 0 0 0 0 0 0 0 0 0 0 0 0 0 4 1 0 0 0 32 0 0 31 31 0 0 0 24 0
0 0 6 0 0 0 20 0 0 0 0 7 0 0 0 0 0 0 0 0 0 0 30 0 0 0 0 0 2 0 0 0 0 0 0 0 35 0 0 0 27
0 0 0 1 0 0 13 0 0 0 0 4 0 0 0 0 0 0 0 0 0 0 24 0 0 0 0 0 0 0 0 4 0 0 0 0 16 0 0 2 5
0 0 0 13 0 0 0 0 0 0 0 0 0 0 0 0 0 0 0 0 0 0 0 0 0 0 1 1 0 0 0 34 0 0 30 31 0 0 0 23 0
0 0 0 12 0 0 7 0 0 0 0 2 0 0 0 0 0 0 0 0 0 0 21 0 0 0 0 0 0 0 0 32 0 0 18 21 5 0 0 19 0
14 0 13 4 0 0 0 0 0 0 0 0 0 0 0 0 0 0 0 0 3 0 0 0 0 0 10 0 0 0 0 17 0 0 20 19 0 8 0 20 0
2 0 0 11 0 0 0 0 0 0 0 0 0 0 0 0 0 0 0 0 0 0 0 0 0 0 5 1 0 0 0 32 0 0 32 31 0 0 0 25 0
6 0 11 0 0 0 1 0 0 0 0 0 0 0 0 0 0 0 0 0 0 0 3 0 0 0 2 0 0 0 0 0 0 0 0 0 1 4 0 3 7
0 0 0 13 0 0 0 0 0 0 0 0 0 0 0 0 0 0 0 0 0 0 9 0 0 0 0 0 0 0 0 33 0 0 24 27 0 0 0 21 0
4 0 4 2 0 0 0 0 0 0 0 0 0 0 0 0 0 0 0 0 0 0 1 0 0 0 2 0 0 0 0 12 0 0 9 9 0 3 0 14 0
0 0 0 9 0 0 8 0 0 0 0 2 0 0 0 0 0 0 0 0 0 0 20 0 0 0 0 0 0 0 0 23 0 0 11 14 7 0 0 14 0
6 0 2 6 0 0 0 0 0 0 0 0 0 0 0 0 0 0 0 0 0 0 0 0 0 0 4 0 0 0 0 21 0 0 19 18 0 2 0 21 0
15 1 26 0 0 0 0 0 0 0 0 0 0 0 0 0 0 0 0 0 5 0 0 0 0 0 7 0 1 0 0 0 0 0 0 0 0 12 0 0 13
0 0 0 0 0 0 29 0 0 0 0 14 0 0 0 0 0 0 0 0 0 0 52 0 0 0 0 0 0 0 0 0 0 0 0 0 48 0 0 0 18
5 0 34 0 0 0 17 0 1 0 0 2 0 0 0 0 0 0 0 0 0 0 22 0 0 0 0 0 6 0 0 0 0 0 0 0 35 10 0 0 46
0 0 0 0 0 0 13 0 0 0 0 4 0 0 0 0 0 0 0 0 0 0 23 0 0 0 0 0 0 0 0 0 0 0 0 0 19 0 0 0 11
19 2 25 0 0 0 0 0 0 0 0 0 0 0 0 0 0 1 0 0 7 0 0 0 0 0 12 0 0 0 0 3 0 0 9 8 0 14 0 11 0
0 0 0 13 0 0 0 0 0 0 0 0 0 0 0 0 0 0 0 0 0 0 0 0 0 0 2 2 0 0 0 31 0 0 29 31 0 0 0 21 0
9 0 5 9 0 0 0 0 0 0 0 0 0 0 0 0 0 0 0 0 1 0 0 0 0 0 9 2 0 0 0 28 0 0 32 30 0 2 0 24 0
7 0 0 9 0 0 0 0 0 0 0 0 0 0 0 0 0 0 0 0 0 0 0 0 0 0 7 0 0 0 0 29 0 0 29 28 0 1 0 27 0
3 0 23 0 0 0 13 0 0 0 0 2 0 0 0 0 0 0 0 0 0 0 17 0 0 0 0 0 3 0 0 0 0 0 0 0 26 7 0 0 31
19 3 34 0 0 0 0 0 0 0 0 0 0 0 0 0 0 0 0 0 7 0 0 0 0 0 8 0 3 0 0 0 0 0 0 0 0 15 0 0 21
9 0 31 0 0 0 8 0 0 0 0 0 0 0 0 0 0 0 0 0 2 0 10 0 0 0 0 0 5 0 0 0 0 0 0 0 19 11 0 0 33
13 0 11 5 0 0 0 0 0 0 0 0 0 0 0 0 0 0 0 0 3 0 0 0 0 0 10 0 0 0 0 21 0 0 23 21 0 7 0 23 0
0 0 7 0 0 0 30 0 0 0 0 12 0 0 0 0 0 0 0 0 0 0 44 0 0 0 0 0 2 0 0 0 0 0 0 0 53 0 0 0 39
0 0 0 12 0 0 0 0 0 0 0 0 0 0 0 0 0 0 0 0 0 0 0 0 0 0 2 3 0 0 0 28 0 0 28 30 0 0 0 18 0
16 1 19 2 0 0 0 0 0 0 0 0 0 0 0 0 0 0 0 0 5 0 0 0 0 0 11 0 0 0 0 12 0 0 17 16 0 11 0 17 0
10 0 27 0 0 0 5 0 0 0 0 0 0 0 0 0 0 0 0 0 2 0 6 0 0 0 2 0 3 0 0 0 0 0 0 0 12 10 0 0 26
0 0 0 12 0 0 1 0 0 0 0 0 0 0 0 0 0 0 0 0 0 0 10 0 0 0 0 0 0 0 0 34 0 0 24 26 0 0 0 23 0
0 0 0 1 0 0 5 0 0 0 0 0 0 0 0 0 0 0 0 0 0 0 11 0 0 0 0 0 0 0 0 5 0 0 0 1 7 0 0 5 4
7 0 2 9 0 0 0 0 0 0 0 0 0 0 0 0 0 0 0 0 1 0 0 0 0 0 8 1 0 0 0 28 0 0 31 29 0 1 0 25 0
4 0 0 10 0 0 0 0 0 0 0 0 0 0 0 0 0 0 0 0 0 0 0 0 0 0 7 1 0 0 0 29 0 0 30 29 0 0 0 24 0
0 0 0 6 0 0 11 0 0 0 0 4 0 0 0 0 0 0 0 0 0 0 24 0 0 0 0 0 0 0 0 16 0 0 3 7 14 0 0 8 0
0 0 20 0 0 0 24 0 0 0 0 8 0 0 0 0 0 0 0 0 0 0 34 0 0 0 0 0 3 0 0 0 0 0 0 0 45 3 0 0 42
0 0 0 12 0 0 0 0 0 0 0 0 0 0 0 0 0 0 0 0 0 0 0 0 0 0 6 3 0 0 0 29 0 0 32 32 0 0 0 22 0
0 0 0 13 0 0 0 0 0 0 0 0 0 0 0 0 0 0 0 0 0 0 0 0 0 0 1 2 0 0 0 31 0 0 28 30 0 0 0 20 0
0 0 0 13 0 0 0 0 0 0 0 0 0 0 0 0 0 0 0 0 0 0 5 0 0 0 0 0 0 0 0 35 0 0 27 29 0 0 0 24 0
9 0 6 9 0 0 0 0 0 0 0 0 0 0 0 0 0 0 0 0 1 0 0 0 0 0 10 2 0 0 0 27 0 0 31 30 0 3 0 24 0
3 0 14 0 0 0 9 0 0 0 0 1 0 0 0 0 0 0 0 0 0 0 13 0 0 0 0 0 2 0 0 0 0 0 0 0 16 5 0 0 19
0 0 0 12 0 0 0 0 0 0 0 0 0 0 0 0 0 0 0 0 0 0 0 0 0 0 2 0 0 0 0 34 0 0 30 31 0 0 0 26 0
17 1 21 2 0 0 0 0 0 0 0 0 0 0 0 0 0 0 0 0 5 0 0 0 0 0 12 0 0 0 0 11 0 0 17 15 0 11 0 17 0
7 0 3 6 0 0 0 0 0 0 0 0 0 0 0 0 0 0 0 0 0 0 0 0 0 0 6 0 0 0 0 21 0 0 20 19 0 2 0 21 0
0 0 0 12 0 0 0 0 0 0 0 0 0 0 0 0 0 0 0 0 0 0 0 0 0 0 5 2 0 0 0 31 0 0 32 32 0 0 0 24 0
1 0 11 0 0 0 9 0 0 0 0 1 0 0 0 0 0 0 0 0 0 0 14 0 0 0 0 0 1 0 0 0 0 0 0 0 15 3 0 0 16
0 0 0 12 0 0 0 0 0 0 0 0 0 0 0 0 0 0 0 0 0 0 0 0 0 0 3 3 0 0 0 30 0 0 30 30 0 0 0 20 0
0 0 0 13 0 0 0 0 0 0 0 0 0 0 0 0 0 0 0 0 0 0 0 0 0 0 0 0 0 0 0 34 0 0 29 30 0 0 0 25 0
21 2 31 0 0 0 0 0 0 0 0 0 0 0 0 0 0 0 0 0 9 0 0 0 0 0 13 0 0 0 0 0 0 0 7 7 0 16 0 8 1
14 1 42 0 0 0 8 0 1 0 0 0 0 0 0 0 0 0 0 0 4 0 8 0 0 0 1 0 7 0 0 0 0 0 0 0 21 16 0 0 43
0 0 0 13 0 0 0 0 0 0 0 0 0 0 0 0 0 0 0 0 0 0 7 0 0 0 0 0 0 0 0 32 0 0 24 28 0 0 0 19 0
0 0 0 7 0 0 5 0 0 0 0 0 0 0 0 0 0 0 0 0 0 0 14 0 0 0 0 0 0 0 0 21 0 0 12 13 3 0 0 16 0
8 0 37 0 0 0 13 0 1 0 0 1 0 0 0 0 0 0 0 0 2 0 16 0 0 0 0 0 6 0 0 0 0 0 0 0 29 12 0 0 44
1 0 0 12 0 0 0 0 0 0 0 0 0 0 0 0 0 0 0 0 0 0 0 0 0 0 4 0 0 0 0 35 0 0 32 31 0 0 0 28 0
11 0 15 1 0 0 0 0 0 0 0 0 0 0 0 0 0 0 0 0 3 0 0 0 0 0 7 0 0 0 0 7 0 0 8 7 0 8 0 11 0
7 0 34 0 0 0 13 0 1 0 0 1 0 0 0 0 0 0 0 0 1 0 17 0 0 0 0 0 5 0 0 0 0 0 0 0 29 11 0 0 42
0 0 0 4 0 0 11 0 0 0 0 3 0 0 0 0 0 0 0 0 0 0 23 0 0 0 0 0 0 0 0 11 0 0 0 2 14 0 0 5 2
0 0 19 0 0 0 20 0 0 0 0 6 0 0 0 0 0 0 0 0 0 0 28 0 0 0 0 0 3 0 0 0 0 0 0 0 38 4 0 0 37
0 0 0 13 0 0 0 0 0 0 0 0 0 0 0 0 0 0 0 0 0 0 0 0 0 0 0 2 0 0 0 29 0 0 26 28 0 0 0 17 0
0 0 0 13 0 0 0 0 0 0 0 0 0 0 0 0 0 0 0 0 0 0 0 0 0 0 3 1 0 0 0 33 0 0 31 31 0 0 0 25 0
10 0 7 7 0 0 0 0 0 0 0 0 0 0 0 0 0 0 0 0 2 0 0 0 0 0 9 1 0 0 0 25 0 0 28 26 0 4 0 23 0
