0 0 0 7 0 0 0 0 0 0 0 0 0 0 0 0 0 0 0 0 0 0 0 0 0 17 0 0 0 8 0 58 0 0 13 45 20 0 13 0 0
12 0 5 0 0 0 2 0 0 0 0 0 0 0 0 0 0 0 0 0 0 0 0 0 0 0 10 0 0 0 0 0 0 0 84 78 0 0 0 66 0
0 0 0 8 0 0 0 0 0 0 0 0 0 0 0 0 0 0 0 0 0 0 3 0 0 19 0 0 0 2 0 41 0 0 25 50 6 2 5 15 1
0 0 6 4 0 0 0 0 0 0 0 0 0 0 0 0 0 0 0 0 0 0 0 0 0 11 0 0 0 15 0 77 0 0 0 41 37 0 22 0 0
2 0 0 0 0 0 6 0 0 0 0 0 0 0 0 0 0 0 0 0 0 0 1 0 0 2 10 0 0 0 0 0 0 0 73 74 0 2 0 56 0
0 0 0 8 0 0 0 0 0 0 0 0 0 0 0 0 0 0 0 0 0 0 4 0 0 19 0 0 0 1 0 40 0 0 29 53 4 2 3 16 1
0 0 0 7 0 0 0 0 0 0 0 0 0 0 0 0 0 0 0 0 0 0 1 0 0 18 0 0 0 6 0 53 0 0 17 48 14 0 10 4 0
3 0 1 0 0 0 5 0 0 0 0 0 0 0 0 0 0 0 0 0 0 0 0 0 0 2 10 0 0 0 0 0 0 0 75 76 0 2 0 58 0
0 0 0 7 0 0 0 0 0 0 0 0 0 0 0 0 0 0 0 0 0 0 4 0 0 18 1 0 0 0 0 32 0 0 29 52 1 3 1 18 2
0 0 1 7 0 0 0 0 0 0 0 0 0 0 0 0 0 0 0 0 0 0 5 0 0 19 2 0 0 0 0 36 1 0 34 55 1 4 1 20 2
0 0 0 0 0 0 6 0 0 0 0 0 0 0 0 0 0 0 0 0 0 0 2 0 0 5 10 0 0 0 0 0 0 0 66 69 0 3 0 49 0
29 0 12 0 0 0 0 0 0 0 0 0 0 0 0 0 0 0 0 0 0 0 0 0 0 0 9 0 0 0 0 0 0 0 103 79 0 0 0 77 0
0 0 10 2 0 0 0 0 0 0 0 0 0 0 0 0 0 0 0 0 0 0 0 0 0 9 0 0 0 18 0 88 0 0 1 52 42 0 24 0 0
0 0 5 5 0 0 0 0 0 0 0 0 0 0 0 0 0 0 0 0 0 0 0 0 0 12 0 0 0 14 0 74 0 0 0 38 35 0 21 0 0
2 0 0 0 0 0 6 0 0 0 0 0 0 0 0 0 0 0 0 0 0 0 1 0 0 2 10 0 0 0 0 0 0 0 73 74 0 2 0 56 0
0 0 11 1 0 0 0 0 0 0 0 0 0 0 0 0 0 0 0 0 0 0 0 0 0 8 0 0 0 20 0 94 0 0 0 53 45 0 26 0 0
0 0 4 5 0 0 0 0 0 0 0 0 0 0 0 0 0 0 0 0 0 0 0 0 0 12 0 0 0 13 0 71 0 0 0 37 34 0 20 0 0
0 0 1 7 0 0 0 0 0 0 0 0 0 0 0 0 0 0 0 0 0 0 5 0 0 19 2 0 0 0 0 38 0 0 32 53 2 3 2 18 2
0 0 0 7 0 0 0 0 0 0 0 0 0 0 0 0 0 0 0 0 0 0 0 0 0 17 0 0 0 7 0 55 0 0 15 45 17 0 12 1 0
3 0 1 0 0 0 5 0 0 0 0 0 0 0 0 0 0 0 0 0 0 0 0 0 0 1 10 0 0 0 0 0 0 0 74 75 0 1 0 58 0
25 0 10 0 0 0 0 0 0 0 0 0 0 0 0 0 0 0 0 0 0 0 0 0 0 0 10 0 0 0 0 0 0 0 99 82 0 0 0 75 0
0 0 0 0 0 0 6 0 0 0 0 0 0 0 0 0 0 0 0 0 0 0 1 0 0 5 10 0 0 0 0 0 0 0 68 70 0 3 0 51 0
4 0 1 0 0 0 5 0 0 0 0 0 0 0 0 0 0 0 0 0 0 0 0 0 0 0 10 0 0 0 0 0 0 0 75 75 0 0 0 58 0
0 0 0 7 0 0 0 0 0 0 0 0 0 0 0 0 0 0 0 0 0 0 0 0 0 17 0 0 0 7 0 55 0 0 15 47 17 0 12 2 0
0 0 1 4 0 0 2 0 0 0 0 0 0 0 0 0 0 0 0 0 0 0 6 0 0 18 6 0 0 0 0 20 0 0 44 58 0 6 0 27 2
3 0 1 0 0 0 5 0 0 0 0 0 0 0 0 0 0 0 0 0 0 0 0 0 0 1 10 0 0 0 0 0 0 0 75 75 0 1 0 57 0
0 0 0 8 0 0 0 0 0 0 0 0 0 0 0 0 0 0 0 0 0 0 4 0 0 19 0 0 0 1 0 39 0 0 29 51 4 2 3 17 1
25 0 10 0 0 0 0 0 0 0 0 0 0 0 0 0 0 0 0 0 0 0 0 0 0 0 9 0 0 0 0 0 0 0 97 80 0 0 0 74 0
2 0 1 0 0 0 6 0 0 0 0 0 0 0 0 0 0 0 0 0 0 0 1 0 0 1 11 0 0 0 0 0 0 0 75 75 0 1 0 58 0
3 0 0 0 0 0 5 0 0 0 0 0 0 0 0 0 0 0 0 0 0 0 0 0 0 3 10 0 0 0 0 0 0 0 74 75 0 2 0 56 0
23 0 8 0 0 0 0 0 0 0 0 0 0 0 0 0 0 0 0 0 0 0 0 0 0 0 9 0 0 0 0 0 0 0 95 80 0 0 0 73 0
0 0 4 5 0 0 0 0 0 0 0 0 0 0 0 0 0 0 0 0 0 0 0 0 0 12 0 0 0 12 0 68 0 0 0 38 31 0 19 0 0
0 0 10 3 0 0 0 0 0 0 0 0 0 0 0 0 0 0 0 0 0 0 0 0 0 10 0 0 0 17 0 85 0 0 0 48 41 0 24 0 0
0 0 0 7 0 0 0 0 0 0 0 0 0 0 0 0 0 0 0 0 0 0 0 0 0 17 0 0 0 8 0 59 0 0 11 45 21 0 14 0 0
0 0 0 0 0 0 5 0 0 0 0 0 0 0 0 0 0 0 0 0 0 0 4 0 0 12 9 0 0 0 0 0 0 0 61 68 0 5 0 41 0
0 0 0 0 0 0 6 0 0 0 0 0 0 0 0 0 0 0 0 0 0 0 1 0 0 4 10 0 0 0 0 0 0 0 71 72 0 3 0 54 0
0 0 0 1 0 0 4 0 0 0 0 0 0 0 0 0 0 0 0 0 0 0 5 0 0 14 7 0 0 0 0 6 0 0 50 61 0 5 0 34 1
0 0 1 5 0 0 2 0 0 0 0 0 0 0 0 0 0 0 0 0 0 0 6 0 0 18 5 0 0 0 0 28 0 0 39 56 0 6 0 24 3
0 0 0 6 0 0 0 0 0 0 0 0 0 0 0 0 0 0 0 0 0 0 0 0 0 16 0 0 0 8 0 59 0 0 10 41 21 0 14 0 0
7 0 2 0 0 0 4 0 0 0 0 0 0 0 0 0 0 0 0 0 0 0 0 0 0 0 10 0 0 0 0 0 0 0 79 77 0 0 0 61 0
0 0 0 6 0 0 0 0 0 0 0 0 0 0 0 0 0 0 0 0 0 0 0 0 0 15 0 0 0 10 0 63 0 0 4 39 26 0 17 0 0
22 0 8 0 0 0 0 0 0 0 0 0 0 0 0 0 0 0 0 0 0 0 0 0 0 0 9 0 0 0 0 0 0 0 95 81 0 0 0 74 0
14 0 6 0 0 0 2 0 0 0 0 0 0 0 0 0 0 0 0 0 0 0 0 0 0 0 10 0 0 0 0 0 0 0 88 80 0 0 0 69 0
0 0 0 8 0 0 0 0 0 0 0 0 0 0 0 0 0 0 0 0 0 0 4 0 0 19 0 0 0 1 0 42 0 0 26 52 5 2 4 15 1
12 0 6 0 0 0 2 0 0 0 0 0 0 0 0 0 0 0 0 0 0 0 0 0 0 0 9 0 0 0 0 0 0 0 87 81 0 0 0 67 0
4 0 1 0 0 0 4 0 0 0 0 0 0 0 0 0 0 0 0 0 0 0 0 0 0 2 9 0 0 0 0 0 0 0 75 75 0 1 0 56 0
0 0 0 8 0 0 0 0 0 0 0 0 0 0 0 0 0 0 0 0 0 0 0 0 0 17 0 0 0 7 0 56 0 0 13 44 18 0 13 0 0
0 0 0 0 0 0 5 0 0 0 0 0 0 0 0 0 0 0 0 0 0 0 4 0 0 12 9 0 0 0 0 0 0 0 57 64 0 6 0 39 1
3 0 0 0 0 0 5 0 0 0 0 0 0 0 0 0 0 0 0 0 0 0 0 0 0 1 10 0 0 0 0 0 0 0 76 78 0 2 0 59 0
8 0 3 0 0 0 3 0 0 0 0 0 0 0 0 0 0 0 0 0 0 0 0 0 0 0 10 0 0 0 0 0 0 0 81 79 0 0 0 62 0
4 0 1 0 0 0 4 0 0 0 0 0 0 0 0 0 0 0 0 0 0 0 0 0 0 2 10 0 0 0 0 0 0 0 77 79 0 1 0 59 0
0 0 0 7 0 0 0 0 0 0 0 0 0 0 0 0 0 0 0 0 0 0 4 0 0 18 1 0 0 0 0 36 0 0 29 53 2 3 2 17 2
0 0 0 8 0 0 0 0 0 0 0 0 0 0 0 0 0 0 0 0 0 0 3 0 0 18 0 0 0 3 0 44 0 0 22 49 7 1 6 11 1
22 0 9 0 0 0 0 0 0 0 0 0 0 0 0 0 0 0 0 0 0 0 0 0 0 0 9 0 0 0 0 0 0 0 94 82 0 0 0 72 0
0 0 1 6 0 0 0 0 0 0 0 0 0 0 0 0 0 0 0 0 0 0 0 0 0 15 0 0 0 10 0 64 0 0 5 41 26 0 16 0 0
2 0 1 0 0 0 5 0 0 0 0 0 0 0 0 0 0 0 0 0 0 0 0 0 0 3 10 0 0 0 0 0 0 0 72 74 0 2 0 55 0
0 0 1 6 0 0 0 0 0 0 0 0 0 0 0 0 0 0 0 0 0 0 0 0 0 15 0 0 0 10 0 64 0 0 4 39 26 0 17 0 0
0 0 8 4 0 0 0 0 0 0 0 0 0 0 0 0 0 0 0 0 0 0 0 0 0 10 0 0 0 16 0 81 0 0 0 45 39 0 23 0 0
0 0 2 5 0 0 0 0 0 0 0 0 0 0 0 0 0 0 0 0 0 0 0 0 0 14 0 0 0 11 0 64 0 0 2 37 28 0 18 0 0
0 0 10 3 0 0 0 0 0 0 0 0 0 0 0 0 0 0 0 0 0 0 0 0 0 9 0 0 0 18 0 87 0 0 0 49 42 0 24 0 0
0 0 1 6 0 0 0 0 0 0 0 0 0 0 0 0 0 0 0 0 0 0 0 0 0 14 0 0 0 10 0 63 0 0 4 38 26 0 17 0 0
0 0 2 5 0 0 0 0 0 0 0 0 0 0 0 0 0 0 0 0 0 0 0 0 0 14 0 0 0 11 0 66 0 0 2 37 29 0 18 0 0
0 0 0 6 0 0 0 0 0 0 0 0 0 0 0 0 0 0 0 0 0 0 0 0 0 16 0 0 0 10 0 63 0 0 6 41 25 0 16 0 0
0 0 0 6 0 0 1 0 0 0 0 0 0 0 0 0 0 0 0 0 0 0 5 0 0 19 3 0 0 0 0 31 0 0 35 54 0 4 0 20 3
0 0 0 6 0 0 0 0 0 0 0 0 0 0 0 0 0 0 0 0 0 0 0 0 0 15 0 0 0 10 0 61 0 0 6 40 25 0 16 0 0
0 0 13 0 0 0 0 0 0 0 0 0 0 0 0 0 0 0 0 0 0 0 0 0 0 7 0 0 0 21 0 98 0 0 0 58 46 0 26 0 0
0 0 3 5 0 0 0 0 0 0 0 0 0 0 0 0 0 0 0 0 0 0 0 0 0 13 0 0 0 12 0 68 0 0 2 39 31 0 19 0 0
0 0 0 7 0 0 0 0 0 0 0 0 0 0 0 0 0 0 0 0 0 0 0 0 0 17 0 0 0 8 0 57 0 0 10 43 18 0 12 0 0
2 0 1 0 0 0 5 0 0 0 0 0 0 0 0 0 0 0 0 0 0 0 1 0 0 2 10 0 0 0 0 0 0 0 73 74 0 2 0 56 0
0 0 0 6 0 0 0 0 0 0 0 0 0 0 0 0 0 0 0 0 0 0 0 0 0 16 0 0 0 9 0 60 0 0 7 41 23 0 15 0 0
9 0 4 0 0 0 3 0 0 0 0 0 0 0 0 0 0 0 0 0 0 0 0 0 0 0 10 0 0 0 0 0 0 0 83 79 0 0 0 64 0
29 0 11 0 0 0 0 0 0 0 0 0 0 0 0 0 0 0 0 0 0 0 0 0 0 0 9 0 0 0 0 0 0 0 101 80 0 0 0 78 0
0 0 0 7 0 0 0 0 0 0 0 0 0 0 0 0 0 0 0 0 0 0 4 0 0 19 0 0 0 1 0 39 0 0 27 52 4 2 3 16 1
4 0 2 0 0 0 5 0 0 0 0 0 0 0 0 0 0 0 0 0 0 0 0 0 0 3 10 0 0 0 0 0 0 0 73 73 0 2 0 57 0
0 0 0 6 0 0 0 0 0 0 0 0 0 0 0 0 0 0 0 0 0 0 0 0 0 15 0 0 0 10 0 63 0 0 4 39 26 0 17 0 0
0 0 0 7 0 0 0 0 0 0 0 0 0 0 0 0 0 0 0 0 0 0 0 0 0 17 0 0 0 8 0 56 0 0 12 44 19 0 13 0 0
1 0 0 0 0 0 6 0 0 0 0 0 0 0 0 0 0 0 0 0 0 0 1 0 0 4 10 0 0 0 0 0 0 0 72 75 0 3 0 55 0
9 0 3 0 0 0 3 0 0 0 0 0 0 0 0 0 0 0 0 0 0 0 0 0 0 0 9 0 0 0 0 0 0 0 83 80 0 0 0 64 0
0 0 0 0 0 0 5 0 0 0 0 0 0 0 0 0 0 0 0 0 0 0 2 0 0 7 10 0 0 0 0 0 0 0 69 73 0 3 0 52 0
0 0 0 0 0 0 6 0 0 0 0 0 0 0 0 0 0 0 0 0 0 0 1 0 0 6 10 0 0 0 0 0 0 0 70 74 0 4 0 52 0
0 0 10 1 0 0 0 0 0 0 0 0 0 0 0 0 0 0 0 0 0 0 0 0 0 8 0 0 0 19 0 91 0 0 0 52 43 0 25 0 0
0 0 5 5 0 0 0 0 0 0 0 0 0 0 0 0 0 0 0 0 0 0 0 0 0 12 0 0 0 14 0 73 0 0 0 38 35 0 21 0 0
5 0 2 0 0 0 4 0 0 0 0 0 0 0 0 0 0 0 0 0 0 0 0 0 0 1 10 0 0 0 0 0 0 0 77 78 0 1 0 59 0
0 0 8 4 0 0 0 0 0 0 0 0 0 0 0 0 0 0 0 0 0 0 0 0 0 10 0 0 0 16 0 81 0 0 0 46 39 0 23 0 0
8 0 3 0 0 0 4 0 0 0 0 0 0 0 0 0 0 0 0 0 0 0 0 0 0 0 10 0 0 0 0 0 0 0 78 75 0 0 0 60 0
0 0 0 6 0 0 1 0 0 0 0 0 0 0 0 0 0 0 0 0 0 0 5 0 0 19 3 0 0 0 0 29 0 0 34 54 0 5 0 20 3
16 0 7 0 0 0 1 0 0 0 0 0 0 0 0 0 0 0 0 0 0 0 0 0 0 0 9 0 0 0 0 0 0 0 87 79 0 0 0 69 0
0 0 0 7 0 0 0 0 0 0 0 0 0 0 0 0 0 0 0 0 0 0 0 0 0 17 0 0 0 8 0 57 0 0 12 45 19 0 13 0 0
0 0 0 0 0 0 6 0 0 0 0 0 0 0 0 0 0 0 0 0 0 0 3 0 0 8 10 0 0 0 0 0 0 0 62 67 0 5 0 45 0
0 0 0 0 0 0 6 0 0 0 0 0 0 0 0 0 0 0 0 0 0 0 2 0 0 5 11 0 0 0 0 0 0 0 69 72 0 4 0 53 0
11 0 4 0 0 0 3 0 0 0 0 0 0 0 0 0 0 0 0 0 0 0 0 0 0 0 10 0 0 0 0 0 0 0 84 79 0 0 0 66 0
3 0 1 0 0 0 6 0 0 0 0 0 0 0 0 0 0 0 0 0 0 0 0 0 0 1 11 0 0 0 0 0 0 0 76 76 0 1 0 59 0
4 0 1 0 0 0 5 0 0 0 0 0 0 0 0 0 0 0 0 0 0 0 0 0 0 0 10 0 0 0 0 0 0 0 74 74 0 1 0 57 0
1 0 0 0 0 0 6 0 0 0 0 0 0 0 0 0 0 0 0 0 0 0 1 0 0 3 10 0 0 0 0 0 0 0 71 73 0 3 0 55 0
0 0 3 5 0 0 0 0 0 0 0 0 0 0 0 0 0 0 0 0 0 0 0 0 0 13 0 0 0 12 0 68 0 0 4 41 30 0 19 0 0
0 0 2 6 0 0 0 0 0 0 0 0 0 0 0 0 0 0 0 0 0 0 0 0 0 14 0 0 0 12 0 67 0 0 1 38 30 0 19 0 0
0 0 2 5 0 0 0 0 0 0 0 0 0 0 0 0 0 0 0 0 0 0 0 0 0 14 0 0 0 11 0 65 0 0 4 39 28 0 18 0 0
0 0 0 0 0 0 4 0 0 0 0 0 0 0 0 0 0 0 0 0 0 0 5 0 0 14 8 0 0 0 0 8 0 0 53 65 0 6 0 35 2
19 0 7 0 0 0 0 0 0 0 0 0 0 0 0 0 0 0 0 0 0 0 0 0 0 0 8 0 0 0 0 0 0 0 91 82 0 0 0 70 0
0 0 0 6 0 0 0 0 0 0 0 0 0 0 0 0 0 0 0 0 0 0 0 0 0 16 0 0 0 9 0 61 0 0 9 43 21 0 14 0 0
0 0 0 8 0 0 0 0 0 0 0 0 0 0 0 0 0 0 0 0 0 0 1 0 0 18 0 0 0 6 0 51 0 0 16 46 14 0 10 5 0
4 0 1 0 0 0 5 0 0 0 0 0 0 0 0 0 0 0 0 0 0 0 0 0 0 1 10 0 0 0 0 0 0 0 75 75 0 1 0 58 0
3 0 1 0 0 0 5 0 0 0 0 0 0 0 0 0 0 0 0 0 0 0 0 0 0 2 10 0 0 0 0 0 0 0 74 75 0 1 0 57 0
10 0 5 0 0 0 3 0 0 0 0 0 0 0 0 0 0 0 0 0 0 0 0 0 0 0 10 0 0 0 0 0 0 0 83 78 0 0 0 64 0
8 0 3 0 0 0 3 0 0 0 0 0 0 0 0 0 0 0 0 0 0 0 0 0 0 0 10 0 0 0 0 0 0 0 82 79 0 0 0 64 0
0 0 0 0 0 0 5 0 0 0 0 0 0 0 0 0 0 0 0 0 0 0 1 0 0 6 10 0 0 0 0 0 0 0 72 74 0 3 0 53 0
0 0 1 6 0 0 0 0 0 0 0 0 0 0 0 0 0 0 0 0 0 0 0 0 0 15 0 0 0 10 0 63 0 0 5 39 26 0 17 0 0
0 0 0 4 0 0 2 0 0 0 0 0 0 0 0 0 0 0 0 0 0 0 5 0 0 16 5 0 0 0 0 18 0 0 43 57 0 5 0 26 2
0 0 3 5 0 0 0 0 0 0 0 0 0 0 0 0 0 0 0 0 0 0 0 0 0 13 0 0 0 11 0 65 0 0 4 40 29 0 18 0 0
29 0 11 0 0 0 0 0 0 0 0 0 0 0 0 0 0 0 0 0 0 0 0 0 0 0 9 0 0 0 0 0 0 0 101 79 0 0 0 77 0
0 0 5 4 0 0 0 0 0 0 0 0 0 0 0 0 0 0 0 0 0 0 0 0 0 12 0 0 0 14 0 74 0 0 2 42 35 0 21 0 0
0 0 5 5 0 0 0 0 0 0 0 0 0 0 0 0 0 0 0 0 0 0 0 0 0 12 0 0 0 14 0 72 0 0 0 38 34 0 21 0 0
0 0 0 8 0 0 0 0 0 0 0 0 0 0 0 0 0 0 0 0 0 0 4 0 0 19 0 0 0 1 0 41 0 0 27 51 4 3 4 14 2
14 0 6 0 0 0 1 0 0 0 0 0 0 0 0 0 0 0 0 0 0 0 0 0 0 0 9 0 0 0 0 0 0 0 87 80 0 0 0 69 0
0 0 1 7 0 0 0 0 0 0 0 0 0 0 0 0 0 0 0 0 0 0 5 0 0 19 2 0 0 0 0 35 0 0 32 52 1 5 1 18 2
0 0 0 7 0 0 0 0 0 0 0 0 0 0 0 0 0 0 0 0 0 0 5 0 0 20 2 0 0 0 0 33 1 0 35 52 1 4 1 20 2
0 0 1 6 0 0 0 0 0 0 0 0 0 0 0 0 0 0 0 0 0 0 0 0 0 14 0 0 0 11 0 64 0 0 2 38 27 0 17 0 0
0 0 0 0 0 0 6 0 0 0 0 0 0 0 0 0 0 0 0 0 0 0 1 0 0 4 9 0 0 0 0 0 0 0 68 70 0 3 0 52 0
4 0 1 0 0 0 5 0 0 0 0 0 0 0 0 0 0 0 0 0 0 0 0 0 0 1 10 0 0 0 0 0 0 0 75 77 0 1 0 59 0
20 0 9 0 0 0 0 0 0 0 0 0 0 0 0 0 0 0 0 0 0 0 0 0 0 0 9 0 0 0 0 0 0 0 92 80 0 0 0 71 0
0 0 13 0 0 0 0 0 0 0 0 0 0 0 0 0 0 0 0 0 0 0 0 0 0 6 0 0 0 22 0 102 0 0 0 57 48 0 27 0 0
4 0 1 0 0 0 5 0 0 0 0 0 0 0 0 0 0 0 0 0 0 0 0 0 0 0 10 0 0 0 0 0 0 0 73 73 0 1 0 57 0
0 0 0 7 0 0 0 0 0 0 0 0 0 0 0 0 0 0 0 0 0 0 5 0 0 19 1 0 0 0 0 37 0 0 32 53 2 3 2 18 2
8 0 4 0 0 0 3 0 0 0 0 0 0 0 0 0 0 0 0 0 0 0 0 0 0 0 10 0 0 0 0 0 0 0 81 78 0 0 0 61 0
0 0 0 7 0 0 0 0 0 0 0 0 0 0 0 0 0 0 0 0 0 0 4 0 0 19 0 0 0 1 0 40 0 0 27 49 5 2 4 15 2
0 0 0 7 0 0 0 0 0 0 0 0 0 0 0 0 0 0 0 0 0 0 0 0 0 17 0 0 0 7 0 57 0 0 11 43 18 0 13 0 0
0 0 0 7 0 0 0 0 0 0 0 0 0 0 0 0 0 0 0 0 0 0 5 0 0 19 2 0 0 0 0 32 0 0 34 54 1 4 1 20 2
0 0 7 4 0 0 0 0 0 0 0 0 0 0 0 0 0 0 0 0 0 0 0 0 0 11 0 0 0 16 0 79 0 0 0 44 38 0 23 0 0
0 0 0 8 0 0 0 0 0 0 0 0 0 0 0 0 0 0 0 0 0 0 2 0 0 19 0 0 0 3 0 46 0 0 24 49 9 1 7 11 1
0 0 0 4 0 0 2 0 0 0 0 0 0 0 0 0 0 0 0 0 0 0 5 0 0 16 5 0 0 0 0 20 0 0 41 56 0 5 0 27 1
0 0 0 4 0 0 2 0 0 0 0 0 0 0 0 0 0 0 0 0 0 0 5 0 0 17 5 0 0 0 0 18 1 0 46 57 0 5 0 29 1
16 0 7 0 0 0 1 0 0 0 0 0 0 0 0 0 0 0 0 0 0 0 0 0 0 0 10 0 0 0 0 0 0 0 88 79 0 0 0 68 0
0 0 0 8 0 0 0 0 0 0 0 0 0 0 0 0 0 0 0 0 0 0 1 0 0 19 0 0 0 5 0 51 0 0 19 49 13 0 9 8 0
2 0 0 0 0 0 6 0 0 0 0 0 0 0 0 0 0 0 0 0 0 0 0 0 0 2 11 0 0 0 0 0 0 0 74 75 0 2 0 57 0
4 0 2 0 0 0 5 0 0 0 0 0 0 0 0 0 0 0 0 0 0 0 0 0 0 1 10 0 0 0 0 0 0 0 75 75 0 1 0 59 0
0 0 0 1 0 0 4 0 0 0 0 0 0 0 0 0 0 0 0 0 0 0 4 0 0 14 8 0 0 0 0 6 0 0 52 63 0 5 0 34 1
0 0 0 6 0 0 0 0 0 0 0 0 0 0 0 0 0 0 0 0 0 0 0 0 0 16 0 0 0 10 0 62 0 0 7 43 24 0 15 0 0
0 0 1 6 0 0 1 0 0 0 0 0 0 0 0 0 0 0 0 0 0 0 5 0 0 18 4 0 0 0 0 25 0 0 35 52 0 4 0 22 2
0 0 9 3 0 0 0 0 0 0 0 0 0 0 0 0 0 0 0 0 0 0 0 0 0 10 0 0 0 17 0 85 0 0 0 49 40 0 23 0 0
0 0 0 5 0 0 1 0 0 0 0 0 0 0 0 0 0 0 0 0 0 0 5 0 0 17 5 0 0 0 0 23 0 0 41 54 0 5 0 24 2
19 0 9 0 0 0 0 0 0 0 0 0 0 0 0 0 0 0 0 0 0 0 0 0 0 0 9 0 0 0 0 0 0 0 92 81 0 0 0 70 0
0 0 0 1 0 0 4 0 0 0 0 0 0 0 0 0 0 0 0 0 0 0 5 0 0 15 8 0 0 0 0 7 0 0 54 63 0 6 0 34 2
6 0 3 0 0 0 4 0 0 0 0 0 0 0 0 0 0 0 0 0 0 0 0 0 0 0 10 0 0 0 0 0 0 0 78 76 0 0 0 60 0
0 0 0 6 0 0 0 0 0 0 0 0 0 0 0 0 0 0 0 0 0 0 0 0 0 16 0 0 0 9 0 60 0 0 7 41 22 0 14 0 0
11 0 4 0 0 0 2 0 0 0 0 0 0 0 0 0 0 0 0 0 0 0 0 0 0 0 10 0 0 0 0 0 0 0 84 79 0 0 0 65 0
26 0 11 0 0 0 0 0 0 0 0 0 0 0 0 0 0 0 0 0 0 0 0 0 0 0 9 0 0 0 0 0 0 0 99 79 0 0 0 74 0
19 0 8 0 0 0 0 0 0 0 0 0 0 0 0 0 0 0 0 0 0 0 0 0 0 0 9 0 0 0 0 0 0 0 91 80 0 0 0 71 0
20 0 8 0 0 0 0 0 0 0 0 0 0 0 0 0 0 0 0 0 0 0 0 0 0 0 9 0 0 0 0 0 0 0 91 79 0 0 0 71 0
0 0 0 0 0 0 5 0 0 0 0 0 0 0 0 0 0 0 0 0 0 0 4 0 0 12 9 0 0 0 0 0 0 0 61 67 0 5 0 41 0
0 0 1 4 0 0 2 0 0 0 0 0 0 0 0 0 0 0 0 0 0 0 5 0 0 17 5 0 0 0 0 20 0 0 40 58 0 5 0 26 2
0 0 3 5 0 0 0 0 0 0 0 0 0 0 0 0 0 0 0 0 0 0 0 0 0 13 0 0 0 12 0 68 0 0 1 38 31 0 19 0 0
0 0 0 0 0 0 4 0 0 0 0 0 0 0 0 0 0 0 0 0 0 0 5 0 0 13 8 0 0 0 0 2 0 0 56 65 0 5 0 37 1
0 0 7 4 0 0 0 0 0 0 0 0 0 0 0 0 0 0 0 0 0 0 0 0 0 11 0 0 0 15 0 78 0 0 2 43 37 0 22 0 0
1 0 1 0 0 0 6 0 0 0 0 0 0 0 0 0 0 0 0 0 0 0 1 0 0 4 10 0 0 0 0 0 0 0 72 75 0 3 0 55 0
0 0 0 5 0 0 1 0 0 0 0 0 0 0 0 0 0 0 0 0 0 0 5 0 0 18 4 0 0 0 0 25 0 0 38 55 0 5 0 23 2
0 0 12 1 0 0 0 0 0 0 0 0 0 0 0 0 0 0 0 0 0 0 0 0 0 8 0 0 0 19 0 92 0 0 2 57 42 0 24 0 0
14 0 5 0 0 0 2 0 0 0 0 0 0 0 0 0 0 0 0 0 0 0 0 0 0 0 10 0 0 0 0 0 0 0 88 81 0 0 0 70 0
3 0 0 0 0 0 6 0 0 0 0 0 0 0 0 0 0 0 0 0 0 0 0 0 0 0 10 0 0 0 0 0 0 0 76 77 0 1 0 60 0
0 0 1 3 0 0 3 0 0 0 0 0 0 0 0 0 0 0 0 0 0 0 5 0 0 15 6 0 0 0 0 15 0 0 43 57 0 5 0 27 2
0 0 0 6 0 0 0 0 0 0 0 0 0 0 0 0 0 0 0 0 0 0 0 0 0 16 0 0 0 9 0 59 0 0 8 41 23 0 15 0 0
4 0 2 0 0 0 5 0 0 0 0 0 0 0 0 0 0 0 0 0 0 0 0 0 0 1 10 0 0 0 0 0 0 0 75 75 0 1 0 58 0
4 0 1 0 0 0 5 0 0 0 0 0 0 0 0 0 0 0 0 0 0 0 0 0 0 0 10 0 0 0 0 0 0 0 75 74 0 1 0 58 0
0 0 5 5 0 0 0 0 0 0 0 0 0 0 0 0 0 0 0 0 0 0 0 0 0 12 0 0 0 13 0 73 0 0 0 39 34 0 21 0 0
0 0 0 0 0 0 6 0 0 0 0 0 0 0 0 0 0 0 0 0 0 0 1 0 0 5 10 0 0 0 0 0 0 0 67 71 0 3 0 51 0
0 0 0 0 0 0 6 0 0 0 0 0 0 0 0 0 0 0 0 0 0 0 3 0 0 10 9 0 0 0 0 0 0 0 59 67 0 5 0 42 0
0 0 0 0 0 0 6 0 0 0 0 0 0 0 0 0 0 0 0 0 0 0 3 0 0 9 9 0 0 0 0 0 0 0 62 67 0 5 0 45 0
0 0 0 0 0 0 4 0 0 0 0 0 0 0 0 0 0 0 0 0 0 0 4 0 0 13 8 0 0 0 0 4 0 0 53 61 0 5 0 35 2
0 0 0 7 0 0 0 0 0 0 0 0 0 0 0 0 0 0 0 0 0 0 0 0 0 17 0 0 0 8 0 58 0 0 11 44 19 0 13 0 0
5 0 2 0 0 0 3 0 0 0 0 0 0 0 0 0 0 0 0 0 0 0 0 0 0 4 9 0 0 0 0 0 0 0 76 77 0 1 0 56 0
0 0 1 1 0 0 3 0 0 0 0 0 0 0 0 0 0 0 0 0 0 0 4 0 0 13 7 0 0 0 0 4 0 0 51 60 0 4 0 34 1
0 0 0 3 0 0 3 0 0 0 0 0 0 0 0 0 0 0 0 0 0 0 6 0 0 16 7 0 0 0 0 17 0 0 46 58 0 6 0 28 3
0 0 0 2 0 0 4 0 0 0 0 0 0 0 0 0 0 0 0 0 0 0 5 0 0 15 7 0 0 0 0 9 0 0 48 61 0 6 0 33 1
0 0 0 7 0 0 0 0 0 0 0 0 0 0 0 0 0 0 0 0 0 0 0 0 0 17 0 0 0 7 0 57 0 0 12 45 19 0 13 0 0
6 0 2 0 0 0 4 0 0 0 0 0 0 0 0 0 0 0 0 0 0 0 0 0 0 0 10 0 0 0 0 0 0 0 78 76 0 0 0 60 0
2 0 0 0 0 0 5 0 0 0 0 0 0 0 0 0 0 0 0 0 0 0 0 0 0 3 10 0 0 0 0 0 0 0 75 76 0 2 0 58 0
0 0 5 5 0 0 0 0 0 0 0 0 0 0 0 0 0 0 0 0 0 0 0 0 0 12 0 0 0 14 0 73 0 0 1 41 34 0 21 0 0
0 0 13 0 0 0 0 0 0 0 0 0 0 0 0 0 0 0 0 0 0 0 0 0 0 6 0 0 0 22 0 101 0 0 0 58 46 0 26 0 0
1 0 0 0 0 0 6 0 0 0 0 0 0 0 0 0 0 0 0 0 0 0 1 0 0 3 10 0 0 0 0 0 0 0 71 74 0 3 0 55 0
0 0 3 5 0 0 0 0 0 0 0 0 0 0 0 0 0 0 0 0 0 0 0 0 0 13 0 0 0 12 0 67 0 0 1 38 30 0 19 0 0
0 0 0 1 0 0 4 0 0 0 0 0 0 0 0 0 0 0 0 0 0 0 5 0 0 15 8 0 0 0 0 9 0 0 53 62 0 6 0 34 2
0 0 1 8 0 0 0 0 0 0 0 0 0 0 0 0 0 0 0 0 0 0 4 0 0 19 1 0 0 1 0 39 0 0 28 52 4 3 3 16 1
0 0 0 3 0 0 2 0 0 0 0 0 0 0 0 0 0 0 0 0 0 0 5 0 0 16 6 0 0 0 0 17 0 0 44 56 0 5 0 29 2
0 0 0 8 0 0 0 0 0 0 0 0 0 0 0 0 0 0 0 0 0 0 2 0 0 18 0 0 0 4 0 48 0 0 19 49 11 0 8 8 0
3 0 1 0 0 0 6 0 0 0 0 0 0 0 0 0 0 0 0 0 0 0 0 0 0 0 10 0 0 0 0 0 0 0 74 75 0 1 0 57 0
0 0 5 5 0 0 0 0 0 0 0 0 0 0 0 0 0 0 0 0 0 0 0 0 0 12 0 0 0 14 0 73 0 0 0 40 34 0 21 0 0
3 0 1 0 0 0 5 0 0 0 0 0 0 0 0 0 0 0 0 0 0 0 0 0 0 1 10 0 0 0 0 0 0 0 76 77 0 2 0 59 0
0 0 0 7 0 0 0 0 0 0 0 0 0 0 0 0 0 0 0 0 0 0 3 0 0 19 0 0 0 3 0 45 0 0 26 49 8 2 6 12 1
3 0 0 0 0 0 5 0 0 0 0 0 0 0 0 0 0 0 0 0 0 0 0 1 0 1 10 0 0 0 0 0 0 0 77 77 0 1 0 60 0
0 0 0 7 0 0 0 0 0 0 0 0 0 0 0 0 0 0 0 0 0 0 0 0 0 18 0 0 0 6 0 54 0 0 15 45 15 0 11 2 0
0 0 1 8 0 0 0 0 0 0 0 0 0 0 0 0 0 0 0 0 0 0 3 0 0 19 0 0 0 2 0 41 0 0 24 51 6 1 5 14 1
7 0 2 0 0 0 4 0 0 0 0 0 0 0 0 0 0 0 0 0 0 0 0 0 0 0 10 0 0 0 0 0 0 0 80 78 0 0 0 61 0
0 0 0 8 0 0 0 0 0 0 0 0 0 0 0 0 0 0 0 0 0 0 2 0 0 19 0 0 0 4 0 50 0 0 23 51 10 1 8 10 1
12 0 5 0 0 0 2 0 0 0 0 0 0 0 0 0 0 0 0 0 0 0 0 0 0 0 9 0 0 0 0 0 0 0 85 79 0 0 0 66 0
0 0 1 6 0 0 0 0 0 0 0 0 0 0 0 0 0 0 0 0 0 0 0 0 0 14 0 0 0 11 0 65 0 0 2 38 28 0 18 0 0
0 0 0 0 0 0 5 0 0 0 0 0 0 0 0 0 0 0 0 0 0 0 3 0 0 10 9 0 0 0 0 0 0 0 61 66 0 5 0 42 0
0 0 7 4 0 0 0 0 0 0 0 0 0 0 0 0 0 0 0 0 0 0 0 0 0 11 0 0 0 16 0 78 0 0 0 42 39 0 23 0 0
26 0 10 0 0 0 0 0 0 0 0 0 0 0 0 0 0 0 0 0 0 0 0 0 0 0 9 0 0 0 0 0 0 0 99 79 0 0 0 75 0
0 0 0 0 0 0 4 0 0 0 0 0 0 0 0 0 0 0 0 0 0 0 4 0 0 12 8 0 0 0 0 0 0 0 57 64 0 5 0 38 0
16 0 6 0 0 0 1 0 0 0 0 0 0 0 0 0 0 0 0 0 0 0 0 0 0 0 9 0 0 0 0 0 0 0 88 80 0 0 0 69 0
16 0 7 0 0 0 1 0 0 0 0 0 0 0 0 0 0 0 0 0 0 0 0 0 0 0 9 0 0 0 0 0 0 0 89 79 0 0 0 69 0
0 0 6 5 0 0 0 0 0 0 0 0 0 0 0 0 0 0 0 0 0 0 0 0 0 12 0 0 0 15 0 76 0 0 0 42 36 0 22 0 0
33 0 13 0 0 0 0 0 0 0 0 0 0 0 0 0 0 0 0 0 0 0 0 0 0 0 9 0 0 0 0 0 0 0 107 79 0 0 0 79 0
0 0 0 8 0 0 0 0 0 0 0 0 0 0 0 0 0 0 0 0 0 0 3 0 0 19 0 0 0 2 0 40 0 0 27 49 5 2 4 14 1
14 0 5 0 0 0 2 0 0 0 0 0 0 0 0 0 0 0 0 0 0 0 0 0 0 0 10 0 0 0 0 0 0 0 87 80 0 0 0 69 0
38 0 16 0 0 0 0 0 0 0 0 0 0 0 0 0 0 0 0 0 0 0 0 0 0 0 10 0 0 0 0 0 0 0 113 78 0 0 0 83 0
0 0 2 1 0 0 4 0 0 0 0 0 0 0 0 0 0 0 0 0 0 0 5 0 0 14 7 0 0 0 0 6 0 0 48 60 0 5 0 32 2
8 0 3 0 0 0 4 0 0 0 0 0 0 0 0 0 0 0 0 0 0 0 0 0 0 0 10 0 0 0 0 0 0 0 79 76 0 0 0 60 0
0 0 1 2 0 0 3 0 0 0 0 0 0 0 0 0 0 0 0 0 0 0 5 0 0 15 6 0 0 0 0 10 0 0 46 58 0 5 0 30 1
2 0 1 0 0 0 6 0 0 0 0 0 0 0 0 0 0 0 0 0 0 0 0 1 0 1 10 0 0 0 0 0 0 0 73 74 0 2 0 57 0
3 0 0 0 0 0 5 0 0 0 0 0 0 0 0 0 0 0 0 0 0 0 0 0 0 2 10 0 0 0 0 0 0 0 73 74 0 2 0 57 0
3 0 0 0 0 0 4 0 0 0 0 0 0 0 0 0 0 0 0 0 0 0 0 0 0 4 9 0 0 0 0 0 0 0 74 74 0 2 0 55 0
2 0 0 0 0 0 5 0 0 0 0 0 0 0 0 0 0 0 0 0 0 0 1 0 0 5 10 0 0 0 0 0 0 0 72 74 0 3 0 55 0
0 0 4 5 0 0 0 0 0 0 0 0 0 0 0 0 0 0 0 0 0 0 0 0 0 13 0 0 0 12 0 70 0 0 1 38 32 0 20 0 0
0 0 0 0 0 0 5 0 0 0 0 0 0 0 0 0 0 0 0 0 0 0 1 0 0 6 9 0 0 0 0 0 0 0 68 71 0 3 0 50 0
0 0 7 4 0 0 0 0 0 0 0 0 0 0 0 0 0 0 0 0 0 0 0 0 0 11 0 0 0 15 0 78 0 0 0 41 38 0 23 0 0
16 0 7 0 0 0 0 0 0 0 0 0 0 0 0 0 0 0 0 0 0 0 0 0 0 0 9 0 0 0 0 0 0 0 88 79 0 0 0 67 0
0 0 1 4 0 0 3 0 0 0 0 0 0 0 0 0 0 0 0 0 0 0 6 0 0 16 5 0 0 0 0 19 0 0 37 56 0 4 0 24 2
18 0 8 0 0 0 1 0 0 0 0 0 0 0 0 0 0 0 0 0 0 0 0 0 0 0 10 0 0 0 0 0 0 0 89 79 0 0 0 70 0
1 0 0 0 0 0 6 0 0 0 0 0 0 0 0 0 0 0 0 0 0 0 1 0 0 3 10 0 0 0 0 0 0 0 71 73 0 2 0 55 0
0 0 0 0 0 0 6 0 0 0 0 0 0 0 0 0 0 0 0 0 0 0 2 0 0 7 10 0 0 0 0 0 0 0 65 69 0 4 0 47 0
0 0 0 0 0 0 6 0 0 0 0 0 0 0 0 0 0 0 0 0 0 0 3 0 0 9 10 0 0 0 0 0 0 0 62 67 0 5 0 46 0
0 0 0 6 0 0 0 0 0 0 0 0 0 0 0 0 0 0 0 0 0 0 0 0 0 15 0 0 0 10 0 62 0 0 5 39 25 0 16 0 0
0 0 0 7 0 0 0 0 0 0 0 0 0 0 0 0 0 0 0 0 0 0 0 0 0 17 0 0 0 8 0 58 0 0 12 45 19 0 13 0 0
0 0 1 3 0 0 2 0 0 0 0 0 0 0 0 0 0 0 0 0 0 0 5 0 0 17 6 0 0 0 0 19 0 0 49 60 0 5 0 29 2
0 0 0 0 0 0 6 0 0 0 0 0 0 0 0 0 0 0 0 0 0 0 2 0 0 7 10 0 0 0 0 0 0 0 64 68 0 4 0 47 0
15 0 7 0 0 0 1 0 0 0 0 0 0 0 0 0 0 0 0 0 0 0 0 0 0 0 9 0 0 0 0 0 0 0 88 79 0 0 0 68 0
18 0 9 0 0 0 0 0 0 0 0 0 0 0 0 0 0 0 0 0 0 0 0 0 0 0 9 0 0 0 0 0 0 0 90 79 0 0 0 70 0
0 0 0 7 0 0 0 0 0 0 0 0 0 0 0 0 0 0 0 0 0 0 1 0 0 18 0 0 0 6 0 53 0 0 17 49 15 0 10 5 0
0 0 1 6 0 0 1 0 0 0 0 0 0 0 0 0 0 0 0 0 0 0 6 0 0 18 5 0 0 0 0 28 0 0 40 56 0 5 0 25 2
4 0 2 0 0 0 5 0 0 0 0 0 0 0 0 0 0 0 0 0 0 0 0 0 0 0 10 0 0 0 0 0 0 0 77 76 0 0 0 59 0
1 0 0 0 0 0 5 0 0 0 0 0 0 0 0 0 0 0 0 0 0 0 1 0 0 5 9 0 0 0 0 0 0 0 71 74 0 3 0 53 0
0 0 1 7 0 0 1 0 0 0 0 0 0 0 0 0 0 0 0 0 0 0 5 0 0 19 3 0 0 0 0 32 0 0 33 53 0 4 0 19 2
0 0 4 5 0 0 0 0 0 0 0 0 0 0 0 0 0 0 0 0 0 0 0 0 0 12 0 0 0 13 0 71 0 0 0 39 34 0 20 0 0
0 0 4 5 0 0 0 0 0 0 0 0 0 0 0 0 0 0 0 0 0 0 0 0 0 13 0 0 0 12 0 68 0 0 1 38 31 0 19 0 0
0 0 0 0 0 0 6 0 0 0 0 0 0 0 0 0 0 0 0 0 0 0 2 0 0 7 10 0 0 0 0 0 0 0 65 69 0 4 0 49 0
5 0 1 0 0 0 5 0 0 0 0 0 0 0 0 0 0 0 0 0 0 0 0 0 0 0 10 0 0 0 0 0 0 0 77 76 0 0 0 60 0
0 0 0 8 0 0 0 0 0 0 0 0 0 0 0 0 0 0 0 0 0 0 2 0 0 19 0 0 0 3 0 47 0 0 24 51 9 1 7 12 1
0 0 0 0 0 0 6 0 0 0 0 0 0 0 0 0 0 0 0 0 0 0 2 0 0 6 10 0 0 0 0 0 0 0 67 70 0 4 0 49 0
0 0 0 8 0 0 0 0 0 0 0 0 0 0 0 0 0 0 0 0 0 0 4 0 0 19 0 0 0 2 0 41 0 0 29 52 5 2 4 16 1
0 0 0 8 0 0 0 0 0 0 0 0 0 0 0 0 0 0 0 0 0 0 3 0 0 19 0 0 0 2 0 45 0 0 24 50 7 1 6 11 1
0 0 0 7 0 0 0 0 0 0 0 0 0 0 0 0 0 0 0 0 0 0 0 0 0 17 0 0 0 8 0 58 0 0 11 44 20 0 14 0 0
0 0 0 7 0 0 0 0 0 0 0 0 0 0 0 0 0 0 0 0 0 0 3 0 0 19 0 0 0 2 0 43 0 0 26 52 6 2 5 14 1
0 0 13 0 0 0 0 0 0 0 0 0 0 0 0 0 0 0 0 0 0 0 0 0 0 7 0 0 0 21 0 99 0 0 0 58 46 0 26 0 0
3 0 1 0 0 0 6 0 0 0 0 0 0 0 0 0 0 0 0 0 0 0 0 0 0 1 10 0 0 0 0 0 0 0 74 75 0 2 0 58 0
0 0 0 8 0 0 0 0 0 0 0 0 0 0 0 0 0 0 0 0 0 0 3 0 0 19 0 0 0 2 0 42 0 0 25 50 5 2 5 13 1
11 0 5 0 0 0 2 0 0 0 0 0 0 0 0 0 0 0 0 0 0 0 0 0 0 0 10 0 0 0 0 0 0 0 84 78 0 0 0 66 0
0 0 1 8 0 0 0 0 0 0 0 0 0 0 0 0 0 0 0 0 0 0 2 0 0 18 0 0 0 3 0 46 0 0 21 49 9 0 7 11 0
0 0 0 7 0 0 0 0 0 0 0 0 0 0 0 0 0 0 0 0 0 0 3 0 0 18 0 0 0 3 0 44 0 0 26 49 7 2 6 11 1
12 0 6 0 0 0 2 0 0 0 0 0 0 0 0 0 0 0 0 0 0 0 0 0 0 0 10 0 0 0 0 0 0 0 86 79 0 0 0 66 0
0 0 3 5 0 0 0 0 0 0 0 0 0 0 0 0 0 0 0 0 0 0 0 0 0 13 0 0 0 12 0 68 0 0 1 38 31 0 19 0 0
0 0 1 3 0 0 3 0 0 0 0 0 0 0 0 0 0 0 0 0 0 0 5 0 0 16 6 0 0 0 0 14 0 0 44 58 0 5 0 28 2
0 0 0 0 0 0 6 0 0 0 0 0 0 0 0 0 0 0 0 0 0 0 3 0 0 8 9 0 0 0 0 0 0 0 66 71 0 4 0 48 0
0 0 0 6 0 0 0 0 0 0 0 0 0 0 0 0 0 0 0 0 0 0 0 0 0 16 0 0 0 9 0 59 0 0 7 41 22 0 14 0 0
1 0 0 0 0 0 6 0 0 0 0 0 0 0 0 0 0 0 0 0 0 0 1 0 0 3 10 0 0 0 0 0 0 0 71 73 0 3 0 55 0
22 0 10 0 0 0 0 0 0 0 0 0 0 0 0 0 0 0 0 0 0 0 0 0 0 0 9 0 0 0 0 0 0 0 94 79 0 0 0 72 0
1 0 0 0 0 0 6 0 0 0 0 0 0 0 0 0 0 0 0 0 0 0 1 0 0 3 10 0 0 0 0 0 0 0 74 76 0 3 0 57 0
