0 0 22 6 0 0 0 0 0 0 0 0 0 0 0 0 0 0 0 0 0 0 0 0 0 0 0 0 0 0 0 25 0 0 15 0 0 0 0 19 15
15 0 14 8 0 0 0 0 0 0 0 0 0 0 0 0 0 0 0 0 0 0 0 0 0 0 0 1 0 0 0 19 0 0 18 12 0 0 0 19 11
0 0 26 7 0 0 0 0 0 0 0 0 0 0 0 0 0 0 0 0 0 0 0 0 0 0 0 0 0 0 0 26 0 0 16 0 0 0 0 21 17
3 0 21 6 0 0 0 0 0 0 0 0 0 0 0 0 0 0 0 0 0 0 0 0 0 0 0 0 0 0 0 23 0 0 16 2 0 0 0 19 15
39 0 0 2 0 0 0 0 0 0 0 0 5 0 0 0 0 0 0 0 15 0 0 0 0 0 0 1 28 1 0 0 0 0 2 23 0 2 0 0 0
11 0 16 7 0 0 0 0 0 0 0 0 0 0 0 0 0 0 0 0 0 0 0 0 0 0 0 0 0 0 0 20 0 0 17 8 0 0 0 19 12
0 0 22 6 0 0 0 0 0 0 0 0 0 0 0 0 0 0 0 0 0 0 1 0 0 0 1 0 0 0 0 24 0 0 12 0 0 0 0 16 14
0 0 0 0 0 9 11 11 0 0 11 0 6 0 0 0 0 0 0 0 24 7 0 0 15 1 0 0 16 1 0 0 0 10 0 6 0 9 1 0 0
7 0 18 7 0 0 0 0 0 0 0 0 0 0 0 0 0 0 0 0 0 0 0 0 0 0 0 0 0 0 0 21 0 0 16 4 0 0 0 19 13
0 0 14 4 0 0 0 0 0 0 0 0 0 0 0 0 0 0 0 0 0 0 2 0 1 0 1 0 0 0 1 15 0 1 5 0 0 0 0 9 8
32 0 0 6 0 0 0 0 0 0 0 0 2 0 0 0 0 0 0 0 1 0 0 0 0 0 0 1 16 0 0 4 0 0 12 17 0 0 0 5 0
11 0 0 0 0 1 2 2 0 0 2 0 3 0 0 0 0 0 0 0 10 1 0 0 1 0 0 0 12 1 0 0 0 0 0 9 0 3 0 0 0
14 0 0 0 0 3 6 6 0 0 6 0 4 0 0 0 0 0 0 0 18 2 0 0 5 0 0 0 18 1 0 0 0 3 0 12 0 5 0 0 0
0 0 0 0 0 6 8 8 0 0 8 0 4 0 0 0 0 0 0 0 16 5 0 0 11 0 0 0 10 1 0 0 0 7 0 3 0 7 1 0 0
13 0 17 8 0 0 0 0 0 0 0 0 0 0 0 0 0 0 0 0 0 0 0 0 0 0 0 0 0 0 0 20 0 0 19 11 0 0 0 19 12
0 0 0 0 0 2 2 2 0 0 3 0 2 0 0 0 0 0 0 0 6 2 0 0 6 0 0 0 1 0 0 0 0 4 0 0 0 2 0 0 0
0 0 0 0 0 10 12 13 0 0 12 0 7 0 0 0 0 0 0 0 22 9 0 0 18 0 0 0 11 0 0 0 0 12 0 0 0 10 2 0 0
11 0 0 1 0 0 0 0 0 0 0 0 1 0 0 0 0 0 0 0 3 0 0 0 0 0 0 0 7 0 0 0 0 0 3 8 0 0 0 1 0
23 0 0 5 0 0 0 0 0 0 0 0 0 0 0 0 0 0 0 0 0 0 0 0 0 0 0 0 9 0 0 9 0 0 13 13 0 0 0 10 2
2 0 23 6 0 0 0 0 0 0 0 0 0 0 0 0 0 0 0 0 0 0 0 0 0 0 0 0 0 0 0 25 0 0 17 2 0 0 0 21 16
0 0 5 0 0 3 2 3 0 0 4 0 2 0 0 0 0 0 0 0 4 3 1 0 8 0 0 1 0 0 0 0 0 5 0 0 0 3 0 0 0
0 0 0 0 0 7 10 9 0 0 8 0 5 0 0 0 0 0 0 0 19 6 0 0 13 0 0 0 12 1 0 0 0 8 0 3 0 7 1 0 0
25 0 0 5 0 0 0 0 0 0 0 0 1 0 0 0 0 0 0 0 0 0 0 0 0 0 0 1 12 0 0 5 0 0 10 14 0 0 0 6 0
0 0 0 0 0 11 14 14 0 0 14 0 7 0 0 0 0 0 0 0 27 8 0 0 19 1 0 0 17 1 0 0 0 12 0 5 0 12 2 0 0
11 0 0 0 0 5 8 8 0 0 8 0 5 0 0 0 0 0 0 0 22 4 0 0 9 0 0 0 21 2 0 0 0 5 0 11 0 7 0 0 0
0 0 0 0 0 7 9 9 0 0 8 0 5 0 0 0 0 0 0 0 19 5 0 0 12 1 0 0 13 1 0 0 0 8 0 6 0 8 1 0 0
20 0 0 0 0 0 3 3 0 0 2 0 4 0 0 0 0 0 0 0 14 0 0 0 0 0 0 0 19 1 0 0 0 0 0 14 0 3 0 0 0
0 0 21 6 0 0 0 0 0 0 0 0 0 0 0 0 0 0 0 0 0 0 1 0 0 0 1 0 0 0 0 24 0 0 14 0 0 0 0 17 14
0 0 38 8 0 0 0 0 0 0 0 0 0 0 0 0 0 0 0 0 0 0 2 0 0 0 1 0 0 0 0 37 0 0 14 0 0 0 0 23 23
12 0 0 0 0 1 4 4 0 0 3 0 3 0 0 0 0 0 0 0 13 2 0 0 2 0 0 0 15 1 0 0 0 1 0 11 0 4 0 0 0
0 0 34 7 0 0 0 0 0 0 0 0 0 0 0 0 0 0 0 0 0 0 1 0 0 0 1 0 0 0 0 33 0 0 15 0 0 0 0 22 21
0 0 0 0 0 7 9 9 0 0 9 0 5 0 0 0 0 0 0 0 16 6 0 0 14 0 0 0 8 0 0 0 0 9 0 0 0 7 1 0 0
6 0 24 7 0 0 0 0 0 0 0 0 0 0 0 0 0 0 0 0 0 0 0 0 0 0 0 0 0 0 0 25 0 0 19 6 0 0 0 22 17
13 0 15 7 0 0 0 0 0 0 0 0 0 0 0 0 0 0 0 0 0 0 0 0 0 0 0 0 0 0 0 19 0 0 18 9 0 0 0 18 11
0 0 0 0 0 7 5 8 0 0 10 0 6 0 2 0 0 0 0 0 10 6 1 0 18 0 0 2 0 0 0 0 0 11 0 0 0 6 1 0 0
8 0 17 7 0 0 0 0 0 0 0 0 0 0 0 0 0 0 0 0 0 0 0 0 0 0 0 0 0 0 0 21 0 0 16 6 0 0 0 18 13
0 0 29 7 0 0 0 0 0 0 0 0 0 0 0 0 0 0 0 0 0 0 0 0 0 0 0 0 0 0 0 29 0 0 15 0 0 0 0 21 19
2 0 0 0 0 9 11 11 0 0 11 0 6 0 0 0 0 0 0 0 25 6 0 0 14 1 0 0 18 1 0 0 0 9 0 8 0 10 1 0 0
20 0 8 8 0 0 0 0 0 0 0 0 0 0 0 0 0 0 0 0 0 0 0 0 0 0 0 1 4 0 0 16 0 0 17 13 0 0 0 16 7
18 0 0 0 0 2 6 6 0 0 5 0 5 0 0 0 0 0 0 0 20 2 0 0 4 0 0 0 22 1 0 0 0 2 0 15 0 6 0 0 0
14 0 15 7 0 0 0 0 0 0 0 0 0 0 0 0 0 0 0 0 0 0 0 0 0 0 0 1 0 0 0 18 0 0 18 11 0 0 0 18 11
0 0 0 0 0 14 17 18 0 0 17 0 9 0 0 0 0 0 0 0 33 11 0 0 24 1 0 0 20 1 0 0 0 15 0 4 0 14 2 0 0
0 0 30 7 0 0 0 0 0 0 0 0 0 0 0 0 0 0 0 0 0 0 1 0 0 0 1 0 0 0 0 29 0 0 14 0 0 0 0 21 18
14 0 0 0 0 1 3 3 0 0 3 0 3 0 0 0 0 0 0 0 12 1 0 0 1 0 0 1 15 1 0 0 0 0 0 11 0 3 0 0 0
0 0 0 0 0 8 10 10 0 0 9 0 5 0 0 0 0 0 0 0 19 6 0 0 14 0 0 0 12 0 0 0 0 9 0 3 0 8 1 0 0
24 0 0 3 0 0 0 0 0 0 0 0 2 0 0 0 0 0 0 0 5 0 0 0 0 0 0 1 14 0 0 0 0 0 5 14 0 0 0 0 0
0 0 0 0 0 12 14 14 0 0 14 0 7 0 0 0 0 0 0 0 27 9 0 0 20 1 0 0 15 1 0 0 0 13 0 2 0 11 2 0 0
0 0 23 6 0 0 0 0 0 0 0 0 0 0 0 0 0 0 0 0 0 0 0 0 0 0 0 0 0 0 0 25 0 0 15 0 0 0 0 19 16
0 0 21 6 0 0 0 0 0 0 0 0 0 0 0 0 0 0 0 0 0 0 0 0 0 0 0 0 0 0 0 23 0 0 14 0 0 0 0 18 14
0 0 23 6 0 0 0 0 0 0 0 0 0 0 0 0 0 0 0 0 0 0 1 0 0 0 1 0 0 0 0 25 0 0 12 0 0 0 0 17 15
8 0 0 0 0 5 8 8 0 0 7 0 5 0 0 0 0 0 0 0 19 4 0 0 8 0 0 0 17 1 0 0 0 5 0 9 0 7 0 0 0
0 0 21 6 0 0 0 0 0 0 0 0 0 0 0 0 0 0 0 0 0 0 0 0 0 0 0 0 0 0 0 24 0 0 15 0 0 0 0 19 15
17 0 0 2 0 0 0 0 0 0 0 0 1 0 0 0 0 0 0 0 3 0 0 0 0 0 0 0 10 0 0 0 0 0 4 10 0 0 0 2 0
8 0 0 0 0 2 3 3 0 0 2 0 2 0 0 0 0 0 0 0 9 2 0 0 2 0 0 0 10 0 0 0 0 1 0 8 0 3 0 0 0
13 0 2 3 0 0 0 0 0 0 0 0 0 0 0 0 0 0 0 0 0 0 0 0 0 0 0 0 4 0 0 7 0 0 9 7 0 0 0 7 3
0 0 33 7 0 0 0 0 0 0 0 0 0 0 0 0 0 0 0 0 0 0 1 0 0 0 1 0 0 0 0 33 0 0 14 0 0 0 0 21 20
14 0 0 0 0 0 0 0 0 0 0 0 2 0 0 0 0 0 0 0 5 0 0 0 0 0 0 0 10 0 0 0 0 0 2 10 0 0 0 0 0
1 0 22 6 0 0 0 0 0 0 0 0 0 0 0 0 0 0 0 0 0 0 0 0 0 0 0 0 0 0 0 24 0 0 16 0 0 0 0 20 15
39 0 0 4 0 0 0 0 0 0 0 0 4 0 0 0 0 0 0 0 11 0 0 0 0 0 0 1 25 1 0 0 0 0 6 21 0 1 0 0 0
0 0 26 7 0 0 0 0 0 0 0 0 0 0 0 0 0 0 0 0 0 0 0 0 0 0 0 0 0 0 0 28 0 0 14 0 0 0 0 20 17
0 0 32 7 0 0 0 0 0 0 0 0 0 0 0 0 0 0 0 0 0 0 1 0 0 0 1 0 0 0 0 31 0 0 14 0 0 0 0 21 20
0 0 0 0 0 7 9 9 0 0 9 0 5 0 0 0 0 0 0 0 17 6 0 0 14 0 0 0 10 0 0 0 0 9 0 0 0 7 1 0 0
28 0 0 0 0 0 1 1 0 0 1 0 4 0 0 0 0 0 0 0 14 0 0 0 0 0 0 0 22 1 0 0 0 0 0 18 0 3 0 0 0
1 0 0 0 0 10 13 13 0 0 13 0 7 0 0 0 0 0 0 0 29 7 0 0 16 1 0 0 21 1 0 0 0 10 0 9 0 11 2 0 0
0 0 22 6 0 0 0 0 0 0 0 0 0 0 0 0 0 0 0 0 0 0 0 0 0 0 0 0 0 0 0 24 0 0 15 0 0 0 0 19 15
25 0 0 2 0 0 0 0 0 0 0 0 2 0 0 0 0 0 0 0 6 0 0 0 0 0 0 0 16 0 0 0 0 0 4 15 0 0 0 0 0
0 0 28 7 0 0 0 0 0 0 0 0 0 0 0 0 0 0 0 0 0 0 1 0 0 0 1 0 0 0 0 29 0 0 14 0 0 0 0 20 18
0 0 24 7 0 0 0 0 0 0 0 0 0 0 0 0 0 0 0 0 0 0 0 0 0 0 0 0 0 0 0 25 0 0 15 0 0 0 0 19 16
9 0 18 6 0 0 0 0 0 0 0 0 0 0 0 0 0 0 0 0 0 0 0 0 0 0 0 0 0 0 0 21 0 0 17 6 0 0 0 19 13
3 0 11 4 0 0 0 0 0 0 0 0 0 0 0 0 0 0 0 0 0 0 0 0 0 0 0 0 0 0 0 13 0 0 9 1 0 0 0 11 8
0 0 0 0 0 5 6 7 0 0 7 0 4 0 0 0 0 0 0 0 11 5 0 0 11 0 0 1 5 0 0 0 0 7 0 0 0 5 1 0 0
1 0 9 2 0 0 0 0 0 0 0 0 0 0 0 0 0 0 0 0 0 0 0 0 0 0 0 0 0 0 0 9 0 0 6 0 0 0 0 8 6
18 0 11 8 0 0 0 0 0 0 0 0 0 0 0 0 0 0 0 0 0 0 0 0 0 0 0 1 3 0 0 17 0 0 18 13 0 0 0 17 9
0 0 19 6 0 0 0 0 0 0 0 0 0 0 0 0 0 0 0 0 0 0 1 0 0 0 0 0 0 0 0 22 0 0 13 0 0 0 0 16 13
27 0 1 8 0 0 0 0 0 0 0 0 0 0 0 0 0 0 0 0 0 0 0 0 0 0 0 1 9 0 0 12 0 0 18 16 0 0 0 13 3
7 0 1 1 0 0 0 0 0 0 0 0 0 0 0 0 0 0 0 0 1 0 0 0 0 0 0 0 4 0 0 3 0 0 5 6 0 0 0 4 1
25 0 3 8 0 0 0 0 0 0 0 0 0 0 0 0 0 0 0 0 0 0 0 0 0 0 0 1 8 0 0 13 0 0 17 16 0 0 0 13 4
3 0 24 7 0 0 0 0 0 0 0 0 0 0 0 0 0 0 0 0 0 0 0 0 0 0 0 0 0 0 0 26 0 0 18 4 0 0 0 22 17
8 0 0 1 0 0 0 0 0 0 0 0 1 0 0 0 0 0 0 0 2 0 0 0 0 0 0 0 5 0 0 0 0 0 3 6 0 0 0 2 0
0 0 0 0 0 10 12 12 0 0 12 0 6 0 0 0 0 0 0 0 22 8 0 0 18 0 0 0 11 0 0 0 0 12 0 1 0 10 2 0 0
18 0 12 8 0 0 0 0 0 0 0 0 0 0 0 0 0 0 0 0 0 0 0 0 0 0 0 1 2 0 0 17 0 0 19 14 0 0 0 18 10
0 0 0 0 0 4 6 6 0 0 5 0 3 0 0 0 0 0 0 0 13 4 0 0 8 0 0 0 9 0 0 0 0 5 0 4 0 5 1 0 0
16 0 16 8 0 0 0 0 0 0 0 0 0 0 0 0 0 0 0 0 0 0 0 0 0 0 0 1 0 0 0 20 0 0 20 14 0 0 0 20 12
0 0 20 6 0 0 0 0 0 0 0 0 0 0 0 0 0 0 0 0 0 0 1 0 0 0 1 0 0 0 0 21 0 0 10 0 0 0 0 14 12
20 0 0 1 0 0 0 0 0 0 0 0 2 0 0 0 0 0 0 0 6 0 0 0 0 0 0 0 14 0 0 0 0 0 3 13 0 0 0 0 0
11 0 18 7 0 0 0 0 0 0 0 0 0 0 0 0 0 0 0 0 0 0 0 0 0 0 0 0 0 0 0 21 0 0 19 9 0 0 0 20 13
16 0 14 7 0 0 0 0 0 0 0 0 0 0 0 0 0 0 0 0 0 0 0 0 0 0 0 1 1 0 0 18 0 0 18 12 0 0 0 18 10
0 0 0 0 0 9 9 11 0 0 12 0 7 0 0 0 0 0 0 0 18 8 0 0 18 0 0 1 7 0 0 0 0 12 0 0 0 8 1 0 0
0 0 0 0 0 8 11 11 0 0 10 0 5 0 0 0 0 0 0 0 22 7 0 0 14 1 0 0 15 1 0 0 0 9 0 5 0 9 1 0 0
7 0 0 0 0 0 0 0 0 0 0 0 1 0 0 0 0 0 0 0 2 0 0 0 0 0 0 0 4 0 0 2 0 0 3 5 0 0 0 2 0
1 0 26 7 0 0 0 0 0 0 0 0 0 0 0 0 0 0 0 0 0 0 0 0 0 0 0 0 0 0 0 26 0 0 17 3 0 0 0 22 18
0 0 0 0 0 9 10 11 0 0 11 0 6 0 0 0 0 0 0 0 19 7 0 0 17 0 0 1 9 0 0 0 0 11 0 0 0 8 1 0 0
12 0 0 0 0 0 1 1 0 0 1 0 2 0 0 0 0 0 0 0 7 0 0 0 0 0 0 0 10 0 0 0 0 0 0 8 0 1 0 0 0
0 0 20 6 0 0 0 0 0 0 0 0 0 0 0 0 0 0 0 0 0 0 0 0 0 0 0 0 0 0 0 23 0 0 14 0 0 0 0 17 14
0 0 29 7 0 0 0 0 0 0 0 0 0 0 0 0 0 0 0 0 0 0 0 0 0 0 0 0 0 0 0 29 0 0 17 0 0 0 0 23 19
0 0 0 0 0 15 18 19 0 0 18 0 9 0 0 0 0 0 0 0 32 12 0 0 27 1 0 0 16 0 0 0 0 18 0 0 0 15 3 0 0
0 0 0 0 0 8 9 10 0 0 10 0 5 0 0 0 0 0 0 0 17 7 0 0 15 0 0 0 9 0 0 0 0 10 0 0 0 8 1 0 0
0 0 0 0 0 8 11 11 0 0 10 0 5 0 0 0 0 0 0 0 20 7 0 0 15 0 0 0 12 0 0 0 0 10 0 1 0 9 1 0 0
22 0 0 5 0 0 0 0 0 0 0 0 0 0 0 0 0 0 0 0 0 0 0 0 0 0 0 1 9 0 0 7 0 0 12 13 0 0 0 9 1
0 0 23 6 0 0 0 0 0 0 0 0 0 0 0 0 0 0 0 0 0 0 0 0 0 0 0 0 0 0 0 25 0 0 14 0 0 0 0 19 15
6 0 20 7 0 0 0 0 0 0 0 0 0 0 0 0 0 0 0 0 0 0 0 0 0 0 0 0 0 0 0 23 0 0 18 6 0 0 0 21 15
12 0 2 2 0 0 0 0 0 0 0 0 0 0 0 0 0 0 0 0 0 0 0 0 0 0 0 0 5 0 0 6 0 0 8 8 0 0 0 7 3
16 0 11 7 0 0 0 0 0 0 0 0 0 0 0 0 0 0 0 0 0 0 0 0 0 0 0 1 1 0 0 17 0 0 17 11 0 0 0 16 9
0 0 42 8 0 0 0 0 0 0 0 0 0 0 0 0 0 0 0 0 0 0 2 0 0 0 1 0 0 0 0 40 0 0 15 0 0 0 0 25 25
0 0 25 7 0 0 0 0 0 0 0 0 0 0 0 0 0 0 0 0 0 0 0 0 0 0 0 0 0 0 0 26 0 0 15 0 0 0 0 20 17
0 0 0 0 0 6 6 7 0 0 8 0 4 0 0 0 0 0 0 0 12 5 0 0 12 0 0 1 5 0 0 0 0 8 0 0 0 6 1 0 0
13 0 11 6 0 0 0 0 0 0 0 0 0 0 0 0 0 0 0 0 0 0 0 0 0 0 0 0 0 0 0 16 0 0 15 8 0 0 0 15 9
10 0 20 7 0 0 0 0 0 0 0 0 0 0 0 0 0 0 0 0 0 0 0 0 0 0 0 0 0 0 0 22 0 0 19 9 0 0 0 21 14
22 0 0 4 0 0 0 0 0 0 0 0 1 0 0 0 0 0 0 0 1 0 0 0 0 0 0 1 10 0 0 4 0 0 10 13 0 0 0 6 0
0 0 26 7 0 0 0 0 0 0 0 0 0 0 0 0 0 0 0 0 0 0 1 0 0 0 1 0 0 0 0 27 0 0 13 0 0 0 0 19 17
0 0 22 6 0 0 0 0 0 0 0 0 0 0 0 0 0 0 0 0 0 0 0 0 0 0 0 0 0 0 0 24 0 0 15 0 0 0 0 19 15
12 0 17 7 0 0 0 0 0 0 0 0 0 0 0 0 0 0 0 0 0 0 0 0 0 0 0 0 0 0 0 20 0 0 18 9 0 0 0 19 12
13 0 17 7 0 0 0 0 0 0 0 0 0 0 0 0 0 0 0 0 0 0 0 0 0 0 0 1 0 0 0 20 0 0 18 10 0 0 0 19 12
0 0 0 0 0 3 4 4 0 0 4 0 2 0 0 0 0 0 0 0 9 3 0 0 7 0 0 0 6 0 0 0 0 4 0 1 0 4 0 0 0
0 0 0 0 0 12 12 14 0 0 16 0 9 0 1 0 0 0 0 0 22 10 0 0 24 0 0 2 6 0 0 0 0 16 0 0 0 11 2 0 0
0 0 0 0 0 3 3 4 0 0 4 0 2 0 0 0 0 0 0 0 7 3 0 0 7 0 0 1 1 0 0 0 0 5 0 0 0 4 0 0 0
0 0 0 0 0 9 9 11 0 0 10 0 6 0 0 0 0 0 0 0 18 7 0 0 16 0 0 1 9 0 0 0 0 10 0 0 0 8 1 0 0
18 0 10 7 0 0 0 0 0 0 0 0 0 0 0 0 0 0 0 0 0 0 0 0 0 0 0 1 3 0 0 16 0 0 17 12 0 0 0 16 8
6 0 19 6 0 0 0 0 0 0 0 0 0 0 0 0 0 0 0 0 0 0 0 0 0 0 0 0 0 0 0 22 0 0 17 3 0 0 0 19 14
19 0 4 5 0 0 0 0 0 0 0 0 0 0 0 0 0 0 0 0 0 0 0 0 0 0 0 1 6 0 0 11 0 0 14 12 0 0 0 11 4
31 0 0 5 0 0 0 0 0 0 0 0 2 0 0 0 0 0 0 0 4 0 0 0 0 0 0 1 17 0 0 1 0 0 10 18 0 0 0 3 0
12 0 17 7 0 0 0 0 0 0 0 0 0 0 0 0 0 0 0 0 0 0 0 0 0 0 0 0 0 0 0 20 0 0 18 9 0 0 0 19 13
15 0 13 7 0 0 0 0 0 0 0 0 0 0 0 0 0 0 0 0 0 0 0 0 0 0 0 1 0 0 0 19 0 0 18 10 0 0 0 18 10
0 0 37 8 0 0 0 0 0 0 0 0 0 0 0 0 0 0 0 0 0 0 1 0 0 0 1 0 0 0 0 35 0 0 14 0 0 0 0 23 22
9 0 0 0 0 6 9 9 0 0 9 0 5 0 0 0 0 0 0 0 23 4 0 0 10 0 0 0 20 2 0 0 0 5 0 11 0 8 0 0 0
2 0 24 7 0 0 0 0 0 0 0 0 0 0 0 0 0 0 0 0 0 0 0 0 0 0 0 0 0 0 0 25 0 0 17 3 0 0 0 21 16
0 0 0 0 0 6 5 6 0 0 7 0 4 0 1 0 0 0 0 0 10 5 0 0 12 0 0 1 2 0 0 0 0 8 0 0 0 5 1 0 0
10 0 14 6 0 0 0 0 0 0 0 0 0 0 0 0 0 0 0 0 0 0 0 0 0 0 0 0 0 0 0 18 0 0 15 7 0 0 0 17 11
29 0 0 0 0 3 7 8 0 0 8 0 7 0 0 0 0 0 0 0 28 2 0 0 5 0 0 0 32 2 0 0 0 1 0 20 0 8 0 0 0
4 0 0 0 0 9 12 12 0 0 12 0 7 0 0 0 0 0 0 0 28 7 0 0 15 1 0 0 21 1 0 0 0 9 0 10 0 10 1 0 0
0 0 42 8 0 0 0 0 0 0 0 0 0 0 0 0 0 0 0 0 0 0 2 0 0 0 1 0 0 0 0 40 0 0 15 0 0 0 0 25 25
0 0 0 0 0 19 22 24 0 0 23 0 12 0 0 0 0 0 0 0 40 15 0 0 34 1 0 0 20 0 0 0 0 22 0 0 0 18 4 0 0
0 0 30 7 0 0 0 0 0 0 0 0 0 0 0 0 0 0 0 0 0 0 0 0 0 0 0 0 0 0 0 29 0 0 16 0 0 0 0 22 19
0 0 21 6 0 0 0 0 0 0 0 0 0 0 0 0 0 0 0 0 0 0 0 0 0 0 0 0 0 0 0 22 0 0 13 0 0 0 0 17 13
0 0 4 0 0 2 2 2 0 0 2 0 1 0 0 0 0 0 0 0 3 2 0 0 4 0 0 0 0 0 0 0 0 3 0 0 0 2 0 0 0
26 0 0 5 0 0 0 0 0 0 0 0 1 0 0 0 0 0 0 0 1 0 0 0 0 0 0 1 12 0 0 5 0 0 11 15 0 0 0 6 0
20 0 0 0 0 0 1 0 0 0 0 0 3 0 0 0 0 0 0 0 8 0 0 0 0 0 0 0 14 0 0 0 0 0 1 12 0 1 0 0 0
4 0 0 0 0 0 1 1 0 0 0 0 1 0 0 0 0 0 0 0 4 0 0 0 0 0 0 0 5 0 0 0 0 0 0 4 0 1 0 0 0
0 0 0 0 0 9 9 11 0 0 11 0 6 0 1 0 0 0 0 0 17 7 0 0 18 0 0 1 6 0 0 0 0 11 0 0 0 8 1 0 0
0 0 26 7 0 0 0 0 0 0 0 0 0 0 0 0 0 0 0 0 0 0 0 0 0 0 0 0 0 0 0 27 0 0 14 0 0 0 0 20 17
16 0 15 8 0 0 0 0 0 0 0 0 0 0 0 0 0 0 0 0 0 0 0 0 0 0 0 1 0 0 0 19 0 0 20 13 0 0 0 20 11
9 0 9 4 0 0 0 0 0 0 0 0 0 0 0 0 0 0 0 0 0 0 0 0 0 0 0 0 0 0 0 13 0 0 12 5 0 0 0 12 7
7 0 20 7 0 0 0 0 0 0 0 0 0 0 0 0 0 0 0 0 0 0 0 0 0 0 0 0 0 0 0 22 0 0 18 6 0 0 0 20 15
0 0 20 6 0 0 0 0 0 0 0 0 0 0 0 0 0 0 0 0 0 0 2 0 0 0 1 0 0 0 0 22 0 1 10 0 0 0 0 13 12
23 0 0 2 0 0 0 0 0 0 0 0 2 0 0 0 0 0 0 0 5 0 0 0 0 0 0 1 14 0 0 0 0 0 5 14 0 0 0 0 0
22 0 0 4 0 0 0 0 0 0 0 0 1 0 0 0 0 0 0 0 2 0 0 0 0 0 0 1 11 0 0 2 0 0 9 13 0 0 0 4 0
8 0 21 7 0 0 0 0 0 0 0 0 0 0 0 0 0 0 0 0 0 0 0 0 0 0 0 0 0 0 0 23 0 0 19 7 0 0 0 21 15
7 0 20 6 0 0 0 0 0 0 0 0 0 0 0 0 0 0 0 0 0 0 0 0 0 0 0 0 0 0 0 23 0 0 18 5 0 0 0 20 14
19 0 6 7 0 0 0 0 0 0 0 0 0 0 0 0 0 0 0 0 0 0 0 0 0 0 0 1 5 0 0 14 0 0 16 13 0 0 0 14 6
0 0 32 7 0 0 0 0 0 0 0 0 0 0 0 0 0 0 0 0 0 0 1 0 0 0 1 0 0 0 0 32 0 0 14 0 0 0 0 21 20
18 0 10 7 0 0 0 0 0 0 0 0 0 0 0 0 0 0 0 0 0 0 0 0 0 0 0 1 3 0 0 15 0 0 17 11 0 0 0 16 8
0 0 28 7 0 0 0 0 0 0 0 0 0 0 0 0 0 0 0 0 0 0 0 0 0 0 0 0 0 0 0 28 0 0 16 0 0 0 0 22 18
0 0 0 0 0 19 23 24 0 0 23 0 12 0 0 0 0 0 0 0 45 14 0 0 32 2 0 0 27 1 0 0 0 21 0 4 0 19 4 0 0
0 0 25 7 0 0 0 0 0 0 0 0 0 0 0 0 0 0 0 0 0 0 1 0 0 0 1 0 0 0 0 26 0 0 12 0 0 0 0 18 16
0 0 0 0 0 4 6 6 0 0 5 0 3 0 0 0 0 0 0 0 12 4 0 0 8 0 0 0 8 1 0 0 0 5 0 2 0 5 1 0 0
6 0 22 7 0 0 0 0 0 0 0 0 0 0 0 0 0 0 0 0 0 0 0 0 0 0 0 0 0 0 0 24 0 0 18 6 0 0 0 21 15
17 0 9 7 0 0 0 0 0 0 0 0 0 0 0 0 0 0 0 0 0 0 0 0 0 0 0 1 3 0 0 15 0 0 16 11 0 0 0 15 8
0 0 30 7 0 0 0 0 0 0 0 0 0 0 0 0 0 0 0 0 0 0 1 0 0 0 1 0 0 0 0 31 0 0 13 0 0 0 0 20 18
0 0 24 6 0 0 0 0 0 0 0 0 0 0 0 0 0 0 0 0 0 0 1 0 0 0 1 0 0 0 0 26 0 0 13 0 0 0 0 18 16
16 0 6 5 0 0 0 0 0 0 0 0 0 0 0 0 0 0 0 0 0 0 0 0 0 0 0 0 4 0 0 11 0 0 13 10 0 0 0 12 5
0 0 9 1 0 0 0 0 0 0 1 0 0 0 0 0 0 0 0 0 0 0 1 0 4 0 0 0 0 0 0 7 0 3 0 0 0 0 0 2 3
7 0 0 0 0 7 11 11 0 0 10 0 6 0 0 0 0 0 0 0 26 5 0 0 12 1 0 0 22 1 0 0 0 7 0 11 0 9 1 0 0
0 0 25 6 0 0 0 0 0 0 0 0 0 0 0 0 0 0 0 0 0 0 0 0 0 0 0 0 0 0 0 26 0 0 14 0 0 0 0 20 17
0 0 0 0 0 6 6 7 0 0 8 0 5 0 0 0 0 0 0 0 12 5 0 0 13 0 0 1 3 0 0 0 0 9 0 0 0 6 1 0 0
14 0 0 0 0 1 4 3 0 0 3 0 4 0 0 0 0 0 0 0 13 1 0 0 2 0 0 0 15 1 0 0 0 0 0 11 0 3 0 0 0
3 0 0 0 0 4 7 7 0 0 6 0 4 0 0 0 0 0 0 0 16 4 0 0 8 0 0 0 13 1 0 0 0 5 0 6 0 6 1 0 0
19 0 4 6 0 0 0 0 0 0 0 0 0 0 0 0 0 0 0 0 0 0 0 0 0 0 0 1 6 0 0 11 0 0 14 11 0 0 0 11 4
27 0 0 2 0 0 0 0 0 0 0 0 3 0 0 0 0 0 0 0 8 0 0 0 0 0 0 1 18 0 0 0 0 0 4 16 0 0 0 0 0
22 0 2 6 0 0 0 0 0 0 0 0 0 0 0 0 0 0 0 0 0 0 0 0 0 0 0 1 8 0 0 10 0 0 14 13 0 0 0 11 3
0 0 24 6 0 0 0 0 0 0 0 0 0 0 0 0 0 0 0 0 0 0 0 0 0 0 0 0 0 0 0 25 0 0 16 0 0 0 0 20 17
14 0 14 7 0 0 0 0 0 0 0 0 0 0 0 0 0 0 0 0 0 0 0 0 0 0 0 1 0 0 0 17 0 0 17 10 0 0 0 17 10
18 0 12 8 0 0 0 0 0 0 0 0 0 0 0 0 0 0 0 0 0 0 0 0 0 0 0 1 2 0 0 18 0 0 19 13 0 0 0 18 9
0 0 0 0 0 13 14 15 0 0 16 0 8 0 0 0 0 0 0 0 25 11 0 0 24 0 0 1 10 0 0 0 0 16 0 0 0 12 2 0 0
13 0 0 0 0 0 3 2 0 0 2 0 3 0 0 0 0 0 0 0 10 1 0 0 1 0 0 0 13 1 0 0 0 0 0 10 0 2 0 0 0
0 0 0 0 0 13 15 17 0 0 16 0 9 0 0 0 0 0 0 0 28 11 0 0 25 0 0 0 12 0 0 0 0 16 0 0 0 13 3 0 0
3 0 20 6 0 0 0 0 0 0 0 0 0 0 0 0 0 0 0 0 0 0 0 0 0 0 0 0 0 0 0 22 0 0 16 2 0 0 0 19 14
18 0 1 5 0 0 0 0 0 0 0 0 0 0 0 0 0 0 0 0 0 0 0 0 0 0 0 1 7 0 0 8 0 0 11 11 0 0 0 9 3
0 0 29 7 0 0 0 0 0 0 0 0 0 0 0 0 0 0 0 0 0 0 0 0 0 0 0 0 0 0 0 29 0 0 17 0 0 0 0 23 19
0 0 8 0 0 1 0 1 0 0 1 0 1 0 0 0 0 0 0 0 0 1 0 0 3 0 0 1 0 0 0 5 0 2 0 0 0 1 0 2 3
0 0 21 6 0 0 0 0 0 0 0 0 0 0 0 0 0 0 0 0 0 0 1 0 0 0 1 0 0 0 0 24 0 0 12 0 0 0 0 17 14
3 0 0 0 0 5 8 8 0 0 7 0 4 0 0 0 0 0 0 0 17 4 0 0 9 0 0 0 14 1 0 0 0 6 0 7 0 6 1 0 0
6 0 20 7 0 0 0 0 0 0 0 0 0 0 0 0 0 0 0 0 0 0 0 0 0 0 0 0 0 0 0 23 0 0 17 4 0 0 0 20 15
18 0 0 2 0 0 0 0 0 0 0 0 1 0 0 0 0 0 0 0 3 0 0 0 0 0 0 0 10 0 0 0 0 0 4 11 0 0 0 1 0
7 0 0 0 0 6 9 9 0 0 8 0 5 0 0 0 0 0 0 0 21 4 0 0 10 0 0 0 18 1 0 0 0 6 0 9 0 8 0 0 0
0 0 0 0 0 6 5 6 0 0 7 0 4 0 1 0 0 0 0 0 10 5 0 0 13 0 0 1 2 0 0 0 0 8 0 0 0 5 1 0 0
21 0 0 5 0 0 0 0 0 0 0 0 0 0 0 0 0 0 0 0 0 0 0 0 0 0 0 0 9 0 0 8 0 0 12 11 0 0 0 8 1
3 0 19 6 0 0 0 0 0 0 0 0 0 0 0 0 0 0 0 0 0 0 0 0 0 0 0 0 0 0 0 22 0 0 16 1 0 0 0 19 14
0 0 0 0 0 13 14 16 0 0 16 0 8 0 0 0 0 0 0 0 25 11 0 0 23 0 0 1 11 0 0 0 0 15 0 0 0 12 2 0 0
27 0 0 8 0 0 0 0 0 0 0 0 0 0 0 0 0 0 0 0 0 0 0 0 0 0 0 1 10 0 0 11 0 0 16 16 0 0 0 12 2
0 0 0 0 0 8 10 10 0 0 9 0 5 0 0 0 0 0 0 0 21 6 0 0 13 1 0 0 14 1 0 0 0 9 0 5 0 8 1 0 0
18 0 0 2 0 0 0 0 0 0 0 0 1 0 0 0 0 0 0 0 3 0 0 0 0 0 0 0 10 0 0 1 0 0 6 11 0 0 0 3 0
0 0 20 6 0 0 0 0 0 0 0 0 0 0 0 0 0 0 0 0 0 0 0 0 0 0 0 0 0 0 0 22 0 0 14 0 0 0 0 17 14
30 0 0 1 0 0 0 0 0 0 0 0 4 0 0 0 0 0 0 0 11 0 0 0 0 0 0 1 21 1 0 0 0 0 2 18 0 1 0 0 0
0 0 0 0 0 11 11 13 0 0 14 0 7 0 0 0 0 0 0 0 21 9 0 0 20 0 0 2 8 0 0 0 0 14 0 0 0 10 2 0 0
1 0 23 6 0 0 0 0 0 0 0 0 0 0 0 0 0 0 0 0 0 0 0 0 0 0 0 0 0 0 0 24 0 0 16 1 0 0 0 20 16
8 0 15 6 0 0 0 0 0 0 0 0 0 0 0 0 0 0 0 0 0 0 0 0 0 0 0 0 0 0 0 19 0 0 15 4 0 0 0 17 11
0 0 0 0 0 16 18 20 0 0 21 0 11 0 0 0 0 0 0 0 32 14 0 0 31 0 0 1 13 0 0 0 0 20 0 0 0 15 3 0 0
20 0 0 0 0 0 0 0 0 0 0 0 2 0 0 0 0 0 0 0 8 0 0 0 0 0 0 0 14 0 0 0 0 0 1 12 0 1 0 0 0
14 0 9 5 0 0 0 0 0 0 0 0 0 0 0 0 0 0 0 0 0 0 0 0 0 0 0 0 2 0 0 15 0 0 15 9 0 0 0 15 8
14 0 0 0 0 1 3 3 0 0 3 0 3 0 0 0 0 0 0 0 12 1 0 0 1 0 0 0 14 1 0 0 0 0 0 11 0 3 0 0 0
24 0 0 0 0 0 0 0 0 0 0 0 3 0 0 0 0 0 0 0 10 0 0 0 0 0 0 1 17 1 0 0 0 0 1 15 0 1 0 0 0
21 0 5 7 0 0 0 0 0 0 0 0 0 0 0 0 0 0 0 0 0 0 0 0 0 0 0 1 6 0 0 12 0 0 15 13 0 0 0 13 5
19 0 5 5 0 0 0 0 0 0 0 0 0 0 0 0 0 0 0 0 0 0 0 0 0 0 0 0 6 0 0 11 0 0 14 11 0 0 0 12 5
1 0 0 0 0 11 14 14 0 0 13 0 7 0 0 0 0 0 0 0 30 7 0 0 17 1 0 0 21 1 0 0 0 11 0 9 0 11 1 0 0
19 0 11 8 0 0 0 0 0 0 0 0 0 0 0 0 0 0 0 0 0 0 0 0 0 0 0 1 3 0 0 16 0 0 19 14 0 0 0 17 9
6 0 19 7 0 0 0 0 0 0 0 0 0 0 0 0 0 0 0 0 0 0 0 0 0 0 0 0 0 0 0 22 0 0 17 5 0 0 0 20 14
0 0 0 0 0 7 9 9 0 0 8 0 4 0 0 0 0 0 0 0 16 5 0 0 13 0 0 0 10 1 0 0 0 8 0 2 0 7 1 0 0
0 0 0 0 0 5 6 6 0 0 6 0 3 0 0 0 0 0 0 0 12 4 0 0 10 0 0 0 7 0 0 0 0 6 0 0 0 5 1 0 0
3 0 20 6 0 0 0 0 0 0 0 0 0 0 0 0 0 0 0 0 0 0 0 0 0 0 0 0 0 0 0 22 0 0 15 1 0 0 0 18 14
21 0 0 0 0 0 2 2 0 0 2 0 4 0 0 0 0 0 0 0 13 0 0 0 0 0 0 1 19 1 0 0 0 0 0 15 0 3 0 0 0
0 0 26 7 0 0 0 0 0 0 0 0 0 0 0 0 0 0 0 0 0 0 0 0 0 0 1 0 0 0 0 28 0 0 16 0 0 0 0 21 17
0 0 0 0 0 6 8 8 0 0 7 0 4 0 0 0 0 0 0 0 16 5 0 0 10 0 0 0 12 1 0 0 0 7 0 5 0 6 1 0 0
0 0 23 6 0 0 0 0 0 0 0 0 0 0 0 0 0 0 0 0 0 0 0 0 0 0 0 0 0 0 0 25 0 0 14 0 0 0 0 19 15
11 0 10 5 0 0 0 0 0 0 0 0 0 0 0 0 0 0 0 0 0 0 0 0 0 0 0 0 0 0 0 16 0 0 14 5 0 0 0 14 9
0 0 0 0 0 8 8 9 0 0 10 0 5 0 0 0 0 0 0 0 15 7 0 0 15 0 0 1 6 0 0 0 0 10 0 0 0 7 1 0 0
22 0 0 0 0 0 2 2 0 0 2 0 4 0 0 0 0 0 0 0 13 0 0 0 0 0 0 0 18 1 0 0 0 0 0 14 0 3 0 0 0
0 0 27 6 0 0 0 0 0 0 0 0 0 0 0 0 0 0 0 0 0 0 0 0 0 0 0 0 0 0 0 27 0 0 15 0 0 0 0 20 17
0 0 24 6 0 0 0 0 0 0 0 0 0 0 0 0 0 0 0 0 0 0 0 0 0 0 0 0 0 0 0 25 0 0 15 0 0 0 0 20 16
15 0 14 8 0 0 0 0 0 0 0 0 0 0 0 0 0 0 0 0 0 0 0 0 0 0 0 1 0 0 0 19 0 0 19 11 0 0 0 19 11
2 0 25 7 0 0 0 0 0 0 0 0 0 0 0 0 0 0 0 0 0 0 0 0 0 0 0 0 0 0 0 26 0 0 17 3 0 0 0 21 17
0 0 29 7 0 0 0 0 0 0 0 0 0 0 0 0 0 0 0 0 0 0 1 0 0 0 1 0 0 0 0 29 0 0 13 0 0 0 0 20 18
20 0 0 0 0 0 2 2 0 0 1 0 3 0 0 0 0 0 0 0 12 0 0 0 0 0 0 0 17 1 0 0 0 0 0 14 0 2 0 0 0
13 0 14 7 0 0 0 0 0 0 0 0 0 0 0 0 0 0 0 0 0 0 0 0 0 0 0 0 0 0 0 18 0 0 17 9 0 0 0 18 11
16 0 0 2 0 0 0 0 0 0 0 0 0 0 0 0 0 0 0 0 1 0 0 0 0 0 0 0 8 0 0 3 0 0 7 10 0 0 0 4 0
26 0 0 6 0 0 0 0 0 0 0 0 1 0 0 0 0 0 0 0 0 0 0 0 0 0 0 0 11 0 0 7 0 0 13 15 0 0 0 8 0
0 0 29 8 0 0 0 0 0 0 0 0 0 0 0 0 0 0 0 0 0 0 3 0 0 0 2 0 0 0 0 30 0 0 12 0 0 0 0 18 17
7 0 0 0 0 2 3 3 0 0 3 0 2 0 0 0 0 0 0 0 9 2 0 0 4 0 0 0 9 0 0 0 0 2 0 7 0 3 0 0 0
8 0 19 7 0 0 0 0 0 0 0 0 0 0 0 0 0 0 0 0 0 0 0 0 0 0 0 0 0 0 0 21 0 0 17 6 0 0 0 20 13
0 0 29 7 0 0 0 0 0 0 0 0 0 0 0 0 0 0 0 0 0 0 0 0 0 0 0 0 0 0 0 29 0 0 17 0 0 0 0 22 19
0 0 0 0 0 5 6 6 0 0 6 0 3 0 0 0 0 0 0 0 11 4 0 0 9 0 0 0 6 0 0 0 0 6 0 0 0 5 1 0 0
27 0 0 0 0 0 0 0 0 0 0 0 3 0 0 0 0 0 0 0 12 0 0 0 0 0 0 1 20 1 0 0 0 0 0 17 0 1 0 0 0
13 0 0 0 0 0 1 1 0 0 1 0 2 0 0 0 0 0 0 0 7 0 0 0 0 0 0 0 10 0 0 0 0 0 0 9 0 1 0 0 0
2 0 27 7 0 0 0 0 0 0 0 0 0 0 0 0 0 0 0 0 0 0 0 0 0 0 0 0 0 0 0 27 0 0 18 4 0 0 0 23 19
0 0 0 0 0 11 14 15 0 0 14 0 7 0 0 0 0 0 0 0 29 8 0 0 19 1 0 0 18 1 0 0 0 13 0 5 0 12 2 0 0
0 0 0 0 0 12 11 14 0 0 16 0 9 0 1 0 0 0 0 0 21 10 0 0 24 0 0 2 5 0 0 0 0 15 0 0 0 10 2 0 0
6 0 0 0 0 3 5 4 0 0 4 0 3 0 0 0 0 0 0 0 12 2 0 0 5 0 0 0 11 1 0 0 0 3 0 7 0 4 0 0 0
22 0 4 7 0 0 0 0 0 0 0 0 0 0 0 0 0 0 0 0 0 0 0 0 0 0 0 1 7 0 0 12 0 0 16 14 0 0 0 13 4
21 0 8 8 0 0 0 0 0 0 0 0 0 0 0 0 0 0 0 0 0 0 0 0 0 0 0 1 5 0 0 15 0 0 17 14 0 0 0 15 6
15 0 14 7 0 0 0 0 0 0 0 0 0 0 0 0 0 0 0 0 0 0 0 0 0 0 0 1 0 0 0 18 0 0 18 12 0 0 0 18 10
24 0 0 0 0 0 1 1 0 0 0 0 4 0 0 0 0 0 0 0 11 0 0 0 0 0 0 0 19 1 0 0 0 0 0 16 0 2 0 0 0
0 0 28 7 0 0 0 0 0 0 0 0 0 0 0 0 0 0 0 0 0 0 3 0 0 0 2 0 0 0 0 29 0 0 11 0 0 0 0 17 17
0 0 26 7 0 0 0 0 0 0 0 0 0 0 0 0 0 0 0 0 0 0 1 0 0 0 0 0 0 0 0 27 0 0 13 0 0 0 0 19 17
17 0 8 6 0 0 0 0 0 0 0 0 0 0 0 0 0 0 0 0 0 0 0 0 0 0 0 0 3 0 0 15 0 0 16 11 0 0 0 15 7
24 0 0 5 0 0 0 0 0 0 0 0 1 0 0 0 0 0 0 0 0 0 0 0 0 0 0 1 10 0 0 8 0 0 13 14 0 0 0 9 2
18 0 9 7 0 0 0 0 0 0 0 0 0 0 0 0 0 0 0 0 0 0 0 0 0 0 0 1 3 0 0 15 0 0 16 12 0 0 0 15 7
8 0 20 7 0 0 0 0 0 0 0 0 0 0 0 0 0 0 0 0 0 0 0 0 0 0 0 0 0 0 0 22 0 0 18 6 0 0 0 20 14
15 0 12 7 0 0 0 0 0 0 0 0 0 0 0 0 0 0 0 0 0 0 0 0 0 0 0 0 2 0 0 17 0 0 17 10 0 0 0 17 9
22 0 3 6 0 0 0 0 0 0 0 0 0 0 0 0 0 0 0 0 0 0 0 0 0 0 0 1 8 0 0 11 0 0 15 13 0 0 0 12 4
17 0 11 7 0 0 0 0 0 0 0 0 0 0 0 0 0 0 0 0 0 0 0 0 0 0 0 1 3 0 0 17 0 0 18 11 0 0 0 17 9
17 0 0 3 0 0 0 0 0 0 0 0 1 0 0 0 0 0 0 0 1 0 0 0 0 0 0 0 8 0 0 3 0 0 7 10 0 0 0 5 0
17 0 10 7 0 0 0 0 0 0 0 0 0 0 0 0 0 0 0 0 0 0 0 0 0 0 0 0 3 0 0 16 0 0 17 12 0 0 0 16 8
16 0 0 2 0 0 0 0 0 0 0 0 1 0 0 0 0 0 0 0 2 0 0 0 0 0 0 0 8 0 0 3 0 0 6 11 0 0 0 4 0
5 0 23 7 0 0 0 0 0 0 0 0 0 0 0 0 0 0 0 0 0 0 0 0 0 0 0 0 0 0 0 25 0 0 18 5 0 0 0 22 16
6 0 18 6 0 0 0 0 0 0 0 0 0 0 0 0 0 0 0 0 0 0 0 0 0 0 0 0 0 0 0 21 0 0 16 4 0 0 0 18 13
0 0 0 0 0 4 6 6 0 0 5 0 3 0 0 0 0 0 0 0 12 3 0 0 8 0 0 0 9 0 0 0 0 5 0 4 0 5 0 0 0
0 0 0 0 0 17 16 20 0 0 23 0 12 0 2 0 0 0 0 0 29 14 0 0 33 0 0 4 6 0 0 0 0 22 0 0 0 14 3 0 0
