0 0 0 8 0 0 2 0 0 0 7 12 0 3 1 3 1 4 0 1 0 0 11 0 0 0 0 16 0 6 0 0 0 0 0 0 2 10 0 0 0
7 0 1 3 0 2 0 14 0 8 0 0 0 15 0 0 0 0 1 13 0 0 1 0 3 0 0 4 1 1 0 7 1 0 0 20 0 0 3 2 10
6 0 2 0 0 4 0 17 0 5 0 0 0 14 0 0 0 0 0 10 0 0 2 0 3 8 0 2 0 1 0 6 1 0 3 13 0 0 0 8 8
4 0 0 12 0 0 0 12 0 0 0 0 0 19 0 0 0 0 0 16 0 0 19 0 0 2 0 25 0 11 0 0 0 0 0 8 1 7 1 0 6
2 0 0 4 0 0 0 11 1 0 0 0 0 12 0 0 0 0 0 8 0 0 14 0 0 9 0 16 0 7 0 0 0 0 0 2 1 13 0 0 3
7 0 7 0 0 6 0 18 0 7 0 0 0 11 0 0 0 0 0 8 0 0 0 0 5 9 0 0 0 0 0 11 2 0 6 14 0 0 0 13 9
0 0 0 19 0 0 0 1 0 0 6 9 0 16 0 1 0 0 3 14 0 1 24 0 0 0 0 31 0 13 0 0 0 0 0 5 2 6 4 0 1
0 0 0 15 0 0 3 0 0 0 13 28 6 1 6 11 2 5 3 0 0 0 14 2 0 0 0 22 0 7 0 0 0 0 0 0 4 5 4 0 0
1 0 2 4 0 0 0 2 0 6 0 2 2 5 1 1 0 0 3 5 0 0 0 0 6 0 1 2 1 0 0 8 0 4 0 9 0 0 2 0 4
0 0 0 2 0 0 2 3 0 0 2 4 0 3 0 0 0 3 0 1 0 0 9 0 0 7 0 10 0 5 0 0 0 0 2 0 1 12 0 0 0
7 0 6 0 0 5 0 17 0 9 0 0 0 12 0 0 0 0 0 9 0 0 0 0 7 6 0 0 0 0 0 13 2 0 3 17 0 0 1 11 9
1 0 7 1 0 0 0 0 0 8 0 1 6 0 6 2 0 0 3 1 0 0 0 0 10 0 2 0 1 0 0 15 0 6 2 9 0 0 3 5 3
0 0 15 0 0 1 4 0 0 2 2 7 11 0 17 4 0 5 1 0 0 0 0 0 9 1 2 0 0 0 0 16 0 6 15 0 0 0 0 14 0
0 0 21 0 0 1 3 0 0 8 0 2 14 0 20 3 0 1 2 0 0 0 0 0 16 0 3 0 0 0 0 28 1 10 17 1 0 0 0 20 0
8 0 0 11 0 0 0 17 0 6 0 0 0 22 0 0 0 0 2 21 0 0 12 0 0 0 0 19 1 7 1 0 0 0 0 22 0 0 5 0 11
4 0 15 0 0 5 0 8 0 10 0 0 0 1 1 0 0 0 0 0 0 0 0 0 12 4 1 0 0 0 0 21 2 2 11 13 0 0 1 18 5
6 0 7 0 0 6 0 18 0 3 0 0 0 9 0 0 0 0 0 6 0 0 0 0 4 13 0 0 0 0 1 9 1 0 10 8 0 3 0 15 7
0 0 2 0 0 3 4 7 0 0 0 0 0 0 0 0 1 9 0 0 0 0 6 0 0 19 0 0 0 1 0 0 0 0 16 0 0 21 0 12 0
0 0 11 0 0 0 5 0 0 0 5 10 10 0 18 5 0 8 0 0 0 0 0 0 6 3 1 0 0 0 0 10 0 3 15 0 0 3 0 12 0
0 0 0 13 0 0 3 0 0 0 12 27 9 0 11 13 2 4 5 0 0 0 7 2 0 0 1 15 1 4 0 0 0 2 0 0 3 0 5 0 0
7 0 9 0 0 6 0 18 0 7 0 0 0 10 0 0 0 0 0 7 0 0 0 0 8 9 0 0 0 0 1 14 2 0 8 13 0 0 0 16 9
0 0 10 0 0 1 1 0 0 4 1 4 6 0 10 2 0 2 1 0 0 0 0 0 8 0 1 0 0 0 0 13 0 5 9 0 0 0 0 10 0
0 0 0 16 0 0 0 0 0 0 8 15 0 8 0 4 0 1 2 7 0 0 16 1 0 0 0 24 0 10 0 0 0 0 0 0 2 6 4 0 0
2 0 15 0 0 3 0 0 0 13 0 0 6 0 7 0 0 0 2 0 0 1 0 0 15 0 2 0 1 0 0 26 2 8 9 14 0 0 2 15 3
5 0 5 4 0 1 0 4 0 11 0 0 2 8 0 0 0 0 4 8 0 0 0 0 9 0 2 0 2 0 0 15 1 6 0 19 0 0 5 3 8
2 0 16 0 0 3 0 0 0 11 0 0 5 0 8 0 0 0 1 0 0 0 0 0 15 0 2 0 0 0 0 24 2 6 11 12 0 0 2 17 2
3 0 0 0 0 2 0 11 0 1 0 0 0 9 0 0 0 0 0 6 0 0 6 0 0 8 0 7 0 3 0 0 0 0 2 4 0 7 0 3 4
0 0 0 5 0 0 5 0 0 0 12 27 14 0 20 13 2 8 4 0 0 0 0 2 1 0 2 3 0 0 0 0 0 4 0 0 3 0 1 0 0
0 0 17 0 0 1 2 0 0 9 0 4 13 0 17 3 0 0 3 0 0 1 0 0 15 0 3 0 0 0 0 26 1 10 13 4 0 0 0 15 0
0 0 13 0 0 3 3 3 0 1 0 0 2 0 7 0 0 3 0 0 0 0 0 0 8 10 1 0 0 0 0 13 0 1 17 0 0 3 0 18 0
1 0 17 0 0 2 0 0 0 14 0 0 10 0 11 0 0 0 4 0 0 2 0 0 17 0 3 0 1 0 0 29 2 11 9 16 0 0 3 15 2
0 0 15 0 0 3 4 0 0 1 0 0 4 0 11 0 0 5 0 0 0 0 0 0 9 9 1 0 0 0 0 15 0 2 19 0 0 2 0 20 0
0 0 15 0 0 1 3 0 0 4 0 3 9 0 15 3 0 3 0 0 0 0 0 0 11 1 2 0 0 0 0 18 0 6 15 0 0 0 0 16 0
0 0 0 10 0 0 1 7 2 0 5 3 0 12 0 0 1 5 0 8 0 1 27 0 0 9 0 28 0 14 0 0 0 0 0 0 2 25 0 0 0
0 0 0 9 0 0 0 9 2 0 4 1 0 13 0 0 1 4 0 9 0 1 26 0 0 10 0 27 0 14 0 0 0 0 0 0 2 23 0 0 0
1 0 1 10 0 0 0 0 0 12 1 7 9 3 5 7 0 0 8 6 0 1 0 0 8 0 3 2 3 0 0 11 0 10 0 16 0 0 8 0 4
7 0 10 0 0 5 0 14 0 10 0 0 0 8 0 0 0 0 0 6 0 0 0 0 9 4 0 0 0 0 0 17 2 1 5 18 0 0 1 14 9
2 0 0 0 0 2 0 12 0 0 0 0 0 9 0 0 0 0 0 6 0 0 8 0 0 10 0 8 0 4 0 0 0 0 3 2 0 10 0 3 3
7 0 0 7 0 1 0 15 0 7 0 0 0 18 0 0 0 0 1 16 0 0 5 0 1 0 0 10 1 4 0 2 0 0 0 20 0 0 4 0 10
0 0 0 0 0 0 5 0 0 0 8 15 4 0 10 5 2 12 0 0 0 0 6 2 0 7 0 4 0 2 0 0 0 0 7 0 2 17 0 0 0
8 0 0 0 0 5 0 22 1 3 0 0 0 17 0 0 0 0 0 13 0 0 9 0 0 12 0 7 0 4 1 0 0 0 1 12 0 8 0 4 11
4 0 9 0 0 6 2 17 0 0 0 0 0 4 0 0 0 0 0 2 0 0 0 0 3 19 0 0 0 0 0 7 1 0 17 0 0 10 0 20 3
10 0 6 0 0 4 0 16 0 14 0 0 0 14 0 0 0 0 1 12 0 0 0 0 8 0 0 0 1 0 0 16 2 2 0 26 0 0 4 8 13
11 0 9 0 0 6 0 19 0 14 0 0 0 13 0 0 0 0 0 10 0 1 0 0 10 1 0 0 0 0 0 19 3 1 2 25 0 0 3 13 14
0 0 21 0 0 0 5 0 0 3 2 10 17 0 25 6 0 7 2 0 0 0 0 0 13 0 3 0 0 0 0 24 0 9 19 0 0 0 0 19 0
3 0 12 0 0 5 0 11 0 4 0 0 0 1 0 0 0 0 0 0 0 0 0 0 7 10 0 0 0 0 0 14 1 0 13 5 0 0 0 18 4
0 0 7 1 0 0 3 0 0 3 6 16 14 0 17 9 0 3 4 0 0 0 0 0 8 0 3 0 1 0 0 11 0 8 4 0 0 0 1 1 0
5 0 15 0 0 6 0 13 0 5 0 0 0 1 0 0 0 0 0 0 0 0 0 0 9 11 0 0 0 0 0 17 2 0 16 5 0 0 0 22 4
0 0 11 0 0 0 5 0 0 0 2 8 8 0 15 5 0 6 0 0 0 0 0 0 6 4 1 0 0 0 0 10 0 3 14 0 0 2 0 12 0
5 0 8 0 0 5 0 16 0 2 0 0 0 6 0 0 0 0 0 3 0 0 0 0 5 14 0 0 0 0 0 9 1 0 13 4 0 5 0 17 5
6 0 2 2 0 2 0 12 0 7 0 0 0 12 0 0 0 0 1 10 0 0 0 0 5 2 0 3 1 1 0 7 1 0 0 15 0 0 2 4 8
2 0 0 0 0 5 5 16 1 0 0 0 0 3 0 0 2 6 0 1 0 0 11 0 0 23 0 2 0 2 0 0 0 0 17 0 0 25 0 13 1
0 0 0 8 0 0 1 9 1 0 3 0 0 12 0 0 1 3 0 9 0 1 24 0 0 10 0 25 0 13 0 0 0 0 0 0 2 22 0 0 0
0 0 11 0 0 3 3 3 0 0 0 0 1 0 6 0 0 4 0 0 0 0 0 0 6 12 0 0 0 0 0 9 0 0 17 0 0 6 0 17 0
0 0 0 15 0 0 1 0 0 0 7 15 0 7 0 6 0 0 3 6 0 0 15 1 0 0 0 22 0 8 0 0 0 0 0 0 2 3 4 0 0
0 0 17 0 0 3 4 0 0 0 0 0 5 0 12 0 0 6 0 0 0 0 0 0 8 10 1 0 0 0 0 15 0 2 20 0 0 2 0 22 0
2 0 10 0 0 5 3 12 0 0 0 0 0 0 0 0 0 2 0 0 0 0 0 0 4 17 0 0 0 0 0 8 1 0 19 0 0 10 0 20 1
9 0 9 0 0 6 0 18 0 10 0 0 0 12 0 0 0 0 0 9 0 0 0 0 8 5 0 0 0 0 0 16 2 0 3 20 0 0 2 14 11
7 0 10 0 0 5 0 14 0 10 0 0 0 8 0 0 0 0 0 6 0 0 0 0 10 4 0 0 0 0 0 17 2 1 5 17 0 0 2 14 8
7 0 1 0 0 3 0 17 0 4 0 0 0 14 0 0 0 0 0 11 0 0 4 0 2 7 0 4 0 2 1 4 1 0 1 12 0 1 1 6 8
0 0 0 11 0 0 0 7 2 0 5 3 0 14 0 0 0 3 0 10 0 1 26 0 0 7 0 29 0 14 0 0 0 0 0 0 2 21 0 0 0
4 0 0 0 0 4 0 20 2 0 0 0 0 14 0 0 0 0 0 10 0 0 15 0 0 17 0 12 0 7 1 0 0 0 4 1 0 19 0 3 7
0 1 0 19 0 0 2 0 0 0 15 32 6 1 7 13 3 6 4 0 0 0 16 3 0 0 0 26 0 9 0 0 0 0 0 0 5 5 5 0 0
5 0 2 6 0 0 0 6 0 11 0 0 0 10 0 0 0 0 4 11 0 0 0 0 7 0 1 3 2 0 0 10 1 4 0 19 0 0 5 0 8
4 0 12 0 0 4 0 6 0 10 0 0 1 2 2 0 0 0 1 1 0 0 0 0 12 1 1 0 0 0 0 19 2 4 8 13 0 0 1 14 5
4 0 0 19 0 0 0 8 0 0 2 1 0 21 0 0 0 0 2 20 0 0 21 0 0 0 0 30 0 12 0 0 0 0 0 13 0 1 5 0 6
4 0 8 0 0 6 1 16 0 0 0 0 0 4 0 0 0 1 0 1 0 0 0 0 3 18 0 0 0 0 0 6 1 0 15 0 0 10 0 18 4
0 0 0 10 0 0 1 0 0 0 7 11 0 6 0 1 1 4 0 4 0 0 16 0 0 1 0 21 0 10 0 0 0 0 0 0 2 13 0 0 0
0 0 0 7 0 0 3 0 0 0 8 18 8 0 11 9 1 3 3 0 0 0 2 1 1 0 1 7 1 2 0 0 0 3 0 0 1 0 2 0 0
0 0 1 0 0 3 5 7 0 0 1 0 0 0 0 0 2 11 0 0 0 0 8 0 0 20 0 1 0 2 0 0 0 0 16 0 0 24 0 11 0
0 0 0 5 0 0 4 0 0 0 12 25 14 0 19 12 2 7 4 0 0 0 0 2 2 0 2 2 1 0 0 0 0 4 0 0 3 0 1 0 0
7 0 13 0 0 5 0 11 0 12 0 0 0 5 0 0 0 0 0 3 0 0 0 0 11 1 1 0 0 0 0 22 3 3 6 20 0 0 2 16 8
6 0 0 8 0 0 0 10 0 9 0 0 0 15 0 0 0 0 3 15 0 0 2 0 3 0 0 9 1 3 0 5 0 1 0 21 0 0 5 0 9
4 0 0 11 0 0 0 11 0 2 0 0 0 16 0 0 0 0 1 15 0 0 13 0 0 0 0 19 0 8 0 0 0 0 0 12 0 1 3 0 6
4 0 5 4 0 0 0 4 0 11 0 0 2 7 0 0 0 0 4 8 0 0 0 0 10 0 1 0 2 0 0 14 1 5 0 18 0 0 4 3 7
0 0 11 0 0 0 1 0 0 8 0 5 12 0 13 4 0 0 4 0 0 1 0 0 12 0 3 0 1 0 0 20 0 10 6 7 0 0 2 8 0
3 0 19 0 0 5 0 5 0 9 0 0 1 0 4 0 0 0 0 0 0 0 0 0 14 4 1 0 0 0 0 24 2 3 15 9 0 0 1 23 2
0 0 0 9 0 0 1 2 1 0 6 8 0 8 0 0 1 5 0 5 0 0 20 0 0 5 0 23 0 11 0 0 0 0 0 0 2 18 0 0 0
0 0 13 0 0 4 2 4 0 3 0 0 2 0 5 0 0 1 0 0 0 0 0 0 8 7 1 0 0 0 0 14 1 2 14 1 0 0 0 17 0
0 1 0 16 0 0 3 0 0 0 14 28 5 1 6 10 3 7 2 0 0 0 16 3 0 0 0 24 0 10 0 0 0 0 0 0 5 9 3 0 0
7 0 4 1 0 3 0 14 0 10 0 0 0 13 0 0 0 0 1 11 0 0 0 0 7 1 0 0 1 0 0 11 1 1 0 19 0 0 3 6 10
0 0 0 5 0 0 3 0 1 0 7 11 0 2 1 2 1 6 0 0 0 0 13 0 0 5 0 15 0 7 0 0 0 0 0 0 2 16 0 0 0
2 0 0 13 0 0 0 9 1 0 3 0 0 18 0 0 0 0 0 15 0 1 27 0 0 4 0 30 0 14 0 0 0 0 0 3 1 15 0 0 3
0 0 0 11 0 0 1 0 0 0 6 11 0 7 0 3 0 1 2 6 0 0 14 0 0 0 0 19 0 8 0 0 0 0 0 0 1 6 2 0 0
0 0 0 13 0 0 0 0 1 0 9 13 0 10 0 0 1 5 0 6 0 0 23 0 0 3 0 29 0 14 0 0 0 0 0 0 2 19 0 0 0
1 0 14 0 0 5 2 8 0 2 0 0 0 0 3 0 0 1 0 0 0 0 0 0 8 13 0 0 0 0 0 14 1 0 18 0 0 2 0 22 0
3 0 16 0 0 3 0 2 0 14 0 0 5 0 5 0 0 0 2 0 0 1 0 0 15 0 2 0 1 0 0 26 2 7 9 16 0 0 2 17 4
6 0 0 7 0 0 0 17 1 0 0 0 0 19 0 0 0 0 0 16 0 0 17 0 0 6 0 20 0 9 1 0 0 0 0 10 0 9 0 0 8
13 0 8 0 0 6 0 17 0 18 0 0 0 15 0 0 0 0 2 12 0 1 0 0 10 0 1 0 2 0 0 21 2 3 0 32 0 0 5 10 15
6 0 0 17 0 0 0 12 0 2 0 0 0 22 0 0 0 0 2 22 0 0 18 0 0 0 0 27 0 11 1 0 0 0 0 18 0 0 6 0 9
1 0 0 0 0 4 2 14 1 0 0 0 0 5 0 0 1 5 0 1 0 0 10 0 0 19 0 5 0 4 0 0 0 0 11 0 0 21 0 9 2
0 0 7 0 0 0 4 0 0 0 2 5 3 0 10 2 0 7 0 0 0 0 0 0 3 8 0 0 0 0 0 4 0 0 13 0 0 9 0 11 0
2 0 0 20 0 0 0 5 0 0 4 5 0 20 0 0 0 0 3 19 0 0 24 0 0 0 0 33 0 14 0 0 0 0 0 9 1 4 5 0 3
0 0 9 0 0 0 6 0 0 0 4 8 6 0 14 3 1 12 0 0 0 0 0 1 1 9 0 0 0 0 0 2 0 0 18 0 0 11 0 14 0
4 0 7 0 0 5 0 13 0 4 0 0 0 6 0 0 0 0 0 3 0 0 0 0 6 11 0 0 0 0 0 9 1 0 10 6 0 2 0 14 4
6 1 15 0 0 6 0 10 0 12 0 0 0 2 0 0 0 0 0 1 0 0 0 0 12 1 1 0 0 0 0 23 3 3 9 18 0 0 2 18 7
2 0 0 0 0 4 3 16 2 0 0 0 0 7 0 0 1 6 0 3 0 0 14 0 0 21 0 9 0 6 0 0 0 0 10 0 0 26 0 6 2
0 0 0 16 0 0 0 1 1 0 7 9 0 13 0 0 0 2 0 10 0 1 25 0 0 0 0 30 0 14 0 0 0 0 0 0 2 15 1 0 0
0 0 0 10 0 0 2 0 0 2 7 17 8 0 9 9 1 0 5 1 0 0 2 0 2 0 2 8 1 1 0 0 0 5 0 0 1 0 5 0 0
0 0 0 19 0 0 0 0 1 0 10 16 0 12 0 3 0 2 1 9 0 1 25 0 0 0 0 32 0 14 0 0 0 0 0 0 3 11 3 0 0
0 0 18 0 0 0 5 0 0 3 1 7 14 0 21 5 0 5 1 0 0 0 0 0 12 0 2 0 0 0 0 21 0 7 18 0 0 0 0 17 0
0 0 2 0 1 0 5 0 0 0 11 22 12 0 20 10 1 10 1 0 0 0 0 2 1 0 1 0 0 0 0 0 0 2 5 0 2 4 0 0 0
0 0 13 0 0 0 5 0 0 0 5 14 15 0 22 8 0 7 2 0 0 0 0 0 9 0 2 0 0 0 0 14 0 6 13 0 0 0 0 10 0
0 0 0 12 0 0 2 0 0 4 9 21 14 0 13 13 0 0 8 0 0 0 0 0 3 0 3 6 2 0 0 3 0 9 0 1 0 0 6 0 0
0 0 0 3 0 0 3 0 0 0 9 15 3 0 8 5 1 8 0 0 0 0 7 1 0 2 0 9 0 4 0 0 0 0 1 0 2 12 0 0 0
0 0 18 0 0 0 5 0 0 3 2 8 14 0 21 5 0 5 1 0 0 0 0 0 12 0 2 0 0 0 0 21 0 8 17 0 0 0 0 16 0
4 1 19 0 0 6 0 9 0 8 0 0 0 0 0 0 0 0 0 0 0 0 0 0 12 6 1 0 0 0 0 23 3 1 15 10 0 0 1 24 4
5 0 0 4 0 1 0 16 1 0 0 0 0 16 0 0 0 0 0 13 0 0 16 0 0 10 0 17 0 8 1 0 0 0 0 6 0 12 0 0 6
0 0 11 0 0 0 5 0 0 0 8 18 16 0 24 9 0 9 2 0 0 0 0 1 7 0 2 0 0 0 0 11 0 6 12 0 0 0 0 6 0
9 0 0 0 0 5 0 23 1 5 0 0 0 18 0 0 0 0 0 14 0 0 5 0 0 11 0 4 0 3 1 3 1 0 2 15 0 4 0 7 12
1 0 0 15 0 0 0 4 0 0 4 7 0 14 0 0 0 0 1 12 0 0 20 0 0 0 0 27 0 12 0 0 0 0 0 2 1 8 2 0 1
0 0 17 0 0 0 2 0 0 8 0 7 15 0 19 5 0 1 4 0 0 1 0 0 14 0 3 0 0 0 0 25 0 11 12 2 0 0 0 13 0
3 0 13 0 0 3 0 2 0 11 0 0 4 0 5 0 0 0 2 0 0 1 0 0 13 0 2 0 1 0 0 22 1 6 8 14 0 0 2 14 4
0 0 0 12 0 0 4 0 0 0 15 32 13 0 18 15 3 7 5 0 0 0 3 3 0 0 2 11 1 2 0 0 0 3 0 0 4 0 4 0 0
0 0 0 6 0 0 1 1 0 0 3 7 0 5 0 1 0 1 0 3 0 0 9 0 0 1 0 12 0 5 0 0 0 0 0 0 1 7 0 0 0
8 0 4 0 0 5 0 19 0 6 0 0 0 14 0 0 0 0 0 11 0 0 0 0 5 10 0 0 0 0 1 8 1 0 4 14 0 0 0 10 9
9 0 2 4 0 2 0 14 0 12 0 0 0 15 0 0 0 0 2 14 0 0 0 0 6 0 0 2 1 0 0 11 1 2 0 25 0 0 4 2 11
4 0 13 0 0 6 0 12 0 4 0 0 0 1 0 0 0 0 0 0 0 0 0 0 8 12 0 0 0 0 0 15 2 0 15 4 0 0 0 20 4
6 0 9 0 0 6 0 16 0 3 0 0 0 7 0 0 0 0 0 4 0 0 0 0 6 13 0 0 0 0 0 11 1 0 12 7 0 3 0 17 6
2 0 14 0 0 2 0 0 0 13 0 0 7 0 8 0 0 0 3 0 0 1 0 0 15 0 3 0 1 0 0 25 1 9 8 14 0 0 2 14 4
0 0 0 8 0 0 1 0 0 3 5 14 8 0 9 8 0 0 5 0 0 0 0 0 4 0 2 5 1 0 0 3 0 5 0 1 0 0 4 0 0
0 0 16 0 0 0 1 0 0 10 0 3 13 0 16 3 0 0 4 0 0 1 0 0 15 0 3 0 0 0 0 25 1 11 10 7 0 0 1 13 0
7 0 10 0 0 5 0 14 0 11 0 0 0 9 0 0 0 0 0 6 0 0 0 0 10 4 0 0 0 0 0 18 2 1 6 18 0 0 1 14 9
5 0 0 2 0 2 0 19 1 0 0 0 0 16 0 0 0 0 0 13 0 0 17 0 0 13 0 16 0 9 1 0 0 0 0 4 1 16 0 0 6
7 0 8 0 0 4 0 15 0 9 0 0 0 10 0 0 0 0 0 8 0 0 0 0 8 5 0 0 0 0 0 14 2 0 5 16 0 0 1 12 8
4 0 0 1 0 2 0 15 0 0 0 0 0 12 0 0 0 0 0 9 0 0 10 0 0 11 0 11 0 5 0 0 0 0 1 5 0 10 0 2 5
0 0 13 0 0 2 5 0 0 0 0 1 5 0 12 1 0 7 0 0 0 0 0 0 5 9 1 0 0 0 0 11 0 2 18 0 0 5 0 18 0
0 0 0 4 1 0 5 0 0 0 16 33 13 0 23 14 3 14 1 0 0 1 2 4 0 0 1 5 0 2 0 0 0 0 0 0 5 8 0 0 0
8 0 10 0 0 5 0 14 0 13 0 0 0 9 0 0 0 0 0 7 0 0 0 0 10 1 1 0 1 0 0 20 2 2 4 22 0 0 2 14 10
6 0 0 16 0 0 0 11 0 3 0 0 0 20 0 0 0 0 3 20 0 0 15 0 0 0 0 24 1 9 1 0 0 0 0 19 0 0 6 0 8
7 0 10 0 0 3 0 9 0 15 0 0 0 7 0 0 0 0 2 7 0 1 0 0 12 0 1 0 1 0 0 22 2 4 1 24 0 0 4 11 9
0 0 12 0 0 2 4 0 0 0 0 1 5 0 10 1 0 5 0 0 0 0 0 0 7 8 1 0 0 0 0 11 0 1 16 0 0 4 0 16 0
0 0 15 0 0 0 4 0 0 3 2 8 13 0 19 5 0 4 2 0 0 0 0 0 10 0 2 0 0 0 0 19 0 8 13 0 0 0 0 13 0
0 0 11 0 1 0 6 0 0 0 9 17 13 0 23 7 1 14 0 0 0 0 0 2 2 3 0 0 0 0 0 4 0 1 17 0 1 6 0 11 0
4 0 14 0 0 3 0 3 0 14 0 0 4 0 3 0 0 0 2 0 0 1 0 0 15 0 2 0 1 0 0 25 2 6 7 18 0 0 3 15 5
2 0 0 12 0 0 0 9 1 0 2 1 0 16 0 0 0 0 0 14 0 0 22 0 0 2 0 26 0 12 0 0 0 0 0 4 1 11 1 0 3
5 0 15 0 0 7 1 16 0 1 0 0 0 1 0 0 0 0 0 0 0 0 0 0 8 18 0 0 0 0 0 16 2 0 21 0 0 4 0 26 3
0 0 0 17 0 0 0 0 0 1 6 13 2 9 0 7 0 0 5 10 0 0 11 0 0 0 0 20 1 6 0 0 0 0 0 7 1 0 7 0 0
5 0 13 0 0 3 0 4 0 14 0 0 3 2 2 0 0 0 3 2 0 1 0 0 14 0 2 0 1 0 0 24 2 7 4 19 0 0 3 13 7
5 0 0 12 0 0 0 11 0 0 0 0 0 18 0 0 0 0 1 17 0 0 17 0 0 0 0 23 0 10 0 0 0 0 0 12 0 3 3 0 6
4 0 8 0 0 2 0 5 0 10 0 0 2 5 0 0 0 0 2 5 0 0 0 0 10 0 1 0 1 0 0 16 1 5 2 16 0 0 3 8 6
5 0 0 11 0 0 0 12 0 0 0 0 0 18 0 0 0 0 0 16 0 0 16 0 0 1 0 21 0 9 0 0 0 0 0 11 0 4 2 0 6
0 0 16 0 0 0 5 0 0 2 6 15 18 0 25 8 0 7 3 0 0 0 0 0 11 0 3 0 0 0 0 18 0 9 14 0 0 0 0 11 0
2 0 0 0 0 4 2 17 2 0 0 0 0 9 0 0 1 6 0 5 0 0 18 0 0 22 0 12 0 8 0 0 0 0 8 0 1 28 0 3 2
6 0 0 4 0 2 0 17 1 2 0 0 0 17 0 0 0 0 0 14 0 0 12 0 0 7 0 14 0 6 0 0 0 0 0 11 0 7 0 0 8
0 0 0 0 0 1 3 8 1 0 2 0 0 3 0 0 1 8 0 0 0 0 15 0 0 17 0 12 0 7 0 0 0 0 7 0 1 26 0 1 0
0 0 0 11 0 0 1 2 1 0 8 10 0 10 0 0 1 6 0 6 0 0 23 0 0 6 0 27 0 13 0 0 0 0 0 0 2 21 0 0 0
0 0 0 19 0 0 0 0 0 1 5 13 0 12 0 6 0 0 6 13 0 0 13 0 0 0 0 23 2 7 0 0 0 0 0 9 1 0 8 0 1
4 0 6 0 0 6 2 17 0 0 0 0 0 5 0 0 0 1 0 2 0 0 3 0 0 20 0 0 0 0 0 3 1 0 16 0 0 14 0 17 3
0 0 0 7 0 0 3 0 0 0 9 16 1 0 4 5 1 8 0 0 0 0 12 1 0 2 0 15 0 7 0 0 0 0 0 0 3 14 0 0 0
4 0 4 0 0 6 1 19 1 0 0 0 0 8 0 0 0 0 0 4 0 0 4 0 0 19 0 0 0 0 1 2 1 0 13 0 0 13 0 15 5
5 0 14 0 0 5 0 11 0 9 0 0 0 3 0 0 0 0 0 1 0 0 0 0 12 4 1 0 0 0 0 21 2 2 10 13 0 0 1 18 6
1 0 0 0 0 4 4 14 1 0 0 0 0 2 0 0 2 8 0 0 0 0 12 0 0 23 0 4 0 3 0 0 0 0 15 0 0 27 0 11 0
0 0 0 17 0 0 2 0 0 0 13 30 8 0 9 14 3 3 5 0 0 0 11 2 0 0 0 21 1 7 0 0 0 1 0 0 4 0 6 0 0
0 0 4 0 0 2 5 2 0 0 2 1 0 0 5 0 2 11 0 0 0 0 3 0 0 17 0 0 0 0 0 0 0 0 17 0 0 20 0 13 0
6 0 0 0 0 4 0 21 2 0 0 0 0 16 0 0 0 0 0 12 0 0 15 0 0 15 0 12 0 7 1 0 0 0 2 5 0 15 0 2 8
0 0 15 0 0 5 5 5 0 0 0 0 0 0 5 0 0 7 0 0 0 0 0 0 4 18 0 0 0 0 0 10 0 0 25 0 0 10 0 25 0
7 0 8 0 0 6 0 19 0 5 0 0 0 10 0 0 0 0 0 6 0 0 0 0 7 14 0 0 0 0 1 11 2 0 11 8 0 2 0 17 7
0 0 9 0 0 0 5 0 0 0 4 8 6 0 14 4 0 9 0 0 0 0 0 0 2 8 0 0 0 0 0 4 0 0 14 0 0 8 0 11 0
2 0 5 0 0 4 2 12 0 0 0 0 0 2 0 0 0 3 0 0 0 0 3 0 0 17 0 0 0 0 0 1 0 0 14 0 0 14 0 14 1
8 0 2 0 0 5 0 20 0 6 0 0 0 15 0 0 0 0 0 12 0 0 2 0 2 9 0 2 0 1 0 6 1 0 2 15 0 0 0 8 11
4 0 8 0 0 4 0 11 0 6 0 0 0 5 0 0 0 0 0 3 0 0 0 0 7 7 0 0 0 0 0 12 1 0 8 9 0 0 0 12 5
0 0 0 15 0 0 2 0 0 0 9 20 5 4 3 9 1 0 5 5 0 0 11 1 0 0 0 19 1 6 0 0 0 1 0 0 2 0 5 0 0
8 0 11 0 0 6 0 15 0 12 0 0 0 10 0 0 0 0 0 6 0 0 0 0 10 3 0 0 1 0 0 19 2 1 4 21 0 0 2 15 10
0 0 10 0 0 0 2 0 0 7 2 9 14 0 14 7 0 0 5 0 0 1 0 0 11 0 4 0 1 0 0 19 0 11 4 5 0 0 2 5 0
4 0 10 0 0 3 0 7 0 10 0 0 1 4 0 0 0 0 1 3 0 0 0 0 10 0 1 0 1 0 0 18 1 4 5 15 0 0 2 12 6
0 0 0 0 0 3 3 14 2 0 0 0 0 6 0 0 1 7 0 2 0 0 17 0 0 22 0 12 0 7 0 0 0 0 9 0 1 29 0 4 0
5 0 0 10 0 0 0 16 1 0 0 0 0 21 0 0 0 0 0 18 0 0 22 0 0 5 0 26 0 12 0 0 0 0 0 10 0 10 0 0 8
4 0 6 0 0 5 1 16 0 0 0 0 0 7 0 0 0 0 0 3 0 0 1 0 3 16 0 0 0 0 0 5 1 0 12 1 0 9 0 15 5
4 0 15 0 0 3 0 3 0 14 0 0 3 0 4 0 0 0 2 0 0 1 0 0 15 0 1 0 1 0 0 25 2 6 8 16 0 0 3 16 4
0 0 16 0 0 0 6 0 0 1 6 17 19 0 27 9 0 8 3 0 0 0 0 0 11 0 3 0 0 0 0 18 0 9 15 0 0 0 0 11 0
2 0 0 0 0 4 4 17 2 0 0 0 0 6 0 0 2 8 0 3 0 0 18 0 0 25 0 11 0 7 0 0 0 0 12 0 0 32 0 6 1
0 0 8 0 0 0 5 0 0 0 11 23 17 0 25 11 1 9 3 0 0 0 0 1 6 0 3 0 0 0 0 8 0 6 7 0 1 0 0 1 0
1 0 0 12 0 0 0 5 0 0 2 3 0 13 0 0 0 0 1 11 0 0 17 0 0 0 0 22 0 9 0 0 0 0 0 5 1 6 2 0 2
0 0 14 0 0 1 1 0 0 10 0 1 11 0 13 2 0 0 4 0 0 1 0 0 15 0 3 0 1 0 0 24 1 10 9 8 0 0 1 12 0
4 0 0 0 0 4 1 17 1 0 0 0 0 8 0 0 1 2 0 5 0 0 10 0 0 18 0 5 0 4 0 0 0 0 10 0 0 18 0 9 4
7 0 0 17 0 0 0 11 0 6 0 0 0 21 0 0 0 0 4 22 0 0 12 0 0 0 0 22 1 8 1 0 0 0 0 23 0 0 7 0 10
9 0 4 2 0 3 0 14 0 12 0 0 0 14 0 0 0 0 2 13 0 0 0 0 7 0 0 0 1 0 0 13 1 2 0 24 0 0 4 5 11
4 0 2 7 0 0 0 3 0 11 0 0 2 9 0 0 0 0 5 10 0 0 0 0 7 0 1 3 2 0 0 10 0 5 0 18 0 0 6 0 7
0 0 0 12 0 0 0 5 1 0 5 5 0 13 0 0 0 1 0 10 0 0 22 0 0 3 0 27 0 12 0 0 0 0 0 0 1 15 0 0 1
0 0 9 0 1 0 6 0 0 0 16 35 25 0 35 17 1 12 5 0 0 1 0 3 7 0 4 0 0 0 0 9 0 10 5 0 3 0 0 0 0
0 1 0 15 0 0 3 0 0 0 16 32 7 0 10 12 3 8 3 0 0 0 13 3 0 0 0 21 0 8 0 0 0 0 0 0 5 7 4 0 0
5 0 0 11 0 0 0 13 1 0 0 0 0 19 0 0 0 0 0 17 0 0 18 0 0 2 0 23 0 10 0 0 0 0 0 10 0 6 1 0 7
0 0 0 0 0 1 2 11 2 0 2 0 0 7 0 0 1 8 0 2 0 0 20 0 0 17 0 18 0 10 0 0 0 0 3 0 1 29 0 0 0
5 0 13 0 0 4 0 8 0 11 0 0 0 3 1 0 0 0 0 1 0 0 0 0 13 2 1 0 0 0 0 21 2 3 9 15 0 0 1 16 5
0 0 26 0 0 0 7 0 0 0 5 14 22 0 32 7 0 11 1 0 0 0 0 0 13 0 2 0 0 0 0 26 0 9 26 0 0 0 0 23 0
0 0 10 0 0 1 4 0 0 0 1 4 4 0 11 2 0 7 0 0 0 0 0 0 4 9 0 0 0 0 0 7 0 1 15 0 0 7 0 13 0
0 0 0 9 0 0 3 0 0 0 12 26 8 0 13 11 2 8 2 0 0 0 6 3 0 0 0 11 0 4 0 0 0 0 0 0 4 6 1 0 0
0 0 4 0 0 1 1 3 0 1 0 1 1 0 4 0 0 2 0 0 0 0 0 0 5 6 0 0 0 0 0 6 0 0 8 0 0 5 0 7 0
1 0 0 17 0 0 0 4 1 0 6 6 0 17 0 0 0 0 0 14 0 1 27 0 0 0 0 33 0 15 0 0 0 0 0 1 2 13 1 0 1
0 0 4 0 0 2 2 3 0 0 0 0 0 0 3 0 0 3 0 0 0 0 1 0 3 8 0 0 0 0 0 4 0 0 9 0 0 7 0 8 0
3 0 0 22 0 0 0 3 0 0 3 6 0 20 0 1 0 0 5 20 0 0 20 0 0 0 0 31 1 11 0 0 0 0 0 14 0 0 7 0 5
1 0 3 2 0 0 0 2 0 5 0 1 1 4 2 1 0 0 2 3 0 0 0 0 6 0 1 0 1 0 0 7 0 2 0 7 0 0 2 3 2
7 0 11 0 0 6 0 15 0 10 0 0 0 8 0 0 0 0 0 5 0 0 0 0 9 5 0 0 0 0 0 17 2 1 7 17 0 0 1 15 9
6 0 0 0 0 4 0 19 1 0 0 0 0 14 0 0 0 0 0 10 0 0 11 0 0 14 0 9 0 5 1 0 0 0 3 6 0 12 0 4 7
7 0 0 4 0 2 0 16 0 7 0 0 0 17 0 0 0 0 0 15 0 0 4 0 2 2 0 7 1 3 0 4 0 0 0 19 0 0 3 1 10
1 0 16 0 0 2 0 0 0 11 0 0 8 0 10 1 0 0 3 0 0 1 0 0 15 0 3 0 1 0 0 25 1 9 10 12 0 0 2 15 1
2 0 15 0 0 5 1 8 0 3 0 0 0 0 2 0 0 0 0 0 0 0 0 0 9 11 0 0 0 0 0 17 1 0 17 0 0 0 0 22 1
5 0 4 5 0 0 0 5 0 12 0 0 2 9 0 0 0 0 5 9 0 0 0 0 8 0 2 0 2 0 0 13 1 6 0 21 0 0 5 1 8
6 0 16 0 0 4 0 6 0 18 0 0 2 2 0 0 0 0 2 2 0 1 0 0 16 0 2 0 1 0 0 28 3 6 5 24 0 0 4 16 8
0 0 0 15 0 0 0 0 0 7 4 12 7 4 4 8 0 0 7 8 0 0 0 0 2 0 2 11 3 1 0 1 0 6 0 11 0 0 8 0 2
2 0 0 1 0 1 1 14 1 0 0 0 0 11 0 0 0 3 0 7 0 0 18 0 0 16 0 16 0 9 0 0 0 0 2 0 1 22 0 0 2
6 0 0 10 0 0 0 14 0 4 0 0 0 19 0 0 0 0 1 18 0 0 11 0 0 0 0 17 1 7 0 0 0 0 0 16 0 0 4 0 9
8 0 7 0 0 6 0 20 0 7 0 0 0 12 0 0 0 0 0 9 0 0 0 0 6 10 0 0 0 0 1 12 2 0 7 14 0 0 0 14 10
7 0 0 1 0 3 0 18 0 5 0 0 0 16 0 0 0 0 0 13 0 0 6 0 1 8 0 7 0 3 0 2 0 0 0 14 0 2 0 4 9
0 0 9 2 0 0 0 0 0 12 0 4 11 0 10 4 0 0 6 0 0 1 0 0 12 0 4 0 2 0 0 20 0 12 0 15 0 0 4 3 3
0 0 0 7 0 0 2 0 0 1 6 15 8 0 9 8 0 1 4 0 0 0 1 0 1 0 2 7 1 1 0 1 0 5 0 0 0 0 3 0 0
0 0 18 0 0 2 2 0 0 8 0 1 11 0 16 2 0 1 2 0 0 0 0 0 14 0 2 0 0 0 0 25 1 8 15 2 0 0 0 18 0
0 0 1 2 0 0 5 0 0 0 12 24 12 0 20 11 2 10 2 0 0 0 0 3 0 0 1 0 0 0 0 0 0 2 2 0 3 3 0 0 0
9 0 4 0 0 6 0 24 0 4 0 0 0 15 0 0 0 0 0 11 0 0 2 0 2 14 0 0 0 1 1 6 1 0 7 12 0 4 0 13 11
0 0 0 7 0 0 3 0 0 0 8 20 11 0 14 10 1 3 4 0 0 0 0 1 3 0 2 4 1 0 0 1 0 5 0 0 1 0 2 0 0
0 0 16 0 0 1 7 0 0 0 1 2 6 0 15 1 1 12 0 0 0 0 0 0 3 14 0 0 0 0 0 9 0 0 25 0 0 10 0 24 0
2 0 0 4 0 0 0 13 1 0 0 0 0 12 0 0 0 1 0 9 0 0 17 0 0 12 0 18 0 10 0 0 0 0 0 0 1 18 0 0 3
5 0 8 0 0 6 0 16 0 3 0 0 0 7 0 0 0 0 0 4 0 0 0 0 5 13 0 0 0 0 0 10 1 0 12 7 0 2 0 17 6
0 0 0 6 0 0 4 0 0 0 13 28 16 0 23 14 2 7 5 0 0 1 0 3 4 0 3 0 1 0 0 0 0 6 0 0 3 0 2 0 0
2 0 12 0 0 6 1 11 0 1 0 0 0 0 0 0 0 1 0 0 0 0 0 0 7 15 0 0 0 0 0 12 1 0 17 0 0 4 0 20 2
0 0 0 18 0 0 3 0 0 0 15 34 10 0 11 16 3 4 6 0 0 0 11 3 0 0 0 21 1 6 0 0 0 2 0 0 4 0 6 0 0
5 0 4 0 0 5 0 18 0 0 0 0 0 8 0 0 0 0 0 5 0 0 4 0 0 17 0 0 0 1 0 2 1 0 12 0 0 12 0 13 5
0 0 6 1 0 0 4 0 0 2 7 20 16 0 20 11 0 4 5 0 0 0 0 0 8 0 3 0 1 0 0 10 0 8 3 0 0 0 1 0 0
2 0 7 0 0 4 1 10 0 1 0 0 0 2 0 0 0 1 0 0 0 0 0 0 4 13 0 0 0 0 0 6 0 0 12 0 0 7 0 14 2
0 0 6 0 0 4 4 9 0 0 0 0 0 0 0 0 1 7 0 0 0 0 3 0 0 19 0 0 0 0 0 0 0 0 18 0 0 17 0 16 0
0 0 8 0 1 0 6 0 0 0 16 35 25 0 35 17 1 12 5 0 0 1 0 3 6 0 4 0 0 0 0 7 0 9 5 0 3 0 0 0 0
0 0 11 0 0 2 4 0 0 0 1 5 6 0 12 3 0 6 0 0 0 0 0 0 7 7 1 0 0 0 0 10 0 2 14 0 0 4 0 13 0
0 0 0 0 0 3 4 10 1 0 0 0 0 1 0 0 1 8 0 0 0 0 11 0 0 20 0 6 0 4 0 0 0 0 12 0 0 25 0 7 0
5 0 0 13 0 0 0 11 0 2 0 0 0 19 0 0 0 0 2 18 0 0 15 0 0 0 0 22 0 9 0 0 0 0 0 14 0 0 4 0 7
0 0 16 0 0 0 5 0 0 2 7 19 20 0 28 10 0 8 3 0 0 0 0 0 11 0 3 0 0 0 0 19 0 10 14 0 0 0 0 10 0
0 0 8 0 0 0 4 0 0 1 6 14 12 0 17 7 0 5 2 0 0 0 0 0 7 0 2 0 0 0 0 10 0 6 7 0 0 0 0 4 0
7 0 8 0 0 6 0 17 0 9 0 0 0 11 0 0 0 0 0 7 0 0 0 0 8 8 0 0 0 0 0 14 2 0 6 16 0 0 0 14 9
8 0 12 0 0 5 0 12 0 14 0 0 0 7 0 0 0 0 1 5 0 1 0 0 12 0 1 0 1 0 0 22 3 3 4 22 0 0 3 14 9
0 0 0 3 0 0 3 0 0 0 10 20 9 0 14 8 1 7 2 0 0 0 1 2 0 0 1 4 0 1 0 0 0 1 0 0 2 5 0 0 0
0 0 11 0 0 1 3 0 0 1 0 3 5 0 11 2 0 3 0 0 0 0 0 0 8 5 1 0 0 0 0 11 0 3 13 0 0 1 0 13 0
6 0 11 0 0 5 0 13 0 8 0 0 0 6 0 0 0 0 0 4 0 0 0 0 10 6 0 0 0 0 0 17 2 1 8 13 0 0 1 16 7
0 0 0 18 0 0 2 0 1 0 14 28 3 4 3 10 2 5 3 1 0 0 19 2 0 0 0 27 0 11 0 0 0 0 0 0 4 9 4 0 0
1 0 0 17 0 0 0 2 0 0 5 7 0 15 0 0 0 0 2 13 0 0 20 0 0 0 0 28 0 12 0 0 0 0 0 5 1 5 4 0 2
0 0 13 0 0 1 2 0 0 7 0 2 9 0 12 2 0 0 2 0 0 0 0 0 13 0 2 0 0 0 0 20 1 7 10 5 0 0 0 13 0
7 0 6 0 0 5 0 16 0 8 0 0 0 11 0 0 0 0 0 8 0 0 0 0 7 7 0 0 0 0 0 12 1 0 4 15 0 0 1 11 9
4 1 22 0 0 6 0 7 0 10 0 0 1 0 2 0 0 0 0 0 0 0 0 0 14 5 1 0 0 0 0 28 3 3 17 10 0 0 1 27 4
0 0 14 0 0 0 6 0 0 0 7 15 14 0 24 7 0 12 0 0 0 0 0 1 6 2 1 0 0 0 0 10 0 3 18 0 0 2 0 14 0
0 0 12 0 0 0 2 0 0 9 1 8 14 0 16 6 0 0 5 0 0 1 0 0 14 0 4 0 1 0 0 21 0 11 6 6 0 0 2 7 0
0 0 0 9 0 0 1 0 0 0 4 10 1 4 1 3 0 0 2 4 0 0 8 0 0 0 0 13 0 5 0 0 0 0 0 2 1 3 2 0 0
6 0 10 0 0 5 0 13 0 10 0 0 0 7 0 0 0 0 0 5 0 0 0 0 10 3 1 0 0 0 0 17 2 2 5 18 0 0 2 14 8
8 0 6 0 0 6 0 22 0 3 0 0 0 12 0 0 0 0 0 8 0 0 1 0 4 16 0 0 0 0 1 7 2 0 10 7 0 5 0 16 9
0 0 9 0 0 0 5 0 0 0 4 9 7 0 15 4 0 9 0 0 0 0 0 1 3 7 0 0 0 0 0 4 0 1 14 0 0 7 0 11 0
0 0 9 0 1 0 6 0 0 0 16 34 25 0 34 16 1 11 5 0 0 1 0 3 7 0 4 0 0 0 0 9 0 10 5 0 3 0 0 0 0
8 0 9 0 0 5 0 16 0 11 0 0 0 10 0 0 0 0 0 7 0 0 0 0 10 5 0 0 0 0 0 17 2 1 5 18 0 0 1 14 9
0 0 0 13 0 0 3 0 0 0 12 24 4 0 5 8 2 6 2 0 0 0 14 2 0 0 0 20 0 8 0 0 0 0 0 0 4 10 2 0 0
4 0 6 0 0 5 0 16 0 3 0 0 0 7 0 0 0 0 0 4 0 0 0 0 4 13 0 0 0 0 0 7 1 0 10 6 0 5 0 14 6
5 0 16 0 0 4 0 6 0 13 0 0 1 0 2 0 0 0 0 0 0 1 0 0 13 0 1 0 0 0 0 25 3 4 9 17 0 0 2 18 6
5 0 18 0 0 6 0 10 0 8 0 0 0 0 0 0 0 0 0 0 0 0 0 0 12 6 0 0 0 0 0 23 3 1 15 9 0 0 1 23 4
3 0 11 0 0 4 0 9 0 5 0 0 0 2 0 0 0 0 0 0 0 0 0 0 9 8 0 0 0 0 0 14 1 0 12 6 0 0 0 17 3
4 0 0 0 0 5 3 19 1 0 0 0 0 8 0 0 1 3 0 5 0 0 11 0 0 21 0 4 0 3 1 0 0 0 13 0 0 22 0 11 3
0 0 21 0 1 0 6 0 0 4 12 29 31 0 40 15 0 10 6 0 0 2 0 1 14 0 5 0 0 0 0 26 0 16 14 0 0 0 0 8 0
5 0 15 0 0 6 0 13 0 6 0 0 0 1 0 0 0 0 0 0 0 0 0 0 10 10 0 0 0 0 0 19 2 0 15 8 0 0 0 22 5
0 0 15 0 0 2 4 0 0 1 0 0 5 0 11 0 0 5 0 0 0 0 0 0 9 8 1 0 0 0 0 15 0 2 19 0 0 2 0 19 0
0 0 3 4 0 0 4 0 0 0 11 26 17 0 22 13 1 6 5 0 0 0 0 2 5 0 3 0 1 0 0 4 0 8 0 0 2 0 2 0 0
6 0 0 0 0 6 0 21 2 0 0 0 0 12 0 0 0 0 0 7 0 0 10 0 0 20 0 4 0 3 1 0 0 0 10 1 0 17 0 10 6
