0 0 16 0 10 1 0 0 0 0 0 0 0 0 0 0 0 0 0 0 0 0 0 0 0 0 5 0 0 0 0 38 0 0 79 82 0 0 0 80 8
19 2 0 6 0 14 0 0 0 0 0 0 0 0 0 0 0 0 0 0 0 0 1 0 0 0 0 0 0 1 0 66 8 0 9 0 2 8 0 0 0
0 2 8 5 9 6 0 0 0 0 0 0 0 0 0 0 0 0 0 0 0 0 0 0 0 0 1 0 0 0 0 65 0 0 88 75 0 1 0 77 10
28 1 0 8 0 12 0 0 0 0 0 0 0 0 0 0 0 0 0 0 0 0 1 0 0 0 0 0 0 1 0 34 14 4 0 0 2 9 0 0 0
33 0 0 8 0 11 0 0 0 0 0 0 0 0 0 0 0 0 0 0 0 0 1 0 1 0 0 0 0 0 0 16 16 10 0 0 2 8 11 0 0
0 0 17 0 11 0 0 0 0 0 0 0 0 0 0 0 0 0 0 0 0 0 0 0 0 0 7 0 1 0 0 21 0 0 73 81 0 0 0 79 7
0 0 17 0 10 0 0 0 0 0 0 0 0 0 0 0 0 0 0 0 0 0 1 0 0 0 6 1 1 0 0 27 0 0 72 79 0 0 0 76 6
0 0 24 0 11 2 0 0 0 0 0 0 0 0 0 0 0 0 0 0 0 0 0 0 0 0 7 0 1 0 0 35 0 0 87 86 0 0 0 87 8
0 0 4 0 10 0 0 1 0 0 0 0 0 0 0 0 0 0 0 0 0 0 4 0 0 0 5 3 0 1 0 15 0 0 59 76 0 0 0 73 7
0 0 8 0 11 0 0 1 0 0 0 0 0 0 0 0 0 0 0 0 0 0 4 0 0 0 6 2 0 0 0 19 0 0 66 81 0 0 0 78 7
0 0 12 0 11 0 0 1 0 0 0 0 0 0 0 0 0 0 0 0 0 0 0 0 0 1 7 0 0 0 0 12 0 0 66 76 0 0 0 73 8
0 0 20 0 11 0 0 0 0 0 0 0 0 0 0 0 0 0 0 0 0 0 0 0 0 0 7 0 1 0 0 32 0 0 82 86 0 0 0 86 8
0 0 14 0 11 0 0 0 0 0 0 0 0 0 0 0 0 0 0 0 0 0 2 0 0 0 6 0 0 0 0 25 0 0 73 84 0 0 0 82 7
0 0 15 1 11 1 0 0 0 0 0 0 0 0 0 0 0 0 0 0 0 0 0 0 0 0 4 0 0 0 0 43 0 0 84 85 0 0 0 84 9
0 0 6 0 11 0 0 1 0 0 0 0 0 0 0 0 0 0 0 0 0 0 3 0 0 0 7 2 0 0 0 15 0 0 65 82 0 0 0 79 8
0 2 0 2 9 0 0 0 0 0 0 0 0 0 0 0 0 0 0 0 0 0 5 0 0 0 2 1 0 0 0 48 0 0 76 76 0 0 0 74 10
0 0 19 0 11 0 0 0 0 0 0 0 0 0 0 0 0 0 0 0 0 0 0 0 0 0 7 0 1 0 0 25 0 0 77 84 0 0 0 83 8
0 0 23 0 11 2 0 0 0 0 0 0 0 0 0 0 0 0 0 0 0 0 0 0 0 0 6 0 1 0 0 44 0 0 90 89 0 0 0 90 8
0 0 22 0 11 1 0 0 0 0 0 0 0 0 0 0 0 0 0 0 0 0 0 0 0 0 7 0 1 0 0 29 0 0 80 83 0 0 0 83 7
0 0 14 0 10 0 0 1 0 0 0 0 0 0 0 0 0 0 0 0 0 0 0 0 0 0 7 0 1 0 0 18 0 0 67 77 0 0 0 75 7
0 0 0 0 10 0 0 2 0 0 0 0 0 0 0 0 0 0 0 0 1 0 3 0 0 2 8 4 0 0 0 0 0 0 40 64 0 0 0 58 7
0 2 8 5 8 6 0 0 0 0 0 0 0 0 0 0 0 0 0 0 0 0 0 0 0 0 1 0 0 0 0 70 0 0 88 75 0 1 0 78 10
0 0 24 0 11 2 0 0 0 0 0 0 0 0 0 0 0 0 0 0 0 0 0 0 0 0 7 0 1 0 0 33 0 0 85 85 0 0 0 86 8
0 2 5 5 8 4 0 0 0 0 0 0 0 0 0 0 0 0 0 0 0 0 1 0 0 0 1 0 0 0 0 60 0 0 81 70 0 1 0 70 9
0 4 0 6 5 10 0 0 0 0 0 0 0 0 0 0 0 0 0 0 0 0 0 0 0 0 0 0 0 0 0 74 0 0 70 48 0 5 0 50 9
0 0 20 0 10 1 0 0 0 0 0 0 0 0 0 0 0 0 0 0 0 0 0 0 0 0 6 0 1 0 0 32 0 0 75 79 0 0 0 78 6
0 0 23 0 11 2 0 0 0 0 0 0 0 0 0 0 0 0 0 0 0 0 0 0 0 0 6 0 1 0 0 46 0 0 88 87 0 0 0 89 8
0 0 0 0 11 0 0 1 0 0 0 0 0 0 0 0 0 0 0 0 0 0 6 0 0 0 6 3 0 1 0 11 0 0 57 77 0 0 0 73 7
0 0 17 0 10 0 0 0 0 0 0 0 0 0 0 0 0 0 0 0 0 0 0 0 0 0 7 0 1 0 0 21 0 0 71 80 0 0 0 79 6
41 0 0 11 0 5 0 0 0 0 0 0 0 0 0 0 0 0 0 0 0 0 0 0 16 10 0 0 0 0 7 0 22 23 0 0 2 9 41 0 0
0 0 20 0 10 2 0 0 0 0 0 0 0 0 0 0 0 0 0 0 0 0 0 0 0 0 5 0 0 0 0 40 0 0 83 83 0 0 0 83 8
19 1 0 5 0 13 0 0 0 0 0 0 0 0 0 0 0 0 0 0 0 0 2 0 0 0 0 0 0 0 0 64 8 0 7 0 2 8 0 0 0
0 0 20 0 10 0 0 0 0 0 0 0 0 0 0 0 0 0 0 0 0 0 0 0 0 0 6 0 1 0 0 31 0 0 77 82 0 0 0 81 7
0 0 19 0 11 0 0 0 0 0 0 0 0 0 0 0 0 0 0 0 0 0 0 0 0 0 6 0 1 0 0 33 0 0 78 83 0 0 0 82 7
0 0 22 0 11 2 0 0 0 0 0 0 0 0 0 0 0 0 0 0 0 0 0 0 0 0 6 0 1 0 0 38 0 0 83 84 0 0 0 85 7
0 0 12 0 11 0 0 0 0 0 0 0 0 0 0 0 0 0 0 0 0 0 3 0 0 0 6 1 0 0 0 23 0 0 69 81 0 0 0 79 7
0 0 21 0 11 2 0 0 0 0 0 0 0 0 0 0 0 0 0 0 0 0 0 0 0 0 6 0 0 0 0 40 0 0 84 84 0 0 0 84 8
31 0 0 8 0 10 0 0 0 0 0 0 0 0 0 0 0 0 0 0 0 0 0 0 1 0 0 0 0 0 0 13 15 10 0 0 2 8 11 0 0
0 0 22 0 10 1 0 0 0 0 0 0 0 0 0 0 0 0 0 0 0 0 0 0 0 0 6 0 0 0 0 38 0 0 82 82 0 0 0 81 7
0 1 9 1 9 0 0 0 0 0 0 0 0 0 0 0 0 0 0 0 0 0 2 0 0 0 3 0 0 0 0 40 0 0 77 78 0 0 0 75 8
0 2 6 2 10 0 0 0 0 0 0 0 0 0 0 0 0 0 0 0 0 0 2 0 0 0 3 0 0 0 0 45 0 0 80 81 0 0 0 78 9
0 0 16 1 10 3 0 0 0 0 0 0 0 0 0 0 0 0 0 0 0 0 0 0 0 0 4 0 0 0 0 49 0 0 86 83 0 0 0 83 9
7 2 0 4 1 10 0 0 0 0 0 0 0 0 0 0 0 0 0 0 0 0 1 0 0 0 0 0 0 0 0 69 2 0 43 22 1 5 0 23 5
0 0 13 0 11 0 0 1 0 0 0 0 0 0 0 0 0 0 0 0 0 0 0 0 0 0 7 0 1 0 0 15 0 0 70 80 0 0 0 77 8
0 2 3 4 9 2 0 0 0 0 0 0 0 0 0 0 0 0 0 0 0 0 2 0 0 0 2 0 0 0 0 50 0 0 79 75 0 0 0 73 10
0 0 5 0 11 0 0 1 0 0 0 0 0 0 0 0 0 0 0 0 0 0 4 0 0 0 6 3 0 0 0 12 0 0 59 78 0 0 0 75 7
8 2 0 5 2 10 0 0 0 0 0 0 0 0 0 0 0 0 0 0 0 0 3 0 0 0 0 0 0 0 0 70 2 0 45 24 1 5 0 25 5
0 0 19 1 11 0 0 0 0 0 0 0 0 0 0 0 0 0 0 0 0 0 0 0 0 0 8 0 2 0 0 18 0 0 77 80 0 0 0 79 8
4 2 1 6 1 10 0 0 0 0 0 0 0 0 0 0 0 0 0 0 0 0 0 0 0 0 0 0 0 0 0 67 2 0 46 24 1 5 0 27 5
0 0 22 0 11 1 0 0 0 0 0 0 0 0 0 0 0 0 0 0 0 0 0 0 0 0 7 0 1 0 0 34 0 0 85 87 0 0 0 87 8
0 0 23 0 11 1 0 0 0 0 0 0 0 0 0 0 0 0 0 0 0 0 0 0 0 0 7 0 1 0 0 36 0 0 84 86 0 0 0 88 8
0 0 17 0 10 0 0 0 0 0 0 0 0 0 0 0 0 0 0 0 0 0 0 0 0 0 6 1 0 0 0 21 0 0 71 79 0 0 0 78 6
0 0 12 0 10 0 0 0 0 0 0 0 0 0 0 0 0 0 0 0 0 0 2 0 0 0 5 1 0 0 0 21 0 0 69 81 0 0 0 77 7
35 0 0 6 0 10 0 0 0 0 0 0 0 0 0 0 0 0 0 0 0 0 4 0 3 0 0 0 0 0 0 10 17 11 0 0 1 7 14 0 0
46 0 0 16 0 0 0 0 0 0 0 0 1 0 0 0 0 0 0 0 0 0 0 0 30 28 0 0 0 1 13 0 26 30 0 0 1 10 66 0 0
0 0 6 0 11 0 0 1 0 0 0 0 0 0 0 0 0 0 0 0 0 0 4 0 0 0 6 3 0 0 0 15 0 0 63 81 0 0 0 78 7
0 0 21 0 11 2 0 0 0 0 0 0 0 0 0 0 0 0 0 0 0 0 0 0 0 0 6 0 0 0 0 43 0 0 85 85 0 0 0 86 8
0 0 6 0 11 0 0 1 0 0 0 0 0 0 0 0 0 0 0 0 0 0 3 0 0 0 7 2 0 0 0 11 0 0 61 79 0 0 0 76 7
0 0 16 0 11 0 0 0 0 0 0 0 0 0 0 0 0 0 0 0 0 0 0 0 0 0 6 0 1 0 0 24 0 0 75 81 0 0 0 79 7
0 0 24 0 11 2 0 0 0 0 0 0 0 0 0 0 0 0 0 0 0 0 0 0 0 0 7 0 1 0 0 37 0 0 84 85 0 0 0 86 7
19 2 0 6 0 14 0 0 0 0 0 0 0 0 0 0 0 0 0 0 0 0 4 0 0 0 0 0 0 0 0 76 8 0 9 0 2 8 0 0 1
0 0 19 1 10 3 0 0 0 0 0 0 0 0 0 0 0 0 0 0 0 0 0 0 0 0 5 0 0 0 0 49 0 0 88 85 0 0 0 86 9
0 0 6 0 11 0 0 0 0 0 0 0 0 0 0 0 0 0 0 0 0 0 4 0 0 0 5 3 0 0 0 17 0 0 64 80 0 0 0 77 7
0 0 10 0 10 0 0 0 0 0 0 0 0 0 0 0 0 0 0 0 0 0 3 0 0 0 6 2 0 0 0 17 0 0 65 79 0 0 0 76 6
34 0 0 8 0 11 0 0 0 0 0 0 0 0 0 0 0 0 0 0 0 0 2 0 3 0 0 0 0 0 0 11 17 12 0 0 2 8 14 0 0
0 0 20 0 10 2 0 0 0 0 0 0 0 0 0 0 0 0 0 0 0 0 0 0 0 0 5 0 0 0 0 45 0 0 87 85 0 0 0 86 8
17 1 0 6 0 12 0 0 0 0 0 0 0 0 0 0 0 0 0 0 0 0 0 0 0 0 0 0 0 0 0 53 8 0 3 0 2 7 0 0 0
0 0 16 0 10 1 0 0 0 0 0 0 0 0 0 0 0 0 0 0 0 0 0 0 0 0 5 0 1 0 0 46 0 0 85 85 0 0 0 84 8
9 3 0 5 0 13 0 0 0 0 0 0 0 0 0 0 0 0 0 0 0 0 0 0 0 0 0 0 0 0 0 73 4 0 42 13 2 6 0 14 5
0 0 10 0 10 0 0 0 0 0 0 0 0 0 0 0 0 0 0 0 0 0 3 0 0 0 5 1 0 0 0 30 0 0 73 83 0 0 0 79 8
3 3 0 5 2 11 0 0 0 0 0 0 0 0 0 0 0 0 0 0 0 0 0 0 0 0 0 0 0 0 0 72 1 0 55 31 0 6 0 33 7
7 2 1 5 0 13 0 0 0 0 0 0 0 0 0 0 0 0 0 0 0 0 0 0 0 0 0 0 0 0 0 71 3 0 45 17 1 6 0 20 5
0 1 0 0 10 0 0 0 0 0 0 0 0 0 0 0 0 0 0 0 0 0 7 0 0 0 4 3 0 2 0 30 0 0 65 77 0 0 0 75 8
4 2 0 5 1 11 0 0 0 0 0 0 0 0 0 0 0 0 0 0 0 0 0 0 0 0 0 0 0 0 0 68 2 0 49 24 1 6 0 26 6
0 0 22 0 10 2 0 0 0 0 0 0 0 0 0 0 0 0 0 0 0 0 0 0 0 0 6 0 0 0 0 39 0 0 82 82 0 0 0 82 7
0 0 0 0 11 0 0 1 0 0 0 0 0 0 0 0 0 0 0 0 0 0 3 0 0 0 7 3 0 0 0 2 0 0 52 73 0 0 0 69 7
0 0 19 0 10 0 0 0 0 0 0 0 0 0 0 0 0 0 0 0 0 0 0 0 0 0 6 0 1 0 0 24 0 0 74 79 0 0 0 79 7
0 0 17 0 10 0 0 0 0 0 0 0 0 0 0 0 0 0 0 0 0 0 1 0 0 0 5 0 1 0 0 33 0 0 77 81 0 0 0 79 7
0 0 20 0 12 1 0 0 0 0 0 0 0 0 0 0 0 0 0 0 0 0 0 0 0 0 6 0 1 0 0 35 0 0 85 88 0 0 0 87 9
0 0 2 0 10 0 0 1 0 0 0 0 0 0 0 0 0 0 0 0 0 0 2 0 0 1 7 2 0 0 0 3 0 0 55 74 0 0 0 70 7
0 0 0 0 10 0 0 2 0 0 0 0 0 0 0 0 0 0 0 0 1 0 3 0 0 4 8 5 0 1 1 0 0 0 33 61 0 0 0 57 7
0 0 22 0 11 1 0 0 0 0 0 0 0 0 0 0 0 0 0 0 0 0 0 0 0 0 7 0 1 0 0 32 0 0 81 84 0 0 0 84 8
0 3 3 6 8 4 0 0 0 0 0 0 0 0 0 0 0 0 0 0 0 0 0 0 0 0 0 0 0 0 0 60 0 0 79 68 0 1 0 68 10
48 0 0 19 0 0 0 0 0 0 0 0 3 0 0 0 0 0 0 0 0 0 0 0 40 40 0 0 0 1 18 0 28 34 0 0 0 11 82 0 0
0 0 25 0 11 3 0 0 0 0 0 0 0 0 0 0 0 0 0 0 0 0 0 0 0 0 7 0 1 0 0 45 0 0 92 89 0 0 0 92 9
0 0 19 0 11 1 0 0 0 0 0 0 0 0 0 0 0 0 0 0 0 0 0 0 0 0 6 0 1 0 0 34 0 0 80 83 0 0 0 83 7
0 0 22 0 10 2 0 0 0 0 0 0 0 0 0 0 0 0 0 0 0 0 0 0 0 0 6 0 1 0 0 40 0 0 83 82 0 0 0 84 7
0 0 22 0 10 2 0 0 0 0 0 0 0 0 0 0 0 0 0 0 0 0 0 0 0 0 6 0 0 0 0 37 0 0 80 80 0 0 0 81 7
0 0 20 0 10 2 0 0 0 0 0 0 0 0 0 0 0 0 0 0 0 0 0 0 0 0 5 0 1 0 0 49 0 0 89 87 0 0 0 87 9
0 0 17 0 10 0 0 0 0 0 0 0 0 0 0 0 0 0 0 0 0 0 0 0 0 0 6 0 1 0 0 28 0 0 72 78 0 0 0 77 6
0 1 10 5 9 5 0 0 0 0 0 0 0 0 0 0 0 0 0 0 0 0 0 0 0 0 2 0 0 0 0 64 0 0 87 77 0 0 0 79 9
0 0 10 0 11 0 0 1 0 0 0 0 0 0 0 0 0 0 0 0 0 0 2 0 0 0 6 1 0 0 0 19 0 0 69 81 0 0 0 78 7
0 0 18 0 11 2 0 0 0 0 0 0 0 0 0 0 0 0 0 0 0 0 0 0 0 0 6 0 0 0 0 44 0 0 85 85 0 0 0 86 8
0 1 12 2 10 2 0 0 0 0 0 0 0 0 0 0 0 0 0 0 0 0 0 0 0 0 3 0 0 0 0 51 0 0 86 82 0 0 0 81 9
0 1 7 3 10 1 0 0 0 0 0 0 0 0 0 0 0 0 0 0 0 0 2 0 0 0 3 0 0 0 0 47 0 0 79 79 0 0 0 78 9
0 0 17 0 10 0 0 0 0 0 0 0 0 0 0 0 0 0 0 0 0 0 1 0 0 0 6 1 0 0 0 21 0 0 70 79 0 0 0 77 6
0 0 23 0 10 1 0 0 0 0 0 0 0 0 0 0 0 0 0 0 0 0 0 0 0 0 6 0 1 0 0 33 0 0 80 81 0 0 0 81 6
0 0 16 0 11 0 0 0 0 0 0 0 0 0 0 0 0 0 0 0 0 0 0 0 0 0 6 0 1 0 0 24 0 0 74 81 0 0 0 79 7
0 0 19 0 10 0 0 0 0 0 0 0 0 0 0 0 0 0 0 0 0 0 0 0 0 0 6 0 1 0 0 31 0 0 76 82 0 0 0 81 7
0 0 7 0 11 0 0 1 0 0 0 0 0 0 0 0 0 0 0 0 0 0 2 0 0 0 7 1 0 0 0 10 0 0 62 78 0 0 0 74 7
0 0 14 1 11 0 0 1 0 0 0 0 0 0 0 0 0 0 0 0 0 0 0 0 0 0 8 0 2 0 0 14 0 0 71 79 0 0 0 77 9
0 0 17 0 10 1 0 0 0 0 0 0 0 0 0 0 0 0 0 0 0 0 0 0 0 0 5 0 0 0 0 41 0 0 82 84 0 0 0 83 8
0 0 15 1 11 0 0 0 0 0 0 0 0 0 0 0 0 0 0 0 0 0 0 0 0 0 8 0 1 0 0 14 0 0 71 78 0 0 0 76 8
0 0 15 0 10 0 0 0 0 0 0 0 0 0 0 0 0 0 0 0 0 0 1 0 0 0 6 1 1 0 0 21 0 0 69 79 0 0 0 77 7
9 2 0 5 0 12 0 0 0 0 0 0 0 0 0 0 0 0 0 0 0 0 0 0 0 0 0 0 0 0 0 67 4 0 36 10 1 7 0 12 3
24 1 0 7 0 13 0 0 0 0 0 0 0 0 0 0 0 0 0 0 0 0 0 0 0 0 0 0 0 0 0 48 11 2 0 0 2 9 0 0 0
0 0 18 0 11 0 0 0 0 0 0 0 0 0 0 0 0 0 0 0 0 0 0 0 0 0 6 0 1 0 0 29 0 0 79 84 0 0 0 82 8
0 0 15 0 10 0 0 0 0 0 0 0 0 0 0 0 0 0 0 0 0 0 1 0 0 0 6 0 1 0 0 24 0 0 73 82 0 0 0 79 7
0 0 11 0 10 0 0 0 0 0 0 0 0 0 0 0 0 0 0 0 0 0 3 0 0 0 5 1 0 0 0 26 0 0 71 81 0 0 0 78 7
0 0 7 0 11 0 0 1 0 0 0 0 0 0 0 0 0 0 0 0 0 0 0 0 0 2 8 1 1 0 0 4 0 0 58 74 0 0 0 72 7
0 0 21 0 11 1 0 0 0 0 0 0 0 0 0 0 0 0 0 0 0 0 0 0 0 0 6 0 1 0 0 34 0 0 81 84 0 0 0 83 7
0 0 15 2 10 3 0 0 0 0 0 0 0 0 0 0 0 0 0 0 0 0 0 0 0 0 4 0 1 0 0 55 0 0 89 83 0 0 0 84 9
11 2 0 5 0 12 0 0 0 0 0 0 0 0 0 0 0 0 0 0 0 0 1 0 0 0 0 0 0 0 0 72 4 0 39 14 1 6 0 16 4
0 0 11 0 11 0 0 0 0 0 0 0 0 0 0 0 0 0 0 0 0 0 2 0 0 0 5 1 0 0 0 30 0 0 75 82 0 0 0 80 8
39 0 0 11 0 5 0 0 0 0 0 0 0 0 0 0 0 0 0 0 0 0 0 0 15 10 0 0 0 0 6 0 20 22 0 0 1 8 39 0 0
0 2 3 5 7 4 0 0 0 0 0 0 0 0 0 0 0 0 0 0 0 0 1 0 0 0 0 0 0 0 0 59 0 0 76 66 0 1 0 65 9
0 0 2 0 10 0 0 0 0 0 0 0 0 0 0 0 0 0 0 0 0 0 5 0 0 0 5 3 0 2 0 17 0 0 61 78 0 0 0 75 7
29 0 0 7 0 9 0 0 0 0 0 0 0 0 0 0 0 0 0 0 0 0 0 0 0 0 0 0 0 0 0 20 13 7 0 0 2 8 5 0 0
0 0 2 0 10 0 0 1 0 0 0 0 0 0 0 0 0 0 0 0 0 0 3 0 0 0 6 2 0 0 0 8 0 0 56 75 0 0 0 71 7
38 0 0 9 0 7 0 0 0 0 0 0 0 0 0 0 0 0 0 0 0 0 0 0 10 3 0 0 0 0 4 0 19 18 0 0 2 8 30 0 0
3 3 0 5 5 7 0 0 0 0 0 0 0 0 0 0 0 0 0 0 0 0 2 0 0 0 0 0 0 0 0 64 0 0 60 44 0 3 0 44 7
0 0 9 0 11 0 0 1 0 0 0 0 0 0 0 0 0 0 0 0 0 0 0 0 0 0 7 0 0 0 0 10 0 0 64 77 0 0 0 74 8
39 0 0 11 0 4 0 0 0 0 0 0 0 0 0 0 0 0 0 0 0 0 0 0 15 10 0 0 0 0 7 0 20 21 0 0 2 8 38 0 0
0 0 19 0 10 2 0 0 0 0 0 0 0 0 0 0 0 0 0 0 0 0 0 0 0 0 5 0 1 0 0 43 0 0 84 83 0 0 0 82 8
0 0 18 1 10 3 0 0 0 0 0 0 0 0 0 0 0 0 0 0 0 0 0 0 0 0 4 0 1 0 0 51 0 0 87 83 0 0 0 83 8
0 0 25 0 11 2 0 0 0 0 0 0 0 0 0 0 0 0 0 0 0 0 0 0 0 0 7 0 1 0 0 36 0 0 85 85 0 0 0 86 7
0 0 17 0 11 0 0 0 0 0 0 0 0 0 0 0 0 0 0 0 0 0 1 0 0 0 6 0 1 0 0 26 0 0 75 81 0 0 0 80 7
0 0 14 0 11 0 0 1 0 0 0 0 0 0 0 0 0 0 0 0 0 0 1 0 0 0 7 0 1 0 0 18 0 0 70 80 0 0 0 77 7
0 0 16 0 11 0 0 0 0 0 0 0 0 0 0 0 0 0 0 0 0 0 0 0 0 0 7 0 1 0 0 18 0 0 72 80 0 0 0 78 8
32 0 0 8 0 9 0 0 0 0 0 0 0 0 0 0 0 0 0 0 0 0 0 0 2 0 0 0 0 0 0 6 15 10 0 0 2 8 14 0 0
36 0 0 9 0 8 0 0 0 0 0 0 0 0 0 0 0 0 0 0 0 0 0 0 8 0 0 0 0 0 3 0 18 16 0 0 2 8 25 0 0
0 0 5 0 10 0 0 0 0 0 0 0 0 0 0 0 0 0 0 0 0 0 5 0 0 0 5 3 0 1 0 25 0 0 66 80 0 0 0 78 8
0 0 19 0 10 0 0 0 0 0 0 0 0 0 0 0 0 0 0 0 0 0 0 0 0 0 6 0 1 0 0 33 0 0 78 83 0 0 0 82 7
0 0 19 0 11 1 0 0 0 0 0 0 0 0 0 0 0 0 0 0 0 0 0 0 0 0 6 0 1 0 0 38 0 0 81 84 0 0 0 84 8
0 1 2 0 10 0 0 0 0 0 0 0 0 0 0 0 0 0 0 0 0 0 5 0 0 0 3 2 0 0 0 35 0 0 75 82 0 0 0 78 10
36 0 0 10 0 7 0 0 0 0 0 0 0 0 0 0 0 0 0 0 0 0 0 0 10 2 0 0 0 0 4 0 18 17 0 0 2 8 29 0 0
28 1 0 7 0 11 0 0 0 0 0 0 0 0 0 0 0 0 0 0 0 0 0 0 0 0 0 0 0 0 0 28 13 6 0 0 2 9 4 0 0
0 0 22 0 11 1 0 0 0 0 0 0 0 0 0 0 0 0 0 0 0 0 0 0 0 0 7 0 1 0 0 33 0 0 84 86 0 0 0 86 8
0 0 23 0 11 1 0 0 0 0 0 0 0 0 0 0 0 0 0 0 0 0 0 0 0 0 7 0 1 0 0 29 0 0 81 83 0 0 0 83 7
38 0 0 6 0 10 0 0 0 0 0 0 0 0 0 0 0 0 0 0 0 0 3 0 4 0 0 0 0 0 0 4 18 14 0 0 2 7 18 0 0
0 0 16 2 10 2 0 0 0 0 0 0 0 0 0 0 0 0 0 0 0 0 0 0 0 0 4 0 0 0 0 50 0 0 87 83 0 0 0 83 8
0 0 17 1 10 2 0 0 0 0 0 0 0 0 0 0 0 0 0 0 0 0 0 0 0 0 4 0 1 0 0 49 0 0 88 85 0 0 0 84 9
0 0 2 0 11 0 0 1 0 0 0 0 0 0 0 0 0 0 0 0 0 0 3 0 0 0 7 2 0 0 0 10 0 0 59 77 0 0 0 73 8
0 0 15 0 11 0 0 0 0 0 0 0 0 0 0 0 0 0 0 0 0 0 1 0 0 0 5 0 0 0 0 27 0 0 73 82 0 0 0 79 7
0 0 19 0 10 1 0 0 0 0 0 0 0 0 0 0 0 0 0 0 0 0 0 0 0 0 5 0 0 0 0 35 0 0 78 81 0 0 0 79 7
0 0 14 2 10 2 0 0 0 0 0 0 0 0 0 0 0 0 0 0 0 0 0 0 0 0 4 0 0 0 0 51 0 0 87 85 0 0 0 84 9
0 1 10 3 9 3 0 0 0 0 0 0 0 0 0 0 0 0 0 0 0 0 1 0 0 0 3 0 0 0 0 54 0 0 84 78 0 0 0 77 9
63 0 0 31 0 0 0 0 0 0 0 0 5 0 0 0 0 0 0 0 0 0 0 0 71 78 0 0 0 0 32 0 40 52 0 0 0 15 139 0 0
0 2 7 5 9 4 0 0 0 0 0 0 0 0 0 0 0 0 0 0 0 0 0 0 0 0 1 0 0 0 0 58 0 0 84 74 0 0 0 75 10
0 0 22 0 10 3 0 0 0 0 0 0 0 0 0 0 0 0 0 0 0 0 0 0 0 0 6 0 1 0 0 43 0 0 86 83 0 0 0 83 8
0 0 19 0 11 0 0 0 0 0 0 0 0 0 0 0 0 0 0 0 0 0 0 0 0 0 7 0 1 0 0 24 0 0 77 82 0 0 0 81 7
0 0 21 0 11 1 0 0 0 0 0 0 0 0 0 0 0 0 0 0 0 0 0 0 0 0 6 0 0 0 0 37 0 0 81 83 0 0 0 84 7
39 0 0 10 0 5 0 0 0 0 0 0 0 0 0 0 0 0 0 0 0 0 0 0 16 10 0 0 0 0 7 0 21 22 0 0 2 8 40 0 0
0 0 21 0 11 2 0 0 0 0 0 0 0 0 0 0 0 0 0 0 0 0 0 0 0 0 6 0 1 0 0 40 0 0 84 85 0 0 0 85 8
0 1 12 1 10 1 0 0 0 0 0 0 0 0 0 0 0 0 0 0 0 0 1 0 0 0 4 0 0 0 0 42 0 0 79 79 0 0 0 78 8
0 0 13 0 11 0 0 1 0 0 0 0 0 0 0 0 0 0 0 0 0 0 0 0 0 0 7 0 0 0 0 17 0 0 72 81 0 0 0 78 8
0 0 12 3 10 2 0 0 0 0 0 0 0 0 0 0 0 0 0 0 0 0 1 0 0 0 3 0 0 0 0 50 0 0 82 80 0 0 0 80 9
0 0 13 0 11 0 0 0 0 0 0 0 0 0 0 0 0 0 0 0 0 0 3 0 0 0 5 1 0 0 0 30 0 0 75 86 0 0 0 82 8
0 0 4 0 10 0 0 1 0 0 0 0 0 0 0 0 0 0 0 0 0 0 3 0 0 0 7 2 0 0 0 7 0 0 58 77 0 0 0 72 7
0 0 17 0 10 0 0 0 0 0 0 0 0 0 0 0 0 0 0 0 0 0 1 0 0 0 5 0 0 0 0 33 0 0 75 81 0 0 0 80 7
0 1 5 0 10 0 0 0 0 0 0 0 0 0 0 0 0 0 0 0 0 0 5 0 0 0 4 2 0 0 0 35 0 0 73 80 0 0 0 77 9
0 1 0 0 10 0 0 0 0 0 0 0 0 0 0 0 0 0 0 0 0 0 7 0 0 0 5 3 0 2 0 23 0 0 65 81 0 0 0 77 8
0 2 7 4 8 6 0 0 0 0 0 0 0 0 0 0 0 0 0 0 0 0 0 0 0 0 1 0 0 0 0 66 0 0 82 68 0 2 0 71 9
0 0 22 0 11 2 0 0 0 0 0 0 0 0 0 0 0 0 0 0 0 0 0 0 0 0 7 0 1 0 0 34 0 0 81 82 0 0 0 83 7
0 0 3 0 11 0 0 1 0 0 0 0 0 0 0 0 0 0 0 0 0 0 0 0 0 1 7 2 0 0 0 4 0 0 55 71 0 0 0 68 8
0 2 7 6 8 5 0 0 0 0 0 0 0 0 0 0 0 0 0 0 0 0 0 0 0 0 1 0 0 0 0 66 0 0 87 75 0 1 0 76 10
0 0 19 0 11 0 0 0 0 0 0 0 0 0 0 0 0 0 0 0 0 0 0 0 0 0 6 0 1 0 0 34 0 0 81 85 0 0 0 85 8
0 0 16 2 10 3 0 0 0 0 0 0 0 0 0 0 0 0 0 0 0 0 0 0 0 0 4 0 1 0 0 55 0 0 91 85 0 0 0 86 9
0 0 23 0 10 1 0 0 0 0 0 0 0 0 0 0 0 0 0 0 0 0 0 0 0 0 6 0 1 0 0 35 0 0 82 83 0 0 0 83 7
0 0 3 0 11 0 0 1 0 0 0 0 0 0 0 0 0 0 0 0 0 0 5 0 0 0 7 3 0 0 0 11 0 0 58 78 0 0 0 74 7
0 0 21 0 10 1 0 0 0 0 0 0 0 0 0 0 0 0 0 0 0 0 0 0 0 0 6 0 0 0 0 32 0 0 77 80 0 0 0 80 6
0 0 20 0 10 1 0 0 0 0 0 0 0 0 0 0 0 0 0 0 0 0 0 0 0 0 6 0 1 0 0 32 0 0 79 81 0 0 0 81 7
0 0 20 0 10 3 0 0 0 0 0 0 0 0 0 0 0 0 0 0 0 0 0 0 0 0 5 0 1 0 0 48 0 0 86 83 0 0 0 84 8
34 0 0 9 0 8 0 0 0 0 0 0 0 0 0 0 0 0 0 0 0 0 0 0 7 0 0 0 0 0 2 0 16 15 0 0 2 7 22 0 0
0 0 14 0 10 0 0 0 0 0 0 0 0 0 0 0 0 0 0 0 0 0 1 0 0 0 5 0 0 0 0 34 0 0 77 82 0 0 0 80 8
0 0 13 0 11 1 0 0 0 0 0 0 0 0 0 0 0 0 0 0 0 0 1 0 0 0 4 0 1 0 0 43 0 0 81 84 0 0 0 82 9
33 0 0 8 0 9 0 0 0 0 0 0 0 0 0 0 0 0 0 0 0 0 0 0 4 0 0 0 0 0 1 0 16 13 0 0 2 8 17 0 0
0 0 7 0 11 0 0 1 0 0 0 0 0 0 0 0 0 0 0 0 0 0 3 0 0 0 7 2 0 0 0 7 0 0 59 79 0 0 0 75 7
0 2 1 5 5 7 0 0 0 0 0 0 0 0 0 0 0 0 0 0 0 0 1 0 0 0 0 0 0 0 0 65 0 0 65 50 0 3 0 50 8
22 1 0 6 0 12 0 0 0 0 0 0 0 0 0 0 0 0 0 0 0 0 0 0 0 0 0 0 0 1 0 51 10 0 0 0 2 8 0 0 0
0 2 0 3 8 3 0 0 0 0 0 0 0 0 0 0 0 0 0 0 0 0 6 0 0 0 0 0 0 0 0 52 0 0 64 59 0 0 0 60 8
0 1 12 3 9 2 0 0 0 0 0 0 0 0 0 0 0 0 0 0 0 0 0 0 0 0 3 0 0 0 0 53 0 0 85 79 0 0 0 79 8
0 0 8 0 11 0 0 1 0 0 0 0 0 0 0 0 0 0 0 0 0 0 1 0 0 0 7 1 0 0 0 12 0 0 61 75 0 0 0 72 8
32 0 0 8 0 7 0 0 0 0 0 0 0 0 0 0 0 0 0 0 0 0 0 0 6 0 0 0 0 1 2 0 16 13 0 0 2 7 19 0 0
0 0 19 0 10 0 0 0 0 0 0 0 0 0 0 0 0 0 0 0 0 0 0 0 0 0 6 0 1 0 0 28 0 0 76 81 0 0 0 79 7
0 0 8 0 11 0 0 0 0 0 0 0 0 0 0 0 0 0 0 0 0 0 3 0 0 0 6 1 0 0 0 19 0 0 66 80 0 0 0 78 7
0 0 0 4 11 0 0 2 0 0 0 0 0 0 0 0 0 0 0 0 0 0 0 0 0 5 10 2 1 0 1 0 0 0 48 70 0 0 0 65 9
0 0 19 1 10 3 0 0 0 0 0 0 0 0 0 0 0 0 0 0 0 0 0 0 0 0 5 0 0 0 0 50 0 0 87 84 0 0 0 86 8
0 1 7 0 10 0 0 0 0 0 0 0 0 0 0 0 0 0 0 0 0 0 3 0 0 0 4 1 0 0 0 35 0 0 75 81 0 0 0 78 8
0 0 20 0 11 2 0 0 0 0 0 0 0 0 0 0 0 0 0 0 0 0 0 0 0 0 6 0 1 0 0 44 0 0 86 86 0 0 0 87 8
0 0 12 0 11 0 0 0 0 0 0 0 0 0 0 0 0 0 0 0 0 0 2 0 0 0 4 1 0 0 0 36 0 0 77 83 0 0 0 81 8
10 2 0 5 0 13 0 0 0 0 0 0 0 0 0 0 0 0 0 0 0 0 0 0 0 0 0 0 0 0 0 69 4 0 35 7 1 7 0 10 3
0 0 12 0 10 0 0 0 0 0 0 0 0 0 0 0 0 0 0 0 0 0 2 0 0 0 5 1 0 0 0 30 0 0 72 80 0 0 0 77 7
0 2 7 6 9 4 0 0 0 0 0 0 0 0 0 0 0 0 0 0 0 0 0 0 0 0 2 0 0 0 0 62 0 0 87 78 0 0 0 78 10
0 0 22 0 10 1 0 0 0 0 0 0 0 0 0 0 0 0 0 0 0 0 0 0 0 0 7 0 1 0 0 28 0 0 76 79 0 0 0 79 6
24 1 0 6 0 13 0 0 0 0 0 0 0 0 0 0 0 0 0 0 0 0 1 0 0 0 0 0 0 0 0 51 10 1 0 0 2 9 0 0 0
46 0 0 17 0 0 0 0 0 0 0 0 1 0 0 0 0 0 0 0 0 0 0 0 33 33 0 0 0 0 15 0 26 31 0 0 1 10 71 0 0
0 1 1 0 10 0 0 0 0 0 0 0 0 0 0 0 0 0 0 0 0 0 6 0 0 0 4 2 0 1 0 33 0 0 67 77 0 0 0 75 8
0 0 24 0 11 1 0 0 0 0 0 0 0 0 0 0 0 0 0 0 0 0 0 0 0 0 7 0 1 0 0 33 0 0 84 83 0 0 0 83 7
0 0 23 0 11 2 0 0 0 0 0 0 0 0 0 0 0 0 0 0 0 0 0 0 0 0 7 0 1 0 0 35 0 0 83 84 0 0 0 84 8
0 2 2 5 6 8 0 0 0 0 0 0 0 0 0 0 0 0 0 0 0 0 0 0 0 0 0 0 0 0 0 65 0 0 73 56 0 2 0 56 9
0 0 21 0 11 1 0 0 0 0 0 0 0 0 0 0 0 0 0 0 0 0 0 0 0 0 7 0 1 0 0 29 0 0 80 82 0 0 0 82 7
0 2 11 4 9 4 0 0 0 0 0 0 0 0 0 0 0 0 0 0 0 0 0 0 0 0 2 0 0 0 0 57 0 0 86 76 0 0 0 76 8
38 0 0 9 0 6 0 0 0 0 0 0 0 0 0 0 0 0 0 0 0 0 0 0 12 6 0 0 0 0 5 0 19 20 0 0 2 7 33 0 0
0 0 22 0 11 1 0 0 0 0 0 0 0 0 0 0 0 0 0 0 0 0 0 0 0 0 7 0 1 0 0 33 0 0 83 84 0 0 0 85 7
0 0 10 0 10 0 0 0 0 0 0 0 0 0 0 0 0 0 0 0 0 0 3 0 0 0 6 1 0 0 0 19 0 0 67 80 0 0 0 77 7
0 0 2 0 11 0 0 1 0 0 0 0 0 0 0 0 0 0 0 0 0 0 2 0 0 0 7 2 0 0 0 3 0 0 56 74 0 0 0 71 7
0 0 4 0 10 0 0 0 0 0 0 0 0 0 0 0 0 0 0 0 0 0 5 0 0 0 5 2 0 0 0 22 0 0 66 80 0 0 0 77 8
7 2 0 5 0 12 0 0 0 0 0 0 0 0 0 0 0 0 0 0 0 0 0 0 0 0 0 0 0 0 0 69 3 0 42 18 1 6 0 20 5
0 0 0 0 10 0 0 1 0 0 0 0 0 0 0 0 0 0 0 0 0 0 7 0 0 0 5 3 0 2 0 13 0 0 54 72 0 0 0 69 7
0 0 17 0 10 0 0 0 0 0 0 0 0 0 0 0 0 0 0 0 0 0 1 0 0 0 6 0 1 0 0 25 0 0 72 81 0 0 0 79 7
0 0 20 0 10 1 0 0 0 0 0 0 0 0 0 0 0 0 0 0 0 0 0 0 0 0 6 0 0 0 0 36 0 0 81 82 0 0 0 81 7
0 2 9 5 9 3 0 0 0 0 0 0 0 0 0 0 0 0 0 0 0 0 0 0 0 0 2 0 0 0 0 55 0 0 86 77 0 0 0 78 9
0 0 10 0 10 0 0 0 0 0 0 0 0 0 0 0 0 0 0 0 0 0 3 0 0 0 5 1 0 0 0 27 0 0 71 81 0 0 0 79 7
0 2 5 6 7 5 0 0 0 0 0 0 0 0 0 0 0 0 0 0 0 0 0 0 0 0 1 0 0 0 0 60 0 0 77 65 0 1 0 64 8
0 1 14 3 9 3 0 0 0 0 0 0 0 0 0 0 0 0 0 0 0 0 0 0 0 0 3 0 0 0 0 54 0 0 86 79 0 0 0 79 9
29 0 0 6 0 11 0 0 0 0 0 0 0 0 0 0 0 0 0 0 0 0 3 0 0 0 0 0 0 1 0 33 13 6 0 0 2 8 1 0 0
0 0 8 0 10 0 0 0 0 0 0 0 0 0 0 0 0 0 0 0 0 0 3 0 0 0 6 2 0 0 0 14 0 0 62 77 0 0 0 74 6
0 0 12 0 10 0 0 1 0 0 0 0 0 0 0 0 0 0 0 0 0 0 2 0 0 0 6 1 0 0 0 18 0 0 66 79 0 0 0 77 6
46 0 0 13 0 1 0 0 0 0 0 0 1 0 0 0 0 0 0 0 0 0 1 0 25 22 0 0 0 1 11 0 24 27 0 0 1 9 57 0 0
0 0 20 0 11 0 0 0 0 0 0 0 0 0 0 0 0 0 0 0 0 0 0 0 0 0 7 0 1 0 0 25 0 0 78 82 0 0 0 81 7
0 0 20 1 11 1 0 0 0 0 0 0 0 0 0 0 0 0 0 0 0 0 0 0 0 0 8 0 1 0 0 22 0 0 79 81 0 0 0 81 8
0 0 0 0 11 0 0 1 0 0 0 0 0 0 0 0 0 0 0 0 0 0 4 0 0 0 6 3 0 0 0 12 0 0 59 77 0 0 0 72 8
0 0 24 0 11 2 0 0 0 0 0 0 0 0 0 0 0 0 0 0 0 0 0 0 0 0 7 0 1 0 0 41 0 0 90 89 0 0 0 90 8
49 0 0 19 0 0 0 0 0 0 0 0 2 0 0 0 0 0 0 0 0 0 0 0 38 38 0 0 0 0 17 0 29 34 0 0 0 10 81 0 0
0 0 3 0 10 0 0 0 0 0 0 0 0 0 0 0 0 0 0 0 0 0 5 0 0 0 5 3 0 1 0 22 0 0 66 81 0 0 0 77 8
0 0 18 0 10 1 0 0 0 0 0 0 0 0 0 0 0 0 0 0 0 0 0 0 0 0 5 0 0 0 0 35 0 0 77 81 0 0 0 79 7
0 0 20 0 11 0 0 0 0 0 0 0 0 0 0 0 0 0 0 0 0 0 0 0 0 0 7 0 1 0 0 25 0 0 76 81 0 0 0 80 7
0 0 9 0 11 0 0 1 0 0 0 0 0 0 0 0 0 0 0 0 0 0 3 0 0 0 6 2 0 0 0 17 0 0 69 81 0 0 0 79 7
0 0 20 0 10 1 0 0 0 0 0 0 0 0 0 0 0 0 0 0 0 0 0 0 0 0 6 0 1 0 0 35 0 0 79 81 0 0 0 80 7
0 0 12 0 11 0 0 1 0 0 0 0 0 0 0 0 0 0 0 0 0 0 1 0 0 0 7 1 0 0 0 13 0 0 67 79 0 0 0 76 7
0 0 11 0 11 0 0 0 0 0 0 0 0 0 0 0 0 0 0 0 0 0 3 0 0 0 5 1 1 0 0 30 0 0 74 83 0 0 0 80 8
0 0 19 0 10 1 0 0 0 0 0 0 0 0 0 0 0 0 0 0 0 0 0 0 0 0 6 0 1 0 0 35 0 0 80 82 0 0 0 81 7
0 0 7 0 11 0 0 1 0 0 0 0 0 0 0 0 0 0 0 0 0 0 3 0 0 0 7 1 0 0 0 13 0 0 64 79 0 0 0 76 7
21 1 0 6 0 13 0 0 0 0 0 0 0 0 0 0 0 0 0 0 0 0 0 0 0 0 0 0 0 0 0 53 9 0 0 0 2 8 0 0 0
0 1 8 0 10 0 0 0 0 0 0 0 0 0 0 0 0 0 0 0 0 0 3 0 0 0 4 1 0 0 0 34 0 0 76 83 0 0 0 79 8
0 2 4 3 9 1 0 0 0 0 0 0 0 0 0 0 0 0 0 0 0 0 2 0 0 0 2 0 0 0 0 46 0 0 78 78 0 0 0 76 9
10 3 0 5 0 13 0 0 0 0 0 0 0 0 0 0 0 0 0 0 0 0 0 0 0 0 0 0 0 0 0 73 5 0 36 8 1 8 0 11 4
0 0 18 1 11 2 0 0 0 0 0 0 0 0 0 0 0 0 0 0 0 0 0 0 0 0 5 0 0 0 0 48 0 0 88 85 0 0 0 86 9
0 0 18 0 10 0 0 0 0 0 0 0 0 0 0 0 0 0 0 0 0 0 1 0 0 0 6 0 1 0 0 27 0 0 73 79 0 0 0 77 6
13 2 0 5 0 14 0 0 0 0 0 0 0 0 0 0 0 0 0 0 0 0 0 0 0 0 0 0 0 0 0 75 6 0 30 0 2 8 0 2 3
0 0 11 0 10 0 0 0 0 0 0 0 0 0 0 0 0 0 0 0 0 0 3 0 0 0 5 2 0 0 0 24 0 0 69 83 0 0 0 79 7
0 0 0 0 10 0 0 1 0 0 0 0 0 0 0 0 0 0 0 0 0 0 3 0 0 0 7 4 0 0 0 0 0 0 46 69 0 0 0 64 7
0 1 8 5 8 4 0 0 0 0 0 0 0 0 0 0 0 0 0 0 0 0 0 0 0 0 1 0 0 0 0 61 0 0 82 74 0 0 0 75 9
0 0 23 0 10 2 0 0 0 0 0 0 0 0 0 0 0 0 0 0 0 0 0 0 0 0 7 0 1 0 0 35 0 0 82 83 0 0 0 83 7
21 1 0 6 0 14 0 0 0 0 0 0 0 0 0 0 0 0 0 0 0 0 2 0 0 0 0 0 0 0 0 67 10 0 0 0 2 9 0 0 0
0 0 6 0 11 0 0 1 0 0 0 0 0 0 0 0 0 0 0 0 0 0 2 0 0 0 7 2 0 0 0 11 0 0 63 79 0 0 0 75 7
17 2 0 5 0 15 0 0 0 0 0 0 0 0 0 0 0 0 0 0 0 0 0 0 0 0 0 0 0 0 0 68 8 0 11 0 2 8 0 0 0
0 0 0 0 10 0 0 1 0 0 0 0 0 0 0 0 0 0 0 0 1 0 5 0 0 0 7 4 0 2 0 0 0 0 40 64 0 0 0 60 7
0 0 22 0 11 1 0 0 0 0 0 0 0 0 0 0 0 0 0 0 0 0 0 0 0 0 7 0 1 0 0 31 0 0 81 83 0 0 0 83 7
0 2 0 3 8 1 0 0 0 0 0 0 0 0 0 0 0 0 0 0 0 0 4 0 0 0 1 1 0 0 0 47 0 0 70 70 0 0 0 68 9
0 2 7 3 9 2 0 0 0 0 0 0 0 0 0 0 0 0 0 0 0 0 1 0 0 0 2 0 0 0 0 50 0 0 82 77 0 0 0 77 10
0 0 21 0 10 0 0 0 0 0 0 0 0 0 0 0 0 0 0 0 0 0 0 0 0 0 6 0 0 0 0 29 0 0 76 80 0 0 0 79 6
39 0 0 10 0 7 0 0 0 0 0 0 0 0 0 0 0 0 0 0 0 0 0 0 12 4 0 0 0 0 5 0 20 19 0 0 2 9 33 0 0
0 1 9 5 9 4 0 0 0 0 0 0 0 0 0 0 0 0 0 0 0 0 0 0 0 0 2 0 0 0 0 60 0 0 86 77 0 0 0 77 9
0 0 15 0 10 0 0 0 0 0 0 0 0 0 0 0 0 0 0 0 0 0 1 0 0 0 7 0 0 0 0 20 0 0 72 81 0 0 0 79 7
