0 0 18 20 0 0 0 0 0 0 0 0 0 8 0 0 0 0 0 0 0 0 5 5 28 0 0 0 0 0 0 77 18 0 1 0 0 0 0 9 33
0 11 12 0 0 0 0 0 0 0 0 0 0 0 0 0 0 0 0 0 0 0 21 27 0 1 23 16 0 0 1 0 12 3 14 0 5 0 0 45 0
0 26 19 0 0 0 0 0 0 0 0 0 0 0 0 0 0 0 0 0 0 0 59 42 0 0 45 38 0 0 0 0 0 0 23 0 0 0 0 72 0
0 0 9 0 0 0 0 0 0 0 0 0 0 0 0 0 0 0 0 0 0 0 0 20 0 3 4 0 0 0 3 12 23 7 14 0 8 0 0 31 0
0 0 25 33 0 0 0 0 0 0 0 0 0 9 0 0 0 0 0 0 0 0 0 0 35 0 0 0 0 0 0 94 22 0 0 3 0 0 0 0 41
0 13 13 0 0 0 0 0 0 0 0 0 0 0 0 0 0 0 0 0 0 0 25 28 0 0 26 19 0 0 0 0 10 2 13 0 4 0 0 47 0
0 0 9 0 0 0 0 0 0 0 0 0 0 0 0 0 0 0 0 0 0 0 0 19 0 3 4 0 0 0 3 13 23 7 14 0 8 0 0 31 0
0 0 22 31 0 0 0 0 0 0 0 0 0 10 0 0 0 0 0 0 0 0 0 0 32 0 0 0 0 0 0 87 19 0 0 0 0 0 0 5 40
0 0 11 0 0 0 0 0 0 0 0 0 0 0 0 0 0 0 0 0 0 0 0 19 2 1 0 0 0 0 0 33 22 5 14 0 6 0 0 25 3
0 0 30 36 0 0 0 0 0 0 0 0 0 8 0 0 0 0 0 0 0 0 0 0 40 0 0 0 0 0 0 107 27 0 0 7 0 0 0 0 44
0 26 17 0 0 0 0 0 0 0 0 0 0 0 0 0 0 0 0 0 0 0 56 41 0 0 43 36 0 0 0 0 0 0 22 0 1 0 0 69 0
0 0 9 0 0 0 0 0 0 0 0 0 0 0 0 0 0 0 0 0 0 0 0 20 0 3 6 0 0 0 3 8 23 7 14 0 8 0 0 32 0
0 0 17 15 0 0 0 0 0 0 0 0 0 7 0 0 0 0 0 0 0 0 8 9 27 0 0 0 0 0 0 75 19 0 4 0 0 0 0 10 31
0 12 12 0 0 0 0 0 0 0 0 0 0 0 0 0 0 0 0 0 0 0 24 28 0 0 25 17 0 0 1 0 12 2 14 0 5 0 0 46 0
0 0 12 1 0 0 0 0 0 0 0 0 0 3 0 0 0 0 0 0 0 0 8 17 17 0 0 0 0 0 0 55 18 0 9 0 2 0 0 16 18
0 26 18 0 0 0 0 0 0 0 0 0 0 0 0 0 0 0 0 0 0 0 57 42 0 0 43 37 0 0 0 0 0 0 23 0 0 0 0 70 0
0 0 35 37 0 0 0 0 0 0 0 0 0 5 0 0 0 0 0 0 0 0 0 0 45 2 0 0 0 0 0 118 33 0 0 12 0 0 0 0 46
0 0 14 8 0 0 0 0 0 0 0 0 0 6 0 0 0 0 0 0 0 0 9 13 24 0 0 0 0 0 0 68 19 0 6 0 0 0 0 11 27
0 0 10 0 0 0 0 0 0 0 0 0 0 0 0 0 0 0 0 0 0 0 0 19 5 1 0 0 0 0 0 38 21 4 13 0 6 0 0 23 6
0 0 12 0 0 0 0 0 0 0 0 0 0 0 0 0 0 0 0 0 0 0 5 18 12 0 0 0 0 0 0 49 19 2 11 0 3 0 0 17 12
0 5 10 0 0 0 0 0 0 0 0 0 0 0 0 0 0 0 0 0 0 0 6 21 0 2 14 7 0 0 3 0 18 6 13 0 7 0 0 35 0
0 0 10 0 0 0 0 0 0 0 0 0 0 0 0 0 0 0 0 0 0 0 0 20 0 3 8 0 0 0 4 3 22 7 15 0 9 0 0 33 0
0 0 21 28 0 0 0 0 0 0 0 0 0 9 0 0 0 0 0 0 0 0 1 0 32 0 0 0 0 0 0 85 19 0 0 0 0 0 0 7 38
0 0 15 10 0 0 0 0 0 0 0 0 0 6 0 0 0 0 0 0 0 0 10 12 24 0 0 0 0 0 0 70 19 0 6 0 0 0 0 10 27
0 0 9 0 0 0 0 0 0 0 0 0 0 0 0 0 0 0 0 0 0 0 0 19 0 3 6 0 0 0 4 5 22 8 14 0 9 0 0 32 0
0 0 10 0 0 0 0 0 0 0 0 0 0 0 0 0 0 0 0 0 0 0 0 20 0 2 0 0 0 0 1 28 23 6 14 0 7 0 0 27 1
0 6 11 0 0 0 0 0 0 0 0 0 0 0 0 0 0 0 0 0 0 0 8 24 0 2 15 8 0 0 3 0 19 5 12 0 7 0 0 38 0
0 0 10 0 0 0 0 0 0 0 0 0 0 0 0 0 0 0 0 0 0 0 0 20 3 1 0 0 0 0 0 33 24 5 13 0 7 0 0 27 4
0 27 18 0 0 0 0 0 0 0 0 0 0 0 0 0 0 0 0 0 0 0 60 42 0 0 45 38 0 0 0 0 0 0 23 0 0 0 0 73 0
0 0 21 31 0 0 0 0 0 0 0 0 0 10 0 0 0 0 0 0 0 0 0 0 33 0 0 0 0 0 0 86 20 0 0 2 0 0 0 5 39
0 0 23 33 0 0 0 0 0 0 0 0 0 10 0 0 0 0 0 0 0 0 0 0 34 0 0 0 0 0 0 91 21 0 0 2 0 0 0 3 41
0 0 9 0 0 0 0 0 0 0 0 0 0 0 0 0 0 0 0 0 0 0 0 19 0 3 3 0 0 0 3 14 23 7 13 0 8 0 0 30 0
0 18 16 0 0 0 0 0 0 0 0 0 0 0 0 0 0 0 0 0 0 0 39 34 0 0 33 26 0 0 0 0 4 0 16 0 3 0 0 55 0
0 0 15 10 0 0 0 0 0 0 0 0 0 6 0 0 0 0 0 0 0 0 10 13 24 0 0 0 0 0 0 70 19 0 6 0 0 0 0 10 27
0 0 13 2 0 0 0 0 0 0 0 0 0 3 0 0 0 0 0 0 0 0 9 16 19 0 0 0 0 0 0 60 19 0 8 0 1 0 0 14 21
0 0 34 38 0 0 0 0 0 0 0 0 0 6 0 0 0 0 0 0 0 0 0 0 44 1 0 0 0 0 0 116 32 0 0 11 0 0 0 0 46
0 0 26 34 0 0 0 0 0 0 0 0 0 9 0 0 0 0 0 0 0 0 0 0 35 0 0 0 0 0 0 96 23 0 0 3 0 0 0 0 42
0 12 12 0 0 0 0 0 0 0 0 0 0 0 0 0 0 0 0 0 0 0 22 27 0 0 24 17 0 0 1 0 12 3 13 0 5 0 0 45 0
0 20 18 0 0 0 0 0 0 0 0 0 0 0 0 0 0 0 0 0 0 0 42 35 0 0 36 29 0 0 0 0 0 0 18 0 2 0 0 57 0
0 4 10 0 0 0 0 0 0 0 0 0 0 0 0 0 0 0 0 0 0 0 5 22 0 3 13 6 0 0 3 0 18 6 12 0 7 0 0 35 0
0 0 11 0 0 0 0 0 0 0 0 0 0 1 0 0 0 0 0 0 0 0 6 17 13 0 0 0 0 0 0 50 18 2 10 0 3 0 0 17 15
0 0 11 0 0 0 0 0 0 0 0 0 0 2 0 0 0 0 0 0 0 0 7 17 16 0 0 0 0 0 0 52 18 1 8 0 3 0 0 16 17
0 0 36 37 0 0 0 0 0 0 0 0 0 4 0 0 0 0 0 0 0 0 0 0 47 4 0 0 0 0 0 122 37 0 0 15 0 0 0 0 46
0 1 9 0 0 0 0 0 0 0 0 0 0 0 0 0 0 0 0 0 0 0 0 20 0 3 10 2 0 0 4 0 21 7 14 0 8 0 0 34 0
0 4 10 0 0 0 0 0 0 0 0 0 0 0 0 0 0 0 0 0 0 0 4 22 0 3 13 6 0 0 3 0 19 6 13 0 8 0 0 36 0
0 0 14 6 0 0 0 0 0 0 0 0 0 5 0 0 0 0 0 0 0 0 10 14 22 0 0 0 0 0 0 65 18 0 7 0 0 0 0 11 24
0 3 10 0 0 0 0 0 0 0 0 0 0 0 0 0 0 0 0 0 0 0 1 22 0 4 12 4 0 0 4 0 21 7 14 0 8 0 0 35 0
0 26 18 0 0 0 0 0 0 0 0 0 0 0 0 0 0 0 0 0 0 0 57 42 0 0 44 37 0 0 0 0 0 0 22 0 1 0 0 71 0
0 18 17 0 0 0 0 0 0 0 0 0 0 0 0 0 0 0 0 0 0 0 38 33 0 0 33 26 0 0 0 0 3 0 16 0 3 0 0 54 0
0 0 18 21 0 0 0 0 0 0 0 0 0 9 0 0 0 0 0 0 0 0 6 5 29 0 0 0 0 0 0 78 19 0 1 0 0 0 0 9 34
0 0 19 23 0 0 0 0 0 0 0 0 0 9 0 0 0 0 0 0 0 0 4 4 29 0 0 0 0 0 0 80 18 0 1 0 0 0 0 8 35
0 0 35 38 0 0 0 0 0 0 0 0 0 5 0 0 0 0 0 0 0 0 0 0 45 2 0 0 0 0 0 119 34 0 0 12 0 0 0 0 46
0 0 24 33 0 0 0 0 0 0 0 0 0 10 0 0 0 0 0 0 0 0 0 0 34 0 0 0 0 0 0 91 21 0 0 2 0 0 0 3 40
0 14 14 0 0 0 0 0 0 0 0 0 0 0 0 0 0 0 0 0 0 0 27 30 0 0 27 20 0 0 0 0 9 2 14 0 5 0 0 49 0
0 16 15 0 0 0 0 0 0 0 0 0 0 0 0 0 0 0 0 0 0 0 33 31 0 0 30 23 0 0 0 0 6 0 15 0 3 0 0 51 0
0 0 9 0 0 0 0 0 0 0 0 0 0 0 0 0 0 0 0 0 0 0 0 19 0 2 3 0 0 0 3 19 24 6 14 0 8 0 0 29 0
0 29 18 0 0 0 0 0 0 0 0 0 0 0 0 0 0 0 0 0 0 0 66 45 0 0 48 42 0 0 0 0 0 0 25 0 0 0 0 78 0
0 0 11 0 0 0 0 0 0 0 0 0 0 1 0 0 0 0 0 0 0 0 6 17 13 0 0 0 0 0 0 50 18 2 9 0 3 0 0 17 15
0 13 13 0 0 0 0 0 0 0 0 0 0 0 0 0 0 0 0 0 0 0 26 29 0 0 26 19 0 0 0 0 9 2 14 0 5 0 0 48 0
0 0 25 34 0 0 0 0 0 0 0 0 0 9 0 0 0 0 0 0 0 0 0 0 35 0 0 0 0 0 0 95 22 0 0 3 0 0 0 0 41
0 0 9 0 0 0 0 0 0 0 0 0 0 0 0 0 0 0 0 0 0 0 0 20 0 3 0 0 0 0 2 23 24 7 13 0 8 0 0 29 0
0 4 10 0 0 0 0 0 0 0 0 0 0 0 0 0 0 0 0 0 0 0 2 22 0 3 13 5 0 0 4 0 19 6 14 0 8 0 0 35 0
0 16 15 0 0 0 0 0 0 0 0 0 0 0 0 0 0 0 0 0 0 0 33 31 0 0 30 23 0 0 0 0 6 0 15 0 3 0 0 51 0
0 2 9 0 0 0 0 0 0 0 0 0 0 0 0 0 0 0 0 0 0 0 0 20 0 3 10 2 0 0 4 0 20 7 14 0 8 0 0 32 0
0 0 10 0 0 0 0 0 0 0 0 0 0 0 0 0 0 0 0 0 0 0 0 19 0 2 2 0 0 0 3 20 23 7 15 0 8 0 0 29 0
0 0 11 0 0 0 0 0 0 0 0 0 0 0 0 0 0 0 0 0 0 0 0 19 3 1 0 0 0 0 0 35 22 5 13 0 6 0 0 24 4
0 1 9 0 0 0 0 0 0 0 0 0 0 0 0 0 0 0 0 0 0 0 0 19 0 4 9 1 0 0 5 0 21 8 14 0 9 0 0 32 0
0 16 16 0 0 0 0 0 0 0 0 0 0 0 0 0 0 0 0 0 0 0 34 32 0 0 30 24 0 0 0 0 7 0 15 0 3 0 0 52 0
0 11 12 0 0 0 0 0 0 0 0 0 0 0 0 0 0 0 0 0 0 0 19 27 0 1 23 15 0 0 2 0 13 3 14 0 6 0 0 45 0
0 0 18 24 0 0 0 0 0 0 0 0 0 9 0 0 0 0 0 0 0 0 2 2 30 0 0 0 0 0 0 80 19 0 0 0 0 0 0 8 36
0 0 11 0 0 0 0 0 0 0 0 0 0 0 0 0 0 0 0 0 0 0 0 20 2 1 0 0 0 0 0 32 22 6 14 0 7 0 0 26 2
0 0 35 37 0 0 0 0 0 0 0 0 0 6 0 0 0 0 0 0 0 0 0 0 45 2 0 0 0 0 0 118 33 0 0 12 0 0 0 0 46
0 0 33 37 0 0 0 0 0 0 0 0 0 6 0 0 0 0 0 0 0 0 0 0 43 1 0 0 0 0 0 115 31 0 0 11 0 0 0 0 45
0 0 9 0 0 0 0 0 0 0 0 0 0 0 0 0 0 0 0 0 0 0 0 19 0 2 0 0 0 0 1 27 23 7 13 0 7 0 0 27 1
0 0 11 0 0 0 0 0 0 0 0 0 0 1 0 0 0 0 0 0 0 0 5 18 14 0 0 0 0 0 0 51 19 2 10 0 3 0 0 17 15
0 21 18 0 0 0 0 0 0 0 0 0 0 0 0 0 0 0 0 0 0 0 46 37 0 0 37 31 0 0 0 0 0 0 18 0 2 0 0 61 0
0 0 14 6 0 0 0 0 0 0 0 0 0 4 0 0 0 0 0 0 0 0 10 14 21 0 0 0 0 0 0 64 18 0 7 0 0 0 0 12 23
0 0 9 0 0 0 0 0 0 0 0 0 0 0 0 0 0 0 0 0 0 0 0 20 0 3 5 0 0 0 4 10 23 8 14 0 9 0 0 32 0
0 0 10 0 0 0 0 0 0 0 0 0 0 0 0 0 0 0 0 0 0 0 0 20 2 2 0 0 0 0 1 31 24 6 14 0 7 0 0 27 3
0 0 10 0 0 0 0 0 0 0 0 0 0 0 0 0 0 0 0 0 0 0 0 20 0 3 7 0 0 0 3 9 23 6 15 0 8 0 0 33 0
0 0 10 0 0 0 0 0 0 0 0 0 0 0 0 0 0 0 0 0 0 0 0 19 0 2 0 0 0 0 1 28 23 6 13 0 7 0 0 27 2
0 0 10 0 0 0 0 0 0 0 0 0 0 0 0 0 0 0 0 0 0 0 0 20 0 2 1 0 0 0 2 26 23 6 15 0 7 0 0 27 0
0 2 9 0 0 0 0 0 0 0 0 0 0 0 0 0 0 0 0 0 0 0 0 20 0 3 11 2 0 0 4 0 20 7 14 0 8 0 0 33 0
0 0 18 22 0 0 0 0 0 0 0 0 0 9 0 0 0 0 0 0 0 0 4 4 29 0 0 0 0 0 0 78 19 0 0 0 0 0 0 10 35
0 0 13 3 0 0 0 0 0 0 0 0 0 3 0 0 0 0 0 0 0 0 9 16 19 0 0 0 0 0 0 60 19 0 8 0 1 0 0 14 21
0 0 29 36 0 0 0 0 0 0 0 0 0 8 0 0 0 0 0 0 0 0 0 0 38 0 0 0 0 0 0 104 25 0 0 5 0 0 0 0 44
0 0 37 38 0 0 0 0 0 0 0 0 0 4 0 0 0 0 0 0 0 0 0 0 48 4 0 0 0 0 0 125 37 0 0 15 0 0 0 0 47
0 0 29 36 0 0 0 0 0 0 0 0 0 8 0 0 0 0 0 0 0 0 0 0 39 0 0 0 0 0 0 104 27 0 0 7 0 0 0 0 43
0 0 35 38 0 0 0 0 0 0 0 0 0 5 0 0 0 0 0 0 0 0 0 0 46 2 0 0 0 0 0 119 34 0 0 13 0 0 0 0 47
0 0 15 11 0 0 0 0 0 0 0 0 0 6 0 0 0 0 0 0 0 0 9 11 25 0 0 0 0 0 0 71 19 0 5 0 0 0 0 11 29
0 0 18 21 0 0 0 0 0 0 0 0 0 9 0 0 0 0 0 0 0 0 5 4 29 0 0 0 0 0 0 79 19 0 1 0 0 0 0 8 35
0 0 45 41 0 0 0 0 0 0 0 0 0 1 0 0 0 0 0 0 0 0 0 0 57 8 0 0 0 0 0 144 44 0 0 21 0 0 1 0 53
0 0 11 0 0 0 0 0 0 0 0 0 0 0 0 0 0 0 0 0 0 0 5 18 12 0 0 0 0 0 0 48 20 2 11 0 4 0 0 19 13
0 6 10 0 0 0 0 0 0 0 0 0 0 0 0 0 0 0 0 0 0 0 8 22 0 2 16 8 0 0 3 0 17 5 13 0 7 0 0 36 0
0 2 10 0 0 0 0 0 0 0 0 0 0 0 0 0 0 0 0 0 0 0 0 20 0 4 10 2 0 0 4 0 21 7 14 0 8 0 0 33 0
0 0 20 29 0 0 0 0 0 0 0 0 0 10 0 0 0 0 0 0 0 0 0 0 31 0 0 0 0 0 0 84 19 0 0 0 0 0 0 7 39
0 0 35 38 0 0 0 0 0 0 0 0 0 5 0 0 0 0 0 0 0 0 0 0 45 2 0 0 0 0 0 117 33 0 0 13 0 0 0 0 45
0 4 10 0 0 0 0 0 0 0 0 0 0 0 0 0 0 0 0 0 0 0 4 22 0 3 14 6 0 0 3 0 20 6 13 0 8 0 0 37 0
0 0 18 20 0 0 0 0 0 0 0 0 0 8 0 0 0 0 0 0 0 0 6 6 28 0 0 0 0 0 0 79 19 0 3 0 0 0 0 8 33
0 0 9 0 0 0 0 0 0 0 0 0 0 0 0 0 0 0 0 0 0 0 0 19 0 3 5 0 0 0 4 8 22 7 14 0 8 0 0 31 0
0 0 29 36 0 0 0 0 0 0 0 0 0 9 0 0 0 0 0 0 0 0 0 0 38 0 0 0 0 0 0 103 25 0 0 6 0 0 0 0 43
0 0 10 0 0 0 0 0 0 0 0 0 0 0 0 0 0 0 0 0 0 0 0 20 0 2 2 0 0 0 2 23 24 6 15 0 8 0 0 29 0
0 0 15 12 0 0 0 0 0 0 0 0 0 7 0 0 0 0 0 0 0 0 10 11 25 0 0 0 0 0 0 71 19 0 4 0 0 0 0 10 28
0 0 15 12 0 0 0 0 0 0 0 0 0 7 0 0 0 0 0 0 0 0 8 11 25 0 0 0 0 0 0 72 19 0 4 0 0 0 0 11 29
0 15 14 0 0 0 0 0 0 0 0 0 0 0 0 0 0 0 0 0 0 0 31 31 0 0 29 22 0 0 0 0 8 0 15 0 4 0 0 51 0
0 0 25 33 0 0 0 0 0 0 0 0 0 9 0 0 0 0 0 0 0 0 0 0 34 0 0 0 0 0 0 93 22 0 0 2 0 0 0 1 41
0 0 44 41 0 0 0 0 0 0 0 0 0 2 0 0 0 0 0 0 0 0 0 0 57 8 0 0 0 0 0 144 44 0 0 21 0 0 1 0 54
0 0 22 32 0 0 0 0 0 0 0 0 0 10 0 0 0 0 0 0 0 0 0 0 33 0 0 0 0 0 0 88 20 0 0 1 0 0 0 6 40
0 0 10 0 0 0 0 0 0 0 0 0 0 0 0 0 0 0 0 0 0 0 4 18 11 0 0 0 0 0 0 46 20 3 11 0 4 0 0 20 12
0 0 29 37 0 0 0 0 0 0 0 0 0 9 0 0 0 0 0 0 0 0 0 0 39 0 0 0 0 0 0 105 26 0 0 6 0 0 0 0 44
0 0 9 0 0 0 0 0 0 0 0 0 0 0 0 0 0 0 0 0 0 0 0 19 0 3 3 0 0 0 3 18 24 6 14 0 8 0 0 30 0
0 6 10 0 0 0 0 0 0 0 0 0 0 0 0 0 0 0 0 0 0 0 8 23 0 2 15 8 0 0 3 0 19 5 13 0 7 0 0 38 0
0 0 10 0 0 0 0 0 0 0 0 0 0 0 0 0 0 0 0 0 0 0 1 19 6 0 0 0 0 0 0 39 21 4 12 0 5 0 0 22 7
0 0 11 0 0 0 0 0 0 0 0 0 0 3 0 0 0 0 0 0 0 0 7 17 17 0 0 0 0 0 0 56 19 0 9 0 3 0 0 15 18
0 0 11 0 0 0 0 0 0 0 0 0 0 0 0 0 0 0 0 0 0 0 2 19 8 0 0 0 0 0 0 42 21 4 13 0 5 0 0 21 8
0 5 10 0 0 0 0 0 0 0 0 0 0 0 0 0 0 0 0 0 0 0 5 23 0 3 14 7 0 0 3 0 19 6 13 0 8 0 0 37 0
0 0 11 0 0 0 0 0 0 0 0 0 0 0 0 0 0 0 0 0 0 0 0 20 0 2 0 0 0 0 1 26 24 6 14 0 7 0 0 28 0
0 11 12 0 0 0 0 0 0 0 0 0 0 0 0 0 0 0 0 0 0 0 20 27 0 1 22 15 0 0 1 0 13 3 13 0 5 0 0 44 0
0 0 10 0 0 0 0 0 0 0 0 0 0 0 0 0 0 0 0 0 0 0 0 19 6 1 0 0 0 0 0 38 22 4 12 0 6 0 0 23 7
0 0 17 17 0 0 0 0 0 0 0 0 0 8 0 0 0 0 0 0 0 0 7 7 27 0 0 0 0 0 0 76 19 0 3 0 0 0 0 9 32
0 0 10 0 0 0 0 0 0 0 0 0 0 0 0 0 0 0 0 0 0 0 0 19 6 0 0 0 0 0 0 39 22 4 13 0 6 0 0 22 7
0 0 13 5 0 0 0 0 0 0 0 0 0 5 0 0 0 0 0 0 0 0 9 15 22 0 0 0 0 0 0 66 19 0 8 0 0 0 0 11 24
0 0 9 0 0 0 0 0 0 0 0 0 0 0 0 0 0 0 0 0 0 0 0 19 0 3 7 0 0 0 4 5 22 7 15 0 8 0 0 31 0
0 8 11 0 0 0 0 0 0 0 0 0 0 0 0 0 0 0 0 0 0 0 13 24 0 2 18 11 0 0 2 0 16 4 13 0 6 0 0 40 0
0 0 22 30 0 0 0 0 0 0 0 0 0 9 0 0 0 0 0 0 0 0 0 0 32 0 0 0 0 0 0 86 20 0 0 1 0 0 0 5 39
0 0 26 34 0 0 0 0 0 0 0 0 0 9 0 0 0 0 0 0 0 0 0 0 36 0 0 0 0 0 0 96 23 0 0 5 0 0 0 0 41
0 0 32 37 0 0 0 0 0 0 0 0 0 7 0 0 0 0 0 0 0 0 0 0 41 0 0 0 0 0 0 111 28 0 0 8 0 0 0 0 45
0 0 36 37 0 0 0 0 0 0 0 0 0 5 0 0 0 0 0 0 0 0 0 0 46 2 0 0 0 0 0 120 34 0 0 13 0 0 0 0 46
0 17 16 0 0 0 0 0 0 0 0 0 0 0 0 0 0 0 0 0 0 0 36 33 0 0 32 25 0 0 0 0 4 0 16 0 3 0 0 53 0
0 9 12 0 0 0 0 0 0 0 0 0 0 0 0 0 0 0 0 0 0 0 17 26 0 2 20 13 0 0 1 0 16 3 12 0 6 0 0 42 0
0 0 29 36 0 0 0 0 0 0 0 0 0 9 0 0 0 0 0 0 0 0 0 0 38 0 0 0 0 0 0 103 25 0 0 5 0 0 0 0 43
0 0 11 0 0 0 0 0 0 0 0 0 0 2 0 0 0 0 0 0 0 0 7 17 15 0 0 0 0 0 0 52 19 1 9 0 3 0 0 17 16
0 0 10 0 0 0 0 0 0 0 0 0 0 0 0 0 0 0 0 0 0 0 0 19 1 2 0 0 0 0 1 30 23 6 13 0 7 0 0 26 3
0 15 14 0 0 0 0 0 0 0 0 0 0 0 0 0 0 0 0 0 0 0 30 30 0 0 28 21 0 0 0 0 7 1 14 0 4 0 0 48 0
0 2 9 0 0 0 0 0 0 0 0 0 0 0 0 0 0 0 0 0 0 0 0 20 0 3 10 2 0 0 4 0 21 7 14 0 8 0 0 33 0
0 0 10 0 0 0 0 0 0 0 0 0 0 0 0 0 0 0 0 0 0 0 2 18 8 0 0 0 0 0 0 41 20 4 11 0 5 0 0 21 9
0 0 28 36 0 0 0 0 0 0 0 0 0 9 0 0 0 0 0 0 0 0 0 0 38 0 0 0 0 0 0 102 25 0 0 6 0 0 0 0 43
0 0 10 0 0 0 0 0 0 0 0 0 0 0 0 0 0 0 0 0 0 0 0 19 3 1 0 0 0 0 1 34 23 5 14 0 7 0 0 25 4
0 21 18 0 0 0 0 0 0 0 0 0 0 0 0 0 0 0 0 0 0 0 47 37 0 0 37 31 0 0 0 0 0 0 19 0 2 0 0 61 0
0 12 13 0 0 0 0 0 0 0 0 0 0 0 0 0 0 0 0 0 0 0 23 28 0 1 24 17 0 0 1 0 10 2 14 0 5 0 0 45 0
0 0 14 11 0 0 0 0 0 0 0 0 0 7 0 0 0 0 0 0 0 0 7 11 25 0 0 0 0 0 0 69 19 0 3 0 0 0 0 12 28
0 25 19 0 0 0 0 0 0 0 0 0 0 0 0 0 0 0 0 0 0 0 56 41 0 0 43 36 0 0 0 0 0 0 22 0 1 0 0 68 0
0 0 9 0 0 0 0 0 0 0 0 0 0 0 0 0 0 0 0 0 0 0 0 20 0 3 7 0 0 0 4 5 23 8 15 0 9 0 0 32 0
0 0 24 33 0 0 0 0 0 0 0 0 0 10 0 0 0 0 0 0 0 0 0 0 34 0 0 0 0 0 0 92 21 0 0 2 0 0 0 3 41
0 0 10 0 0 0 0 0 0 0 0 0 0 0 0 0 0 0 0 0 0 0 0 19 5 1 0 0 0 0 0 37 22 4 13 0 6 0 0 23 6
0 0 37 38 0 0 0 0 0 0 0 0 0 5 0 0 0 0 0 0 0 0 0 0 47 3 0 0 0 0 0 123 36 0 0 14 0 0 0 0 47
0 14 13 0 0 0 0 0 0 0 0 0 0 0 0 0 0 0 0 0 0 0 27 29 0 0 27 20 0 0 0 0 9 1 14 0 4 0 0 48 0
0 0 10 0 0 0 0 0 0 0 0 0 0 0 0 0 0 0 0 0 0 0 0 19 3 1 0 0 0 0 0 34 22 5 13 0 6 0 0 25 4
0 10 12 0 0 0 0 0 0 0 0 0 0 0 0 0 0 0 0 0 0 0 17 26 0 1 21 14 0 0 2 0 13 4 13 0 6 0 0 42 0
0 0 32 37 0 0 0 0 0 0 0 0 0 7 0 0 0 0 0 0 0 0 0 0 42 0 0 0 0 0 0 111 29 0 0 9 0 0 0 0 44
0 0 11 0 0 0 0 0 0 0 0 0 0 0 0 0 0 0 0 0 0 0 1 19 7 0 0 0 0 0 0 42 22 3 13 0 5 0 0 22 8
0 0 23 33 0 0 0 0 0 0 0 0 0 10 0 0 0 0 0 0 0 0 0 0 34 0 0 0 0 0 0 91 21 0 0 3 0 0 0 4 41
0 0 9 0 0 0 0 0 0 0 0 0 0 0 0 0 0 0 0 0 0 0 0 20 0 3 3 0 0 0 3 15 24 7 15 0 9 0 0 31 0
0 0 10 0 0 0 0 0 0 0 0 0 0 0 0 0 0 0 0 0 0 0 0 20 0 3 4 0 0 0 3 13 24 7 15 0 9 0 0 32 0
0 7 11 0 0 0 0 0 0 0 0 0 0 0 0 0 0 0 0 0 0 0 11 25 0 2 17 10 0 0 2 0 17 5 13 0 7 0 0 40 0
0 4 10 0 0 0 0 0 0 0 0 0 0 0 0 0 0 0 0 0 0 0 5 22 0 3 14 6 0 0 3 0 19 6 13 0 7 0 0 36 0
0 0 39 38 0 0 0 0 0 0 0 0 0 3 0 0 0 0 0 0 0 0 0 0 50 5 0 0 0 0 0 129 38 0 0 15 0 0 0 0 48
0 0 35 38 0 0 0 0 0 0 0 0 0 6 0 0 0 0 0 0 0 0 0 0 44 1 0 0 0 0 0 116 32 0 0 11 0 0 0 0 46
0 5 10 0 0 0 0 0 0 0 0 0 0 0 0 0 0 0 0 0 0 0 5 22 0 3 15 7 0 0 4 0 18 6 14 0 7 0 0 36 0
0 28 17 0 0 0 0 0 0 0 0 0 0 0 0 0 0 0 0 0 0 0 63 44 0 0 46 40 0 0 0 0 0 0 24 0 0 0 0 76 0
0 0 17 18 0 0 0 0 0 0 0 0 0 8 0 0 0 0 0 0 0 0 6 7 28 0 0 0 0 0 0 77 19 0 3 0 0 0 0 9 33
0 0 10 0 0 0 0 0 0 0 0 0 0 0 0 0 0 0 0 0 0 0 2 18 8 0 0 0 0 0 0 41 21 3 12 0 5 0 0 21 8
0 0 22 30 0 0 0 0 0 0 0 0 0 10 0 0 0 0 0 0 0 0 0 0 32 0 0 0 0 0 0 86 19 0 0 0 0 0 0 5 39
0 0 12 4 0 0 0 0 0 0 0 0 0 4 0 0 0 0 0 0 0 0 9 15 20 0 0 0 0 0 0 60 19 0 7 0 1 0 0 14 23
0 5 11 0 0 0 0 0 0 0 0 0 0 0 0 0 0 0 0 0 0 0 7 23 0 3 15 7 0 0 3 0 18 5 13 0 7 0 0 37 0
0 0 27 36 0 0 0 0 0 0 0 0 0 9 0 0 0 0 0 0 0 0 0 0 37 0 0 0 0 0 0 100 24 0 0 4 0 0 0 0 43
0 0 11 0 0 0 0 0 0 0 0 0 0 0 0 0 0 0 0 0 0 0 1 19 7 0 0 0 0 0 0 40 21 4 13 0 5 0 0 22 7
0 0 9 0 0 0 0 0 0 0 0 0 0 0 0 0 0 0 0 0 0 0 0 19 0 2 3 0 0 0 3 15 23 7 14 0 8 0 0 31 0
0 0 39 39 0 0 0 0 0 0 0 0 0 4 0 0 0 0 0 0 0 0 0 0 51 5 0 0 0 0 0 131 39 0 0 16 0 0 0 0 50
0 3 10 0 0 0 0 0 0 0 0 0 0 0 0 0 0 0 0 0 0 0 2 21 0 3 12 4 0 0 4 0 20 6 14 0 8 0 0 35 0
0 0 16 14 0 0 0 0 0 0 0 0 0 7 0 0 0 0 0 0 0 0 8 9 26 0 0 0 0 0 0 73 18 0 4 0 0 0 0 9 30
0 22 17 0 0 0 0 0 0 0 0 0 0 0 0 0 0 0 0 0 0 0 47 37 0 0 37 31 0 0 0 0 0 0 18 0 2 0 0 62 0
0 0 20 28 0 0 0 0 0 0 0 0 0 10 0 0 0 0 0 0 0 0 0 0 31 0 0 0 0 0 0 84 19 0 0 0 0 0 0 7 39
0 0 9 0 0 0 0 0 0 0 0 0 0 0 0 0 0 0 0 0 0 0 0 20 0 3 7 0 0 0 4 4 22 7 14 0 9 0 0 33 0
0 0 27 35 0 0 0 0 0 0 0 0 0 9 0 0 0 0 0 0 0 0 0 0 37 0 0 0 0 0 0 100 25 0 0 6 0 0 0 0 43
0 0 27 35 0 0 0 0 0 0 0 0 0 9 0 0 0 0 0 0 0 0 0 0 37 0 0 0 0 0 0 99 24 0 0 6 0 0 0 0 42
0 0 10 0 0 0 0 0 0 0 0 0 0 0 0 0 0 0 0 0 0 0 0 20 0 3 3 0 0 0 3 17 24 7 15 0 8 0 0 30 0
0 0 14 6 0 0 0 0 0 0 0 0 0 4 0 0 0 0 0 0 0 0 10 14 22 0 0 0 0 0 0 65 18 0 7 0 0 0 0 11 24
0 0 10 0 0 0 0 0 0 0 0 0 0 0 0 0 0 0 0 0 0 0 3 18 9 0 0 0 0 0 0 42 19 3 11 0 5 0 0 19 10
0 28 18 0 0 0 0 0 0 0 0 0 0 0 0 0 0 0 0 0 0 0 62 44 0 0 48 41 0 0 0 0 0 0 25 0 0 0 0 76 0
0 0 42 40 0 0 0 0 0 0 0 0 0 2 0 0 0 0 0 0 0 0 0 0 55 8 0 0 0 0 0 140 43 0 0 20 0 0 0 0 52
0 0 20 25 0 0 0 0 0 0 0 0 0 9 0 0 0 0 0 0 0 0 3 2 30 0 0 0 0 0 0 82 19 0 1 0 0 0 0 7 36
0 9 11 0 0 0 0 0 0 0 0 0 0 0 0 0 0 0 0 0 0 0 15 25 0 1 19 12 0 0 2 0 15 4 13 0 6 0 0 42 0
0 5 10 0 0 0 0 0 0 0 0 0 0 0 0 0 0 0 0 0 0 0 6 22 0 3 15 7 0 0 3 0 18 5 13 0 7 0 0 37 0
0 0 11 0 0 0 0 0 0 0 0 0 0 0 0 0 0 0 0 0 0 0 0 19 1 2 0 0 0 0 1 31 23 6 14 0 7 0 0 26 1
0 0 11 0 0 0 0 0 0 0 0 0 0 1 0 0 0 0 0 0 0 0 6 17 13 0 0 0 0 0 0 51 19 2 10 0 3 0 0 16 15
0 25 17 0 0 0 0 0 0 0 0 0 0 0 0 0 0 0 0 0 0 0 56 41 0 0 43 36 0 0 0 0 0 0 21 0 1 0 0 70 0
0 0 21 29 0 0 0 0 0 0 0 0 0 10 0 0 0 0 0 0 0 0 0 0 31 0 0 0 0 0 0 84 19 0 0 0 0 0 0 6 38
0 0 28 36 0 0 0 0 0 0 0 0 0 9 0 0 0 0 0 0 0 0 0 0 38 0 0 0 0 0 0 102 25 0 0 6 0 0 0 0 44
0 0 33 37 0 0 0 0 0 0 0 0 0 7 0 0 0 0 0 0 0 0 0 0 43 0 0 0 0 0 0 114 30 0 0 9 0 0 0 0 45
0 1 9 0 0 0 0 0 0 0 0 0 0 0 0 0 0 0 0 0 0 0 0 20 0 3 8 1 0 0 4 1 21 7 14 0 8 0 0 33 0
0 0 17 14 0 0 0 0 0 0 0 0 0 7 0 0 0 0 0 0 0 0 8 9 26 0 0 0 0 0 0 74 19 0 5 0 0 0 0 9 31
0 0 30 36 0 0 0 0 0 0 0 0 0 8 0 0 0 0 0 0 0 0 0 0 39 0 0 0 0 0 0 104 27 0 0 7 0 0 0 0 43
0 19 18 0 0 0 0 0 0 0 0 0 0 0 0 0 0 0 0 0 0 0 42 35 0 0 35 29 0 0 0 0 1 0 17 0 2 0 0 57 0
0 0 11 1 0 0 0 0 0 0 0 0 0 3 0 0 0 0 0 0 0 0 9 16 17 0 0 0 0 0 0 55 18 0 8 0 2 0 0 15 18
0 0 27 35 0 0 0 0 0 0 0 0 0 8 0 0 0 0 0 0 0 0 0 0 38 0 0 0 0 0 0 100 25 0 0 6 0 0 0 0 42
0 26 17 0 0 0 0 0 0 0 0 0 0 0 0 0 0 0 0 0 0 0 58 42 0 0 44 38 0 0 0 0 0 0 22 0 0 0 0 72 0
0 0 12 0 0 0 0 0 0 0 0 0 0 1 0 0 0 0 0 0 0 0 5 17 14 0 0 0 0 0 0 51 20 2 10 0 3 0 0 18 15
0 0 11 0 0 0 0 0 0 0 0 0 0 0 0 0 0 0 0 0 0 0 0 19 0 2 0 0 0 0 1 28 23 6 16 0 7 0 0 26 0
0 0 11 0 0 0 0 0 0 0 0 0 0 0 0 0 0 0 0 0 0 0 0 20 0 2 0 0 0 0 1 29 23 6 15 0 7 0 0 26 0
0 8 11 0 0 0 0 0 0 0 0 0 0 0 0 0 0 0 0 0 0 0 14 25 0 1 19 12 0 0 2 0 15 4 13 0 6 0 0 41 0
0 0 19 27 0 0 0 0 0 0 0 0 0 10 0 0 0 0 0 0 0 0 2 0 31 0 0 0 0 0 0 83 19 0 0 0 0 0 0 8 38
0 10 12 0 0 0 0 0 0 0 0 0 0 0 0 0 0 0 0 0 0 0 18 26 0 1 22 14 0 0 2 0 13 3 13 0 6 0 0 43 0
0 0 10 0 0 0 0 0 0 0 0 0 0 0 0 0 0 0 0 0 0 0 0 20 0 3 4 0 0 0 3 14 24 7 15 0 9 0 0 31 0
0 0 13 4 0 0 0 0 0 0 0 0 0 4 0 0 0 0 0 0 0 0 9 15 19 0 0 0 0 0 0 59 18 0 7 0 1 0 0 14 21
0 0 10 0 0 0 0 0 0 0 0 0 0 0 0 0 0 0 0 0 0 0 0 19 3 1 0 0 0 0 0 34 21 5 14 0 6 0 0 24 3
0 0 18 20 0 0 0 0 0 0 0 0 0 8 0 0 0 0 0 0 0 0 5 5 29 0 0 0 0 0 0 79 18 0 2 0 0 0 0 8 34
0 0 23 32 0 0 0 0 0 0 0 0 0 10 0 0 0 0 0 0 0 0 0 0 33 0 0 0 0 0 0 89 21 0 0 2 0 0 0 4 40
0 0 9 0 0 0 0 0 0 0 0 0 0 0 0 0 0 0 0 0 0 0 0 19 0 2 0 0 0 0 2 28 24 6 13 0 8 0 0 28 2
0 0 25 34 0 0 0 0 0 0 0 0 0 9 0 0 0 0 0 0 0 0 0 0 35 0 0 0 0 0 0 95 22 0 0 4 0 0 0 0 41
0 0 12 1 0 0 0 0 0 0 0 0 0 3 0 0 0 0 0 0 0 0 9 16 17 0 0 0 0 0 0 55 18 0 9 0 2 0 0 14 19
0 8 11 0 0 0 0 0 0 0 0 0 0 0 0 0 0 0 0 0 0 0 12 24 0 2 18 11 0 0 2 0 16 5 13 0 6 0 0 40 0
0 0 12 2 0 0 0 0 0 0 0 0 0 3 0 0 0 0 0 0 0 0 8 16 18 0 0 0 0 0 0 58 18 0 8 0 2 0 0 15 20
0 0 16 14 0 0 0 0 0 0 0 0 0 7 0 0 0 0 0 0 0 0 8 9 26 0 0 0 0 0 0 73 18 0 4 0 0 0 0 9 30
0 0 19 23 0 0 0 0 0 0 0 0 0 9 0 0 0 0 0 0 0 0 5 3 30 0 0 0 0 0 0 81 19 0 1 0 0 0 0 8 35
0 0 24 33 0 0 0 0 0 0 0 0 0 10 0 0 0 0 0 0 0 0 0 0 34 0 0 0 0 0 0 91 21 0 0 1 0 0 0 3 41
0 0 16 13 0 0 0 0 0 0 0 0 0 7 0 0 0 0 0 0 0 0 9 11 26 0 0 0 0 0 0 73 19 0 5 0 0 0 0 10 29
0 0 37 39 0 0 0 0 0 0 0 0 0 5 0 0 0 0 0 0 0 0 0 0 48 3 0 0 0 0 0 124 37 0 0 14 0 0 0 0 48
0 0 15 8 0 0 0 0 0 0 0 0 0 5 0 0 0 0 0 0 0 0 9 13 23 0 0 0 0 0 0 68 18 0 7 0 0 0 0 10 26
0 0 25 34 0 0 0 0 0 0 0 0 0 9 0 0 0 0 0 0 0 0 0 0 36 0 0 0 0 0 0 95 22 0 0 3 0 0 0 1 41
0 0 34 37 0 0 0 0 0 0 0 0 0 6 0 0 0 0 0 0 0 0 0 0 44 1 0 0 0 0 0 115 32 0 0 12 0 0 0 0 45
0 19 16 0 0 0 0 0 0 0 0 0 0 0 0 0 0 0 0 0 0 0 39 33 0 0 33 27 0 0 0 0 1 0 16 0 3 0 0 55 0
0 0 9 0 0 0 0 0 0 0 0 0 0 0 0 0 0 0 0 0 0 0 0 19 0 2 0 0 0 0 2 26 23 6 13 0 7 0 0 28 1
0 0 11 0 0 0 0 0 0 0 0 0 0 0 0 0 0 0 0 0 0 0 0 20 3 2 0 0 0 0 0 34 23 5 14 0 6 0 0 25 3
0 4 9 0 0 0 0 0 0 0 0 0 0 0 0 0 0 0 0 0 0 0 2 21 0 3 13 5 0 0 4 0 19 7 13 0 8 0 0 35 0
0 0 20 29 0 0 0 0 0 0 0 0 0 10 0 0 0 0 0 0 0 0 0 0 31 0 0 0 0 0 0 83 19 0 0 0 0 0 0 7 39
0 0 31 36 0 0 0 0 0 0 0 0 0 8 0 0 0 0 0 0 0 0 0 0 40 0 0 0 0 0 0 107 27 0 0 7 0 0 0 0 43
0 9 12 0 0 0 0 0 0 0 0 0 0 0 0 0 0 0 0 0 0 0 16 25 0 1 19 12 0 0 1 0 15 4 13 0 6 0 0 42 0
0 28 18 0 0 0 0 0 0 0 0 0 0 0 0 0 0 0 0 0 0 0 63 44 0 0 47 40 0 0 0 0 0 0 24 0 0 0 0 76 0
0 0 13 5 0 0 0 0 0 0 0 0 0 5 0 0 0 0 0 0 0 0 10 15 21 0 0 0 0 0 0 64 18 0 7 0 1 0 0 13 23
0 17 16 0 0 0 0 0 0 0 0 0 0 0 0 0 0 0 0 0 0 0 36 32 0 0 31 25 0 0 0 0 4 0 16 0 3 0 0 52 0
0 0 11 0 0 0 0 0 0 0 0 0 0 0 0 0 0 0 0 0 0 0 0 20 2 1 0 0 0 0 0 32 22 5 14 0 6 0 0 25 2
0 18 17 0 0 0 0 0 0 0 0 0 0 0 0 0 0 0 0 0 0 0 39 34 0 0 33 27 0 0 0 0 2 0 16 0 3 0 0 55 0
0 1 9 0 0 0 0 0 0 0 0 0 0 0 0 0 0 0 0 0 0 0 0 20 0 4 9 1 0 0 4 0 21 7 15 0 8 0 0 32 0
0 14 13 0 0 0 0 0 0 0 0 0 0 0 0 0 0 0 0 0 0 0 28 30 0 0 27 20 0 0 0 0 10 1 14 0 4 0 0 49 0
0 0 22 31 0 0 0 0 0 0 0 0 0 10 0 0 0 0 0 0 0 0 0 0 32 0 0 0 0 0 0 86 20 0 0 1 0 0 0 5 40
0 0 39 39 0 0 0 0 0 0 0 0 0 4 0 0 0 0 0 0 0 0 0 0 51 5 0 0 0 0 0 131 39 0 0 16 0 0 0 0 49
0 0 15 11 0 0 0 0 0 0 0 0 0 6 0 0 0 0 0 0 0 0 9 11 25 0 0 0 0 0 0 71 19 0 5 0 0 0 0 11 28
0 0 42 39 0 0 0 0 0 0 0 0 0 2 0 0 0 0 0 0 0 0 0 0 54 7 0 0 0 0 0 137 42 0 0 19 0 0 0 0 51
0 8 12 0 0 0 0 0 0 0 0 0 0 0 0 0 0 0 0 0 0 0 14 25 0 2 19 12 0 0 2 0 15 4 13 0 6 0 0 41 0
0 0 17 21 0 0 0 0 0 0 0 0 0 9 0 0 0 0 0 0 0 0 4 4 29 0 0 0 0 0 0 76 19 0 0 0 0 0 0 9 34
0 16 15 0 0 0 0 0 0 0 0 0 0 0 0 0 0 0 0 0 0 0 34 31 0 0 30 23 0 0 0 0 5 0 15 0 3 0 0 51 0
0 0 33 37 0 0 0 0 0 0 0 0 0 7 0 0 0 0 0 0 0 0 0 0 43 0 0 0 0 0 0 112 30 0 0 9 0 0 0 0 45
0 0 10 0 0 0 0 0 0 0 0 0 0 0 0 0 0 0 0 0 0 0 0 20 1 1 0 0 0 0 1 31 23 5 13 0 7 0 0 26 3
0 0 23 34 0 0 0 0 0 0 0 0 0 10 0 0 0 0 0 0 0 0 0 0 34 0 0 0 0 0 0 92 21 0 0 2 0 0 0 5 42
0 0 30 36 0 0 0 0 0 0 0 0 0 7 0 0 0 0 0 0 0 0 0 0 40 0 0 0 0 0 0 107 27 0 0 7 0 0 0 0 43
0 0 17 14 0 0 0 0 0 0 0 0 0 7 0 0 0 0 0 0 0 0 8 10 26 0 0 0 0 0 0 74 19 0 5 0 0 0 0 10 30
0 0 34 38 0 0 0 0 0 0 0 0 0 6 0 0 0 0 0 0 0 0 0 0 43 1 0 0 0 0 0 116 31 0 0 10 0 0 0 0 45
0 0 21 30 0 0 0 0 0 0 0 0 0 10 0 0 0 0 0 0 0 0 0 0 32 0 0 0 0 0 0 85 19 0 0 1 0 0 0 5 39
0 0 10 0 0 0 0 0 0 0 0 0 0 0 0 0 0 0 0 0 0 0 0 20 0 3 7 0 0 0 4 7 23 6 14 0 8 0 0 33 0
0 15 14 0 0 0 0 0 0 0 0 0 0 0 0 0 0 0 0 0 0 0 30 31 0 0 29 22 0 0 0 0 7 1 15 0 4 0 0 50 0
0 2 9 0 0 0 0 0 0 0 0 0 0 0 0 0 0 0 0 0 0 0 0 20 0 3 11 3 0 0 4 0 20 7 13 0 8 0 0 33 0
0 12 13 0 0 0 0 0 0 0 0 0 0 0 0 0 0 0 0 0 0 0 23 28 0 1 25 17 0 0 1 0 11 2 14 0 5 0 0 46 0
0 0 17 14 0 0 0 0 0 0 0 0 0 7 0 0 0 0 0 0 0 0 9 9 27 0 0 0 0 0 0 75 19 0 5 0 0 0 0 10 31
0 23 18 0 0 0 0 0 0 0 0 0 0 0 0 0 0 0 0 0 0 0 52 39 0 0 40 34 0 0 0 0 0 0 20 0 1 0 0 66 0
0 0 30 36 0 0 0 0 0 0 0 0 0 8 0 0 0 0 0 0 0 0 0 0 39 0 0 0 0 0 0 105 26 0 0 7 0 0 0 0 43
