0 0 18 0 6 0 0 0 0 0 0 0 0 0 0 0 0 0 0 0 0 0 1 0 9 0 0 0 0 0 0 21 0 6 41 48 0 0 0 37 3
2 0 18 0 7 0 0 0 0 0 0 0 0 0 0 0 0 0 0 0 0 0 0 0 8 0 0 0 0 0 0 14 0 5 44 46 0 0 0 32 5
1 0 0 43 0 0 0 0 0 0 0 0 0 0 0 0 0 0 0 0 0 0 6 6 0 0 0 68 19 12 0 67 0 0 0 0 23 53 0 0 0
0 0 7 8 0 0 0 0 0 0 0 0 0 0 0 0 0 0 0 0 0 0 0 0 5 0 1 3 0 0 0 18 0 2 38 24 0 2 0 13 2
0 0 0 45 0 0 0 0 0 0 0 0 0 0 0 0 0 0 0 0 0 0 7 2 0 0 0 60 19 11 0 65 0 0 0 0 19 51 0 0 0
2 0 0 44 0 0 0 0 0 0 0 0 0 0 0 0 0 0 0 0 0 0 7 6 0 0 0 70 19 12 0 69 0 0 0 0 23 54 0 0 0
0 0 6 12 0 0 0 0 0 0 0 0 0 0 0 0 0 0 0 0 0 0 0 0 5 0 2 6 0 0 0 20 0 1 37 22 0 5 0 9 1
1 0 19 0 8 0 0 0 0 0 0 0 0 0 0 0 0 0 0 0 0 0 1 0 9 0 0 0 0 0 0 15 0 6 42 48 0 0 0 36 5
3 0 19 0 9 0 0 0 0 0 0 0 0 0 0 0 0 0 0 0 0 0 1 0 9 0 0 0 0 0 0 13 0 6 43 49 0 0 0 37 5
0 0 0 38 0 0 0 0 0 0 0 0 0 0 0 0 0 0 0 0 0 0 1 0 0 0 1 41 13 7 0 49 0 0 8 0 12 37 0 0 0
0 0 17 0 6 0 0 0 0 0 0 0 0 0 0 0 0 0 0 0 0 0 2 0 9 0 0 0 0 0 0 21 0 7 38 50 0 0 0 41 3
0 0 0 46 0 0 0 0 0 0 0 0 0 0 0 0 0 0 0 0 0 0 7 1 0 0 0 60 19 11 0 65 0 0 0 0 18 51 0 0 0
0 0 13 0 4 0 0 0 0 0 0 0 0 0 0 0 0 0 0 0 0 0 2 0 8 0 0 0 0 0 0 28 0 7 35 49 0 0 0 41 0
0 0 13 0 3 0 0 0 0 0 0 0 0 0 0 0 0 0 0 0 0 0 2 0 8 0 0 0 0 0 0 28 0 8 35 50 0 0 0 41 0
0 0 4 16 0 0 0 0 0 0 0 0 0 0 0 0 0 0 0 0 0 0 0 0 3 0 2 9 2 0 0 23 0 1 34 18 1 9 0 7 1
0 0 0 43 0 0 0 0 0 0 0 0 0 0 0 0 0 0 0 0 0 0 2 0 0 0 0 42 15 7 0 54 0 0 5 0 13 41 0 0 0
1 0 17 0 7 0 0 0 0 0 0 0 0 0 0 0 0 0 0 0 0 0 2 0 9 0 0 0 0 0 0 19 0 7 39 49 0 0 0 40 3
0 0 13 0 3 0 0 0 0 0 0 0 0 0 0 0 0 0 0 0 0 0 1 0 8 0 0 0 0 0 0 28 0 7 36 50 0 0 0 42 0
7 0 0 36 0 0 0 0 0 0 0 0 0 0 0 0 0 0 0 0 0 0 2 16 0 0 0 76 17 11 0 60 0 0 0 0 31 52 0 0 0
0 0 4 1 0 0 0 0 0 0 0 0 0 0 0 0 0 0 0 0 0 0 0 0 5 0 0 0 6 0 0 43 0 7 30 49 0 0 0 42 0
0 0 0 34 0 0 0 0 0 0 0 0 0 0 0 0 0 0 0 0 0 0 0 0 0 0 1 31 10 4 0 42 0 0 22 7 8 30 0 0 0
0 0 15 0 5 0 0 0 0 0 0 0 0 0 0 0 0 0 0 0 0 0 2 0 8 0 0 0 0 0 0 24 0 7 36 50 0 0 0 41 0
0 0 14 0 3 0 0 0 0 0 0 0 0 0 0 0 0 0 0 0 0 0 0 0 7 0 1 0 0 0 0 18 0 4 41 36 0 0 0 22 4
3 0 0 7 0 0 0 0 0 0 0 0 0 0 0 0 0 0 0 0 0 0 0 0 4 0 0 0 11 0 0 52 0 6 27 51 0 0 0 43 0
0 0 19 0 7 0 0 0 0 0 0 0 0 0 0 0 0 0 0 0 0 0 1 0 9 0 0 0 0 0 0 15 0 5 43 46 0 0 0 34 5
0 0 6 0 0 0 0 0 0 0 0 0 0 0 0 0 0 0 0 0 0 0 0 0 6 0 0 0 5 0 0 40 0 7 32 50 0 0 0 43 0
0 0 9 0 1 0 0 0 0 0 0 0 0 0 0 0 0 0 0 0 0 0 1 0 7 0 0 0 3 0 0 35 0 7 33 49 0 0 0 42 0
5 0 0 39 0 0 0 0 0 0 0 0 0 0 0 0 0 0 0 0 0 0 3 13 0 0 0 76 18 11 0 64 0 0 0 0 29 53 0 0 0
0 0 13 0 4 0 0 0 0 0 0 0 0 0 0 0 0 0 0 0 0 0 1 0 8 0 0 0 0 0 0 28 0 7 34 49 0 0 0 41 0
0 0 16 0 5 0 0 0 0 0 0 0 0 0 0 0 0 0 0 0 0 0 2 0 8 0 0 0 0 0 0 23 0 7 38 48 0 0 0 39 2
2 0 18 0 8 0 0 0 0 0 0 0 0 0 0 0 0 0 0 0 0 0 1 0 9 0 0 0 0 0 0 16 0 6 41 49 0 0 0 38 4
0 0 0 37 0 0 0 0 0 0 0 0 0 0 0 0 0 0 0 0 0 0 0 0 0 0 1 33 11 5 0 44 0 0 17 3 9 33 0 0 0
0 0 0 41 0 0 0 0 0 0 0 0 0 0 0 0 0 0 0 0 0 0 2 0 0 0 0 42 14 7 0 53 0 0 7 0 12 40 0 0 0
0 0 9 0 0 0 0 0 0 0 0 0 0 0 0 0 0 0 1 0 0 0 0 0 7 0 0 0 3 0 0 33 0 7 34 46 0 0 0 38 0
2 0 20 0 8 0 0 0 0 0 0 0 0 0 0 0 0 0 0 0 0 0 1 0 9 0 0 0 0 0 0 15 0 6 44 50 0 0 0 37 5
0 0 0 45 0 0 0 0 0 0 0 0 0 0 0 0 0 0 0 0 0 0 5 0 0 0 0 52 18 9 0 62 0 0 0 0 16 47 0 0 0
0 0 0 40 0 0 0 0 0 0 0 0 0 0 0 0 0 0 0 0 0 0 1 0 0 0 0 40 13 7 0 50 0 0 10 0 11 38 0 0 0
0 0 0 40 0 0 0 0 0 0 0 0 0 0 0 0 0 0 0 0 0 0 1 0 0 0 1 43 14 7 0 51 0 0 8 0 12 39 0 0 0
0 0 9 0 1 0 0 0 0 0 0 0 0 0 0 0 0 0 0 0 0 0 1 0 7 0 0 0 3 0 0 35 0 7 33 49 0 0 0 42 0
0 0 6 10 0 0 0 0 0 0 0 0 0 0 0 0 0 0 0 0 0 0 0 0 4 0 1 5 0 0 0 20 0 2 35 22 0 4 0 10 2
3 0 0 41 0 0 0 0 0 0 0 0 0 0 0 0 0 0 0 0 0 0 5 10 0 0 0 73 18 11 0 65 0 0 0 0 26 53 0 0 0
0 0 15 0 6 0 0 0 0 0 0 0 0 0 0 0 0 0 0 0 0 0 2 0 8 0 0 0 0 0 0 23 0 7 37 49 0 0 0 40 1
0 0 18 0 6 0 0 0 0 0 0 0 0 0 0 0 0 0 0 0 0 0 1 0 9 0 0 0 0 0 0 19 0 5 42 46 0 0 0 32 4
0 0 19 0 8 0 0 0 0 0 0 0 0 0 0 0 0 0 0 0 0 0 2 0 9 0 0 0 0 0 0 17 0 6 41 48 0 0 0 37 5
1 0 0 42 0 0 0 0 0 0 0 0 0 0 0 0 0 0 0 0 0 0 6 6 0 0 0 70 19 12 0 68 0 0 0 0 23 53 0 0 0
0 0 0 43 0 0 0 0 0 0 0 0 0 0 0 0 0 0 0 0 0 0 7 5 0 0 0 66 19 11 0 66 0 0 0 0 21 52 0 0 0
0 0 14 0 4 0 0 0 0 0 0 0 0 0 0 0 0 0 0 0 0 0 0 0 7 0 1 0 0 0 0 15 0 4 41 37 0 0 0 24 4
1 0 19 0 8 0 0 0 0 0 0 0 0 0 0 0 0 0 0 0 0 0 1 0 9 0 0 0 0 0 0 13 0 6 43 48 0 0 0 35 6
0 0 0 44 0 0 0 0 0 0 0 0 0 0 0 0 0 0 0 0 0 0 7 3 0 0 0 61 18 10 0 65 0 0 0 0 19 50 0 0 0
1 0 0 44 0 0 0 0 0 0 0 0 0 0 0 0 0 0 0 0 0 0 7 5 0 0 0 66 19 11 0 67 0 0 0 0 22 52 0 0 0
0 0 16 0 5 0 0 0 0 0 0 0 0 0 0 0 0 0 0 0 0 0 0 0 8 0 0 0 0 0 0 23 0 4 40 45 0 0 0 33 3
2 0 18 0 8 0 0 0 0 0 0 0 0 0 0 0 0 0 0 0 0 0 1 0 9 0 0 0 0 0 0 16 0 6 42 50 0 0 0 40 4
3 0 0 41 0 0 0 0 0 0 0 0 0 0 0 0 0 0 0 0 0 0 4 9 0 0 0 71 19 11 0 66 0 0 0 0 26 53 0 0 0
0 0 9 2 1 0 0 0 0 0 0 0 0 0 0 0 0 0 0 0 0 0 0 0 6 0 1 0 0 0 0 16 0 2 39 29 0 0 0 17 2
0 0 0 41 0 0 0 0 0 0 0 0 0 0 0 0 0 0 0 0 0 0 2 0 0 0 0 44 14 8 0 53 0 0 4 0 13 40 0 0 0
0 0 16 0 5 0 0 0 0 0 0 0 0 0 0 0 0 0 0 0 0 0 1 0 9 0 0 0 0 0 0 20 0 5 40 46 0 0 0 36 3
0 0 4 3 0 0 0 0 0 0 0 0 0 0 0 0 0 0 0 0 0 0 0 0 5 0 0 0 7 0 0 44 0 7 31 48 0 0 0 41 0
1 0 19 0 7 0 0 0 0 0 0 0 0 0 0 0 0 0 0 0 0 0 1 0 9 0 0 0 0 0 0 17 0 6 42 50 0 0 0 39 5
0 0 0 36 0 0 0 0 0 0 0 0 0 0 0 0 0 0 0 0 0 0 0 0 0 0 1 34 11 5 0 44 0 0 18 5 9 33 0 0 0
0 0 17 0 6 0 0 0 0 0 0 0 0 0 0 0 0 0 0 0 0 0 2 0 9 0 0 0 0 0 0 21 0 7 38 48 0 0 0 39 3
0 0 0 31 0 0 0 0 0 0 0 0 0 0 0 0 0 0 0 0 0 0 0 0 0 0 1 29 8 4 0 37 0 0 22 7 7 27 0 0 0
0 0 12 0 3 0 0 0 0 0 0 0 0 0 0 0 0 0 0 0 0 0 1 0 8 0 0 0 1 0 0 31 0 8 35 50 0 0 0 42 0
5 0 0 39 0 0 0 0 0 0 0 0 0 0 0 0 0 0 0 0 0 0 4 11 0 0 0 74 18 11 0 64 0 0 0 0 27 52 0 0 0
9 0 0 34 0 0 0 0 0 0 0 0 0 0 0 0 0 0 0 0 0 0 0 19 0 0 0 78 16 10 0 59 0 0 0 0 34 52 0 0 0
0 0 16 0 5 0 0 0 0 0 0 0 0 0 0 0 0 0 0 0 0 0 0 0 8 0 1 0 0 0 0 16 0 4 43 41 0 0 0 27 5
0 0 0 46 0 0 0 0 0 0 0 0 0 0 0 0 0 0 0 0 0 0 7 3 0 0 0 61 19 11 0 66 0 0 0 0 19 51 0 0 0
0 0 17 0 6 0 0 0 0 0 0 0 0 0 0 0 0 0 0 0 0 0 2 0 9 0 0 0 0 0 0 19 0 7 38 49 0 0 0 39 2
0 0 11 0 2 0 0 0 0 0 0 0 0 0 0 0 0 0 0 0 0 0 1 0 7 0 0 0 2 0 0 31 0 7 35 46 0 0 0 39 0
0 0 0 44 0 0 0 0 0 0 0 0 0 0 0 0 0 0 0 0 0 0 5 1 0 0 0 58 18 10 0 62 0 0 0 0 17 48 0 0 0
0 0 0 47 0 0 0 0 0 0 0 0 0 0 0 0 0 0 0 0 0 0 8 3 0 0 0 61 19 11 0 67 0 0 0 0 20 52 0 0 0
0 0 0 46 0 0 0 0 0 0 0 0 0 0 0 0 0 0 0 0 0 0 6 1 0 0 0 56 19 10 0 63 0 0 0 0 18 50 0 0 0
3 0 0 42 0 0 0 0 0 0 0 0 0 0 0 0 0 0 0 0 0 0 6 8 0 0 0 72 19 12 0 67 0 0 0 0 24 54 0 0 0
0 0 0 44 0 0 0 0 0 0 0 0 0 0 0 0 0 0 0 0 0 0 3 0 0 0 0 49 17 8 0 58 0 0 0 0 16 45 0 0 0
0 0 6 0 0 0 0 0 0 0 0 0 0 0 0 0 0 0 0 0 0 0 0 0 6 0 0 0 4 0 0 39 0 7 32 50 0 0 0 43 0
0 0 16 0 5 0 0 0 0 0 0 0 0 0 0 0 0 0 0 0 0 0 2 0 8 0 0 0 0 0 0 24 0 7 37 49 0 0 0 40 1
0 0 19 0 7 0 0 0 0 0 0 0 0 0 0 0 0 0 0 0 0 0 1 0 9 0 0 0 0 0 0 16 0 6 42 45 0 0 0 32 5
0 0 11 0 2 0 0 0 0 0 0 0 0 0 0 0 0 0 0 0 0 0 1 0 7 0 0 0 2 0 0 31 0 7 34 48 0 0 0 40 0
3 0 19 0 9 0 0 0 0 0 0 0 0 0 0 0 0 0 0 0 0 0 1 0 9 0 0 0 0 0 0 14 0 6 42 49 0 0 0 37 5
0 0 0 35 0 0 0 0 0 0 0 0 0 0 0 0 0 0 0 0 0 0 0 0 0 0 0 34 11 5 0 43 0 0 16 4 9 32 0 0 0
0 0 10 0 2 0 0 0 0 0 0 0 0 0 0 0 0 0 0 0 0 0 1 0 7 0 0 0 3 0 0 35 0 7 33 49 0 0 0 41 0
0 0 0 45 0 0 0 0 0 0 0 0 0 0 0 0 0 0 0 0 0 0 5 1 0 0 0 54 18 9 0 62 0 0 0 0 17 48 0 0 0
0 0 0 45 0 0 0 0 0 0 0 0 0 0 0 0 0 0 0 0 0 0 6 2 0 0 0 57 18 10 0 64 0 0 0 0 18 49 0 0 0
3 0 18 0 9 0 0 0 0 0 0 0 0 0 0 0 0 0 0 0 0 0 1 0 9 0 0 0 0 0 0 13 0 6 42 49 0 0 0 38 5
0 0 0 45 0 0 0 0 0 0 0 0 0 0 0 0 0 0 0 0 0 0 7 4 0 0 0 64 19 11 0 67 0 0 0 0 20 52 0 0 0
0 0 2 19 0 0 0 0 0 0 0 0 0 0 0 0 0 0 0 0 0 0 0 0 2 0 1 14 4 0 0 26 0 0 30 14 3 13 0 3 0
5 0 0 38 0 0 0 0 0 0 0 0 0 0 0 0 0 0 0 0 0 0 2 13 0 0 0 74 18 11 0 63 0 0 0 0 29 52 0 0 0
5 0 0 38 0 0 0 0 0 0 0 0 0 0 0 0 0 0 0 0 0 0 3 14 0 0 0 75 18 11 0 62 0 0 0 0 29 52 0 0 0
0 0 0 26 0 0 0 0 0 0 0 0 0 0 0 0 0 0 0 0 0 0 0 0 0 0 1 22 6 2 0 31 0 0 26 9 5 21 0 0 0
0 0 3 16 0 0 0 0 0 0 0 0 0 0 0 0 0 0 0 0 0 0 0 0 3 0 1 10 2 0 0 23 0 1 33 17 2 10 0 6 1
0 0 0 30 0 0 0 0 0 0 0 0 0 0 0 0 0 0 0 0 0 0 0 0 0 0 1 26 8 3 0 35 0 0 24 7 7 25 0 0 0
0 0 4 13 0 0 0 0 0 0 0 0 0 0 0 0 0 0 0 0 0 0 0 0 4 0 2 8 0 0 0 21 0 1 35 19 1 7 0 10 1
0 0 10 0 2 0 0 0 0 0 0 0 0 0 0 0 0 0 0 0 0 0 1 0 7 0 0 0 3 0 0 33 0 8 34 49 0 0 0 41 0
0 0 17 0 6 0 0 0 0 0 0 0 0 0 0 0 0 0 0 0 0 0 0 0 8 0 0 0 0 0 0 19 0 4 43 45 0 0 0 32 4
0 0 0 45 0 0 0 0 0 0 0 0 0 0 0 0 0 0 0 0 0 0 6 1 0 0 0 58 18 10 0 64 0 0 0 0 18 49 0 0 0
0 0 13 0 3 0 0 0 0 0 0 0 0 0 0 0 0 0 0 0 0 0 0 0 7 0 1 0 0 0 0 16 0 4 41 34 0 0 0 21 4
0 0 0 44 0 0 0 0 0 0 0 0 0 0 0 0 0 0 0 0 0 0 7 4 0 0 0 64 18 11 0 66 0 0 0 0 21 52 0 0 0
0 0 0 44 0 0 0 0 0 0 0 0 0 0 0 0 0 0 0 0 0 0 6 3 0 0 0 64 18 11 0 66 0 0 0 0 20 51 0 0 0
3 0 18 0 8 0 0 0 0 0 0 0 0 0 0 0 0 0 0 0 0 0 0 0 9 0 0 0 0 0 0 13 0 5 45 47 0 0 0 35 5
0 0 17 0 6 0 0 0 0 0 0 0 0 0 0 0 0 0 0 0 0 0 2 0 9 0 0 0 0 0 0 19 0 7 39 48 0 0 0 38 3
0 0 16 0 6 0 0 0 0 0 0 0 0 0 0 0 0 0 0 0 0 0 2 0 9 0 0 0 0 0 0 19 0 7 37 49 0 0 0 41 2
1 0 15 0 5 0 0 0 0 0 0 0 0 0 0 0 0 0 0 0 0 0 0 0 8 0 1 0 0 0 0 15 0 4 43 40 0 0 0 27 4
4 0 0 38 0 0 0 0 0 0 0 0 0 0 0 0 0 0 0 0 0 0 4 12 0 0 0 74 18 11 0 63 0 0 0 0 27 52 0 0 0
0 0 0 45 0 0 0 0 0 0 0 0 0 0 0 0 0 0 0 0 0 0 6 2 0 0 0 60 18 10 0 65 0 0 0 0 18 50 0 0 0
1 0 18 0 7 0 0 0 0 0 0 0 0 0 0 0 0 0 0 0 0 0 1 0 9 0 0 0 0 0 0 13 0 5 43 46 0 0 0 33 5
0 0 18 0 7 0 0 0 0 0 0 0 0 0 0 0 0 0 0 0 0 0 2 0 9 0 0 0 0 0 0 19 0 7 39 48 0 0 0 39 4
0 0 2 7 0 0 0 0 0 0 0 0 0 0 0 0 0 0 0 0 0 0 0 0 5 0 1 0 9 0 0 47 0 7 31 48 0 0 0 41 0
0 0 0 34 0 0 0 0 0 0 0 0 0 0 0 0 0 0 0 0 0 0 0 0 0 0 1 33 10 5 0 42 0 0 19 5 9 31 0 0 0
3 0 0 41 0 0 0 0 0 0 0 0 0 0 0 0 0 0 0 0 0 0 4 10 0 0 0 73 18 11 0 65 0 0 0 0 27 53 0 0 0
0 0 12 0 4 0 0 0 0 0 0 0 0 0 0 0 0 0 0 0 0 0 0 0 7 0 1 0 0 0 0 16 0 3 41 34 0 0 0 22 4
2 0 18 0 8 0 0 0 0 0 0 0 0 0 0 0 0 0 0 0 0 0 1 0 9 0 0 0 0 0 0 17 0 6 42 49 0 0 0 39 5
0 0 1 22 0 0 0 0 0 0 0 0 0 0 0 0 0 0 0 0 0 0 0 0 2 0 2 17 4 0 0 29 0 0 31 14 4 17 0 3 0
0 0 17 0 6 0 0 0 0 0 0 0 0 0 0 0 0 0 0 0 0 0 0 0 8 0 1 0 0 0 0 15 0 4 43 42 0 0 0 29 5
1 0 19 0 8 0 0 0 0 0 0 0 0 0 0 0 0 0 0 0 0 0 1 0 9 0 0 0 0 0 0 15 0 5 41 46 0 0 0 33 5
1 0 0 43 0 0 0 0 0 0 0 0 0 0 0 0 0 0 0 0 0 0 6 4 0 0 0 67 19 11 0 67 0 0 0 0 21 52 0 0 0
1 0 2 4 0 0 0 0 0 0 0 0 0 0 0 0 0 0 0 0 0 0 0 0 5 0 0 0 9 0 0 47 0 7 30 50 0 0 0 43 0
0 0 16 0 5 0 0 0 0 0 0 0 0 0 0 0 0 0 0 0 0 0 0 0 8 0 1 0 0 0 0 16 0 4 43 40 0 0 0 27 5
0 0 15 0 5 0 0 0 0 0 0 0 0 0 0 0 0 0 0 0 0 0 2 0 8 0 0 0 0 0 0 23 0 7 37 49 0 0 0 40 1
1 0 16 0 7 0 0 0 0 0 0 0 0 0 0 0 0 0 0 0 0 0 2 0 9 0 0 0 0 0 0 18 0 7 38 48 0 0 0 40 3
0 0 19 0 7 0 0 0 0 0 0 0 0 0 0 0 0 0 0 0 0 0 1 0 9 0 0 0 0 0 0 17 0 6 42 47 0 0 0 35 5
1 0 18 0 7 0 0 0 0 0 0 0 0 0 0 0 0 0 0 0 0 0 1 0 9 0 0 0 0 0 0 19 0 5 41 47 0 0 0 35 4
3 0 19 0 9 0 0 0 0 0 0 0 0 0 0 0 0 0 0 0 0 0 1 0 9 0 0 0 0 0 0 13 0 6 43 49 0 0 0 37 5
0 0 0 33 0 0 0 0 0 0 0 0 0 0 0 0 0 0 0 0 0 0 0 0 0 0 0 29 9 4 0 40 0 0 20 6 8 29 0 0 0
0 0 0 36 0 0 0 0 0 0 0 0 0 0 0 0 0 0 0 0 0 0 0 0 0 0 0 36 12 5 0 45 0 0 15 3 10 33 0 0 0
0 0 14 0 4 0 0 0 0 0 0 0 0 0 0 0 0 0 0 0 0 0 0 0 7 0 1 0 0 0 0 15 0 4 42 36 0 0 0 23 4
0 0 0 40 0 0 0 0 0 0 0 0 0 0 0 0 0 0 0 0 0 0 2 0 0 0 0 47 15 7 0 54 0 0 0 0 13 41 0 0 0
0 0 2 22 0 0 0 0 0 0 0 0 0 0 0 0 0 0 0 0 0 0 0 0 2 0 1 15 5 0 0 27 0 0 30 13 3 16 0 2 0
0 0 0 46 0 0 0 0 0 0 0 0 0 0 0 0 0 0 0 0 0 0 7 2 0 0 0 61 19 11 0 66 0 0 0 0 19 51 0 0 0
0 0 0 43 0 0 0 0 0 0 0 0 0 0 0 0 0 0 0 0 0 0 5 8 0 0 0 69 18 11 0 66 0 0 0 0 24 53 0 0 0
0 0 0 23 0 0 0 0 0 0 0 0 0 0 0 0 0 0 0 0 0 0 0 0 1 0 1 20 5 1 0 28 0 0 29 12 4 18 0 2 0
0 0 7 9 0 0 0 0 0 0 0 0 0 0 0 0 0 0 0 0 0 0 0 0 5 0 1 4 0 0 0 19 0 2 36 22 0 3 0 10 2
1 0 18 0 8 0 0 0 0 0 0 0 0 0 0 0 0 0 0 0 0 0 1 0 9 0 0 0 0 0 0 16 0 6 40 49 0 0 0 39 4
0 0 17 0 6 0 0 0 0 0 0 0 0 0 0 0 0 0 0 0 0 0 0 0 8 0 1 0 0 0 0 15 0 4 44 43 0 0 0 30 4
0 0 14 0 4 0 0 0 0 0 0 0 0 0 0 0 0 0 0 0 0 0 1 0 7 0 1 0 0 0 0 15 0 4 41 36 0 0 0 22 4
0 0 3 16 0 0 0 0 0 0 0 0 0 0 0 0 0 0 0 0 0 0 0 0 3 0 2 11 2 0 0 22 0 1 33 16 2 10 0 6 1
0 0 0 36 0 0 0 0 0 0 0 0 0 0 0 0 0 0 0 0 0 0 0 0 0 0 1 35 11 5 0 44 0 0 17 4 9 33 0 0 0
4 0 19 0 10 0 0 0 0 0 0 0 0 0 0 0 0 0 0 0 0 0 1 0 9 0 0 0 0 0 0 11 0 6 43 51 0 0 0 40 5
0 0 15 0 5 0 0 0 0 0 0 0 0 0 0 0 0 0 0 0 0 0 2 0 8 0 0 0 0 0 0 23 0 7 36 49 0 0 0 40 1
0 0 18 0 6 0 0 0 0 0 0 0 0 0 0 0 0 0 0 0 0 0 1 0 8 0 0 0 0 0 0 16 0 5 44 45 0 0 0 31 5
0 0 16 0 6 0 0 0 0 0 0 0 0 0 0 0 0 0 0 0 0 0 2 0 9 0 0 0 0 0 0 20 0 7 37 48 0 0 0 40 2
1 0 0 8 0 0 0 0 0 0 0 0 0 0 0 0 0 0 0 0 0 0 0 0 4 0 1 0 10 0 0 50 0 6 28 47 0 1 0 41 0
0 0 0 33 0 0 0 0 0 0 0 0 0 0 0 0 0 0 0 0 0 0 0 0 0 0 1 35 10 5 0 42 0 0 18 6 8 30 0 0 0
0 0 7 9 0 0 0 0 0 0 0 0 0 0 0 0 0 0 0 0 0 0 0 0 5 0 2 2 0 0 0 18 0 2 37 24 0 2 0 12 2
1 0 0 42 0 0 0 0 0 0 0 0 0 0 0 0 0 0 0 0 0 0 6 7 0 0 0 70 19 12 0 66 0 0 0 0 23 53 0 0 0
3 0 0 42 0 0 0 0 0 0 0 0 0 0 0 0 0 0 0 0 0 0 5 10 0 0 0 74 19 12 0 66 0 0 0 0 27 54 0 0 0
3 0 0 42 0 0 0 0 0 0 0 0 0 0 0 0 0 0 0 0 0 0 5 9 0 0 0 74 19 12 0 67 0 0 0 0 26 55 0 0 0
5 0 0 40 0 0 0 0 0 0 0 0 0 0 0 0 0 0 0 0 0 0 4 12 0 0 0 74 18 11 0 65 0 0 0 0 28 53 0 0 0
0 0 14 0 4 0 0 0 0 0 0 0 0 0 0 0 0 0 1 0 0 0 2 0 8 0 0 0 0 0 0 26 0 7 36 47 0 0 0 39 0
0 0 12 0 2 0 0 0 0 0 0 0 0 0 0 0 0 0 0 0 0 0 0 0 6 0 1 0 0 0 0 16 0 3 40 32 0 0 0 19 3
0 0 6 12 0 0 0 0 0 0 0 0 0 0 0 0 0 0 0 0 0 0 0 0 4 0 2 5 1 0 0 19 0 2 35 20 0 4 0 8 2
0 0 7 9 0 0 0 0 0 0 0 0 0 0 0 0 0 0 0 0 0 0 0 0 5 0 2 3 0 0 0 19 0 2 37 23 0 3 0 10 2
0 0 0 45 0 0 0 0 0 0 0 0 0 0 0 0 0 0 0 0 0 0 5 0 0 0 0 52 18 10 0 59 0 0 0 0 16 47 0 0 0
0 0 13 0 4 0 0 0 0 0 0 0 0 0 0 0 0 0 0 0 0 0 0 0 7 0 0 0 0 0 0 15 0 4 41 35 0 0 0 22 4
0 0 13 0 3 0 0 0 0 0 0 0 0 0 0 0 0 0 0 0 0 0 2 0 8 0 0 0 1 0 0 29 0 7 34 48 0 0 0 40 0
3 0 0 42 0 0 0 0 0 0 0 0 0 0 0 0 0 0 0 0 0 0 5 9 0 0 0 72 19 11 0 68 0 0 0 0 26 54 0 0 0
0 0 0 46 0 0 0 0 0 0 0 0 0 0 0 0 0 0 0 0 0 0 6 2 0 0 0 61 19 10 0 66 0 0 0 0 19 51 0 0 0
0 0 0 29 0 0 0 0 0 0 0 0 0 0 0 0 0 0 0 0 0 0 0 0 0 0 1 26 8 3 0 35 0 0 24 8 6 25 0 0 0
0 0 0 30 0 0 0 0 0 0 0 0 0 0 0 0 0 0 0 0 0 0 0 0 0 0 1 28 8 4 0 37 0 0 21 8 7 26 0 0 0
0 0 16 0 5 0 0 0 0 0 0 0 0 0 0 0 0 0 0 0 0 0 0 0 8 0 0 0 0 0 0 15 0 4 42 39 0 0 0 26 4
0 0 9 0 1 0 0 0 0 0 0 0 0 0 0 0 0 0 0 0 0 0 1 0 7 0 0 0 3 0 0 34 0 7 33 49 0 0 0 41 0
0 0 0 31 0 0 0 0 0 0 0 0 0 0 0 0 0 0 0 0 0 0 0 0 0 0 1 27 8 3 0 36 0 0 24 8 7 27 0 0 0
0 0 0 44 0 0 0 0 0 0 0 0 0 0 0 0 0 0 0 0 0 0 7 5 0 0 0 67 19 11 0 68 0 0 0 0 22 53 0 0 0
0 0 18 0 7 0 0 0 0 0 0 0 0 0 0 0 0 0 0 0 0 0 2 0 9 0 0 0 0 0 0 19 0 6 40 47 0 0 0 37 4
0 0 15 0 5 0 0 0 0 0 0 0 0 0 0 0 0 0 0 0 0 0 2 0 8 0 0 0 0 0 0 25 0 7 35 49 0 0 0 40 0
0 0 13 0 3 0 0 0 0 0 0 0 0 0 0 0 0 0 0 0 0 0 0 0 7 0 1 0 0 0 0 17 0 3 42 35 0 0 0 20 3
0 0 0 43 0 0 0 0 0 0 0 0 0 0 0 0 0 0 0 0 0 0 4 0 0 0 0 51 17 9 0 58 0 0 0 0 16 45 0 0 0
0 0 11 0 2 0 0 0 0 0 0 0 0 0 0 0 0 0 0 0 0 0 1 0 7 0 0 0 2 0 0 32 0 7 34 49 0 0 0 42 0
5 0 0 38 0 0 0 0 0 0 0 0 0 0 0 0 0 0 0 0 0 0 3 14 0 0 0 75 18 11 0 63 0 0 0 0 30 53 0 0 0
3 0 19 0 10 0 0 0 0 0 0 0 0 0 0 0 0 0 0 0 0 0 1 0 9 0 0 0 0 0 0 11 0 7 42 50 0 0 0 39 5
0 0 16 0 6 0 0 0 0 0 0 0 0 0 0 0 0 0 0 0 0 0 2 0 8 0 0 0 0 0 0 22 0 7 37 49 0 0 0 41 1
0 0 0 44 0 0 0 0 0 0 0 0 0 0 0 0 0 0 0 0 0 0 5 1 0 0 0 56 18 10 0 61 0 0 0 0 17 48 0 0 0
0 0 17 0 6 0 0 0 0 0 0 0 0 0 0 0 0 0 0 0 0 0 1 0 9 0 0 0 0 0 0 19 0 7 39 49 0 0 0 40 2
0 0 17 0 5 0 0 0 0 0 0 0 0 0 0 0 0 0 0 0 0 0 2 0 8 0 0 0 0 0 0 23 0 6 38 48 0 0 0 38 2
2 0 17 0 6 0 0 0 0 0 0 0 0 0 0 0 0 0 0 0 0 0 0 0 8 0 0 0 0 0 0 13 0 5 43 43 0 0 0 30 5
0 0 17 0 6 0 0 0 0 0 0 0 0 0 0 0 0 0 0 0 0 0 2 0 9 0 0 0 0 0 0 21 0 6 38 46 0 0 0 37 3
0 0 15 0 6 0 0 0 0 0 0 0 0 0 0 0 0 0 0 0 0 0 2 0 8 0 0 0 0 0 0 22 0 7 36 49 0 0 0 41 1
0 0 12 0 3 0 0 0 0 0 0 0 0 0 0 0 0 0 0 0 0 0 0 0 6 0 1 0 0 0 0 16 0 3 40 33 0 0 0 21 4
0 0 17 0 6 0 0 0 0 0 0 0 0 0 0 0 0 0 0 0 0 0 0 0 9 0 1 0 0 0 0 18 0 4 44 45 0 0 0 31 4
2 0 18 0 9 0 0 0 0 0 0 0 0 0 0 0 0 0 0 0 0 0 2 0 9 0 0 0 0 0 0 14 0 8 39 50 0 0 0 42 4
0 0 17 0 5 0 0 0 0 0 0 0 0 0 0 0 0 0 2 0 0 0 3 0 8 0 0 0 0 0 0 22 0 6 37 45 0 0 0 35 3
0 0 10 0 2 0 0 0 0 0 0 0 0 0 0 0 0 0 0 0 0 0 0 0 7 0 0 0 2 0 0 34 0 7 33 49 0 0 0 42 0
0 0 7 8 0 0 0 0 0 0 0 0 0 0 0 0 0 0 0 0 0 0 0 0 5 0 2 4 0 0 0 20 0 2 38 24 0 3 0 12 2
7 0 0 36 0 0 0 0 0 0 0 0 0 0 0 0 0 0 0 0 0 0 2 15 0 0 0 76 17 11 0 61 0 0 0 0 31 52 0 0 0
0 0 0 26 0 0 0 0 0 0 0 0 0 0 0 0 0 0 0 0 0 0 0 0 1 0 2 21 6 2 0 30 0 0 28 10 5 21 0 1 0
0 0 0 31 0 0 0 0 0 0 0 0 0 0 0 0 0 0 0 0 0 0 0 0 0 0 1 31 9 4 0 39 0 0 19 6 8 27 0 0 0
3 0 19 0 8 0 0 0 0 0 0 0 0 0 0 0 0 0 0 0 0 0 1 0 9 0 0 0 0 0 0 14 0 6 43 50 0 0 0 39 5
0 0 17 0 7 0 0 0 0 0 0 0 0 0 0 0 0 0 0 0 0 0 2 0 9 0 0 0 0 0 0 20 0 7 38 47 0 0 0 38 3
0 0 14 0 4 0 0 0 0 0 0 0 0 0 0 0 0 0 0 0 0 0 0 0 7 0 1 0 0 0 0 17 0 3 42 38 0 0 0 26 4
0 0 0 37 0 0 0 0 0 0 0 0 0 0 0 0 0 0 0 0 0 0 0 0 0 0 1 36 12 6 0 45 0 0 15 3 10 34 0 0 0
0 0 0 33 0 0 0 0 0 0 0 0 0 0 0 0 0 0 0 0 0 0 0 0 0 0 2 31 9 4 0 40 0 0 22 7 8 29 0 0 0
0 0 18 0 7 0 0 0 0 0 0 0 0 0 0 0 0 0 0 0 0 0 1 0 9 0 0 0 0 0 0 18 0 5 41 46 0 0 0 34 4
5 1 0 7 0 0 0 0 0 0 0 0 0 0 0 0 0 0 0 0 0 0 0 0 3 0 0 0 11 0 0 54 0 6 24 51 0 1 0 43 0
0 0 0 41 0 0 0 0 0 0 0 0 0 0 0 0 0 0 0 0 0 0 2 0 0 0 0 47 15 8 0 54 0 0 0 0 14 42 0 0 0
1 0 18 0 8 0 0 0 0 0 0 0 0 0 0 0 0 0 0 0 0 0 2 0 9 0 0 0 0 0 0 17 0 7 39 49 0 0 0 40 4
0 0 0 44 0 0 0 0 0 0 0 0 0 0 0 0 0 0 0 0 0 0 5 0 0 0 0 54 18 10 0 61 0 0 0 0 17 47 0 0 0
0 0 11 0 2 0 0 0 0 0 0 0 0 0 0 0 0 0 0 0 0 0 0 0 6 0 1 0 0 0 0 16 0 3 39 30 0 0 0 18 3
0 0 16 0 5 0 0 0 0 0 0 0 0 0 0 0 0 0 1 0 0 0 2 0 9 0 0 0 0 0 0 22 0 7 37 47 0 0 0 38 2
0 0 1 24 0 0 0 0 0 0 0 0 0 0 0 0 0 0 0 0 0 0 0 0 2 0 2 17 6 1 0 29 0 0 30 13 4 18 0 2 0
3 0 0 42 0 0 0 0 0 0 0 0 0 0 0 0 0 0 0 0 0 0 5 10 0 0 0 73 19 12 0 65 0 0 0 0 26 54 0 0 0
0 0 15 0 5 0 0 0 0 0 0 0 0 0 0 0 0 0 0 0 0 0 2 0 8 0 0 0 0 0 0 24 0 7 37 49 0 0 0 41 0
1 0 8 0 1 0 0 0 0 0 0 0 0 0 0 0 0 0 0 0 0 0 0 0 7 0 0 0 3 0 0 36 0 7 33 49 0 0 0 42 0
3 0 0 43 0 0 0 0 0 0 0 0 0 0 0 0 0 0 0 0 0 0 6 8 0 0 0 72 19 11 0 68 0 0 0 0 25 54 0 0 0
0 0 0 43 0 0 0 0 0 0 0 0 0 0 0 0 0 0 0 0 0 0 4 0 0 0 0 51 17 9 0 58 0 0 0 0 15 45 0 0 0
2 0 20 0 8 0 0 0 0 0 0 0 0 0 0 0 0 0 0 0 0 0 1 0 9 0 0 0 0 0 0 14 0 5 44 48 0 0 0 34 5
0 0 13 0 3 0 0 0 0 0 0 0 0 0 0 0 0 0 0 0 0 0 1 0 8 0 0 0 0 0 0 28 0 7 35 49 0 0 0 40 0
0 0 0 42 0 0 0 0 0 0 0 0 0 0 0 0 0 0 0 0 0 0 5 7 0 0 0 70 19 11 0 66 0 0 0 0 24 53 0 0 0
0 0 0 44 0 0 0 0 0 0 0 0 0 0 0 0 0 0 0 0 0 0 6 2 0 0 0 58 18 10 0 62 0 0 0 0 18 49 0 0 0
0 0 0 42 0 0 0 0 0 0 0 0 0 0 0 0 0 0 0 0 0 0 2 0 0 0 0 46 15 8 0 55 0 0 2 0 14 42 0 0 0
0 0 1 22 0 0 0 0 0 0 0 0 0 0 0 0 0 0 0 0 0 0 0 0 1 0 1 16 4 0 0 27 0 0 30 13 3 16 0 2 0
0 0 17 0 5 0 0 0 0 0 0 0 0 0 0 0 0 0 0 0 0 0 2 0 8 0 0 0 0 0 0 22 0 7 38 48 0 0 0 38 2
1 0 16 0 7 0 0 0 0 0 0 0 0 0 0 0 0 0 0 0 0 0 2 0 9 0 0 0 0 0 0 17 0 7 39 48 0 0 0 39 3
0 0 0 24 0 0 0 0 0 0 0 0 0 0 0 0 0 0 0 0 0 0 0 0 1 0 2 18 5 1 0 28 0 0 31 12 4 19 0 1 0
0 0 13 0 3 0 0 0 0 0 0 0 0 0 0 0 0 0 0 0 0 0 1 0 8 0 0 0 0 0 0 28 0 7 36 47 0 0 0 39 0
0 0 15 0 5 0 0 0 0 0 0 0 0 0 0 0 0 0 0 0 0 0 1 0 8 0 0 0 0 0 0 23 0 7 38 48 0 0 0 40 1
4 0 19 0 9 0 0 0 0 0 0 0 0 0 0 0 0 0 0 0 0 0 1 0 9 0 0 0 0 0 0 13 0 6 42 51 0 0 0 40 5
1 0 19 0 8 0 0 0 0 0 0 0 0 0 0 0 0 0 0 0 0 0 1 0 9 0 0 0 0 0 0 16 0 6 42 47 0 0 0 34 5
1 0 17 0 7 0 0 0 0 0 0 0 0 0 0 0 0 0 0 0 0 0 2 0 9 0 0 0 0 0 0 19 0 8 38 50 0 0 0 41 3
0 0 15 0 5 0 0 0 0 0 0 0 0 0 0 0 0 0 0 0 0 0 2 0 8 0 0 0 0 0 0 24 0 7 37 50 0 0 0 41 1
0 0 0 45 0 0 0 0 0 0 0 0 0 0 0 0 0 0 0 0 0 0 7 4 0 0 0 65 19 11 0 68 0 0 0 0 20 52 0 0 0
0 0 9 5 1 0 0 0 0 0 0 0 0 0 0 0 0 0 0 0 0 0 0 0 5 0 1 0 0 0 0 18 0 3 38 26 0 0 0 13 3
0 0 8 0 1 0 0 0 0 0 0 0 0 0 0 0 0 0 0 0 0 0 0 0 7 0 0 0 4 0 0 37 0 8 33 50 0 0 0 43 0
0 0 15 0 5 0 0 0 0 0 0 0 0 0 0 0 0 0 0 0 0 0 1 0 8 0 0 0 0 0 0 24 0 7 37 49 0 0 0 40 0
2 0 0 43 0 0 0 0 0 0 0 0 0 0 0 0 0 0 0 0 0 0 6 8 0 0 0 70 19 12 0 68 0 0 0 0 25 54 0 0 0
1 0 0 43 0 0 0 0 0 0 0 0 0 0 0 0 0 0 0 0 0 0 6 8 0 0 0 71 19 12 0 67 0 0 0 0 25 54 0 0 0
1 0 17 0 6 0 0 0 0 0 0 0 0 0 0 0 0 0 0 0 0 0 0 0 8 0 1 0 0 0 0 16 0 4 44 44 0 0 0 31 4
0 0 0 41 0 0 0 0 0 0 0 0 0 0 0 0 0 0 0 0 0 0 2 0 0 0 0 45 14 8 0 52 0 0 3 0 13 41 0 0 0
0 0 17 0 6 0 0 0 0 0 0 0 0 0 0 0 0 0 0 0 0 0 2 0 9 0 0 0 0 0 0 21 0 7 39 49 0 0 0 39 3
0 0 0 45 0 0 0 0 0 0 0 0 0 0 0 0 0 0 0 0 0 0 6 1 0 0 0 57 18 10 0 64 0 0 0 0 17 49 0 0 0
0 0 0 45 0 0 0 0 0 0 0 0 0 0 0 0 0 0 0 0 0 0 7 3 0 0 0 65 19 11 0 68 0 0 0 0 20 52 0 0 0
2 0 19 0 8 0 0 0 0 0 0 0 0 0 0 0 0 0 0 0 0 0 1 0 9 0 0 0 0 0 0 14 0 6 42 48 0 0 0 37 5
0 0 16 0 5 0 0 0 0 0 0 0 0 0 0 0 0 0 0 0 0 0 1 0 8 0 0 0 0 0 0 15 0 5 41 40 0 0 0 26 5
5 0 0 37 0 0 0 0 0 0 0 0 0 0 0 0 0 0 0 0 0 0 2 13 0 0 0 74 18 11 0 62 0 0 0 0 29 52 0 0 0
0 0 0 45 0 0 0 0 0 0 0 0 0 0 0 0 0 0 0 0 0 0 7 4 0 0 0 65 19 11 0 68 0 0 0 0 21 52 0 0 0
2 0 18 0 8 0 0 0 0 0 0 0 0 0 0 0 0 0 0 0 0 0 1 0 9 0 0 0 0 0 0 16 0 6 41 49 0 0 0 39 4
8 0 0 34 0 0 0 0 0 0 0 0 0 0 0 0 0 0 0 0 0 0 1 17 0 0 0 76 17 10 0 59 0 0 0 0 32 51 0 0 0
0 0 0 43 0 0 0 0 0 0 0 0 0 0 0 0 0 0 0 0 0 0 3 0 0 0 0 45 16 8 0 55 0 0 2 0 14 43 0 0 0
2 0 14 0 5 0 0 0 0 0 0 0 0 0 0 0 0 0 0 0 0 0 0 0 7 0 1 0 0 0 0 14 0 4 42 39 0 0 0 26 4
1 0 16 0 5 0 0 0 0 0 0 0 0 0 0 0 0 0 0 0 0 0 0 0 8 0 0 0 0 0 0 14 0 4 43 41 0 0 0 27 5
0 0 18 0 6 0 0 0 0 0 0 0 0 0 0 0 0 0 0 0 0 0 2 0 9 0 0 0 0 0 0 20 0 6 39 47 0 0 0 36 4
0 0 0 45 0 0 0 0 0 0 0 0 0 0 0 0 0 0 0 0 0 0 7 3 0 0 0 61 19 11 0 66 0 0 0 0 19 51 0 0 0
0 0 0 44 0 0 0 0 0 0 0 0 0 0 0 0 0 0 0 0 0 0 4 0 0 0 0 51 17 9 0 60 0 0 0 0 15 45 0 0 0
2 0 19 0 9 0 0 0 0 0 0 0 0 0 0 0 0 0 0 0 0 0 1 0 9 0 0 0 0 0 0 12 0 6 42 49 0 0 0 38 6
0 0 5 1 0 0 0 0 0 0 0 0 0 0 0 0 0 0 0 0 0 0 0 0 6 0 0 0 7 0 0 43 0 8 31 50 0 0 0 43 0
0 0 14 0 3 0 0 0 0 0 0 0 0 0 0 0 0 0 0 0 0 0 0 0 7 0 1 0 0 0 0 17 0 4 41 35 0 0 0 21 4
5 0 0 38 0 0 0 0 0 0 0 0 0 0 0 0 0 0 0 0 0 0 3 13 0 0 0 74 17 11 0 62 0 0 0 0 28 52 0 0 0
0 0 19 0 6 0 0 0 0 0 0 0 0 0 0 0 0 0 0 0 0 0 1 0 9 0 0 0 0 0 0 17 0 5 42 47 0 0 0 35 5
0 0 6 9 0 0 0 0 0 0 0 0 0 0 0 0 0 0 0 0 0 0 0 0 4 0 2 4 0 0 0 19 0 2 37 24 0 3 0 12 2
0 0 4 14 0 0 0 0 0 0 0 0 0 0 0 0 0 0 0 0 0 0 0 0 3 0 2 9 1 0 0 21 0 1 33 17 1 8 0 7 1
0 0 11 0 2 0 0 0 0 0 0 0 0 0 0 0 0 0 0 0 0 0 0 0 6 0 1 0 0 0 0 18 0 3 41 33 0 0 0 21 3
0 0 18 0 6 0 0 0 0 0 0 0 0 0 0 0 0 0 0 0 0 0 2 0 9 0 0 0 0 0 0 21 0 6 41 46 0 0 0 34 4
1 0 19 0 7 0 0 0 0 0 0 0 0 0 0 0 0 0 0 0 0 0 1 0 9 0 0 0 0 0 0 17 0 6 41 47 0 0 0 37 5
0 0 0 41 0 0 0 0 0 0 0 0 0 0 0 0 0 0 0 0 0 0 2 0 0 0 0 41 14 6 0 51 0 0 8 0 12 39 0 0 0
1 0 18 0 7 0 0 0 0 0 0 0 0 0 0 0 0 0 0 0 0 0 0 0 8 0 0 0 0 0 0 14 0 5 43 44 0 0 0 31 5
1 0 18 0 7 0 0 0 0 0 0 0 0 0 0 0 0 0 0 0 0 0 1 0 9 0 0 0 0 0 0 20 0 6 40 49 0 0 0 38 3
2 0 18 0 7 0 0 0 0 0 0 0 0 0 0 0 0 0 0 0 0 0 2 0 8 0 0 0 0 0 0 22 0 7 36 51 0 0 0 41 2
0 0 0 40 0 0 0 0 0 0 0 0 0 0 0 0 0 0 0 0 0 0 2 0 0 0 0 41 13 7 0 50 0 0 8 0 12 38 0 0 0
0 0 15 0 5 0 0 0 0 0 0 0 0 0 0 0 0 0 0 0 0 0 2 0 8 0 0 0 0 0 0 24 0 7 37 50 0 0 0 41 1
