79 0 0 1 0 0 0 0 0 0 0 0 0 0 0 0 0 0 0 0 0 0 2 0 0 0 0 1 4 0 0 15 0 0 0 7 0 0 26 1 21
21 0 0 26 0 0 0 0 0 0 0 0 0 0 0 0 0 0 0 0 0 0 6 0 0 0 1 0 0 0 0 25 15 0 40 0 0 0 27 0 0
0 0 60 0 0 0 0 0 0 0 0 0 0 0 0 0 0 0 0 0 0 0 18 0 0 0 27 14 0 0 0 54 0 0 71 46 0 0 0 71 0
68 0 0 20 0 0 0 0 0 0 0 0 0 0 0 0 0 0 0 0 0 0 9 0 0 0 1 0 0 0 0 19 3 0 4 0 1 0 36 0 3
79 0 0 0 0 0 0 0 0 0 0 0 0 0 0 0 0 0 0 0 0 0 2 0 0 0 0 1 3 0 0 16 0 0 0 12 0 0 23 4 23
76 0 0 16 0 0 0 0 0 0 0 0 0 0 0 0 0 0 0 0 0 0 9 0 0 0 0 0 0 0 0 17 0 0 0 0 0 0 36 0 7
5 0 46 0 0 0 0 0 0 0 0 0 0 0 0 0 0 0 0 0 0 0 11 0 0 0 26 11 0 0 0 36 0 0 51 46 0 0 0 64 14
77 0 0 12 0 0 0 0 0 0 0 0 0 0 0 0 0 0 0 0 0 0 5 0 0 0 0 0 0 0 0 17 0 0 0 0 0 0 36 0 9
0 0 0 27 0 0 0 0 0 0 0 0 0 0 0 0 0 0 0 0 0 0 1 0 0 0 0 0 0 0 0 42 24 0 58 0 0 0 18 0 0
79 0 0 3 0 0 0 0 0 0 0 0 0 0 0 0 0 0 0 0 0 0 3 0 0 0 0 1 3 0 0 18 0 0 0 3 0 0 29 0 19
80 0 0 15 0 0 0 0 0 0 0 0 0 0 0 0 0 0 0 0 0 0 9 0 0 0 0 0 0 0 0 17 0 0 0 0 0 0 37 0 10
20 0 0 26 0 0 0 0 0 0 0 0 0 0 0 0 0 0 0 0 0 0 5 0 0 0 0 0 0 0 0 29 16 0 43 0 0 0 29 0 0
82 0 0 8 0 0 0 0 0 0 0 0 0 0 0 0 0 0 0 0 0 0 6 0 0 0 0 1 1 0 0 18 0 0 0 0 0 0 34 0 15
0 0 0 27 0 0 0 0 0 0 0 0 0 0 0 0 0 0 0 0 0 0 2 0 0 0 0 1 0 0 0 46 27 0 64 0 0 0 15 0 0
76 0 0 0 0 0 0 0 0 0 0 0 0 0 0 0 0 0 0 0 0 0 1 0 0 0 0 1 3 0 0 14 0 0 0 19 0 0 18 11 26
0 0 66 0 0 0 0 0 0 0 0 0 0 0 0 0 0 0 0 0 0 0 22 0 0 0 28 16 0 0 0 62 0 0 78 47 0 0 0 75 0
0 0 0 27 0 0 0 0 0 0 0 0 0 0 0 0 0 0 0 0 0 0 0 0 0 0 0 0 0 0 0 41 24 0 59 0 0 0 18 0 0
37 0 0 26 0 0 0 0 0 0 0 0 0 0 0 0 0 0 0 0 0 0 9 0 0 0 1 0 0 0 0 21 12 0 31 0 0 0 31 0 0
0 0 51 0 0 0 0 0 0 0 0 0 0 0 0 0 0 0 0 0 0 0 13 0 0 0 27 12 0 0 0 43 0 0 58 44 0 0 0 66 8
31 0 33 0 0 0 0 0 0 0 0 0 0 0 0 0 0 0 0 0 0 0 4 0 0 0 20 7 0 0 0 24 0 0 34 47 0 0 0 57 25
15 0 41 0 0 0 0 0 0 0 0 0 0 0 0 0 0 0 0 0 0 0 7 0 0 0 24 10 0 0 0 33 0 0 45 46 0 0 0 63 18
70 0 0 20 0 0 0 0 0 0 0 0 0 0 0 0 0 0 0 0 0 0 9 0 0 0 0 0 0 0 0 17 2 0 2 0 0 0 36 0 4
0 0 0 27 0 0 0 0 0 0 0 0 0 0 0 0 0 0 0 0 0 0 0 0 0 0 0 1 0 0 0 43 25 0 59 0 0 0 18 0 0
0 0 0 27 0 0 0 0 0 0 0 0 0 0 0 0 0 0 0 0 0 0 0 0 0 0 0 2 0 0 0 49 30 0 65 0 0 0 11 0 0
68 0 0 19 0 0 0 0 0 0 0 0 0 0 0 0 0 0 0 0 0 0 7 0 0 0 0 0 0 0 0 18 3 0 1 0 1 0 36 0 3
55 0 16 0 0 0 0 0 0 0 0 0 0 0 0 0 0 0 0 0 0 0 0 0 0 0 11 4 0 0 0 14 0 0 12 38 0 0 0 42 29
48 0 0 24 0 0 0 0 0 0 0 0 0 0 0 0 0 0 0 0 0 0 8 0 0 0 1 0 0 0 0 18 9 0 20 0 0 0 33 0 0
67 0 0 0 0 0 0 0 0 0 0 0 0 0 0 0 0 0 0 0 0 0 0 0 0 0 2 2 2 0 0 10 0 0 0 24 0 0 7 25 28
47 0 23 0 1 0 0 0 0 0 0 0 0 0 0 0 0 0 0 0 0 0 0 0 0 0 16 5 0 0 0 16 0 0 21 43 0 0 0 50 29
29 0 0 26 0 0 0 0 0 0 0 0 0 0 0 0 0 0 0 0 0 0 7 0 0 0 0 0 0 0 0 25 14 0 36 0 0 0 30 0 0
71 0 0 0 0 0 0 0 0 0 0 0 0 0 0 0 0 0 0 0 0 0 0 0 0 0 2 2 3 0 0 10 0 0 0 24 0 0 9 22 29
0 0 68 0 0 0 0 0 0 0 0 0 0 0 0 0 0 0 0 0 0 0 23 0 0 0 27 15 0 0 0 65 0 0 85 47 0 0 0 76 0
70 0 0 21 0 0 0 0 0 0 0 0 0 0 0 0 0 0 0 0 0 0 11 0 0 0 2 0 0 0 0 20 3 0 5 0 1 0 36 0 4
37 0 0 26 0 0 0 0 0 0 0 0 0 0 0 0 0 0 0 0 0 0 8 0 0 0 0 0 0 0 0 21 11 0 31 0 0 0 31 0 0
0 0 51 0 0 0 0 0 0 0 0 0 0 0 0 0 0 0 0 0 0 0 12 0 0 0 27 12 0 0 0 42 0 0 58 45 0 0 0 67 8
0 0 0 26 0 0 0 0 0 0 0 0 0 0 0 0 0 0 0 0 0 0 0 0 0 0 0 0 0 0 0 41 23 0 56 0 0 0 20 0 0
78 0 0 2 0 0 0 0 0 0 0 0 0 0 0 0 0 0 0 0 0 0 2 0 0 0 0 1 3 0 0 17 0 0 0 5 0 0 27 0 20
13 0 0 27 0 0 0 0 0 0 0 0 0 0 0 0 0 0 0 0 0 0 5 0 0 0 0 0 0 0 0 33 18 0 47 0 0 0 29 0 0
0 0 0 27 0 0 0 0 0 0 0 0 0 0 0 0 0 0 0 0 0 0 3 0 0 0 0 1 0 0 0 43 25 0 59 0 0 0 17 0 0
79 0 0 1 0 0 0 0 0 0 0 0 0 0 0 0 0 0 0 0 0 0 1 0 0 0 0 1 3 0 0 15 0 0 0 9 0 0 25 2 22
67 0 0 20 0 0 0 0 0 0 0 0 0 0 0 0 0 0 0 0 0 0 9 0 0 0 1 0 0 0 0 18 3 0 3 0 0 0 37 0 2
46 0 0 25 0 0 0 0 0 0 0 0 0 0 0 0 0 0 0 0 0 0 9 0 0 0 1 0 0 0 0 19 9 0 24 0 0 0 32 0 0
4 0 46 0 0 0 0 0 0 0 0 0 0 0 0 0 0 0 0 0 0 0 10 0 0 0 26 12 0 0 0 39 0 0 50 44 0 0 0 66 13
80 0 0 11 0 0 0 0 0 0 0 0 0 0 0 0 0 0 0 0 0 0 7 0 0 0 0 0 0 0 0 17 0 0 0 0 0 0 35 0 12
64 0 0 22 0 0 0 0 0 0 0 0 0 0 0 0 0 0 0 0 0 0 9 0 0 0 1 0 0 0 0 17 4 0 7 0 1 0 36 0 2
0 0 65 0 0 0 0 0 0 0 0 0 0 0 0 0 0 0 0 0 0 0 21 0 0 0 28 16 0 0 0 61 0 0 76 46 0 0 0 75 0
21 0 0 25 1 0 0 0 0 0 0 0 0 0 0 0 0 0 0 0 0 0 4 0 0 0 0 0 0 0 0 27 15 0 40 0 0 0 28 0 0
50 0 0 25 0 0 0 0 0 0 0 0 0 0 0 0 0 0 0 0 0 0 9 0 0 0 1 0 0 0 0 17 8 0 18 0 0 0 34 0 0
0 0 63 0 0 0 0 0 0 0 0 0 0 0 0 0 0 0 0 0 0 0 19 0 0 0 28 15 0 0 0 59 0 0 72 45 0 0 0 76 0
0 0 49 0 0 0 0 0 0 0 0 0 0 0 0 0 0 0 0 0 0 0 11 0 0 0 27 12 0 0 0 40 0 0 54 44 0 0 0 67 10
0 0 67 0 0 0 0 0 0 0 0 0 0 0 0 0 0 0 0 0 0 0 24 0 0 0 27 15 0 0 0 64 0 0 83 48 0 0 0 73 0
71 0 0 0 0 0 0 0 0 0 0 0 0 0 0 0 0 0 0 0 0 0 1 0 0 0 3 2 2 0 0 12 0 0 0 23 0 0 10 20 27
46 0 0 24 0 0 0 0 0 0 0 0 0 0 0 0 0 0 0 0 0 0 7 0 0 0 0 0 0 0 0 18 9 0 20 0 0 0 33 0 0
0 0 0 27 0 0 0 0 0 0 0 0 0 0 0 0 0 0 0 0 0 0 1 0 0 0 0 0 0 0 0 42 24 0 59 0 0 0 18 0 0
48 0 25 0 0 0 0 0 0 0 0 0 0 0 0 0 0 0 0 0 0 0 1 0 0 0 17 6 0 0 0 17 0 0 22 43 0 0 0 52 30
45 0 27 0 0 0 0 0 0 0 0 0 0 0 0 0 0 0 0 0 0 0 1 0 0 0 18 6 0 0 0 18 0 0 24 44 0 0 0 53 29
75 0 0 0 0 0 0 0 0 0 0 0 0 0 0 0 0 0 0 0 0 0 0 0 0 0 0 2 2 0 0 14 0 0 0 20 0 0 15 15 26
39 0 0 24 1 0 0 0 0 0 0 0 0 0 0 0 0 0 0 0 0 0 4 0 0 0 0 0 0 0 0 21 11 0 26 0 0 0 32 0 0
38 0 31 0 0 0 0 0 0 0 0 0 0 0 0 0 0 0 0 0 0 0 3 0 0 0 19 8 0 0 0 23 0 0 30 46 0 0 0 56 28
55 0 15 0 0 0 0 0 0 0 0 0 0 0 0 0 0 0 0 0 0 0 0 0 0 0 10 3 0 0 0 13 0 0 10 37 0 0 0 42 29
0 0 116 0 0 0 0 0 0 0 0 0 0 0 0 0 0 0 0 0 0 0 43 0 0 0 28 22 0 0 0 91 6 0 115 42 0 0 0 117 0
69 0 0 0 0 0 0 0 0 0 0 0 0 0 0 0 0 0 0 0 0 0 0 0 0 0 1 1 2 0 0 8 0 0 0 25 0 0 7 24 29
58 0 14 0 0 0 0 0 0 0 0 0 0 0 0 0 0 0 0 0 0 0 0 0 0 0 10 4 0 0 0 13 0 0 7 35 0 0 0 42 30
16 0 0 27 0 0 0 0 0 0 0 0 0 0 0 0 0 0 0 0 0 0 6 0 0 0 1 0 0 0 0 30 17 0 46 0 0 0 28 0 0
70 0 0 19 0 0 0 0 0 0 0 0 0 0 0 0 0 0 0 0 0 0 7 0 0 0 0 0 0 0 0 16 2 0 0 0 1 0 36 0 4
82 0 0 4 0 0 0 0 0 0 0 0 0 0 0 0 0 0 0 0 0 0 2 0 0 0 0 1 3 0 0 17 0 0 0 1 0 0 31 0 19
70 0 0 0 0 0 0 0 0 0 0 0 0 0 0 0 0 0 0 0 0 0 1 0 0 0 2 2 3 0 0 10 0 0 0 22 0 0 10 19 27
31 0 0 25 1 0 0 0 0 0 0 0 0 0 0 0 0 0 0 0 0 0 5 0 0 0 1 0 0 0 0 22 12 0 32 0 0 0 30 0 0
70 0 0 0 0 0 0 0 0 0 0 0 0 0 0 0 0 0 0 0 0 0 0 0 0 0 2 2 3 0 0 12 0 0 0 24 0 0 9 24 28
73 0 0 0 0 0 0 0 0 0 0 0 0 0 0 0 0 0 0 0 0 0 1 0 0 0 0 1 3 0 0 12 0 0 0 19 0 0 16 12 26
82 0 0 3 0 0 0 0 0 0 0 0 0 0 0 0 0 0 0 0 0 0 2 0 0 0 0 0 3 0 0 16 0 0 0 4 0 0 29 0 20
62 0 9 0 0 0 0 0 0 0 0 0 0 0 0 0 0 0 0 0 0 0 0 0 0 0 7 3 1 0 0 11 0 0 1 31 0 0 0 35 30
13 0 41 0 0 0 0 0 0 0 0 0 0 0 0 0 0 0 0 0 0 0 8 0 0 0 24 9 0 0 0 32 0 0 47 46 0 0 0 61 18
81 0 0 6 0 0 0 0 0 0 0 0 0 0 0 0 0 0 0 0 0 0 4 0 0 0 0 0 1 0 0 18 0 0 0 0 0 0 34 0 15
52 0 0 25 0 0 0 0 0 0 0 0 0 0 0 0 0 0 0 0 0 0 9 0 0 0 0 0 0 0 0 17 8 0 19 0 0 0 34 0 0
76 0 0 12 0 0 0 0 0 0 0 0 0 0 0 0 0 0 0 0 0 0 5 0 0 0 0 0 0 0 0 16 0 0 0 0 0 0 36 0 8
0 0 0 26 0 0 0 0 0 0 0 0 0 0 0 0 0 0 0 0 0 0 0 0 0 0 0 3 0 0 0 49 30 0 62 0 0 0 10 0 0
79 0 0 13 0 0 0 0 0 0 0 0 0 0 0 0 0 0 0 0 0 0 6 0 0 0 0 0 0 0 0 17 0 0 0 0 0 0 37 0 9
60 0 9 0 0 0 0 0 0 0 0 0 0 0 0 0 0 0 0 0 0 0 0 0 0 0 7 3 0 0 0 11 0 0 2 31 0 0 0 35 29
0 0 81 0 0 0 0 0 0 0 0 0 0 0 0 0 0 0 0 0 0 0 29 0 0 0 28 17 0 0 0 72 1 0 93 46 0 0 0 86 0
78 0 0 3 0 0 0 0 0 0 0 0 0 0 0 0 0 0 0 0 0 0 2 0 0 0 0 0 3 0 0 14 0 0 0 6 0 0 27 0 20
52 0 18 0 0 0 0 0 0 0 0 0 0 0 0 0 0 0 0 0 0 0 0 0 0 0 13 4 0 0 0 15 0 0 16 39 0 0 0 45 29
35 0 29 0 0 0 0 0 0 0 0 0 0 0 0 0 0 0 0 0 0 0 3 0 0 0 18 6 0 0 0 20 0 0 30 45 0 0 0 54 26
58 0 14 0 0 0 0 0 0 0 0 0 0 0 0 0 0 0 0 0 0 0 0 0 0 0 10 3 0 0 0 12 0 0 10 37 0 0 0 41 30
78 0 0 2 0 0 0 0 0 0 0 0 0 0 0 0 0 0 0 0 0 0 2 0 0 0 0 1 3 0 0 14 0 0 0 10 0 0 25 1 22
61 0 8 0 0 0 0 0 0 0 0 0 0 0 0 0 0 0 0 0 0 0 0 0 0 0 7 2 0 0 0 10 0 0 1 29 0 0 0 33 28
81 0 0 1 0 0 0 0 0 0 0 0 0 0 0 0 0 0 0 0 0 0 1 0 0 0 0 1 3 0 0 17 0 0 0 7 0 0 27 1 22
72 0 0 21 0 0 0 0 0 0 0 0 0 0 0 0 0 0 0 0 0 0 10 0 0 0 1 0 0 0 0 18 2 0 3 0 1 0 37 0 4
0 0 56 0 0 0 0 0 0 0 0 0 0 0 0 0 0 0 0 0 0 0 16 0 0 0 27 13 0 0 0 49 0 0 67 45 0 0 0 68 1
77 0 0 14 0 0 0 0 0 0 0 0 0 0 0 0 0 0 0 0 0 0 7 0 0 0 0 0 0 0 0 17 0 0 0 0 0 0 37 0 8
75 0 0 14 0 0 0 0 0 0 0 0 0 0 0 0 0 0 0 0 0 0 6 0 0 0 0 0 0 0 0 17 0 0 0 0 0 0 36 0 7
8 0 0 27 0 0 0 0 0 0 0 0 0 0 0 0 0 0 0 0 0 0 4 0 0 0 0 0 0 0 0 33 18 0 49 0 0 0 26 0 0
77 0 0 10 0 0 0 0 0 0 0 0 0 0 0 0 0 0 0 0 0 0 4 0 0 0 0 0 0 0 0 17 0 0 0 0 0 0 36 0 10
72 0 0 0 0 0 0 0 0 0 0 0 0 0 0 0 0 0 0 0 0 0 0 0 0 0 0 1 3 0 0 11 0 0 0 20 0 0 13 16 27
0 0 64 0 0 0 0 0 0 0 0 0 0 0 0 0 0 0 0 0 0 0 21 0 0 0 27 14 0 0 0 60 0 0 79 46 0 0 0 74 0
0 0 0 27 0 0 0 0 0 0 0 0 0 0 0 0 0 0 0 0 0 0 2 0 0 0 0 0 0 0 0 38 21 0 54 0 0 0 24 0 0
16 0 40 0 0 0 0 0 0 0 0 0 0 0 0 0 0 0 0 0 0 0 7 0 0 0 23 9 0 0 0 33 0 0 45 47 0 0 0 62 19
79 0 0 12 0 0 0 0 0 0 0 0 0 0 0 0 0 0 0 0 0 0 6 0 0 0 0 0 0 0 0 18 0 0 0 0 0 0 36 0 11
2 0 0 26 0 0 0 0 0 0 0 0 0 0 0 0 0 0 0 0 0 0 3 0 0 0 0 0 0 0 0 34 19 0 52 0 0 0 24 0 0
66 0 3 0 0 0 0 0 0 0 0 0 0 0 0 0 0 0 0 0 0 0 0 0 0 0 4 2 2 0 0 10 0 0 0 27 0 0 4 29 29
32 0 0 28 0 0 0 0 0 0 0 0 0 0 0 0 0 0 0 0 0 0 9 0 0 0 1 0 0 0 0 24 14 0 37 0 0 0 30 0 0
0 0 0 26 3 0 0 0 0 0 0 0 0 0 0 0 0 0 0 0 0 0 0 0 0 0 0 4 0 0 0 54 35 0 65 0 0 0 1 0 0
44 0 26 0 0 0 0 0 0 0 0 0 0 0 0 0 0 0 0 0 0 0 1 0 0 0 17 5 0 0 0 18 0 0 25 45 0 0 0 52 29
66 0 6 0 0 0 0 0 0 0 0 0 0 0 0 0 0 0 0 0 0 0 0 0 0 0 5 2 0 0 0 11 0 0 0 32 0 0 1 33 30
80 0 0 4 0 0 0 0 0 0 0 0 0 0 0 0 0 0 0 0 0 0 2 0 0 0 0 1 3 0 0 16 0 0 0 1 0 0 30 0 19
62 0 0 24 0 0 0 0 0 0 0 0 0 0 0 0 0 0 0 0 0 0 10 0 0 0 0 0 0 0 0 17 5 0 12 0 0 0 36 0 2
0 0 62 0 0 0 0 0 0 0 0 0 0 0 0 0 0 0 0 0 0 0 20 0 0 0 27 13 0 0 0 57 0 0 77 46 0 0 0 71 0
10 0 43 0 0 0 0 0 0 0 0 0 0 0 0 0 0 0 0 0 0 0 8 0 0 0 25 10 0 0 0 34 0 0 47 46 0 0 0 63 17
71 0 0 19 0 0 0 0 0 0 0 0 0 0 0 0 0 0 0 0 0 0 9 0 0 0 0 0 0 0 0 16 2 0 0 0 1 0 36 0 5
79 0 0 10 0 0 0 0 0 0 0 0 0 0 0 0 0 0 0 0 0 0 5 0 0 0 0 0 0 0 0 17 0 0 0 0 0 0 36 0 11
70 0 0 0 0 0 0 0 0 0 0 0 0 0 0 0 0 0 0 0 0 0 0 0 0 0 1 1 3 0 0 10 0 0 0 23 0 0 10 20 28
61 0 7 0 0 0 0 0 0 0 0 0 0 0 0 0 0 0 0 0 0 0 0 0 0 0 7 3 1 0 0 10 0 0 1 29 0 0 0 32 28
54 0 16 0 0 0 0 0 0 0 0 0 0 0 0 0 0 0 0 0 0 0 0 0 0 0 12 4 0 0 0 14 0 0 13 39 0 0 0 43 30
0 0 0 26 0 0 0 0 0 0 0 0 0 0 0 0 0 0 0 0 0 0 0 0 0 0 0 2 0 0 0 46 29 0 61 0 0 0 12 0 0
82 0 0 5 0 0 0 0 0 0 0 0 0 0 0 0 0 0 0 0 0 0 3 0 0 0 0 1 1 0 0 19 0 0 0 0 0 0 34 0 15
69 0 0 0 0 0 0 0 0 0 0 0 0 0 0 0 0 0 0 0 0 0 0 0 0 0 3 2 3 0 0 11 0 0 0 24 0 0 7 24 28
0 0 53 0 0 0 0 0 0 0 0 0 0 0 0 0 0 0 0 0 0 0 14 0 0 0 27 12 0 0 0 46 0 0 60 45 0 0 0 68 5
0 0 0 27 0 0 0 0 0 0 0 0 0 0 0 0 0 0 0 0 0 0 3 0 0 0 0 0 0 0 0 37 20 0 56 0 0 0 23 0 0
57 0 12 0 1 0 0 0 0 0 0 0 0 0 0 0 0 0 0 0 0 0 0 0 0 0 10 3 0 0 0 12 0 0 6 33 0 0 0 38 29
43 0 26 0 0 0 0 0 0 0 0 0 0 0 0 0 0 0 0 0 0 0 1 0 0 0 17 5 0 0 0 17 0 0 25 44 0 0 0 52 28
77 0 0 3 0 0 0 0 0 0 0 0 0 0 0 0 0 0 0 0 0 0 3 0 0 0 0 1 3 0 0 14 0 0 0 6 0 0 26 0 20
80 0 0 5 0 0 0 0 0 0 0 0 0 0 0 0 0 0 0 0 0 0 3 0 0 0 0 0 2 0 0 18 0 0 0 0 0 0 32 0 16
72 0 0 0 0 0 0 0 0 0 0 0 0 0 0 0 0 0 0 0 0 0 0 0 0 0 0 1 2 0 0 13 0 0 0 20 0 0 15 13 26
79 0 0 11 0 0 0 0 0 0 0 0 0 0 0 0 0 0 0 0 0 0 5 0 0 0 0 0 0 0 0 16 0 0 0 0 0 0 36 0 10
30 0 34 0 0 0 0 0 0 0 0 0 0 0 0 0 0 0 0 0 0 0 4 0 0 0 21 7 0 0 0 25 0 0 36 47 0 0 0 59 25
35 0 31 0 0 0 0 0 0 0 0 0 0 0 0 0 0 0 0 0 0 0 2 0 0 0 20 7 0 0 0 22 0 0 31 46 0 0 0 57 26
78 0 0 12 0 0 0 0 0 0 0 0 0 0 0 0 0 0 0 0 0 0 5 0 0 0 0 0 0 0 0 17 0 0 0 0 0 0 37 0 9
8 0 0 28 0 0 0 0 0 0 0 0 0 0 0 0 0 0 0 0 0 0 5 0 0 0 0 0 0 0 0 34 19 0 50 0 0 0 28 0 0
53 0 16 0 0 0 0 0 0 0 0 0 0 0 0 0 0 0 0 0 0 0 1 0 0 0 12 4 0 0 0 13 0 0 14 37 0 0 0 42 28
81 0 0 4 0 0 0 0 0 0 0 0 0 0 0 0 0 0 0 0 0 0 2 0 0 0 0 0 2 0 0 17 0 0 0 1 0 0 31 0 18
59 0 0 23 0 0 0 0 0 0 0 0 0 0 0 0 0 0 0 0 0 0 9 0 0 0 1 0 0 0 0 18 6 0 13 0 0 0 35 0 0
0 0 50 0 0 0 0 0 0 0 0 0 0 0 0 0 0 0 0 0 0 0 12 0 0 0 26 12 0 0 0 43 0 0 57 45 0 0 0 67 9
37 0 31 0 0 0 0 0 0 0 0 0 0 0 0 0 0 0 0 0 0 0 3 0 0 0 20 7 0 0 0 22 0 0 30 46 0 0 0 56 27
47 0 24 0 0 0 0 0 0 0 0 0 0 0 0 0 0 0 0 0 0 0 1 0 0 0 16 5 0 0 0 17 0 0 21 43 0 0 0 51 29
71 0 0 0 0 0 0 0 0 0 0 0 0 0 0 0 0 0 0 0 0 0 0 0 0 0 1 2 3 0 0 10 0 0 0 23 0 0 11 18 28
43 0 28 0 0 0 0 0 0 0 0 0 0 0 0 0 0 0 0 0 0 0 1 0 0 0 18 6 0 0 0 18 0 0 26 45 0 0 0 54 29
33 0 0 25 0 0 0 0 0 0 0 0 0 0 0 0 0 0 0 0 0 0 7 0 0 0 0 0 0 0 0 23 12 0 32 0 0 0 31 0 0
50 0 23 0 0 0 0 0 0 0 0 0 0 0 0 0 0 0 0 0 0 0 0 0 0 0 15 5 0 0 0 17 0 0 19 43 0 0 0 51 30
73 0 0 16 0 0 0 0 0 0 0 0 0 0 0 0 0 0 0 0 0 0 6 0 0 0 0 0 0 0 0 16 0 0 0 0 1 0 37 0 5
60 0 11 0 0 0 0 0 0 0 0 0 0 0 0 0 0 0 0 0 0 0 0 0 0 0 8 3 0 0 0 12 0 0 2 32 0 0 0 38 30
24 0 0 26 0 0 0 0 0 0 0 0 0 0 0 0 0 0 0 0 0 0 5 0 0 0 0 0 0 0 0 25 15 0 38 0 0 0 29 0 0
0 0 82 0 0 0 0 0 0 0 0 0 0 0 0 0 0 0 0 0 0 0 30 0 0 0 27 17 0 0 0 73 2 0 96 47 0 0 0 87 0
12 0 42 0 0 0 0 0 0 0 0 0 0 0 0 0 0 0 0 0 0 0 8 0 0 0 25 10 0 0 0 33 0 0 47 46 0 0 0 63 18
62 0 0 22 0 0 0 0 0 0 0 0 0 0 0 0 0 0 0 0 0 0 8 0 0 0 1 0 0 0 0 19 5 0 9 0 1 0 36 0 0
20 0 39 0 0 0 0 0 0 0 0 0 0 0 0 0 0 0 0 0 0 0 6 0 0 0 23 9 0 0 0 29 0 0 42 47 0 0 0 61 21
22 0 39 0 0 0 0 0 0 0 0 0 0 0 0 0 0 0 0 0 0 0 6 0 0 0 23 9 0 0 0 30 0 0 41 47 0 0 0 62 22
79 0 0 0 0 0 0 0 0 0 0 0 0 0 0 0 0 0 0 0 0 0 1 0 0 0 0 1 4 0 0 15 0 0 0 11 0 0 24 4 23
0 0 50 0 0 0 0 0 0 0 0 0 0 0 0 0 0 0 0 0 0 0 12 0 0 0 26 11 0 0 0 40 0 0 58 46 0 0 0 66 9
27 0 36 0 0 0 0 0 0 0 0 0 0 0 0 0 0 0 0 0 0 0 4 0 0 0 21 8 0 0 0 29 0 0 38 47 0 0 0 60 23
76 0 0 0 0 0 0 0 0 0 0 0 0 0 0 0 0 0 0 0 0 0 1 0 0 0 0 0 4 0 0 13 0 0 0 11 0 0 23 2 22
33 0 33 0 0 0 0 0 0 0 0 0 0 0 0 0 0 0 0 0 0 0 4 0 0 0 20 7 0 0 0 24 0 0 34 47 0 0 0 57 26
0 0 0 27 0 0 0 0 0 0 0 0 0 0 0 0 0 0 0 0 0 0 1 0 0 0 0 0 0 0 0 42 24 0 59 0 0 0 19 0 0
75 0 0 17 0 0 0 0 0 0 0 0 0 0 0 0 0 0 0 0 0 0 6 0 0 0 0 0 0 0 0 16 0 0 0 0 1 0 38 0 6
0 0 0 27 0 0 0 0 0 0 0 0 0 0 0 0 0 0 0 0 0 0 1 0 0 0 0 1 0 0 0 43 25 0 61 0 0 0 17 0 0
70 0 0 0 0 0 0 0 0 0 0 0 0 0 0 0 0 0 0 0 0 0 0 0 0 0 0 2 3 0 0 12 0 0 0 21 0 0 12 17 27
82 0 0 4 0 0 0 0 0 0 0 0 0 0 0 0 0 0 0 0 0 0 3 0 0 0 0 0 1 0 0 17 0 0 0 2 0 0 30 0 19
50 0 22 0 0 0 0 0 0 0 0 0 0 0 0 0 0 0 0 0 0 0 0 0 0 0 15 6 0 0 0 18 0 0 19 42 0 0 0 50 30
76 0 0 14 0 0 0 0 0 0 0 0 0 0 0 0 0 0 0 0 0 0 5 0 0 0 0 0 0 0 0 17 0 0 0 0 0 0 37 0 7
0 0 0 26 0 0 0 0 0 0 0 0 0 0 0 0 0 0 0 0 0 0 0 0 0 0 0 2 0 0 0 49 30 0 61 0 0 0 11 0 0
73 0 0 19 0 0 0 0 0 0 0 0 0 0 0 0 0 0 0 0 0 0 10 0 0 0 1 0 0 0 0 17 1 0 0 0 1 0 36 0 6
56 0 16 0 0 0 0 0 0 0 0 0 0 0 0 0 0 0 0 0 0 0 0 0 0 0 11 4 0 0 0 14 0 0 11 36 0 0 0 42 29
57 0 0 25 0 0 0 0 0 0 0 0 0 0 0 0 0 0 0 0 0 0 11 0 0 0 1 0 0 0 0 16 7 0 16 0 1 0 34 0 0
50 0 0 24 0 0 0 0 0 0 0 0 0 0 0 0 0 0 0 0 0 0 8 0 0 0 1 0 0 0 0 18 8 0 21 0 0 0 33 0 0
2 0 47 0 0 0 0 0 0 0 0 0 0 0 0 0 0 0 0 0 0 0 11 0 0 0 26 11 0 0 0 39 0 0 52 45 0 0 0 66 13
55 0 0 24 0 0 0 0 0 0 0 0 0 0 0 0 0 0 0 0 0 0 9 0 0 0 1 0 0 0 0 17 7 0 13 0 0 0 35 0 0
78 0 0 5 0 0 0 0 0 0 0 0 0 0 0 0 0 0 0 0 0 0 3 0 0 0 0 0 2 0 0 16 0 0 0 0 0 0 31 0 16
80 0 0 0 0 0 0 0 0 0 0 0 0 0 0 0 0 0 0 0 0 0 3 0 0 0 0 1 4 0 0 16 0 0 0 12 0 0 24 3 24
70 0 0 0 0 0 0 0 0 0 0 0 0 0 0 0 0 0 0 0 0 0 0 0 0 0 1 2 3 0 0 12 0 0 0 22 0 0 11 18 27
55 0 16 0 0 0 0 0 0 0 0 0 0 0 0 0 0 0 0 0 0 0 0 0 0 0 11 4 0 0 0 13 0 0 11 38 0 0 0 43 30
0 0 0 27 0 0 0 0 0 0 0 0 0 0 0 0 0 0 0 0 0 0 3 0 0 0 0 0 0 0 0 37 21 0 54 0 0 0 24 0 0
68 0 0 0 0 0 0 0 0 0 0 0 0 0 0 0 0 0 0 0 0 0 0 0 0 0 2 1 2 0 0 8 0 0 0 24 0 0 7 23 28
0 0 87 0 0 0 0 0 0 0 0 0 0 0 0 0 0 0 0 0 0 0 30 0 0 0 28 19 0 0 0 78 1 0 94 45 0 0 0 94 0
0 0 0 26 0 0 0 0 0 0 0 0 0 0 0 0 0 0 0 0 0 0 0 0 0 0 0 1 0 0 0 47 29 0 62 0 0 0 13 0 0
0 0 64 0 0 0 0 0 0 0 0 0 0 0 0 0 0 0 0 0 0 0 20 0 0 0 28 15 0 0 0 59 0 0 73 45 0 0 0 75 0
0 0 65 0 0 0 0 0 0 0 0 0 0 0 0 0 0 0 0 0 0 0 22 0 0 0 28 15 0 0 0 60 0 0 77 46 0 0 0 74 0
0 0 61 0 0 0 0 0 0 0 0 0 0 0 0 0 0 0 0 0 0 0 19 0 0 0 27 14 0 0 0 54 0 0 72 46 0 0 0 71 0
57 0 0 24 1 0 0 0 0 0 0 0 0 0 0 0 0 0 0 0 0 0 8 0 0 0 0 0 0 0 0 17 6 0 14 0 1 0 35 0 0
26 0 36 0 0 0 0 0 0 0 0 0 0 0 0 0 0 0 0 0 0 0 5 0 0 0 21 8 0 0 0 27 0 0 39 46 0 0 0 58 23
0 0 50 0 0 0 0 0 0 0 0 0 0 0 0 0 0 0 0 0 0 0 10 0 0 0 27 12 0 0 0 42 0 0 54 45 0 0 0 68 11
68 0 0 0 0 0 0 0 0 0 0 0 0 0 0 0 0 0 0 0 0 0 0 0 0 0 2 2 2 0 0 10 0 0 0 24 0 0 8 22 28
78 0 0 12 0 0 0 0 0 0 0 0 0 0 0 0 0 0 0 0 0 0 6 0 0 0 0 0 0 0 0 17 0 0 0 0 0 0 37 0 9
65 0 7 0 0 0 0 0 0 0 0 0 0 0 0 0 0 0 0 0 0 0 0 0 0 0 7 2 1 0 0 10 0 0 0 30 0 0 1 32 30
82 0 0 5 0 0 0 0 0 0 0 0 0 0 0 0 0 0 0 0 0 0 3 0 0 0 0 1 3 0 0 17 0 0 0 0 0 0 32 0 18
0 0 49 0 0 0 0 0 0 0 0 0 0 0 0 0 0 0 0 0 0 0 12 0 0 0 27 12 0 0 0 41 0 0 55 45 0 0 0 66 11
70 0 0 0 0 0 0 0 0 0 0 0 0 0 0 0 0 0 0 0 0 0 0 0 0 0 0 1 2 0 0 13 0 0 0 19 0 0 13 16 25
0 0 0 27 0 0 0 0 0 0 0 0 0 0 0 0 0 0 0 0 0 0 2 0 0 0 0 0 0 0 0 40 22 0 59 0 0 0 22 0 0
37 0 30 0 0 0 0 0 0 0 0 0 0 0 0 0 0 0 0 0 0 0 2 0 0 0 19 6 0 0 0 21 0 0 30 46 0 0 0 56 27
47 0 24 0 0 0 0 0 0 0 0 0 0 0 0 0 0 0 0 0 0 0 1 0 0 0 16 5 0 0 0 16 0 0 22 44 0 0 0 51 30
63 0 0 24 0 0 0 0 0 0 0 0 0 0 0 0 0 0 0 0 0 0 10 0 0 0 1 0 0 0 0 19 6 0 11 0 0 0 36 0 1
0 0 76 0 0 0 0 0 0 0 0 0 0 0 0 0 0 0 0 0 0 0 26 0 0 0 28 17 0 0 0 71 0 0 86 46 0 0 0 83 0
80 0 0 11 0 0 0 0 0 0 0 0 0 0 0 0 0 0 0 0 0 0 6 0 0 0 0 0 0 0 0 18 0 0 0 0 0 0 36 0 11
68 0 1 0 0 0 0 0 0 0 0 0 0 0 0 0 0 0 0 0 0 0 0 0 0 0 2 2 2 0 0 9 0 0 0 26 0 0 6 27 29
79 0 0 11 0 0 0 0 0 0 0 0 0 0 0 0 0 0 0 0 0 0 6 0 0 0 0 0 0 0 0 17 0 0 0 0 0 0 36 0 11
71 0 0 19 0 0 0 0 0 0 0 0 0 0 0 0 0 0 0 0 0 0 9 0 0 0 1 0 0 0 0 18 2 0 0 0 1 0 37 0 4
59 0 12 0 0 0 0 0 0 0 0 0 0 0 0 0 0 0 0 0 0 0 0 0 0 0 10 4 0 0 0 13 0 0 7 34 0 0 0 38 30
80 0 0 9 0 0 0 0 0 0 0 0 0 0 0 0 0 0 0 0 0 0 4 0 0 0 0 0 0 0 0 18 0 0 0 0 0 0 35 0 12
39 0 0 24 0 0 0 0 0 0 0 0 0 0 0 0 0 0 0 0 0 0 6 0 0 0 0 0 0 0 0 21 11 0 27 0 0 0 32 0 0
0 0 54 0 0 0 0 0 0 0 0 0 0 0 0 0 0 0 0 0 0 0 13 0 0 0 27 13 0 0 0 48 0 0 62 46 0 0 0 70 4
0 0 67 0 0 0 0 0 0 0 0 0 0 0 0 0 0 0 0 0 0 0 23 0 0 0 27 15 0 0 0 63 0 0 82 48 0 0 0 75 0
16 0 40 0 0 0 0 0 0 0 0 0 0 0 0 0 0 0 0 0 0 0 8 0 0 0 24 10 0 0 0 33 0 0 44 46 0 0 0 61 19
79 0 0 13 0 0 0 0 0 0 0 0 0 0 0 0 0 0 0 0 0 0 7 0 0 0 0 0 0 0 0 17 0 0 0 0 0 0 36 0 9
21 0 0 26 0 0 0 0 0 0 0 0 0 0 0 0 0 0 0 0 0 0 5 0 0 0 0 0 0 0 0 27 15 0 40 0 0 0 29 0 0
0 0 51 0 0 0 0 0 0 0 0 0 0 0 0 0 0 0 0 0 0 0 13 0 0 0 26 12 0 0 0 42 0 0 59 44 0 0 0 67 7
62 0 9 0 1 0 0 0 0 0 0 0 0 0 0 0 0 0 0 0 0 0 0 0 0 0 7 3 0 0 0 11 0 0 2 31 0 0 0 34 30
54 0 18 0 0 0 0 0 0 0 0 0 0 0 0 0 0 0 0 0 0 0 0 0 0 0 13 4 0 0 0 14 0 0 14 41 0 0 0 46 30
71 0 0 0 0 0 0 0 0 0 0 0 0 0 0 0 0 0 0 0 0 0 0 0 0 0 2 2 2 0 0 11 0 0 0 23 0 0 10 21 28
73 0 0 18 0 0 0 0 0 0 0 0 0 0 0 0 0 0 0 0 0 0 8 0 0 0 1 0 0 0 0 17 1 0 0 0 1 0 37 0 5
0 0 0 27 0 0 0 0 0 0 0 0 0 0 0 0 0 0 0 0 0 0 2 0 0 0 0 1 0 0 0 43 26 0 61 0 0 0 17 0 0
8 0 44 0 0 0 0 0 0 0 0 0 0 0 0 0 0 0 0 0 0 0 9 0 0 0 25 10 0 0 0 36 0 0 48 46 0 0 0 65 16
24 0 0 26 0 0 0 0 0 0 0 0 0 0 0 0 0 0 0 0 0 0 6 0 0 0 0 0 0 0 0 24 15 0 38 0 0 0 29 0 0
75 0 0 18 0 0 0 0 0 0 0 0 0 0 0 0 0 0 0 0 0 0 10 0 0 0 0 0 0 0 0 18 0 0 0 0 1 0 37 0 6
77 0 0 11 0 0 0 0 0 0 0 0 0 0 0 0 0 0 0 0 0 0 5 0 0 0 0 0 0 0 0 16 0 0 0 0 0 0 36 0 9
77 0 0 11 0 0 0 0 0 0 0 0 0 0 0 0 0 0 0 0 0 0 5 0 0 0 0 0 0 0 0 18 0 0 0 0 0 0 36 0 9
54 0 17 0 0 0 0 0 0 0 0 0 0 0 0 0 0 0 0 0 0 0 0 0 0 0 12 4 0 0 0 14 0 0 13 36 0 0 0 42 29
41 0 0 25 0 0 0 0 0 0 0 0 0 0 0 0 0 0 0 0 0 0 7 0 0 0 0 0 0 0 0 21 10 0 27 0 0 0 32 0 0
72 0 0 0 0 0 0 0 0 0 0 0 0 0 0 0 0 0 0 0 0 0 1 0 0 0 0 1 3 0 0 12 0 0 0 19 0 0 14 14 26
43 0 28 0 0 0 0 0 0 0 0 0 0 0 0 0 0 0 0 0 0 0 1 0 0 0 18 6 0 0 0 19 0 0 26 46 0 0 0 55 29
0 0 0 27 0 0 0 0 0 0 0 0 0 0 0 0 0 0 0 0 0 0 0 0 0 0 0 2 0 0 0 49 30 0 63 0 0 0 12 0 0
32 0 0 24 1 0 0 0 0 0 0 0 0 0 0 0 0 0 0 0 0 0 5 0 0 0 0 0 0 0 0 21 12 0 31 0 0 0 30 0 0
78 0 0 1 0 0 0 0 0 0 0 0 0 0 0 0 0 0 0 0 0 0 2 0 0 0 0 1 4 0 0 14 0 0 0 9 0 0 25 1 22
1 0 0 28 0 0 0 0 0 0 0 0 0 0 0 0 0 0 0 0 0 0 4 0 0 0 0 0 0 0 0 37 20 0 55 0 0 0 25 0 0
52 0 20 0 1 0 0 0 0 0 0 0 0 0 0 0 0 0 0 0 0 0 1 0 0 0 14 4 0 0 0 14 0 0 17 41 0 0 0 46 30
54 0 17 0 1 0 0 0 0 0 0 0 0 0 0 0 0 0 0 0 0 0 0 0 0 0 13 4 0 0 0 15 0 0 15 38 0 0 0 41 29
0 0 0 27 0 0 0 0 0 0 0 0 0 0 0 0 0 0 0 0 0 0 1 0 0 0 0 0 0 0 0 40 23 0 57 0 0 0 19 0 0
71 0 0 20 0 0 0 0 0 0 0 0 0 0 0 0 0 0 0 0 0 0 10 0 0 0 1 0 0 0 0 17 2 0 1 0 1 0 36 0 5
58 0 0 24 0 0 0 0 0 0 0 0 0 0 0 0 0 0 0 0 0 0 10 0 0 0 0 0 0 0 0 18 6 0 13 0 0 0 36 0 0
37 0 0 25 0 0 0 0 0 0 0 0 0 0 0 0 0 0 0 0 0 0 6 0 0 0 0 0 0 0 0 20 11 0 27 0 0 0 32 0 0
66 0 7 0 0 0 0 0 0 0 0 0 0 0 0 0 0 0 0 0 0 0 0 0 0 0 6 3 1 0 0 10 0 0 0 29 0 0 1 32 30
0 0 0 27 0 0 0 0 0 0 0 0 0 0 0 0 0 0 0 0 0 0 2 0 0 0 0 0 0 0 0 41 23 0 58 0 0 0 20 0 0
43 0 0 25 0 0 0 0 0 0 0 0 0 0 0 0 0 0 0 0 0 0 8 0 0 0 1 0 0 0 0 22 10 0 28 0 0 0 33 0 0
15 0 42 0 0 0 0 0 0 0 0 0 0 0 0 0 0 0 0 0 0 0 7 0 0 0 24 10 0 0 0 33 0 0 46 48 0 0 0 64 18
81 0 0 4 0 0 0 0 0 0 0 0 0 0 0 0 0 0 0 0 0 0 3 0 0 0 0 0 2 0 0 17 0 0 0 1 0 0 31 0 18
75 0 0 0 0 0 0 0 0 0 0 0 0 0 0 0 0 0 0 0 0 0 1 0 0 0 0 1 3 0 0 13 0 0 0 16 0 0 19 8 25
0 0 52 0 0 0 0 0 0 0 0 0 0 0 0 0 0 0 0 0 0 0 12 0 0 0 27 12 0 0 0 43 0 0 58 45 0 0 0 68 8
80 0 0 5 0 0 0 0 0 0 0 0 0 0 0 0 0 0 0 0 0 0 2 0 0 0 0 1 2 0 0 18 0 0 0 0 0 0 33 0 15
41 0 0 25 0 0 0 0 0 0 0 0 0 0 0 0 0 0 0 0 0 0 8 0 0 0 0 0 0 0 0 21 10 0 28 0 0 0 32 0 0
76 0 0 14 0 0 0 0 0 0 0 0 0 0 0 0 0 0 0 0 0 0 6 0 0 0 0 0 0 0 0 17 0 0 0 0 0 0 37 0 7
79 0 0 10 0 0 0 0 0 0 0 0 0 0 0 0 0 0 0 0 0 0 5 0 0 0 0 0 0 0 0 18 0 0 0 0 0 0 36 0 11
82 0 0 4 0 0 0 0 0 0 0 0 0 0 0 0 0 0 0 0 0 0 2 0 0 0 0 1 2 0 0 19 0 0 0 0 0 0 33 0 17
21 0 38 0 0 0 0 0 0 0 0 0 0 0 0 0 0 0 0 0 0 0 6 0 0 0 22 9 0 0 0 29 0 0 41 46 0 0 0 60 21
0 0 77 0 0 0 0 0 0 0 0 0 0 0 0 0 0 0 0 0 0 0 28 0 0 0 27 17 0 0 0 72 1 0 88 48 0 0 0 85 0
31 0 34 0 0 0 0 0 0 0 0 0 0 0 0 0 0 0 0 0 0 0 4 0 0 0 21 7 0 0 0 26 0 0 35 47 0 0 0 59 24
60 0 9 0 0 0 0 0 0 0 0 0 0 0 0 0 0 0 0 0 0 0 0 0 0 0 7 3 0 0 0 11 0 0 2 30 0 0 0 34 28
54 0 0 26 0 0 0 0 0 0 0 0 0 0 0 0 0 0 0 0 0 0 10 0 0 0 1 0 0 0 0 17 7 0 18 0 0 0 34 0 0
17 0 0 27 0 0 0 0 0 0 0 0 0 0 0 0 0 0 0 0 0 0 5 0 0 0 0 0 0 0 0 30 17 0 46 0 0 0 28 0 0
56 0 14 0 0 0 0 0 0 0 0 0 0 0 0 0 0 0 0 0 0 0 0 0 0 0 10 3 0 0 0 13 0 0 10 36 0 0 0 40 29
0 0 65 0 0 0 0 0 0 0 0 0 0 0 0 0 0 0 0 0 0 0 21 0 0 0 28 15 0 0 0 60 0 0 75 46 0 0 0 76 0
37 0 29 0 0 0 0 0 0 0 0 0 0 0 0 0 0 0 0 0 0 0 2 0 0 0 18 6 0 0 0 18 0 0 30 46 0 0 0 54 27
0 0 0 27 0 0 0 0 0 0 0 0 0 0 0 0 0 0 0 0 0 0 3 0 0 0 0 0 0 0 0 38 21 0 56 0 0 0 22 0 0
40 0 29 0 0 0 0 0 0 0 0 0 0 0 0 0 0 0 0 0 0 0 2 0 0 0 18 6 0 0 0 21 0 0 27 43 0 0 0 53 27
69 0 0 20 0 0 0 0 0 0 0 0 0 0 0 0 0 0 0 0 0 0 7 0 0 0 0 0 0 0 0 16 2 0 1 0 1 0 37 0 3
5 0 48 0 0 0 0 0 0 0 0 0 0 0 0 0 0 0 0 0 0 0 10 0 0 0 27 12 0 0 0 38 0 0 51 47 0 0 0 68 15
71 0 0 20 0 0 0 0 0 0 0 0 0 0 0 0 0 0 0 0 0 0 8 0 0 0 0 0 0 0 0 19 2 0 2 0 1 0 37 0 4
48 0 22 0 0 0 0 0 0 0 0 0 0 0 0 0 0 0 0 0 0 0 0 0 0 0 14 5 0 0 0 16 0 0 20 42 0 0 0 48 29
78 0 0 13 0 0 0 0 0 0 0 0 0 0 0 0 0 0 0 0 0 0 6 0 0 0 0 0 0 0 0 17 0 0 0 0 0 0 36 0 9
69 0 0 0 0 0 0 0 0 0 0 0 0 0 0 0 0 0 0 0 0 0 0 0 0 0 2 2 2 0 0 11 0 0 0 22 0 0 9 23 28
