0 29 29 0 3 0 0 0 0 0 0 0 0 5 0 0 0 2 0 0 0 4 0 0 0 0 2 16 20 12 0 26 0 1 0 0 0 0 0 0 0
7 0 8 0 0 0 0 0 0 0 0 0 0 0 0 0 0 0 0 0 0 0 10 0 0 0 0 0 0 0 0 12 2 0 28 28 0 0 0 34 1
2 0 12 2 0 0 0 0 0 0 0 0 0 1 0 0 0 0 0 0 0 0 14 0 0 0 0 0 0 0 0 17 0 1 25 23 0 0 0 24 0
5 0 9 1 0 0 0 0 0 0 0 0 0 0 0 0 0 0 0 0 0 0 11 0 0 0 0 0 0 0 0 14 1 0 27 27 0 0 0 31 0
6 0 9 1 0 0 0 0 0 0 0 0 0 0 0 0 0 0 0 0 0 0 11 0 0 0 0 0 0 0 0 13 2 0 29 29 0 0 0 33 1
0 11 23 4 0 0 0 0 0 0 0 0 0 4 0 0 0 0 0 0 0 0 12 0 0 0 1 2 6 0 0 30 0 0 2 6 0 0 0 1 0
3 0 11 2 0 0 0 0 0 0 0 0 0 0 0 0 0 0 0 0 0 0 12 0 0 0 0 0 0 0 0 16 0 0 26 23 0 0 0 25 0
6 0 8 0 0 0 0 0 0 0 0 0 0 0 0 0 0 0 0 0 0 0 10 0 0 0 0 0 0 0 0 12 1 0 28 28 0 0 0 33 1
0 36 32 0 4 0 0 0 0 0 0 0 0 5 0 0 0 4 0 0 0 7 0 0 1 0 2 21 25 14 0 27 0 1 0 0 0 0 0 0 0
6 0 8 0 0 0 0 0 0 0 0 0 0 0 0 0 0 0 0 0 0 0 11 0 0 0 0 0 0 0 0 12 2 0 28 28 0 0 0 34 1
18 0 4 0 0 0 0 0 0 0 0 0 0 0 0 0 0 0 0 0 0 0 0 0 0 1 0 0 0 0 0 10 2 0 19 25 0 0 0 28 9
2 0 13 2 0 0 0 0 0 0 0 0 0 1 0 0 0 0 0 0 0 0 13 0 0 0 0 0 0 0 0 18 0 0 21 21 0 0 0 21 0
6 0 7 0 0 0 0 0 0 0 0 0 0 0 0 0 0 0 0 0 0 0 10 0 0 0 0 0 0 0 0 11 2 0 28 27 0 0 0 33 1
6 0 8 0 0 0 0 0 0 0 0 0 0 0 0 0 0 0 0 0 0 0 11 0 0 0 0 0 0 0 0 11 2 0 28 28 0 0 0 35 0
0 0 15 3 0 0 0 0 0 0 0 0 0 2 0 0 0 0 0 0 0 0 14 0 0 0 0 0 0 0 0 21 0 0 19 17 0 0 0 16 0
5 0 10 2 0 0 0 0 0 0 0 0 0 0 0 0 0 0 0 0 0 0 12 0 0 0 0 0 0 0 0 15 1 0 30 27 0 0 0 29 0
13 0 4 0 0 0 1 0 0 0 0 0 0 0 0 0 0 0 0 0 0 0 5 0 0 0 0 0 0 0 0 9 2 0 19 26 0 0 0 32 5
5 0 9 1 0 0 0 0 0 0 0 0 0 0 0 0 0 0 0 0 0 0 12 0 0 0 0 0 0 0 0 12 1 0 30 27 0 0 0 32 0
10 0 6 0 0 0 1 0 0 0 0 0 0 0 0 0 0 0 0 0 0 0 7 0 0 0 0 0 0 0 0 10 2 0 22 27 0 0 0 33 3
15 0 4 0 0 0 1 0 0 0 0 0 0 0 0 0 0 0 0 0 0 0 3 0 0 0 0 0 0 0 0 9 2 0 18 26 0 0 0 31 7
0 6 21 4 0 0 0 0 0 0 0 0 0 3 0 0 0 0 0 0 0 0 14 0 0 0 0 0 3 0 0 28 0 0 9 11 0 0 0 7 0
5 0 8 1 0 0 0 0 0 0 0 0 0 0 0 0 0 0 0 0 0 0 11 0 0 0 0 0 0 0 0 12 1 0 29 27 0 0 0 32 0
10 0 6 0 0 0 0 0 0 0 0 0 0 0 0 0 0 0 0 0 0 0 6 0 0 0 0 0 0 0 0 9 2 0 24 25 0 0 0 32 4
0 25 35 2 1 0 0 0 0 0 0 0 0 6 0 0 0 0 0 0 0 3 6 0 0 0 1 12 17 9 0 35 0 0 0 0 0 0 0 0 0
12 0 8 1 0 0 0 0 0 0 0 0 0 0 0 0 0 0 0 0 0 0 6 0 0 0 0 0 0 0 0 13 2 0 27 26 0 0 0 30 6
0 12 26 5 0 0 0 0 0 0 0 0 0 4 0 0 0 0 0 0 0 1 13 0 0 0 0 3 7 0 0 32 0 0 3 7 0 0 0 2 0
0 25 33 2 1 0 0 0 0 0 0 0 0 5 0 0 0 0 0 0 0 3 6 0 0 0 1 11 17 8 0 34 0 0 0 0 0 0 0 0 0
16 0 5 0 0 0 0 0 0 0 0 0 0 0 0 0 0 0 0 0 0 0 1 0 0 1 0 0 0 0 0 10 2 0 20 25 0 0 0 29 8
0 30 32 0 3 0 0 0 0 0 0 0 0 6 0 0 0 2 0 0 0 5 0 0 0 0 2 16 22 13 0 28 0 0 0 0 0 0 0 0 0
15 0 0 0 0 0 0 0 0 0 0 0 0 0 0 0 0 0 0 0 0 0 0 0 0 0 0 0 0 0 0 0 0 4 2 26 0 2 0 15 19
8 0 8 0 0 0 0 0 0 0 0 0 0 0 0 0 0 0 0 0 0 0 9 0 0 0 0 0 0 0 0 12 2 0 27 27 0 0 0 33 3
14 0 5 0 0 0 0 0 0 0 0 0 0 0 0 0 0 0 0 0 0 0 4 0 0 0 0 0 0 0 0 9 2 0 20 26 0 0 0 32 5
0 4 18 4 0 0 0 0 0 0 0 0 0 3 0 0 0 0 0 0 0 0 13 0 0 0 0 0 1 0 0 25 0 0 12 13 0 0 0 8 0
0 2 21 4 0 0 0 0 0 0 0 0 0 3 0 0 0 0 0 0 0 0 16 0 0 0 0 0 0 0 0 28 0 0 17 17 0 0 0 14 0
17 0 4 0 0 0 1 0 0 0 0 0 0 0 0 0 0 0 0 0 0 0 2 0 0 1 0 0 0 0 0 9 2 0 19 25 0 0 0 31 7
3 0 12 2 0 0 0 0 0 0 0 0 0 0 0 0 0 0 0 0 0 0 13 0 0 0 0 0 0 0 0 16 1 0 28 25 0 0 0 29 0
0 25 34 2 1 0 0 0 0 0 0 0 0 5 0 0 0 0 0 0 0 3 6 0 0 0 1 11 17 8 0 34 0 0 0 0 0 0 0 0 0
0 32 29 0 4 0 0 0 0 0 0 0 0 5 0 0 0 3 0 0 0 5 0 0 0 0 2 18 22 13 0 25 0 1 0 0 0 0 0 0 0
4 0 9 1 0 0 0 0 0 0 0 0 0 0 0 0 0 0 0 0 0 0 12 0 0 0 0 0 0 0 0 13 1 0 26 27 0 0 0 31 0
17 0 5 0 0 0 0 0 0 0 0 0 0 0 0 0 0 0 0 0 0 0 1 0 0 1 0 0 0 0 0 10 2 0 19 25 0 0 0 30 8
10 0 7 0 0 0 0 0 0 0 0 0 0 0 0 0 0 0 0 0 0 0 8 0 0 0 0 0 0 0 0 11 2 0 25 27 0 0 0 33 3
12 0 5 0 0 0 1 0 0 0 0 0 0 0 0 0 0 0 0 0 0 0 6 0 0 0 0 0 0 0 0 10 2 0 20 27 0 0 0 33 4
8 0 7 0 0 0 1 0 0 0 0 0 0 0 0 0 0 0 0 0 0 0 10 0 0 0 0 0 0 0 0 11 2 0 27 28 0 0 0 35 1
0 27 31 1 2 0 0 0 0 0 0 0 0 5 0 0 0 1 0 0 0 4 2 0 0 0 1 13 19 11 0 29 0 0 0 0 0 0 0 0 0
11 0 4 0 0 0 1 0 0 0 0 0 0 0 0 0 0 0 0 0 0 0 6 0 0 0 0 0 0 0 0 9 2 0 21 27 0 0 0 32 4
12 0 5 0 0 0 1 0 0 0 0 0 0 0 0 0 0 0 0 0 0 0 5 0 0 0 0 0 0 0 0 9 2 0 19 26 0 0 0 33 4
1 0 17 3 0 0 0 0 0 0 0 0 0 2 0 0 0 0 0 0 0 0 14 0 0 0 0 0 0 0 0 23 0 0 22 19 0 0 0 19 0
0 24 34 3 1 0 0 0 0 0 0 0 0 5 0 0 0 0 0 0 0 3 6 0 0 0 1 10 16 8 0 35 0 0 0 0 0 0 0 0 0
6 0 9 0 0 0 0 0 0 0 0 0 0 0 0 0 0 0 0 0 0 0 12 0 0 0 0 0 0 0 0 13 1 0 31 28 0 0 0 33 0
0 25 36 3 1 0 0 0 0 0 0 0 0 5 0 0 0 0 0 0 0 3 7 0 0 0 1 11 17 8 0 37 0 0 0 0 0 0 0 0 0
3 0 14 2 0 0 0 0 0 0 0 0 0 1 0 0 0 0 0 0 0 0 13 0 0 0 0 0 0 0 0 19 0 0 24 22 0 0 0 23 0
6 0 9 0 0 0 0 0 0 0 0 0 0 0 0 0 0 0 0 0 0 0 11 0 0 0 0 0 0 0 0 13 1 0 29 29 0 0 0 35 1
6 0 6 0 0 0 0 0 0 0 0 0 0 0 0 0 0 0 0 0 0 0 10 0 0 0 0 0 0 0 0 10 2 0 28 28 0 0 0 33 2
16 0 4 0 0 0 1 0 0 0 0 0 0 0 0 0 0 0 0 0 0 0 2 1 1 0 0 0 0 0 0 9 2 0 16 25 0 0 0 31 6
15 0 4 0 0 0 1 0 0 0 0 0 0 0 0 0 0 0 0 0 0 0 4 1 0 0 0 0 0 0 0 9 2 0 17 27 0 0 0 33 5
2 0 11 1 0 0 0 0 0 0 0 0 0 1 0 0 0 0 0 0 0 0 14 0 0 0 0 0 0 0 0 17 1 0 29 26 0 0 0 27 0
0 35 32 0 4 0 0 0 0 0 0 0 0 5 0 0 0 4 0 0 0 6 0 0 1 0 1 20 24 14 0 27 0 1 0 0 0 0 0 0 0
0 14 25 4 0 0 0 0 0 0 0 0 0 4 0 0 0 0 0 0 0 1 10 0 0 0 1 5 9 2 0 30 0 0 0 3 0 0 0 0 0
8 0 7 0 0 0 0 0 0 0 0 0 0 0 0 0 0 0 0 0 0 0 9 0 0 0 0 0 0 0 0 11 2 0 26 28 0 0 0 33 3
9 0 6 0 0 0 0 0 0 0 0 0 0 0 0 0 0 0 0 0 0 0 8 0 0 0 0 0 0 0 0 10 2 0 25 27 0 0 0 33 3
6 0 7 0 0 0 0 0 0 0 0 0 0 0 0 0 0 0 0 0 0 0 11 0 0 0 0 0 0 0 0 11 1 0 31 29 0 0 0 32 2
17 0 4 0 0 0 1 0 0 0 0 0 0 0 0 0 0 0 0 0 0 0 1 0 0 1 0 0 0 0 0 9 2 0 18 25 0 0 0 31 8
1 0 15 3 0 0 0 0 0 0 0 0 0 2 0 0 0 0 0 0 0 0 14 0 0 0 0 0 0 0 0 22 0 0 21 19 0 0 0 19 0
15 0 0 0 0 0 0 0 0 0 0 0 0 0 0 0 0 0 0 0 0 0 0 0 0 0 0 0 0 0 0 0 1 1 9 24 0 1 0 20 14
13 0 0 0 0 0 0 0 0 0 0 0 0 0 0 0 0 0 0 0 0 0 0 0 0 0 0 0 0 0 0 0 0 5 2 26 0 3 0 14 22
4 0 11 1 0 0 0 0 0 0 0 0 0 0 0 0 0 0 0 0 0 0 13 0 0 0 0 0 0 0 0 16 1 0 29 28 0 0 0 32 0
6 0 10 1 0 0 0 0 0 0 0 0 0 0 0 0 0 0 0 0 0 0 12 0 0 0 0 0 0 0 0 14 1 0 29 28 0 0 0 33 0
13 0 4 0 0 0 0 0 0 0 0 0 0 0 0 0 0 0 0 0 0 0 4 0 0 0 0 0 0 0 0 9 2 0 19 26 0 0 0 30 6
18 0 5 0 0 0 1 0 0 0 0 0 0 0 0 0 0 0 0 0 0 0 1 0 0 1 0 0 0 0 0 10 2 0 16 26 0 0 0 30 8
14 0 6 0 0 0 0 0 0 0 0 0 0 0 0 0 0 0 0 0 0 0 3 0 0 0 0 0 0 0 0 10 2 0 21 25 0 0 0 30 6
3 0 11 2 0 0 0 0 0 0 0 0 0 0 0 0 0 0 0 0 0 0 13 0 0 0 0 0 0 0 0 16 0 0 25 23 0 0 0 25 0
0 0 16 2 0 0 0 0 0 0 0 0 0 2 0 0 0 0 0 0 0 0 16 0 0 0 0 0 0 0 0 23 0 1 23 22 0 0 0 19 0
0 38 32 0 5 0 0 0 0 0 0 0 0 5 0 0 0 4 0 0 0 8 0 0 2 0 1 23 25 15 0 27 0 1 0 0 0 0 0 0 0
11 0 4 0 0 0 0 0 0 0 0 0 0 0 0 0 0 0 0 0 0 0 6 0 0 0 0 0 0 0 0 8 2 0 21 27 0 0 0 33 4
0 14 27 4 0 0 0 0 0 0 0 0 0 4 0 0 0 0 0 0 0 1 13 0 0 0 0 4 8 1 0 33 0 0 0 6 0 0 0 0 0
0 39 34 0 5 0 0 0 0 0 0 0 0 5 0 0 0 5 0 0 0 8 0 0 2 0 2 24 26 15 0 29 0 1 0 0 0 0 0 0 0
4 0 11 2 0 0 0 0 0 0 0 0 0 0 0 0 0 0 0 0 0 0 13 0 0 0 0 0 0 0 0 16 1 0 27 24 0 0 0 27 0
19 0 0 0 0 0 0 0 0 0 0 0 0 0 0 0 0 0 0 0 0 0 0 0 0 1 0 0 0 0 0 7 1 0 15 26 0 0 0 26 12
0 33 29 0 4 0 0 0 0 0 0 0 0 5 0 0 0 4 0 0 0 6 0 0 1 0 2 19 22 13 0 25 0 1 0 0 0 0 0 0 0
0 11 26 4 0 0 0 0 0 0 0 0 0 4 0 0 0 0 0 0 0 1 14 0 0 0 0 2 6 0 0 32 0 0 5 9 0 0 0 3 0
2 0 11 2 0 0 0 0 0 0 0 0 0 0 0 0 0 0 0 0 0 0 13 0 0 0 0 0 0 0 0 15 0 0 25 22 0 0 0 24 0
16 0 0 0 0 0 0 0 0 0 0 0 0 0 0 0 0 0 0 0 0 0 0 0 0 0 0 0 0 0 0 3 1 0 12 26 0 1 0 25 12
0 2 18 4 0 0 0 0 0 0 0 0 0 3 0 0 0 0 0 0 0 0 14 0 0 0 0 0 0 0 0 24 0 0 15 14 0 0 0 12 0
14 0 3 0 0 0 1 0 0 0 0 0 0 0 0 0 0 0 0 0 0 0 4 0 0 0 0 0 0 0 0 8 2 0 21 26 0 0 0 32 7
13 0 5 0 0 0 0 0 0 0 0 0 0 0 0 0 0 0 0 0 0 0 4 0 0 0 0 0 0 0 0 10 2 0 22 26 0 0 0 30 6
0 11 27 5 0 0 0 0 0 0 0 0 0 4 0 0 0 0 0 0 0 1 14 0 0 0 0 2 6 0 0 34 0 0 5 9 0 0 0 4 0
13 0 5 0 0 0 0 0 0 0 0 0 0 0 0 0 0 0 0 0 0 0 4 0 0 0 0 0 0 0 0 9 2 0 21 27 0 0 0 33 5
12 0 4 0 0 0 0 0 0 0 0 0 0 0 0 0 0 0 0 0 0 0 5 0 0 0 0 0 0 0 0 9 1 0 19 27 0 0 0 32 5
14 0 4 0 0 0 1 0 0 0 0 0 0 0 0 0 0 0 0 0 0 0 4 0 0 0 0 0 0 0 0 9 2 0 19 27 0 0 0 32 6
6 0 9 1 0 0 0 0 0 0 0 0 0 0 0 0 0 0 0 0 0 0 11 0 0 0 0 0 0 0 0 13 1 0 29 26 0 0 0 31 1
0 11 26 5 0 0 0 0 0 0 0 0 0 4 0 0 0 0 0 0 0 1 13 0 0 0 0 2 6 0 0 31 0 0 3 7 0 0 0 2 0
17 0 4 0 0 0 0 0 0 0 0 0 0 0 0 0 0 0 0 0 0 0 0 0 0 1 0 0 0 0 0 9 2 0 16 25 0 0 0 28 9
10 0 8 0 0 0 0 0 0 0 0 0 0 0 0 0 0 0 0 0 0 0 7 0 0 0 0 0 0 0 0 12 2 0 28 26 0 0 0 32 4
16 0 4 0 0 0 1 0 0 0 0 0 0 0 0 0 0 0 0 0 0 0 2 0 0 0 0 0 0 0 0 8 2 0 18 26 0 0 0 32 7
10 0 6 0 0 0 0 0 0 0 0 0 0 0 0 0 0 0 0 0 0 0 7 0 0 0 0 0 0 0 0 10 2 0 24 27 0 0 0 33 4
15 0 5 0 0 0 1 0 0 0 0 0 0 0 0 0 0 0 0 0 0 0 3 0 0 0 0 0 0 0 0 10 2 0 18 26 0 0 0 31 6
10 0 6 0 0 0 0 0 0 0 0 0 0 0 0 0 0 0 0 0 0 0 8 0 0 0 0 0 0 0 0 10 2 0 24 27 0 0 0 33 3
0 36 32 1 4 0 0 0 0 0 0 0 0 6 0 0 0 4 0 0 0 7 0 0 1 0 2 21 24 14 0 28 0 0 0 0 0 0 0 0 0
0 32 28 0 4 0 0 0 0 0 0 0 0 5 0 0 0 3 0 0 0 6 0 0 1 0 2 18 21 13 0 25 0 1 0 0 0 0 0 0 0
0 0 0 0 1 0 0 0 0 0 0 0 0 0 0 0 0 0 0 0 0 0 0 0 0 0 0 0 0 0 0 0 0 13 0 28 0 9 0 8 32
0 12 24 5 0 0 0 0 0 0 0 0 0 4 0 0 0 0 0 0 0 1 13 0 0 0 1 3 7 0 0 31 0 0 2 7 0 0 0 1 0
14 0 6 0 0 0 0 0 0 0 0 0 0 0 0 0 0 0 0 0 0 0 4 0 0 1 0 0 0 0 0 11 2 0 21 26 0 0 0 30 7
5 0 9 1 0 0 0 0 0 0 0 0 0 0 0 0 0 0 0 0 0 0 11 0 0 0 0 0 0 0 0 13 1 0 28 25 0 0 0 29 0
0 33 31 0 3 0 0 0 0 0 0 0 0 5 0 0 0 4 0 0 0 6 0 0 1 0 2 19 23 14 0 26 0 1 0 0 0 0 0 0 0
0 23 32 3 1 0 0 0 0 0 0 0 0 5 0 0 0 0 0 0 0 3 6 0 0 0 1 10 15 7 0 33 0 0 0 0 0 0 0 0 0
0 30 30 0 3 0 0 0 0 0 0 0 0 5 0 0 0 2 0 0 0 4 0 0 0 0 2 16 20 12 0 27 0 0 0 0 0 0 0 0 0
9 0 6 0 0 0 0 0 0 0 0 0 0 0 0 0 0 0 0 0 0 0 8 0 0 0 0 0 0 0 0 10 2 0 26 26 0 0 0 32 3
5 0 9 1 0 0 0 0 0 0 0 0 0 0 0 0 0 0 0 0 0 0 12 0 0 0 0 0 0 0 0 13 1 0 29 27 0 0 0 32 0
4 0 8 1 0 0 0 0 0 0 0 0 0 0 0 0 0 0 0 0 0 0 12 0 0 0 0 0 0 0 0 12 1 1 28 28 0 0 0 32 0
0 18 30 4 0 0 0 0 0 0 0 0 0 5 0 0 0 0 0 0 0 2 11 0 0 0 1 6 11 3 0 34 0 0 0 2 0 0 0 0 0
5 0 9 1 0 0 0 0 0 0 0 0 0 0 0 0 0 0 0 0 0 0 12 0 0 0 0 0 0 0 0 13 1 0 28 26 0 0 0 31 0
9 0 6 0 0 0 1 0 0 0 0 0 0 0 0 0 0 0 0 0 0 0 9 1 0 0 0 0 0 0 0 10 2 0 24 28 0 0 0 35 1
9 0 7 0 0 0 0 0 0 0 0 0 0 0 0 0 0 0 0 0 0 0 7 0 0 0 0 0 0 0 0 10 2 0 26 27 0 0 0 32 4
17 0 3 0 0 0 1 0 0 0 0 0 0 0 0 0 0 0 0 0 0 0 1 0 0 1 0 0 0 0 0 9 2 0 17 26 0 0 0 31 8
8 0 7 1 0 0 0 0 0 0 0 0 0 0 0 0 0 0 0 0 0 0 9 0 0 0 0 0 0 0 0 11 1 0 26 26 0 0 0 31 2
0 0 14 3 0 0 0 0 0 0 0 0 0 2 0 0 0 0 0 0 0 0 12 0 0 0 0 0 0 0 0 20 0 0 14 14 0 0 0 14 0
0 16 31 5 0 0 0 0 0 0 0 0 0 5 0 0 0 0 0 0 0 2 13 0 0 0 1 5 9 1 0 37 0 0 0 5 0 0 0 0 0
3 0 12 2 0 0 0 0 0 0 0 0 0 0 0 0 0 0 0 0 0 0 14 0 0 0 0 0 0 0 0 17 0 0 24 21 0 0 0 23 0
6 0 8 1 0 0 0 0 0 0 0 0 0 0 0 0 0 0 0 0 0 0 11 0 0 0 0 0 0 0 0 13 1 0 29 28 0 0 0 33 1
17 0 4 0 0 0 0 0 0 0 0 0 0 0 0 0 0 0 0 0 0 0 1 0 0 0 0 0 0 0 0 10 2 0 18 26 0 0 0 30 8
17 0 0 0 0 0 0 0 0 0 0 0 0 0 0 0 0 0 0 0 0 0 0 0 0 0 0 0 0 0 0 0 0 1 9 25 0 0 0 21 15
3 0 12 2 0 0 0 0 0 0 0 0 0 1 0 0 0 0 0 0 0 0 13 0 0 0 0 0 0 0 0 17 0 0 22 22 0 0 0 24 0
5 0 11 1 0 0 0 0 0 0 0 0 0 0 0 0 0 0 0 0 0 0 11 0 0 0 0 0 0 0 0 15 1 0 25 27 0 0 0 31 0
0 28 30 0 2 0 0 0 0 0 0 0 0 5 0 0 0 1 0 0 0 4 0 0 0 0 1 14 20 11 0 27 0 0 0 0 0 0 0 0 0
0 0 14 3 0 0 0 0 0 0 0 0 0 1 0 0 0 0 0 0 0 0 13 0 0 0 0 0 0 0 0 20 0 1 19 17 0 0 0 17 0
20 0 3 0 0 0 0 0 0 0 0 0 0 0 0 0 0 0 0 0 0 0 0 0 0 1 0 0 0 0 0 9 2 0 16 24 0 0 0 25 11
6 0 10 1 0 0 0 0 0 0 0 0 0 0 0 0 0 0 0 0 0 0 11 0 0 0 0 0 0 0 0 14 1 0 28 29 0 0 0 33 1
0 22 34 4 0 0 0 0 0 0 0 0 0 5 0 0 0 0 0 0 0 3 8 0 0 0 1 9 14 6 0 36 0 0 0 0 0 0 0 0 0
7 0 8 1 0 0 0 0 0 0 0 0 0 0 0 0 0 0 0 0 0 0 10 0 0 0 0 0 0 0 0 12 1 0 27 28 0 0 0 32 2
7 0 7 1 0 0 0 0 0 0 0 0 0 0 0 0 0 0 0 0 0 0 9 0 0 0 0 0 0 0 0 12 1 0 27 27 0 0 0 31 3
2 0 13 3 0 0 0 0 0 0 0 0 0 1 0 0 0 0 0 0 0 0 14 0 0 0 0 0 0 0 0 19 0 0 23 21 0 0 0 23 0
0 33 30 0 4 0 0 0 0 0 0 0 0 5 0 0 0 3 0 0 0 6 0 0 1 0 2 19 23 13 0 26 0 0 0 0 0 0 0 0 0
0 17 30 4 0 0 0 0 0 0 0 0 0 4 0 0 0 0 0 0 0 2 11 0 0 0 1 6 11 3 0 35 0 0 0 3 0 0 0 0 0
16 0 5 0 0 0 0 0 0 0 0 0 0 0 0 0 0 0 0 0 0 0 3 0 0 0 0 0 0 0 0 11 1 0 18 28 0 0 0 31 7
5 0 10 2 0 0 0 0 0 0 0 0 0 0 0 0 0 0 0 0 0 0 12 0 0 0 0 0 0 0 0 14 1 0 27 24 0 0 0 28 0
0 33 30 0 3 0 0 0 0 0 0 0 0 6 0 0 0 3 0 0 0 5 0 0 0 0 2 18 23 13 0 26 0 1 0 0 0 0 0 0 0
0 33 30 0 3 0 0 0 0 0 0 0 0 5 0 0 0 3 0 0 0 5 0 0 1 0 2 18 23 13 0 26 0 0 0 0 0 0 0 0 0
19 0 4 1 0 0 0 0 0 0 0 0 0 0 0 0 0 0 0 0 0 0 0 0 0 1 0 0 0 0 0 11 2 0 15 25 0 0 0 27 10
12 0 6 0 0 0 0 0 0 0 0 0 0 0 0 0 0 0 0 0 0 0 5 0 0 0 0 0 0 0 0 11 1 0 20 26 0 0 0 30 5
0 39 33 0 5 0 0 0 0 0 0 0 0 5 0 0 0 5 0 0 0 8 0 0 2 0 2 24 26 16 0 28 0 1 0 0 0 0 0 0 0
17 0 2 0 0 0 0 0 0 0 0 0 0 0 0 0 0 0 0 0 0 0 0 0 0 1 0 0 0 0 0 7 2 0 15 26 0 0 0 28 10
7 0 8 0 0 0 0 0 0 0 0 0 0 0 0 0 0 0 0 0 0 0 10 0 0 0 0 0 0 0 0 11 2 0 27 28 0 0 0 34 1
7 0 8 0 0 0 0 0 0 0 0 0 0 0 0 0 0 0 0 0 0 0 9 0 0 0 0 0 0 0 0 12 1 0 28 29 0 0 0 33 3
12 0 7 1 0 0 0 0 0 0 0 0 0 0 0 0 0 0 0 0 0 0 6 0 0 0 0 0 0 0 0 12 2 0 24 26 0 0 0 32 5
8 0 0 0 0 0 0 0 0 0 0 0 0 0 0 0 0 0 0 0 0 0 0 0 0 0 0 0 0 0 0 0 0 6 1 26 0 6 0 16 21
0 21 32 3 0 0 0 0 0 0 0 0 0 5 0 0 0 0 0 0 0 2 8 0 0 0 1 9 14 6 0 34 0 0 0 0 0 0 0 0 0
19 0 0 0 0 0 0 0 0 0 0 0 0 0 0 0 0 0 0 0 0 0 0 0 0 1 0 0 0 0 0 5 1 0 12 25 0 0 0 24 12
0 32 29 0 4 0 0 0 0 0 0 0 0 5 0 0 0 3 0 0 0 5 0 0 0 0 2 18 22 13 0 25 0 0 0 0 0 0 0 0 0
3 0 0 0 1 0 1 0 0 0 0 0 0 0 0 0 0 0 0 0 0 0 0 0 0 0 0 0 0 0 0 0 0 13 0 28 0 9 0 6 34
16 0 0 0 0 0 0 0 0 0 0 0 0 0 0 0 0 0 0 0 0 0 0 0 0 0 0 0 0 0 0 0 0 1 7 25 0 1 0 21 15
0 22 32 3 0 0 0 0 0 0 0 0 0 5 0 0 0 0 0 0 0 3 7 0 0 0 1 9 14 6 0 34 0 0 0 0 0 0 0 0 0
15 0 5 0 0 0 0 0 0 0 0 0 0 0 0 0 0 0 0 0 0 0 2 0 0 0 0 0 0 0 0 10 2 0 20 26 0 0 0 30 8
0 14 28 4 0 0 0 0 0 0 0 0 0 4 0 0 0 0 0 0 0 1 12 0 0 0 0 4 8 1 0 34 0 0 0 6 0 0 0 0 0
0 22 34 4 0 0 0 0 0 0 0 0 0 5 0 0 0 0 0 0 0 2 9 0 0 0 1 9 14 5 0 38 0 0 0 0 0 0 0 0 0
12 0 0 0 0 0 0 0 0 0 0 0 0 0 0 0 0 0 0 0 0 0 0 0 0 0 0 0 0 0 0 0 0 3 6 26 0 3 0 20 16
11 0 0 0 0 0 0 0 0 0 0 0 0 0 0 0 0 0 0 0 0 0 0 0 0 0 0 0 0 0 0 0 0 5 2 24 0 4 0 12 23
14 0 5 0 0 0 0 0 0 0 0 0 0 0 0 0 0 0 0 0 0 0 2 0 0 1 0 0 0 0 0 9 2 0 22 26 0 0 0 29 8
14 0 4 0 0 0 0 0 0 0 0 0 0 0 0 0 0 0 0 0 0 0 3 0 0 1 0 0 0 0 0 9 2 0 21 26 0 0 0 31 7
0 18 32 4 0 0 0 0 0 0 0 0 0 5 0 0 0 0 0 0 0 2 11 0 0 0 0 6 10 3 0 36 0 0 0 3 0 0 0 0 0
16 0 4 0 0 0 0 0 0 0 0 0 0 0 0 0 0 0 0 0 0 0 1 0 0 0 0 0 0 0 0 9 2 0 18 26 0 0 0 28 9
16 0 5 0 0 0 0 0 0 0 0 0 0 0 0 0 0 0 0 0 0 0 2 0 0 1 0 0 0 0 0 10 2 0 20 25 0 0 0 30 8
13 0 4 0 0 0 0 0 0 0 0 0 0 0 0 0 0 0 0 0 0 0 4 0 0 0 0 0 0 0 0 9 2 0 19 27 0 0 0 32 6
0 16 31 5 0 0 0 0 0 0 0 0 0 4 0 0 0 0 0 0 0 1 13 0 0 0 1 5 10 2 0 36 0 0 0 5 0 0 0 0 0
10 0 6 0 0 0 0 0 0 0 0 0 0 0 0 0 0 0 0 0 0 0 7 0 0 0 0 0 0 0 0 10 1 0 25 28 0 0 0 33 4
3 0 12 1 0 1 0 0 0 0 0 0 0 1 0 0 0 0 0 0 0 0 13 0 0 0 0 0 0 0 0 17 1 0 31 27 0 0 0 28 0
17 0 0 0 0 0 0 0 0 0 0 0 0 0 0 0 0 0 0 0 0 0 0 0 0 1 0 0 0 0 0 5 1 0 14 26 0 0 0 28 11
3 0 13 2 0 0 0 0 0 0 0 0 0 0 0 0 0 0 0 0 0 0 14 0 0 0 0 0 0 0 0 18 0 1 26 26 0 0 0 27 0
14 0 5 0 0 0 0 0 0 0 0 0 0 0 0 0 0 0 0 0 0 0 3 0 0 0 0 0 0 0 0 10 2 0 20 25 0 0 0 31 7
11 0 7 0 0 0 0 0 0 0 0 0 0 0 0 0 0 0 0 0 0 0 7 0 0 0 0 0 0 0 0 11 2 0 23 26 0 0 0 32 4
7 0 7 0 0 0 0 0 0 0 0 0 0 0 0 0 0 0 0 0 0 0 11 0 0 0 0 0 0 0 0 11 2 0 28 28 0 0 0 34 0
13 0 6 0 0 0 0 0 0 0 0 0 0 0 0 0 0 0 0 0 0 0 5 0 0 0 0 0 0 0 0 11 2 0 23 27 0 0 0 32 6
9 0 6 0 0 0 0 0 0 0 0 0 0 0 0 0 0 0 0 0 0 0 8 0 0 0 0 0 0 0 0 10 2 0 23 27 0 0 0 33 2
13 0 5 0 0 0 1 0 0 0 0 0 0 0 0 0 0 0 0 0 0 0 5 0 0 0 0 0 0 0 0 9 2 0 20 26 0 0 0 32 5
15 0 4 0 0 0 1 0 0 0 0 0 0 0 0 0 0 0 0 0 0 0 3 0 0 0 0 0 0 0 0 9 2 0 16 26 0 0 0 31 6
2 0 11 2 0 0 0 0 0 0 0 0 0 0 0 0 0 0 0 0 0 0 13 0 0 0 0 0 0 0 0 16 0 0 23 20 0 0 0 22 0
0 10 23 4 0 0 0 0 0 0 0 0 0 4 0 0 0 0 0 0 0 0 12 0 0 0 1 2 6 0 0 29 0 0 3 7 0 0 0 2 0
0 11 25 5 0 0 0 0 0 0 0 0 0 4 0 0 0 0 0 0 0 1 13 0 0 0 0 2 6 0 0 31 0 0 4 8 0 0 0 2 0
5 0 9 1 0 0 0 0 0 0 0 0 0 0 0 0 0 0 0 0 0 0 12 0 0 0 0 0 0 0 0 13 1 0 26 26 0 0 0 30 0
15 0 4 0 0 0 0 0 0 0 0 0 0 0 0 0 0 0 0 0 0 0 3 0 0 0 0 0 0 0 0 9 2 0 19 26 0 0 0 32 6
14 0 5 0 0 0 0 0 0 0 0 0 0 0 0 0 0 0 0 0 0 0 4 0 0 0 0 0 0 0 0 10 2 0 19 25 0 0 0 30 6
0 17 32 5 0 0 0 0 0 0 0 0 0 5 0 0 0 0 0 0 0 2 12 0 0 0 1 6 10 2 0 37 0 0 0 5 0 0 0 0 0
18 0 3 0 0 0 1 0 0 0 0 0 0 0 0 0 0 0 0 0 0 0 0 0 0 1 0 0 0 0 0 9 2 0 17 25 0 0 0 29 9
0 8 24 5 0 0 0 0 0 0 0 0 0 4 0 0 0 0 0 0 0 0 14 0 0 0 0 0 4 0 0 31 0 0 9 11 0 0 0 6 0
1 0 14 3 0 0 0 0 0 0 0 0 0 1 0 0 0 0 0 0 0 0 13 0 0 0 0 0 0 0 0 19 0 0 18 17 0 0 0 17 0
14 0 4 0 0 0 0 0 0 0 0 0 0 0 0 0 0 0 0 0 0 0 3 0 0 0 0 0 0 0 0 10 2 0 17 26 0 0 0 31 6
0 25 35 2 1 0 0 0 0 0 0 0 0 5 0 0 0 0 0 0 0 3 6 0 0 0 1 12 17 9 0 36 0 0 0 0 0 0 0 0 0
7 0 8 1 0 0 0 0 0 0 0 0 0 0 0 0 0 0 0 0 0 0 9 0 0 0 0 0 0 0 0 12 1 0 28 28 0 0 0 33 2
11 0 6 0 0 0 0 0 0 0 0 0 0 0 0 0 0 0 0 0 0 0 6 0 0 0 0 0 0 0 0 10 1 0 22 27 0 0 0 32 4
6 0 9 1 0 0 0 0 0 0 0 0 0 0 0 0 0 0 0 0 0 0 11 0 0 0 0 0 0 0 0 13 1 0 29 28 0 0 0 32 1
10 0 6 0 0 0 0 0 0 0 0 0 0 0 0 0 0 0 0 0 0 0 6 0 0 0 0 0 0 0 0 9 1 0 27 27 0 0 0 31 7
3 0 10 1 0 0 0 0 0 0 0 0 0 0 0 0 0 0 0 0 0 0 12 0 0 0 0 0 0 0 0 14 1 1 26 25 0 0 0 28 0
9 0 6 0 0 0 0 0 0 0 0 0 0 0 0 0 0 0 0 0 0 0 9 0 0 0 0 0 0 0 0 10 1 0 27 27 0 0 0 32 3
0 31 29 0 3 0 0 0 0 0 0 0 0 6 0 0 0 3 0 0 0 5 0 0 0 0 2 17 22 13 0 25 0 1 0 0 0 0 0 0 0
16 0 0 0 0 0 0 0 0 0 0 0 0 0 0 0 0 0 0 0 0 0 0 0 0 0 0 0 0 0 0 0 0 1 7 26 0 1 0 21 15
16 0 3 0 0 0 1 0 0 0 0 0 0 0 0 0 0 0 0 0 0 0 2 0 0 0 0 0 0 0 0 9 2 0 17 26 0 0 0 31 7
4 0 9 1 0 0 0 0 0 0 0 0 0 0 0 0 0 0 0 0 0 0 13 1 0 0 0 0 0 0 0 13 1 0 28 27 0 0 0 32 0
2 0 12 2 0 0 0 0 0 0 0 0 0 1 0 0 0 0 0 0 0 0 13 0 0 0 0 0 0 0 0 18 0 0 23 21 0 0 0 22 0
0 3 16 3 0 0 0 0 0 0 0 0 0 2 0 0 0 0 0 0 0 0 13 0 0 0 0 0 1 0 0 23 0 0 12 13 0 0 0 11 0
0 4 18 4 0 0 0 0 0 0 0 0 0 3 0 0 0 0 0 0 0 0 14 0 0 0 0 0 2 0 0 24 0 0 12 13 0 0 0 10 0
11 0 6 0 0 0 0 0 0 0 0 0 0 0 0 0 0 0 0 0 0 0 7 0 0 0 0 0 0 0 0 10 2 0 21 27 0 0 0 33 3
14 0 5 0 0 0 1 0 0 0 0 0 0 0 0 0 0 0 0 0 0 0 4 0 0 0 0 0 0 0 0 9 2 0 18 26 0 0 0 31 5
7 0 8 0 0 0 0 0 0 0 0 0 0 0 0 0 0 0 0 0 0 0 10 0 0 0 0 0 0 0 0 12 2 0 27 29 0 0 0 35 2
0 23 31 2 1 0 0 0 0 0 0 0 0 5 0 0 0 0 0 0 0 3 7 0 0 0 1 10 14 7 0 33 0 0 0 0 0 0 0 0 0
0 21 32 4 0 0 0 0 0 0 0 0 0 5 0 0 0 0 0 0 0 2 8 0 0 0 1 9 14 6 0 35 0 0 0 0 0 0 0 0 0
0 48 42 1 6 0 0 0 0 0 0 0 0 6 0 0 0 7 0 0 0 11 0 0 3 0 2 31 33 20 0 36 0 0 0 0 0 0 0 0 0
0 41 35 0 5 0 0 0 0 0 0 0 0 6 0 0 0 5 0 0 0 8 0 0 2 0 2 25 27 17 0 30 0 1 0 0 0 0 0 0 0
18 0 3 0 0 0 1 0 0 0 0 0 0 0 0 0 0 0 0 0 0 0 0 0 1 0 0 0 0 0 0 9 2 0 15 26 0 0 0 31 8
0 12 25 4 0 0 0 0 0 0 0 0 0 4 0 0 0 0 0 0 0 1 13 0 0 0 0 3 7 0 0 32 0 0 2 7 0 0 0 1 0
0 24 35 3 1 0 0 0 0 0 0 0 0 5 0 0 0 0 0 0 0 3 7 0 0 0 1 11 16 8 0 35 0 0 0 0 0 0 0 0 0
10 0 5 0 0 0 0 0 0 0 0 0 0 0 0 0 0 0 0 0 0 0 7 0 0 0 0 0 0 0 0 8 2 0 23 27 0 0 0 33 3
0 13 27 5 0 0 0 0 0 0 0 0 0 4 0 0 0 0 0 0 0 1 14 0 0 0 0 3 8 0 0 34 0 0 2 7 0 0 0 1 0
12 0 5 0 0 0 1 0 0 0 0 0 0 0 0 0 0 0 0 0 0 0 6 0 0 0 0 0 0 0 0 9 2 0 20 27 0 0 0 33 4
0 17 32 5 0 0 0 0 0 0 0 0 0 5 0 0 0 0 0 0 0 2 12 0 0 0 0 5 10 2 0 37 0 0 0 5 0 0 0 0 0
0 4 19 4 0 0 0 0 0 0 0 0 0 3 0 0 0 0 0 0 0 0 14 0 0 0 0 0 2 0 0 25 0 0 13 13 0 0 0 11 0
14 0 4 0 0 0 1 0 0 0 0 0 0 0 0 0 0 0 0 0 0 0 3 0 0 0 0 0 0 0 0 8 2 0 18 25 0 0 0 31 6
3 0 12 2 0 0 0 0 0 0 0 0 0 1 0 0 0 0 0 0 0 0 13 0 0 0 0 0 0 0 0 17 0 0 25 23 0 0 0 25 0
5 0 0 0 0 0 0 0 0 0 0 0 0 0 0 0 0 0 0 0 0 0 0 0 0 0 0 0 0 0 0 0 0 11 0 27 0 8 0 8 30
0 28 32 1 2 0 0 0 0 0 0 0 0 5 0 0 0 1 0 0 0 4 2 0 0 0 1 14 19 11 0 29 0 0 0 0 0 0 0 0 0
2 0 17 3 0 0 0 0 0 0 0 0 0 2 0 0 0 0 0 0 0 0 15 0 0 0 0 0 0 0 0 23 0 0 25 23 0 0 0 23 0
0 38 32 0 4 0 0 0 0 0 0 0 0 5 0 0 0 4 0 0 0 7 0 0 1 0 2 22 25 15 0 27 0 1 0 0 0 0 0 0 0
9 0 6 0 0 0 1 0 0 0 0 0 0 0 0 0 0 0 0 0 0 0 8 0 0 0 0 0 0 0 0 10 1 0 23 28 0 0 0 34 2
7 0 7 0 0 0 1 0 0 0 0 0 0 0 0 0 0 0 0 0 0 0 10 1 0 0 0 0 0 0 0 10 2 0 26 27 0 0 0 34 1
0 22 33 3 0 0 0 0 0 0 0 0 0 5 0 0 0 0 0 0 0 3 8 0 0 0 1 9 14 6 0 35 0 0 0 0 0 0 0 0 0
1 0 15 3 0 0 0 0 0 0 0 0 0 2 0 0 0 0 0 0 0 0 14 0 0 0 0 0 0 0 0 21 0 0 22 21 0 0 0 21 0
8 0 9 1 0 0 0 0 0 0 0 0 0 0 0 0 0 0 0 0 0 0 9 0 0 0 0 0 0 0 0 13 1 0 27 28 0 0 0 32 3
10 0 6 0 0 0 0 0 0 0 0 0 0 0 0 0 0 0 0 0 0 0 7 0 0 0 0 0 0 0 0 10 2 0 24 27 0 0 0 33 3
8 0 6 0 0 0 0 0 0 0 0 0 0 0 0 0 0 0 0 0 0 0 8 0 0 0 0 0 0 0 0 10 2 0 27 27 0 0 0 34 3
7 0 0 0 0 0 0 0 0 0 0 0 0 0 0 0 0 0 0 0 0 0 0 0 0 0 0 0 0 0 0 0 0 10 0 25 0 7 0 9 29
0 25 34 2 1 0 0 0 0 0 0 0 0 5 0 0 0 0 0 0 0 3 5 0 0 0 1 11 17 9 0 34 0 0 0 0 0 0 0 0 0
16 0 5 0 0 0 0 0 0 0 0 0 0 0 0 0 0 0 0 0 0 0 2 0 0 0 0 0 0 0 0 11 2 0 18 25 0 0 0 30 7
17 0 1 0 0 0 0 0 0 0 0 0 0 0 0 0 0 0 0 0 0 0 0 0 0 1 0 0 0 0 0 8 1 0 15 26 0 0 0 27 11
19 0 4 0 0 0 0 0 0 0 0 0 0 0 0 0 0 0 0 0 0 0 0 0 0 1 0 0 0 0 0 10 2 0 18 25 0 0 0 28 10
17 0 4 0 0 0 0 0 0 0 0 0 0 0 0 0 0 0 0 0 0 0 0 0 0 1 0 0 0 0 0 9 2 0 17 25 0 0 0 30 9
10 0 6 0 0 0 1 0 0 0 0 0 0 0 0 0 0 0 0 0 0 0 7 1 0 0 0 0 0 0 0 10 2 0 22 26 0 0 0 33 3
10 0 6 0 0 0 0 0 0 0 0 0 0 0 0 0 0 0 0 0 0 0 7 0 0 0 0 0 0 0 0 10 1 0 24 27 0 0 0 32 3
6 0 9 0 0 0 0 0 0 0 0 0 0 0 0 0 0 0 0 0 0 0 12 0 0 0 0 0 0 0 0 13 2 0 28 29 0 0 0 34 0
10 0 6 0 0 0 0 0 0 0 0 0 0 0 0 0 0 0 0 0 0 0 7 0 0 0 0 0 0 0 0 11 2 0 25 28 0 0 0 34 4
11 0 6 0 0 0 0 0 0 0 0 0 0 0 0 0 0 0 0 0 0 0 7 0 0 0 0 0 0 0 0 11 2 0 23 27 0 0 0 32 4
0 23 35 3 0 0 0 0 0 0 0 0 0 5 0 0 0 0 0 0 0 3 7 0 0 0 1 10 15 7 0 36 0 0 0 0 0 0 0 0 0
0 15 29 4 0 0 0 0 0 0 0 0 0 4 0 0 0 0 0 0 0 1 11 0 0 0 0 4 9 1 0 33 0 0 0 4 0 0 0 0 0
0 11 26 5 0 0 0 0 0 0 0 0 0 4 0 0 0 0 0 0 0 0 14 0 0 0 1 3 7 0 0 33 0 0 4 8 0 0 0 2 0
0 0 16 3 0 0 0 0 0 0 0 0 0 2 0 0 0 0 0 0 0 0 14 0 0 0 0 0 0 0 0 22 0 0 17 17 0 0 0 14 0
0 37 33 1 4 0 0 0 0 0 0 0 0 6 0 0 0 4 0 0 0 7 0 0 1 0 1 21 25 14 0 29 0 0 0 0 0 0 0 0 0
0 16 30 4 0 0 0 0 0 0 0 0 0 5 0 0 0 0 0 0 0 1 11 0 0 0 1 5 10 2 0 34 0 0 0 4 0 0 0 0 0
0 60 51 0 8 0 0 0 0 0 0 0 0 7 0 0 0 10 0 0 0 15 0 0 5 0 2 41 43 27 0 43 0 0 0 0 0 0 0 0 0
12 0 5 0 0 0 0 0 0 0 0 0 0 0 0 0 0 0 0 0 0 0 6 0 0 0 0 0 0 0 0 9 2 0 22 27 0 0 0 33 5
1 0 16 3 0 0 0 0 0 0 0 0 0 2 0 0 0 0 0 0 0 0 13 0 0 0 0 0 0 0 0 22 0 0 16 16 0 0 0 15 0
14 0 4 0 0 0 0 0 0 0 0 0 0 0 0 0 0 0 0 0 0 0 4 0 0 0 0 0 0 0 0 9 2 0 19 26 0 0 0 31 6
5 0 10 0 0 0 0 0 0 0 0 0 0 0 0 0 0 0 0 0 0 0 12 0 0 0 0 0 0 0 0 14 1 0 27 28 0 0 0 33 0
17 0 4 0 0 0 1 0 0 0 0 0 0 0 0 0 0 0 0 0 0 0 2 0 0 1 0 0 0 0 0 10 2 0 18 25 0 0 0 30 7
12 0 5 0 0 0 0 0 0 0 0 0 0 0 0 0 0 0 0 0 0 0 5 0 0 0 0 0 0 0 0 9 2 0 22 26 0 0 0 32 5
17 0 2 0 0 0 0 0 0 0 0 0 0 0 0 0 0 0 0 0 0 0 1 0 0 0 0 0 0 0 0 8 2 0 16 27 0 0 0 30 9
0 19 33 5 0 0 0 0 0 0 0 0 0 5 0 0 0 0 0 0 0 2 11 0 0 0 1 7 12 3 0 37 0 0 0 2 0 0 0 0 0
18 0 0 0 0 0 0 0 0 0 0 0 0 0 0 0 0 0 0 0 0 0 0 0 0 1 0 0 0 0 0 5 1 0 12 24 0 0 0 24 12
0 16 31 5 0 0 0 0 0 0 0 0 0 5 0 0 0 0 0 0 0 1 12 0 0 0 0 5 11 2 0 36 0 0 0 6 0 0 0 0 0
4 0 12 1 0 0 0 0 0 0 0 0 0 0 0 0 0 0 0 0 0 0 14 0 0 0 0 0 0 0 0 16 1 1 28 27 0 0 0 30 0
