0 1 24 0 1 0 0 0 0 0 0 0 0 0 0 0 0 0 0 0 0 0 0 0 0 0 1 2 2 0 0 23 0 1 65 63 0 4 0 58 0
2 5 18 0 0 0 0 0 0 0 0 0 0 0 0 0 0 0 0 0 0 0 0 0 0 0 2 2 0 0 0 29 0 3 54 62 0 0 0 61 0
0 0 28 5 0 0 0 0 0 0 0 0 0 4 0 0 0 0 0 0 0 0 0 0 0 0 0 0 5 0 0 27 0 0 63 59 0 0 0 54 0
0 0 34 5 0 0 0 0 0 0 0 0 0 4 0 0 0 0 0 0 0 0 0 0 0 0 0 0 6 0 0 36 0 0 71 67 0 0 0 60 0
0 1 21 4 0 0 0 0 0 0 0 0 0 3 0 0 0 0 0 0 0 0 0 0 0 0 0 2 4 0 0 21 0 0 67 65 0 0 0 59 0
0 0 21 2 0 0 0 0 0 0 0 0 0 2 0 0 0 0 0 0 0 0 0 0 0 0 0 1 3 0 0 20 0 0 63 60 0 0 0 56 0
0 1 17 2 0 0 0 0 0 0 0 0 0 0 0 0 0 0 0 0 0 0 0 0 0 0 1 2 1 0 0 19 0 0 57 56 0 2 0 49 0
0 0 20 4 0 0 0 0 0 0 0 0 0 2 0 0 0 0 0 0 0 0 0 0 0 0 0 1 3 0 0 19 0 0 63 60 0 0 0 55 0
0 0 39 1 0 0 0 0 0 0 0 0 0 4 0 0 0 0 0 0 0 0 1 0 0 0 1 0 7 0 0 43 0 0 64 59 0 2 0 52 0
0 0 45 2 0 0 0 0 0 0 0 0 0 4 0 0 0 0 0 0 0 0 3 0 0 0 1 0 8 0 0 52 0 0 71 65 0 3 0 56 0
5 0 30 0 0 0 0 0 0 0 0 0 0 0 0 0 0 0 0 0 0 0 18 0 0 0 0 0 1 0 0 38 0 0 0 0 0 0 0 0 0
0 0 44 0 0 0 0 0 0 0 0 0 0 3 0 0 0 0 0 0 0 0 3 0 0 0 1 0 7 0 0 49 0 0 62 57 0 3 0 52 0
0 0 19 3 0 0 0 0 0 0 0 0 0 2 0 0 0 0 0 0 0 0 0 0 0 0 0 1 3 0 0 19 0 0 61 58 0 0 0 53 0
0 0 27 5 0 0 0 0 0 0 0 0 0 4 0 0 0 0 0 0 0 0 0 0 0 0 0 1 5 0 0 27 0 0 66 62 0 0 0 55 0
0 3 18 3 0 0 0 0 0 0 0 0 0 0 0 0 0 0 0 0 0 0 0 0 0 0 1 4 0 1 0 24 0 0 64 64 0 0 0 58 0
0 3 19 0 0 0 0 0 0 0 0 0 0 0 0 0 0 0 0 0 0 0 0 0 0 0 1 3 0 0 0 25 0 0 63 64 0 2 0 59 0
0 2 19 3 0 0 0 0 0 0 0 0 0 0 0 0 0 0 0 0 0 0 0 0 0 0 1 4 1 1 0 26 0 0 65 65 0 0 0 59 0
0 0 29 3 0 0 0 0 0 0 0 0 0 4 0 0 0 0 0 0 0 0 0 0 0 0 0 0 5 0 0 27 0 0 63 58 0 0 0 53 0
0 0 41 0 0 0 0 0 0 0 0 0 0 3 0 0 0 0 0 0 0 0 4 0 0 0 1 0 6 0 0 44 0 0 50 48 0 2 0 44 0
0 0 43 0 0 0 0 0 0 0 0 0 0 3 0 0 0 0 0 0 0 0 4 0 0 0 1 0 7 0 0 47 0 0 57 54 0 3 0 48 0
24 8 19 0 0 0 0 0 0 0 0 0 0 0 0 0 0 0 0 0 0 0 0 1 0 0 0 0 0 0 0 29 0 9 34 51 0 3 0 56 0
11 0 19 2 0 0 0 0 0 0 0 0 0 0 0 0 0 0 0 0 0 0 17 0 0 0 0 0 0 0 0 26 0 0 0 0 0 0 0 0 1
2 0 35 0 0 0 0 0 0 0 0 0 0 0 0 0 0 0 0 0 0 0 16 0 0 1 0 0 3 0 0 41 0 2 4 4 0 2 0 8 0
0 1 19 5 0 0 0 0 0 0 0 0 0 2 0 0 0 0 0 0 0 0 0 0 0 0 0 3 2 1 0 22 0 0 67 65 0 0 0 58 0
0 3 18 1 0 0 0 0 0 0 0 0 0 0 0 0 0 0 0 0 0 0 0 0 0 0 2 4 0 1 0 27 0 0 65 67 0 0 0 62 0
0 0 42 0 0 0 0 0 0 0 0 0 0 3 0 0 0 0 0 0 0 0 5 0 0 0 1 0 7 0 0 48 0 0 56 53 0 2 0 47 0
0 0 43 0 0 0 0 0 0 0 0 0 0 3 0 0 0 0 0 0 0 0 5 0 0 0 1 0 7 0 0 47 0 0 53 50 0 3 0 46 0
0 0 40 0 0 0 0 0 0 0 0 0 0 3 0 0 0 0 0 0 0 0 3 0 0 0 1 0 7 0 0 44 0 0 57 53 0 2 0 47 0
0 1 17 4 0 0 0 0 0 0 0 0 0 1 0 0 0 0 0 0 0 0 0 0 0 0 1 2 2 1 0 19 0 0 60 59 0 0 0 54 0
7 0 27 0 0 0 0 0 0 0 0 1 0 0 0 0 0 0 0 0 0 0 19 0 0 0 0 0 1 0 0 35 0 1 0 0 0 0 0 0 0
0 0 44 0 0 0 0 0 0 0 0 0 0 3 0 0 0 0 0 0 0 0 5 0 0 0 2 0 7 0 0 49 0 0 57 53 0 3 0 48 0
0 0 40 3 0 0 0 0 0 0 0 0 0 3 0 0 0 0 0 0 0 0 3 0 0 0 1 0 7 0 0 46 0 0 58 55 0 2 0 47 0
0 2 17 4 0 0 0 0 0 0 0 0 0 0 0 0 0 0 0 0 0 0 0 0 0 0 1 3 1 1 0 22 0 0 61 61 0 0 0 55 0
0 1 21 0 0 0 0 0 0 0 0 0 0 0 0 0 0 0 0 0 0 0 0 0 0 0 1 1 2 0 0 19 0 0 59 57 0 3 0 52 0
0 0 20 4 0 0 0 0 0 0 0 0 0 3 0 0 0 0 0 0 0 0 0 0 0 0 0 2 3 0 0 20 0 0 67 64 0 0 0 58 0
3 0 34 0 0 0 0 0 0 0 0 0 0 0 0 0 0 0 0 0 0 0 16 0 0 0 0 0 3 0 0 41 0 1 2 3 0 2 0 5 0
0 1 17 4 0 0 0 0 0 0 0 0 0 1 0 0 0 0 0 0 0 0 0 0 0 0 0 2 2 1 0 19 0 0 58 56 0 1 0 49 0
0 0 22 7 0 0 0 0 0 0 0 0 0 3 0 0 0 0 0 0 0 0 0 0 0 0 0 1 4 0 0 22 0 0 60 59 0 0 0 52 0
0 0 27 6 0 0 0 0 0 0 0 0 0 4 0 0 0 0 0 0 0 0 0 0 0 0 0 0 5 0 0 27 0 0 61 59 0 0 0 52 0
0 0 22 0 0 0 0 0 0 0 0 0 0 0 0 0 0 0 0 0 0 0 0 0 0 0 0 1 2 0 0 20 0 0 63 60 0 2 0 54 0
16 0 17 0 0 0 0 0 0 0 0 0 0 0 0 0 0 0 0 0 0 0 23 0 0 0 0 0 0 0 0 27 0 1 0 0 0 0 0 0 2
27 0 4 3 0 0 0 0 0 0 0 0 0 0 0 0 0 0 0 0 0 0 23 0 0 0 0 0 0 0 0 12 0 0 0 0 0 0 0 0 6
0 3 17 2 0 0 0 0 0 0 0 0 0 0 0 0 0 0 0 0 0 0 0 0 0 0 1 4 0 1 0 25 0 0 62 63 0 0 0 58 0
6 0 32 0 0 0 0 0 0 0 0 0 0 0 0 0 0 0 0 0 0 0 17 0 0 0 0 0 2 0 0 40 0 2 0 0 0 2 0 0 0
0 3 18 0 0 0 0 0 0 0 0 0 0 0 0 0 0 0 0 0 0 0 0 0 0 0 2 4 0 1 0 26 0 0 64 65 0 0 0 62 0
0 0 27 4 0 0 0 0 0 0 0 0 0 4 0 0 0 0 0 0 0 0 0 0 0 0 0 1 5 0 0 26 0 0 66 62 0 0 0 56 0
0 1 23 0 0 0 0 0 0 0 0 0 0 0 0 0 0 0 0 0 0 0 0 0 0 0 1 2 2 0 0 24 0 1 65 64 0 3 0 59 0
0 3 17 7 0 0 0 0 0 0 0 0 0 0 0 0 0 0 0 0 0 0 0 0 0 0 0 4 2 2 0 25 0 0 68 68 0 0 0 61 0
0 1 18 3 0 0 0 0 0 0 0 0 0 1 0 0 0 0 0 0 0 0 0 0 0 0 1 2 2 1 0 19 0 0 60 58 0 1 0 51 0
0 1 17 5 0 0 0 0 0 0 0 0 0 2 0 0 0 0 0 0 0 0 0 0 0 0 1 1 2 1 0 18 0 0 58 57 0 0 0 51 0
0 0 21 0 0 0 0 0 0 0 0 0 0 2 0 0 0 0 0 0 0 0 0 0 0 0 0 1 3 0 0 18 0 0 62 58 0 0 0 52 0
0 1 21 0 1 0 0 0 0 0 0 0 0 0 0 0 0 0 0 0 0 0 0 0 0 0 1 2 2 0 0 22 0 0 64 63 0 3 0 57 0
0 2 19 6 0 0 0 0 0 0 0 0 0 1 0 0 0 0 0 0 0 0 0 0 0 0 0 4 2 1 0 23 0 0 66 64 0 0 0 58 0
0 1 22 0 0 0 0 0 0 0 0 0 0 0 0 0 0 0 0 0 0 0 0 0 0 0 1 2 2 0 0 23 0 0 64 62 0 2 0 57 0
0 2 17 5 0 0 0 0 0 0 0 0 0 0 0 0 0 0 0 0 0 0 0 0 0 0 1 3 1 1 0 22 0 0 60 60 0 0 0 53 0
0 0 31 5 0 0 0 0 0 0 0 0 0 4 0 0 0 0 0 0 0 0 0 0 0 0 0 0 5 0 0 31 0 0 66 63 0 0 0 55 0
0 2 19 0 1 0 0 0 0 0 0 0 0 0 0 0 0 0 0 0 0 0 0 0 0 0 2 3 0 0 0 25 0 0 62 63 0 1 0 59 0
18 7 19 0 0 0 0 0 0 0 0 0 0 0 0 0 0 0 0 0 0 0 0 0 0 0 0 0 0 0 0 31 0 7 42 56 0 2 0 60 0
0 3 18 1 0 0 0 0 0 0 0 0 0 0 0 0 0 0 0 0 0 0 0 0 0 0 2 5 0 1 0 27 0 0 67 68 0 0 0 63 0
0 0 23 0 0 0 0 0 0 0 0 0 0 0 0 0 0 0 0 0 0 0 0 0 0 0 0 1 3 0 0 22 0 0 62 60 0 3 0 54 0
0 3 20 0 1 0 0 0 0 0 0 0 0 0 0 0 0 0 0 0 0 0 0 1 0 0 1 2 0 0 0 25 0 4 61 64 0 4 0 60 0
0 1 24 5 0 0 0 0 0 0 0 0 0 4 0 0 0 0 0 0 0 0 0 0 0 0 0 1 4 0 0 22 0 0 67 64 0 0 0 57 0
0 0 41 1 0 0 0 0 0 0 0 0 0 4 0 0 0 0 0 0 0 0 2 0 0 0 1 0 7 0 0 45 0 0 66 61 0 1 0 54 0
20 8 18 0 0 0 0 0 0 0 0 0 0 0 0 0 0 0 0 0 0 0 0 1 0 0 0 0 0 0 0 29 0 8 38 54 0 3 0 57 0
0 1 20 0 1 0 0 0 0 0 0 0 0 0 0 0 0 0 0 0 0 0 0 0 0 0 1 2 1 0 0 23 0 1 64 64 0 2 0 59 0
0 0 44 0 0 0 0 0 0 0 0 0 0 1 0 0 0 0 0 0 0 0 14 0 0 1 1 0 5 0 0 52 0 2 27 25 0 4 0 25 0
7 0 25 0 0 0 0 0 0 0 0 0 0 0 0 0 0 0 0 0 0 0 20 0 0 0 0 0 1 0 0 32 0 1 0 0 0 0 0 0 0
58 0 0 2 0 0 0 0 0 0 0 0 0 0 0 0 0 0 0 0 0 0 35 0 0 0 0 0 0 0 0 0 0 0 0 0 0 0 0 0 19
0 0 23 5 0 0 0 0 0 0 0 0 0 3 0 0 0 0 0 0 0 0 0 0 0 0 0 2 4 0 0 23 0 0 66 64 0 0 0 58 0
0 0 26 4 0 0 0 0 0 0 0 0 0 4 0 0 0 0 0 0 0 0 0 0 0 0 0 1 5 0 0 25 0 0 70 65 0 0 0 58 0
50 0 0 2 0 0 0 0 0 0 0 0 0 0 0 0 0 0 0 0 0 0 34 0 0 0 0 0 0 0 0 0 0 0 0 0 0 0 0 0 16
0 0 29 4 0 0 0 0 0 0 0 0 0 3 0 0 0 0 0 0 0 0 0 0 0 0 0 0 5 0 0 29 0 0 55 52 0 0 0 47 0
0 2 16 4 0 0 0 0 0 0 0 0 0 1 0 0 0 0 0 0 0 0 0 0 0 0 0 3 2 1 0 19 0 0 59 58 0 0 0 52 0
0 0 31 5 0 0 0 0 0 0 0 0 0 4 0 0 0 0 0 0 0 0 0 0 0 0 0 0 5 0 0 33 0 0 66 62 0 0 0 56 0
0 0 46 0 0 0 0 0 0 0 0 0 0 3 0 0 0 0 0 0 0 0 6 0 0 1 1 0 7 0 0 53 0 0 60 55 0 4 0 48 0
0 0 20 2 0 0 0 0 0 0 0 0 0 1 0 0 0 0 0 0 0 0 0 0 0 0 0 1 3 0 0 19 0 0 59 56 0 1 0 50 0
0 0 51 0 0 0 0 0 0 0 0 0 0 3 0 0 0 0 0 0 0 0 8 0 0 1 2 0 8 0 0 58 0 0 60 55 0 6 0 49 0
0 1 17 5 0 0 0 0 0 0 0 0 0 1 0 0 0 0 0 0 0 0 0 0 0 0 0 3 2 1 0 20 0 0 62 60 0 0 0 55 0
0 0 34 3 0 0 0 0 0 0 0 0 0 4 0 0 0 0 0 0 0 0 0 0 0 0 0 0 6 0 0 33 0 0 63 59 0 0 0 54 0
25 0 5 2 0 0 0 0 0 0 0 0 0 0 0 0 0 0 0 0 0 0 22 0 0 0 0 0 0 0 0 12 0 0 0 0 0 0 0 0 6
0 1 18 5 0 0 0 0 0 0 0 0 0 2 0 0 0 0 0 0 0 0 0 0 0 0 0 3 3 1 0 20 0 0 66 64 0 0 0 57 0
0 1 16 4 0 0 0 0 0 0 0 0 0 1 0 0 0 0 0 0 0 0 0 0 0 0 0 3 2 1 0 19 0 0 58 57 0 1 0 50 0
0 0 21 1 0 0 0 0 0 0 0 0 0 2 0 0 0 0 0 0 0 0 0 0 0 0 0 1 3 0 0 18 0 0 62 58 0 0 0 52 0
0 3 20 0 1 0 0 0 0 0 0 0 0 0 0 0 0 0 0 0 0 0 0 0 0 0 2 3 0 0 0 26 0 1 61 63 0 2 0 59 0
5 0 29 0 0 0 0 0 0 0 0 0 0 0 0 0 0 0 0 0 0 0 16 0 0 0 0 0 2 0 0 34 0 1 0 0 0 0 0 0 0
0 0 22 3 0 0 0 0 0 0 0 0 0 3 0 0 0 0 0 0 0 0 0 0 0 0 0 2 4 0 0 21 0 0 67 65 0 0 0 58 0
0 2 18 6 0 0 0 0 0 0 0 0 0 0 0 0 0 0 0 0 0 0 0 0 0 0 1 4 1 1 0 25 0 0 65 64 0 0 0 58 0
3 0 34 0 0 0 0 0 0 0 0 0 0 0 0 0 0 0 0 0 0 0 16 0 0 0 0 0 3 0 0 42 0 1 0 1 0 0 0 6 0
0 1 17 5 0 0 0 0 0 0 0 0 0 2 0 0 0 0 0 0 0 0 0 0 0 0 0 3 2 1 0 19 0 0 62 59 0 0 0 53 0
35 0 0 2 0 0 0 0 0 0 0 0 0 0 0 0 0 0 0 0 0 0 27 0 0 0 0 0 0 0 0 5 0 0 0 0 0 0 0 0 9
0 0 41 0 0 0 0 0 0 0 0 0 0 2 0 0 0 0 0 0 0 0 5 0 0 0 1 0 6 0 0 45 0 0 46 44 0 2 0 42 0
0 0 22 3 0 0 0 0 0 0 0 0 0 3 0 0 0 0 0 0 0 0 0 0 0 0 0 0 4 0 0 18 0 0 61 57 0 0 0 53 0
0 2 18 1 0 0 0 0 0 0 0 0 0 0 0 0 0 0 0 0 0 0 0 0 0 0 0 3 1 0 0 22 0 0 61 60 0 2 0 53 0
0 1 18 5 0 0 0 0 0 0 0 0 0 2 0 0 0 0 0 0 0 0 0 0 0 0 0 3 2 0 0 20 0 0 65 63 0 0 0 57 0
0 2 19 0 1 0 0 0 0 0 0 0 0 0 0 0 0 0 0 0 0 0 0 0 0 0 1 3 0 0 0 24 0 1 63 64 0 2 0 59 0
0 0 24 5 0 0 0 0 0 0 0 0 0 4 0 0 0 0 0 0 0 0 0 0 0 0 0 0 5 0 0 22 0 0 63 60 0 0 0 54 0
0 1 18 4 0 0 0 0 0 0 0 0 0 0 0 0 0 0 0 0 0 0 0 0 0 0 0 3 1 0 0 22 0 0 62 60 0 1 0 53 0
0 1 22 0 0 0 0 0 0 0 0 0 0 0 0 0 0 0 0 0 0 0 0 0 0 0 1 2 2 0 0 22 0 0 64 62 0 3 0 55 0
0 1 19 4 0 0 0 0 0 0 0 0 0 1 0 0 0 0 0 0 0 0 0 0 0 0 0 3 2 0 0 23 0 0 68 66 0 0 0 60 0
0 1 20 2 0 0 0 0 0 0 0 0 0 1 0 0 0 0 0 0 0 0 0 0 0 0 0 2 2 0 0 21 0 0 61 59 0 2 0 53 0
0 0 28 5 0 0 0 0 0 0 0 0 0 4 0 0 0 0 0 0 0 0 0 0 0 0 0 1 5 0 0 28 0 0 67 64 0 0 0 56 0
0 0 24 5 0 0 0 0 0 0 0 0 0 4 0 0 0 0 0 0 0 0 0 0 0 0 0 1 4 0 0 23 0 0 63 60 0 0 0 53 0
0 0 42 0 0 0 0 0 0 0 0 0 0 1 0 0 0 0 0 0 0 0 13 0 0 0 0 0 5 0 0 46 0 2 20 19 0 1 0 22 0
64 0 0 3 0 0 0 0 0 0 0 0 0 0 0 0 0 0 0 0 0 0 34 0 0 0 0 0 0 0 0 0 0 0 0 0 0 0 0 0 22
0 1 23 0 0 0 0 0 0 0 0 0 0 2 0 0 0 0 0 0 0 0 0 0 0 0 0 0 3 0 0 18 0 0 62 58 0 2 0 53 0
0 0 20 4 0 0 0 0 0 0 0 0 0 3 0 0 0 0 0 0 0 0 0 0 0 0 0 2 3 0 0 21 0 0 65 62 0 0 0 56 0
18 0 10 2 0 0 0 0 0 0 0 0 0 0 0 0 0 0 0 0 0 0 19 0 0 0 0 0 0 0 0 17 0 0 0 0 0 0 0 0 4
0 2 19 0 1 0 0 0 0 0 0 0 0 0 0 0 0 0 0 0 0 0 0 0 0 0 2 4 0 0 0 25 0 1 64 64 0 1 0 60 0
0 2 17 3 0 0 0 0 0 0 0 0 0 0 0 0 0 0 0 0 0 0 0 0 0 0 2 3 0 1 0 23 0 0 62 62 0 0 0 57 0
0 3 17 0 0 0 0 0 0 0 0 0 0 0 0 0 0 0 0 0 0 0 0 0 0 0 2 3 0 1 0 24 0 0 60 61 0 0 0 57 0
2 0 31 0 0 0 0 0 0 0 0 0 0 0 0 0 0 0 0 0 0 0 15 0 0 0 0 0 3 0 0 36 0 0 3 4 0 0 0 7 0
0 1 21 5 0 0 0 0 0 0 0 0 0 3 0 0 0 0 0 0 0 0 0 0 0 0 0 3 3 0 0 22 0 0 70 68 0 0 0 61 0
0 0 21 5 0 0 0 0 0 0 0 0 0 3 0 0 0 0 0 0 0 0 0 0 0 0 0 2 4 0 0 22 0 0 67 65 0 0 0 59 0
0 1 18 0 1 0 0 0 0 0 0 0 0 0 0 0 0 0 0 0 0 0 0 0 0 0 1 2 1 0 0 19 0 0 60 59 0 3 0 53 0
0 0 41 0 0 0 0 0 0 0 0 0 0 3 0 0 0 0 0 0 0 0 2 0 0 0 1 0 7 0 0 45 0 0 63 60 0 1 0 54 0
26 0 8 1 0 0 0 0 0 0 0 0 0 0 0 0 0 0 0 0 0 0 28 0 0 0 0 0 0 0 0 19 0 0 0 0 0 0 0 0 6
10 0 23 0 0 0 0 0 0 0 0 0 0 0 0 0 0 0 0 0 0 0 20 0 0 0 0 0 0 0 0 32 0 1 0 0 0 0 0 0 1
0 0 43 0 0 0 0 0 0 0 0 0 0 1 0 0 0 0 0 0 0 0 13 0 0 1 1 0 5 0 0 50 0 2 26 26 0 2 0 27 0
0 2 17 6 0 0 0 0 0 0 0 0 0 1 0 0 0 0 0 0 0 0 0 0 0 0 1 3 2 1 0 21 0 0 63 62 0 0 0 55 0
30 0 0 2 0 0 0 0 0 0 0 0 0 0 0 0 0 0 0 0 0 0 23 0 0 0 0 0 0 0 0 7 0 0 0 0 0 0 0 0 8
0 1 17 4 0 0 0 0 0 0 0 0 0 1 0 0 0 0 0 0 0 0 0 0 0 0 0 3 2 1 0 20 0 0 62 60 0 0 0 54 0
8 6 19 0 0 0 0 0 0 0 0 0 0 0 0 0 0 0 0 0 0 0 0 0 0 0 1 1 0 0 0 31 0 4 49 59 0 0 0 62 0
0 3 20 0 1 0 0 0 0 0 0 0 0 0 0 0 0 0 0 0 0 0 0 0 0 0 1 3 0 0 0 26 0 1 63 64 0 2 0 59 0
0 0 34 3 0 0 0 0 0 0 0 0 0 4 0 0 0 0 0 0 0 0 0 0 0 0 0 0 6 0 0 35 0 0 68 63 0 0 0 57 0
0 2 19 0 1 0 0 0 0 0 0 0 0 0 0 0 0 0 0 0 0 0 0 0 0 0 1 2 1 0 0 22 0 0 60 61 0 3 0 56 0
0 1 23 6 0 0 0 0 0 0 0 0 0 3 0 0 0 0 0 0 0 0 0 0 0 0 0 2 4 0 0 24 0 0 66 63 0 0 0 56 0
0 2 19 0 1 0 0 0 0 0 0 0 0 0 0 0 0 0 0 0 0 0 0 0 0 0 2 3 0 0 0 24 0 1 62 63 0 2 0 59 0
5 5 17 0 0 0 0 0 0 0 0 0 0 0 0 0 0 0 0 0 0 0 0 0 0 0 1 1 0 0 0 27 0 3 50 58 0 1 0 58 0
0 1 23 0 0 0 0 0 0 0 0 0 0 1 0 0 0 0 0 0 0 0 0 0 0 0 0 2 3 0 0 21 0 0 65 61 0 2 0 55 0
0 0 39 2 0 0 0 0 0 0 0 0 0 3 0 0 0 0 0 0 0 0 1 0 0 0 1 0 7 0 0 43 0 0 62 58 0 1 0 51 0
0 0 34 3 0 0 0 0 0 0 0 0 0 4 0 0 0 0 0 0 0 0 0 0 0 0 0 0 6 0 0 35 0 0 62 58 0 0 0 52 0
0 0 42 0 0 0 0 0 0 0 0 0 0 2 0 0 0 0 0 0 0 0 6 0 0 1 2 0 6 0 0 48 0 0 51 48 0 4 0 42 0
0 0 21 5 0 0 0 0 0 0 0 0 0 4 0 0 0 0 0 0 0 0 0 0 0 0 0 2 4 0 0 21 0 0 68 66 0 0 0 59 0
0 1 19 5 0 0 0 0 0 0 0 0 0 3 0 0 0 0 0 0 0 0 0 0 0 0 0 3 3 1 0 22 0 0 69 67 0 0 0 61 0
0 2 21 0 1 0 0 0 0 0 0 0 0 0 0 0 0 0 0 0 0 0 0 0 0 0 2 3 0 0 0 26 0 2 65 65 0 2 0 61 0
0 0 23 3 0 0 0 0 0 0 0 0 0 3 0 0 0 0 0 0 0 0 0 0 0 0 0 1 4 0 0 22 0 0 65 62 0 0 0 58 0
0 2 19 0 1 0 0 0 0 0 0 0 0 0 0 0 0 0 0 0 0 0 0 0 0 0 2 2 0 0 0 22 0 1 61 62 0 2 0 57 0
0 2 15 6 0 0 0 0 0 0 0 0 0 1 0 0 0 0 0 0 0 0 0 0 0 0 0 2 2 2 0 17 0 0 58 56 0 0 0 51 0
0 0 46 0 0 0 0 0 0 0 0 0 0 3 0 0 0 0 0 0 0 0 6 0 0 1 1 0 7 0 0 51 0 0 57 52 0 4 0 46 0
0 0 41 0 0 0 0 0 0 0 0 0 0 4 0 0 0 0 0 0 0 0 2 0 0 0 1 0 7 0 0 44 0 0 61 57 0 2 0 51 0
0 1 21 0 0 0 0 0 0 0 0 0 0 0 0 0 0 0 0 0 0 0 0 0 0 0 1 2 2 0 0 22 0 0 64 62 0 2 0 55 0
0 3 19 0 0 0 0 0 0 0 0 0 0 0 0 0 0 0 0 0 0 0 0 0 0 0 2 4 0 0 0 27 0 1 65 67 0 0 0 64 0
3 5 19 0 0 0 0 0 0 0 0 0 0 0 0 0 0 0 0 0 0 0 0 0 0 0 2 2 0 0 0 30 0 3 57 63 0 1 0 63 0
0 0 20 4 0 0 0 0 0 0 0 0 0 3 0 0 0 0 0 0 0 0 0 0 0 0 0 2 3 0 0 19 0 0 64 62 0 0 0 56 0
62 0 0 1 0 0 0 0 0 0 0 0 0 0 0 0 0 0 0 0 0 0 35 0 0 0 0 0 0 0 0 0 0 0 0 0 0 0 0 0 21
0 0 38 1 0 0 0 0 0 0 0 0 0 3 0 0 0 0 0 0 0 0 1 0 0 0 1 0 6 0 0 40 0 0 61 56 0 1 0 50 0
0 1 17 5 0 0 0 0 0 0 0 0 0 1 0 0 0 0 0 0 0 0 0 0 0 0 0 3 2 1 0 21 0 0 64 63 0 0 0 57 0
0 3 18 0 0 0 0 0 0 0 0 0 0 0 0 0 0 0 0 0 0 0 0 0 0 0 2 4 0 1 0 24 0 0 62 63 0 0 0 58 0
11 6 19 0 0 0 0 0 0 0 0 0 0 0 0 0 0 0 0 0 0 0 0 1 0 0 1 0 0 0 0 30 0 6 48 59 0 2 0 60 0
0 0 39 1 0 0 0 0 0 0 0 0 0 4 0 0 0 0 0 0 0 0 0 0 0 0 0 0 7 0 0 41 0 0 66 61 0 0 0 54 0
4 5 21 0 1 0 0 0 0 0 0 0 0 0 0 0 0 0 0 0 0 0 0 0 0 0 0 1 0 0 0 29 0 5 57 63 0 4 0 61 0
0 0 42 0 0 0 0 0 0 0 0 0 0 3 0 0 0 0 0 0 0 0 3 0 0 0 1 0 7 0 0 46 0 0 63 58 0 3 0 51 0
0 2 20 0 0 0 0 0 0 0 0 0 0 0 0 0 0 0 0 0 0 0 0 0 0 0 1 2 2 0 0 23 0 0 61 60 0 2 0 55 0
0 1 20 0 1 0 0 0 0 0 0 0 0 0 0 0 0 0 0 0 0 0 0 0 0 0 1 3 1 0 0 23 0 0 64 63 0 2 0 58 0
0 1 19 5 0 0 0 0 0 0 0 0 0 3 0 0 0 0 0 0 0 0 0 0 0 0 0 3 3 1 0 21 0 0 64 62 0 0 0 56 0
0 1 16 5 0 0 0 0 0 0 0 0 0 1 0 0 0 0 0 0 0 0 0 0 0 0 0 3 2 1 0 19 0 0 60 59 0 0 0 51 0
0 1 20 3 0 0 0 0 0 0 0 0 0 2 0 0 0 0 0 0 0 0 0 0 0 0 0 2 3 0 0 19 0 0 63 60 0 0 0 55 0
0 3 17 2 0 0 0 0 0 0 0 0 0 0 0 0 0 0 0 0 0 0 0 0 0 0 1 4 0 1 0 24 0 0 62 63 0 0 0 57 0
0 3 17 0 0 0 0 0 0 0 0 0 0 0 0 0 0 0 0 0 0 0 0 0 0 0 2 3 0 1 0 24 0 0 60 62 0 0 0 58 0
0 2 18 0 0 0 0 0 0 0 0 0 0 0 0 0 0 0 0 0 0 0 0 0 0 0 1 3 1 0 0 23 0 0 62 62 0 2 0 56 0
0 2 16 4 0 0 0 0 0 0 0 0 0 0 0 0 0 0 0 0 0 0 0 0 0 0 0 3 1 1 0 19 0 0 56 55 0 1 0 49 0
0 1 19 3 0 0 0 0 0 0 0 0 0 2 0 0 0 0 0 0 0 0 0 0 0 0 0 2 3 0 0 19 0 0 60 58 0 0 0 51 0
0 0 20 3 0 0 0 0 0 0 0 0 0 3 0 0 0 0 0 0 0 0 0 0 0 0 0 0 3 0 0 17 0 0 60 57 0 0 0 53 0
0 1 21 6 0 0 0 0 0 0 0 0 0 3 0 0 0 0 0 0 0 0 0 0 0 0 0 3 3 0 0 24 0 0 71 69 0 0 0 61 0
0 1 17 2 0 0 0 0 0 0 0 0 0 1 0 0 0 0 0 0 0 0 0 0 0 0 1 1 2 0 0 18 0 0 56 55 0 1 0 49 0
0 1 19 0 0 0 0 0 0 0 0 0 0 0 0 0 0 0 0 0 0 0 0 0 0 0 1 2 1 0 0 21 0 0 59 58 0 2 0 52 0
0 2 20 2 0 0 0 0 0 0 0 0 0 0 0 0 0 0 0 0 0 0 0 0 0 0 1 3 2 0 0 23 0 0 65 64 0 1 0 57 0
0 0 23 7 0 0 0 0 0 0 0 0 0 4 0 0 0 0 0 0 0 0 0 0 0 0 0 2 4 0 0 25 0 0 66 63 0 0 0 56 0
0 3 17 2 0 0 0 0 0 0 0 0 0 0 0 0 0 0 0 0 0 0 0 0 0 0 1 4 0 1 0 24 0 0 63 63 0 0 0 57 0
0 2 16 5 0 0 0 0 0 0 0 0 0 0 0 0 0 0 0 0 0 0 0 0 0 0 0 3 1 1 0 19 0 0 59 58 0 0 0 52 0
0 1 19 1 0 0 0 0 0 0 0 0 0 0 0 0 0 0 0 0 0 0 0 0 0 0 1 3 1 0 0 22 0 0 62 61 0 2 0 54 0
16 0 15 1 0 0 0 0 0 0 0 0 0 0 0 0 0 0 0 0 0 0 21 0 0 0 0 0 0 0 0 24 0 1 0 0 0 0 0 0 2
21 8 18 0 0 0 0 0 0 0 0 0 0 0 0 0 0 0 0 0 0 0 0 1 0 0 0 0 0 0 0 29 0 8 38 54 0 3 0 58 0
0 0 49 0 0 0 0 0 0 0 0 0 0 1 0 0 0 0 0 0 0 0 15 0 0 0 1 0 6 0 0 56 0 2 31 28 0 2 0 30 0
0 0 21 1 0 0 0 0 0 0 0 0 0 2 0 0 0 0 0 0 0 0 0 0 0 0 0 1 3 0 0 18 0 0 62 59 0 0 0 53 0
0 1 15 4 0 0 0 0 0 0 0 0 0 1 0 0 0 0 0 0 0 0 0 0 0 0 0 2 1 1 0 17 0 0 56 55 0 1 0 47 0
0 0 34 0 0 0 0 0 0 0 0 0 0 4 0 0 0 0 0 0 0 0 0 0 0 0 0 0 6 0 0 32 0 0 60 55 0 0 0 51 0
0 0 20 2 0 0 0 0 0 0 0 0 0 2 0 0 0 0 0 0 0 0 0 0 0 0 0 1 3 0 0 18 0 0 61 58 0 0 0 52 0
0 2 19 2 0 0 0 0 0 0 0 0 0 0 0 0 0 0 0 0 0 0 0 0 0 0 1 4 1 0 0 25 0 0 65 64 0 2 0 55 0
0 0 20 1 0 0 0 0 0 0 0 0 0 3 0 0 0 0 0 0 0 0 0 0 0 0 0 1 3 0 0 17 0 0 62 59 0 0 0 53 0
0 3 19 0 1 0 0 0 0 0 0 0 0 0 0 0 0 0 0 0 0 0 0 0 0 0 1 3 0 0 0 24 0 1 61 62 0 2 0 58 0
0 0 43 0 0 0 0 0 0 0 0 0 0 2 0 0 0 0 0 0 0 0 7 0 0 0 1 0 6 0 0 46 0 1 41 39 0 1 0 39 0
0 0 34 3 0 0 0 0 0 0 0 0 0 4 0 0 0 0 0 0 0 0 0 0 0 0 0 0 6 0 0 37 0 0 62 58 0 0 0 51 0
30 0 1 2 0 0 0 0 0 0 0 0 0 0 0 0 0 0 0 0 0 0 25 0 0 0 0 0 0 0 0 11 0 0 0 0 0 0 0 0 7
3 0 39 0 0 0 0 0 0 0 0 0 0 0 0 0 0 0 0 0 0 0 22 0 0 1 0 0 3 0 0 48 0 3 0 0 0 3 0 1 0
0 2 17 2 0 0 0 0 0 0 0 0 0 0 0 0 0 0 0 0 0 0 0 0 0 0 1 4 0 1 0 24 0 0 63 63 0 0 0 57 0
0 2 15 5 0 0 0 0 0 0 0 0 0 0 0 0 0 0 0 0 0 0 0 0 0 0 1 3 1 1 0 20 0 0 58 57 0 0 0 51 0
0 3 19 0 1 0 0 0 0 0 0 0 0 0 0 0 0 0 0 0 0 0 0 0 0 0 1 2 0 0 0 25 0 3 59 62 0 2 0 59 0
0 1 21 6 0 0 0 0 0 0 0 0 0 3 0 0 0 0 0 0 0 0 0 0 0 0 0 2 4 0 0 22 0 0 64 62 0 0 0 56 0
0 1 25 4 0 0 0 0 0 0 0 0 0 4 0 0 0 0 0 0 0 0 0 0 0 0 0 1 4 0 0 22 0 0 68 65 0 0 0 59 0
0 1 22 0 0 0 0 0 0 0 0 0 0 0 0 0 0 0 0 0 0 0 0 0 0 0 0 1 2 0 0 22 0 0 60 59 0 2 0 54 0
0 1 17 3 0 0 0 0 0 0 0 0 0 0 0 0 0 0 0 0 0 0 0 0 0 0 0 2 1 0 0 19 0 0 57 56 0 2 0 49 0
0 0 48 0 0 0 0 0 0 0 0 0 0 4 0 0 0 0 0 0 0 0 4 0 0 1 1 0 8 0 0 53 0 0 68 62 0 4 0 53 0
0 3 22 0 1 0 0 0 0 0 0 0 0 0 0 0 0 0 0 0 0 0 0 0 0 0 1 3 0 0 0 27 0 4 64 66 0 3 0 63 0
0 0 39 0 0 0 0 0 0 0 0 0 0 0 0 0 0 0 0 0 0 0 16 0 0 1 1 0 4 0 0 46 0 2 11 11 0 1 0 14 0
0 1 19 2 0 0 0 0 0 0 0 0 0 1 0 0 0 0 0 0 0 0 0 0 0 0 0 2 2 0 0 19 0 0 60 58 0 0 0 53 0
0 1 16 6 0 0 0 0 0 0 0 0 0 1 0 0 0 0 0 0 0 0 0 0 0 0 0 2 2 1 0 19 0 0 60 59 0 0 0 53 0
0 0 21 5 0 0 0 0 0 0 0 0 0 3 0 0 0 0 0 0 0 0 0 0 0 0 0 3 3 0 0 22 0 0 68 65 0 0 0 59 0
0 2 18 0 0 0 0 0 0 0 0 0 0 0 0 0 0 0 0 0 0 0 0 0 0 0 1 4 0 0 0 24 0 0 63 63 0 1 0 57 0
0 0 22 8 0 0 0 0 0 0 0 0 0 4 0 0 0 0 0 0 0 0 0 0 0 0 0 2 4 0 0 23 0 0 64 63 0 0 0 55 0
0 3 22 0 0 0 0 0 0 0 0 0 0 0 0 0 0 0 0 0 0 0 0 0 0 0 2 5 0 0 0 30 0 1 71 71 0 0 0 67 0
0 0 35 3 0 0 0 0 0 0 0 0 0 4 0 0 0 0 0 0 0 0 0 0 0 0 0 0 6 0 0 38 0 0 64 60 0 0 0 54 0
0 3 20 0 1 0 0 0 0 0 0 0 0 0 0 0 0 0 0 0 0 0 0 0 0 0 2 4 0 0 0 27 0 1 67 68 0 1 0 64 0
0 0 17 5 0 0 0 0 0 0 0 0 0 3 0 0 0 0 0 0 0 0 0 0 0 0 0 2 3 1 0 17 0 0 60 57 0 0 0 51 0
0 1 19 5 0 0 0 0 0 0 0 0 0 2 0 0 0 0 0 0 0 0 0 0 0 0 0 3 3 0 0 21 0 0 65 63 0 0 0 57 0
0 0 31 4 0 0 0 0 0 0 0 0 0 4 0 0 0 0 0 0 0 0 0 0 0 0 0 0 5 0 0 30 0 0 68 64 0 0 0 56 0
0 0 41 0 0 0 0 0 0 0 0 0 0 4 0 0 0 0 0 0 0 0 1 0 0 0 1 0 7 0 0 45 0 0 65 60 0 1 0 54 0
0 2 17 5 0 0 0 0 0 0 0 0 0 1 0 0 0 0 0 0 0 0 0 0 0 0 1 3 1 1 0 21 0 0 61 60 0 0 0 53 0
0 1 17 4 0 0 0 0 0 0 0 0 0 1 0 0 0 0 0 0 0 0 0 0 0 0 0 3 2 1 0 20 0 0 60 59 0 0 0 53 0
43 7 19 0 1 0 0 0 0 0 0 0 0 0 0 0 0 0 0 0 0 0 0 1 0 0 2 0 0 0 0 26 0 14 20 48 0 7 0 57 0
0 0 24 2 0 0 0 0 0 0 0 0 0 3 0 0 0 0 0 0 0 0 0 0 0 0 0 1 4 0 0 23 0 0 67 63 0 0 0 58 0
0 0 21 4 0 0 0 0 0 0 0 0 0 3 0 0 0 0 0 0 0 0 0 0 0 0 0 1 4 0 0 21 0 0 65 62 0 0 0 56 0
0 1 20 7 0 0 0 0 0 0 0 0 0 2 0 0 0 0 0 0 0 0 0 0 0 0 0 4 2 1 0 25 0 0 70 68 0 0 0 61 0
2 5 18 0 0 0 0 0 0 0 0 0 0 0 0 0 0 0 0 0 0 0 0 0 0 0 2 2 0 0 0 28 0 2 55 62 0 0 0 62 0
7 6 21 0 0 0 0 0 0 0 0 0 0 0 0 0 0 0 0 0 0 0 0 0 0 0 1 1 0 0 0 33 0 4 53 63 0 0 0 64 0
0 2 17 8 0 0 0 0 0 0 0 0 0 0 0 0 0 0 0 0 0 0 0 0 0 0 0 4 1 2 0 24 0 0 63 62 0 0 0 55 0
0 0 32 4 0 0 0 0 0 0 0 0 0 5 0 0 0 0 0 0 0 0 0 0 0 0 0 0 6 0 0 31 0 0 68 62 0 0 0 56 0
0 3 18 1 0 0 0 0 0 0 0 0 0 0 0 0 0 0 0 0 0 0 0 0 0 0 1 4 0 0 0 24 0 0 62 62 0 1 0 56 0
0 0 39 0 0 0 0 0 0 0 0 0 0 0 0 0 0 0 0 0 0 0 16 0 0 1 1 0 4 0 0 47 0 2 12 11 0 3 0 13 0
2 4 19 0 1 0 0 0 0 0 0 0 0 0 0 0 0 0 0 0 0 0 0 1 0 0 1 1 0 0 0 25 0 4 55 61 0 3 0 58 0
50 0 0 2 0 0 0 0 0 0 0 0 0 0 0 0 0 0 0 0 0 0 32 0 0 0 0 0 0 0 0 0 0 0 0 0 0 0 0 0 16
0 0 28 4 0 0 0 0 0 0 0 0 0 5 0 0 0 0 0 0 0 0 0 0 0 0 0 0 5 0 0 26 0 0 68 63 0 0 0 56 0
0 2 15 6 0 0 0 0 0 0 0 0 0 0 0 0 0 0 0 0 0 0 0 0 0 0 1 3 1 1 0 20 0 0 57 57 0 0 0 49 0
0 0 27 6 0 0 0 0 0 0 0 0 0 4 0 0 0 0 0 0 0 0 0 0 0 0 0 2 4 0 0 29 0 0 67 64 0 0 0 57 0
0 0 33 0 0 0 0 0 0 0 0 0 0 1 0 0 0 0 0 0 0 0 11 0 0 0 0 0 3 0 0 39 0 1 16 16 0 2 0 17 0
0 2 18 3 0 0 0 0 0 0 0 0 0 0 0 0 0 0 0 0 0 0 0 0 0 0 0 3 1 1 0 22 0 0 62 62 0 0 0 55 0
20 8 19 0 0 0 0 0 0 0 0 0 0 0 0 0 0 0 0 0 0 0 0 1 0 0 0 0 0 0 0 30 0 8 38 53 0 3 0 57 0
69 0 0 2 0 0 0 0 0 0 0 0 0 0 0 0 0 0 0 0 0 0 39 0 0 0 0 0 0 0 0 0 0 0 0 0 0 0 0 0 23
0 0 53 0 0 0 0 0 0 0 0 0 0 3 0 0 0 0 0 0 0 0 10 0 0 1 2 0 8 0 0 60 0 1 57 52 0 6 0 46 0
0 0 31 5 0 0 0 0 0 0 0 0 0 4 0 0 0 0 0 0 0 0 0 0 0 0 0 0 6 0 0 32 0 0 67 63 0 0 0 56 0
0 0 36 0 0 0 0 0 0 0 0 0 0 2 0 0 0 0 0 0 0 0 6 0 0 0 0 0 5 0 0 39 0 0 32 32 0 0 0 32 0
0 0 33 1 0 0 0 0 0 0 0 0 0 4 0 0 0 0 0 0 0 0 0 0 0 0 0 0 6 0 0 30 0 0 61 56 0 0 0 53 0
0 0 48 0 0 0 0 0 0 0 0 0 0 3 0 0 0 0 0 0 0 0 7 0 0 1 1 0 7 0 0 53 0 0 54 51 0 3 0 45 0
64 0 0 2 0 0 0 0 0 0 0 0 0 0 0 0 0 0 0 0 0 0 36 0 0 0 0 0 0 0 0 0 0 0 0 0 0 0 0 0 22
0 0 28 6 0 0 0 0 0 0 0 0 0 4 0 0 0 0 0 0 0 0 0 0 0 0 0 0 5 0 0 28 0 0 62 58 0 0 0 51 0
23 7 19 0 1 0 0 0 0 0 0 0 0 0 0 0 0 0 0 0 0 0 0 1 0 0 0 0 0 0 0 29 0 9 37 54 0 3 0 59 0
18 7 18 0 0 0 0 0 0 0 0 0 0 0 0 0 0 0 0 0 0 0 0 1 0 0 0 0 0 0 0 29 0 8 39 55 0 3 0 58 0
0 2 17 4 0 0 0 0 0 0 0 0 0 0 0 0 0 0 0 0 0 0 0 0 0 0 0 3 1 1 0 22 0 0 61 60 0 0 0 53 0
0 0 33 4 0 0 0 0 0 0 0 0 0 4 0 0 0 0 0 0 0 0 0 0 0 0 0 0 6 0 0 34 0 0 68 64 0 0 0 58 0
0 1 22 6 0 0 0 0 0 0 0 0 0 2 0 0 0 0 0 0 0 0 0 0 0 0 0 3 3 0 0 26 0 0 71 69 0 0 0 63 0
0 0 42 0 0 0 0 0 0 0 0 0 0 1 0 0 0 0 0 0 0 0 12 0 0 1 1 0 5 0 0 48 0 2 26 25 0 1 0 27 0
0 3 19 0 1 0 0 0 0 0 0 0 0 0 0 0 0 0 0 0 0 0 0 0 0 0 2 3 0 0 0 25 0 1 62 63 0 2 0 59 0
0 0 25 3 0 0 0 0 0 0 0 0 0 3 0 0 0 0 0 0 0 0 0 0 0 0 0 1 4 0 0 23 0 0 65 61 0 0 0 56 0
10 6 20 0 0 0 0 0 0 0 0 0 0 0 0 0 0 0 0 0 0 0 0 0 0 0 1 1 0 0 0 33 0 5 50 60 0 0 0 62 0
0 1 19 0 0 0 0 0 0 0 0 0 0 0 0 0 0 0 0 0 0 0 0 0 0 0 2 4 1 0 0 25 0 0 66 65 0 1 0 60 0
0 0 35 2 0 0 0 0 0 0 0 0 0 4 0 0 0 0 0 0 0 0 0 0 0 0 0 0 7 0 0 37 0 0 63 60 0 0 0 54 0
0 1 21 4 0 0 0 0 0 0 0 0 0 2 0 0 0 0 0 0 0 0 0 0 0 0 0 3 3 0 0 22 0 0 67 63 0 0 0 56 0
0 1 21 4 0 0 0 0 0 0 0 0 0 3 0 0 0 0 0 0 0 0 0 0 0 0 0 2 3 0 0 21 0 0 66 64 0 0 0 59 0
0 1 21 0 0 0 0 0 0 0 0 0 0 1 0 0 0 0 0 0 0 0 0 0 0 0 0 1 2 0 0 20 0 0 61 59 0 2 0 52 0
0 1 22 6 0 0 0 0 0 0 0 0 0 4 0 0 0 0 0 0 0 0 0 0 0 0 0 2 4 0 0 23 0 0 66 64 0 0 0 57 0
0 0 27 5 0 0 0 0 0 0 0 0 0 4 0 0 0 0 0 0 0 0 0 0 0 0 0 0 5 0 0 25 0 0 66 61 0 0 0 54 0
0 0 44 0 0 0 0 0 0 0 0 0 0 4 0 0 0 0 0 0 0 0 3 0 0 0 1 0 7 0 0 49 0 0 65 60 0 3 0 52 0
51 0 0 2 0 0 0 0 0 0 0 0 0 0 0 0 0 0 0 0 0 0 30 0 0 0 0 0 0 0 0 0 0 0 0 0 0 0 0 0 16
0 1 17 5 0 0 0 0 0 0 0 0 0 1 0 0 0 0 0 0 0 0 0 0 0 0 0 3 2 1 0 20 0 0 63 61 0 0 0 55 0
0 2 22 0 1 0 0 0 0 0 0 0 0 0 0 0 0 0 0 0 0 0 0 0 0 0 1 2 1 0 0 26 0 4 63 65 0 4 0 62 0
0 0 27 8 0 0 0 0 0 0 0 0 0 4 0 0 0 0 0 0 0 0 0 0 0 0 0 3 4 0 0 31 0 0 74 71 0 0 0 63 0
