0 0 15 0 0 0 0 0 0 0 0 0 0 0 0 0 0 0 0 0 0 0 10 0 0 0 1 14 3 13 0 41 2 10 49 46 0 2 0 60 15
39 0 0 18 0 0 0 0 0 0 0 0 0 0 7 0 0 0 0 0 0 0 30 0 0 0 0 0 0 0 0 76 11 19 0 0 0 7 1 0 0
0 0 24 0 0 0 0 0 0 0 0 0 0 0 0 0 0 0 0 0 0 0 0 0 0 0 0 39 20 16 0 0 0 0 83 77 0 0 0 63 45
5 0 7 3 0 0 0 0 0 0 0 0 0 0 0 0 0 0 0 0 0 0 19 0 0 0 0 3 0 9 0 60 6 15 26 26 0 4 0 43 1
12 0 2 5 0 0 0 0 0 0 0 0 0 0 2 0 0 0 0 0 0 0 23 0 0 0 0 0 0 6 0 68 9 18 12 13 0 5 0 33 0
0 0 20 0 0 0 0 0 0 0 0 0 0 0 0 0 0 0 0 0 0 0 0 0 0 0 0 39 20 12 0 0 0 0 76 74 0 0 0 52 42
38 0 0 17 0 0 0 0 0 0 0 0 0 0 8 0 0 0 0 0 0 0 32 0 0 0 0 0 0 0 0 81 12 21 0 0 0 7 1 0 0
0 0 20 0 0 0 0 0 0 0 0 0 0 0 0 0 0 0 0 0 0 0 0 0 0 0 0 39 20 13 0 0 0 0 76 74 0 0 0 52 43
0 0 18 0 0 0 0 0 0 0 0 0 0 0 0 0 0 0 0 0 0 0 7 0 0 0 1 18 6 14 0 31 0 7 56 52 0 1 0 64 20
0 0 16 0 0 0 0 0 0 0 0 0 0 0 0 0 0 0 0 0 0 0 9 0 0 0 0 15 4 14 0 38 1 9 51 49 0 1 0 62 17
33 0 0 13 0 0 0 0 0 0 0 0 0 0 8 0 0 0 0 0 0 0 31 0 0 0 0 0 0 0 0 82 13 21 0 0 0 8 1 0 0
7 0 6 3 0 0 0 0 0 0 0 0 0 0 1 0 0 0 0 0 0 0 21 0 0 0 1 1 0 8 0 66 8 16 23 23 0 5 0 43 0
0 0 24 0 0 0 0 0 0 0 0 0 0 0 0 0 0 0 0 0 0 0 0 0 0 0 0 39 20 15 0 0 0 0 83 77 0 0 0 63 44
0 0 23 0 0 0 0 0 0 0 0 0 0 0 0 0 0 0 0 0 0 0 0 0 0 0 0 40 21 15 0 0 0 0 83 78 0 0 0 59 45
0 0 22 0 0 0 0 0 0 0 0 0 0 0 0 0 0 0 0 0 0 0 0 0 0 0 0 35 18 13 0 0 0 0 75 71 0 0 0 56 39
4 0 8 2 0 0 0 0 0 0 0 0 0 0 0 0 0 0 0 0 0 0 17 0 0 0 0 4 0 9 0 56 6 14 29 28 0 3 0 46 3
17 0 0 7 0 0 0 0 0 0 0 0 0 0 3 0 0 0 0 0 0 0 24 0 0 0 0 0 0 2 0 70 9 18 0 0 0 5 0 19 0
0 0 22 0 0 0 0 0 0 0 0 0 0 0 0 0 0 0 0 0 0 0 0 0 0 0 0 27 12 15 0 0 0 0 70 64 0 0 0 66 32
8 0 4 3 0 0 0 0 0 0 0 0 0 0 1 0 0 0 0 0 0 0 19 0 0 0 1 0 0 7 0 60 7 16 20 20 0 4 0 38 0
29 0 0 12 0 0 0 0 0 0 0 0 0 0 6 0 0 0 0 0 0 0 28 0 0 0 0 0 0 0 0 75 12 20 0 0 0 7 1 0 0
0 0 15 0 0 0 0 0 0 0 0 0 0 0 0 0 0 0 0 0 0 0 9 0 0 0 0 16 5 14 0 38 1 9 52 49 0 1 0 62 17
0 0 22 0 0 0 0 0 0 0 0 0 0 0 0 0 0 0 0 0 0 0 0 0 0 0 0 26 11 16 0 0 0 0 68 62 0 0 0 67 31
0 0 22 0 0 0 0 0 0 0 0 0 0 0 0 0 0 0 0 0 0 0 0 0 0 0 0 40 21 14 0 0 0 0 82 78 0 0 0 58 45
41 0 0 21 0 0 0 0 0 0 0 0 0 0 7 0 0 0 0 0 0 0 29 0 0 0 0 0 0 0 0 67 9 16 0 0 0 5 1 0 0
20 0 0 8 0 0 0 0 0 0 0 0 0 0 4 0 0 0 0 0 0 0 25 0 0 0 0 0 0 1 0 72 10 19 0 0 0 6 1 13 0
0 0 23 0 0 0 0 0 0 0 0 0 0 0 0 0 0 0 0 0 0 0 0 0 0 0 0 39 20 15 0 0 0 0 83 78 0 0 0 60 44
39 0 0 19 0 0 0 0 0 0 0 0 0 0 7 0 0 0 0 0 0 0 29 0 0 0 0 0 0 0 0 73 11 18 0 0 0 7 1 0 0
0 0 21 0 0 0 0 0 0 0 0 0 0 0 0 0 0 0 0 0 0 0 0 0 0 0 0 41 21 14 0 0 0 0 81 77 0 0 0 55 45
0 0 21 0 0 0 0 0 0 0 0 0 0 0 0 0 0 0 0 0 0 0 0 0 0 0 0 39 20 14 0 0 0 0 80 77 0 0 0 57 44
7 0 5 3 0 0 0 0 0 0 0 0 0 0 0 0 0 0 0 0 0 0 22 0 0 0 1 1 0 8 0 71 9 18 23 22 0 5 0 46 1
37 0 0 16 0 0 0 0 0 0 0 0 0 0 8 0 0 0 0 0 0 0 32 0 0 0 0 0 0 0 0 83 13 21 0 0 0 8 1 0 0
42 0 0 23 0 0 0 0 0 0 0 0 0 0 6 0 0 0 0 0 0 0 27 0 0 0 0 0 0 0 0 60 7 14 0 0 0 4 1 0 0
38 0 0 19 0 0 0 0 0 0 0 0 0 0 7 0 0 0 0 0 0 0 29 0 0 0 0 0 0 0 0 71 10 18 0 0 0 6 1 0 0
32 0 0 13 0 0 0 0 0 0 0 0 0 0 7 0 0 0 0 0 0 0 30 0 0 0 0 0 0 0 0 79 13 21 0 0 0 7 1 0 0
44 0 0 25 0 0 0 0 0 0 0 0 0 0 5 0 0 0 0 0 0 0 26 0 0 0 0 0 0 0 0 53 6 12 0 0 0 3 1 0 0
0 0 22 0 0 0 0 0 0 0 0 0 0 0 0 0 0 0 0 0 0 0 0 0 0 0 0 41 21 15 0 0 0 0 84 79 0 0 0 60 46
0 0 14 0 0 0 0 0 0 0 0 0 0 0 0 0 0 0 0 0 0 0 11 0 0 0 1 14 4 14 0 41 2 10 50 47 0 1 0 60 15
0 0 19 0 0 0 0 0 0 0 0 0 0 0 0 0 0 0 0 0 0 0 0 0 0 0 0 39 21 12 0 0 0 0 74 73 0 0 0 47 43
0 0 23 0 0 0 0 0 0 0 0 0 0 0 0 0 0 0 0 0 0 0 0 0 0 0 0 34 16 16 0 0 0 0 77 72 0 0 0 65 40
0 0 22 0 0 0 0 0 0 0 0 0 0 0 0 0 0 0 0 0 0 0 0 0 0 0 0 39 20 15 0 0 0 0 82 77 0 0 0 60 44
0 0 21 0 0 0 0 0 0 0 0 0 0 0 0 0 0 0 0 0 0 0 0 0 0 0 0 24 9 16 0 10 0 2 67 62 0 0 0 68 28
0 0 23 0 0 0 0 0 0 0 0 0 0 0 0 0 0 0 0 0 0 0 0 0 0 0 0 38 20 15 0 0 0 0 81 76 0 0 0 61 44
0 0 13 0 0 0 0 0 0 0 0 0 0 0 0 0 0 0 0 0 0 0 13 0 0 0 1 11 3 12 0 48 4 12 44 42 0 2 0 58 13
0 0 23 0 0 0 0 0 0 0 0 0 0 0 0 0 0 0 0 0 0 0 0 0 0 0 0 30 13 17 0 0 0 0 77 69 0 0 0 72 35
35 0 0 14 0 0 0 0 0 0 0 0 0 0 8 0 0 0 0 0 0 0 31 0 0 0 0 0 0 0 0 82 13 21 0 0 0 8 1 0 0
0 0 23 0 0 0 0 0 0 0 0 0 0 0 0 0 0 0 0 0 0 0 0 0 0 0 0 40 20 15 0 0 0 0 83 78 0 0 0 60 45
41 0 0 22 0 0 0 0 0 0 0 0 0 0 5 0 0 0 0 0 0 0 27 0 0 0 0 0 0 0 0 60 7 14 0 0 0 4 1 0 0
0 0 11 1 0 0 0 0 0 0 0 0 0 0 0 0 0 0 0 0 0 0 14 0 0 0 1 9 1 11 0 50 4 12 39 37 0 3 0 54 9
0 0 23 0 0 0 0 0 0 0 0 0 0 0 0 0 0 0 0 0 0 0 0 0 0 0 0 30 13 17 0 0 0 0 77 69 0 0 0 70 35
0 0 18 0 0 0 0 0 0 0 0 0 0 0 0 0 0 0 0 0 0 0 0 0 0 1 0 38 20 11 0 0 0 0 70 70 0 0 0 45 41
0 0 21 0 0 0 0 0 0 0 0 0 0 0 0 0 0 0 0 0 0 0 0 0 0 0 0 40 21 13 0 0 0 0 79 76 0 0 0 54 44
15 0 0 7 0 0 0 0 0 0 0 0 0 0 3 0 0 0 0 0 0 0 22 0 0 0 0 0 0 3 0 64 8 16 0 2 0 5 0 19 0
11 0 3 4 0 0 0 0 0 0 0 0 0 0 2 0 0 0 0 0 0 0 22 0 0 0 0 0 0 6 0 65 8 16 15 16 0 4 0 34 0
13 0 1 5 0 0 0 0 0 0 0 0 0 0 2 0 0 0 0 0 0 0 25 0 0 0 0 0 0 5 0 74 10 19 11 11 0 5 0 33 0
11 0 3 4 0 0 0 0 0 0 0 0 0 0 1 0 0 0 0 0 0 0 22 0 0 0 0 0 0 7 0 66 8 17 17 18 0 5 0 37 0
27 0 0 11 0 0 0 0 0 0 0 0 0 0 6 0 0 0 0 0 0 0 27 0 0 0 0 0 0 0 0 73 12 19 0 0 0 6 1 0 0
0 0 23 0 0 0 0 0 0 0 0 0 0 0 0 0 0 0 0 0 0 0 0 0 0 0 0 32 15 16 0 0 0 0 77 71 0 0 0 68 37
0 0 25 0 0 0 0 0 0 0 0 0 0 0 0 0 0 0 0 0 0 0 0 0 0 0 0 34 16 17 0 0 0 0 82 74 0 0 0 70 41
0 0 18 0 0 0 0 0 0 0 0 0 0 0 0 0 0 0 0 0 0 0 0 0 0 1 0 37 19 11 0 0 0 0 70 70 0 0 0 45 41
0 0 22 0 0 0 0 0 0 0 0 0 0 0 0 0 0 0 0 0 0 0 0 0 0 0 0 29 13 16 0 0 0 0 73 67 0 0 0 67 34
0 0 24 0 0 0 0 0 0 0 0 0 0 0 0 0 0 0 0 0 0 0 0 0 0 0 0 36 18 16 0 0 0 0 83 76 0 0 0 67 43
0 0 19 0 0 0 0 0 0 0 0 0 0 0 0 0 0 0 0 0 0 0 3 0 0 0 0 20 7 15 0 21 0 5 60 55 0 0 0 65 24
0 0 20 0 0 0 0 0 0 0 0 0 0 0 0 0 0 0 0 0 0 0 0 0 0 1 0 38 19 12 0 0 0 0 74 73 0 0 0 51 42
0 0 19 0 0 0 0 0 0 0 0 0 0 0 0 0 0 0 0 0 0 0 3 0 0 0 0 20 7 15 0 23 0 5 61 57 0 0 0 66 24
0 0 22 0 0 0 0 0 0 0 0 0 0 0 0 0 0 0 0 0 0 0 0 0 0 0 0 27 12 16 0 0 0 0 72 66 0 0 0 67 32
0 0 22 0 0 0 0 0 0 0 0 0 0 0 0 0 0 0 0 0 0 0 0 0 0 0 0 38 19 13 0 0 0 0 80 76 0 0 0 58 43
38 0 0 16 0 0 0 0 0 0 0 0 0 0 8 0 0 0 0 0 0 0 31 0 0 0 0 0 0 0 0 79 12 20 0 0 0 7 1 0 0
0 0 23 0 0 0 0 0 0 0 0 0 0 0 0 0 0 0 0 0 0 0 0 0 0 0 0 36 19 13 0 0 0 0 76 73 0 0 0 56 41
0 0 19 0 0 0 0 0 0 0 0 0 0 0 0 0 0 0 0 0 0 0 0 0 0 0 0 39 20 13 0 0 0 0 77 75 0 0 0 53 43
40 0 0 19 0 0 0 0 0 0 0 0 0 0 7 0 0 0 0 0 0 0 30 0 0 0 0 0 0 0 0 73 10 18 0 0 0 6 1 0 0
0 0 20 0 0 0 0 0 0 0 0 0 0 0 0 0 0 0 0 0 0 0 0 0 0 0 0 39 20 12 0 0 0 0 76 74 0 0 0 51 43
0 0 23 0 0 0 0 0 0 0 0 0 0 0 0 0 0 0 0 0 0 0 0 0 0 0 0 37 19 15 0 0 0 0 81 76 0 0 0 63 42
0 0 23 0 0 0 0 0 0 0 0 0 0 0 0 0 0 0 0 0 0 0 0 0 0 0 0 38 19 15 0 0 0 0 82 77 0 0 0 63 43
25 0 0 9 0 0 0 0 0 0 0 0 0 0 5 0 0 0 0 0 0 0 29 0 0 0 0 0 0 0 0 81 13 21 0 0 0 7 1 5 0
39 0 0 18 0 0 0 0 0 0 0 0 0 0 8 0 0 0 0 0 0 0 32 0 0 0 0 0 0 0 0 80 12 20 0 0 0 7 1 0 0
41 0 0 22 0 0 0 0 0 0 0 0 0 0 6 0 0 0 0 0 0 0 28 0 0 0 0 0 0 0 0 63 8 15 0 0 0 4 1 0 0
0 0 16 0 0 0 0 0 0 0 0 0 0 0 0 0 0 0 0 0 0 0 0 0 0 1 0 38 19 10 0 0 0 0 67 69 0 0 0 43 40
16 0 0 7 0 0 0 0 0 0 0 0 0 0 3 0 0 0 0 0 0 0 24 0 0 0 0 0 0 3 0 71 10 18 0 1 0 5 0 21 0
0 0 23 0 0 0 0 0 0 0 0 0 0 0 0 0 0 0 0 0 0 0 0 0 0 0 0 37 19 15 0 0 0 0 81 75 0 0 0 60 43
0 0 20 0 0 0 0 0 0 0 0 0 0 0 0 0 0 0 0 0 0 0 0 0 0 0 0 38 19 12 0 0 0 0 75 73 0 0 0 53 41
0 0 25 0 0 0 0 0 0 0 0 0 0 0 0 0 0 0 0 0 0 0 0 0 0 0 0 38 19 16 0 0 0 0 83 76 0 0 0 63 44
0 0 25 0 0 0 0 0 0 0 0 0 0 0 0 0 0 0 0 0 0 0 0 0 0 0 0 37 19 15 0 0 0 0 81 75 0 0 0 62 42
40 0 0 20 0 0 0 0 0 0 0 0 0 0 7 0 0 0 0 0 0 0 30 0 0 0 0 0 0 0 0 72 10 18 0 0 0 6 1 0 0
0 0 14 0 0 0 0 0 0 0 0 0 0 0 0 0 0 0 0 0 0 0 12 0 0 0 1 13 3 13 0 45 3 11 47 45 0 2 0 60 14
0 0 22 0 0 0 0 0 0 0 0 0 0 0 0 0 0 0 0 0 0 0 0 0 0 0 0 36 19 13 0 0 0 0 76 73 0 0 0 56 41
38 0 0 16 0 0 0 0 0 0 0 0 0 0 8 0 0 0 0 0 0 0 32 0 0 0 0 0 0 0 0 83 13 21 0 0 0 8 1 0 0
37 0 0 16 0 0 0 0 0 0 0 0 0 0 8 0 0 0 0 0 0 0 31 0 0 0 0 0 0 0 0 81 13 21 0 0 0 7 1 0 0
41 0 0 21 0 0 0 0 0 0 0 0 0 0 7 0 0 0 0 0 0 0 29 0 0 0 0 0 0 0 0 68 9 17 0 0 0 5 1 0 0
0 0 24 0 0 0 0 0 0 0 0 0 0 0 0 0 0 0 0 0 0 0 0 0 0 0 0 39 19 16 0 0 0 0 84 77 0 0 0 65 45
0 0 13 0 0 0 0 0 0 0 0 0 0 0 0 0 0 0 0 0 0 0 12 0 0 0 1 13 3 13 0 45 3 11 46 44 0 2 0 59 14
0 0 15 0 0 0 0 0 0 0 0 0 0 0 0 0 0 0 0 0 0 0 7 0 0 0 1 16 5 13 0 32 1 8 51 48 0 1 0 60 18
0 0 18 0 0 0 0 0 0 0 0 0 0 0 0 0 0 0 0 0 0 0 0 0 0 1 0 38 20 11 0 0 0 0 71 71 0 0 0 46 41
0 0 19 0 0 0 0 0 0 0 0 0 0 0 0 0 0 0 0 0 0 0 0 0 0 0 0 40 21 12 0 0 0 0 75 73 0 0 0 48 43
0 0 22 0 0 0 0 0 0 0 0 0 0 0 0 0 0 0 0 0 0 0 0 0 0 0 0 25 10 16 0 8 0 1 69 63 0 0 0 69 29
0 0 21 0 0 0 0 0 0 0 0 0 0 0 0 0 0 0 0 0 0 0 0 0 0 0 0 27 10 17 0 7 0 1 71 65 0 0 0 71 31
0 0 18 0 0 0 0 0 0 0 0 0 0 0 0 0 0 0 0 0 0 0 0 0 0 1 0 38 20 11 0 0 0 0 71 71 0 0 0 44 41
39 0 0 18 0 0 0 0 0 0 0 0 0 0 8 0 0 0 0 0 0 0 31 0 0 0 0 0 0 0 0 77 11 19 0 0 0 7 1 0 0
0 0 16 0 0 0 0 0 0 0 0 0 0 0 0 0 0 0 0 0 0 0 6 0 0 0 1 18 6 14 0 29 0 7 55 52 0 0 0 63 21
0 0 16 0 0 0 0 0 0 0 0 0 0 0 0 0 0 0 0 0 0 0 10 0 0 0 1 16 4 14 0 40 1 9 52 49 0 1 0 62 17
0 0 18 0 0 0 0 0 0 0 0 0 0 0 0 0 0 0 0 0 0 0 6 0 0 0 0 19 6 15 0 29 0 6 58 55 0 0 0 65 21
0 0 21 0 0 0 0 0 0 0 0 0 0 0 0 0 0 0 0 0 0 0 0 0 0 0 0 39 20 13 0 0 0 0 77 75 0 0 0 53 43
0 0 22 0 0 0 0 0 0 0 0 0 0 0 0 0 0 0 0 0 0 0 0 0 0 0 0 38 19 14 0 0 0 0 80 76 0 0 0 59 43
0 0 15 0 0 0 0 0 0 0 0 0 0 0 0 0 0 0 0 0 0 0 8 0 0 0 1 14 4 13 0 35 2 9 49 45 0 1 0 60 18
21 0 0 9 0 0 0 0 0 0 0 0 0 0 4 0 0 0 0 0 0 0 26 0 0 0 0 0 0 0 0 72 11 19 0 0 0 6 1 9 0
39 0 0 18 0 0 0 0 0 0 0 0 0 0 8 0 0 0 0 0 0 0 31 0 0 0 0 0 0 0 0 77 11 19 0 0 0 7 1 0 0
41 0 0 20 0 0 0 0 0 0 0 0 0 0 7 0 0 0 0 0 0 0 30 0 0 0 0 0 0 0 0 71 10 17 0 0 0 6 1 0 0
37 0 0 16 0 0 0 0 0 0 0 0 0 0 8 0 0 0 0 0 0 0 32 0 0 0 0 0 0 0 0 83 13 21 0 0 0 8 1 0 0
0 0 22 0 0 0 0 0 0 0 0 0 0 0 0 0 0 0 0 0 0 0 0 0 0 0 0 27 11 16 0 0 0 0 72 66 0 0 0 70 32
0 0 16 0 0 0 0 0 0 0 0 0 0 0 0 0 0 0 0 0 0 0 7 0 0 0 1 17 5 14 0 32 0 8 54 51 0 1 0 64 19
42 0 0 23 0 0 0 0 0 0 0 0 0 0 6 0 0 0 0 0 0 0 28 0 0 0 0 0 0 0 0 62 8 15 0 0 0 4 1 0 0
0 0 22 0 0 0 0 0 0 0 0 0 0 0 0 0 0 0 0 0 0 0 0 0 0 0 0 39 19 15 0 0 0 0 81 77 0 0 0 59 43
0 0 25 0 0 0 0 0 0 0 0 0 0 0 0 0 0 0 0 0 0 0 0 0 0 0 0 35 18 15 0 0 0 0 80 74 0 0 0 65 41
0 0 24 0 0 0 0 0 0 0 0 0 0 0 0 0 0 0 0 0 0 0 0 0 0 0 0 38 19 17 0 0 0 0 85 78 0 0 0 67 44
25 0 0 10 0 0 0 0 0 0 0 0 0 0 5 0 0 0 0 0 0 0 27 0 0 0 0 0 0 0 0 74 11 20 0 0 0 6 1 0 0
0 0 15 0 0 0 0 0 0 0 0 0 0 0 0 0 0 0 0 0 0 0 0 0 0 3 0 38 21 7 0 0 0 0 61 64 0 0 0 29 41
0 0 22 0 0 0 0 0 0 0 0 0 0 0 0 0 0 0 0 0 0 0 0 0 0 0 0 37 19 13 0 0 0 0 76 73 0 0 0 54 41
27 0 0 11 0 0 0 0 0 0 0 0 0 0 5 0 0 0 0 0 0 0 28 0 0 0 0 0 0 0 0 77 13 21 0 0 0 7 1 0 0
0 0 24 0 0 0 0 0 0 0 0 0 0 0 0 0 0 0 0 0 0 0 0 0 0 0 0 33 16 15 0 0 0 0 78 72 0 0 0 65 39
35 0 0 15 0 0 0 0 0 0 0 0 0 0 8 0 0 0 0 0 0 0 31 0 0 0 0 0 0 0 0 80 13 21 0 0 0 7 1 0 0
12 0 2 5 0 0 0 0 0 0 0 0 0 0 2 0 0 0 0 0 0 0 24 0 0 0 1 0 0 6 0 72 9 18 13 13 0 5 0 34 0
0 0 18 0 0 0 0 0 0 0 0 0 0 0 0 0 0 0 0 0 0 0 0 0 0 1 0 38 20 11 0 0 0 0 70 70 0 0 0 44 41
0 0 21 0 0 0 0 0 0 0 0 0 0 0 0 0 0 0 0 0 0 0 0 0 0 0 0 41 21 14 0 0 0 0 83 79 0 0 0 58 46
29 0 0 12 0 0 0 0 0 0 0 0 0 0 6 0 0 0 0 0 0 0 29 0 0 0 0 0 0 0 0 78 12 21 0 0 0 7 1 0 0
0 0 21 0 0 0 0 0 0 0 0 0 0 0 0 0 0 0 0 0 0 0 0 0 0 0 0 38 20 13 0 0 0 0 78 75 0 0 0 56 43
31 0 0 12 0 0 0 0 0 0 0 0 0 0 7 0 0 0 0 0 0 0 31 0 0 0 0 0 0 0 0 84 14 22 0 0 0 8 1 0 0
0 0 19 0 0 0 0 0 0 0 0 0 0 0 0 0 0 0 0 0 0 0 0 0 0 1 0 38 20 12 0 0 0 0 74 74 0 0 0 51 42
0 0 18 0 0 0 0 0 0 0 0 0 0 0 0 0 0 0 0 0 0 0 0 0 0 1 0 38 20 10 0 0 0 0 70 70 0 0 0 44 41
0 0 24 0 0 0 0 0 0 0 0 0 0 0 0 0 0 0 0 0 0 0 0 0 0 0 0 36 18 16 0 0 0 0 82 75 0 0 0 66 42
33 0 0 14 0 0 0 0 0 0 0 0 0 0 7 0 0 0 0 0 0 0 30 0 0 0 0 0 0 0 0 78 13 21 0 0 0 7 1 0 0
12 0 2 5 0 0 0 0 0 0 0 0 0 0 2 0 0 0 0 0 0 0 23 0 0 0 0 0 0 6 0 70 9 17 13 13 0 5 0 33 0
14 0 2 5 0 0 0 0 0 0 0 0 0 0 2 0 0 0 0 0 0 0 25 0 0 0 0 0 0 5 0 75 10 19 9 10 0 6 0 31 0
0 0 25 0 0 0 0 0 0 0 0 0 0 0 0 0 0 0 0 0 0 0 0 0 0 0 0 37 18 17 0 0 0 0 84 76 0 0 0 68 43
27 0 0 11 0 0 0 0 0 0 0 0 0 0 6 0 0 0 0 0 0 0 30 0 0 0 0 0 0 0 0 84 13 22 0 0 0 7 1 0 0
40 0 0 18 0 0 0 0 0 0 0 0 0 0 8 0 0 0 0 0 0 0 31 0 0 0 0 0 0 0 0 79 12 20 0 0 0 7 1 0 0
40 0 0 21 0 0 0 0 0 0 0 0 0 0 6 0 0 0 0 0 0 0 28 0 0 0 0 0 0 0 0 62 8 15 0 0 0 4 1 0 0
0 0 24 0 0 0 0 0 0 0 0 0 0 0 0 0 0 0 0 0 0 0 0 0 0 0 0 39 19 16 0 0 0 0 85 78 0 0 0 65 44
0 0 22 0 0 0 0 0 0 0 0 0 0 0 0 0 0 0 0 0 0 0 0 0 0 0 0 27 11 16 0 0 0 0 71 65 0 0 0 68 32
0 0 20 0 0 0 0 0 0 0 0 0 0 0 0 0 0 0 0 0 0 0 0 0 0 0 0 39 21 13 0 0 0 0 77 75 0 0 0 53 43
0 0 17 0 0 0 0 0 0 0 0 0 0 0 0 0 0 0 0 0 0 0 0 0 0 1 0 39 20 10 0 0 0 0 68 70 0 0 0 42 41
0 0 24 0 0 0 0 0 0 0 0 0 0 0 0 0 0 0 0 0 0 0 0 0 0 0 0 37 19 15 0 0 0 0 80 75 0 0 0 60 42
0 0 20 0 0 0 0 0 0 0 0 0 0 0 0 0 0 0 0 0 0 0 0 0 0 0 0 38 20 12 0 0 0 0 74 72 0 0 0 50 41
20 0 0 8 0 0 0 0 0 0 0 0 0 0 4 0 0 0 0 0 0 0 24 0 0 0 0 0 0 0 0 68 10 18 0 0 0 6 1 11 0
43 0 0 25 0 0 0 0 0 0 0 0 0 0 5 0 0 0 0 0 0 0 26 0 0 0 0 0 0 0 0 55 6 12 0 0 0 3 1 0 0
19 0 0 8 0 0 0 0 0 0 0 0 0 0 4 0 0 0 0 0 0 0 25 0 0 0 0 0 0 2 0 73 11 19 0 0 0 6 0 17 0
0 0 21 0 0 0 0 0 0 0 0 0 0 0 0 0 0 0 0 0 0 0 0 0 0 0 0 39 20 14 0 0 0 0 79 76 0 0 0 58 43
0 0 15 0 0 0 0 0 0 0 0 0 0 0 0 0 0 0 0 0 0 0 0 0 0 2 0 38 20 8 0 0 0 0 63 66 0 0 0 35 40
28 0 0 11 0 0 0 0 0 0 0 0 0 0 6 0 0 0 0 0 0 0 28 0 0 0 0 0 0 0 0 76 12 20 0 0 0 7 1 0 0
0 0 19 0 0 0 0 0 0 0 0 0 0 0 0 0 0 0 0 0 0 0 0 0 0 0 0 39 20 12 0 0 0 0 75 73 0 0 0 49 43
41 0 0 20 0 0 0 0 0 0 0 0 0 0 7 0 0 0 0 0 0 0 29 0 0 0 0 0 0 0 0 70 9 17 0 0 0 5 1 0 0
34 0 0 14 0 0 0 0 0 0 0 0 0 0 7 0 0 0 0 0 0 0 31 0 0 0 0 0 0 0 0 81 13 21 0 0 0 7 1 0 0
0 0 19 0 0 0 0 0 0 0 0 0 0 0 0 0 0 0 0 0 0 0 4 0 0 0 0 21 7 15 0 24 0 5 61 56 0 0 0 66 24
41 0 0 21 0 0 0 0 0 0 0 0 0 0 7 0 0 0 0 0 0 0 30 0 0 0 0 0 0 0 0 70 10 17 0 0 0 6 1 0 0
38 0 0 18 0 0 0 0 0 0 0 0 0 0 7 0 0 0 0 0 0 0 29 0 0 0 0 0 0 0 0 72 10 18 0 0 0 6 1 0 0
38 0 0 17 0 0 0 0 0 0 0 0 0 0 8 0 0 0 0 0 0 0 31 0 0 0 0 0 0 0 0 81 13 21 0 0 0 7 1 0 0
0 0 19 0 0 0 0 0 0 0 0 0 0 0 0 0 0 0 0 0 0 0 0 0 0 0 0 38 20 12 0 0 0 0 74 72 0 0 0 48 42
0 0 24 0 0 0 0 0 0 0 0 0 0 0 0 0 0 0 0 0 0 0 0 0 0 0 0 34 16 16 0 0 0 0 80 73 0 0 0 69 40
28 0 0 11 0 0 0 0 0 0 0 0 0 0 6 0 0 0 0 0 0 0 30 0 0 0 0 0 0 0 0 83 13 22 0 0 0 7 1 0 0
0 0 22 0 0 0 0 0 0 0 0 0 0 0 0 0 0 0 0 0 0 0 0 0 0 0 0 38 20 14 0 0 0 0 79 76 0 0 0 57 43
10 0 3 4 0 0 0 0 0 0 0 0 0 0 1 0 0 0 0 0 0 0 21 0 0 0 0 0 0 6 0 65 8 17 17 15 0 5 0 36 0
42 0 0 23 0 0 0 0 0 0 0 0 0 0 5 0 0 0 0 0 0 0 27 0 0 0 0 0 0 0 0 59 7 14 0 0 0 4 1 0 0
0 0 16 0 0 0 0 0 0 0 0 0 0 0 0 0 0 0 0 0 0 0 8 0 0 0 1 16 5 14 0 36 1 9 53 49 0 1 0 63 18
0 0 22 0 0 0 0 0 0 0 0 0 0 0 0 0 0 0 0 0 0 0 0 0 0 0 0 41 21 15 0 0 0 0 83 78 0 0 0 59 46
1 0 10 1 0 0 0 0 0 0 0 0 0 0 0 0 0 0 0 0 0 0 16 0 0 0 1 7 0 10 0 54 5 14 35 34 0 3 0 51 7
0 0 13 0 0 0 0 0 0 0 0 0 0 0 0 0 0 0 0 0 0 0 11 0 0 0 1 12 3 12 0 41 3 10 44 42 0 2 0 56 13
0 0 22 0 0 0 0 0 0 0 0 0 0 0 0 0 0 0 0 0 0 0 0 0 0 0 0 41 21 15 0 0 0 0 83 79 0 0 0 59 45
42 0 0 21 0 0 0 0 0 0 0 0 0 0 7 0 0 0 0 0 0 0 29 0 0 0 0 0 0 0 0 70 9 17 0 0 0 6 1 0 0
0 0 20 0 0 0 0 0 0 0 0 0 0 0 0 0 0 0 0 0 0 0 0 0 0 0 0 36 18 12 0 0 0 0 72 71 0 0 0 52 39
43 0 0 24 0 0 0 0 0 0 0 0 0 0 5 0 0 0 0 0 0 0 27 0 0 0 0 0 0 0 0 59 7 14 0 0 0 4 1 0 0
0 0 23 0 0 0 0 0 0 0 0 0 0 0 0 0 0 0 0 0 0 0 0 0 0 0 0 37 19 14 0 0 0 0 79 75 0 0 0 58 42
0 0 24 0 0 0 0 0 0 0 0 0 0 0 0 0 0 0 0 0 0 0 0 0 0 0 0 38 19 16 0 0 0 0 85 77 0 0 0 66 45
0 0 24 0 0 0 0 0 0 0 0 0 0 0 0 0 0 0 0 0 0 0 0 0 0 0 0 39 20 15 0 0 0 0 83 77 0 0 0 62 44
0 0 13 0 0 0 0 0 0 0 0 0 0 0 0 0 0 0 0 0 0 0 0 0 0 3 0 37 20 7 0 0 0 0 57 62 0 0 0 28 39
0 0 20 0 0 0 0 0 0 0 0 0 0 0 0 0 0 0 0 0 0 0 0 0 0 0 0 22 8 15 0 13 0 3 63 57 0 0 0 65 26
10 0 4 4 0 0 0 0 0 0 0 0 0 0 1 0 0 0 0 0 0 0 22 0 0 0 1 0 0 7 0 66 8 17 16 17 0 5 0 36 0
0 0 21 0 0 0 0 0 0 0 0 0 0 0 0 0 0 0 0 0 0 0 0 0 0 0 0 24 9 16 0 13 0 3 66 60 0 0 0 68 28
0 0 19 0 0 0 0 0 0 0 0 0 0 0 0 0 0 0 0 0 0 0 4 0 0 0 1 19 7 14 0 24 0 6 58 54 0 0 0 64 22
0 0 24 0 0 0 0 0 0 0 0 0 0 0 0 0 0 0 0 0 0 0 0 0 0 0 0 38 20 15 0 0 0 0 83 77 0 0 0 63 44
0 0 23 0 0 0 0 0 0 0 0 0 0 0 0 0 0 0 0 0 0 0 0 0 0 0 0 37 19 15 0 0 0 0 81 75 0 0 0 62 43
39 0 0 17 0 0 0 0 0 0 0 0 0 0 8 0 0 0 0 0 0 0 32 0 0 0 0 0 0 0 0 83 13 21 0 0 0 8 1 0 0
0 0 22 0 0 0 0 0 0 0 0 0 0 0 0 0 0 0 0 0 0 0 0 0 0 0 0 38 19 14 0 0 0 0 79 75 0 0 0 58 43
0 0 17 0 0 0 0 0 0 0 0 0 0 0 0 0 0 0 0 0 0 0 7 0 0 0 1 17 5 14 0 33 0 8 55 51 0 1 0 63 20
0 0 24 0 0 0 0 0 0 0 0 0 0 0 0 0 0 0 0 0 0 0 0 0 0 0 0 34 17 16 0 0 0 0 81 73 0 0 0 67 41
0 0 19 0 0 0 0 0 0 0 0 0 0 0 0 0 0 0 0 0 0 0 0 0 0 0 0 40 21 12 0 0 0 0 75 74 0 0 0 48 43
0 0 21 0 0 0 0 0 0 0 0 0 0 0 0 0 0 0 0 0 0 0 0 0 0 0 0 39 20 14 0 0 0 0 79 77 0 0 0 57 43
0 0 24 0 0 0 0 0 0 0 0 0 0 0 0 0 0 0 0 0 0 0 0 0 0 0 0 35 17 16 0 0 0 0 81 74 0 0 0 66 41
0 0 14 0 0 0 0 0 0 0 0 0 0 0 0 0 0 0 0 0 0 0 0 0 0 3 0 36 19 7 0 0 0 0 57 62 0 0 0 29 38
0 0 20 0 0 0 0 0 0 0 0 0 0 0 0 0 0 0 0 0 0 0 0 0 0 0 0 39 20 13 0 0 0 0 77 75 0 0 0 52 43
5 0 6 3 0 0 0 0 0 0 0 0 0 0 0 0 0 0 0 0 0 0 19 0 0 0 1 3 0 9 0 62 7 15 28 26 0 4 0 45 2
10 0 4 4 0 0 0 0 0 0 0 0 0 0 1 0 0 0 0 0 0 0 23 0 0 0 1 0 0 7 0 70 9 18 18 18 0 5 0 39 0
42 0 0 23 0 0 0 0 0 0 0 0 0 0 5 0 0 0 0 0 0 0 27 0 0 0 0 0 0 0 0 60 7 14 0 0 0 4 1 0 0
0 0 16 0 0 0 0 0 0 0 0 0 0 0 0 0 0 0 0 0 0 0 10 0 0 0 1 16 4 15 0 40 1 10 53 50 0 1 0 64 18
37 0 0 16 0 0 0 0 0 0 0 0 0 0 8 0 0 0 0 0 0 0 31 0 0 0 0 0 0 0 0 80 13 21 0 0 0 7 1 0 0
0 0 19 0 0 0 0 0 0 0 0 0 0 0 0 0 0 0 0 0 0 0 2 0 0 0 0 19 7 13 0 18 0 4 57 53 0 0 0 61 22
0 0 23 0 0 0 0 0 0 0 0 0 0 0 0 0 0 0 0 0 0 0 0 0 0 0 0 37 19 14 0 0 0 0 79 74 0 0 0 58 42
15 0 0 6 0 0 0 0 0 0 0 0 0 0 3 0 0 0 0 0 0 0 25 0 0 0 0 0 0 4 0 75 11 20 5 6 0 6 0 29 0
27 0 0 11 0 0 0 0 0 0 0 0 0 0 6 0 0 0 0 0 0 0 28 0 0 0 0 0 0 0 0 75 12 20 0 0 0 7 1 0 0
39 0 0 18 0 0 0 0 0 0 0 0 0 0 8 0 0 0 0 0 0 0 30 0 0 0 0 0 0 0 0 76 11 19 0 0 0 7 1 0 0
0 0 22 0 0 0 0 0 0 0 0 0 0 0 0 0 0 0 0 0 0 0 0 0 0 0 0 39 20 14 0 0 0 0 80 76 0 0 0 57 43
0 0 23 0 0 0 0 0 0 0 0 0 0 0 0 0 0 0 0 0 0 0 0 0 0 0 0 37 18 15 0 0 0 0 79 75 0 0 0 62 42
0 0 20 0 0 0 0 0 0 0 0 0 0 0 0 0 0 0 0 0 0 0 0 0 0 0 0 40 21 13 0 0 0 0 77 75 0 0 0 52 44
0 0 23 0 0 0 0 0 0 0 0 0 0 0 0 0 0 0 0 0 0 0 0 0 0 0 0 40 20 16 0 0 0 0 85 78 0 0 0 63 45
0 0 21 0 0 0 0 0 0 0 0 0 0 0 0 0 0 0 0 0 0 0 0 0 0 0 0 38 20 12 0 0 0 0 75 73 0 0 0 52 42
26 0 0 11 0 0 0 0 0 0 0 0 0 0 5 0 0 0 0 0 0 0 29 0 0 0 0 0 0 0 0 82 13 22 0 0 0 7 1 0 0
38 0 0 17 0 0 0 0 0 0 0 0 0 0 8 0 0 0 0 0 0 0 30 0 0 0 0 0 0 0 0 77 11 19 0 0 0 7 1 0 0
0 0 22 0 0 0 0 0 0 0 0 0 0 0 0 0 0 0 0 0 0 0 0 0 0 0 0 37 19 13 0 0 0 0 77 75 0 0 0 57 41
0 0 23 0 0 0 0 0 0 0 0 0 0 0 0 0 0 0 0 0 0 0 0 0 0 0 0 40 21 15 0 0 0 0 84 79 0 0 0 61 45
0 0 24 0 0 0 0 0 0 0 0 0 0 0 0 0 0 0 0 0 0 0 0 0 0 0 0 38 19 16 0 0 0 0 84 77 0 0 0 67 44
34 0 0 15 0 0 0 0 0 0 0 0 0 0 7 0 0 0 0 0 0 0 31 0 0 0 0 0 0 0 0 80 13 21 0 0 0 7 1 0 0
0 0 24 0 0 0 0 0 0 0 0 0 0 0 0 0 0 0 0 0 0 0 0 0 0 0 0 38 19 16 0 0 0 0 84 77 0 0 0 64 44
12 0 2 4 0 0 0 0 0 0 0 0 0 0 2 0 0 0 0 0 0 0 22 0 0 0 0 0 0 6 0 68 9 17 13 14 0 5 0 33 0
0 0 23 0 0 0 0 0 0 0 0 0 0 0 0 0 0 0 0 0 0 0 0 0 0 0 0 28 13 15 0 0 0 0 72 65 0 0 0 66 34
0 0 24 0 0 0 0 0 0 0 0 0 0 0 0 0 0 0 0 0 0 0 0 0 0 0 0 37 18 16 0 0 0 0 83 75 0 0 0 65 43
39 0 0 18 0 0 0 0 0 0 0 0 0 0 8 0 0 0 0 0 0 0 31 0 0 0 0 0 0 0 0 79 11 20 0 0 0 7 1 0 0
0 0 24 0 0 0 0 0 0 0 0 0 0 0 0 0 0 0 0 0 0 0 0 0 0 0 0 38 19 15 0 0 0 0 83 77 0 0 0 63 44
0 0 20 0 0 0 0 0 0 0 0 0 0 0 0 0 0 0 0 0 0 0 0 0 0 0 0 38 19 13 0 0 0 0 77 74 0 0 0 55 42
0 0 19 0 0 0 0 0 0 0 0 0 0 0 0 0 0 0 0 0 0 0 2 0 0 0 0 21 7 14 0 19 0 4 60 55 0 0 0 64 24
0 0 19 0 0 0 0 0 0 0 0 0 0 0 0 0 0 0 0 0 0 0 0 0 0 0 0 40 21 12 0 0 0 0 75 74 0 0 0 49 43
35 0 0 15 0 0 0 0 0 0 0 0 0 0 7 0 0 0 0 0 0 0 31 0 0 0 0 0 0 0 0 80 13 21 0 0 0 7 1 0 0
40 0 0 19 0 0 0 0 0 0 0 0 0 0 7 0 0 0 0 0 0 0 31 0 0 0 0 0 0 0 0 76 11 19 0 0 0 7 1 0 0
28 0 0 11 0 0 0 0 0 0 0 0 0 0 6 0 0 0 0 0 0 0 28 0 0 0 0 0 0 0 0 75 12 20 0 0 0 7 1 0 0
34 0 0 14 0 0 0 0 0 0 0 0 0 0 7 0 0 0 0 0 0 0 31 0 0 0 0 0 0 0 0 82 13 21 0 0 0 8 1 0 0
0 0 22 0 0 0 0 0 0 0 0 0 0 0 0 0 0 0 0 0 0 0 0 0 0 0 0 28 12 15 0 0 0 0 71 65 0 0 0 67 33
5 0 7 3 0 0 0 0 0 0 0 0 0 0 0 0 0 0 0 0 0 0 19 0 0 0 1 3 0 9 0 62 7 16 28 26 0 4 0 46 3
0 0 24 0 0 0 0 0 0 0 0 0 0 0 0 0 0 0 0 0 0 0 0 0 0 0 0 33 15 17 0 0 0 0 80 73 0 0 0 70 38
39 0 0 17 0 0 0 0 0 0 0 0 0 0 8 0 0 0 0 0 0 0 32 0 0 0 0 0 0 0 0 83 13 21 0 0 0 8 1 0 0
39 0 0 18 0 0 0 0 0 0 0 0 0 0 8 0 0 0 0 0 0 0 32 0 0 0 0 0 0 0 0 81 12 20 0 0 0 7 1 0 0
18 0 0 7 0 0 0 0 0 0 0 0 0 0 4 0 0 0 0 0 0 0 26 0 0 0 0 0 0 2 0 75 11 19 0 0 0 6 0 18 0
0 0 22 0 0 0 0 0 0 0 0 0 0 0 0 0 0 0 0 0 0 0 0 0 0 0 0 39 20 14 0 0 0 0 81 77 0 0 0 58 44
14 0 0 6 0 0 0 0 0 0 0 0 0 0 2 0 0 0 0 0 0 0 25 0 0 0 0 0 0 5 0 76 10 19 8 9 0 6 0 32 0
0 0 22 0 0 0 0 0 0 0 0 0 0 0 0 0 0 0 0 0 0 0 0 0 0 0 0 25 10 16 0 5 0 0 68 63 0 0 0 68 29
40 0 0 18 0 0 0 0 0 0 0 0 0 0 8 0 0 0 0 0 0 0 31 0 0 0 0 0 0 0 0 79 12 20 0 0 0 7 1 0 0
0 0 16 0 0 0 0 0 0 0 0 0 0 0 0 0 0 0 0 0 0 0 0 0 0 2 0 39 21 8 0 0 0 0 64 67 0 0 0 36 41
0 0 20 0 0 0 0 0 0 0 0 0 0 0 0 0 0 0 0 0 0 0 2 0 0 0 0 22 8 16 0 19 0 4 63 57 0 0 0 67 26
0 0 23 0 0 0 0 0 0 0 0 0 0 0 0 0 0 0 0 0 0 0 0 0 0 0 0 36 19 13 0 0 0 0 75 72 0 0 0 55 40
0 0 13 0 0 0 0 0 0 0 0 0 0 0 0 0 0 0 0 0 0 0 14 0 0 0 1 12 3 13 0 49 3 12 46 43 0 2 0 59 13
34 0 0 14 0 0 0 0 0 0 0 0 0 0 7 0 0 0 0 0 0 0 32 0 0 0 0 0 0 0 0 85 14 23 0 0 0 8 1 0 0
7 0 6 4 0 0 0 0 0 0 0 0 0 0 1 0 0 0 0 0 0 0 20 0 0 0 0 1 0 8 0 62 7 16 23 22 0 4 0 41 0
0 0 20 0 0 0 0 0 0 0 0 0 0 0 0 0 0 0 0 0 0 0 4 0 0 0 1 21 7 15 0 22 0 5 61 58 0 0 0 66 24
0 0 24 0 0 0 0 0 0 0 0 0 0 0 0 0 0 0 0 0 0 0 0 0 0 0 0 32 14 17 0 0 0 0 79 71 0 0 0 70 38
0 0 23 0 0 0 0 0 0 0 0 0 0 0 0 0 0 0 0 0 0 0 0 0 0 0 0 39 20 14 0 0 0 0 80 76 0 0 0 57 43
29 0 0 13 0 0 0 0 0 0 0 0 0 0 6 0 0 0 0 0 0 0 28 0 0 0 0 0 0 0 0 76 12 20 0 0 0 7 1 0 0
0 0 22 0 0 0 0 0 0 0 0 0 0 0 0 0 0 0 0 0 0 0 0 0 0 0 0 39 20 14 0 0 0 0 81 76 0 0 0 58 44
0 0 24 0 0 0 0 0 0 0 0 0 0 0 0 0 0 0 0 0 0 0 0 0 0 0 0 41 21 16 0 0 0 0 88 81 0 0 0 65 47
0 0 22 0 0 0 0 0 0 0 0 0 0 0 0 0 0 0 0 0 0 0 0 0 0 0 0 40 20 14 0 0 0 0 80 77 0 0 0 56 44
7 0 6 3 0 0 0 0 0 0 0 0 0 0 0 0 0 0 0 0 0 0 20 0 0 0 1 1 0 8 0 65 7 16 25 24 0 4 0 44 1
0 0 24 0 0 0 0 0 0 0 0 0 0 0 0 0 0 0 0 0 0 0 0 0 0 0 0 36 18 16 0 0 0 0 81 75 0 0 0 65 42
19 0 0 8 0 0 0 0 0 0 0 0 0 0 4 0 0 0 0 0 0 0 25 0 0 0 0 0 0 1 0 70 10 18 0 0 0 6 1 13 0
0 0 24 0 0 0 0 0 0 0 0 0 0 0 0 0 0 0 0 0 0 0 0 0 0 0 0 37 18 17 0 0 0 0 85 77 0 0 0 68 43
0 0 19 0 0 0 0 0 0 0 0 0 0 0 0 0 0 0 0 0 0 0 0 0 0 1 0 39 20 12 0 0 0 0 75 74 0 0 0 50 43
0 0 17 0 0 0 0 0 0 0 0 0 0 0 0 0 0 0 0 0 0 0 9 0 0 0 1 17 5 15 0 39 1 9 55 51 0 1 0 64 18
40 0 0 19 0 0 0 0 0 0 0 0 0 0 8 0 0 0 0 0 0 0 30 0 0 0 0 0 0 0 0 76 11 19 0 0 0 7 1 0 0
41 0 0 22 0 0 0 0 0 0 0 0 0 0 6 0 0 0 0 0 0 0 28 0 0 0 0 0 0 0 0 63 8 15 0 0 0 4 1 0 0
0 0 21 0 0 0 0 0 0 0 0 0 0 0 0 0 0 0 0 0 0 0 0 0 0 0 0 39 20 13 0 0 0 0 79 76 0 0 0 55 43
0 0 25 0 0 0 0 0 0 0 0 0 0 0 0 0 0 0 0 0 0 0 0 0 0 0 0 37 18 17 0 0 0 0 84 76 0 0 0 67 43
0 0 22 0 0 0 0 0 0 0 0 0 0 0 0 0 0 0 0 0 0 0 0 0 0 0 0 37 19 13 0 0 0 0 77 74 0 0 0 56 42
0 0 22 0 0 0 0 0 0 0 0 0 0 0 0 0 0 0 0 0 0 0 0 0 0 0 0 39 20 14 0 0 0 0 81 78 0 0 0 59 43
