0 0 0 0 0 0 0 0 0 0 0 0 0 0 0 0 0 0 0 0 0 0 0 0 1 2 2 1 0 0 0 4 0 4 7 11 1 0 0 3 1
9 3 0 1 0 0 0 0 0 0 0 0 0 0 0 0 0 0 0 0 0 5 0 2 4 0 0 0 0 1 0 14 1 0 0 0 0 4 0 0 5
0 0 0 0 1 1 0 0 0 0 0 0 0 0 0 0 0 0 0 0 0 0 0 0 0 0 4 2 0 0 2 0 0 5 15 13 2 0 2 3 0
0 0 0 0 1 1 0 0 0 0 0 0 0 0 0 0 0 0 0 0 0 0 0 0 0 0 4 2 0 0 2 0 0 5 15 13 2 0 2 3 0
0 0 0 0 1 1 0 0 0 0 0 0 0 0 0 0 0 0 0 0 0 0 0 0 0 0 4 2 0 0 2 0 0 5 15 14 2 0 2 4 0
8 3 0 1 0 0 0 0 0 0 0 0 0 0 0 0 0 0 0 0 0 5 0 2 4 1 0 0 0 1 0 14 1 0 0 0 0 4 0 0 5
0 0 0 0 1 1 0 0 0 0 0 0 0 0 0 0 0 0 0 0 0 0 0 0 0 0 3 2 0 0 1 0 0 5 15 13 2 0 2 3 0
0 0 0 0 1 1 0 0 0 0 0 0 0 0 0 0 0 0 0 0 0 0 0 0 0 0 4 2 0 0 2 0 0 5 15 13 2 0 2 4 0
0 0 0 0 1 1 0 0 0 0 0 0 0 0 0 0 0 0 0 0 0 0 0 0 0 0 4 2 0 0 2 0 0 5 16 14 2 0 2 4 0
0 0 0 0 0 1 0 0 0 0 0 0 0 0 0 0 0 0 0 0 0 0 0 0 0 1 3 2 0 0 1 0 0 5 12 14 2 0 1 4 0
11 3 0 2 0 0 0 0 0 0 0 0 0 0 0 0 0 0 0 0 0 7 0 3 4 0 0 0 0 1 0 15 2 0 0 0 0 6 0 0 6
6 2 0 0 0 0 0 0 0 0 0 0 0 0 0 0 0 0 0 0 0 3 0 1 3 1 0 0 0 0 0 12 0 0 0 0 0 2 0 0 4
0 0 0 0 1 1 0 0 0 0 0 0 0 0 0 0 0 0 0 0 0 0 0 0 0 0 4 2 0 0 2 0 0 5 15 14 2 0 2 4 0
0 0 0 0 1 1 0 0 0 0 0 0 0 0 0 0 0 0 0 0 0 0 0 0 0 0 4 2 0 0 2 0 0 5 15 14 2 0 2 4 0
0 0 0 0 1 1 0 0 0 0 0 0 0 0 0 0 0 0 0 0 0 0 0 0 0 0 4 2 0 0 2 0 0 5 15 13 2 0 2 4 0
12 3 0 2 0 0 0 0 0 0 0 0 0 0 0 0 0 0 0 0 0 7 0 3 5 0 0 0 0 1 0 17 2 0 0 0 0 6 0 0 6
0 0 0 0 1 1 0 0 0 0 0 0 0 0 0 0 0 0 0 0 0 0 0 0 0 0 4 2 0 0 2 0 0 5 15 13 2 0 2 4 0
0 0 0 0 1 1 0 0 0 0 0 0 0 0 0 0 0 0 0 0 0 0 0 0 0 0 4 2 0 0 1 0 0 5 15 14 2 0 2 4 0
10 3 0 2 0 0 0 0 0 0 0 0 0 0 0 0 0 0 0 0 0 6 0 3 4 0 0 0 0 1 0 15 1 0 0 0 0 6 0 0 5
0 0 0 0 0 1 0 0 0 0 0 0 0 0 0 0 0 0 0 0 0 0 0 0 0 1 3 2 0 0 1 0 0 5 13 14 2 0 1 4 0
8 3 0 1 0 0 0 0 0 0 0 0 0 0 0 0 0 0 0 0 0 5 0 2 4 1 0 0 0 1 0 14 1 0 0 0 0 4 0 0 5
0 0 0 0 1 1 0 0 0 0 0 0 0 0 0 0 0 0 0 0 0 0 0 0 0 0 4 2 0 0 2 0 0 5 15 14 2 0 2 4 0
0 0 0 0 0 1 0 0 0 0 0 0 0 0 0 0 0 0 0 0 0 0 0 0 0 0 4 2 0 0 2 0 0 5 15 14 2 0 2 4 0
0 0 0 0 0 1 0 0 0 0 0 0 0 0 0 0 0 0 0 0 0 0 0 0 0 2 3 1 0 0 1 1 0 4 10 13 2 0 1 4 0
3 1 0 0 0 0 0 0 0 0 0 0 0 0 0 0 0 0 0 0 0 1 0 0 2 2 1 0 0 0 0 8 0 2 1 6 0 1 0 2 2
0 0 0 0 1 1 0 0 0 0 0 0 0 0 0 0 0 0 0 0 0 0 0 0 0 0 4 2 0 0 2 0 0 5 15 14 2 0 2 4 0
4 2 0 0 0 0 0 0 0 0 0 0 0 0 0 0 0 0 0 0 0 2 0 1 3 2 0 0 0 0 0 10 0 0 0 2 0 2 0 1 3
2 1 0 0 0 0 0 0 0 0 0 0 0 0 0 0 0 0 0 0 0 1 0 0 2 2 1 1 0 0 0 8 0 3 4 10 1 0 0 3 2
2 1 0 0 0 0 0 0 0 0 0 0 0 0 0 0 0 0 0 0 0 1 0 0 2 2 1 1 0 0 0 8 0 3 4 10 1 0 0 3 2
0 0 0 0 1 1 0 0 0 0 0 0 0 0 0 0 0 0 0 0 0 0 0 0 0 0 4 2 0 0 1 0 0 5 15 14 2 0 2 4 0
5 2 0 0 0 0 0 0 0 0 0 0 0 0 0 0 0 0 0 0 0 3 0 1 3 1 0 0 0 0 0 11 0 0 0 0 0 2 0 0 4
5 2 0 0 0 0 0 0 0 0 0 0 0 0 0 0 0 0 0 0 0 3 0 1 3 2 0 0 0 0 0 12 0 0 0 2 0 2 0 1 4
4 1 0 0 0 0 0 0 0 0 0 0 0 0 0 0 0 0 0 0 0 2 0 1 2 2 0 0 0 0 0 9 0 1 0 3 0 1 0 1 3
0 0 0 0 1 1 0 0 0 0 0 0 0 0 0 0 0 0 0 0 0 0 0 0 0 0 4 2 0 0 2 0 0 5 15 14 2 0 2 4 0
10 3 0 2 0 0 0 0 0 0 0 0 0 0 0 0 0 0 0 0 0 6 0 3 4 0 0 0 0 1 0 15 1 0 0 0 0 5 0 0 5
4 2 0 0 0 0 0 0 0 0 0 0 0 0 0 0 0 0 0 0 0 2 0 1 3 2 0 0 0 0 0 11 0 1 0 4 0 1 0 1 3
0 0 0 0 0 1 0 0 0 0 0 0 0 0 0 0 0 0 0 0 0 0 0 0 0 2 3 1 0 0 1 2 0 5 10 14 2 0 1 4 0
0 0 0 0 1 1 0 0 0 0 0 0 0 0 0 0 0 0 0 0 0 0 0 0 0 0 4 2 0 0 2 0 0 5 15 14 2 0 2 4 0
0 0 0 0 1 1 0 0 0 0 0 0 0 0 0 0 0 0 0 0 0 0 0 0 0 0 4 2 0 0 2 0 0 5 15 14 2 0 2 4 0
0 0 0 0 1 1 0 0 0 0 0 0 0 0 0 0 0 0 0 0 0 0 0 0 0 0 4 2 0 0 1 0 0 5 15 13 2 0 2 3 0
0 1 0 0 0 0 0 0 0 0 0 0 0 0 0 0 0 0 0 0 0 0 0 0 1 3 2 1 0 0 0 6 0 4 7 13 2 0 0 4 1
0 0 0 0 0 1 0 0 0 0 0 0 0 0 0 0 0 0 0 0 0 0 0 0 0 0 4 2 0 0 2 0 0 5 15 14 2 0 2 4 0
0 0 0 0 1 1 0 0 0 0 0 0 0 0 0 0 0 0 0 0 0 0 0 0 0 0 4 2 0 0 2 0 0 5 15 13 2 0 2 4 0
11 3 0 2 0 0 0 0 0 0 0 0 0 0 0 0 0 0 0 0 0 7 0 3 4 0 0 0 0 1 0 16 2 0 0 0 0 6 0 0 6
0 0 0 0 1 1 0 0 0 0 0 0 0 0 0 0 0 0 0 0 0 0 0 0 0 0 4 2 0 0 1 0 0 5 15 14 2 0 1 4 0
0 0 0 0 1 1 0 0 0 0 0 0 0 0 0 0 0 0 0 0 0 0 0 0 0 0 4 2 0 0 2 0 0 5 15 14 2 0 2 4 0
0 0 0 0 1 1 0 0 0 0 0 0 0 0 0 0 0 0 0 0 0 0 0 0 0 0 4 2 0 0 2 0 0 5 15 13 2 0 2 4 0
10 3 0 1 0 0 0 0 0 0 0 0 0 0 0 0 0 0 0 0 0 6 0 3 4 0 0 0 0 1 0 14 1 0 0 0 0 5 0 0 5
9 2 0 1 0 0 0 0 0 0 0 0 0 0 0 0 0 0 0 0 0 5 0 2 4 0 0 0 0 1 0 13 1 0 0 0 0 5 0 0 5
0 0 0 0 1 1 0 0 0 0 0 0 0 0 0 0 0 0 0 0 0 0 0 0 0 0 4 2 0 0 2 0 0 5 15 14 2 0 2 4 0
0 0 0 0 1 1 0 0 0 0 0 0 0 0 0 0 0 0 0 0 0 0 0 0 0 0 4 2 0 0 2 0 0 5 15 14 2 0 2 4 0
0 0 0 0 1 1 0 0 0 0 0 0 0 0 0 0 0 0 0 0 0 0 0 0 0 0 4 2 0 0 2 0 0 5 15 14 2 0 2 4 0
0 0 0 0 1 1 0 0 0 0 0 0 0 0 0 0 0 0 0 0 0 0 0 0 0 0 4 2 0 0 2 0 0 5 15 13 2 0 2 4 0
0 0 0 0 0 1 0 0 0 0 0 0 0 0 0 0 0 0 0 0 0 0 0 0 0 0 4 2 0 0 2 0 0 5 15 14 2 0 2 4 0
11 3 0 2 0 0 0 0 0 0 0 0 0 0 0 0 0 0 0 0 0 6 0 3 4 0 0 0 0 1 0 15 2 0 0 0 0 6 0 0 6
0 0 0 0 1 1 0 0 0 0 0 0 0 0 0 0 0 0 0 0 0 0 0 0 0 0 4 2 0 0 2 0 0 5 15 14 2 0 2 4 0
0 0 0 0 1 1 0 0 0 0 0 0 0 0 0 0 0 0 0 0 0 0 0 0 0 0 4 2 0 0 2 0 0 5 15 14 2 0 2 4 0
0 0 0 0 1 1 0 0 0 0 0 0 0 0 0 0 0 0 0 0 0 0 0 0 0 0 4 2 0 0 2 0 0 5 15 13 2 0 2 4 0
0 0 0 0 1 1 0 0 0 0 0 0 0 0 0 0 0 0 0 0 0 0 0 0 0 0 4 2 0 0 2 0 0 5 15 13 2 0 2 4 0
0 0 0 0 1 1 0 0 0 0 0 0 0 0 0 0 0 0 0 0 0 0 0 0 0 0 4 2 0 0 2 0 0 5 15 14 2 0 2 4 0
0 0 0 0 1 1 0 0 0 0 0 0 0 0 0 0 0 0 0 0 0 0 0 0 0 0 4 2 0 0 2 0 0 5 15 13 2 0 2 4 0
0 0 0 0 1 1 0 0 0 0 0 0 0 0 0 0 0 0 0 0 0 0 0 0 0 0 4 2 0 0 2 0 0 5 15 14 2 0 2 4 0
0 0 0 0 1 1 0 0 0 0 0 0 0 0 0 0 0 0 0 0 0 0 0 0 0 0 4 2 0 0 2 0 0 5 15 13 2 0 2 4 0
0 0 0 0 1 1 0 0 0 0 0 0 0 0 0 0 0 0 0 0 0 0 0 0 0 0 4 2 0 0 2 0 0 5 15 14 2 0 2 4 0
0 0 0 0 1 1 0 0 0 0 0 0 0 0 0 0 0 0 0 0 0 0 0 0 0 0 4 2 0 0 2 0 0 5 15 13 2 0 2 4 0
0 0 0 0 0 1 0 0 0 0 0 0 0 0 0 0 0 0 0 0 0 0 0 0 0 0 4 2 0 0 2 0 0 5 15 14 2 0 2 4 0
0 0 0 0 1 1 0 0 0 0 0 0 0 0 0 0 0 0 0 0 0 0 0 0 0 0 4 2 0 0 2 0 0 5 15 14 2 0 2 4 0
0 0 0 0 1 1 0 0 0 0 0 0 0 0 0 0 0 0 0 0 0 0 0 0 0 0 4 2 0 0 2 0 0 5 15 14 2 0 2 4 0
9 3 0 1 0 0 0 0 0 0 0 0 0 0 0 0 0 0 0 0 0 5 0 2 4 1 0 0 0 1 0 15 1 0 0 0 0 4 0 0 5
0 0 0 0 1 1 0 0 0 0 0 0 0 0 0 0 0 0 0 0 0 0 0 0 0 0 4 2 0 0 2 0 0 5 15 14 2 0 2 4 0
0 0 0 0 1 1 0 0 0 0 0 0 0 0 0 0 0 0 0 0 0 0 0 0 0 0 4 2 0 0 2 0 0 5 15 14 2 0 2 4 0
0 0 0 0 0 1 0 0 0 0 0 0 0 0 0 0 0 0 0 0 0 0 0 0 0 0 4 2 0 0 2 0 0 5 15 14 2 0 2 4 0
0 0 0 0 1 1 0 0 0 0 0 0 0 0 0 0 0 0 0 0 0 0 0 0 0 0 4 2 0 0 2 0 0 5 15 14 2 0 2 4 0
11 3 0 2 0 0 0 0 0 0 0 0 0 0 0 0 0 0 0 0 0 7 0 3 4 0 0 0 0 1 0 16 2 0 0 0 0 6 0 0 6
0 0 0 0 1 1 0 0 0 0 0 0 0 0 0 0 0 0 0 0 0 0 0 0 0 0 4 2 0 0 2 0 0 5 15 14 2 0 2 4 0
6 2 0 0 0 0 0 0 0 0 0 0 0 0 0 0 0 0 0 0 0 3 0 1 3 1 0 0 0 1 0 11 0 0 0 0 0 3 0 0 4
0 0 0 0 1 1 0 0 0 0 0 0 0 0 0 0 0 0 0 0 0 0 0 0 0 0 4 2 0 0 2 0 0 5 15 13 2 0 2 3 0
0 0 0 0 0 1 0 0 0 0 0 0 0 0 0 0 0 0 0 0 0 0 0 0 0 0 4 2 0 0 2 0 0 5 15 14 2 0 2 4 0
4 2 0 0 0 0 0 0 0 0 0 0 0 0 0 0 0 0 0 0 0 2 0 1 3 2 0 0 0 0 0 10 0 1 0 4 0 1 0 1 3
0 0 0 0 1 1 0 0 0 0 0 0 0 0 0 0 0 0 0 0 0 0 0 0 0 0 4 2 0 0 2 0 0 5 16 14 3 0 2 4 0
0 0 0 0 1 1 0 0 0 0 0 0 0 0 0 0 0 0 0 0 0 0 0 0 0 0 4 2 0 0 2 0 0 5 15 13 2 0 2 4 0
0 0 0 0 0 1 0 0 0 0 0 0 0 0 0 0 0 0 0 0 0 0 0 0 0 0 4 2 0 0 2 0 0 5 15 14 2 0 2 4 0
0 0 0 0 1 1 0 0 0 0 0 0 0 0 0 0 0 0 0 0 0 0 0 0 0 0 4 2 0 0 2 0 0 5 15 14 2 0 2 4 0
0 0 0 0 1 1 0 0 0 0 0 0 0 0 0 0 0 0 0 0 0 0 0 0 0 0 4 2 0 0 2 0 0 5 15 13 2 0 2 4 0
0 0 0 0 1 1 0 0 0 0 0 0 0 0 0 0 0 0 0 0 0 0 0 0 0 0 4 2 0 0 2 0 0 5 15 14 2 0 2 4 0
0 0 0 0 1 1 0 0 0 0 0 0 0 0 0 0 0 0 0 0 0 0 0 0 0 0 4 2 0 0 2 0 0 5 15 14 2 0 2 4 0
0 0 0 0 1 1 0 0 0 0 0 0 0 0 0 0 0 0 0 0 0 0 0 0 0 0 4 2 0 0 2 0 0 5 15 14 2 0 2 4 0
0 0 0 0 1 1 0 0 0 0 0 0 0 0 0 0 0 0 0 0 0 0 0 0 0 0 4 2 0 0 2 0 0 5 15 13 2 0 2 3 0
0 0 0 0 1 1 0 0 0 0 0 0 0 0 0 0 0 0 0 0 0 0 0 0 0 0 4 2 0 0 2 0 0 5 15 14 2 0 2 4 0
0 0 0 0 1 1 0 0 0 0 0 0 0 0 0 0 0 0 0 0 0 0 0 0 0 0 4 2 0 0 1 0 0 5 15 14 2 0 1 4 0
3 1 0 0 0 0 0 0 0 0 0 0 0 0 0 0 0 0 0 0 0 1 0 0 2 2 0 0 0 0 0 8 0 1 0 4 0 1 0 1 3
0 0 0 0 1 1 0 0 0 0 0 0 0 0 0 0 0 0 0 0 0 0 0 0 0 0 4 2 0 0 2 0 0 5 15 14 2 0 2 4 0
0 0 0 0 0 1 0 0 0 0 0 0 0 0 0 0 0 0 0 0 0 0 0 0 0 1 3 2 0 0 1 0 0 5 13 14 2 0 1 4 0
11 3 0 2 0 0 0 0 0 0 0 0 0 0 0 0 0 0 0 0 0 7 0 3 4 0 0 0 0 1 0 16 2 0 0 0 0 6 0 0 6
0 0 0 0 1 1 0 0 0 0 0 0 0 0 0 0 0 0 0 0 0 0 0 0 0 0 3 2 0 0 1 0 0 5 14 13 2 0 1 4 0
0 0 0 0 1 1 0 0 0 0 0 0 0 0 0 0 0 0 0 0 0 0 0 0 0 0 4 2 0 0 2 0 0 5 15 14 2 0 2 4 0
0 0 0 0 1 1 0 0 0 0 0 0 0 0 0 0 0 0 0 0 0 0 0 0 0 0 4 2 0 0 2 0 0 5 15 13 2 0 2 4 0
6 2 0 1 0 0 0 0 0 0 0 0 0 0 0 0 0 0 0 0 0 4 0 1 3 1 0 0 0 1 0 12 0 0 0 0 0 3 0 0 4
0 0 0 0 1 1 0 0 0 0 0 0 0 0 0 0 0 0 0 0 0 0 0 0 0 0 4 2 0 0 2 0 0 5 15 14 2 0 2 4 0
0 0 0 0 1 1 0 0 0 0 0 0 0 0 0 0 0 0 0 0 0 0 0 0 0 0 4 2 0 0 2 0 0 5 15 14 2 0 2 4 0
0 0 0 0 0 1 0 0 0 0 0 0 0 0 0 0 0 0 0 0 0 0 0 0 0 0 4 2 0 0 2 0 0 5 15 14 2 0 2 4 0
0 0 0 0 1 1 0 0 0 0 0 0 0 0 0 0 0 0 0 0 0 0 0 0 0 0 4 2 0 0 2 0 0 5 15 14 2 0 2 4 0
0 0 0 0 0 1 0 0 0 0 0 0 0 0 0 0 0 0 0 0 0 0 0 0 0 2 3 2 0 0 1 0 0 5 11 14 2 0 1 4 0
0 0 0 0 1 1 0 0 0 0 0 0 0 0 0 0 0 0 0 0 0 0 0 0 0 0 4 2 0 0 2 0 0 5 15 13 2 0 2 4 0
0 0 0 0 1 1 0 0 0 0 0 0 0 0 0 0 0 0 0 0 0 0 0 0 0 0 4 2 0 0 2 0 0 5 15 13 2 0 2 4 0
0 0 0 0 1 1 0 0 0 0 0 0 0 0 0 0 0 0 0 0 0 0 0 0 0 0 4 2 0 0 2 0 0 5 15 13 2 0 2 3 0
0 0 0 0 1 1 0 0 0 0 0 0 0 0 0 0 0 0 0 0 0 0 0 0 0 0 4 2 0 0 2 0 0 5 15 14 2 0 2 4 0
11 3 0 2 0 0 0 0 0 0 0 0 0 0 0 0 0 0 0 0 0 7 0 3 4 0 0 0 0 1 0 14 2 0 0 0 0 6 0 0 6
0 0 0 0 1 1 0 0 0 0 0 0 0 0 0 0 0 0 0 0 0 0 0 0 0 0 4 2 0 0 2 0 0 5 15 14 2 0 2 4 0
0 0 0 0 1 1 0 0 0 0 0 0 0 0 0 0 0 0 0 0 0 0 0 0 0 0 4 2 0 0 2 0 0 5 15 14 2 0 2 4 0
0 0 0 0 1 1 0 0 0 0 0 0 0 0 0 0 0 0 0 0 0 0 0 0 0 0 4 2 0 0 2 0 0 5 15 14 2 0 2 4 0
0 0 0 0 1 1 0 0 0 0 0 0 0 0 0 0 0 0 0 0 0 0 0 0 0 0 4 2 0 0 2 0 0 5 15 13 2 0 2 4 0
0 0 0 0 1 1 0 0 0 0 0 0 0 0 0 0 0 0 0 0 0 0 0 0 0 0 4 2 0 0 2 0 0 5 15 14 2 0 2 4 0
10 3 0 2 0 0 0 0 0 0 0 0 0 0 0 0 0 0 0 0 0 6 0 3 4 0 0 0 0 1 0 14 2 0 0 0 0 6 0 0 5
0 0 0 0 1 1 0 0 0 0 0 0 0 0 0 0 0 0 0 0 0 0 0 0 0 0 4 2 0 0 1 0 0 5 14 13 2 0 1 3 0
0 0 0 0 0 1 0 0 0 0 0 0 0 0 0 0 0 0 0 0 0 0 0 0 0 1 3 2 0 0 1 0 0 5 11 14 2 0 1 4 0
0 0 0 0 1 1 0 0 0 0 0 0 0 0 0 0 0 0 0 0 0 0 0 0 0 0 4 2 0 0 2 0 0 5 15 14 2 0 2 4 0
0 0 0 0 1 1 0 0 0 0 0 0 0 0 0 0 0 0 0 0 0 0 0 0 0 0 4 2 0 0 2 0 0 5 15 13 2 0 2 3 0
0 0 0 0 1 1 0 0 0 0 0 0 0 0 0 0 0 0 0 0 0 0 0 0 0 0 3 2 0 0 1 0 0 5 14 13 2 0 1 3 0
0 0 0 0 0 1 0 0 0 0 0 0 0 0 0 0 0 0 0 0 0 0 0 0 0 0 4 2 0 0 2 0 0 5 16 14 2 0 2 4 0
0 0 0 0 1 1 0 0 0 0 0 0 0 0 0 0 0 0 0 0 0 0 0 0 0 0 4 2 0 0 2 0 0 5 15 14 2 0 2 4 0
0 0 0 0 1 1 0 0 0 0 0 0 0 0 0 0 0 0 0 0 0 0 0 0 0 0 4 2 0 0 2 0 0 5 15 14 2 0 2 4 0
0 0 0 0 1 1 0 0 0 0 0 0 0 0 0 0 0 0 0 0 0 0 0 0 0 0 4 2 0 0 2 0 0 5 15 13 2 0 2 3 0
0 0 0 0 0 1 0 0 0 0 0 0 0 0 0 0 0 0 0 0 0 0 0 0 0 0 4 2 0 0 2 0 0 5 15 14 2 0 2 4 0
0 0 0 0 1 1 0 0 0 0 0 0 0 0 0 0 0 0 0 0 0 0 0 0 0 0 4 2 0 0 2 0 0 5 15 14 2 0 2 4 0
0 0 0 0 1 1 0 0 0 0 0 0 0 0 0 0 0 0 0 0 0 0 0 0 0 0 4 2 0 0 2 0 0 5 15 14 2 0 2 4 0
9 3 0 1 0 0 0 0 0 0 0 0 0 0 0 0 0 0 0 0 0 5 0 2 4 0 0 0 0 1 0 14 1 0 0 0 0 5 0 0 5
0 0 0 0 1 1 0 0 0 0 0 0 0 0 0 0 0 0 0 0 0 0 0 0 0 0 4 2 0 0 2 0 0 5 15 14 2 0 2 4 0
0 0 0 0 1 1 0 0 0 0 0 0 0 0 0 0 0 0 0 0 0 0 0 0 0 0 4 2 0 0 2 0 0 5 15 14 2 0 2 4 0
0 0 0 0 1 1 0 0 0 0 0 0 0 0 0 0 0 0 0 0 0 0 0 0 0 0 4 2 0 0 2 0 0 5 15 13 2 0 2 4 0
0 0 0 0 1 1 0 0 0 0 0 0 0 0 0 0 0 0 0 0 0 0 0 0 0 0 4 2 0 0 2 0 0 5 15 14 2 0 2 4 0
1 1 0 0 0 0 0 0 0 0 0 0 0 0 0 0 0 0 0 0 0 0 0 0 2 2 2 1 0 0 0 7 0 3 5 10 1 0 0 3 2
10 3 0 1 0 0 0 0 0 0 0 0 0 0 0 0 0 0 0 0 0 6 0 3 4 0 0 0 0 1 0 14 1 0 0 0 0 5 0 0 5
0 0 0 0 1 1 0 0 0 0 0 0 0 0 0 0 0 0 0 0 0 0 0 0 0 0 4 2 0 0 2 0 0 5 15 14 2 0 2 4 0
7 2 0 1 0 0 0 0 0 0 0 0 0 0 0 0 0 0 0 0 0 4 0 2 4 1 0 0 0 1 0 13 1 0 0 0 0 3 0 0 5
0 0 0 0 1 1 0 0 0 0 0 0 0 0 0 0 0 0 0 0 0 0 0 0 0 0 4 2 0 0 1 0 0 5 15 13 2 0 1 3 0
0 0 0 0 0 1 0 0 0 0 0 0 0 0 0 0 0 0 0 0 0 0 0 0 1 2 3 1 0 0 0 3 0 4 9 13 2 0 1 4 1
10 3 0 1 0 0 0 0 0 0 0 0 0 0 0 0 0 0 0 0 0 6 0 3 4 0 0 0 0 1 0 14 1 0 0 0 0 5 0 0 5
0 0 0 0 1 1 0 0 0 0 0 0 0 0 0 0 0 0 0 0 0 0 0 0 0 0 4 2 0 0 2 0 0 5 15 14 2 0 2 4 0
9 2 0 1 0 0 0 0 0 0 0 0 0 0 0 0 0 0 0 0 0 6 0 3 4 0 0 0 0 1 0 14 1 0 0 0 0 5 0 0 5
0 0 0 0 1 1 0 0 0 0 0 0 0 0 0 0 0 0 0 0 0 0 0 0 0 0 4 2 0 0 2 0 0 5 15 14 2 0 2 4 0
11 3 0 2 0 0 0 0 0 0 0 0 0 0 0 0 0 0 0 0 0 7 0 3 4 0 0 0 0 1 0 15 2 0 0 0 0 6 0 0 6
0 0 0 0 1 1 0 0 0 0 0 0 0 0 0 0 0 0 0 0 0 0 0 0 0 0 4 2 0 0 2 0 0 5 15 14 2 0 2 4 0
0 0 0 0 1 1 0 0 0 0 0 0 0 0 0 0 0 0 0 0 0 0 0 0 0 0 4 2 0 0 2 0 0 5 15 13 2 0 2 4 0
0 0 0 0 1 1 0 0 0 0 0 0 0 0 0 0 0 0 0 0 0 0 0 0 0 0 4 2 0 0 2 0 0 5 15 14 2 0 2 4 0
12 3 0 2 0 0 0 0 0 0 0 0 0 0 0 0 0 0 0 0 0 7 0 3 4 0 0 0 0 1 0 16 2 0 0 0 0 6 0 0 6
0 0 0 0 1 1 0 0 0 0 0 0 0 0 0 0 0 0 0 0 0 0 0 0 0 0 4 2 0 0 2 0 0 5 15 14 2 0 2 4 0
0 0 0 0 1 1 0 0 0 0 0 0 0 0 0 0 0 0 0 0 0 0 0 0 0 0 4 2 0 0 2 0 0 5 15 13 2 0 2 4 0
0 0 0 0 1 1 0 0 0 0 0 0 0 0 0 0 0 0 0 0 0 0 0 0 0 0 4 2 0 0 2 0 0 5 15 14 2 0 2 4 0
0 0 0 0 1 1 0 0 0 0 0 0 0 0 0 0 0 0 0 0 0 0 0 0 0 0 4 2 0 0 2 0 0 5 15 15 3 0 2 4 0
2 1 0 0 0 0 0 0 0 0 0 0 0 0 0 0 0 0 0 0 0 1 0 0 2 2 1 1 0 0 0 8 0 3 2 8 1 0 0 3 2
0 0 0 0 1 1 0 0 0 0 0 0 0 0 0 0 0 0 0 0 0 0 0 0 0 0 4 2 0 0 1 0 0 5 15 14 2 0 2 4 0
0 0 0 0 1 1 0 0 0 0 0 0 0 0 0 0 0 0 0 0 0 0 0 0 0 0 4 2 0 0 2 0 0 5 15 14 2 0 2 4 0
0 0 0 0 1 1 0 0 0 0 0 0 0 0 0 0 0 0 0 0 0 0 0 0 0 0 4 2 0 0 2 0 0 5 15 13 2 0 2 3 0
0 0 0 0 0 1 0 0 0 0 0 0 0 0 0 0 0 0 0 0 0 0 0 0 0 0 4 2 0 0 2 0 0 5 15 14 2 0 2 4 0
11 3 0 2 0 0 0 0 0 0 0 0 0 0 0 0 0 0 0 0 0 7 0 3 4 0 0 0 0 1 0 15 2 0 0 0 0 6 0 0 6
0 0 0 0 1 1 0 0 0 0 0 0 0 0 0 0 0 0 0 0 0 0 0 0 0 0 4 2 0 0 2 0 0 5 15 14 2 0 2 4 0
0 0 0 0 1 1 0 0 0 0 0 0 0 0 0 0 0 0 0 0 0 0 0 0 0 0 4 2 0 0 1 0 0 5 15 13 2 0 2 3 0
0 0 0 0 1 1 0 0 0 0 0 0 0 0 0 0 0 0 0 0 0 0 0 0 0 0 4 2 0 0 2 0 0 5 15 13 2 0 2 3 0
3 1 0 0 0 0 0 0 0 0 0 0 0 0 0 0 0 0 0 0 0 1 0 0 2 2 1 0 0 0 0 9 0 2 0 6 0 1 0 2 3
0 0 0 0 1 1 0 0 0 0 0 0 0 0 0 0 0 0 0 0 0 0 0 0 0 0 4 2 0 0 2 0 0 5 15 14 2 0 2 4 0
0 0 0 0 1 1 0 0 0 0 0 0 0 0 0 0 0 0 0 0 0 0 0 0 0 0 4 2 0 0 2 0 0 5 15 14 2 0 2 4 0
10 3 0 1 0 0 0 0 0 0 0 0 0 0 0 0 0 0 0 0 0 6 0 3 4 0 0 0 0 1 0 13 2 0 0 0 0 5 0 0 5
0 0 0 0 1 1 0 0 0 0 0 0 0 0 0 0 0 0 0 0 0 0 0 0 0 0 4 2 0 0 2 0 0 5 15 14 2 0 2 4 0
5 2 0 0 0 0 0 0 0 0 0 0 0 0 0 0 0 0 0 0 0 3 0 1 3 2 0 0 0 0 0 11 0 0 0 1 0 2 0 0 4
0 0 0 0 1 1 0 0 0 0 0 0 0 0 0 0 0 0 0 0 0 0 0 0 0 0 4 2 0 0 2 0 0 5 15 14 2 0 2 4 0
12 3 0 2 0 0 0 0 0 0 0 0 0 0 0 0 0 0 0 0 0 7 0 3 5 0 0 0 0 1 0 17 2 0 0 0 0 6 0 0 6
0 1 0 0 0 0 0 0 0 0 0 0 0 0 0 0 0 0 0 0 0 0 0 0 1 2 2 1 0 0 0 5 0 4 7 12 1 0 0 4 1
0 0 0 0 1 1 0 0 0 0 0 0 0 0 0 0 0 0 0 0 0 0 0 0 0 0 4 2 0 0 2 0 0 5 15 14 2 0 2 4 0
0 0 0 0 0 0 0 0 0 0 0 0 0 0 0 0 0 0 0 0 0 0 0 0 1 2 2 1 0 0 0 4 0 4 7 12 1 0 0 3 1
0 0 0 0 1 1 0 0 0 0 0 0 0 0 0 0 0 0 0 0 0 0 0 0 0 0 4 2 0 0 2 0 0 5 15 13 2 0 2 4 0
3 1 0 0 0 0 0 0 0 0 0 0 0 0 0 0 0 0 0 0 0 1 0 1 2 2 1 0 0 0 0 10 0 2 0 6 0 1 0 2 3
0 0 0 0 1 1 0 0 0 0 0 0 0 0 0 0 0 0 0 0 0 0 0 0 0 0 4 2 0 0 2 0 0 5 15 14 2 0 2 4 0
0 0 0 0 1 1 0 0 0 0 0 0 0 0 0 0 0 0 0 0 0 0 0 0 0 0 4 2 0 0 2 0 0 5 15 13 2 0 2 4 0
0 1 0 0 0 0 0 0 0 0 0 0 0 0 0 0 0 0 0 0 0 0 0 0 1 2 2 1 0 0 0 5 0 4 7 12 1 0 0 4 1
12 3 0 2 0 0 0 0 0 0 0 0 0 0 0 0 0 0 0 0 0 7 0 3 4 0 0 0 0 1 0 16 2 0 0 0 0 6 0 0 6
0 0 0 0 1 1 0 0 0 0 0 0 0 0 0 0 0 0 0 0 0 0 0 0 0 0 4 2 0 0 2 0 0 5 15 14 3 0 2 4 0
0 0 0 0 1 1 0 0 0 0 0 0 0 0 0 0 0 0 0 0 0 0 0 0 0 0 3 2 0 0 1 0 0 5 14 13 2 0 1 4 0
0 0 0 0 0 1 0 0 0 0 0 0 0 0 0 0 0 0 0 0 0 0 0 0 0 0 4 2 0 0 2 0 0 5 15 14 2 0 2 4 0
0 0 0 0 0 1 0 0 0 0 0 0 0 0 0 0 0 0 0 0 0 0 0 0 0 2 3 2 0 0 1 2 0 5 11 15 2 0 1 4 0
0 0 0 0 0 1 0 0 0 0 0 0 0 0 0 0 0 0 0 0 0 0 0 0 0 0 4 2 0 0 2 0 0 5 15 14 2 0 2 4 0
0 0 0 0 0 1 0 0 0 0 0 0 0 0 0 0 0 0 0 0 0 0 0 0 0 1 3 2 0 0 1 0 0 5 13 14 2 0 1 4 0
12 3 0 2 0 0 0 0 0 0 0 0 0 0 0 0 0 0 0 0 0 7 0 3 4 0 0 0 0 1 0 16 2 0 0 0 0 6 0 0 6
0 0 0 0 1 1 0 0 0 0 0 0 0 0 0 0 0 0 0 0 0 0 0 0 0 0 4 2 0 0 2 0 0 5 15 14 2 0 2 4 0
2 1 0 0 0 0 0 0 0 0 0 0 0 0 0 0 0 0 0 0 0 0 0 0 2 2 1 1 0 0 0 8 0 3 4 9 1 0 0 3 2
0 0 0 0 0 1 0 0 0 0 0 0 0 0 0 0 0 0 0 0 0 0 0 0 0 0 4 2 0 0 2 0 0 5 15 14 2 0 2 4 0
0 0 0 0 1 1 0 0 0 0 0 0 0 0 0 0 0 0 0 0 0 0 0 0 0 0 4 2 0 0 2 0 0 5 15 13 2 0 2 4 0
9 2 0 1 0 0 0 0 0 0 0 0 0 0 0 0 0 0 0 0 0 6 0 3 4 0 0 0 0 1 0 13 1 0 0 0 0 5 0 0 5
3 1 0 0 0 0 0 0 0 0 0 0 0 0 0 0 0 0 0 0 0 1 0 0 2 2 1 0 0 0 0 9 0 2 1 7 0 1 0 2 3
4 2 0 0 0 0 0 0 0 0 0 0 0 0 0 0 0 0 0 0 0 2 0 1 3 2 0 0 0 0 0 10 0 1 0 3 0 1 0 1 3
0 0 0 0 1 1 0 0 0 0 0 0 0 0 0 0 0 0 0 0 0 0 0 0 0 0 4 2 0 0 2 0 0 5 15 14 2 0 2 4 0
0 0 0 0 1 1 0 0 0 0 0 0 0 0 0 0 0 0 0 0 0 0 0 0 0 0 4 2 0 0 2 0 0 5 15 14 2 0 2 4 0
0 0 0 0 1 1 0 0 0 0 0 0 0 0 0 0 0 0 0 0 0 0 0 0 0 0 4 2 0 0 2 0 0 5 15 14 2 0 2 4 0
0 0 0 0 1 1 0 0 0 0 0 0 0 0 0 0 0 0 0 0 0 0 0 0 0 0 4 2 0 0 2 0 0 5 15 14 2 0 2 4 0
0 0 0 0 1 1 0 0 0 0 0 0 0 0 0 0 0 0 0 0 0 0 0 0 0 0 4 2 0 0 2 0 0 5 15 13 2 0 2 4 0
0 0 0 0 1 1 0 0 0 0 0 0 0 0 0 0 0 0 0 0 0 0 0 0 0 0 4 2 0 0 2 0 0 5 15 14 2 0 2 4 0
0 0 0 0 1 1 0 0 0 0 0 0 0 0 0 0 0 0 0 0 0 0 0 0 0 0 4 2 0 0 2 0 0 5 15 13 2 0 2 4 0
0 0 0 0 1 1 0 0 0 0 0 0 0 0 0 0 0 0 0 0 0 0 0 0 0 0 4 2 0 0 2 0 0 5 15 14 2 0 2 4 0
11 3 0 2 0 0 0 0 0 0 0 0 0 0 0 0 0 0 0 0 0 7 0 3 4 0 0 0 0 1 0 16 2 0 0 0 0 6 0 0 6
0 0 0 0 1 1 0 0 0 0 0 0 0 0 0 0 0 0 0 0 0 0 0 0 0 0 4 2 0 0 2 0 0 5 15 14 2 0 2 4 0
8 2 0 1 0 0 0 0 0 0 0 0 0 0 0 0 0 0 0 0 0 5 0 2 4 1 0 0 0 1 0 14 1 0 0 0 0 4 0 0 5
0 0 0 0 0 0 0 0 0 0 0 0 0 0 0 0 0 0 0 0 0 0 0 0 1 2 3 1 0 0 1 4 0 4 9 14 2 0 1 4 1
0 0 0 0 1 1 0 0 0 0 0 0 0 0 0 0 0 0 0 0 0 0 0 0 0 0 4 2 0 0 2 0 0 5 15 14 2 0 2 4 0
0 0 0 0 1 1 0 0 0 0 0 0 0 0 0 0 0 0 0 0 0 0 0 0 0 0 4 2 0 0 2 0 0 5 15 13 2 0 2 4 0
0 0 0 0 1 1 0 0 0 0 0 0 0 0 0 0 0 0 0 0 0 0 0 0 0 0 4 2 0 0 2 0 0 5 15 14 2 0 2 4 0
6 2 0 1 0 0 0 0 0 0 0 0 0 0 0 0 0 0 0 0 0 3 0 1 4 2 0 0 0 1 0 13 0 0 0 0 0 3 0 0 4
0 0 0 0 1 1 0 0 0 0 0 0 0 0 0 0 0 0 0 0 0 0 0 0 0 0 4 2 0 0 2 0 0 5 15 14 2 0 2 4 0
0 0 0 0 1 1 0 0 0 0 0 0 0 0 0 0 0 0 0 0 0 0 0 0 0 0 4 2 0 0 2 0 0 5 15 13 2 0 2 4 0
14 4 0 2 0 0 0 0 0 0 0 0 0 0 0 0 0 0 0 0 0 9 0 4 5 0 0 0 0 2 0 18 2 0 0 0 0 8 0 0 7
9 3 0 1 0 0 0 0 0 0 0 0 0 0 0 0 0 0 0 0 0 6 0 2 4 0 0 0 0 1 0 15 1 0 0 0 0 5 0 0 5
12 3 0 2 0 0 0 0 0 0 0 0 0 0 0 0 0 0 0 0 0 7 0 3 5 0 0 0 0 1 0 17 2 0 0 0 0 6 0 0 6
0 0 0 0 1 1 0 0 0 0 0 0 0 0 0 0 0 0 0 0 0 0 0 0 0 0 4 2 0 0 2 0 0 5 15 14 2 0 2 4 0
0 0 0 0 1 1 0 0 0 0 0 0 0 0 0 0 0 0 0 0 0 0 0 0 0 0 4 2 0 0 2 0 0 5 15 14 2 0 2 4 0
9 3 0 1 0 0 0 0 0 0 0 0 0 0 0 0 0 0 0 0 0 5 0 2 4 0 0 0 0 1 0 14 1 0 0 0 0 5 0 0 5
11 3 0 2 0 0 0 0 0 0 0 0 0 0 0 0 0 0 0 0 0 7 0 3 4 0 0 0 0 1 0 14 2 0 0 0 0 6 0 0 6
0 0 0 0 1 1 0 0 0 0 0 0 0 0 0 0 0 0 0 0 0 0 0 0 0 0 4 2 0 0 1 0 0 5 15 13 2 0 1 4 0
0 0 0 0 1 1 0 0 0 0 0 0 0 0 0 0 0 0 0 0 0 0 0 0 0 0 4 2 0 0 2 0 0 5 15 13 2 0 2 3 0
0 0 0 0 1 1 0 0 0 0 0 0 0 0 0 0 0 0 0 0 0 0 0 0 0 0 4 2 0 0 2 0 0 5 15 13 2 0 2 4 0
0 0 0 0 0 1 0 0 0 0 0 0 0 0 0 0 0 0 0 0 0 0 0 0 0 0 4 2 0 0 2 0 0 5 15 14 2 0 2 4 0
0 0 0 0 1 1 0 0 0 0 0 0 0 0 0 0 0 0 0 0 0 0 0 0 0 0 4 2 0 0 1 0 0 5 15 13 2 0 2 3 0
0 0 0 0 1 1 0 0 0 0 0 0 0 0 0 0 0 0 0 0 0 0 0 0 0 0 4 2 0 0 2 0 0 5 15 14 2 0 2 4 0
0 0 0 0 1 1 0 0 0 0 0 0 0 0 0 0 0 0 0 0 0 0 0 0 0 0 4 2 0 0 2 0 0 5 15 14 2 0 2 4 0
0 0 0 0 1 1 0 0 0 0 0 0 0 0 0 0 0 0 0 0 0 0 0 0 0 0 4 2 0 0 2 0 0 5 15 14 2 0 2 4 0
0 0 0 0 1 1 0 0 0 0 0 0 0 0 0 0 0 0 0 0 0 0 0 0 0 0 4 2 0 0 2 0 0 5 15 14 2 0 2 4 0
10 3 0 2 0 0 0 0 0 0 0 0 0 0 0 0 0 0 0 0 0 6 0 3 4 0 0 0 0 1 0 14 2 0 0 0 0 6 0 0 5
0 0 0 0 1 1 0 0 0 0 0 0 0 0 0 0 0 0 0 0 0 0 0 0 0 0 4 2 0 0 2 0 0 5 15 14 3 0 2 4 0
8 3 0 1 0 0 0 0 0 0 0 0 0 0 0 0 0 0 0 0 0 5 0 2 4 0 0 0 0 1 0 14 1 0 0 0 0 4 0 0 5
9 3 0 1 0 0 0 0 0 0 0 0 0 0 0 0 0 0 0 0 0 5 0 2 4 1 0 0 0 1 0 15 1 0 0 0 0 4 0 0 5
0 0 0 0 0 1 0 0 0 0 0 0 0 0 0 0 0 0 0 0 0 0 0 0 0 1 3 2 0 0 1 0 0 5 11 13 2 0 1 4 0
8 2 0 1 0 0 0 0 0 0 0 0 0 0 0 0 0 0 0 0 0 5 0 2 4 1 0 0 0 1 0 14 1 0 0 0 0 4 0 0 5
0 0 0 0 1 1 0 0 0 0 0 0 0 0 0 0 0 0 0 0 0 0 0 0 0 0 4 2 0 0 2 0 0 5 15 13 2 0 2 3 0
9 3 0 1 0 0 0 0 0 0 0 0 0 0 0 0 0 0 0 0 0 5 0 2 4 0 0 0 0 1 0 14 1 0 0 0 0 4 0 0 5
0 0 0 0 1 1 0 0 0 0 0 0 0 0 0 0 0 0 0 0 0 0 0 0 0 0 4 2 0 0 2 0 0 5 15 14 2 0 2 4 0
0 0 0 0 0 1 0 0 0 0 0 0 0 0 0 0 0 0 0 0 0 0 0 0 0 2 3 2 0 0 1 0 0 5 11 14 2 0 1 4 0
0 0 0 0 1 1 0 0 0 0 0 0 0 0 0 0 0 0 0 0 0 0 0 0 0 0 4 2 0 0 2 0 0 5 15 14 2 0 2 4 0
0 0 0 0 1 1 0 0 0 0 0 0 0 0 0 0 0 0 0 0 0 0 0 0 0 0 4 2 0 0 2 0 0 5 15 14 2 0 2 4 0
1 1 0 0 0 0 0 0 0 0 0 0 0 0 0 0 0 0 0 0 0 0 0 0 2 3 2 1 0 0 0 7 0 4 6 13 1 0 0 4 2
0 0 0 0 1 1 0 0 0 0 0 0 0 0 0 0 0 0 0 0 0 0 0 0 0 0 4 2 0 0 2 0 0 5 15 14 2 0 2 4 0
0 0 0 0 1 1 0 0 0 0 0 0 0 0 0 0 0 0 0 0 0 0 0 0 0 0 3 2 0 0 1 0 0 5 15 13 2 0 2 3 0
0 0 0 0 1 1 0 0 0 0 0 0 0 0 0 0 0 0 0 0 0 0 0 0 0 0 4 2 0 0 2 0 0 5 15 14 2 0 2 4 0
0 0 0 0 0 1 0 0 0 0 0 0 0 0 0 0 0 0 0 0 0 0 0 0 0 2 3 2 0 0 1 2 0 5 10 15 2 0 1 4 0
0 0 0 0 0 1 0 0 0 0 0 0 0 0 0 0 0 0 0 0 0 0 0 0 0 0 4 2 0 0 2 0 0 5 15 14 2 0 2 4 0
8 3 0 1 0 0 0 0 0 0 0 0 0 0 0 0 0 0 0 0 0 5 0 2 4 1 0 0 0 1 0 15 1 0 0 0 0 4 0 0 5
0 0 0 0 1 1 0 0 0 0 0 0 0 0 0 0 0 0 0 0 0 0 0 0 0 0 4 2 0 0 2 0 0 5 15 14 2 0 2 4 0
0 0 0 0 1 1 0 0 0 0 0 0 0 0 0 0 0 0 0 0 0 0 0 0 0 0 4 2 0 0 2 0 0 5 15 14 2 0 2 4 0
8 2 0 1 0 0 0 0 0 0 0 0 0 0 0 0 0 0 0 0 0 5 0 2 4 0 0 0 0 1 0 13 1 0 0 0 0 4 0 0 5
0 0 0 0 1 1 0 0 0 0 0 0 0 0 0 0 0 0 0 0 0 0 0 0 0 0 4 2 0 0 2 0 0 5 15 13 2 0 2 4 0
6 2 0 0 0 0 0 0 0 0 0 0 0 0 0 0 0 0 0 0 0 3 0 1 3 1 0 0 0 0 0 12 0 0 0 0 0 3 0 0 4
0 0 0 0 0 1 0 0 0 0 0 0 0 0 0 0 0 0 0 0 0 0 0 0 0 1 3 2 0 0 1 0 0 5 13 14 2 0 1 4 0
0 0 0 0 0 1 0 0 0 0 0 0 0 0 0 0 0 0 0 0 0 0 0 0 0 2 3 1 0 0 1 2 0 5 10 14 2 0 1 4 0
0 0 0 0 1 1 0 0 0 0 0 0 0 0 0 0 0 0 0 0 0 0 0 0 0 0 4 2 0 0 2 0 0 5 15 14 2 0 2 4 0
0 0 0 0 1 1 0 0 0 0 0 0 0 0 0 0 0 0 0 0 0 0 0 0 0 0 4 2 0 0 2 0 0 5 15 13 2 0 2 4 0
0 0 0 0 1 1 0 0 0 0 0 0 0 0 0 0 0 0 0 0 0 0 0 0 0 0 4 2 0 0 2 0 0 5 16 14 2 0 2 4 0
0 0 0 0 1 1 0 0 0 0 0 0 0 0 0 0 0 0 0 0 0 0 0 0 0 0 4 2 0 0 2 0 0 5 15 14 2 0 2 4 0
0 0 0 0 1 1 0 0 0 0 0 0 0 0 0 0 0 0 0 0 0 0 0 0 0 0 4 2 0 0 2 0 0 5 15 14 2 0 2 4 0
0 0 0 0 1 1 0 0 0 0 0 0 0 0 0 0 0 0 0 0 0 0 0 0 0 0 4 2 0 0 2 0 0 5 16 14 2 0 2 4 0
