0 0 80 11 0 0 0 0 0 0 0 0 0 0 0 0 0 0 0 0 0 0 10 29 0 0 0 0 51 0 29 0 27 7 0 33 0 0 0 0 0
0 0 0 14 88 0 0 0 0 0 0 0 0 0 0 6 0 0 0 0 0 0 35 0 4 0 0 0 0 1 0 10 0 0 1 0 0 11 0 12 19
0 0 0 14 89 0 0 0 0 0 0 0 0 0 0 5 0 0 0 0 0 0 36 0 4 0 0 0 0 2 0 10 0 0 1 0 0 11 0 12 20
0 0 0 13 89 0 0 0 0 0 0 0 0 0 0 6 0 0 0 0 0 0 36 0 4 0 0 0 0 1 0 10 0 0 1 0 0 12 0 13 20
0 0 0 10 55 0 0 0 0 0 0 0 0 0 0 12 0 0 0 0 0 0 24 0 2 0 0 0 0 0 10 19 0 3 0 8 0 4 0 19 9
0 0 0 11 77 0 0 0 0 0 0 0 0 0 0 12 0 0 0 0 0 0 30 0 4 0 0 0 0 0 0 18 0 0 0 0 0 9 0 22 15
0 0 83 10 0 0 0 0 0 0 0 0 0 0 0 0 0 0 0 0 0 0 9 31 0 0 0 0 53 0 29 0 28 7 0 34 0 0 0 0 0
0 0 20 8 24 0 0 0 0 0 0 0 0 0 0 7 0 0 0 0 0 0 12 1 0 0 0 0 7 0 15 17 1 1 0 18 0 0 0 8 2
0 0 59 7 0 0 0 0 0 0 0 0 0 0 0 0 0 0 0 0 0 0 1 18 0 0 0 0 34 0 21 18 18 1 1 29 0 0 0 0 0
1 0 0 13 103 1 0 0 0 0 0 0 0 0 0 2 0 0 0 0 0 0 38 0 2 0 1 0 0 5 0 8 0 0 5 0 0 13 0 6 27
0 0 79 11 0 0 0 0 0 0 0 0 0 0 0 0 0 0 0 0 0 0 9 28 0 0 0 0 50 0 29 1 26 6 0 34 0 0 0 0 0
0 0 0 11 64 0 0 0 0 0 0 0 0 0 0 12 0 0 0 0 0 0 26 0 3 0 0 0 0 0 5 19 0 2 0 3 0 5 0 22 12
0 0 2 10 47 0 0 0 0 0 0 0 0 0 0 11 0 0 0 0 0 0 25 0 2 0 0 0 0 0 14 17 0 3 0 13 0 3 0 17 7
0 0 34 7 8 0 0 0 0 0 0 0 0 0 0 5 0 0 0 0 0 0 4 7 0 0 0 0 16 0 16 21 8 0 0 22 0 0 0 4 0
0 0 0 10 50 0 0 0 0 0 0 0 0 0 0 11 0 0 0 0 0 0 24 0 2 0 0 0 0 0 12 17 0 3 0 11 0 3 0 17 8
1 0 0 13 105 1 0 0 0 0 0 0 0 0 0 1 0 0 0 0 0 0 38 0 1 0 2 0 0 5 0 7 0 0 5 0 0 13 0 5 28
0 0 0 13 101 0 0 0 0 0 0 0 0 0 0 2 0 0 0 0 0 0 38 0 2 0 1 0 0 4 0 8 0 0 5 0 0 12 0 6 26
0 0 0 14 93 0 0 0 0 0 0 0 0 0 0 5 0 0 0 0 0 0 36 0 3 0 0 0 0 2 0 10 0 0 2 0 0 12 0 11 21
0 0 81 11 0 0 0 0 0 0 0 0 0 0 0 0 0 0 0 0 0 0 10 29 0 0 0 0 51 0 29 0 26 6 0 34 0 0 0 0 0
0 0 82 11 0 0 0 0 0 0 0 0 0 0 0 0 0 0 0 0 0 0 10 31 0 0 0 0 53 0 30 0 27 7 0 34 0 0 0 0 0
0 0 70 10 0 0 0 0 0 0 0 0 0 0 0 0 0 0 0 0 0 0 5 23 0 0 0 0 43 0 25 10 22 2 0 31 0 0 0 0 0
0 0 0 13 86 0 0 0 0 0 0 0 0 0 0 9 0 0 0 0 0 0 34 0 4 0 0 0 0 0 0 15 0 0 1 0 0 12 0 19 17
0 0 81 11 0 0 0 0 0 0 0 0 0 0 0 0 0 0 0 0 0 0 10 29 0 0 0 0 51 0 29 0 26 6 0 34 0 0 0 0 0
0 0 0 14 84 0 0 0 0 0 0 0 0 0 0 6 0 0 0 0 0 0 34 0 4 0 0 0 0 1 0 11 0 0 0 0 0 11 0 13 18
0 0 82 11 0 0 0 0 0 0 0 0 0 0 0 0 0 0 0 0 0 0 10 30 0 0 0 0 53 0 30 0 27 6 0 34 0 0 0 0 0
0 0 20 8 25 0 0 0 0 0 0 0 0 0 0 8 0 0 0 0 0 0 12 1 0 0 0 0 6 0 15 18 1 1 0 18 0 0 0 9 1
0 0 17 8 27 0 0 0 0 0 0 0 0 0 0 7 0 0 0 0 0 0 14 0 0 0 0 0 4 0 15 16 0 1 0 17 0 0 0 9 2
0 0 35 6 5 0 0 0 0 0 0 0 0 0 0 4 0 0 0 0 0 0 3 8 0 0 0 0 17 0 16 20 8 0 0 21 0 0 0 3 0
0 0 0 14 88 0 0 0 0 0 0 0 0 0 0 6 0 0 0 0 0 0 35 0 4 0 0 0 0 1 0 10 0 0 1 0 0 11 0 13 19
0 0 78 11 0 0 0 0 0 0 0 0 0 0 0 0 0 0 0 0 0 0 9 28 0 0 0 0 49 0 28 3 25 5 0 33 0 0 0 0 0
0 0 0 10 54 0 0 0 0 0 0 0 0 0 0 12 0 0 0 0 0 0 25 0 2 0 0 0 0 0 12 19 0 3 0 10 0 4 0 20 9
0 0 57 7 0 0 0 0 0 0 0 0 0 0 0 0 0 0 0 0 0 0 0 17 0 0 0 0 32 0 20 19 17 0 2 28 0 0 0 0 0
0 0 0 11 66 0 0 0 0 0 0 0 0 0 0 12 0 0 0 0 0 0 26 0 3 0 0 0 0 0 3 19 0 2 0 0 0 6 0 21 12
0 0 83 11 0 0 0 0 0 0 0 0 0 0 0 0 0 0 0 0 0 0 10 31 0 0 0 0 53 0 30 0 28 7 0 34 0 0 0 0 0
0 0 83 11 0 0 0 0 0 0 0 0 0 0 0 0 0 0 0 0 0 0 9 31 0 0 0 0 53 0 30 0 28 7 0 35 0 0 0 0 0
0 0 90 8 0 0 0 0 0 0 0 0 0 0 0 0 0 0 0 0 0 0 8 36 0 0 0 0 60 0 32 0 31 11 0 36 0 0 0 0 0
0 0 74 10 0 0 0 0 0 0 0 0 0 0 0 0 0 0 0 0 0 0 7 26 0 0 0 0 46 0 27 7 23 4 0 32 0 0 0 0 0
0 0 89 9 0 0 0 0 0 0 0 0 0 0 0 0 0 0 0 0 0 0 9 35 0 0 0 0 59 0 32 0 31 10 0 36 0 0 0 0 0
0 0 0 10 49 0 0 0 0 0 0 0 0 0 0 11 0 0 0 0 0 0 24 0 2 0 0 0 0 0 13 18 0 3 0 12 0 3 0 17 7
0 0 0 13 94 0 0 0 0 0 0 0 0 0 0 4 0 0 0 0 0 0 37 0 3 0 0 0 0 2 0 9 0 0 3 0 0 12 0 10 22
0 0 0 11 80 0 0 0 0 0 0 0 0 0 0 11 0 0 0 0 0 0 32 0 4 0 0 0 0 0 0 18 0 0 0 0 0 10 0 22 16
0 0 81 11 0 0 0 0 0 0 0 0 0 0 0 0 0 0 0 0 0 0 10 29 0 0 0 0 51 0 29 0 27 6 0 34 0 0 0 0 0
0 0 0 14 85 0 0 0 0 0 0 0 0 0 0 7 0 0 0 0 0 0 34 0 4 0 0 0 0 0 0 12 0 0 0 0 0 11 0 14 18
0 0 0 14 84 0 0 0 0 0 0 0 0 0 0 6 0 0 0 0 0 0 33 0 4 0 0 0 0 1 0 11 0 0 0 0 0 11 0 13 18
0 0 12 11 36 0 0 0 0 0 0 0 0 0 0 9 0 0 0 0 0 0 19 0 1 0 0 0 0 0 15 18 0 3 0 17 0 1 0 13 4
0 0 0 14 92 0 0 0 0 0 0 0 0 0 0 5 0 0 0 0 0 0 36 0 4 0 0 0 0 2 0 10 0 0 2 0 0 12 0 11 21
0 0 85 11 0 0 0 0 0 0 0 0 0 0 0 0 0 0 0 0 0 0 10 32 0 0 0 0 55 0 30 0 29 7 0 35 0 0 0 0 0
0 0 82 11 0 0 0 0 0 0 0 0 0 0 0 0 0 0 0 0 0 0 9 30 0 0 0 0 52 0 29 0 27 7 0 34 0 0 0 0 0
0 0 23 9 22 0 0 0 0 0 0 0 0 0 0 7 0 0 0 0 0 0 12 3 0 0 0 0 8 0 16 17 2 1 0 19 0 0 0 8 1
0 0 71 10 0 0 0 0 0 0 0 0 0 0 0 0 0 0 0 0 0 0 6 24 0 0 0 0 43 0 25 8 23 3 0 31 0 0 0 0 0
0 0 0 13 101 0 0 0 0 0 0 0 0 0 0 2 0 0 0 0 0 0 38 0 2 0 1 0 0 4 0 8 0 0 5 0 0 12 0 6 26
0 0 83 11 0 0 0 0 0 0 0 0 0 0 0 0 0 0 0 0 0 0 10 31 0 0 0 0 53 0 30 0 28 7 0 34 0 0 0 0 0
0 0 0 10 51 0 0 0 0 0 0 0 0 0 0 11 0 0 0 0 0 0 23 0 2 0 0 0 0 0 11 18 0 2 0 11 0 4 0 17 8
0 0 0 14 89 0 0 0 0 0 0 0 0 0 0 6 0 0 0 0 0 0 35 0 4 0 0 0 0 1 0 10 0 0 1 0 0 11 0 13 19
0 0 0 11 78 0 0 0 0 0 0 0 0 0 0 11 0 0 0 0 0 0 30 0 3 0 0 0 0 0 0 18 0 0 0 0 0 9 0 22 15
0 0 71 10 0 0 0 0 0 0 0 0 0 0 0 0 0 0 0 0 0 0 7 24 0 0 0 0 44 0 25 7 23 3 0 31 0 0 0 0 0
0 0 75 11 0 0 0 0 0 0 0 0 0 0 0 0 0 0 0 0 0 0 8 26 0 0 0 0 47 0 27 5 24 4 0 32 0 0 0 0 0
0 0 0 14 93 0 0 0 0 0 0 0 0 0 0 5 0 0 0 0 0 0 36 0 3 0 0 0 0 2 0 9 0 0 2 0 0 12 0 10 22
0 0 76 11 0 0 0 0 0 0 0 0 0 0 0 0 0 0 0 0 0 0 9 27 0 0 0 0 48 0 27 2 25 5 0 32 0 0 0 0 0
0 0 74 11 0 0 0 0 0 0 0 0 0 0 0 0 0 0 0 0 0 0 8 26 0 0 0 0 46 0 27 7 23 4 0 32 0 0 0 0 0
0 0 0 11 79 0 0 0 0 0 0 0 0 0 0 12 0 0 0 0 0 0 31 0 4 0 0 0 0 0 0 19 0 0 0 0 0 9 0 23 15
0 0 84 11 0 0 0 0 0 0 0 0 0 0 0 0 0 0 0 0 0 0 9 31 0 0 0 0 54 0 30 0 28 8 0 35 0 0 0 0 0
0 0 25 9 18 0 0 0 0 0 0 0 0 0 0 7 0 0 0 0 0 0 10 3 0 0 0 0 10 0 15 18 4 1 0 20 0 0 0 6 0
0 0 85 11 0 0 0 0 0 0 0 0 0 0 0 0 0 0 0 0 0 0 9 32 0 0 0 0 55 0 31 0 29 8 0 35 0 0 0 0 0
0 0 0 12 81 0 0 0 0 0 0 0 0 0 0 11 0 0 0 0 0 0 33 0 4 0 0 0 0 0 0 17 0 0 1 0 0 10 0 20 16
0 0 0 10 73 0 0 0 0 0 0 0 0 0 0 12 0 0 0 0 0 0 29 0 4 0 0 0 0 0 0 19 0 1 0 0 0 8 0 22 14
0 0 66 9 0 0 0 0 0 0 0 0 0 0 0 0 0 0 0 0 0 0 3 21 0 0 0 0 39 0 23 14 21 1 1 30 0 0 0 0 0
0 0 0 10 48 0 0 0 0 0 0 0 0 0 0 10 0 0 0 0 0 0 23 0 2 0 0 0 0 0 13 18 0 2 0 12 0 3 0 17 7
0 0 87 9 0 0 0 0 0 0 0 0 0 0 0 0 0 0 0 0 0 0 9 33 0 0 0 0 56 0 31 0 29 9 0 35 0 0 0 0 0
0 0 59 7 0 0 0 0 0 0 0 0 0 0 0 0 0 0 0 0 0 0 0 18 0 0 0 0 34 0 21 18 18 0 1 28 0 0 0 0 0
0 0 0 10 62 0 0 0 0 0 0 0 0 0 0 12 0 0 0 0 0 0 26 0 3 0 0 0 0 0 8 19 0 2 0 5 0 6 0 21 11
0 0 74 11 0 0 0 0 0 0 0 0 0 0 0 0 0 0 0 0 0 0 6 25 0 0 0 0 45 0 26 9 23 4 1 32 0 0 0 0 0
0 0 0 13 86 0 0 0 0 0 0 0 0 0 0 7 0 0 0 0 0 0 34 0 4 0 0 0 0 0 0 11 0 0 0 0 0 11 0 14 18
0 0 0 10 70 0 0 0 0 0 0 0 0 0 0 12 0 0 0 0 0 0 27 0 3 0 0 0 0 0 1 20 0 1 0 0 0 7 0 21 13
0 0 83 11 0 0 0 0 0 0 0 0 0 0 0 0 0 0 0 0 0 0 10 31 0 0 0 0 53 0 30 0 28 7 0 34 0 0 0 0 0
1 0 0 12 114 1 0 0 0 0 0 0 0 0 0 0 0 0 0 0 0 0 41 0 1 0 3 0 0 6 0 5 0 0 7 0 0 13 0 2 32
0 0 68 10 0 0 0 0 0 0 0 0 0 0 0 0 0 0 0 0 0 0 5 22 0 0 0 0 41 0 24 11 21 2 0 31 0 0 0 0 0
0 0 0 12 84 0 0 0 0 0 0 0 0 0 0 9 0 0 0 0 0 0 33 0 4 0 0 0 0 0 0 15 0 0 1 0 0 11 0 18 17
0 0 41 6 0 0 0 0 0 0 0 0 0 0 0 4 0 0 0 0 0 0 1 10 0 0 0 0 21 0 17 21 11 0 0 23 0 0 0 1 0
0 0 88 9 0 0 0 0 0 0 0 0 0 0 0 0 0 0 0 0 0 0 8 35 0 0 0 0 58 0 31 0 30 10 0 35 0 0 0 0 0
0 0 0 13 85 0 0 0 0 0 0 0 0 0 0 8 0 0 0 0 0 0 34 0 5 0 0 0 0 0 0 13 0 0 0 0 0 11 0 17 17
0 0 0 10 68 0 0 0 0 0 0 0 0 0 0 13 0 0 0 0 0 0 27 0 3 0 0 0 0 0 5 20 0 2 0 1 0 7 0 23 12
0 0 0 14 85 0 0 0 0 0 0 0 0 0 0 6 0 0 0 0 0 0 34 0 4 0 0 0 0 1 0 10 0 0 1 0 0 11 0 12 19
0 0 0 10 62 0 0 0 0 0 0 0 0 0 0 12 0 0 0 0 0 0 28 0 3 0 0 0 0 0 8 19 0 2 0 5 0 6 0 21 11
0 0 37 7 2 0 0 0 0 0 0 0 0 0 0 4 0 0 0 0 0 0 2 9 0 0 0 0 19 0 16 20 10 0 0 23 0 0 0 2 0
0 0 61 7 0 0 0 0 0 0 0 0 0 0 0 0 0 0 0 0 0 0 0 19 0 0 0 0 35 0 21 17 18 0 1 29 0 0 0 0 0
0 0 76 11 0 0 0 0 0 0 0 0 0 0 0 0 0 0 0 0 0 0 8 26 0 0 0 0 47 0 27 6 24 4 0 33 0 0 0 0 0
0 0 0 13 88 0 0 0 0 0 0 0 0 0 0 6 0 0 0 0 0 0 35 0 4 0 0 0 0 1 0 10 0 0 1 0 0 12 0 13 19
0 0 51 7 0 0 0 0 0 0 0 0 0 0 0 2 0 0 0 0 0 0 0 14 0 0 0 0 28 0 19 21 15 0 1 26 0 0 0 0 0
0 0 0 13 103 0 0 0 0 0 0 0 0 0 0 1 0 0 0 0 0 0 38 0 1 0 2 0 0 5 0 6 0 0 6 0 0 13 0 3 28
0 0 0 12 82 0 0 0 0 0 0 0 0 0 0 11 0 0 0 0 0 0 33 0 4 0 0 0 0 0 0 16 0 0 0 0 0 10 0 20 16
0 0 81 11 0 0 0 0 0 0 0 0 0 0 0 0 0 0 0 0 0 0 10 30 0 0 0 0 52 0 29 0 27 6 0 34 0 0 0 0 0
0 0 14 10 33 0 0 0 0 0 0 0 0 0 0 9 0 0 0 0 0 0 17 0 0 0 0 0 1 0 15 19 0 2 0 17 0 1 0 12 4
0 0 0 13 103 1 0 0 0 0 0 0 0 0 0 2 0 0 0 0 0 0 38 0 2 0 1 0 0 4 0 8 0 0 5 0 0 13 0 7 26
0 0 66 9 0 0 0 0 0 0 0 0 0 0 0 0 0 0 0 0 0 0 3 22 0 0 0 0 40 0 24 14 20 2 1 31 0 0 0 0 0
0 0 0 10 69 0 0 0 0 0 0 0 0 0 0 12 0 0 0 0 0 0 27 0 3 0 0 0 0 0 3 20 0 1 0 0 0 7 0 23 13
0 0 0 13 86 0 0 0 0 0 0 0 0 0 0 7 0 0 0 0 0 0 34 0 4 0 0 0 0 0 0 11 0 0 0 0 0 12 0 15 18
0 0 0 14 94 0 0 0 0 0 0 0 0 0 0 4 0 0 0 0 0 0 36 0 3 0 0 0 0 3 0 9 0 0 3 0 0 11 0 9 23
0 0 0 13 87 0 0 0 0 0 0 0 0 0 0 6 0 0 0 0 0 0 35 0 4 0 0 0 0 1 0 11 0 0 1 0 0 11 0 13 19
0 0 88 9 0 0 0 0 0 0 0 0 0 0 0 0 0 0 0 0 0 0 8 34 0 0 0 0 58 0 31 0 30 10 0 35 0 0 0 0 0
0 0 0 10 62 0 0 0 0 0 0 0 0 0 0 13 0 0 0 0 0 0 27 0 3 0 0 0 0 0 9 19 0 3 0 7 0 5 0 22 11
0 0 86 10 0 0 0 0 0 0 0 0 0 0 0 0 0 0 0 0 0 0 9 33 0 0 0 0 56 0 31 0 29 8 0 35 0 0 0 0 0
0 0 51 8 0 0 0 0 0 0 0 0 0 0 0 2 0 0 0 0 0 0 1 14 0 0 0 0 28 0 19 22 14 0 1 27 0 0 0 0 0
0 0 0 13 87 0 0 0 0 0 0 0 0 0 0 7 0 0 0 0 0 0 34 0 4 0 0 0 0 0 0 11 0 0 0 0 0 11 0 14 18
0 0 0 14 97 0 0 0 0 0 0 0 0 0 0 3 0 0 0 0 0 0 37 0 3 0 0 0 0 3 0 8 0 0 3 0 0 12 0 8 24
0 0 0 14 85 0 0 0 0 0 0 0 0 0 0 8 0 0 0 0 0 0 34 0 4 0 0 0 0 0 0 12 0 0 0 0 0 11 0 15 18
0 0 0 10 64 0 0 0 0 0 0 0 0 0 0 12 0 0 0 0 0 0 28 0 3 0 0 0 0 0 8 20 0 2 0 5 0 6 0 21 11
0 0 84 11 0 0 0 0 0 0 0 0 0 0 0 0 0 0 0 0 0 0 10 31 0 0 0 0 54 0 30 0 28 7 0 35 0 0 0 0 0
0 0 84 10 0 0 0 0 0 0 0 0 0 0 0 0 0 0 0 0 0 0 9 32 0 0 0 0 55 0 30 0 29 8 0 34 0 0 0 0 0
0 0 64 8 0 0 0 0 0 0 0 0 0 0 0 0 0 0 0 0 0 0 2 20 0 0 0 0 37 0 22 15 20 1 1 30 0 0 0 0 0
0 0 25 8 17 0 0 0 0 0 0 0 0 0 0 6 0 0 0 0 0 0 9 4 0 0 0 0 10 0 15 19 3 0 0 19 0 0 0 7 0
0 0 0 14 89 0 0 0 0 0 0 0 0 0 0 5 0 0 0 0 0 0 35 0 4 0 0 0 0 2 0 10 0 0 1 0 0 11 0 11 20
0 0 66 9 0 0 0 0 0 0 0 0 0 0 0 0 0 0 0 0 0 0 2 21 0 0 0 0 39 0 23 14 20 2 1 30 0 0 0 0 0
0 0 36 7 5 0 0 0 0 0 0 0 0 0 0 5 0 0 0 0 0 0 4 8 0 0 0 0 17 0 16 19 9 1 0 22 0 0 0 2 0
0 0 62 8 0 0 0 0 0 0 0 0 0 0 0 0 0 0 0 0 0 0 1 19 0 0 0 0 36 0 21 16 19 0 1 29 0 0 0 0 0
0 0 0 12 77 0 0 0 0 0 0 0 0 0 0 12 0 0 0 0 0 0 30 0 4 0 0 0 0 0 0 19 0 0 0 0 0 9 0 22 15
0 0 16 9 30 0 0 0 0 0 0 0 0 0 0 8 0 0 0 0 0 0 15 0 0 0 0 0 3 0 14 17 0 2 0 17 0 0 0 11 3
0 0 0 12 83 0 0 0 0 0 0 0 0 0 0 11 0 0 0 0 0 0 33 0 4 0 0 0 0 0 0 17 0 0 1 0 0 10 0 20 17
0 0 0 10 67 0 0 0 0 0 0 0 0 0 0 13 0 0 0 0 0 0 27 0 3 0 0 0 0 0 6 20 0 3 0 2 0 6 0 23 12
0 0 66 9 0 0 0 0 0 0 0 0 0 0 0 0 0 0 0 0 0 0 2 21 0 0 0 0 39 0 23 13 21 2 1 30 0 0 0 0 0
0 0 0 10 71 0 0 0 0 0 0 0 0 0 0 13 0 0 0 0 0 0 28 0 3 0 0 0 0 0 3 20 0 2 0 0 0 7 0 23 13
0 0 0 12 79 0 0 0 0 0 0 0 0 0 0 10 0 0 0 0 0 0 31 0 4 0 0 0 0 0 0 16 0 0 1 0 0 9 0 19 16
0 0 79 11 0 0 0 0 0 0 0 0 0 0 0 0 0 0 0 0 0 0 8 28 0 0 0 0 50 0 28 0 26 6 0 34 0 0 0 0 0
0 0 0 13 102 0 0 0 0 0 0 0 0 0 0 2 0 0 0 0 0 0 38 0 2 0 1 0 0 4 0 8 0 0 4 0 0 13 0 6 26
0 0 86 11 0 0 0 0 0 0 0 0 0 0 0 0 0 0 0 0 0 0 9 33 0 0 0 0 55 0 31 0 29 8 0 35 0 0 0 0 0
0 0 0 11 77 0 0 0 0 0 0 0 0 0 0 12 0 0 0 0 0 0 30 0 4 0 0 0 0 0 0 18 0 0 0 0 0 9 0 22 15
0 0 0 12 83 0 0 0 0 0 0 0 0 0 0 10 0 0 0 0 0 0 33 0 4 0 0 0 0 0 0 16 0 0 1 0 0 11 0 20 17
0 0 0 13 85 0 0 0 0 0 0 0 0 0 0 8 0 0 0 0 0 0 34 0 4 0 0 0 0 0 0 13 0 0 0 0 0 11 0 17 17
0 0 66 9 0 0 0 0 0 0 0 0 0 0 0 0 0 0 0 0 0 0 1 21 0 0 0 0 39 0 23 15 21 1 1 30 0 0 0 0 0
0 0 85 10 0 0 0 0 0 0 0 0 0 0 0 0 0 0 0 0 0 0 9 32 0 0 0 0 55 0 31 0 29 8 0 35 0 0 0 0 0
0 0 0 13 84 0 0 0 0 0 0 0 0 0 0 8 0 0 0 0 0 0 34 0 4 0 0 0 0 0 0 13 0 0 1 0 0 11 0 16 17
0 0 0 10 57 0 0 0 0 0 0 0 0 0 0 12 0 0 0 0 0 0 25 0 3 0 0 0 0 0 9 17 0 2 0 7 0 5 0 20 10
0 0 73 10 0 0 0 0 0 0 0 0 0 0 0 0 0 0 0 0 0 0 6 25 0 0 0 0 45 0 26 8 23 3 0 32 0 0 0 0 0
0 0 0 14 86 0 0 0 0 0 0 0 0 0 0 6 0 0 0 0 0 0 35 0 4 0 0 0 0 1 0 11 0 0 0 0 0 11 0 13 18
0 0 36 8 5 0 0 0 0 0 0 0 0 0 0 6 0 0 0 0 0 0 4 8 0 0 0 0 17 0 16 19 9 1 0 23 0 0 0 3 0
0 0 80 11 0 0 0 0 0 0 0 0 0 0 0 0 0 0 0 0 0 0 9 29 0 0 0 0 50 0 29 0 26 6 0 34 0 0 0 0 0
0 0 0 10 57 0 0 0 0 0 0 0 0 0 0 12 0 0 0 0 0 0 26 0 2 0 0 0 0 0 10 18 0 3 0 8 0 4 0 20 10
0 0 0 13 85 0 0 0 0 0 0 0 0 0 0 8 0 0 0 0 0 0 34 0 4 0 0 0 0 0 0 13 0 0 0 0 0 12 0 17 18
0 0 0 14 88 0 0 0 0 0 0 0 0 0 0 6 0 0 0 0 0 0 35 0 4 0 0 0 0 1 0 11 0 0 0 0 0 11 0 13 19
0 0 69 10 0 0 0 0 0 0 0 0 0 0 0 0 0 0 0 0 0 0 5 22 0 0 0 0 42 0 24 10 22 3 0 31 0 0 0 0 0
0 0 83 11 0 0 0 0 0 0 0 0 0 0 0 0 0 0 0 0 0 0 10 31 0 0 0 0 53 0 30 0 28 7 0 34 0 0 0 0 0
0 0 0 10 63 0 0 0 0 0 0 0 0 0 0 12 0 0 0 0 0 0 26 0 3 0 0 0 0 0 5 18 0 2 0 2 0 6 0 21 12
0 0 0 13 86 0 0 0 0 0 0 0 0 0 0 9 0 0 0 0 0 0 34 0 4 0 0 0 0 0 0 15 0 0 1 0 0 12 0 19 17
0 0 84 10 0 0 0 0 0 0 0 0 0 0 0 0 0 0 0 0 0 0 9 32 0 0 0 0 54 0 30 0 28 8 0 35 0 0 0 0 0
0 0 62 8 0 0 0 0 0 0 0 0 0 0 0 0 0 0 0 0 0 0 3 20 0 0 0 0 37 0 22 15 19 1 0 29 0 0 0 0 0
0 0 87 9 0 0 0 0 0 0 0 0 0 0 0 0 0 0 0 0 0 0 9 34 0 0 0 0 57 0 31 0 30 10 0 35 0 0 0 0 0
0 0 0 11 74 0 0 0 0 0 0 0 0 0 0 12 0 0 0 0 0 0 29 0 4 0 0 0 0 0 0 19 0 1 0 0 0 8 0 22 15
0 0 80 11 0 0 0 0 0 0 0 0 0 0 0 0 0 0 0 0 0 0 9 28 0 0 0 0 50 0 29 3 25 5 0 34 0 0 0 0 0
0 0 77 11 0 0 0 0 0 0 0 0 0 0 0 0 0 0 0 0 0 0 9 27 0 0 0 0 48 0 28 5 24 5 0 33 0 0 0 0 0
0 0 0 11 78 0 0 0 0 0 0 0 0 0 0 11 0 0 0 0 0 0 31 0 4 0 0 0 0 0 0 18 0 0 1 0 0 10 0 22 16
0 0 57 7 0 0 0 0 0 0 0 0 0 0 0 0 0 0 0 0 0 0 0 17 0 0 0 0 33 0 20 18 17 1 1 28 0 0 0 0 0
0 0 84 11 0 0 0 0 0 0 0 0 0 0 0 0 0 0 0 0 0 0 10 31 0 0 0 0 54 0 30 0 28 7 0 35 0 0 0 0 0
0 0 25 8 19 0 0 0 0 0 0 0 0 0 0 6 0 0 0 0 0 0 10 4 0 0 0 0 10 0 15 19 3 1 0 19 0 0 0 7 0
0 0 0 13 85 0 0 0 0 0 0 0 0 0 0 8 0 0 0 0 0 0 34 0 4 0 0 0 0 0 0 12 0 0 0 0 0 11 0 16 18
0 0 0 14 86 0 0 0 0 0 0 0 0 0 0 7 0 0 0 0 0 0 34 0 4 0 0 0 0 0 0 12 0 0 0 0 0 12 0 15 18
0 0 9 9 39 0 0 0 0 0 0 0 0 0 0 9 0 0 0 0 0 0 19 0 1 0 0 0 0 0 14 19 0 2 0 15 0 2 0 14 4
0 0 62 8 0 0 0 0 0 0 0 0 0 0 0 0 0 0 0 0 0 0 1 19 0 0 0 0 36 0 22 17 19 2 1 30 0 0 0 0 0
0 0 0 14 89 0 0 0 0 0 0 0 0 0 0 6 0 0 0 0 0 0 35 0 4 0 0 0 0 1 0 10 0 0 1 0 0 12 0 13 20
0 0 0 14 87 0 0 0 0 0 0 0 0 0 0 6 0 0 0 0 0 0 35 0 4 0 0 0 0 1 0 10 0 0 1 0 0 11 0 13 19
0 0 0 13 97 0 0 0 0 0 0 0 0 0 0 4 0 0 0 0 0 0 37 0 3 0 0 0 0 3 0 9 0 0 4 0 0 12 0 9 24
0 0 0 10 60 0 0 0 0 0 0 0 0 0 0 12 0 0 0 0 0 0 25 0 2 0 0 0 0 0 8 19 0 2 0 5 0 5 0 20 10
0 0 0 13 85 0 0 0 0 0 0 0 0 0 0 7 0 0 0 0 0 0 34 0 4 0 0 0 0 0 0 11 0 0 0 0 0 11 0 14 18
0 0 38 7 1 0 0 0 0 0 0 0 0 0 0 4 0 0 0 0 0 0 2 9 0 0 0 0 19 0 16 21 10 1 0 23 0 0 0 2 0
0 0 0 10 69 0 0 0 0 0 0 0 0 0 0 13 0 0 0 0 0 0 27 0 3 0 0 0 0 0 4 21 0 2 0 0 0 7 0 23 13
0 0 0 13 85 0 0 0 0 0 0 0 0 0 0 10 0 0 0 0 0 0 34 0 4 0 0 0 0 0 0 17 0 0 1 0 0 11 0 20 17
0 0 0 10 69 0 0 0 0 0 0 0 0 0 0 12 0 0 0 0 0 0 28 0 4 0 0 0 0 0 1 19 0 1 0 0 0 7 0 21 13
0 0 0 14 87 0 0 0 0 0 0 0 0 0 0 7 0 0 0 0 0 0 35 0 4 0 0 0 0 1 0 11 0 0 0 0 0 11 0 14 18
0 0 0 12 82 0 0 0 0 0 0 0 0 0 0 11 0 0 0 0 0 0 33 0 4 0 0 0 0 0 0 17 0 0 0 0 0 10 0 21 16
0 0 0 13 89 0 0 0 0 0 0 0 0 0 0 6 0 0 0 0 0 0 35 0 4 0 0 0 0 1 0 10 0 0 1 0 0 12 0 13 20
0 0 63 8 0 0 0 0 0 0 0 0 0 0 0 0 0 0 0 0 0 0 0 20 0 0 0 0 37 0 22 17 20 1 2 29 0 0 0 0 0
0 0 0 13 86 0 0 0 0 0 0 0 0 0 0 9 0 0 0 0 0 0 34 0 4 0 0 0 0 0 0 14 0 0 0 0 0 12 0 18 18
0 0 23 9 22 0 0 0 0 0 0 0 0 0 0 7 0 0 0 0 0 0 11 2 0 0 0 0 8 0 15 20 3 1 0 20 0 0 0 8 1
0 0 58 7 0 0 0 0 0 0 0 0 0 0 0 0 0 0 0 0 0 0 0 17 0 0 0 0 33 0 20 21 17 0 2 29 0 0 0 0 0
0 0 81 11 0 0 0 0 0 0 0 0 0 0 0 0 0 0 0 0 0 0 10 29 0 0 0 0 51 0 29 0 27 6 0 34 0 0 0 0 0
0 0 27 8 15 0 0 0 0 0 0 0 0 0 0 6 0 0 0 0 0 0 8 4 0 0 0 0 11 0 15 18 5 1 0 20 0 0 0 5 0
0 0 77 11 0 0 0 0 0 0 0 0 0 0 0 0 0 0 0 0 0 0 7 27 0 0 0 0 48 0 28 3 25 5 0 33 0 0 0 0 0
0 0 52 7 0 0 0 0 0 0 0 0 0 0 0 1 0 0 0 0 0 0 0 14 0 0 0 0 29 0 19 20 15 0 1 26 0 0 0 0 0
0 0 0 14 86 0 0 0 0 0 0 0 0 0 0 6 0 0 0 0 0 0 34 0 4 0 0 0 0 1 0 10 0 0 1 0 0 11 0 12 19
0 0 0 14 89 0 0 0 0 0 0 0 0 0 0 5 0 0 0 0 0 0 36 0 4 0 0 0 0 2 0 10 0 0 1 0 0 11 0 11 20
0 0 90 8 0 0 0 0 0 0 0 0 0 0 0 0 0 0 0 0 0 0 8 36 0 0 0 0 59 0 32 0 31 11 0 35 0 0 0 0 0
0 0 0 11 74 0 0 0 0 0 0 0 0 0 0 13 0 0 0 0 0 0 28 0 3 0 0 0 0 0 0 22 0 0 0 0 0 8 0 23 14
0 0 0 13 85 0 0 0 0 0 0 0 0 0 0 9 0 0 0 0 0 0 34 0 4 0 0 0 0 0 0 13 0 0 0 0 0 11 0 17 17
0 0 0 13 85 0 0 0 0 0 0 0 0 0 0 10 0 0 0 0 0 0 33 0 4 0 0 0 0 0 0 16 0 0 1 0 0 11 0 20 17
0 0 0 10 54 0 0 0 0 0 0 0 0 0 0 11 0 0 0 0 0 0 24 0 2 0 0 0 0 0 11 18 0 3 0 9 0 4 0 19 9
0 0 64 9 0 0 0 0 0 0 0 0 0 0 0 0 0 0 0 0 0 0 2 21 0 0 0 0 39 0 22 13 21 1 0 30 0 0 0 0 0
0 0 71 10 0 0 0 0 0 0 0 0 0 0 0 0 0 0 0 0 0 0 6 24 0 0 0 0 44 0 25 7 23 3 0 31 0 0 0 0 0
0 0 72 10 0 0 0 0 0 0 0 0 0 0 0 0 0 0 0 0 0 0 6 25 0 0 0 0 45 0 26 9 22 3 0 32 0 0 0 0 0
0 0 0 14 87 0 0 0 0 0 0 0 0 0 0 7 0 0 0 0 0 0 35 0 4 0 0 0 0 1 0 11 0 0 0 0 0 12 0 14 19
0 0 86 10 0 0 0 0 0 0 0 0 0 0 0 0 0 0 0 0 0 0 9 33 0 0 0 0 56 0 31 0 29 8 0 35 0 0 0 0 0
0 0 0 10 63 0 0 0 0 0 0 0 0 0 0 13 0 0 0 0 0 0 26 0 3 0 0 0 0 0 8 20 0 2 0 5 0 6 0 22 11
0 0 0 14 95 0 0 0 0 0 0 0 0 0 0 4 0 0 0 0 0 0 37 0 3 0 0 0 0 3 0 9 0 0 3 0 0 12 0 9 23
0 0 0 11 76 0 0 0 0 0 0 0 0 0 0 12 0 0 0 0 0 0 30 0 4 0 0 0 0 0 0 19 0 0 0 0 0 9 0 22 15
0 0 9 10 39 0 0 0 0 0 0 0 0 0 0 10 0 0 0 0 0 0 19 0 1 0 0 0 0 0 14 17 0 2 0 16 0 1 0 14 5
0 0 65 9 0 0 0 0 0 0 0 0 0 0 0 0 0 0 0 0 0 0 2 20 0 0 0 0 37 0 23 16 20 2 1 30 0 0 0 0 0
0 0 0 10 71 0 0 0 0 0 0 0 0 0 0 13 0 0 0 0 0 0 28 0 3 0 0 0 0 0 2 19 0 1 0 0 0 7 0 22 13
0 0 94 7 0 0 0 0 0 0 0 0 0 0 0 0 0 0 0 0 0 0 8 38 0 0 0 0 63 0 34 0 33 12 0 36 0 0 0 0 0
0 0 0 14 94 0 0 0 0 0 0 0 0 0 0 4 0 0 0 0 0 0 37 0 3 0 0 0 0 2 0 9 0 0 2 0 0 12 0 10 22
0 0 54 6 0 0 0 0 0 0 0 0 0 0 0 0 0 0 0 0 0 0 0 16 0 0 0 0 30 0 19 20 16 0 1 27 0 0 0 0 0
1 0 0 13 106 1 0 0 0 0 0 0 0 0 0 2 0 0 0 0 0 0 39 0 2 0 2 0 0 5 0 7 0 0 5 0 0 13 0 5 28
0 0 0 10 70 0 0 0 0 0 0 0 0 0 0 13 0 0 0 0 0 0 28 0 3 0 0 0 0 0 3 20 0 2 0 0 0 7 0 22 13
0 0 0 13 85 0 0 0 0 0 0 0 0 0 0 7 0 0 0 0 0 0 34 0 4 0 0 0 0 0 0 11 0 0 0 0 0 11 0 14 18
0 0 0 10 72 0 0 0 0 0 0 0 0 0 0 12 0 0 0 0 0 0 28 0 3 0 0 0 0 0 1 20 0 1 0 0 0 8 0 23 14
0 0 0 12 84 0 0 0 0 0 0 0 0 0 0 10 0 0 0 0 0 0 34 0 4 0 0 0 0 0 0 16 0 0 1 0 0 11 0 20 17
0 0 41 7 0 0 0 0 0 0 0 0 0 0 0 4 0 0 0 0 0 0 1 10 0 0 0 0 21 0 17 22 11 0 1 23 0 0 0 2 0
0 0 72 10 0 0 0 0 0 0 0 0 0 0 0 0 0 0 0 0 0 0 6 24 0 0 0 0 44 0 25 7 23 4 0 31 0 0 0 0 0
0 0 90 8 0 0 0 0 0 0 0 0 0 0 0 0 0 0 0 0 0 0 7 36 0 0 0 0 59 0 32 0 31 11 0 35 0 0 0 0 0
0 0 88 8 0 0 0 0 0 0 0 0 0 0 0 0 0 0 0 0 0 0 8 35 0 0 0 0 58 0 31 0 30 10 0 35 0 0 0 0 0
0 0 17 9 30 0 0 0 0 0 0 0 0 0 0 8 0 0 0 0 0 0 16 0 0 0 0 0 3 0 15 18 0 2 0 18 0 0 0 11 3
0 0 68 9 0 0 0 0 0 0 0 0 0 0 0 0 0 0 0 0 0 0 4 23 0 0 0 0 41 0 24 12 21 2 0 31 0 0 0 0 0
0 0 50 6 0 0 0 0 0 0 0 0 0 0 0 2 0 0 0 0 0 0 0 14 0 0 0 0 27 0 18 21 14 0 1 26 0 0 0 0 0
0 0 82 11 0 0 0 0 0 0 0 0 0 0 0 0 0 0 0 0 0 0 9 30 0 0 0 0 52 0 29 0 27 7 0 34 0 0 0 0 0
0 0 0 13 85 0 0 0 0 0 0 0 0 0 0 8 0 0 0 0 0 0 34 0 4 0 0 0 0 0 0 13 0 0 1 0 0 11 0 16 17
0 0 81 11 0 0 0 0 0 0 0 0 0 0 0 0 0 0 0 0 0 0 9 30 0 0 0 0 52 0 29 0 27 6 0 34 0 0 0 0 0
0 0 77 11 0 0 0 0 0 0 0 0 0 0 0 0 0 0 0 0 0 0 8 27 0 0 0 0 48 0 28 3 25 5 0 33 0 0 0 0 0
0 0 82 11 0 0 0 0 0 0 0 0 0 0 0 0 0 0 0 0 0 0 9 30 0 0 0 0 53 0 30 0 28 7 0 34 0 0 0 0 0
0 0 36 7 5 0 0 0 0 0 0 0 0 0 0 5 0 0 0 0 0 0 4 8 0 0 0 0 17 0 16 21 8 0 0 22 0 0 0 3 0
0 0 59 8 0 0 0 0 0 0 0 0 0 0 0 0 0 0 0 0 0 0 1 17 0 0 0 0 34 0 21 18 18 1 1 29 0 0 0 0 0
0 0 0 12 84 0 0 0 0 0 0 0 0 0 0 10 0 0 0 0 0 0 33 0 4 0 0 0 0 0 0 16 0 0 1 0 0 11 0 20 17
0 0 0 13 83 0 0 0 0 0 0 0 0 0 0 10 0 0 0 0 0 0 33 0 4 0 0 0 0 0 0 16 0 0 1 0 0 11 0 20 17
0 0 83 11 0 0 0 0 0 0 0 0 0 0 0 0 0 0 0 0 0 0 9 31 0 0 0 0 53 0 30 0 28 7 0 35 0 0 0 0 0
0 0 37 6 2 0 0 0 0 0 0 0 0 0 0 4 0 0 0 0 0 0 2 9 0 0 0 0 19 0 16 21 9 0 0 22 0 0 0 3 0
0 0 85 11 0 0 0 0 0 0 0 0 0 0 0 0 0 0 0 0 0 0 9 32 0 0 0 0 55 0 30 0 28 8 0 35 0 0 0 0 0
0 0 66 9 0 0 0 0 0 0 0 0 0 0 0 0 0 0 0 0 0 0 3 21 0 0 0 0 39 0 23 14 21 2 1 30 0 0 0 0 0
0 0 63 9 0 0 0 0 0 0 0 0 0 0 0 0 0 0 0 0 0 0 2 19 0 0 0 0 37 0 22 15 19 2 0 30 0 0 0 0 0
0 0 70 10 0 0 0 0 0 0 0 0 0 0 0 0 0 0 0 0 0 0 5 23 0 0 0 0 43 0 25 11 22 2 0 31 0 0 0 0 0
0 0 82 11 0 0 0 0 0 0 0 0 0 0 0 0 0 0 0 0 0 0 8 30 0 0 0 0 52 0 29 0 27 6 0 34 0 0 0 0 0
0 0 0 10 68 0 0 0 0 0 0 0 0 0 0 13 0 0 0 0 0 0 28 0 3 0 0 0 0 0 4 19 0 2 0 0 0 7 0 22 13
0 0 89 9 0 0 0 0 0 0 0 0 0 0 0 0 0 0 0 0 0 0 8 35 0 0 0 0 58 0 32 0 30 10 0 35 0 0 0 0 0
0 0 58 7 0 0 0 0 0 0 0 0 0 0 0 0 0 0 0 0 0 0 0 18 0 0 0 0 34 0 21 18 18 0 1 28 0 0 0 0 0
0 0 0 12 79 0 0 0 0 0 0 0 0 0 0 11 0 0 0 0 0 0 32 0 4 0 0 0 0 0 0 18 0 0 0 0 0 9 0 21 16
0 0 0 12 85 0 0 0 0 0 0 0 0 0 0 9 0 0 0 0 0 0 34 0 4 0 0 0 0 0 0 13 0 0 0 0 0 12 0 18 18
0 0 0 10 56 0 0 0 0 0 0 0 0 0 0 12 0 0 0 0 0 0 24 0 2 0 0 0 0 0 10 18 0 2 0 8 0 5 0 19 9
0 0 0 11 80 0 0 0 0 0 0 0 0 0 0 11 0 0 0 0 0 0 32 0 4 0 0 0 0 0 0 18 0 0 0 0 0 10 0 22 16
0 0 82 11 0 0 0 0 0 0 0 0 0 0 0 0 0 0 0 0 0 0 9 30 0 0 0 0 52 0 29 0 27 6 0 34 0 0 0 0 0
0 0 0 14 88 0 0 0 0 0 0 0 0 0 0 6 0 0 0 0 0 0 35 0 4 0 0 0 0 1 0 11 0 0 0 0 0 12 0 14 19
0 0 0 13 84 0 0 0 0 0 0 0 0 0 0 7 0 0 0 0 0 0 34 0 4 0 0 0 0 0 0 11 0 0 0 0 0 11 0 14 18
0 0 87 9 0 0 0 0 0 0 0 0 0 0 0 0 0 0 0 0 0 0 9 34 0 0 0 0 57 0 31 0 30 9 0 35 0 0 0 0 0
0 0 83 11 0 0 0 0 0 0 0 0 0 0 0 0 0 0 0 0 0 0 10 31 0 0 0 0 53 0 30 0 28 7 0 34 0 0 0 0 0
0 0 62 9 0 0 0 0 0 0 0 0 0 0 0 0 0 0 0 0 0 0 3 19 0 0 0 0 36 0 22 15 20 2 0 29 0 0 0 0 0
0 0 86 10 0 0 0 0 0 0 0 0 0 0 0 0 0 0 0 0 0 0 9 33 0 0 0 0 56 0 31 0 29 8 0 36 0 0 0 0 0
0 0 91 8 0 0 0 0 0 0 0 0 0 0 0 0 0 0 0 0 0 0 8 36 0 0 0 0 60 0 33 0 31 11 0 36 0 0 0 0 0
0 0 0 13 99 0 0 0 0 0 0 0 0 0 0 3 0 0 0 0 0 0 37 0 3 0 0 0 0 3 0 8 0 0 4 0 0 12 0 8 25
0 0 0 14 98 0 0 0 0 0 0 0 0 0 0 3 0 0 0 0 0 0 38 0 3 0 0 0 0 3 0 9 0 0 4 0 0 12 0 8 24
0 0 0 13 89 0 0 0 0 0 0 0 0 0 0 5 0 0 0 0 0 0 35 0 4 0 0 0 0 1 0 10 0 0 2 0 0 11 0 11 20
0 0 82 11 0 0 0 0 0 0 0 0 0 0 0 0 0 0 0 0 0 0 10 30 0 0 0 0 52 0 30 0 27 6 0 34 0 0 0 0 0
0 0 0 10 75 0 0 0 0 0 0 0 0 0 0 12 0 0 0 0 0 0 30 0 4 0 0 0 0 0 0 19 0 0 0 0 0 9 0 22 15
0 0 0 10 70 0 0 0 0 0 0 0 0 0 0 13 0 0 0 0 0 0 28 0 3 0 0 0 0 0 3 20 0 1 0 0 0 7 0 23 13
0 0 0 10 71 0 0 0 0 0 0 0 0 0 0 13 0 0 0 0 0 0 28 0 3 0 0 0 0 0 3 20 0 1 0 0 0 7 0 23 13
0 0 0 13 85 0 0 0 0 0 0 0 0 0 0 8 0 0 0 0 0 0 34 0 4 0 0 0 0 0 0 13 0 0 1 0 0 11 0 16 18
0 0 84 10 0 0 0 0 0 0 0 0 0 0 0 0 0 0 0 0 0 0 10 31 0 0 0 0 54 0 30 0 28 8 0 34 0 0 0 0 0
0 0 83 11 0 0 0 0 0 0 0 0 0 0 0 0 0 0 0 0 0 0 10 30 0 0 0 0 53 0 30 0 28 7 0 35 0 0 0 0 0
0 0 0 13 85 0 0 0 0 0 0 0 0 0 0 8 0 0 0 0 0 0 34 0 4 0 0 0 0 0 0 12 0 0 0 0 0 11 0 16 18
0 0 0 11 78 0 0 0 0 0 0 0 0 0 0 12 0 0 0 0 0 0 31 0 4 0 0 0 0 0 0 18 0 0 0 0 0 9 0 22 15
0 0 0 10 58 0 0 0 0 0 0 0 0 0 0 12 0 0 0 0 0 0 25 0 2 0 0 0 0 0 10 20 0 3 0 8 0 5 0 20 10
0 0 0 13 86 0 0 0 0 0 0 0 0 0 0 8 0 0 0 0 0 0 34 0 4 0 0 0 0 0 0 12 0 0 0 0 0 12 0 15 18
0 0 0 14 88 0 0 0 0 0 0 0 0 0 0 6 0 0 0 0 0 0 35 0 4 0 0 0 0 1 0 11 0 0 1 0 0 11 0 13 19
