7 0 0 9 24 0 0 0 17 11 0 3 0 19 0 0 0 5 0 0 0 0 0 0 0 6 18 17 2 0 0 0 7 0 0 30 2 0 0 0 0
0 0 0 17 29 0 0 0 23 22 0 5 0 23 1 1 0 13 0 0 0 0 0 0 0 8 24 15 5 0 0 0 15 1 0 27 0 0 0 0 0
0 0 0 23 34 0 0 0 26 26 0 1 0 24 0 0 0 14 0 0 0 0 0 0 0 3 33 12 8 0 0 0 15 0 0 22 0 0 0 0 0
30 0 10 0 0 0 0 0 0 0 0 4 0 1 1 1 0 0 0 5 0 0 3 0 0 5 0 10 0 0 0 3 0 0 3 17 18 0 21 2 0
25 0 22 0 0 0 0 0 0 0 1 0 0 0 0 0 0 0 0 9 0 0 8 0 0 0 0 2 0 0 0 12 0 0 9 3 14 0 20 10 0
0 0 0 6 16 0 0 0 11 3 0 0 0 9 0 0 0 0 0 0 0 0 0 0 0 0 17 5 2 0 0 16 0 0 0 10 0 0 0 17 0
0 0 0 22 31 0 0 0 21 18 0 0 0 17 0 0 0 8 0 0 0 0 0 0 0 0 37 1 9 0 0 15 7 1 0 5 0 0 0 17 0
27 0 12 0 0 0 0 0 0 0 1 6 0 0 4 2 0 0 0 4 0 0 3 0 0 4 0 7 0 0 0 3 0 0 6 13 19 0 22 0 0
26 0 0 0 4 0 0 0 3 3 0 14 0 12 6 6 0 3 0 0 0 0 0 0 0 15 0 19 0 0 0 0 8 0 0 32 16 0 20 0 0
0 0 12 0 3 0 0 0 3 0 0 0 0 0 0 0 0 0 0 4 0 0 5 0 0 0 9 0 0 0 0 29 0 0 5 0 0 0 0 29 0
16 0 4 0 7 0 0 0 3 0 0 0 0 6 0 0 0 0 0 2 0 0 1 0 0 1 4 9 0 0 0 11 0 0 0 16 9 0 6 12 0
3 0 25 0 0 0 0 0 0 0 1 0 0 0 0 0 0 0 0 9 0 0 11 0 1 0 0 0 0 0 0 29 0 0 11 0 0 0 4 28 1
0 0 0 9 16 0 0 0 13 3 0 0 0 4 0 0 0 0 0 0 0 0 0 0 0 0 23 0 3 0 0 27 0 0 0 0 0 0 0 27 0
0 0 0 13 22 0 0 0 16 7 0 0 0 9 0 0 0 1 0 0 0 0 0 0 0 0 28 0 5 0 0 24 0 0 0 0 0 0 0 26 0
30 0 7 0 0 0 0 0 0 0 0 5 0 5 1 1 0 0 0 4 0 0 2 0 0 6 0 13 0 0 0 2 0 0 1 23 19 0 19 3 0
6 0 32 0 0 0 0 0 0 0 2 0 0 0 0 0 0 0 0 13 0 0 14 0 2 0 0 0 0 0 0 30 0 0 14 0 1 0 10 28 2
0 0 0 9 16 0 0 0 14 1 0 0 0 1 0 0 0 0 0 0 0 0 0 0 0 0 25 0 3 0 0 31 0 0 0 0 0 0 0 32 0
32 0 0 0 0 0 0 0 0 0 0 14 0 8 6 5 0 0 0 0 0 0 0 0 0 13 0 17 0 0 0 0 4 0 0 29 23 0 25 0 0
0 0 9 3 7 0 0 0 9 0 0 0 0 0 0 0 0 0 0 1 0 0 4 0 0 0 16 0 0 0 0 36 0 0 4 0 0 0 0 36 2
10 0 24 0 0 0 0 0 0 0 0 0 0 0 0 0 0 0 0 10 0 0 10 0 1 0 0 0 0 0 0 24 0 0 10 0 4 0 9 23 1
33 1 0 0 0 0 0 0 0 1 0 20 0 11 9 10 0 3 0 0 0 0 0 0 0 20 0 20 0 0 0 0 10 0 0 33 21 0 29 0 0
25 0 24 0 0 0 0 0 0 0 1 0 0 0 0 0 0 0 0 10 0 0 9 0 0 0 0 0 0 0 0 15 0 0 10 0 14 0 20 12 1
7 0 37 0 0 0 0 0 0 0 2 0 0 0 0 0 0 0 0 14 0 0 17 0 3 0 0 0 0 0 0 32 0 0 16 0 1 0 11 31 3
10 0 0 7 19 0 0 0 16 12 0 8 0 19 3 3 0 8 0 0 0 0 0 0 0 10 11 19 1 0 0 0 11 0 0 32 5 0 3 0 0
3 0 0 12 25 0 0 0 19 15 0 5 0 22 0 0 0 8 0 0 0 0 0 0 0 7 19 17 3 0 0 0 11 0 0 32 1 0 0 0 0
34 1 0 0 0 0 0 0 0 0 0 14 0 9 6 5 0 0 0 0 0 0 0 0 0 15 0 19 0 0 0 0 4 0 0 31 22 0 25 0 0
34 0 2 0 0 0 0 0 0 0 0 10 0 7 4 3 0 0 0 2 0 0 0 0 0 11 0 16 0 0 1 0 1 0 0 28 21 0 23 0 0
0 0 0 17 25 0 0 0 18 11 0 0 0 12 0 0 0 4 0 0 0 0 0 0 0 0 32 0 7 0 0 22 3 0 0 0 0 0 0 24 0
2 0 18 0 0 0 0 0 0 0 0 0 0 0 0 0 0 0 0 7 0 0 8 0 0 0 1 0 0 0 0 27 0 0 7 0 0 0 1 26 1
10 0 27 0 0 0 0 0 0 0 1 0 0 0 0 0 0 0 0 11 0 0 12 0 1 0 0 0 0 0 0 25 0 0 11 0 3 0 10 23 1
0 0 5 7 11 0 0 0 12 0 0 0 0 0 0 0 0 0 0 0 0 1 2 0 0 0 21 0 2 0 0 36 0 0 2 0 0 0 0 36 1
30 0 0 0 1 0 0 0 0 0 0 10 0 9 4 4 0 0 0 1 0 0 0 0 0 11 0 17 0 0 0 0 3 0 0 29 19 0 21 0 0
0 0 2 8 13 0 0 0 13 0 0 0 0 0 0 0 0 0 0 0 0 0 1 0 0 0 22 0 2 0 0 33 0 0 1 0 0 0 0 33 0
0 0 0 18 30 0 0 0 21 16 0 0 0 20 0 0 0 6 0 0 0 0 0 0 0 0 31 8 8 0 0 11 7 0 0 16 0 0 0 13 0
0 0 0 9 21 0 0 0 14 7 0 0 0 14 0 0 0 1 0 0 0 0 0 0 0 0 21 9 3 0 0 15 2 0 0 16 0 0 0 16 0
24 0 0 0 7 0 0 0 7 6 0 15 0 15 6 7 0 5 0 0 0 0 0 0 0 16 0 20 0 0 0 0 11 0 0 34 14 0 19 0 0
15 0 0 5 12 0 0 0 13 13 0 18 0 16 9 8 0 12 0 0 0 0 0 0 0 18 0 22 0 0 0 0 17 1 0 35 7 0 15 0 0
14 0 31 0 0 0 0 0 0 0 2 0 0 0 0 0 0 0 0 12 0 0 13 0 2 0 0 0 0 0 0 25 0 0 13 0 6 0 14 23 2
0 0 0 14 27 0 0 0 20 13 0 0 0 19 0 0 0 6 0 0 0 0 0 0 0 1 25 12 4 0 0 6 6 0 0 22 0 0 0 7 0
17 0 26 0 0 0 0 0 0 0 2 0 0 0 0 0 0 0 0 10 0 0 11 0 1 0 0 0 0 0 0 19 0 0 11 0 9 0 16 17 1
12 0 25 0 0 0 0 0 0 0 1 0 0 0 0 0 0 0 0 10 0 0 10 0 1 0 0 0 0 0 0 22 0 0 10 0 5 0 11 19 1
13 0 28 0 0 0 0 0 0 0 1 0 0 0 0 0 0 0 0 11 0 0 12 0 2 0 0 0 0 0 0 23 0 0 12 0 5 0 13 22 1
34 0 7 0 0 0 0 0 0 0 0 6 0 4 3 1 0 0 0 5 0 0 2 0 0 7 0 14 0 0 0 0 0 0 2 24 21 0 23 0 0
32 0 10 0 0 0 0 0 0 0 0 7 0 0 4 2 0 0 0 5 0 0 3 0 0 6 0 10 0 0 0 0 0 0 5 17 22 0 25 0 0
30 0 0 0 0 0 0 0 3 5 0 21 0 11 10 10 0 7 0 0 0 0 0 0 2 21 0 22 0 1 0 0 13 2 0 35 16 0 28 0 0
23 0 0 0 8 0 0 0 7 6 0 13 0 15 6 5 0 5 0 0 0 0 0 0 0 15 0 20 0 0 0 0 10 0 0 34 13 0 17 0 0
23 0 12 0 0 0 0 0 0 0 0 0 0 0 0 0 0 0 0 6 0 0 5 0 0 0 0 7 0 0 0 11 0 0 4 11 13 0 13 12 0
0 0 0 15 19 0 0 0 17 6 0 0 1 2 0 0 0 2 0 0 0 1 0 0 0 0 32 0 6 0 0 32 0 1 0 0 0 0 0 33 0
7 0 37 0 0 0 0 0 0 0 3 0 0 0 0 0 0 0 0 14 0 0 16 0 2 0 0 0 0 0 0 31 0 0 16 0 1 0 13 28 3
12 0 0 6 18 0 0 0 14 10 0 7 0 18 1 1 0 6 0 0 0 0 0 0 0 8 11 18 1 0 0 0 8 0 0 32 6 0 3 0 0
28 0 10 0 0 0 0 0 0 0 0 3 0 1 1 1 0 0 0 5 0 0 4 0 0 4 0 9 0 0 0 4 0 0 4 16 17 0 19 4 0
24 0 22 0 0 0 0 0 0 0 0 0 0 0 0 0 0 0 0 9 0 0 8 0 1 0 0 1 0 0 0 15 0 0 9 1 14 0 19 13 1
27 0 14 0 0 0 0 0 0 0 0 4 0 0 2 1 0 0 0 6 0 0 4 0 0 2 0 7 0 0 0 7 0 0 6 11 18 0 21 6 0
19 0 19 0 0 0 0 0 0 0 0 0 0 0 0 0 0 0 0 8 0 0 7 0 0 0 0 1 0 0 0 16 0 0 7 2 11 0 14 15 0
0 0 0 17 28 0 0 0 19 14 0 0 0 17 0 0 0 6 0 0 0 0 0 0 0 0 31 4 7 0 0 14 6 0 0 10 0 0 0 15 0
18 0 0 1 13 0 0 0 8 5 0 6 0 15 1 1 0 2 0 0 0 0 0 0 0 8 5 17 0 0 0 0 5 0 0 30 10 0 7 0 0
0 0 5 5 10 0 0 0 10 0 0 0 0 0 0 0 0 0 0 0 0 0 2 0 0 0 17 0 1 0 0 30 0 0 3 0 0 0 0 30 0
0 0 4 5 12 0 0 0 10 0 0 0 0 0 0 0 0 0 0 0 0 0 2 0 0 0 18 0 2 0 0 27 0 0 2 0 0 0 0 27 0
34 0 6 0 0 0 0 0 0 0 0 7 0 4 3 2 0 0 0 4 0 0 1 0 0 8 0 14 0 0 0 0 0 0 2 24 21 0 23 0 0
13 0 25 0 0 0 0 0 0 0 1 0 0 0 0 0 0 0 0 10 0 0 11 0 1 0 0 0 0 0 0 22 0 0 11 0 6 0 11 21 1
0 0 9 4 7 0 0 0 10 0 0 0 0 0 0 0 0 0 0 0 0 1 4 0 0 0 17 0 0 0 0 38 0 0 4 0 0 0 0 38 1
0 0 8 3 8 0 0 0 7 0 0 0 0 0 0 0 0 0 0 2 0 0 3 0 0 0 14 0 1 0 0 28 0 0 3 0 0 0 0 28 0
34 0 7 0 0 0 0 0 0 0 0 6 0 4 2 1 0 0 0 5 0 0 2 0 0 7 0 14 0 0 0 0 0 0 2 24 20 0 22 0 0
0 0 0 17 30 0 0 0 22 17 0 0 0 22 0 0 0 7 0 0 0 0 0 0 0 1 29 12 6 0 0 5 9 0 0 23 0 0 0 6 0
32 0 7 0 0 0 0 0 0 0 0 8 0 3 4 3 0 0 0 4 0 0 2 0 0 7 0 12 0 0 0 0 0 0 2 21 21 0 23 0 0
0 0 1 9 14 0 0 0 13 1 0 0 0 0 0 0 0 0 0 0 0 0 0 0 0 0 24 0 3 0 0 31 0 0 0 0 0 0 0 32 0
4 0 0 10 24 0 0 0 18 13 0 4 0 20 0 0 0 6 0 0 0 0 0 0 0 5 18 17 2 0 0 0 8 0 0 30 2 0 0 0 0
0 0 8 4 7 0 0 0 9 0 0 0 0 0 0 0 0 0 0 1 0 1 4 0 0 0 16 0 0 0 0 36 0 0 4 0 0 0 0 36 1
10 0 29 0 0 0 0 0 0 0 2 0 0 0 0 0 0 0 0 11 0 0 12 0 1 0 0 0 0 0 0 25 0 0 12 0 4 0 11 23 2
0 0 0 30 39 0 0 0 31 35 0 3 0 27 0 0 0 22 0 0 0 0 0 0 0 4 37 10 10 0 0 0 21 1 0 20 0 0 0 0 0
0 0 12 0 4 0 0 0 5 0 0 0 0 0 0 0 0 0 0 4 0 0 5 0 0 0 10 0 0 0 0 29 0 0 5 0 0 0 0 29 1
0 0 0 17 30 0 0 0 22 19 0 1 0 22 0 0 0 9 0 0 0 0 0 0 0 4 27 14 6 0 0 0 10 0 0 25 0 0 0 0 0
18 0 13 0 0 0 0 0 0 0 0 0 0 0 0 0 0 0 0 7 0 0 5 0 0 0 0 5 0 0 0 13 0 0 4 7 10 0 11 13 0
8 0 35 0 0 0 0 0 0 0 3 0 0 0 0 0 0 0 0 13 0 0 15 0 2 0 0 0 0 0 0 29 0 0 15 0 2 0 12 27 2
0 0 18 0 0 0 0 0 0 0 0 0 0 0 0 0 0 0 0 5 0 0 8 0 0 0 4 0 0 0 0 33 0 0 8 0 0 0 0 32 2
14 0 25 0 0 0 0 0 0 0 1 0 0 0 0 0 0 0 0 10 0 0 10 0 1 0 0 0 0 0 0 21 0 0 11 0 6 0 13 19 1
0 0 30 0 0 0 0 0 0 0 2 0 0 0 0 0 0 0 0 11 0 0 13 0 1 0 0 0 0 0 0 32 0 0 14 0 0 0 4 31 2
32 1 0 0 0 0 0 0 0 0 0 17 0 10 8 8 0 1 0 0 0 0 0 0 0 17 0 18 0 0 0 0 7 0 0 30 21 0 27 0 0
19 0 19 0 0 0 0 0 0 0 0 0 0 0 0 0 0 0 0 8 0 0 7 0 0 0 0 1 0 0 0 16 0 0 8 1 11 0 14 15 0
0 0 18 0 0 0 0 0 0 0 0 0 0 0 0 0 0 0 0 6 0 0 8 0 0 0 4 0 0 0 0 32 0 0 8 0 0 0 0 31 2
32 0 0 0 0 0 0 0 0 2 0 21 0 10 10 10 0 4 0 0 0 0 0 0 1 20 0 21 0 0 0 0 11 0 0 34 20 0 29 0 0
0 0 0 17 27 0 0 0 24 23 0 8 0 23 2 3 0 15 0 0 0 0 0 0 0 10 20 17 3 0 0 0 17 1 0 30 0 0 0 0 0
32 1 0 0 0 0 0 0 0 0 0 15 0 10 7 6 0 0 0 0 0 0 0 0 0 15 0 18 0 0 0 0 6 0 0 30 22 0 26 0 0
0 0 2 9 12 0 0 0 13 0 0 0 1 0 0 0 0 0 0 0 0 1 1 0 0 0 23 0 3 0 0 36 0 0 1 0 0 0 0 37 1
2 0 0 12 22 0 0 0 20 19 0 12 0 20 5 6 0 14 0 0 0 0 0 0 0 13 12 20 1 0 0 0 17 1 0 32 0 0 1 0 0
0 0 15 0 0 0 0 0 3 0 0 0 0 0 0 0 0 0 0 4 0 0 7 0 0 0 7 0 0 0 0 33 0 0 7 0 0 0 0 32 1
10 0 0 6 20 0 0 0 14 8 0 1 0 16 0 0 0 3 0 0 0 0 0 0 0 4 15 16 1 0 0 2 4 0 0 27 5 0 0 3 0
0 0 0 15 20 0 0 0 17 7 0 0 0 5 0 0 0 3 0 0 0 1 0 0 0 0 31 0 6 0 0 30 0 1 0 0 0 0 0 30 0
0 0 0 9 16 0 0 0 13 2 0 0 0 3 0 0 0 0 0 0 0 0 0 0 0 0 23 0 3 0 0 28 0 0 0 0 0 0 0 28 0
14 0 23 0 0 0 0 0 0 0 0 0 0 0 0 0 0 0 0 9 0 0 9 0 1 0 0 0 0 0 0 21 0 0 10 0 7 0 12 20 1
1 0 23 0 0 0 0 0 0 0 1 0 0 0 0 0 0 0 0 8 0 0 10 0 0 0 0 0 0 0 0 29 0 0 9 0 0 0 2 29 1
14 0 0 7 14 0 0 0 15 15 0 17 0 17 9 8 0 13 0 0 0 0 0 0 0 18 2 23 0 0 0 0 17 1 0 36 6 0 13 0 0
8 0 36 0 0 0 0 0 0 0 3 0 0 0 0 0 0 0 0 14 0 0 16 0 2 0 0 0 0 0 0 30 0 0 16 0 1 0 12 28 2
24 0 33 0 0 0 0 0 0 0 3 0 0 0 0 0 0 0 0 13 0 0 13 0 1 0 0 0 0 0 0 20 0 0 15 0 15 0 24 15 1
31 0 15 0 0 0 0 0 0 0 0 4 0 0 3 2 0 0 0 7 0 0 5 0 0 3 0 7 0 0 1 5 0 0 7 12 19 0 23 3 0
12 0 30 0 0 0 0 0 0 0 1 0 0 0 0 0 0 0 0 12 0 0 13 0 2 0 0 0 0 0 0 26 0 0 13 0 5 0 12 24 2
0 0 0 28 36 0 0 0 31 35 0 5 0 26 1 0 0 22 0 0 0 0 0 0 0 7 33 13 8 0 0 0 22 2 0 24 0 0 0 0 0
0 0 0 17 24 0 0 0 18 10 0 0 0 10 0 0 0 3 0 0 0 0 0 0 0 0 34 0 7 0 0 26 2 1 0 0 0 0 0 28 0
0 0 22 0 0 0 0 0 0 0 1 0 0 0 0 0 0 0 0 7 0 0 10 0 0 0 1 0 0 0 0 34 0 0 10 0 0 0 0 32 2
17 0 28 0 0 0 0 0 0 0 1 0 0 0 0 0 0 0 0 12 0 0 12 0 2 0 0 0 0 0 0 22 0 0 12 0 8 0 15 20 1
33 0 6 0 0 0 0 0 0 0 0 10 0 2 5 4 0 0 0 4 0 0 1 0 0 9 0 12 0 0 0 0 0 0 3 21 23 0 26 0 0
0 0 0 24 34 0 0 0 28 28 0 4 0 25 0 0 0 17 0 0 0 0 0 0 0 6 31 13 7 0 0 0 18 1 0 24 0 0 0 0 0
16 0 31 0 0 0 0 0 0 0 2 0 0 0 0 0 0 0 0 12 0 0 13 0 2 0 0 0 0 0 0 24 0 0 13 0 7 0 15 23 2
14 0 26 0 0 0 0 0 0 0 1 0 0 0 0 0 0 0 0 11 0 0 11 0 1 0 0 0 0 0 0 23 0 0 11 0 6 0 12 22 1
12 0 22 0 0 0 0 0 0 0 0 0 0 0 0 0 0 0 0 9 0 0 9 0 1 0 0 0 0 0 0 22 0 0 9 0 6 0 9 21 1
0 0 0 31 40 0 0 0 31 34 0 1 0 26 0 0 0 20 0 0 0 0 0 0 0 2 41 8 11 0 0 0 19 1 0 18 0 0 0 0 0
0 0 11 2 5 0 0 0 7 0 0 0 0 0 0 0 0 0 0 2 0 0 4 0 0 0 13 0 0 0 0 34 0 0 5 0 0 0 0 33 1
28 0 7 0 0 0 0 0 0 0 0 7 0 1 4 2 0 0 0 3 0 0 1 0 0 6 0 11 0 0 0 0 0 0 3 18 20 0 22 0 0
27 0 13 0 0 0 0 0 0 0 0 2 0 0 1 0 0 0 0 6 0 0 5 0 0 2 0 7 0 0 0 7 0 0 5 13 16 0 18 7 0
1 0 8 0 7 0 0 0 5 0 0 0 0 1 0 0 0 0 0 3 0 0 3 0 0 0 9 0 0 0 0 21 0 0 3 0 0 0 0 21 0
26 0 8 0 0 0 0 0 0 0 0 3 0 4 0 0 0 0 0 4 0 0 3 0 0 3 0 11 0 0 0 4 0 0 2 18 15 0 16 5 0
19 0 12 0 1 0 0 0 0 0 0 0 0 1 0 0 0 0 0 5 0 0 4 0 0 0 0 6 0 0 0 13 0 0 4 10 11 0 11 12 0
11 0 10 0 5 0 0 0 2 0 0 0 0 2 0 0 0 0 0 4 0 0 4 0 0 0 5 4 0 0 0 20 0 0 3 6 6 0 3 20 0
8 0 13 0 4 0 0 0 2 0 0 0 0 0 0 0 0 0 0 5 0 0 5 0 0 0 6 1 0 0 0 25 0 0 5 1 5 0 1 24 0
20 0 30 0 0 0 0 0 0 0 3 0 0 0 0 0 0 0 0 12 0 0 12 0 1 0 0 0 0 0 0 19 0 0 13 0 11 0 20 16 1
0 0 0 10 22 0 0 0 15 6 0 0 0 13 0 0 0 1 0 0 0 0 0 0 0 0 23 7 4 0 0 18 1 0 0 12 0 0 0 20 0
31 0 11 0 0 0 0 0 0 0 0 2 0 1 0 0 0 0 0 6 0 0 4 0 0 3 0 11 0 0 0 6 0 0 4 18 19 0 19 6 0
5 0 29 0 0 0 0 0 0 0 2 0 0 0 0 0 0 0 0 11 0 0 13 0 2 0 0 0 0 0 0 28 0 0 13 0 0 0 9 26 1
0 0 0 16 28 0 0 0 23 21 0 6 0 23 1 2 0 12 0 0 0 0 0 0 0 9 21 16 4 0 0 0 15 0 0 29 0 0 0 0 0
9 0 32 0 0 0 0 0 0 0 2 0 0 0 0 0 0 0 0 12 0 0 14 0 2 0 0 0 0 0 0 27 0 0 14 0 2 0 11 25 2
23 0 0 0 8 0 0 0 7 6 0 12 0 15 5 5 0 4 0 0 0 0 0 0 0 13 0 20 0 0 0 0 8 0 0 33 13 0 16 0 0
0 0 0 25 36 0 0 0 27 28 0 0 0 25 0 0 0 15 0 0 0 0 0 0 0 2 35 10 9 0 0 0 16 0 0 20 0 0 0 0 0
28 0 0 0 4 0 0 0 3 3 0 14 0 13 6 6 0 3 0 0 0 0 0 0 0 15 0 20 0 0 0 0 8 0 0 33 17 0 21 0 0
12 0 34 0 0 0 0 0 0 0 3 0 0 0 0 0 0 0 0 13 0 0 15 0 2 0 0 0 0 0 0 28 0 0 15 0 5 0 14 25 2
30 0 0 0 0 0 0 0 0 0 0 15 0 11 7 7 0 1 0 0 0 0 0 0 0 15 0 19 0 0 0 0 6 0 0 30 20 0 24 0 0
31 1 0 0 0 0 0 0 0 0 0 15 0 10 7 6 0 0 0 0 0 0 0 0 0 16 0 20 0 0 0 0 6 0 0 31 22 0 25 0 0
21 0 15 0 0 0 0 0 0 0 0 0 0 0 0 0 0 0 0 7 0 0 5 0 0 0 0 5 0 0 0 11 0 0 6 8 12 0 15 9 0
0 0 0 25 35 0 0 0 29 30 0 4 0 26 0 0 0 18 0 0 0 0 0 0 0 7 31 13 8 0 0 0 19 0 0 23 0 0 0 0 0
9 0 0 10 18 0 0 0 19 18 0 16 0 19 9 8 0 15 0 0 0 0 0 0 0 17 7 22 0 0 0 0 19 1 0 36 2 0 8 0 0
29 0 15 0 0 0 0 0 0 0 0 2 0 0 1 0 0 0 0 7 0 0 5 0 0 1 0 7 0 0 0 7 0 0 6 12 17 0 20 7 0
0 0 10 2 6 0 0 0 8 0 0 0 0 0 0 0 0 0 0 2 0 0 5 0 0 0 14 0 0 0 0 34 0 0 5 0 0 0 0 34 1
11 0 27 0 0 0 0 0 0 0 1 0 0 0 0 0 0 0 0 10 0 0 11 0 1 0 0 0 0 0 0 25 0 0 11 0 5 0 10 24 1
0 0 0 18 25 0 0 0 19 11 0 0 0 10 0 0 0 4 0 0 0 0 0 0 0 0 35 0 7 0 0 26 2 1 0 0 0 0 0 27 0
30 0 7 0 0 0 0 0 0 0 0 6 0 3 3 1 0 0 0 3 0 0 1 0 0 6 0 13 0 0 0 1 0 0 2 21 19 0 20 0 0
10 0 0 8 17 0 0 0 17 16 0 12 0 19 6 6 0 12 0 0 0 0 0 0 0 14 7 20 0 0 0 0 15 1 0 34 3 0 6 0 0
12 0 29 0 0 0 0 0 0 0 2 0 0 0 0 0 0 0 0 12 0 0 13 0 2 0 0 0 0 0 0 25 0 0 12 0 4 0 12 24 1
0 0 0 30 39 0 0 0 31 36 0 3 0 27 0 0 0 22 0 0 0 0 0 0 0 4 38 11 10 0 0 0 21 1 0 21 0 0 0 0 0
28 0 0 0 0 0 0 0 1 2 0 16 0 12 8 8 0 3 0 0 0 0 0 0 0 17 0 19 0 0 0 0 8 0 0 31 18 0 24 0 0
14 0 0 6 20 0 0 0 14 10 0 6 0 19 0 0 0 4 0 0 0 0 0 0 0 8 13 19 1 0 0 0 7 0 0 33 7 0 2 0 0
0 0 0 20 32 0 0 0 24 20 0 0 0 22 0 0 0 9 0 0 0 0 0 0 0 1 32 11 8 0 0 3 10 0 0 20 0 0 0 4 0
0 0 23 0 0 0 0 0 0 0 1 0 0 0 0 0 0 0 0 8 0 0 10 0 0 0 0 0 0 0 0 30 0 0 10 0 0 0 0 29 2
0 0 0 16 28 0 0 0 20 15 0 0 0 19 0 0 0 7 0 0 0 0 0 0 0 0 28 10 5 0 0 7 7 0 0 19 0 0 0 7 0
7 0 36 0 0 0 0 0 0 0 3 0 0 0 0 0 0 0 0 14 0 0 17 0 3 0 0 0 0 0 0 30 0 0 16 0 0 0 13 28 3
0 0 8 4 7 0 0 0 10 0 0 0 0 0 0 0 0 0 0 0 0 1 3 0 0 0 18 0 1 0 0 37 0 0 4 0 0 0 0 37 1
17 0 20 0 0 0 0 0 0 0 0 0 0 0 0 0 0 0 0 8 0 0 8 0 1 0 0 0 0 0 0 18 0 0 8 0 9 0 12 16 1
19 0 21 0 0 0 0 0 0 0 1 0 0 0 0 0 0 0 0 8 0 0 8 0 0 0 0 0 0 0 0 15 0 0 9 0 12 0 16 13 0
24 0 16 0 0 0 0 0 0 0 0 0 0 0 0 0 0 0 0 7 0 0 6 0 1 0 0 5 0 0 0 14 0 0 6 8 13 0 15 14 0
2 0 30 0 0 0 0 0 0 0 1 0 0 0 0 0 0 0 0 12 0 0 14 0 2 0 0 0 0 0 0 32 0 0 13 0 0 0 5 31 2
15 0 22 0 0 0 0 0 0 0 0 0 0 0 0 0 0 0 0 9 0 0 9 0 1 0 0 0 0 0 0 20 0 0 9 0 7 0 12 18 0
28 0 0 0 4 0 0 0 3 2 0 13 0 13 5 5 0 2 0 0 0 0 0 0 0 14 0 19 0 0 0 0 7 0 0 33 17 0 20 0 0
11 0 31 0 0 0 0 0 0 0 2 0 0 0 0 0 0 0 0 12 0 0 14 0 2 0 0 0 0 0 0 26 0 0 14 0 4 0 12 25 2
0 0 0 21 29 0 0 0 20 15 0 0 0 15 0 0 0 6 0 0 0 0 0 0 0 0 37 0 9 0 0 20 5 0 0 2 0 0 0 22 0
11 0 28 0 0 0 0 0 0 0 2 0 0 0 0 0 0 0 0 11 0 0 12 0 1 0 0 0 0 0 0 25 0 0 12 0 4 0 11 23 1
31 0 8 0 0 0 0 0 0 0 0 4 0 3 2 1 0 0 0 5 0 0 3 0 0 5 0 12 0 0 0 2 0 0 3 20 18 0 20 3 0
3 0 20 0 0 0 0 0 0 0 0 0 0 0 0 0 0 0 0 7 0 0 8 0 0 0 1 0 0 0 0 29 0 0 8 0 0 0 1 28 1
0 0 8 3 7 0 0 0 9 0 0 0 0 0 0 0 0 0 0 1 0 0 4 0 0 0 15 0 1 0 0 32 0 0 4 0 0 0 0 32 1
11 0 0 7 19 0 0 0 14 12 0 7 0 19 1 1 0 6 0 0 0 0 0 0 0 9 11 18 1 0 0 0 9 0 0 32 5 0 3 0 0
0 0 0 15 25 0 0 0 23 22 0 10 0 22 4 4 0 15 0 0 0 0 0 0 0 11 17 18 3 0 0 0 17 0 0 30 0 0 0 0 0
29 0 0 0 2 0 0 0 1 2 0 16 0 12 6 7 0 2 0 0 0 0 0 0 0 16 0 20 0 0 0 0 8 0 0 33 18 0 23 0 0
0 0 0 22 33 0 0 0 28 27 0 5 0 25 0 1 0 16 0 0 0 0 0 0 0 7 29 14 6 0 0 0 18 1 0 25 0 0 0 0 0
0 0 0 19 31 0 0 0 23 22 0 2 0 22 0 0 0 12 0 0 0 0 0 0 0 4 28 13 6 0 0 0 13 0 0 23 0 0 0 0 0
0 0 0 13 19 0 0 0 16 5 0 0 0 4 0 0 0 1 0 0 0 0 0 0 0 0 29 0 5 0 0 30 0 0 0 0 0 0 0 30 0
30 0 16 0 0 0 0 0 0 0 0 2 0 0 1 0 0 0 0 8 0 0 6 0 0 2 0 7 0 0 0 8 0 0 6 12 18 0 21 7 0
6 0 0 10 18 0 0 0 18 18 0 14 0 18 8 7 0 14 0 0 0 0 0 0 0 15 7 20 0 0 0 0 18 1 0 33 1 0 6 0 0
33 0 1 0 0 0 0 0 0 0 0 10 0 7 4 4 0 0 0 2 0 0 0 0 0 11 0 16 0 0 0 0 1 0 0 26 22 0 23 0 0
0 0 26 0 0 0 0 0 0 0 1 0 0 0 0 0 0 0 0 9 0 0 12 0 0 0 0 0 0 0 0 34 0 0 12 0 0 0 0 34 2
0 0 0 17 28 0 0 0 24 23 0 7 0 23 1 2 0 14 0 0 0 0 0 0 0 9 22 16 4 0 0 0 16 1 0 28 0 0 0 0 0
2 0 18 0 0 0 0 0 0 0 0 0 0 0 0 0 0 0 0 6 0 0 7 0 0 0 1 0 0 0 0 27 0 0 8 0 0 0 1 25 0
0 0 15 0 0 0 0 0 1 0 0 0 0 0 0 0 0 0 0 5 0 0 6 0 0 0 5 0 0 0 0 29 0 0 7 0 0 0 0 29 0
1 0 16 0 0 0 0 0 0 0 0 0 0 0 0 0 0 0 0 6 0 0 7 0 0 0 2 0 0 0 0 24 0 0 7 0 0 0 0 24 1
11 0 21 0 0 0 0 0 0 0 0 0 0 0 0 0 0 0 0 8 0 0 8 0 0 0 0 0 0 0 0 23 0 0 8 0 5 0 8 22 1
25 0 15 0 0 0 0 0 0 0 0 1 0 0 1 0 0 0 0 7 0 0 5 0 0 0 0 6 0 0 0 9 0 0 6 10 15 0 18 9 0
32 0 5 0 0 0 0 0 0 0 0 8 0 4 3 2 0 0 0 3 0 0 1 0 0 8 0 13 0 0 0 0 0 0 1 24 20 0 22 0 0
22 0 21 0 0 0 0 0 0 0 2 0 0 0 1 0 0 0 0 8 0 0 7 0 0 0 0 2 0 0 0 14 0 0 9 1 15 0 20 11 0
0 0 0 19 32 0 0 0 24 20 0 1 0 23 0 0 0 10 0 0 0 0 0 0 0 3 29 12 7 0 0 0 11 0 0 23 0 0 0 0 0
1 0 11 0 3 0 0 0 2 0 0 0 0 0 0 0 0 0 0 4 0 0 4 0 0 0 7 0 0 0 0 24 0 0 5 0 1 0 0 24 0
0 0 13 0 3 0 0 0 4 0 0 0 0 0 0 0 0 0 0 3 0 0 5 0 0 0 9 0 0 0 0 29 0 0 6 0 0 0 0 29 1
32 1 0 0 0 0 0 0 0 0 0 18 0 10 8 8 0 2 0 0 0 0 0 0 0 18 0 18 0 0 0 0 8 0 0 31 20 0 27 0 0
33 1 0 0 0 0 0 0 0 0 0 15 0 10 7 6 0 0 0 0 0 0 0 0 0 16 0 19 0 0 0 0 6 0 0 31 23 0 26 0 0
0 0 0 16 27 0 0 0 23 22 0 7 0 24 2 3 0 13 0 0 0 0 0 0 0 10 20 18 3 0 0 0 16 1 0 31 0 0 0 0 0
21 0 25 0 0 0 0 0 0 0 1 0 0 0 0 0 0 0 0 10 0 0 10 0 1 0 0 0 0 0 0 18 0 0 11 0 11 0 17 16 1
20 0 25 0 0 0 0 0 0 0 1 0 0 0 0 0 0 0 0 10 0 0 10 0 1 0 0 0 0 0 0 18 0 0 11 0 11 0 18 16 1
0 0 0 12 20 0 0 0 15 5 0 0 0 7 0 0 0 1 0 0 0 0 0 0 0 0 28 0 5 0 0 28 0 0 0 0 0 0 0 29 0
4 0 3 3 13 0 0 0 9 0 0 0 0 8 0 0 0 0 0 1 0 0 1 0 0 0 14 6 1 0 0 19 0 0 0 10 2 0 0 19 0
0 0 10 2 7 0 0 0 7 0 0 0 0 0 0 0 0 0 0 2 0 0 4 0 0 0 15 0 0 0 0 33 0 0 4 0 0 0 0 32 1
34 1 0 0 0 0 0 0 0 0 0 18 0 10 8 8 0 1 0 0 0 0 0 0 0 18 0 19 0 0 0 0 8 0 0 31 23 0 29 0 0
11 0 26 0 0 0 0 0 0 0 1 0 0 0 0 0 0 0 0 10 0 0 11 0 1 0 0 0 0 0 0 24 0 0 11 0 4 0 10 22 1
36 1 0 0 0 0 0 0 0 0 0 25 0 8 12 12 0 4 0 0 0 0 0 0 1 24 0 21 0 1 0 0 12 0 0 34 24 0 36 0 0
32 0 3 0 0 0 0 0 0 0 0 9 0 6 4 4 0 0 0 2 0 0 0 0 0 10 0 14 0 0 0 0 1 0 1 26 22 0 23 0 0
31 1 0 0 0 0 0 0 0 2 0 20 0 10 10 9 0 4 0 0 0 0 0 0 1 20 0 19 0 0 0 0 10 0 0 32 20 0 29 0 0
30 1 0 0 0 0 0 0 0 2 0 19 0 11 9 9 0 3 0 0 0 0 0 0 0 19 0 19 0 0 0 0 10 0 0 32 20 0 27 0 0
0 0 0 16 24 0 0 0 17 9 0 0 0 11 0 0 0 3 0 0 0 0 0 0 0 0 31 0 7 0 0 24 2 0 0 0 0 0 0 26 0
0 0 2 8 14 0 0 0 12 1 0 0 0 0 0 0 0 0 0 0 0 0 0 0 0 0 22 0 2 0 0 31 0 0 1 0 0 0 0 31 0
24 0 22 0 0 0 0 0 0 0 1 0 0 0 0 0 0 0 0 9 0 0 8 0 0 0 0 0 0 0 0 14 0 0 10 0 14 0 19 11 0
0 0 0 19 29 0 0 0 25 24 0 5 0 24 1 1 0 14 0 0 0 0 0 0 0 7 24 15 5 0 0 0 16 1 0 28 0 0 0 0 0
22 0 23 0 0 0 0 0 0 0 1 0 0 0 0 0 0 0 0 10 0 0 9 0 1 0 0 0 0 0 0 16 0 0 9 0 12 0 17 14 0
0 0 0 28 38 0 0 0 30 32 0 2 0 27 0 0 0 19 0 0 0 0 0 0 0 4 37 11 10 0 0 0 19 1 0 22 0 0 0 0 0
1 0 21 0 0 0 0 0 0 0 1 0 0 0 0 0 0 0 0 7 0 0 9 0 0 0 0 0 0 0 0 27 0 0 9 0 0 0 2 26 1
32 1 0 0 0 0 0 0 0 0 0 17 0 10 8 7 0 0 0 0 0 0 0 0 0 17 0 19 0 0 0 0 7 0 0 30 24 0 28 0 0
26 0 0 0 5 0 0 0 6 5 0 15 0 14 7 7 0 5 0 0 0 0 0 0 0 17 0 21 0 0 0 0 10 0 0 34 15 0 21 0 0
30 0 12 0 0 0 0 0 0 0 0 4 0 0 2 0 0 0 0 5 0 0 3 0 0 4 0 10 0 0 0 5 0 0 4 17 19 0 21 4 0
33 1 0 0 0 0 0 0 0 0 0 18 0 10 8 8 0 1 0 0 0 0 0 0 0 18 0 19 0 0 0 0 7 0 0 32 23 0 28 0 0
0 0 0 12 17 0 0 0 15 3 0 0 0 1 0 0 0 0 0 0 0 1 0 0 0 0 27 0 4 0 0 32 0 0 0 0 0 0 0 32 0
0 0 8 2 8 0 0 0 8 0 0 0 0 0 0 0 0 0 0 2 0 0 3 0 0 0 14 0 0 0 0 29 0 0 4 0 0 0 0 29 0
0 0 12 1 5 0 0 0 6 0 0 0 0 0 0 0 0 0 0 3 0 0 5 0 0 0 12 0 0 0 0 33 0 0 5 0 0 0 0 33 1
25 0 19 0 0 0 0 0 0 0 1 2 0 0 2 1 0 0 0 8 0 0 7 0 0 0 0 3 0 0 0 9 0 0 8 4 15 0 21 7 0
25 0 2 0 6 0 0 0 3 0 0 4 0 9 0 0 0 0 0 2 0 0 0 0 0 5 0 15 0 0 0 2 0 0 0 26 15 0 13 3 0
23 0 12 0 0 0 0 0 0 0 0 0 0 0 0 0 0 0 0 6 0 0 4 0 0 0 0 7 0 0 0 11 0 0 4 12 13 0 13 11 0
30 0 12 0 0 0 0 0 0 0 0 4 0 0 2 1 0 0 0 6 0 0 4 0 0 3 0 9 0 0 0 5 0 0 5 15 19 0 21 5 0
6 0 0 10 22 0 0 0 18 15 0 8 0 21 2 3 0 9 0 0 0 0 0 0 0 10 15 19 2 0 0 0 12 0 0 33 3 0 0 0 0
0 0 0 12 21 0 0 0 16 7 0 0 0 9 0 0 0 1 0 0 0 0 0 0 0 0 27 0 5 0 0 24 0 0 0 0 0 0 0 25 0
0 0 0 24 34 0 0 0 23 22 0 0 0 20 0 0 0 10 0 0 0 0 0 0 0 0 39 3 11 0 0 11 10 1 0 9 0 0 0 12 0
0 0 15 0 0 0 0 0 1 0 0 0 0 0 0 0 0 0 0 5 0 0 6 0 0 0 6 0 0 0 0 30 0 0 6 0 0 0 0 29 1
15 0 22 0 0 0 0 0 0 0 0 0 0 0 0 0 0 0 0 9 0 0 9 0 1 0 0 0 0 0 0 20 0 0 9 0 7 0 11 19 0
18 0 10 0 2 0 0 0 0 0 0 0 0 2 0 0 0 0 0 5 0 0 4 0 0 0 0 7 0 0 0 12 0 0 3 12 10 0 10 12 0
9 0 26 0 0 0 0 0 0 0 1 0 0 0 0 0 0 0 0 10 0 0 11 0 1 0 0 0 0 0 0 26 0 0 11 0 4 0 9 25 1
0 0 8 4 10 0 0 0 9 0 0 0 0 0 0 0 0 0 0 1 0 0 3 0 0 0 17 0 1 0 0 32 0 0 3 0 0 0 0 32 1
0 0 0 14 27 0 0 0 19 12 0 0 0 17 0 0 0 4 0 0 0 0 0 0 0 0 28 9 6 0 0 12 5 0 0 17 0 0 0 14 0
0 0 0 17 30 0 0 0 21 16 0 0 0 20 0 0 0 6 0 0 0 0 0 0 0 0 29 10 6 0 0 7 8 0 0 20 0 0 0 8 0
0 0 0 10 17 0 0 0 14 3 0 0 0 3 0 0 0 0 0 0 0 0 0 0 0 0 25 0 4 0 0 30 0 0 0 0 0 0 0 31 0
2 0 0 12 27 0 0 0 20 15 0 3 0 21 0 0 0 6 0 0 0 0 0 0 0 5 22 16 4 0 0 0 9 0 0 30 0 0 0 0 0
31 0 1 0 0 0 0 0 0 0 0 13 0 5 6 6 0 0 0 1 0 0 0 0 0 12 0 14 0 0 0 0 3 0 0 24 23 0 26 0 0
3 0 30 0 0 0 0 0 0 0 2 0 0 0 0 0 0 0 0 11 0 0 13 0 1 0 0 0 0 0 0 30 0 0 13 0 0 0 8 28 1
0 0 2 8 13 0 0 0 13 0 0 0 0 0 0 0 0 0 0 0 0 1 1 0 0 0 23 0 2 0 0 34 0 0 1 0 0 0 0 35 0
20 0 25 0 0 0 0 0 0 0 1 0 0 0 0 0 0 0 0 10 0 0 11 0 1 0 0 0 0 0 0 18 0 0 11 0 10 0 17 16 1
0 0 9 3 6 0 0 0 9 0 0 0 0 0 0 0 0 0 0 1 0 0 4 0 0 0 15 0 0 0 0 36 0 0 4 0 0 0 0 36 1
0 0 12 0 5 0 0 0 5 0 0 0 0 0 0 0 0 0 0 3 0 0 5 0 0 0 12 0 0 0 0 31 0 0 5 0 0 0 0 31 1
18 0 0 3 11 0 0 0 12 11 0 15 0 16 7 7 0 9 0 0 0 0 0 0 0 16 0 21 0 0 0 0 14 1 0 35 9 0 15 0 0
0 0 4 7 11 0 0 0 12 0 0 0 0 0 0 0 0 0 0 0 0 1 1 0 0 0 21 0 2 0 0 34 0 0 2 0 0 0 0 34 0
29 0 13 0 0 0 0 0 0 0 0 2 0 0 1 0 0 0 0 6 0 0 4 0 0 3 0 9 0 0 0 6 0 0 5 15 18 0 20 5 0
7 0 0 6 19 0 0 0 13 7 0 2 0 15 0 0 0 3 0 0 0 0 0 0 0 3 14 13 1 0 0 3 4 0 0 24 4 0 0 4 0
0 0 13 0 3 0 0 0 4 0 0 0 0 0 0 0 0 0 0 3 0 0 5 0 0 0 9 0 0 0 0 31 0 0 6 0 0 0 0 30 1
33 0 0 0 0 0 0 0 0 0 0 11 0 8 5 4 0 0 0 1 0 0 0 0 0 12 0 16 0 0 0 0 2 0 0 29 21 0 24 0 0
0 0 23 0 0 0 0 0 0 0 1 0 0 0 0 0 0 0 0 8 0 0 10 0 0 0 0 0 0 0 0 32 0 0 10 0 0 0 0 31 2
8 0 2 1 11 0 0 0 6 0 0 0 0 8 0 0 0 0 0 0 0 0 0 0 0 0 9 7 0 0 0 13 0 0 0 13 4 0 0 13 0
0 0 0 21 28 0 0 0 20 15 0 0 0 14 0 0 0 7 0 0 0 0 0 0 0 0 37 0 9 0 0 20 6 1 0 0 0 0 0 21 0
32 0 6 0 0 0 0 0 0 0 0 6 0 5 2 1 0 0 0 4 0 0 1 0 0 7 0 14 0 0 0 0 0 0 1 24 19 0 20 0 0
0 0 10 1 6 0 0 0 6 0 0 0 0 0 0 0 0 0 0 3 0 0 4 0 0 0 12 0 0 0 0 29 0 0 4 0 0 0 0 29 0
0 0 16 0 0 0 0 0 1 0 0 0 0 0 0 0 0 0 0 5 0 0 7 0 0 0 6 0 0 0 0 30 0 0 7 0 0 0 0 29 1
0 0 0 15 28 0 0 0 20 15 0 0 0 20 0 0 0 6 0 0 0 0 0 0 0 1 26 13 5 0 0 4 8 0 0 23 0 0 0 5 0
0 0 6 4 9 0 0 0 10 0 0 0 0 0 0 0 0 0 0 0 0 0 2 0 0 0 18 0 1 0 0 33 0 0 3 0 0 0 0 33 0
11 0 0 6 18 0 0 0 12 7 0 3 0 16 0 0 0 2 0 0 0 0 0 0 0 4 13 15 1 0 0 0 5 0 0 28 7 0 0 2 0
0 0 0 34 43 0 0 0 30 32 0 0 0 26 0 0 0 18 0 0 0 0 0 0 0 0 48 1 15 0 0 4 15 2 0 8 0 0 0 6 0
0 0 0 13 18 0 0 0 16 5 0 0 0 3 0 0 0 1 0 0 0 0 0 0 0 0 28 0 5 0 0 29 0 0 0 0 0 0 0 30 0
12 0 26 0 0 0 0 0 0 0 2 0 0 0 0 0 0 0 0 10 0 0 11 0 1 0 0 0 0 0 0 22 0 0 11 0 5 0 12 20 1
0 0 0 26 36 0 0 0 24 24 0 0 0 22 0 0 0 12 0 0 0 0 0 0 0 0 40 2 11 0 0 8 11 1 0 9 0 0 0 10 0
0 0 0 10 20 0 0 0 14 5 0 0 0 10 0 0 0 0 0 0 0 0 0 0 0 0 23 4 4 0 0 21 0 0 0 7 0 0 0 22 0
0 0 0 10 19 0 0 0 13 4 0 0 0 7 0 0 0 0 0 0 0 0 0 0 0 0 24 1 4 0 0 25 0 0 0 2 0 0 0 25 0
20 0 23 0 0 0 0 0 0 0 2 0 0 0 0 0 0 0 0 8 0 0 8 0 0 0 0 0 0 0 0 16 0 0 10 0 12 0 18 13 0
10 0 35 0 0 0 0 0 0 0 3 0 0 0 0 0 0 0 0 14 0 0 15 0 2 0 0 0 0 0 0 28 0 0 15 0 3 0 14 26 2
0 0 0 11 25 0 0 0 19 13 0 2 0 19 0 0 0 6 0 0 0 0 0 0 0 3 21 14 3 0 0 0 8 0 0 26 0 0 0 1 0
31 1 0 0 0 0 0 0 0 1 0 20 0 10 9 9 0 3 0 0 0 0 0 0 0 19 0 19 0 0 0 0 10 0 0 32 21 0 29 0 0
0 0 0 19 27 0 0 0 19 14 0 0 0 14 0 0 0 7 0 0 0 0 0 0 0 0 35 0 8 0 0 20 5 1 0 0 0 0 0 21 0
27 0 17 0 0 0 0 0 0 0 0 2 0 0 1 0 0 0 0 7 0 0 6 0 0 0 0 5 0 0 0 9 0 0 7 9 17 0 20 8 0
32 0 0 0 0 0 0 0 0 0 0 12 0 9 5 4 0 0 0 1 0 0 0 0 0 13 0 18 0 0 0 0 3 0 0 30 20 0 22 0 0
0 0 13 0 5 0 0 0 6 0 0 0 0 0 0 0 0 0 0 3 0 0 5 0 0 0 12 0 0 0 0 34 0 0 5 0 0 0 0 33 1
