0 5 18 0 0 0 0 0 0 0 0 0 0 0 0 0 0 0 0 0 1 0 2 0 0 0 0 0 0 0 0 30 0 0 35 36 0 0 0 43 1
0 10 9 0 0 0 0 0 0 0 0 0 0 0 0 0 0 0 0 0 0 0 7 0 2 0 0 0 0 0 0 39 0 0 35 39 0 9 0 29 6
0 11 25 0 0 0 0 0 0 0 0 0 2 0 0 0 0 0 0 0 2 0 2 0 0 0 1 0 0 0 0 35 0 0 34 18 0 0 0 47 0
0 30 2 1 0 0 0 0 0 0 0 0 4 0 0 0 0 0 0 0 0 0 27 0 0 0 0 0 1 0 0 34 0 1 23 24 0 6 0 35 0
0 16 20 0 0 0 0 0 0 0 0 0 2 0 0 0 0 0 0 0 2 0 4 0 0 0 0 0 0 0 0 34 0 0 36 18 0 3 0 42 0
0 18 10 0 0 0 0 0 0 0 0 0 2 0 0 0 0 0 0 0 0 0 15 0 0 0 0 0 0 0 0 28 0 0 25 17 0 11 0 27 1
0 17 17 0 0 0 0 0 0 0 0 0 2 0 0 0 0 0 0 0 0 0 9 0 0 0 0 0 0 0 0 34 0 0 35 25 0 5 0 41 0
0 5 0 0 0 0 0 0 0 0 0 0 0 0 0 0 0 0 0 0 0 0 6 0 2 0 0 0 3 0 0 37 0 0 37 50 0 9 0 25 6
0 0 26 2 0 0 0 0 0 0 0 0 0 0 0 0 0 0 0 0 2 0 0 1 0 0 0 0 0 0 0 48 0 2 30 17 0 0 0 57 3
0 4 22 0 0 0 0 0 0 0 0 0 0 0 0 0 0 0 0 0 1 0 0 0 0 0 0 0 0 0 0 34 0 0 35 32 0 0 0 46 1
0 0 8 0 0 0 0 0 0 0 0 0 0 0 0 0 0 0 0 0 0 0 1 0 0 0 0 0 2 0 0 30 0 0 49 68 0 0 0 48 4
0 27 3 1 0 0 0 0 0 0 0 0 3 0 0 0 0 0 0 0 0 0 24 0 0 0 0 0 1 0 0 34 0 1 23 23 0 4 0 37 0
0 24 7 1 0 0 0 0 0 0 0 0 3 0 0 0 0 0 0 0 0 0 20 0 0 0 0 0 0 0 0 28 0 0 26 20 0 4 0 39 0
0 4 21 0 0 0 0 0 0 1 0 0 0 0 0 0 0 0 0 0 2 0 1 0 0 0 0 0 0 0 0 29 0 0 33 33 0 0 0 43 0
0 0 5 0 0 0 0 0 0 0 0 0 0 0 0 0 0 0 0 0 0 0 1 0 0 0 0 0 2 0 0 27 0 0 49 68 0 0 0 44 4
0 4 25 0 0 0 0 0 0 0 0 0 1 0 0 0 0 0 0 0 2 0 0 0 0 0 0 0 0 0 0 36 0 0 36 29 0 0 0 50 1
0 0 26 1 0 0 0 0 0 0 0 0 0 0 0 0 0 0 0 0 2 0 0 0 0 0 0 0 0 0 0 41 0 0 34 30 0 0 0 55 2
0 9 23 0 0 0 0 0 0 0 0 0 2 0 0 0 0 0 0 0 2 0 2 0 0 0 0 0 0 0 0 31 0 0 36 28 0 0 0 46 0
0 25 7 0 0 0 0 0 0 0 0 0 3 0 0 0 0 0 0 0 0 0 21 0 0 0 0 0 0 0 0 29 0 0 31 25 0 6 0 38 0
0 0 0 0 0 0 0 0 0 0 0 0 0 0 0 0 0 0 0 0 0 0 7 0 1 0 0 0 4 0 0 32 0 0 49 72 0 4 0 30 5
0 26 8 1 0 0 0 0 0 0 0 0 3 0 0 0 0 0 0 0 0 0 20 0 0 0 1 0 0 0 0 32 0 0 29 20 0 4 0 41 0
0 5 14 0 0 0 0 0 0 0 0 0 0 0 0 0 0 0 0 0 2 0 4 0 0 0 0 0 0 0 0 26 0 0 39 42 0 0 0 41 1
0 7 20 0 0 0 0 0 0 0 0 0 1 0 0 0 0 0 0 0 2 0 2 0 0 0 0 0 0 0 0 23 0 0 33 26 0 0 0 39 0
0 2 9 0 0 0 0 0 0 0 0 0 0 0 0 0 0 0 0 0 1 0 4 0 0 0 0 0 1 0 0 28 0 0 40 52 0 0 0 41 2
0 4 9 0 0 0 0 0 0 0 0 0 0 0 0 0 0 0 0 0 0 0 5 0 0 0 0 0 1 0 0 31 0 0 42 53 0 2 0 39 4
0 0 12 0 0 0 0 0 0 0 0 0 0 0 0 0 0 0 0 0 0 0 1 0 0 0 0 0 1 0 0 27 0 0 41 51 0 0 0 43 2
0 0 16 1 0 0 0 0 0 0 0 0 0 0 0 0 0 0 0 0 1 0 0 0 0 0 0 0 0 0 0 29 0 0 35 44 0 0 0 46 2
0 21 9 0 0 0 0 0 0 0 0 0 2 0 0 0 0 0 0 0 0 0 23 0 0 0 0 0 0 0 0 33 0 0 30 33 0 11 0 32 1
0 15 13 0 0 0 0 0 0 0 0 0 1 0 0 0 0 0 0 0 0 0 6 0 2 0 0 0 0 0 0 40 0 0 35 28 0 8 0 34 4
0 14 17 0 0 0 0 0 0 0 0 0 2 0 0 0 0 0 0 0 1 0 7 0 0 0 0 0 0 0 0 26 0 0 33 21 0 4 0 34 0
0 12 14 0 0 0 0 0 0 0 0 0 1 0 0 0 0 0 0 0 1 0 7 0 1 0 0 0 0 0 0 35 0 0 35 30 0 6 0 34 3
0 22 18 0 0 0 0 0 0 0 0 0 4 0 0 0 0 0 0 0 0 0 10 0 0 0 0 0 0 0 0 39 0 0 39 18 0 2 0 49 0
0 14 7 0 0 0 0 0 0 0 0 0 1 0 0 0 0 0 0 0 0 0 13 0 2 0 0 0 0 0 0 36 0 0 31 31 0 14 0 23 4
0 26 7 1 0 0 0 0 0 0 0 0 3 0 0 0 0 0 0 0 0 0 23 0 0 0 0 0 0 0 0 33 0 0 28 27 0 7 0 38 0
4 0 31 1 0 0 0 0 0 0 0 0 0 0 0 0 0 0 0 0 0 0 0 0 0 0 0 2 0 0 0 48 0 0 50 47 0 0 0 69 3
0 0 21 1 0 0 0 0 0 0 0 0 0 0 0 0 0 0 0 0 0 0 0 0 0 0 0 0 0 0 0 35 0 0 39 43 0 0 0 51 2
0 24 5 0 0 0 0 0 0 0 0 0 3 0 0 0 0 0 0 0 0 0 20 0 0 0 0 0 0 0 0 27 0 0 26 20 0 5 0 36 0
0 0 19 1 0 0 0 0 0 0 0 0 0 0 0 0 0 0 0 0 0 0 0 0 0 0 0 0 0 0 0 40 0 0 44 50 0 0 0 58 3
0 19 10 0 0 0 0 0 0 0 0 0 2 0 0 0 0 0 0 0 0 0 15 0 0 0 0 0 0 0 0 26 0 0 28 18 0 8 0 32 0
0 20 8 0 0 0 0 0 0 0 0 0 2 0 0 0 0 0 0 0 0 0 23 0 0 0 0 0 0 0 0 35 0 0 30 33 0 12 0 31 1
0 0 19 1 0 0 0 0 0 0 0 0 0 0 0 0 0 0 0 0 0 0 0 0 0 0 0 0 0 0 0 30 0 0 39 48 0 0 0 48 2
0 19 15 0 0 0 0 0 0 0 0 0 3 0 0 0 0 0 0 0 0 0 5 0 0 0 0 0 0 0 0 35 0 0 33 12 0 5 0 39 0
0 12 21 0 0 0 0 0 0 0 0 0 2 0 0 0 0 0 0 0 2 0 4 0 0 0 0 0 0 0 0 29 0 0 34 20 0 1 0 41 0
0 0 24 2 0 0 0 0 0 0 0 0 0 0 0 0 0 0 0 0 1 0 0 2 0 0 1 0 0 0 0 46 0 3 22 4 0 0 0 50 2
0 14 7 0 0 0 0 0 0 0 0 0 1 0 0 0 0 0 0 0 0 0 12 0 2 0 0 0 0 0 0 38 0 0 32 33 0 14 0 24 4
0 23 16 0 0 0 0 0 0 0 0 0 3 0 0 0 0 0 0 0 0 0 14 0 0 0 2 0 0 0 0 34 0 0 35 20 0 4 0 47 0
0 2 26 1 0 0 0 0 0 0 0 0 1 0 0 0 0 0 0 0 2 0 0 0 0 0 0 0 0 0 0 41 0 0 27 15 0 0 0 50 1
0 24 9 0 0 0 0 0 0 0 0 0 3 0 0 0 0 0 0 0 0 0 23 0 0 0 0 0 0 0 0 29 0 0 32 28 0 8 0 37 0
0 2 0 0 0 0 0 0 0 0 0 0 0 0 0 0 0 0 0 0 0 0 4 0 1 0 0 0 3 0 0 32 0 0 43 60 0 3 0 34 5
0 12 14 0 0 0 0 0 0 0 0 0 1 0 0 0 0 0 0 0 1 0 8 0 1 0 0 0 0 0 0 31 0 0 37 32 0 5 0 37 1
0 6 11 0 0 0 0 0 0 0 0 0 0 0 0 0 0 0 0 0 1 0 5 0 0 0 0 0 0 0 0 28 0 0 38 45 0 2 0 38 2
0 1 6 0 0 0 0 0 0 0 0 0 0 0 0 0 0 0 0 0 0 0 2 0 0 0 0 0 2 0 0 30 0 0 42 59 0 0 0 43 4
0 6 1 0 0 0 0 0 0 0 0 0 0 0 0 0 0 0 0 0 0 0 7 0 2 0 0 0 2 0 0 36 0 0 36 48 0 10 0 24 6
0 21 8 1 0 0 0 0 0 0 0 0 2 0 0 0 0 0 0 0 0 0 20 0 0 0 0 0 0 0 0 30 0 0 29 26 0 9 0 33 0
0 0 24 1 0 0 0 0 0 0 0 0 0 0 0 0 0 0 0 0 1 0 0 0 0 0 0 0 0 0 0 39 0 0 36 36 0 0 0 52 3
0 3 11 0 0 0 0 0 0 0 0 0 0 0 0 0 0 0 0 0 1 0 5 0 0 0 0 0 0 0 0 27 0 0 45 57 0 0 0 43 3
0 23 8 1 0 0 0 0 0 0 0 0 2 0 0 0 0 0 0 0 0 0 19 0 0 0 0 0 0 0 0 30 0 0 29 20 0 7 0 35 0
0 24 8 1 0 0 0 0 0 0 0 0 3 0 0 0 0 0 0 0 0 0 22 0 0 0 0 0 0 0 0 29 0 0 28 25 0 6 0 37 0
0 6 24 0 0 0 0 0 0 0 0 0 1 0 0 0 0 0 0 0 2 0 0 0 0 0 0 0 0 0 0 31 0 0 34 26 0 0 0 45 0
0 22 12 0 0 0 0 0 0 0 0 0 2 0 0 0 0 0 0 0 0 0 21 0 0 0 0 0 0 0 0 34 0 0 32 29 0 9 0 39 0
0 8 11 0 0 0 0 0 0 0 0 0 0 0 0 0 0 0 0 0 1 0 6 0 1 0 0 0 0 0 0 33 0 0 39 42 0 5 0 35 3
0 0 23 1 0 0 0 0 0 0 0 0 0 0 0 0 0 0 0 0 0 0 0 0 0 0 0 0 0 0 0 40 0 0 44 46 0 0 0 59 3
0 19 11 0 0 0 0 0 0 0 0 0 2 0 0 0 0 0 0 0 0 0 18 0 0 0 0 0 0 0 0 32 0 0 29 27 0 13 0 29 2
0 0 8 0 0 0 0 0 0 0 0 0 0 0 0 0 0 0 0 0 0 0 1 0 0 0 0 0 2 0 0 30 0 0 49 68 0 0 0 47 4
0 1 26 1 0 0 0 0 0 0 0 0 0 0 0 0 0 0 0 0 2 0 0 0 0 0 0 0 0 0 0 45 0 0 35 27 0 0 0 55 2
0 0 8 0 0 0 0 0 0 0 0 0 0 0 0 0 0 0 0 0 0 0 2 0 0 0 0 0 2 0 0 28 0 0 52 71 0 0 0 46 3
0 0 19 0 0 0 0 0 0 0 0 0 0 0 0 0 0 0 0 0 0 0 0 0 0 0 0 0 0 0 0 35 0 0 44 54 0 0 0 54 3
0 1 25 1 0 0 0 0 0 0 0 0 0 0 0 0 0 0 0 0 2 0 0 0 0 0 0 0 0 0 0 37 0 0 25 14 0 0 0 46 1
0 5 1 0 0 0 0 0 0 0 0 0 0 0 0 0 0 0 0 0 0 0 7 0 2 0 0 0 2 0 0 35 0 0 40 53 0 9 0 27 5
0 21 18 0 0 0 0 0 0 0 0 0 2 0 0 0 0 0 0 0 0 0 14 0 0 0 0 0 0 0 0 35 0 0 37 25 0 5 0 44 0
0 27 7 1 0 0 0 0 0 0 0 0 3 0 0 0 0 0 0 0 0 0 25 0 0 0 0 0 0 0 0 32 0 0 27 27 0 6 0 37 0
0 0 22 1 0 0 0 0 0 0 0 0 0 0 0 0 0 0 0 0 2 0 0 0 0 0 0 0 0 0 0 31 0 0 35 37 0 0 0 48 1
0 10 18 0 0 0 0 0 0 0 0 0 1 0 0 0 0 0 0 0 2 0 4 0 0 0 0 0 0 0 0 27 0 0 34 27 0 1 0 40 0
0 5 13 0 0 0 0 0 0 0 0 0 0 0 0 0 0 0 0 0 0 0 5 0 0 0 0 0 0 0 0 27 0 0 42 50 0 0 0 41 1
0 0 25 1 0 0 0 0 0 0 0 0 0 0 0 0 0 0 0 0 0 0 0 0 0 0 0 0 0 0 0 44 0 0 44 46 0 0 0 60 3
0 2 9 0 0 0 0 0 0 0 0 0 0 0 0 0 0 0 0 0 0 0 6 0 0 0 0 0 1 0 0 28 0 0 45 60 0 0 0 43 2
0 10 11 0 0 0 0 0 0 0 0 0 0 0 0 0 0 0 0 0 0 0 6 0 1 0 0 0 0 0 0 30 0 0 34 33 0 6 0 32 2
0 23 12 0 0 0 0 0 0 0 0 0 3 0 0 0 0 0 0 0 0 0 21 0 0 0 0 0 0 0 0 36 0 0 32 31 0 8 0 42 1
1 0 17 0 0 0 0 0 0 0 0 0 0 0 0 0 0 0 0 0 0 0 0 0 0 0 0 0 0 0 0 31 0 0 56 73 0 0 0 56 3
0 23 10 0 0 0 0 0 0 0 0 0 3 0 0 0 0 0 0 0 0 0 25 0 0 0 0 0 0 0 0 35 0 0 31 36 0 10 0 35 1
0 20 8 0 0 0 0 0 0 0 0 0 2 0 0 0 0 0 0 0 0 0 20 0 0 0 0 0 0 0 0 32 0 0 31 29 0 12 0 31 1
0 0 4 0 0 0 0 0 0 0 0 0 0 0 0 0 0 0 0 0 0 0 1 0 0 0 0 0 2 0 0 29 0 0 45 62 0 0 0 39 4
0 19 17 0 0 0 0 0 0 0 0 0 3 0 0 0 0 0 0 0 0 0 8 0 0 0 0 0 0 0 0 36 0 0 34 17 0 4 0 44 0
0 0 9 0 0 0 0 0 0 0 0 0 0 0 0 0 0 0 0 0 0 0 3 0 0 0 0 0 2 0 0 29 0 0 44 60 0 0 0 43 3
0 2 26 1 0 0 0 0 0 0 0 0 0 0 0 0 0 0 0 0 2 0 0 0 0 0 0 0 0 0 0 43 0 0 36 26 0 0 0 56 1
0 22 10 0 0 0 0 0 0 0 0 0 3 0 0 0 0 0 0 0 0 0 18 0 0 0 0 0 0 0 0 27 0 0 30 22 0 6 0 38 0
0 2 22 1 0 0 0 0 0 0 0 0 0 0 0 0 0 0 0 0 2 0 0 0 0 0 0 0 0 0 0 33 0 0 35 33 0 0 0 49 1
0 0 13 0 0 0 0 0 0 0 0 0 0 0 0 0 0 0 0 0 0 0 2 0 0 0 0 0 2 0 0 28 0 0 55 73 0 0 0 52 3
0 8 16 0 0 0 0 0 0 0 0 0 0 0 0 0 0 0 0 0 1 0 5 0 0 0 0 0 0 0 0 31 0 0 41 41 0 0 0 45 1
0 0 25 1 0 0 0 0 0 0 0 0 0 0 0 0 0 0 0 0 1 0 0 0 0 0 0 0 0 0 0 44 0 0 26 14 0 0 0 51 2
0 0 25 2 0 0 0 0 0 0 0 0 0 0 0 0 0 0 0 0 1 0 0 0 0 0 0 0 0 0 0 44 0 0 30 20 0 0 0 54 3
0 0 23 1 0 0 0 0 0 0 0 0 0 0 0 0 0 0 0 0 1 0 0 0 0 0 0 0 0 0 0 36 0 0 34 31 0 0 0 49 2
0 21 8 0 0 0 0 0 0 0 0 0 2 0 0 0 0 0 0 0 0 0 20 0 0 0 0 0 0 0 0 28 0 0 28 26 0 9 0 33 0
0 0 20 0 0 0 0 0 0 0 0 0 0 0 0 0 0 0 0 0 0 0 0 0 0 0 0 0 0 0 0 41 0 0 39 41 0 0 0 54 3
0 24 7 0 0 0 0 0 0 0 0 0 3 0 0 0 0 0 0 0 0 0 19 0 0 0 0 0 0 0 0 31 0 0 28 21 0 6 0 38 0
0 6 0 0 0 0 0 0 0 0 0 0 0 0 0 0 0 0 0 0 0 0 11 0 3 0 0 0 2 0 0 39 0 0 40 57 0 13 0 21 6
1 0 21 1 0 0 0 0 0 0 0 0 0 0 0 0 0 0 0 0 0 0 0 0 0 0 0 0 0 0 0 38 0 0 49 58 0 0 0 61 3
0 0 23 1 0 0 0 0 0 0 0 0 0 0 0 0 0 0 0 0 0 0 0 0 0 0 0 0 0 0 0 38 0 0 41 45 0 0 0 56 3
0 29 0 2 0 0 0 0 0 0 0 0 3 0 0 0 0 0 0 0 0 0 26 0 0 0 0 0 2 0 0 33 0 3 17 20 0 4 0 33 0
0 26 5 1 0 0 0 0 0 0 0 0 3 0 0 0 0 0 0 0 0 0 22 0 0 0 0 0 0 0 0 32 0 0 24 23 0 5 0 38 0
0 0 11 0 0 0 0 0 0 0 0 0 0 0 0 0 0 0 0 0 0 0 1 0 0 0 0 0 1 0 0 33 0 0 43 58 0 0 0 48 3
0 4 24 1 0 0 0 0 0 0 0 0 2 0 0 0 0 0 0 0 1 0 0 2 0 0 0 0 0 0 0 50 0 3 25 4 0 0 0 52 1
0 25 11 0 0 0 0 0 0 0 0 0 4 0 0 0 0 0 0 0 0 0 18 0 0 0 2 0 0 0 0 34 0 1 32 21 0 3 0 44 0
0 0 24 1 0 0 0 0 0 0 0 0 0 0 0 0 0 0 0 0 1 0 0 0 0 0 0 0 0 0 0 43 0 0 38 37 0 0 0 57 3
0 0 10 0 0 0 0 0 0 0 0 0 0 0 0 0 0 0 0 0 0 0 1 0 0 0 0 0 1 0 0 28 0 0 50 68 0 0 0 48 3
2 0 23 0 0 0 0 0 0 0 0 0 0 0 0 0 0 0 0 0 0 0 0 0 0 0 0 0 0 0 0 39 0 0 48 54 0 0 0 59 3
3 0 29 2 0 0 0 0 0 0 0 0 0 0 0 0 0 0 0 0 0 0 0 0 0 0 0 1 0 0 0 46 0 0 38 31 0 0 0 60 3
1 0 29 1 0 0 0 0 0 0 0 0 0 0 0 0 0 0 0 0 1 0 0 0 0 0 0 0 0 0 0 48 0 0 44 39 0 0 0 63 3
0 0 0 0 0 0 0 0 0 0 0 0 0 0 0 0 0 0 0 0 0 0 5 0 0 0 0 0 4 0 0 27 0 0 55 78 0 0 0 33 4
0 24 10 0 0 0 0 0 0 0 0 0 3 0 0 0 0 0 0 0 0 0 24 0 0 0 0 0 0 0 0 34 0 0 31 34 0 9 0 37 0
0 11 21 0 0 0 0 0 0 0 0 0 1 0 0 0 0 0 0 0 2 0 5 0 0 0 0 0 0 0 0 33 0 0 41 35 0 0 0 46 1
2 0 20 0 0 0 0 0 0 0 0 0 0 0 0 0 0 0 0 0 0 0 0 0 0 0 0 2 0 0 0 36 0 0 64 78 0 0 0 66 4
0 22 10 0 0 0 0 0 0 0 0 0 2 0 0 0 0 0 0 0 0 0 22 0 0 0 0 0 0 0 0 35 0 0 35 35 0 11 0 36 1
0 25 5 1 0 0 0 0 0 0 0 0 3 0 0 0 0 0 0 0 0 0 19 0 0 0 1 0 0 0 0 30 0 1 24 18 0 3 0 38 0
0 22 15 0 0 0 0 0 0 0 0 0 2 0 0 0 0 0 0 0 0 0 21 0 0 0 0 0 0 0 0 39 0 0 32 32 0 10 0 38 2
0 17 7 0 0 0 0 0 0 0 0 0 2 0 0 0 0 0 0 0 0 0 17 0 0 0 0 0 0 0 0 29 0 0 27 25 0 14 0 21 2
0 0 11 0 0 0 0 0 0 0 0 0 0 0 0 0 0 0 0 0 0 0 0 0 0 0 0 0 0 0 0 30 0 0 43 56 0 0 0 47 3
0 21 12 0 0 0 0 0 0 0 0 0 3 0 0 0 0 0 0 0 0 0 12 0 0 0 1 0 0 0 0 32 0 0 31 15 0 6 0 37 0
0 24 4 1 0 0 0 0 0 0 0 0 3 0 0 0 0 0 0 0 0 0 20 0 0 0 1 0 0 0 0 29 0 1 25 18 0 4 0 35 0
0 22 19 0 0 0 0 0 0 0 0 0 3 0 0 0 0 0 0 0 0 0 12 0 0 0 0 0 0 0 0 39 0 0 40 23 0 3 0 48 0
0 0 22 1 0 0 0 0 0 0 0 0 0 0 0 0 0 0 0 0 1 0 0 0 0 0 0 0 0 0 0 39 0 0 37 39 0 0 0 54 3
0 6 1 0 0 0 0 0 0 0 0 0 0 0 0 0 0 0 0 0 0 0 6 0 3 0 0 0 2 0 0 37 0 0 37 49 0 9 0 28 5
0 19 18 0 0 0 0 0 0 0 0 0 3 0 0 0 0 0 0 0 0 0 5 0 0 0 1 0 0 0 0 38 0 0 36 16 0 2 0 48 0
0 1 23 0 0 0 0 0 0 0 0 0 0 0 0 0 0 0 0 0 1 0 0 0 0 0 0 0 0 0 0 40 0 0 36 33 0 0 0 53 2
0 20 19 0 0 0 0 0 0 0 0 0 3 0 0 0 0 0 0 0 0 0 9 0 0 0 0 0 0 0 0 37 0 0 37 21 0 3 0 46 0
1 0 25 1 0 0 0 0 0 0 0 0 0 0 0 0 0 0 0 0 0 0 0 0 0 0 0 0 0 0 0 41 0 0 43 46 0 0 0 59 3
0 17 10 0 0 0 0 0 0 0 0 0 1 0 0 0 0 0 0 0 0 0 18 0 1 0 0 0 0 0 0 40 0 0 29 33 0 15 0 27 4
0 30 2 1 0 0 0 0 0 0 0 0 3 0 0 0 0 0 0 0 0 0 28 0 0 0 0 0 1 0 0 35 0 1 23 26 0 6 0 34 0
0 20 10 0 0 0 0 0 0 0 0 0 2 0 0 0 0 0 0 0 0 0 23 0 0 0 0 0 0 0 0 36 0 0 31 35 0 13 0 32 2
0 14 10 0 0 0 0 0 0 0 0 0 1 0 0 0 0 0 0 0 0 0 11 0 2 0 0 0 0 0 0 33 0 0 32 28 0 11 0 28 3
3 0 27 1 0 0 0 0 0 0 0 0 0 0 0 0 0 0 0 0 0 0 0 0 0 0 0 0 0 0 0 44 0 0 46 44 0 0 0 64 3
0 17 14 0 0 0 0 0 0 0 0 0 2 0 0 0 0 0 0 0 0 0 9 0 0 0 0 0 0 0 0 29 0 0 31 17 0 6 0 35 0
0 0 25 2 0 0 0 0 0 0 0 0 0 0 0 0 0 0 0 0 2 0 0 0 0 0 0 0 0 0 0 39 0 0 31 21 0 0 0 52 2
1 0 29 2 0 0 0 0 0 0 0 0 0 0 0 0 0 0 0 0 1 0 0 0 0 0 0 0 0 0 0 50 0 1 38 27 0 0 0 63 3
0 26 8 0 0 0 0 0 0 0 0 0 4 0 0 0 0 0 0 0 0 0 20 0 0 0 0 0 0 0 0 33 0 0 29 24 0 4 0 43 0
0 9 2 0 0 0 0 0 0 0 0 0 0 0 0 0 0 0 0 0 0 0 9 0 3 0 0 0 0 0 0 38 0 0 33 39 0 13 0 21 6
0 1 26 1 0 0 0 0 0 0 0 0 1 0 0 0 0 0 0 0 1 0 0 1 0 0 0 0 0 0 0 43 0 1 24 10 0 0 0 49 2
1 0 21 1 0 0 0 0 0 0 0 0 0 0 0 0 0 0 0 0 0 0 0 0 0 0 0 0 0 0 0 33 0 0 46 56 0 0 0 54 3
1 0 26 1 0 0 0 0 0 0 0 0 0 0 0 0 0 0 0 0 0 0 0 0 0 0 0 0 0 0 0 47 0 0 40 36 0 0 0 61 3
0 0 29 2 0 0 0 0 0 0 0 0 0 0 0 0 0 0 0 0 1 0 0 1 0 0 0 0 0 0 0 51 0 3 28 11 0 0 0 57 3
0 21 10 0 0 0 0 0 0 0 0 0 2 0 0 0 0 0 0 0 0 0 23 0 0 0 0 0 0 0 0 35 0 0 31 34 0 11 0 33 1
3 0 25 1 0 0 0 0 0 0 0 0 0 0 0 0 0 0 0 0 0 0 0 0 0 0 0 2 0 0 0 39 0 0 60 70 0 0 0 69 3
0 16 17 0 0 0 0 0 0 0 0 0 1 0 0 0 0 0 0 0 0 0 9 0 1 0 0 0 0 0 0 39 0 0 40 31 0 5 0 41 2
0 0 21 0 0 0 0 0 0 0 0 0 0 0 0 0 0 0 0 0 1 0 0 0 0 0 0 0 0 0 0 37 0 0 36 36 0 0 0 50 2
0 22 8 0 0 0 0 0 0 0 0 0 3 0 0 0 0 0 0 0 0 0 19 0 0 0 0 0 0 0 0 27 0 0 29 21 0 7 0 36 0
0 0 24 1 0 0 0 0 0 0 0 0 0 0 0 0 0 0 0 0 1 0 0 0 0 0 0 0 0 0 0 43 0 0 35 31 0 0 0 55 3
0 2 0 0 0 0 0 0 0 0 0 0 0 0 0 0 0 0 0 0 0 0 5 0 2 0 0 0 3 0 0 34 0 0 43 62 0 5 0 30 5
0 0 15 0 0 0 0 0 0 0 0 0 0 0 0 0 0 0 0 0 0 0 0 0 0 0 0 0 0 0 0 35 0 0 46 59 0 0 0 54 3
0 25 12 1 0 0 0 0 0 0 0 0 4 0 0 0 0 0 0 0 0 0 18 0 0 0 2 0 0 0 0 32 0 1 28 19 0 2 0 45 0
0 20 7 0 0 0 0 0 0 0 0 0 2 0 0 0 0 0 0 0 0 0 21 0 0 0 0 0 0 0 0 32 0 0 31 30 0 13 0 29 1
0 0 16 0 0 0 0 0 0 0 0 0 0 0 0 0 0 0 0 0 0 0 0 0 0 0 0 0 0 0 0 34 0 0 51 66 0 0 0 56 3
0 21 11 0 0 0 0 0 0 0 0 0 2 0 0 0 0 0 0 0 0 0 23 0 1 0 0 0 0 0 0 44 0 0 36 42 0 14 0 35 3
0 15 16 0 0 0 0 0 0 0 0 0 1 0 0 0 0 0 0 0 0 0 8 0 1 0 0 0 0 0 0 39 0 0 38 33 0 6 0 39 3
0 22 7 0 0 0 0 0 0 0 0 0 2 0 0 0 0 0 0 0 0 0 20 0 0 0 0 0 0 0 0 28 0 0 28 25 0 8 0 34 0
0 3 23 1 0 0 0 0 0 0 0 0 0 0 0 0 0 0 0 0 2 0 0 0 0 0 0 0 0 0 0 36 0 0 32 25 0 0 0 49 0
0 21 7 0 0 0 0 0 0 0 0 0 2 0 0 0 0 0 0 0 0 0 18 0 0 0 0 0 0 0 0 26 0 0 28 19 0 9 0 31 0
0 25 7 1 0 0 0 0 0 0 0 0 3 0 0 0 0 0 0 0 0 0 21 0 0 0 0 0 0 0 0 31 0 0 28 23 0 5 0 40 0
0 23 9 0 0 0 0 0 0 0 0 0 2 0 0 0 0 0 0 0 0 0 22 0 0 0 0 0 0 0 0 30 0 0 32 28 0 10 0 35 0
0 3 26 1 0 0 0 0 0 0 0 0 0 0 0 0 0 0 0 0 2 0 0 0 0 0 0 0 0 0 0 43 0 0 36 26 0 0 0 54 1
0 6 22 0 0 0 0 0 0 0 0 0 1 0 0 0 0 0 0 0 2 0 0 0 0 0 0 0 0 0 0 34 0 0 37 29 0 0 0 48 0
1 0 20 0 0 0 0 0 0 0 0 0 0 0 0 0 0 0 0 0 0 0 0 0 0 0 0 0 0 0 0 36 0 0 51 62 0 0 0 58 3
0 23 14 0 0 0 0 0 0 0 0 0 3 0 0 0 0 0 0 0 0 0 14 0 0 0 2 0 0 0 0 32 0 0 32 15 0 3 0 44 0
0 0 20 1 0 0 0 0 0 0 0 0 0 0 0 0 0 0 0 0 1 0 0 0 0 0 0 0 0 0 0 35 0 0 33 33 0 0 0 47 2
0 1 24 0 0 0 0 0 0 0 0 0 0 0 0 0 0 0 0 0 1 0 0 0 0 0 0 0 0 0 0 40 0 0 37 36 0 0 0 53 2
1 0 28 2 0 0 0 0 0 0 0 0 0 0 0 0 0 0 0 0 0 0 0 0 0 0 0 0 0 0 0 46 0 0 38 31 0 0 0 60 3
0 3 12 0 0 0 0 0 0 0 0 0 0 0 0 0 0 0 0 0 1 0 2 0 0 0 0 0 0 0 0 28 0 0 37 45 0 0 0 41 2
0 25 8 0 0 0 0 0 0 0 0 0 3 0 0 0 0 0 0 0 0 0 19 0 0 0 1 0 0 0 0 31 0 0 30 23 0 4 0 43 0
0 18 12 0 0 0 0 0 0 0 0 0 2 0 0 0 0 0 0 0 0 0 14 0 0 0 0 0 0 0 0 31 0 0 30 21 0 10 0 31 1
0 5 0 0 0 0 0 0 0 0 0 0 0 0 0 0 0 0 0 0 0 0 7 0 3 0 0 0 3 0 0 38 0 0 38 54 0 11 0 22 7
0 23 10 0 0 0 0 0 0 0 0 0 3 0 0 0 0 0 0 0 0 0 16 0 0 0 2 0 0 0 0 32 0 0 31 17 0 6 0 39 0
0 17 10 0 0 0 0 0 0 0 0 0 1 0 0 0 0 0 0 0 0 0 13 0 0 0 0 0 0 0 0 30 0 0 29 23 0 12 0 26 2
0 4 4 0 0 0 0 0 0 0 0 0 0 0 0 0 0 0 0 0 0 0 4 0 2 0 0 0 2 0 0 37 0 0 42 56 0 5 0 35 6
0 9 18 0 0 0 0 0 0 0 0 0 0 0 0 0 0 0 0 0 2 0 5 0 0 0 0 0 0 0 0 27 0 0 36 32 0 1 0 40 0
0 1 0 0 0 0 0 0 0 0 0 0 0 0 0 0 0 0 0 0 0 0 5 0 1 0 0 0 4 0 0 34 0 0 45 64 0 5 0 30 6
0 7 23 0 0 0 0 0 0 0 0 0 0 0 0 0 0 0 0 0 2 0 3 0 0 0 0 0 0 0 0 33 0 0 43 40 0 0 0 50 0
0 17 8 0 0 0 0 0 0 0 0 0 1 0 0 0 0 0 0 0 0 0 16 0 2 0 0 0 0 0 0 46 0 0 34 39 0 16 0 28 5
0 3 10 0 0 0 0 0 0 0 0 0 0 0 0 0 0 0 0 0 1 0 2 0 0 0 0 0 0 0 0 25 0 0 36 44 0 0 0 40 1
0 19 9 0 0 0 0 0 0 0 0 0 2 0 0 0 0 0 0 0 0 0 14 0 1 0 0 0 0 0 0 29 0 0 26 18 0 11 0 27 2
0 22 10 0 0 0 0 0 0 0 0 0 2 0 0 0 0 0 0 0 0 0 18 0 0 0 0 0 0 0 0 26 0 0 31 23 0 7 0 37 0
0 0 13 0 0 0 0 0 0 0 0 0 0 0 0 0 0 0 0 0 0 0 0 0 0 0 0 0 0 0 0 31 0 0 52 68 0 0 0 53 4
0 21 9 0 0 0 0 0 0 0 0 0 2 0 0 0 0 0 0 0 0 0 19 0 0 0 0 0 0 0 0 28 0 0 29 24 0 10 0 31 0
0 24 9 1 0 0 0 0 0 0 0 0 3 0 0 0 0 0 0 0 0 0 28 0 0 0 0 0 0 0 0 36 0 0 31 39 0 11 0 33 1
0 0 23 1 0 0 0 0 0 0 0 0 0 0 0 0 0 0 0 0 1 0 0 0 0 0 0 0 0 0 0 40 0 0 34 31 0 0 0 51 3
0 23 8 0 0 0 0 0 0 0 0 0 3 0 0 0 0 0 0 0 0 0 22 0 0 0 0 0 0 0 0 32 0 0 29 30 0 9 0 34 0
0 6 14 0 0 0 0 0 0 0 0 0 0 0 0 0 0 0 0 0 1 0 3 0 0 0 0 0 0 0 0 26 0 0 35 37 0 0 0 39 1
0 12 5 0 0 0 0 0 0 0 0 0 0 0 0 0 0 0 0 0 0 0 14 0 3 0 0 0 0 0 0 45 0 0 40 52 0 15 0 27 6
0 22 13 0 0 0 0 0 0 0 0 0 3 0 0 0 0 0 0 0 0 0 14 0 0 0 0 0 0 0 0 33 0 0 33 18 0 6 0 39 0
0 0 18 0 0 0 0 0 0 0 0 0 0 0 0 0 0 0 0 0 0 0 0 0 0 0 0 0 0 0 0 35 0 0 39 46 0 0 0 51 3
0 15 17 0 0 0 0 0 0 0 0 0 2 0 0 0 0 0 0 0 0 0 8 0 0 0 0 0 0 0 0 34 0 0 35 24 0 5 0 38 1
0 0 23 1 0 0 0 0 0 0 0 0 0 0 0 0 0 0 0 0 1 0 0 0 0 0 0 0 0 0 0 35 0 0 41 44 0 0 0 56 2
0 0 24 1 0 0 0 0 0 0 0 0 0 0 0 0 0 0 0 0 1 0 0 0 0 0 0 0 0 0 0 37 0 0 41 42 0 0 0 55 2
0 13 5 0 0 0 0 0 0 0 0 0 1 0 0 0 0 0 0 0 0 0 14 0 2 0 0 0 0 0 0 34 0 0 29 33 0 16 0 19 4
2 0 28 2 0 0 0 0 0 0 0 0 0 0 0 0 0 0 0 0 0 0 0 0 0 0 0 0 0 0 0 45 0 0 40 33 0 0 0 61 4
5 0 31 2 0 0 0 0 0 0 0 0 0 0 0 0 0 0 0 0 0 0 0 0 0 0 0 3 0 0 0 45 0 0 55 57 0 0 0 71 3
0 22 14 0 0 0 0 0 0 0 0 0 4 0 0 0 0 0 0 0 0 0 8 0 0 0 2 0 0 0 0 39 0 0 33 14 0 4 0 45 0
0 0 7 0 0 0 0 0 0 0 0 0 0 0 0 0 0 0 0 0 0 0 2 0 0 0 0 0 1 0 0 26 0 0 44 60 0 0 0 42 3
0 0 26 2 0 0 0 0 0 0 0 0 0 0 0 0 0 0 0 0 2 0 0 0 0 0 0 0 0 0 0 43 0 0 33 23 0 0 0 54 2
0 17 12 0 0 1 0 0 0 0 0 0 2 0 0 0 0 0 0 0 0 0 9 0 1 0 0 0 0 0 0 36 0 0 34 23 0 9 0 32 3
0 26 4 0 0 0 0 0 0 0 0 0 3 0 0 0 0 0 0 0 0 0 21 0 0 0 0 0 0 0 0 29 0 1 27 22 0 5 0 36 0
0 0 20 1 0 0 0 0 0 0 0 0 0 0 0 0 0 0 0 0 1 0 0 0 0 0 0 0 0 0 0 29 0 0 38 45 0 0 0 47 1
0 18 10 0 0 0 0 0 0 0 0 0 2 0 0 0 0 0 0 0 0 0 14 0 1 0 0 0 0 0 0 43 0 0 31 32 0 14 0 29 5
0 13 16 0 0 0 0 0 0 0 0 0 1 0 0 0 0 0 0 0 1 0 7 0 0 0 0 0 0 0 0 30 0 0 34 24 0 4 0 38 1
0 23 12 0 0 0 0 0 0 0 0 0 3 0 0 0 0 0 0 0 0 0 21 0 0 0 0 0 0 0 0 34 0 0 31 30 0 7 0 41 0
1 0 24 1 0 0 0 0 0 0 0 0 0 0 0 0 0 0 0 0 0 0 0 0 0 0 0 0 0 0 0 41 0 0 44 47 0 0 0 60 3
0 11 27 0 0 0 0 0 0 0 0 0 2 0 0 0 0 0 0 0 2 0 3 0 0 0 0 0 0 0 0 34 0 0 43 30 0 0 0 53 0
1 0 21 0 0 0 0 0 0 0 0 0 0 0 0 0 0 0 0 0 0 0 0 0 0 0 0 0 0 0 0 34 0 0 44 54 0 0 0 54 3
0 4 17 0 0 0 0 0 0 0 0 0 0 0 0 0 0 0 0 0 2 0 1 0 0 0 0 0 0 0 0 30 0 0 41 42 0 0 0 44 2
0 27 8 1 0 0 0 0 0 0 0 0 4 0 0 0 0 0 0 0 0 0 22 0 0 0 0 0 0 0 0 34 0 0 29 25 0 3 0 45 0
2 0 25 0 0 0 0 0 0 0 0 0 0 0 0 0 0 0 0 0 0 0 0 0 0 0 0 0 0 0 0 40 0 0 44 48 0 0 0 57 3
0 20 11 0 0 0 0 0 0 0 0 0 2 0 0 0 0 0 0 0 0 0 13 0 0 0 0 0 0 0 0 30 0 0 29 18 0 8 0 33 1
0 0 25 1 0 0 0 0 0 0 0 0 0 0 0 0 0 0 0 0 1 0 0 0 0 0 0 0 0 0 0 44 0 0 36 31 0 0 0 56 3
0 0 22 1 0 0 0 0 0 0 0 0 0 0 0 0 0 0 0 0 1 0 0 0 0 0 0 0 0 0 0 43 0 0 40 41 0 0 0 57 3
0 0 20 1 0 0 0 0 0 0 0 0 0 0 0 0 0 0 0 0 0 0 0 0 0 0 0 0 0 0 0 37 0 0 39 42 0 0 0 51 3
0 9 16 0 0 0 0 0 0 0 0 0 1 0 0 0 0 0 0 0 1 0 5 0 0 0 0 0 0 0 0 28 0 0 36 36 0 2 0 40 1
0 1 17 0 0 0 0 0 0 0 0 0 0 0 0 0 0 0 0 0 1 0 0 0 0 0 0 0 0 0 0 28 0 0 38 43 0 0 0 45 1
0 0 21 0 0 0 0 0 0 0 0 0 0 0 0 0 0 0 0 0 0 0 0 0 0 0 0 0 0 0 0 36 0 0 31 33 0 0 0 47 2
0 18 11 0 0 0 0 0 0 0 0 0 2 0 0 0 0 0 0 0 0 0 13 0 0 0 0 0 0 0 0 29 0 0 29 19 0 10 0 30 1
1 0 23 1 0 0 0 0 0 0 0 0 0 0 0 0 0 0 0 0 1 0 0 0 0 0 0 0 0 0 0 37 0 0 40 42 0 0 0 55 3
0 19 7 0 0 0 0 0 0 0 0 0 2 0 0 0 0 0 0 0 0 0 18 0 0 0 0 0 0 0 0 27 0 0 28 23 0 10 0 28 1
0 2 12 0 0 0 0 0 0 0 0 0 0 0 0 0 0 0 0 0 1 0 2 0 0 0 0 0 1 0 0 28 0 0 40 48 0 0 0 41 2
0 0 18 0 0 0 0 0 0 0 0 0 0 0 0 0 0 0 0 0 0 0 0 0 0 0 0 0 0 0 0 33 0 0 52 67 0 0 0 57 3
0 3 27 0 0 0 0 0 0 0 0 0 0 0 0 0 0 0 0 0 2 0 0 0 0 0 0 0 0 0 0 36 0 0 39 33 0 0 0 54 0
0 27 7 1 0 0 0 0 0 0 0 0 4 0 0 0 0 0 0 0 0 0 26 0 0 0 0 0 0 0 0 36 0 0 27 31 0 7 0 39 0
0 23 9 0 0 0 0 0 0 0 0 0 2 0 0 0 0 0 0 0 0 0 21 0 0 0 0 0 0 0 0 29 0 0 33 28 0 9 0 36 0
0 26 8 1 0 0 0 0 0 0 0 0 3 0 0 0 0 0 0 0 0 0 28 0 0 0 0 0 0 0 0 38 0 0 29 35 0 10 0 36 0
0 24 9 0 0 0 0 0 0 0 0 0 3 0 0 0 0 0 0 0 0 0 25 0 0 0 0 0 0 0 0 34 0 0 31 33 0 8 0 37 0
0 8 27 1 0 0 0 0 0 0 0 0 2 0 0 0 0 0 0 0 1 0 0 0 0 0 1 0 0 0 0 41 0 0 33 16 0 0 0 51 0
0 0 24 1 0 0 0 0 0 0 0 0 0 0 0 0 0 0 0 0 1 0 0 0 0 0 0 0 0 0 0 42 0 0 36 34 0 0 0 54 3
1 0 12 0 0 0 0 0 0 0 0 0 0 0 0 0 0 0 0 0 0 0 0 0 0 0 0 0 0 0 0 25 0 0 62 85 0 0 0 55 3
0 1 0 0 0 0 0 0 0 0 0 0 0 0 0 0 0 0 0 0 0 0 3 0 1 0 0 0 2 0 0 31 0 0 43 61 0 2 0 34 5
0 0 22 0 0 0 0 0 0 0 0 0 0 0 0 0 0 0 0 0 1 0 0 0 0 0 0 0 0 0 0 38 0 0 32 32 0 0 0 49 2
2 0 27 2 0 0 0 0 0 0 0 0 0 0 0 0 0 0 0 0 0 0 0 0 0 0 0 2 0 0 0 48 0 0 44 38 0 0 0 65 3
0 6 28 0 0 0 0 0 0 0 0 0 1 0 0 0 0 0 0 0 3 0 0 0 0 0 0 0 0 0 0 38 0 0 41 27 0 0 0 55 0
0 25 6 1 0 0 0 0 0 0 0 0 3 0 0 0 0 0 0 0 0 0 22 0 0 0 0 0 0 0 0 32 0 0 27 27 0 6 0 38 0
0 28 0 2 0 0 0 0 0 0 0 0 4 0 0 0 0 0 0 0 0 0 23 0 0 0 0 0 2 0 0 33 0 4 16 16 0 3 0 35 0
0 19 10 0 0 0 0 0 0 0 0 0 2 0 0 0 0 0 0 0 0 0 17 0 0 0 0 0 0 0 0 32 0 0 31 27 0 11 0 30 2
0 21 8 0 0 0 0 0 0 0 0 0 2 0 0 0 0 0 0 0 0 0 19 0 0 0 0 0 0 0 0 28 0 0 29 22 0 8 0 33 0
0 17 10 0 0 0 0 0 0 0 0 0 2 0 0 0 0 0 0 0 0 0 14 0 0 0 0 0 0 0 0 27 0 0 29 21 0 10 0 29 1
0 0 21 1 0 0 0 0 0 0 0 0 0 0 0 0 0 0 0 0 0 0 0 0 0 0 0 0 0 0 0 38 0 0 38 41 0 0 0 52 3
0 2 20 1 0 0 0 0 0 0 0 0 0 0 0 0 0 0 0 0 2 0 1 0 0 0 0 0 0 0 0 30 0 0 37 39 0 0 0 46 1
0 14 12 0 0 0 0 0 0 0 0 0 1 0 0 0 0 0 0 0 0 0 9 0 1 0 0 0 0 0 0 35 0 0 32 27 0 8 0 32 2
0 24 17 0 0 0 0 0 0 0 0 0 4 0 0 0 0 0 0 0 0 0 15 0 0 0 1 0 0 0 0 35 0 0 35 19 0 3 0 48 0
0 22 15 0 0 0 0 0 0 0 0 0 3 0 0 0 0 0 0 0 0 0 15 0 0 0 1 0 0 0 0 32 0 0 33 19 0 6 0 40 0
0 0 5 0 0 0 0 0 0 0 0 0 0 0 0 0 0 0 0 0 0 0 2 0 0 0 0 0 2 0 0 28 0 0 47 65 0 0 0 41 4
0 27 4 1 0 0 0 0 0 0 0 0 3 0 0 0 0 0 0 0 0 0 24 0 0 0 0 0 0 0 0 32 0 1 23 24 0 5 0 35 0
0 0 25 2 0 0 0 0 0 0 0 0 0 0 0 0 0 0 0 0 1 0 0 2 0 0 0 0 0 0 0 47 0 2 24 7 0 0 0 52 2
0 24 12 1 0 0 0 0 0 0 0 0 3 0 0 0 0 0 0 0 0 0 29 0 0 0 0 0 0 0 0 40 0 0 32 42 0 12 0 35 2
0 30 3 0 0 0 0 0 0 0 0 0 3 0 0 0 0 0 0 0 0 0 27 0 0 0 0 0 0 0 0 34 0 1 26 23 0 6 0 34 0
4 0 31 1 0 0 0 0 0 0 0 0 0 0 0 0 0 0 0 0 0 0 0 0 0 0 0 1 0 0 0 45 0 0 50 48 0 0 0 66 3
0 0 24 1 0 0 0 0 0 0 0 0 0 0 0 0 0 0 0 0 0 0 0 0 0 0 0 0 0 0 0 40 0 0 42 46 0 0 0 58 3
0 0 19 1 0 0 0 0 0 0 0 0 0 0 0 0 0 0 0 0 0 0 0 0 0 0 0 0 0 0 0 35 0 0 41 48 0 0 0 54 3
0 14 12 0 0 0 0 0 0 0 0 0 1 0 0 0 0 0 0 0 1 0 8 0 1 0 0 0 0 0 0 32 0 0 35 26 0 7 0 34 1
0 6 6 0 0 0 0 0 0 0 0 0 0 0 0 0 0 0 0 0 0 0 7 0 1 0 0 0 0 0 0 30 0 0 37 44 0 7 0 29 3
0 13 22 0 0 0 0 0 0 0 0 0 3 0 0 0 0 0 0 0 2 0 2 0 0 0 0 0 0 0 0 35 0 0 35 19 0 0 0 47 0
0 2 15 0 0 0 0 0 0 0 0 0 0 0 0 0 0 0 0 0 1 0 2 0 0 0 0 0 0 0 0 29 0 0 38 46 0 0 0 44 1
0 0 21 0 0 0 0 0 0 0 0 0 0 0 0 0 0 0 0 0 1 0 0 0 0 0 0 0 0 0 0 33 0 0 37 43 0 0 0 49 2
