0 0 43 21 0 1 0 0 0 0 0 0 0 0 0 0 0 0 0 0 0 0 0 0 0 0 0 0 6 0 0 49 0 0 5 13 0 33 0 49 22
0 0 35 26 0 0 0 0 0 0 0 0 0 0 0 0 0 0 0 0 0 0 0 0 0 0 0 0 0 0 0 51 0 0 15 9 0 54 0 46 27
0 0 44 16 0 0 0 0 0 0 0 0 0 0 0 0 0 0 0 0 0 0 0 0 0 0 0 0 7 0 0 44 0 0 2 10 0 17 0 50 20
0 0 40 23 0 0 0 0 0 0 0 0 0 0 0 0 0 0 0 0 0 0 0 0 0 0 0 3 1 0 0 50 0 0 20 19 0 57 0 43 27
0 0 34 27 0 0 0 0 0 0 0 0 0 0 0 0 0 0 0 0 0 0 0 0 0 0 0 0 0 0 0 52 0 0 9 6 0 47 0 49 26
0 0 46 8 0 0 0 0 0 0 0 0 0 0 0 0 1 0 0 0 0 0 0 0 0 0 0 0 13 0 0 43 0 0 13 21 0 11 0 46 21
0 0 37 25 0 0 0 0 0 0 0 0 0 0 0 0 0 0 0 0 0 0 0 0 0 0 0 0 0 0 0 50 0 0 16 13 0 53 0 46 27
0 0 46 18 0 0 0 0 0 0 0 0 0 0 0 0 0 0 0 0 0 0 0 0 0 0 0 0 11 0 0 48 0 0 7 19 0 27 0 47 21
15 0 32 0 0 0 0 0 0 0 0 0 0 0 0 0 7 0 0 0 0 0 15 0 1 1 0 0 11 1 0 24 0 0 10 17 0 0 0 40 15
0 0 43 21 0 0 0 0 0 0 0 0 0 0 0 0 0 0 0 0 0 0 0 0 0 0 0 0 6 0 0 49 0 0 14 20 0 46 0 45 24
0 0 46 21 0 0 0 0 0 0 0 0 0 0 0 0 0 0 0 0 0 0 0 0 0 0 0 1 6 0 0 52 0 0 22 26 0 56 0 45 27
0 0 44 5 0 0 0 0 0 0 0 0 0 0 0 0 3 0 0 0 0 0 3 0 0 0 0 0 14 0 0 41 0 0 16 23 0 6 0 45 20
0 0 33 27 0 0 0 0 0 0 0 0 0 0 0 0 0 0 0 0 0 0 0 0 0 0 0 0 1 0 0 49 0 0 5 5 0 40 0 50 24
24 0 33 0 0 0 0 0 0 0 0 0 0 0 0 1 21 0 0 3 11 0 0 0 0 1 0 0 5 0 0 20 0 0 0 0 6 0 0 34 11
0 0 51 8 0 0 0 0 0 0 0 0 0 0 0 0 0 0 0 0 0 0 0 0 0 0 0 0 15 0 0 48 0 0 20 25 0 19 0 48 24
34 0 0 0 0 0 0 0 0 0 0 0 0 0 0 8 17 0 0 6 12 0 36 0 2 0 0 3 1 10 0 0 0 12 2 0 2 0 0 0 0
32 0 23 0 0 0 0 0 0 0 0 0 0 0 0 5 29 0 0 7 23 0 6 0 0 1 0 2 2 0 0 6 0 8 0 0 9 0 0 15 3
37 0 0 0 0 0 0 0 0 0 0 0 0 0 0 11 29 0 0 12 33 0 34 0 0 0 0 0 0 4 0 0 0 28 0 0 6 0 0 0 0
0 0 48 15 0 0 0 0 0 0 0 0 0 0 0 0 0 0 0 0 0 0 0 0 0 0 0 0 12 0 0 48 0 0 9 21 0 24 0 47 21
7 0 41 9 0 0 0 0 0 0 0 0 0 0 0 0 8 0 0 0 0 0 0 0 0 0 0 0 7 0 0 37 0 0 1 7 1 1 0 49 19
0 0 45 20 0 0 0 0 0 0 0 0 0 0 0 0 0 0 0 0 0 0 0 0 0 0 0 0 8 0 0 49 0 0 6 15 0 31 0 49 22
23 0 22 0 0 0 0 0 0 0 0 0 0 0 0 4 19 0 0 4 13 0 7 0 0 0 0 0 4 0 0 10 0 4 0 0 5 0 0 19 6
0 0 33 29 0 0 0 0 0 0 0 0 0 0 0 0 0 0 0 0 0 0 0 0 0 0 0 0 0 0 0 55 1 0 14 2 0 56 0 48 29
0 0 38 24 0 0 0 0 0 0 0 0 0 0 0 0 0 0 0 0 0 0 0 0 0 0 0 0 3 0 0 50 0 0 10 13 0 44 0 47 25
35 0 0 0 0 0 0 0 0 0 0 0 0 0 0 11 28 0 0 11 34 0 33 0 0 0 0 0 0 4 0 0 0 29 0 0 5 0 0 0 0
0 0 34 28 0 0 0 0 0 0 0 0 0 0 0 0 0 0 0 0 0 0 0 0 0 0 0 0 0 0 0 54 0 0 16 5 0 56 0 48 29
37 0 0 0 0 0 0 0 0 0 0 0 0 0 0 11 26 0 0 11 30 0 38 0 0 0 0 0 0 6 0 0 0 27 0 0 4 0 0 0 0
0 0 43 21 0 0 0 0 0 0 0 0 0 0 0 0 0 0 0 0 0 0 0 0 0 0 0 0 7 0 0 49 0 0 11 18 0 39 0 47 23
22 0 26 0 0 0 0 0 0 0 0 0 0 0 0 3 18 0 0 3 10 0 4 0 0 0 0 0 5 0 0 16 0 1 0 0 4 0 0 24 8
0 0 43 22 0 0 0 0 0 0 0 0 0 0 0 0 0 0 0 0 0 0 0 0 0 0 0 0 6 0 0 49 0 0 10 17 0 41 0 48 24
0 0 39 24 0 0 0 0 0 0 0 0 0 0 0 0 0 0 0 0 0 0 0 0 0 0 0 0 3 0 0 49 0 0 11 15 0 44 0 47 24
0 0 38 25 0 0 0 0 0 0 0 0 0 0 0 0 0 0 0 0 0 0 0 0 0 0 0 0 1 0 0 50 0 0 12 13 0 49 0 46 25
0 0 35 27 0 0 0 0 0 0 0 0 0 0 0 0 0 0 0 0 0 0 0 0 0 0 0 2 0 0 0 54 0 0 18 8 0 60 0 47 29
0 0 42 22 0 0 0 0 0 0 0 0 0 0 0 0 0 0 0 0 0 0 0 0 0 0 0 2 3 0 0 50 0 0 21 22 0 56 0 44 27
0 0 34 23 0 0 0 0 0 0 0 0 0 0 0 0 0 0 0 0 0 0 0 0 0 0 0 0 3 0 0 46 0 0 4 6 0 31 0 48 22
0 0 34 27 0 0 0 0 0 0 0 0 0 0 0 0 0 0 0 0 0 0 0 0 0 0 0 0 0 0 0 51 0 0 9 7 0 45 0 48 25
15 0 34 2 0 0 0 0 0 0 0 0 0 0 0 0 11 0 0 0 0 0 4 0 0 1 0 0 8 0 0 26 0 0 0 7 1 0 0 37 14
0 0 36 24 0 0 0 0 0 0 0 0 0 0 0 0 0 0 0 0 0 0 0 0 0 0 0 2 0 0 0 50 0 0 19 13 0 57 0 44 27
11 0 37 6 0 0 0 0 0 0 0 0 0 0 0 0 10 0 0 0 0 0 0 0 0 1 0 0 7 0 0 30 0 0 0 6 2 0 0 41 15
0 0 38 25 0 0 0 0 0 0 0 0 0 0 0 0 0 0 0 0 0 0 0 0 0 0 0 0 2 0 0 50 0 0 10 14 0 46 0 47 25
0 0 38 17 0 1 0 0 0 0 0 0 0 0 0 0 0 0 0 0 0 0 0 0 0 0 0 0 6 0 0 41 0 0 2 7 0 16 0 48 20
0 0 43 22 0 0 0 0 0 0 0 0 0 0 0 0 0 0 0 0 0 0 0 0 0 0 0 0 7 0 0 50 0 0 13 20 0 44 0 47 24
0 0 35 25 0 0 0 0 0 0 0 0 0 0 0 0 0 0 0 0 0 0 0 0 0 0 0 0 0 0 0 50 0 0 16 10 0 53 0 45 26
0 0 42 22 0 0 0 0 0 0 0 0 0 0 0 0 0 0 0 0 0 0 0 0 0 0 0 1 4 0 0 49 0 0 18 21 0 53 0 44 26
0 0 43 22 0 0 0 0 0 0 0 0 0 0 0 0 0 0 0 0 0 0 0 0 0 0 0 0 6 0 0 50 0 0 14 19 0 46 0 46 25
48 0 0 0 0 0 0 0 0 0 0 0 0 0 0 15 27 0 0 14 35 0 56 0 1 0 0 1 0 11 0 0 0 35 0 0 3 0 0 0 0
0 0 39 15 0 1 0 0 0 0 0 0 0 0 0 0 0 0 0 0 0 0 0 0 0 0 0 0 7 0 0 40 0 0 1 9 0 13 0 48 19
0 0 45 20 0 0 0 0 0 0 0 0 0 0 0 0 0 0 0 0 0 0 0 0 0 0 0 0 8 0 0 50 0 0 16 23 0 44 0 46 25
1 0 43 6 0 0 0 0 0 0 0 0 0 0 0 0 2 0 0 0 0 0 2 0 0 0 0 0 14 0 0 38 0 0 12 20 0 2 0 46 20
0 0 45 21 0 0 0 0 0 0 0 0 0 0 0 0 0 0 0 0 0 0 0 0 0 0 0 0 7 0 0 51 0 0 16 21 0 46 0 47 25
0 0 36 26 0 0 0 0 0 0 0 0 0 0 0 0 0 0 0 0 0 0 0 0 0 0 0 0 0 0 0 51 0 0 12 10 0 50 0 47 26
0 0 35 22 0 0 0 0 0 0 0 0 0 0 0 0 0 0 0 0 0 0 0 0 0 0 0 0 3 0 0 46 0 0 4 7 0 29 0 48 22
0 0 38 24 0 0 0 0 0 0 0 0 0 0 0 0 0 0 0 0 0 0 0 0 0 0 0 0 2 0 0 48 0 0 13 15 0 49 0 45 25
0 0 39 24 0 0 0 0 0 0 0 0 0 0 0 0 0 0 0 0 0 0 0 0 0 0 0 0 3 0 0 49 0 0 10 14 0 44 0 47 24
0 0 37 25 0 0 0 0 0 0 0 0 0 0 0 0 0 0 0 0 0 0 0 0 0 0 0 0 1 0 0 50 0 0 11 11 0 47 0 47 25
0 0 39 16 0 0 0 0 0 0 0 0 0 0 0 0 0 0 0 0 0 0 0 0 0 0 0 0 6 0 0 41 0 0 0 6 0 13 0 50 20
0 0 34 22 0 0 0 0 0 0 0 0 0 0 0 0 0 0 0 0 0 0 0 0 0 0 0 0 3 0 0 45 0 0 3 5 0 27 0 48 22
0 0 39 24 0 0 0 0 0 0 0 0 0 0 0 0 0 0 0 0 0 0 0 0 0 0 0 0 3 0 0 49 0 0 11 15 0 46 0 47 25
42 1 0 0 0 0 0 0 0 0 0 0 0 0 0 13 37 0 0 13 44 0 32 0 0 0 0 0 0 1 0 0 0 36 0 0 9 0 0 0 0
49 1 0 0 0 0 0 0 0 0 0 0 0 0 0 16 41 0 0 15 52 0 40 0 0 0 0 0 0 2 0 0 0 45 0 0 9 0 0 0 0
41 0 0 0 0 0 0 0 0 0 0 0 0 0 0 12 31 0 0 13 39 0 41 0 0 0 0 0 0 5 0 0 0 36 0 0 5 0 0 0 0
30 0 0 0 0 0 0 0 0 0 0 0 0 0 0 8 24 0 0 9 24 0 26 0 0 0 0 0 0 3 0 0 0 18 0 0 5 0 0 0 0
0 0 49 16 0 1 0 0 0 0 0 0 0 0 0 0 0 0 0 0 0 0 0 0 0 0 0 0 12 0 0 49 0 0 7 19 0 22 0 49 21
0 0 36 25 0 0 0 0 0 0 0 0 0 0 0 0 0 0 0 0 0 0 0 0 0 0 0 0 0 0 0 50 0 0 15 12 0 53 0 45 26
50 0 0 0 0 0 0 0 0 0 0 0 0 0 0 15 26 0 0 15 35 0 59 0 1 0 0 1 0 13 0 0 0 37 0 0 2 0 0 0 0
0 0 37 25 0 0 0 0 0 0 0 0 0 0 0 0 0 0 0 0 0 0 0 0 0 0 0 0 0 0 0 51 0 0 15 12 0 54 0 46 27
0 0 40 24 0 1 0 0 0 0 0 0 0 0 0 0 0 0 0 0 0 0 0 0 0 0 0 0 5 0 0 49 0 0 7 13 0 38 0 49 23
42 1 0 0 0 0 0 0 0 0 0 0 0 0 0 13 32 0 0 14 40 0 40 0 0 0 0 0 0 4 0 0 0 36 0 0 6 0 0 0 0
41 1 0 0 0 0 0 0 0 0 0 0 0 0 0 13 36 0 0 13 43 0 32 0 0 0 0 0 0 1 0 0 0 36 0 0 8 0 0 0 0
0 0 35 27 0 0 0 0 0 0 0 0 0 0 0 0 0 0 0 0 0 0 0 0 0 0 0 2 0 0 0 53 0 0 18 8 0 59 0 47 29
0 0 45 13 0 0 0 0 0 0 0 0 0 0 0 0 1 0 0 0 0 0 0 0 0 0 0 0 9 0 0 43 0 0 3 12 0 12 0 49 20
0 0 49 17 0 0 0 0 0 0 0 0 0 0 0 0 0 0 0 0 0 0 0 0 0 0 0 0 11 0 0 49 0 0 9 20 0 28 0 49 23
0 0 37 22 0 0 0 0 0 0 0 0 0 0 0 0 0 0 0 0 0 0 0 0 0 0 0 0 5 0 0 46 0 0 3 8 0 28 0 48 21
0 0 42 23 0 0 0 0 0 0 0 0 0 0 0 0 0 0 0 0 0 0 0 0 0 0 0 5 1 0 0 51 0 0 24 22 0 64 0 43 28
26 0 13 0 0 0 0 0 0 0 0 0 0 0 0 5 16 0 0 5 10 0 18 0 0 0 0 0 4 2 0 2 0 6 0 0 3 0 0 13 3
0 0 41 24 0 0 0 0 0 0 0 0 0 0 0 0 0 0 0 0 0 0 0 0 0 0 0 5 0 0 0 52 0 0 23 19 0 64 0 44 28
0 0 38 24 0 0 0 0 0 0 0 0 0 0 0 0 0 0 0 0 0 0 0 0 0 0 0 4 0 0 0 51 0 0 21 15 0 61 0 44 28
0 0 43 22 0 0 0 0 0 0 0 0 0 0 0 0 0 0 0 0 0 0 0 0 0 0 0 4 1 0 0 51 0 0 23 22 0 62 0 43 28
0 0 51 16 0 0 0 0 0 0 0 0 0 0 0 0 0 0 0 0 0 0 0 0 0 0 0 0 13 0 0 53 0 0 19 27 0 36 0 50 26
0 0 41 23 0 0 0 0 0 0 0 0 0 0 0 0 0 0 0 0 0 0 0 0 0 0 0 0 4 0 0 49 0 0 14 18 0 47 0 46 25
0 0 38 26 0 0 0 0 0 0 0 0 0 0 0 0 0 0 0 0 0 0 0 0 0 0 0 4 0 0 0 53 0 0 21 13 0 62 0 46 29
0 0 47 19 0 0 0 0 0 0 0 0 0 0 0 0 0 0 0 0 0 0 0 0 0 0 0 0 9 0 0 51 0 0 19 25 0 45 0 47 26
0 0 34 29 0 0 0 0 0 0 0 0 0 0 0 0 0 0 0 0 0 0 0 0 0 0 0 1 0 0 0 56 0 0 18 5 0 60 0 49 30
0 0 43 20 0 0 0 0 0 0 0 0 0 0 0 0 0 0 0 0 0 0 0 0 0 0 0 0 7 0 0 48 0 0 4 12 0 28 0 49 21
0 0 39 20 0 0 0 0 0 0 0 0 0 0 0 0 0 0 0 0 0 0 0 0 0 0 0 0 5 0 0 46 0 0 3 7 0 26 0 49 21
33 0 0 0 0 0 0 0 0 0 0 0 0 0 0 10 27 0 0 10 29 0 24 0 0 0 0 1 0 2 0 0 0 22 0 0 6 0 0 0 0
36 0 0 0 0 0 0 0 0 0 0 0 0 0 0 11 27 0 0 11 31 0 35 0 0 0 0 0 0 5 0 0 0 27 0 0 5 0 0 0 0
0 0 48 17 0 0 0 0 0 0 0 0 0 0 0 0 0 0 0 0 0 0 0 0 0 0 0 0 12 0 0 50 0 0 10 20 0 29 0 48 22
55 1 0 0 0 0 0 0 0 0 0 0 0 0 0 18 40 0 1 18 56 0 52 0 0 0 0 0 0 6 0 0 0 53 0 0 7 0 0 0 0
15 0 29 0 0 0 0 0 0 0 0 0 0 0 0 1 9 0 0 0 0 0 10 0 0 0 0 0 9 0 0 22 0 0 3 10 0 0 0 33 12
0 0 43 21 0 0 0 0 0 0 0 0 0 0 0 0 0 0 0 0 0 0 0 0 0 0 0 0 6 0 0 49 0 0 15 21 0 48 0 45 25
45 1 0 0 0 0 0 0 0 0 0 0 0 0 0 15 38 0 0 14 47 0 37 0 0 0 0 0 0 2 0 0 0 41 0 0 8 0 0 0 0
33 0 15 0 0 0 0 0 0 0 0 0 0 0 0 7 29 0 0 8 26 0 11 0 0 1 0 2 0 0 0 0 0 12 0 0 9 0 0 6 0
0 0 42 21 0 0 0 0 0 0 0 0 0 0 0 0 0 0 0 0 0 0 0 0 0 0 0 0 4 0 0 49 0 0 18 21 0 50 0 44 26
3 0 39 11 0 1 0 0 0 0 0 0 0 0 0 0 3 0 0 0 0 0 0 0 0 0 0 0 8 0 0 36 0 0 0 8 0 5 0 45 17
0 0 33 29 0 0 0 0 0 0 0 0 0 0 0 0 0 0 0 0 0 0 0 0 0 0 0 0 0 0 0 54 0 0 11 2 0 51 0 49 28
0 0 43 22 0 1 0 0 0 0 0 0 0 0 0 0 0 0 0 0 0 0 0 0 0 0 0 0 7 0 0 49 0 0 6 14 0 33 0 48 23
13 0 33 0 0 0 0 0 0 0 0 0 0 0 0 0 7 0 0 0 0 0 18 0 0 0 0 0 13 2 0 25 0 0 13 20 0 0 0 39 15
0 0 35 27 0 0 0 0 0 0 0 0 0 0 0 0 0 0 0 0 0 0 0 0 0 0 0 0 0 0 0 51 0 0 8 7 0 45 0 48 25
17 0 35 4 0 0 0 0 0 0 0 0 0 0 0 0 17 0 0 1 6 0 0 0 0 0 0 0 5 0 0 27 0 0 0 1 4 0 0 40 14
0 0 36 26 0 0 0 0 0 0 0 0 0 0 0 0 0 0 0 0 0 0 0 0 0 0 0 0 0 0 0 50 0 0 12 10 0 50 0 47 26
0 0 36 18 0 1 0 0 0 0 0 0 0 0 0 0 0 0 0 0 0 0 0 0 0 0 0 0 5 0 0 43 0 0 2 7 0 20 0 47 20
0 0 46 20 0 0 0 0 0 0 0 0 0 0 0 0 0 0 0 0 0 0 0 0 0 0 0 0 9 0 0 50 0 0 9 18 0 33 0 48 23
31 0 14 0 0 0 0 0 0 0 0 0 0 0 0 7 29 0 0 8 26 0 10 0 0 0 0 2 0 0 0 0 0 13 0 0 9 0 0 3 0
0 0 41 22 0 0 0 0 0 0 0 0 0 0 0 0 0 0 0 0 0 0 0 0 0 0 0 2 3 0 0 50 0 0 21 21 0 57 0 43 27
0 0 43 21 0 0 0 0 0 0 0 0 0 0 0 0 0 0 0 0 0 0 0 0 0 0 0 1 5 0 0 49 0 0 19 22 0 51 0 44 26
27 0 23 0 0 0 0 0 0 0 0 0 0 0 0 5 24 0 0 5 17 0 6 0 0 0 0 0 3 0 0 10 0 5 0 0 6 0 0 18 5
42 0 0 0 0 0 0 0 0 0 0 0 0 0 0 13 31 0 0 14 39 0 42 0 0 0 0 0 0 5 0 0 0 36 0 0 5 0 0 0 0
0 0 39 24 0 0 0 0 0 0 0 0 0 0 0 0 0 0 0 0 0 0 0 0 0 0 0 1 1 0 0 50 0 0 17 16 0 54 0 45 26
47 0 0 0 0 0 0 0 0 0 0 0 0 0 0 14 28 0 0 15 37 0 55 0 1 0 0 0 0 10 0 0 0 37 0 0 3 0 0 0 0
0 0 37 24 0 0 0 0 0 0 0 0 0 0 0 0 0 0 0 0 0 0 0 0 0 0 0 2 0 0 0 50 0 0 18 14 0 56 0 44 27
23 0 18 0 0 0 0 0 0 0 0 0 0 0 0 5 18 0 0 4 12 0 9 0 0 0 0 0 3 0 0 7 0 5 0 0 4 0 0 16 4
0 0 38 24 0 0 0 0 0 0 0 0 0 0 0 0 0 0 0 0 0 0 0 0 0 0 0 0 1 0 0 49 0 0 15 15 0 52 0 45 26
25 0 34 0 0 0 0 0 0 0 0 0 0 0 0 2 21 0 0 4 12 0 1 0 0 1 0 0 5 0 0 19 0 0 0 0 5 0 0 32 11
43 1 0 0 0 0 0 0 0 0 0 0 0 0 0 13 32 0 0 14 42 0 42 0 0 0 0 0 0 5 0 0 0 38 0 0 5 0 0 0 0
0 0 39 26 0 0 0 0 0 0 0 0 0 0 0 0 0 0 0 0 0 0 0 0 0 0 0 5 0 0 0 55 0 0 24 15 0 67 0 45 30
52 2 0 0 0 0 0 0 0 0 0 0 0 0 0 17 44 0 0 16 55 0 40 0 0 0 0 0 0 2 0 0 0 46 0 0 11 0 0 0 0
0 0 34 28 0 0 0 0 0 0 0 0 0 0 0 0 0 0 0 0 0 0 0 0 0 0 0 0 0 0 0 51 0 0 9 6 0 47 0 48 26
0 0 52 15 0 0 0 0 0 0 0 0 0 0 0 0 0 0 0 0 0 0 0 0 0 0 0 0 13 0 0 53 0 0 20 27 0 36 0 50 26
0 0 48 19 0 0 0 0 0 0 0 0 0 0 0 0 0 0 0 0 0 0 0 0 0 0 0 0 9 0 0 52 0 0 19 26 0 48 0 47 26
0 0 41 23 0 0 0 0 0 0 0 0 0 0 0 0 0 0 0 0 0 0 0 0 0 0 0 0 6 0 0 49 0 0 8 16 0 40 0 47 23
0 0 37 26 0 0 0 0 0 0 0 0 0 0 0 0 0 0 0 0 0 0 0 0 0 0 0 0 2 0 0 50 0 0 8 11 0 43 0 48 24
0 0 36 25 0 0 0 0 0 0 0 0 0 0 0 0 0 0 0 0 0 0 0 0 0 0 0 4 0 0 0 52 0 0 21 13 0 61 0 44 28
0 0 33 28 0 0 0 0 0 0 0 0 0 0 0 0 0 0 0 0 0 0 0 0 0 0 0 0 0 0 0 51 0 0 8 5 0 45 0 50 26
40 1 0 0 0 0 0 0 0 0 0 0 0 0 0 12 34 0 0 12 41 0 31 0 0 0 0 0 0 2 0 0 0 34 0 0 7 0 0 0 0
0 0 43 22 0 1 0 0 0 0 0 0 0 0 0 0 0 0 0 0 0 0 0 0 0 0 0 0 7 0 0 50 0 0 5 13 0 32 0 51 22
0 0 39 24 0 0 0 0 0 0 0 0 0 0 0 0 0 0 0 0 0 0 0 0 0 0 0 0 3 0 0 49 0 0 10 13 0 44 0 47 25
0 0 36 25 0 0 0 0 0 0 0 0 0 0 0 0 0 0 0 0 0 0 0 0 0 0 0 2 0 0 0 50 0 0 18 11 0 57 0 44 27
35 0 0 0 0 0 0 0 0 0 0 0 0 0 0 10 29 0 0 11 33 0 27 0 0 0 0 0 0 2 0 0 0 27 0 0 7 0 0 0 0
0 0 38 24 0 0 0 0 0 0 0 0 0 0 0 0 0 0 0 0 0 0 0 0 0 0 0 0 1 0 0 49 0 0 15 15 0 51 0 45 25
35 0 0 0 0 0 0 0 0 0 0 0 0 0 0 10 31 0 0 11 34 0 22 0 0 0 0 1 0 0 0 0 0 25 0 0 9 0 0 0 0
0 0 47 8 0 0 0 0 0 0 0 0 0 0 0 0 0 0 0 0 0 0 0 0 0 0 0 0 14 0 0 44 0 0 15 23 0 10 0 47 22
0 0 44 21 0 0 0 0 0 0 0 0 0 0 0 0 0 0 0 0 0 0 0 0 0 0 0 0 6 0 0 51 0 0 20 24 0 52 0 45 26
0 0 33 25 0 0 0 0 0 0 0 0 0 0 0 0 0 0 0 0 0 0 0 0 0 0 0 0 1 0 0 48 0 0 4 5 0 34 0 48 23
0 0 39 23 0 0 0 0 0 0 0 0 0 0 0 0 0 0 0 0 0 0 0 0 0 0 0 3 0 0 0 50 0 0 20 16 0 58 0 44 27
0 0 42 16 0 0 0 0 0 0 0 0 0 0 0 0 0 0 0 0 0 0 0 0 0 0 0 0 7 0 0 45 0 0 3 9 0 19 0 49 20
33 0 1 0 0 0 0 0 0 0 0 0 0 0 0 9 29 0 0 10 31 0 18 0 0 0 0 1 0 0 0 0 0 20 0 0 9 0 0 0 0
0 0 34 13 0 0 0 0 0 0 0 0 0 0 0 0 2 0 0 0 0 0 0 0 0 0 0 0 5 0 0 36 0 0 0 4 0 10 0 44 18
50 0 0 0 0 0 0 0 0 0 0 0 0 0 0 15 27 0 0 16 40 0 63 0 1 0 0 0 0 12 0 0 0 42 0 0 1 0 0 0 0
12 0 35 0 0 0 0 0 0 0 0 0 0 0 0 0 7 0 0 0 0 0 15 0 1 0 0 0 13 1 0 28 0 0 12 19 0 0 0 43 17
9 0 38 8 0 1 0 0 0 0 0 0 0 0 0 0 7 0 0 0 0 0 0 0 0 1 0 0 7 0 0 33 0 0 0 6 2 0 0 44 16
0 0 51 9 0 0 0 0 0 0 0 0 0 0 0 0 0 0 0 0 0 0 0 0 0 0 0 0 15 0 0 47 0 0 15 24 0 15 0 50 23
8 0 38 5 0 0 0 0 0 0 0 0 0 0 0 0 6 0 0 0 0 0 1 0 0 0 0 0 11 0 0 32 0 0 3 12 0 0 0 42 16
0 0 35 26 0 0 0 0 0 0 0 0 0 0 0 0 0 0 0 0 0 0 0 0 0 0 0 0 1 0 0 49 0 0 8 9 0 44 0 47 25
35 0 0 0 0 0 0 0 0 0 0 0 0 0 0 10 31 0 0 10 34 0 20 0 0 0 0 1 0 0 0 0 0 23 0 0 9 0 0 0 0
0 0 41 23 0 0 0 0 0 0 0 0 0 0 0 0 0 0 0 0 0 0 0 0 0 0 0 0 6 0 0 49 0 0 7 13 0 35 0 49 23
0 0 46 19 0 0 0 0 0 0 0 0 0 0 0 0 0 0 0 0 0 0 0 0 0 0 0 0 10 0 0 49 0 0 10 20 0 33 0 47 23
30 0 21 0 0 0 0 0 0 0 0 0 0 0 0 6 26 0 0 6 21 0 8 0 0 1 0 1 2 0 0 5 0 8 0 0 8 0 0 14 3
0 0 39 23 0 0 0 0 0 0 0 0 0 0 0 0 0 0 0 0 0 0 0 0 0 0 0 0 4 0 0 49 0 0 7 13 0 39 0 49 23
54 2 0 0 0 0 0 0 0 0 0 0 0 0 0 18 42 0 1 17 56 0 46 0 0 0 0 0 0 4 0 0 0 50 0 0 9 0 0 0 0
0 0 38 24 0 0 0 0 0 0 0 0 0 0 0 0 0 0 0 0 0 0 0 0 0 0 0 0 1 0 0 50 0 0 16 15 0 52 0 45 26
0 0 35 23 0 0 0 0 0 0 0 0 0 0 0 0 0 0 0 0 0 0 0 0 0 0 0 0 3 0 0 47 0 0 5 7 0 33 0 49 22
47 0 0 0 0 0 0 0 0 0 0 0 0 0 0 15 26 0 0 13 32 0 53 0 1 0 0 2 0 12 0 0 0 32 0 0 2 0 0 0 0
0 0 38 25 0 0 0 0 0 0 0 0 0 0 0 0 0 0 0 0 0 0 0 0 0 0 0 0 3 0 0 49 0 0 8 13 0 43 0 48 24
0 0 40 24 0 0 0 0 0 0 0 0 0 0 0 0 0 0 0 0 0 0 0 0 0 0 0 4 0 0 0 52 0 0 22 18 0 62 0 44 28
0 0 33 28 0 0 0 0 0 0 0 0 0 0 0 0 0 0 0 0 0 0 0 0 0 0 0 0 0 0 0 51 0 0 7 5 0 44 0 49 25
32 0 7 0 0 0 0 0 0 0 0 0 0 0 0 8 28 0 0 8 26 0 13 0 0 0 0 2 0 0 0 0 0 15 0 0 8 0 0 0 0
0 0 35 26 0 0 0 0 0 0 0 0 0 0 0 0 0 0 0 0 0 0 0 0 0 0 0 0 1 0 0 49 0 0 10 11 0 47 0 46 25
40 0 0 0 0 0 0 0 0 0 0 0 0 0 0 12 29 0 0 13 35 0 40 0 0 0 0 0 0 6 0 0 0 32 0 0 4 0 0 0 0
0 0 34 24 0 0 0 0 0 0 0 0 0 0 0 0 0 0 0 0 0 0 0 0 0 0 0 0 3 0 0 47 0 0 4 6 0 32 0 49 22
34 0 0 0 0 0 0 0 0 0 0 0 0 0 0 10 29 0 0 10 31 0 21 0 0 0 0 1 0 0 0 0 0 23 0 0 8 0 0 0 0
0 0 34 26 0 0 0 0 0 0 0 0 0 0 0 0 0 0 0 0 0 0 0 0 0 0 0 0 1 0 0 49 0 0 6 8 0 40 0 49 24
0 0 43 21 0 0 0 0 0 0 0 0 0 0 0 0 0 0 0 0 0 0 0 0 0 0 0 0 5 0 0 49 0 0 16 21 0 50 0 45 25
38 1 0 0 0 0 0 0 0 0 0 0 0 0 0 11 34 0 0 11 38 0 20 0 0 0 0 2 0 0 0 0 0 26 0 0 10 0 0 0 0
37 0 0 0 0 0 0 0 0 0 0 0 0 0 0 11 29 0 0 12 34 0 33 0 0 0 0 0 0 3 0 0 0 29 0 0 6 0 0 0 0
0 0 43 8 0 0 0 0 0 0 0 0 0 0 0 0 2 0 0 0 0 0 0 0 0 0 0 0 12 0 0 39 0 0 7 16 0 4 0 46 19
45 1 0 0 0 0 0 0 0 0 0 0 0 0 0 14 37 0 0 14 47 0 39 0 0 0 0 0 0 3 0 0 0 40 0 0 8 0 0 0 0
29 0 0 0 0 0 0 0 0 0 0 0 0 0 0 8 20 0 0 7 17 0 26 0 1 0 0 1 0 5 0 0 0 13 0 0 4 0 0 0 0
35 0 0 0 0 0 0 0 0 0 0 0 0 0 0 10 25 0 0 10 26 0 33 0 0 0 0 1 0 6 0 0 0 23 0 0 5 0 0 0 0
0 0 41 22 0 0 0 0 0 0 0 0 0 0 0 0 0 0 0 0 0 0 0 0 0 0 0 3 2 0 0 50 0 0 20 20 0 57 0 42 26
0 0 41 19 0 1 0 0 0 0 0 0 0 0 0 0 0 0 0 0 0 0 0 0 0 0 0 0 6 0 0 46 0 0 2 9 0 23 0 50 21
7 0 36 5 0 0 0 0 0 0 0 0 0 0 0 0 4 0 0 0 0 0 2 0 0 0 0 0 10 0 0 31 0 0 5 14 0 0 0 41 16
0 0 40 17 0 0 0 0 0 0 0 0 0 0 0 0 0 0 0 0 0 0 0 0 0 0 0 0 6 0 0 43 0 0 2 8 0 18 0 49 20
17 0 25 0 0 0 0 0 0 0 0 0 0 0 0 1 8 0 0 0 0 0 19 0 1 0 0 0 10 4 0 17 0 0 10 14 0 0 0 33 13
0 0 36 26 0 0 0 0 0 0 0 0 0 0 0 0 0 0 0 0 0 0 0 0 0 0 0 3 0 0 0 53 0 0 19 9 0 61 0 46 29
0 0 47 12 0 0 0 0 0 0 0 0 0 0 0 0 0 0 0 0 0 0 0 0 0 0 0 0 12 0 0 45 0 0 7 17 0 15 0 47 20
0 0 44 10 0 0 0 0 0 0 0 0 0 0 0 0 0 0 0 0 0 0 0 0 0 0 0 0 13 0 0 42 0 0 9 19 0 10 0 47 20
37 0 0 0 0 0 0 0 0 0 0 0 0 0 0 11 30 0 0 11 35 0 32 0 0 0 0 0 0 3 0 0 0 30 0 0 6 0 0 0 0
20 0 36 0 0 0 0 0 0 0 0 0 0 0 0 0 19 0 0 2 10 0 0 0 0 1 0 0 5 0 0 23 0 0 0 0 5 0 0 35 12
19 0 25 0 0 0 0 0 0 0 0 0 0 0 0 1 9 0 0 0 0 0 17 0 1 0 0 0 9 2 0 18 0 0 6 12 0 0 0 33 11
34 0 0 0 0 0 0 0 0 0 0 0 0 0 0 9 17 0 0 7 16 0 35 0 2 0 0 2 0 9 0 0 0 15 0 0 2 0 0 0 0
45 0 0 0 0 0 0 0 0 0 0 0 0 0 0 13 33 0 0 15 42 0 46 0 0 0 0 0 0 6 0 0 0 39 0 0 5 0 0 0 0
0 0 45 21 0 0 0 0 0 0 0 0 0 0 0 0 0 0 0 0 0 0 0 0 0 0 0 0 7 0 0 51 0 0 17 23 0 48 0 46 25
37 1 0 0 0 0 0 0 0 0 0 0 0 0 0 11 31 0 0 12 37 0 31 0 0 0 0 0 0 2 0 0 0 31 0 0 7 0 0 0 0
0 0 37 24 0 0 0 0 0 0 0 0 0 0 0 0 0 0 0 0 0 0 0 0 0 0 0 0 4 0 0 48 0 0 5 8 0 34 0 49 22
0 0 36 26 0 0 0 0 0 0 0 0 0 0 0 0 0 0 0 0 0 0 0 0 0 0 0 0 1 0 0 51 0 0 11 11 0 48 0 47 26
0 0 33 26 0 0 0 0 0 0 0 0 0 0 0 0 0 0 0 0 0 0 0 0 0 0 0 0 1 0 0 49 0 0 5 6 0 39 0 49 24
0 0 36 26 0 0 0 0 0 0 0 0 0 0 0 0 0 0 0 0 0 0 0 0 0 0 0 0 1 0 0 50 0 0 10 11 0 46 0 47 25
0 0 40 24 0 0 0 0 0 0 0 0 0 0 0 0 0 0 0 0 0 0 0 0 0 0 0 0 4 0 0 49 0 0 11 15 0 44 0 47 24
0 0 36 26 0 0 0 0 0 0 0 0 0 0 0 0 0 0 0 0 0 0 0 0 0 0 0 0 1 0 0 50 0 0 9 10 0 45 0 48 25
0 0 35 26 0 0 0 0 0 0 0 0 0 0 0 0 0 0 0 0 0 0 0 0 0 0 0 1 0 0 0 52 0 0 17 8 0 57 0 47 28
0 0 48 18 0 0 0 0 0 0 0 0 0 0 0 0 0 0 0 0 0 0 0 0 0 0 0 0 9 0 0 51 0 0 20 26 0 47 0 46 26
37 1 0 0 0 0 0 0 0 0 0 0 0 0 0 11 33 0 0 11 37 0 20 0 0 0 0 1 0 0 0 0 0 26 0 0 9 0 0 0 0
6 0 35 11 0 0 0 0 0 0 0 0 0 0 0 0 8 0 0 0 0 0 0 0 0 0 0 0 5 0 0 34 0 0 0 4 1 3 0 46 18
0 0 38 25 0 0 0 0 0 0 0 0 0 0 0 0 0 0 0 0 0 0 0 0 0 0 0 0 3 0 0 49 0 0 11 14 0 45 0 47 25
0 0 35 27 0 0 0 0 0 0 0 0 0 0 0 0 0 0 0 0 0 0 0 0 0 0 0 0 0 0 0 51 0 0 12 10 0 50 0 47 26
37 1 0 0 0 0 0 0 0 0 0 0 0 0 0 11 32 0 0 11 36 0 24 0 0 0 0 1 0 0 0 0 0 27 0 0 9 0 0 0 0
0 0 44 22 0 0 0 0 0 0 0 0 0 0 0 0 0 0 0 0 0 0 0 0 0 0 0 4 2 0 0 52 0 0 24 24 0 63 0 44 28
51 0 0 0 0 0 0 0 0 0 0 0 0 0 0 16 30 0 0 17 42 0 60 0 1 0 0 0 0 11 0 0 0 42 0 0 3 0 0 0 0
0 0 46 19 0 0 0 0 0 0 0 0 0 0 0 0 0 0 0 0 0 0 0 0 0 0 0 0 9 0 0 50 0 0 13 22 0 39 0 47 24
36 0 0 0 0 0 0 0 0 0 0 0 0 0 0 11 32 0 0 11 36 0 22 0 0 0 0 1 0 0 0 0 0 26 0 0 9 0 0 0 0
0 0 33 28 0 0 0 0 0 0 0 0 0 0 0 0 0 0 0 0 0 0 0 0 0 0 0 0 0 0 0 53 0 0 14 5 0 53 0 48 28
17 0 22 0 0 0 0 0 0 0 0 0 0 0 0 2 12 0 0 1 1 0 13 0 0 0 0 0 7 1 0 15 0 0 2 7 1 0 0 25 9
20 0 18 0 0 0 0 0 0 0 0 0 0 0 0 3 12 0 0 3 3 0 16 0 1 0 0 0 6 2 0 9 0 1 2 5 1 0 0 21 7
39 0 0 0 0 0 0 0 0 0 0 0 0 0 0 12 23 0 0 11 26 0 41 0 1 0 0 1 0 9 0 0 0 25 0 0 3 0 0 0 0
0 0 49 17 0 0 0 0 0 0 0 0 0 0 0 0 0 0 0 0 0 0 0 0 0 0 0 0 11 0 0 52 0 0 19 26 0 42 0 47 26
7 0 38 6 0 0 0 0 0 0 0 0 0 0 0 0 6 0 0 0 0 0 1 0 0 0 0 0 10 0 0 33 0 0 4 11 0 0 0 43 17
49 0 0 0 0 0 0 0 0 0 0 0 0 0 0 15 26 0 0 14 34 0 56 0 1 0 0 1 0 12 0 0 0 34 0 0 2 0 0 0 0
38 1 0 0 0 0 0 0 0 0 0 0 0 0 0 11 32 0 0 12 37 0 32 0 0 0 0 0 0 2 0 0 0 31 0 0 7 0 0 0 0
0 0 42 23 0 0 0 0 0 0 0 0 0 0 0 0 0 0 0 0 0 0 0 0 0 0 0 0 5 0 0 49 0 0 6 13 0 35 0 48 23
0 0 37 24 0 0 0 0 0 0 0 0 0 0 0 0 0 0 0 0 0 0 0 0 0 0 0 0 3 0 0 48 0 0 5 9 0 36 0 49 22
42 1 0 0 0 0 0 0 0 0 0 0 0 0 0 12 34 0 0 13 41 0 37 0 0 0 0 0 0 3 0 0 0 36 0 0 7 0 0 0 0
0 0 43 21 0 0 0 0 0 0 0 0 0 0 0 0 0 0 0 0 0 0 0 0 0 0 0 0 7 0 0 49 0 0 12 20 0 42 0 47 24
46 0 0 0 0 0 0 0 0 0 0 0 0 0 0 14 31 0 0 15 40 0 48 0 0 0 0 0 0 7 0 0 0 38 0 0 4 0 0 0 0
0 0 40 23 0 0 0 0 0 0 0 0 0 0 0 0 0 0 0 0 0 0 0 0 0 0 0 0 5 0 0 49 0 0 7 12 0 37 0 49 23
0 0 39 23 0 0 0 0 0 0 0 0 0 0 0 0 0 0 0 0 0 0 0 0 0 0 0 3 0 0 0 50 0 0 20 17 0 57 0 44 27
23 0 23 0 0 0 0 0 0 0 0 0 0 0 0 4 19 0 0 4 12 0 7 0 0 1 0 0 4 0 0 11 0 3 0 0 4 0 0 21 6
53 1 0 0 0 0 0 0 0 0 0 0 0 0 0 17 35 0 1 18 50 0 56 0 0 0 0 0 0 8 0 0 0 49 0 0 5 0 0 0 0
0 0 38 22 0 0 0 0 0 0 0 0 0 0 0 0 0 0 0 0 0 0 0 0 0 0 0 0 4 0 0 47 0 0 3 9 0 30 0 49 21
0 0 36 24 0 0 0 0 0 0 0 0 0 0 0 0 0 0 0 0 0 0 0 0 0 0 0 1 0 0 0 49 0 0 16 13 0 53 0 44 26
40 1 0 0 0 0 0 0 0 0 0 0 0 0 0 12 36 0 0 12 42 0 27 0 0 0 0 0 0 0 0 0 0 33 0 0 10 0 0 0 0
13 0 38 0 0 0 0 0 0 0 0 0 0 0 0 0 7 0 0 0 0 0 17 0 1 1 0 0 13 2 0 28 0 0 16 22 0 0 0 46 19
35 0 0 0 0 0 0 0 0 0 0 0 0 0 0 10 31 0 0 10 34 0 20 0 0 0 0 1 0 0 0 0 0 24 0 0 9 0 0 0 0
32 0 0 0 0 0 0 0 0 0 0 0 0 0 0 9 23 0 0 9 25 0 29 0 0 0 0 0 0 5 0 0 0 20 0 0 4 0 0 0 0
0 0 33 27 0 0 0 0 0 0 0 0 0 0 0 0 0 0 0 0 0 0 0 0 0 0 0 0 0 0 0 49 0 0 6 5 0 40 0 49 25
28 0 26 0 0 0 0 0 0 0 0 0 0 0 0 4 25 0 0 5 18 0 5 0 0 1 0 1 2 0 0 11 0 4 0 0 7 0 0 22 6
0 0 41 22 0 0 0 0 0 0 0 0 0 0 0 0 0 0 0 0 0 0 0 0 0 0 0 0 4 0 0 48 0 0 14 19 0 48 0 44 24
0 0 39 23 0 0 0 0 0 0 0 0 0 0 0 0 0 0 0 0 0 0 0 0 0 0 0 0 4 0 0 49 0 0 5 9 0 34 0 51 23
0 0 38 24 0 0 0 0 0 0 0 0 0 0 0 0 0 0 0 0 0 0 0 0 0 0 0 0 4 0 0 49 0 0 8 13 0 41 0 48 24
0 0 48 17 0 0 0 0 0 0 0 0 0 0 0 0 0 0 0 0 0 0 0 0 0 0 0 0 11 0 0 49 0 0 12 22 0 32 0 47 23
22 0 25 0 0 0 0 0 0 0 0 0 0 0 0 3 16 0 0 3 8 0 7 0 0 1 0 0 6 0 0 14 0 1 0 1 3 0 0 25 8
0 0 52 12 0 0 0 0 0 0 0 0 0 0 0 0 0 0 0 0 0 0 0 0 0 0 0 0 14 0 0 51 0 0 19 25 0 26 0 49 25
0 0 56 13 0 0 0 0 0 0 0 0 0 0 0 0 0 0 0 0 0 0 0 0 0 0 0 0 15 0 0 56 0 0 29 34 0 40 0 51 29
0 0 42 17 0 0 0 0 0 0 0 0 0 0 0 0 0 0 0 0 0 0 0 0 0 0 0 0 6 0 0 44 0 0 2 8 0 19 0 50 20
32 0 19 0 0 0 0 0 0 0 0 0 0 0 0 6 30 0 0 7 24 0 8 0 0 0 0 1 1 0 0 4 0 10 0 0 9 0 0 11 2
0 0 52 8 0 0 0 0 0 0 0 0 0 0 0 0 0 0 0 0 0 0 0 0 0 0 0 0 16 0 0 49 0 0 20 27 0 17 0 49 24
0 0 35 26 0 0 0 0 0 0 0 0 0 0 0 0 0 0 0 0 0 0 0 0 0 0 0 0 0 0 0 52 0 0 13 8 0 52 0 47 27
0 0 36 17 0 0 0 0 0 0 0 0 0 0 0 0 0 0 0 0 0 0 0 0 0 0 0 0 5 0 0 41 0 0 2 7 0 17 0 48 20
0 0 40 23 0 0 0 0 0 0 0 0 0 0 0 0 0 0 0 0 0 0 0 0 0 0 0 2 1 0 0 51 0 0 19 18 0 58 0 45 27
0 0 32 27 0 0 0 0 0 0 0 0 0 0 0 0 0 0 0 0 0 0 0 0 0 0 0 0 0 0 0 50 0 0 7 4 0 41 0 49 25
24 0 34 0 0 0 0 0 0 0 0 0 0 0 0 1 21 0 0 2 10 0 0 0 0 1 0 0 5 0 0 21 0 0 0 0 5 0 0 35 12
28 0 24 0 0 0 0 0 0 0 0 0 0 0 0 4 26 0 0 5 18 0 4 0 0 1 0 1 3 0 0 10 0 4 0 0 7 0 0 20 6
0 0 48 17 0 0 0 0 0 0 0 0 0 0 0 0 0 0 0 0 0 0 0 0 0 0 0 0 11 0 0 49 0 0 11 21 0 33 0 47 23
0 0 39 23 0 0 0 0 0 0 0 0 0 0 0 0 0 0 0 0 0 0 0 0 0 0 0 0 3 0 0 48 0 0 12 16 0 47 0 45 24
41 1 0 0 0 0 0 0 0 0 0 0 0 0 0 13 33 0 0 13 42 0 36 0 0 0 0 0 0 3 0 0 0 36 0 0 7 0 0 0 0
0 0 37 25 0 0 0 0 0 0 0 0 0 0 0 0 0 0 0 0 0 0 0 0 0 0 0 0 2 0 0 49 0 0 10 12 0 46 0 47 24
0 0 49 20 0 0 0 0 0 0 0 0 0 0 0 0 0 0 0 0 0 0 0 0 0 0 0 3 7 0 0 54 0 0 26 29 0 60 0 44 29
36 1 0 0 0 0 0 0 0 0 0 0 0 0 0 11 31 0 0 11 35 0 28 0 0 0 0 0 0 2 0 0 0 29 0 0 7 0 0 0 0
0 0 53 9 0 0 0 0 0 0 0 0 0 0 0 0 0 0 0 0 0 0 0 0 0 0 0 0 15 0 0 50 0 0 20 26 0 20 0 50 25
29 0 0 0 0 0 0 0 0 0 0 0 0 0 0 9 17 0 0 7 15 0 29 0 1 0 0 1 1 7 0 0 0 14 0 0 2 0 0 0 0
0 0 34 25 0 0 0 0 0 0 0 0 0 0 0 0 0 0 0 0 0 0 0 0 0 0 0 0 0 0 0 50 0 0 15 10 0 53 0 45 27
0 0 45 20 0 0 0 0 0 0 0 0 0 0 0 0 0 0 0 0 0 0 0 0 0 0 0 0 8 0 0 50 0 0 17 24 0 46 0 46 25
0 0 35 29 0 0 0 0 0 0 0 0 0 0 0 0 0 0 0 0 0 0 0 0 0 0 0 3 0 0 0 56 0 0 21 8 0 65 0 48 30
0 0 44 21 0 0 0 0 0 0 0 0 0 0 0 0 0 0 0 0 0 0 0 0 0 0 0 0 7 0 0 50 0 0 13 20 0 42 0 47 24
7 0 39 6 0 0 0 0 0 0 0 0 0 0 0 0 6 0 0 0 0 0 0 0 0 0 0 0 9 0 0 33 0 0 1 9 1 0 0 41 15
0 0 43 22 0 0 0 0 0 0 0 0 0 0 0 0 0 0 0 0 0 0 0 0 0 0 0 0 6 0 0 50 0 0 15 20 0 46 0 46 25
