16 0 40 23 0 0 0 0 0 0 0 0 0 0 0 0 0 0 0 0 0 0 0 1 1 0 0 0 30 0 0 0 0 0 18 13 0 28 0 21 0
7 0 6 0 0 0 0 0 0 0 0 0 0 0 0 0 0 0 0 0 0 0 2 1 0 0 16 0 0 0 0 47 15 2 0 17 0 0 0 13 20
27 0 29 13 0 0 0 0 0 0 0 0 0 0 0 0 0 0 0 0 0 0 3 3 1 0 0 0 9 0 0 23 7 0 10 23 0 9 0 10 17
8 0 7 0 0 0 0 0 0 0 0 0 0 0 0 0 0 0 0 0 0 0 2 1 0 0 16 0 0 0 0 47 15 2 0 18 0 0 0 14 20
27 0 33 15 0 0 0 0 0 0 0 0 0 0 0 0 0 0 0 0 0 0 2 3 1 0 0 0 13 0 0 19 5 0 13 23 0 13 0 13 14
26 0 25 11 0 0 0 0 0 0 0 0 0 0 0 0 0 0 0 0 0 0 3 3 0 0 4 0 1 0 0 33 11 0 7 24 0 2 0 11 21
19 0 19 7 0 0 0 0 0 0 0 0 0 0 0 0 0 0 0 0 0 0 3 2 0 0 9 0 0 0 0 41 14 1 1 22 0 0 0 13 22
20 0 20 7 0 0 0 0 0 0 0 0 0 0 0 0 0 0 0 0 0 0 4 3 0 0 8 0 0 0 0 39 13 1 1 23 0 0 0 13 22
12 0 12 2 0 0 0 0 0 0 0 0 0 0 0 0 0 0 0 0 0 0 3 2 0 0 14 0 0 0 0 45 15 2 0 20 0 0 0 13 21
27 0 29 13 0 0 0 0 0 0 0 0 0 0 0 0 0 0 0 0 0 0 3 3 1 0 0 0 8 0 0 24 8 0 10 24 0 9 0 11 17
28 0 34 16 0 0 0 0 0 0 0 0 0 0 0 0 0 0 0 0 0 0 2 3 0 0 0 0 15 0 0 16 5 0 14 23 0 15 0 14 14
0 0 28 29 0 0 0 0 0 0 0 0 0 0 0 0 0 0 0 0 0 0 0 0 0 0 0 0 39 0 0 0 0 0 15 0 0 29 0 16 0
0 0 34 26 0 0 0 0 0 0 0 0 0 0 0 0 0 0 0 0 0 0 0 0 0 0 0 0 36 0 0 0 0 0 16 5 0 30 0 19 0
25 0 28 12 0 0 0 0 0 0 0 0 0 0 0 0 0 0 0 0 0 0 3 3 0 0 3 0 3 0 0 30 10 0 9 25 0 4 0 13 19
15 0 14 3 0 0 0 0 0 0 0 0 0 0 0 0 0 0 0 0 0 0 3 2 0 0 12 0 0 0 0 46 15 2 0 20 0 0 0 13 22
26 0 26 12 0 0 0 0 0 0 0 0 0 0 0 0 0 0 0 0 0 0 3 3 0 0 3 0 4 0 0 28 10 0 7 24 0 5 0 10 19
17 0 16 5 0 0 0 0 0 0 0 0 0 0 0 0 0 0 0 0 0 0 3 2 0 0 11 0 0 0 0 43 14 2 0 20 0 0 0 12 22
5 0 6 0 0 0 0 0 0 0 0 0 0 0 0 0 0 0 0 0 0 0 2 1 0 0 16 0 0 0 0 47 14 2 0 17 0 0 0 15 19
16 0 15 4 0 0 0 0 0 0 0 0 0 0 0 0 0 0 0 0 0 0 3 2 0 0 11 0 0 0 0 44 14 2 0 21 0 0 0 12 22
14 0 14 3 0 0 0 0 0 0 0 0 0 0 0 0 0 0 0 0 0 0 3 2 0 0 12 0 0 0 0 45 14 2 0 21 0 0 0 13 22
5 0 6 0 0 0 0 0 0 0 0 0 0 0 0 0 0 0 0 0 0 0 2 1 0 0 16 0 0 0 0 47 14 1 0 17 0 0 0 14 19
23 0 24 9 0 0 0 0 0 0 0 0 0 0 0 0 0 0 0 0 0 0 3 3 0 0 7 0 0 0 0 37 13 0 3 25 0 0 0 14 22
8 0 9 0 0 0 0 0 0 0 0 0 0 0 0 0 0 0 0 0 0 0 2 1 0 0 16 0 0 0 0 46 15 1 0 19 0 0 0 15 20
0 0 30 28 0 0 0 0 0 0 0 0 0 0 0 0 0 0 0 0 0 0 0 0 0 0 0 0 38 0 0 0 0 0 15 0 0 29 0 17 0
28 0 33 16 0 0 0 0 0 0 0 0 0 0 0 0 0 0 0 0 0 0 3 3 1 0 0 0 13 0 0 19 6 0 14 24 0 13 0 13 15
30 0 33 15 0 0 0 0 0 0 0 0 0 0 0 0 0 0 0 0 0 0 3 3 0 0 0 0 13 0 0 19 6 0 14 25 0 14 0 12 16
0 0 3 0 0 0 0 0 0 0 0 0 0 0 0 0 0 0 0 0 0 0 0 1 0 0 17 1 0 0 0 44 13 0 0 16 0 0 0 19 14
0 0 3 0 0 0 0 0 0 0 0 0 0 0 0 0 0 0 0 0 0 0 0 1 0 0 18 1 0 0 0 44 13 0 0 16 0 0 0 19 15
0 0 34 25 0 0 0 0 0 0 0 0 0 0 0 0 0 0 0 0 0 0 0 0 0 0 0 0 34 0 0 0 0 0 16 6 0 28 0 19 0
0 0 32 27 0 0 0 0 0 0 0 0 0 0 0 0 0 0 0 0 0 0 0 0 0 0 0 0 36 0 0 0 0 0 15 3 0 29 0 18 0
15 0 16 4 0 0 0 0 0 0 0 0 0 0 0 0 0 0 0 0 0 0 3 2 0 0 12 0 0 0 0 43 14 1 0 22 0 0 0 14 22
16 0 16 5 0 0 0 0 0 0 0 0 0 0 0 0 0 0 0 0 0 0 3 2 0 0 11 0 0 0 0 44 14 2 0 22 0 0 0 13 22
10 0 11 0 0 0 0 0 0 0 0 0 0 0 0 0 0 0 0 0 0 0 3 2 0 0 14 0 0 0 0 46 15 2 0 20 0 0 0 15 20
27 0 38 19 0 0 0 0 0 0 0 0 0 0 0 0 0 0 0 0 0 0 1 3 1 0 0 0 20 0 0 9 1 0 16 23 0 19 0 16 10
23 0 41 22 0 0 0 0 0 0 0 0 0 0 0 0 0 0 0 0 0 0 0 2 1 0 0 0 28 0 0 0 0 0 18 18 0 26 0 20 2
25 0 25 11 0 0 0 0 0 0 0 0 0 0 0 0 0 0 0 0 0 0 3 3 0 0 3 0 1 0 0 33 11 0 8 23 0 2 0 10 21
26 0 26 11 0 0 0 0 0 0 0 0 0 0 0 0 0 0 0 0 0 0 3 3 0 0 2 0 4 0 0 28 9 0 8 23 0 5 0 10 19
12 0 12 1 0 0 0 0 0 0 0 0 0 0 0 0 0 0 0 0 0 0 3 2 0 0 14 0 0 0 0 46 15 2 0 20 0 0 0 14 21
11 0 10 1 0 0 0 0 0 0 0 0 0 0 0 0 0 0 0 0 0 0 3 2 0 0 14 0 0 0 0 47 15 2 0 19 0 0 0 13 21
4 0 5 0 0 0 0 0 0 0 0 0 0 0 0 0 0 0 0 0 0 0 2 1 0 0 17 0 0 0 0 47 14 1 0 17 0 0 0 15 19
19 0 42 23 0 0 0 0 0 0 0 0 0 0 0 0 0 0 0 0 0 0 0 1 1 0 0 0 30 0 0 0 0 0 20 15 0 28 0 22 0
11 0 39 24 0 0 0 0 0 0 0 0 0 0 0 0 0 0 0 0 0 0 0 0 1 0 0 0 33 0 0 0 0 0 18 10 0 29 0 21 0
20 0 19 7 0 0 0 0 0 0 0 0 0 0 0 0 0 0 0 0 0 0 4 2 0 0 9 0 0 0 0 41 14 1 1 23 0 0 0 13 23
12 0 12 2 0 0 0 0 0 0 0 0 0 0 0 0 0 0 0 0 0 0 3 2 0 0 15 0 0 0 0 46 15 1 0 22 0 0 0 15 22
24 0 24 10 0 0 0 0 0 0 0 0 0 0 0 0 0 0 0 0 0 0 3 3 0 0 4 0 0 0 0 35 12 0 7 23 0 0 0 12 21
11 0 39 24 0 0 0 0 0 0 0 0 0 0 0 0 0 0 0 0 0 0 0 0 1 0 0 0 33 0 0 0 0 0 18 10 0 30 0 21 0
18 0 19 6 0 0 0 0 0 0 0 0 0 0 0 0 0 0 0 0 0 0 3 3 0 0 10 0 0 0 0 42 14 1 1 22 0 0 0 14 22
7 0 8 0 0 0 0 0 0 0 0 0 0 0 0 0 0 0 0 0 0 0 2 1 0 0 16 0 0 0 0 46 14 1 0 18 0 0 0 15 19
2 0 4 0 0 0 0 0 0 0 0 0 0 0 0 0 0 0 0 0 0 0 1 1 0 0 17 0 0 0 0 46 14 0 0 16 0 0 0 16 17
0 0 0 0 1 0 0 0 0 0 0 0 0 0 0 0 0 0 0 0 0 0 0 0 0 0 22 2 0 0 0 44 13 0 0 16 0 0 0 21 11
18 0 41 23 0 0 0 0 0 0 0 0 0 0 0 0 0 0 0 0 0 0 0 1 1 0 0 0 30 0 0 0 0 0 19 14 0 28 0 21 0
0 0 33 28 0 0 0 0 0 0 0 0 0 0 0 0 0 0 0 0 0 0 0 0 0 0 0 0 37 0 0 0 0 0 15 2 0 29 0 19 0
21 0 20 8 0 0 0 0 0 0 0 0 0 0 0 0 0 0 0 0 0 0 3 2 0 0 7 0 0 0 0 39 13 1 3 21 0 0 0 12 21
4 0 5 0 0 0 0 0 0 0 0 0 0 0 0 0 0 0 0 0 0 0 2 1 0 0 17 0 0 0 0 46 14 1 0 17 0 0 0 15 18
28 0 30 14 0 0 0 0 0 0 0 0 0 0 0 0 0 0 0 0 0 0 3 3 0 0 0 0 10 0 0 22 7 0 11 24 0 10 0 10 17
0 0 27 29 0 0 0 0 0 0 0 0 0 0 0 0 0 0 0 0 0 0 0 0 0 0 0 0 41 0 0 0 0 0 14 0 0 30 0 17 0
0 0 33 27 0 0 0 0 0 0 0 0 0 0 0 0 0 0 0 0 0 0 0 0 0 0 0 0 36 0 0 0 0 0 15 4 0 30 0 19 0
8 0 9 0 0 0 0 0 0 0 0 0 0 0 0 0 0 0 0 0 0 0 2 2 0 0 15 0 0 0 0 46 14 2 0 18 0 0 0 14 20
8 0 9 0 0 0 0 0 0 0 0 0 0 0 0 0 0 0 0 0 0 0 2 2 0 0 15 0 0 0 0 46 15 2 0 18 0 0 0 14 20
16 0 41 24 0 0 0 0 0 0 0 0 0 0 0 0 0 0 0 0 0 0 0 1 1 0 0 0 32 0 0 0 0 0 19 13 0 29 0 22 0
22 0 22 9 0 0 0 0 0 0 0 0 0 0 0 0 0 0 0 0 0 0 3 2 0 0 6 0 0 0 0 37 12 0 5 22 0 0 0 11 21
4 0 5 0 0 0 0 0 0 0 0 0 0 0 0 0 0 0 0 0 0 0 2 1 0 0 17 0 0 0 0 47 14 1 0 16 0 0 0 15 19
0 0 0 0 0 0 0 0 0 0 0 0 0 0 0 0 0 0 0 0 0 0 0 0 0 0 21 1 0 0 0 44 13 0 0 15 0 0 0 19 12
0 0 35 27 0 0 0 0 0 0 0 0 0 0 0 0 0 0 0 0 0 0 0 0 0 0 0 0 36 0 0 0 0 0 16 5 0 30 0 19 0
25 0 40 21 0 0 0 0 0 0 0 0 0 0 0 0 0 0 0 0 0 0 0 2 1 0 0 0 26 0 0 0 0 0 18 19 0 25 0 18 5
13 0 12 2 0 0 0 0 0 0 0 0 0 0 0 0 0 0 0 0 0 0 3 2 0 0 13 0 0 0 0 47 15 2 0 20 0 0 0 13 22
5 0 37 25 0 0 0 0 0 0 0 0 0 0 0 0 0 0 0 0 0 0 0 0 0 0 0 0 34 0 0 0 0 0 17 9 0 30 0 20 0
26 0 39 20 0 0 0 0 0 0 0 0 0 0 0 0 0 0 0 0 0 0 1 2 1 0 0 0 24 0 0 1 0 0 16 21 0 22 0 18 7
5 0 6 0 0 0 0 0 0 0 0 0 0 0 0 0 0 0 0 0 0 0 2 1 0 0 16 0 0 0 0 46 14 1 0 17 0 0 0 14 19
21 0 21 7 0 0 0 0 0 0 0 0 0 0 0 0 0 0 0 0 0 0 4 3 0 0 7 0 0 0 0 40 13 1 2 23 0 0 0 12 22
10 0 9 0 0 0 0 0 0 0 0 0 0 0 0 0 0 0 0 0 0 0 3 2 0 0 15 0 0 0 0 47 15 2 0 19 0 0 0 13 21
12 0 10 1 0 0 0 0 0 0 0 0 0 0 0 0 0 0 0 0 0 0 3 2 0 0 14 0 0 0 0 47 15 2 0 19 0 0 0 12 22
3 0 37 26 0 0 0 0 0 0 0 0 0 0 0 0 0 0 0 0 0 0 0 0 0 0 0 0 35 0 0 0 0 0 17 8 0 30 0 20 0
0 0 3 0 0 0 0 0 0 0 0 0 0 0 0 0 0 0 0 0 0 0 1 1 0 0 18 1 0 0 0 46 14 0 0 15 0 0 0 16 17
0 0 0 0 1 0 0 0 0 0 0 0 0 0 0 0 0 0 0 0 0 0 0 0 0 0 22 1 0 1 0 41 12 0 0 16 0 0 0 22 9
21 0 20 8 0 0 0 0 0 0 0 0 0 0 0 0 0 0 0 0 0 0 3 2 0 0 7 0 0 0 0 40 13 1 4 22 0 0 0 12 22
23 0 23 9 0 0 0 0 0 0 0 0 0 0 0 0 0 0 0 0 0 0 3 3 0 0 5 0 0 0 0 36 12 0 5 22 0 0 0 12 21
5 0 6 0 0 0 0 0 0 0 0 0 0 0 0 0 0 0 0 0 0 0 2 1 0 0 16 0 0 0 0 46 14 1 0 17 0 0 0 15 18
11 0 12 1 0 0 0 0 0 0 0 0 0 0 0 0 0 0 0 0 0 0 3 2 0 0 13 0 0 0 0 46 15 2 0 20 0 0 0 14 21
5 0 6 0 0 0 0 0 0 0 0 0 0 0 0 0 0 0 0 0 0 0 2 2 0 0 16 0 0 0 0 47 14 1 0 17 0 0 0 15 19
8 0 37 24 0 0 0 0 0 0 0 0 0 0 0 0 0 0 0 0 0 0 0 0 0 0 0 0 33 0 0 0 0 0 17 9 0 29 0 19 0
12 0 11 1 0 0 0 0 0 0 0 0 0 0 0 0 0 0 0 0 0 0 3 2 0 0 14 0 0 0 0 47 15 2 0 20 0 0 0 13 22
6 0 6 0 0 0 0 0 0 0 0 0 0 0 0 0 0 0 0 0 0 0 2 1 0 0 16 0 0 0 0 47 14 2 0 17 0 0 0 14 19
26 0 38 19 0 0 0 0 0 0 0 0 0 0 0 0 0 0 0 0 0 0 1 3 1 0 0 0 21 0 0 7 0 0 15 21 0 20 0 17 9
4 0 5 0 0 0 0 0 0 0 0 0 0 0 0 0 0 0 0 0 0 0 2 1 0 0 17 0 0 0 0 47 14 1 0 16 0 0 0 14 18
12 0 39 24 0 0 0 0 0 0 0 0 0 0 0 0 0 0 0 0 0 0 0 0 1 0 0 0 32 0 0 0 0 0 18 11 0 29 0 20 0
22 0 22 9 0 0 0 0 0 0 0 0 0 0 0 0 0 0 0 0 0 0 3 3 0 0 7 0 0 0 0 37 13 1 4 23 0 0 0 13 22
27 0 28 13 0 0 0 0 0 0 0 0 0 0 0 0 0 0 0 0 0 0 3 3 0 0 1 0 5 0 0 28 9 0 10 24 0 6 0 11 19
25 0 26 11 0 0 0 0 0 0 0 0 0 0 0 0 0 0 0 0 0 0 3 3 0 0 3 0 2 0 0 30 10 0 7 24 0 4 0 12 20
6 0 37 25 0 0 0 0 0 0 0 0 0 0 0 0 0 0 0 0 0 0 0 0 0 0 0 0 33 0 0 0 0 0 18 9 0 29 0 19 0
13 0 13 2 0 0 0 0 0 0 0 0 0 0 0 0 0 0 0 0 0 0 3 2 0 0 14 0 0 0 0 45 15 2 0 21 0 0 0 14 22
0 0 35 26 0 0 0 0 0 0 0 0 0 0 0 0 0 0 0 0 0 0 0 0 0 0 0 0 35 0 0 0 0 0 16 6 0 30 0 20 0
22 0 22 9 0 0 0 0 0 0 0 0 0 0 0 0 0 0 0 0 0 0 3 3 0 0 6 0 0 0 0 38 13 0 5 22 0 0 0 12 21
21 0 21 7 0 0 0 0 0 0 0 0 0 0 0 0 0 0 0 0 0 0 4 3 0 0 9 0 0 0 0 40 14 1 1 24 0 0 0 14 23
28 0 37 18 0 0 0 0 0 0 0 0 0 0 0 0 0 0 0 0 0 0 2 3 1 0 0 0 18 0 0 12 3 0 15 23 0 18 0 16 11
27 0 31 14 0 0 0 0 0 0 0 0 0 0 0 0 0 0 0 0 0 0 2 3 1 0 0 0 11 0 0 21 6 0 11 22 0 11 0 12 16
0 0 31 27 0 0 0 0 0 0 0 0 0 0 0 0 0 0 0 0 0 0 0 0 0 0 0 0 36 0 0 0 0 0 15 3 0 29 0 18 0
20 0 20 7 0 0 0 0 0 0 0 0 0 0 0 0 0 0 0 0 0 0 3 2 0 0 8 0 0 0 0 40 14 1 3 22 0 0 0 12 22
9 0 9 0 0 0 0 0 0 0 0 0 0 0 0 0 0 0 0 0 0 0 2 2 0 0 15 0 0 0 0 46 15 2 0 19 0 0 0 14 20
0 0 0 0 0 0 0 0 0 0 0 0 0 0 0 0 0 0 0 0 0 0 0 0 0 0 19 1 0 0 0 43 13 0 0 16 0 0 0 20 12
2 0 4 0 0 0 0 0 0 0 0 0 0 0 0 0 0 0 0 0 0 0 1 1 0 0 17 1 0 0 0 46 14 1 0 16 0 0 0 16 18
25 0 41 21 0 0 0 0 0 0 0 0 0 0 0 0 0 0 0 0 0 0 0 2 1 0 0 0 25 0 0 0 0 0 18 20 0 24 0 19 5
10 0 10 0 0 0 0 0 0 0 0 0 0 0 0 0 0 0 0 0 0 0 3 2 0 0 15 0 0 0 0 46 15 2 0 20 0 0 0 14 21
3 0 4 0 0 0 0 0 0 0 0 0 0 0 0 0 0 0 0 0 0 0 2 1 0 0 17 0 0 0 0 47 14 1 0 16 0 0 0 14 18
24 0 25 10 0 0 0 0 0 0 0 0 0 0 0 0 0 0 0 0 0 0 3 3 0 0 5 0 0 0 0 36 12 0 6 23 0 0 0 13 21
0 0 34 26 0 0 0 0 0 0 0 0 0 0 0 0 0 0 0 0 0 0 0 0 0 0 0 0 34 0 0 0 0 0 16 6 0 28 0 19 0
22 0 41 22 0 0 0 0 0 0 0 0 0 0 0 0 0 0 0 0 0 0 0 2 1 0 0 0 27 0 0 0 0 0 19 17 0 26 0 21 1
13 0 12 2 0 0 0 0 0 0 0 0 0 0 0 0 0 0 0 0 0 0 3 2 0 0 14 0 0 0 0 46 15 2 0 21 0 0 0 14 22
25 0 40 20 0 0 0 0 0 0 0 0 0 0 0 0 0 0 0 0 0 0 0 2 1 0 0 0 25 0 0 0 0 0 17 19 0 24 0 19 5
27 0 30 13 0 0 0 0 0 0 0 0 0 0 0 0 0 0 0 0 0 0 3 3 0 0 0 0 8 0 0 25 8 0 12 24 0 8 0 12 18
0 0 0 0 0 0 0 0 0 0 0 0 0 0 0 0 0 0 0 0 0 0 0 0 0 0 22 2 0 1 0 43 12 0 0 16 0 0 0 21 10
0 0 0 0 0 0 0 0 0 0 0 0 0 0 0 0 0 0 0 0 0 0 0 0 0 0 19 1 0 0 0 45 13 0 0 15 0 0 0 18 14
26 0 28 12 0 0 0 0 0 0 0 0 0 0 0 0 0 0 0 0 0 0 3 3 0 0 1 0 5 0 0 28 10 0 10 24 0 6 0 12 19
23 0 23 9 0 0 0 0 0 0 0 0 0 0 0 0 0 0 0 0 0 0 4 2 0 0 7 0 0 0 0 36 12 1 2 24 0 0 0 12 21
19 0 19 7 0 0 0 0 0 0 0 0 0 0 0 0 0 0 0 0 0 0 3 2 0 0 10 0 0 0 0 40 13 1 0 23 0 0 0 13 22
23 0 41 22 0 0 0 0 0 0 0 0 0 0 0 0 0 0 0 0 0 0 0 2 1 0 0 0 28 0 0 0 0 0 19 18 0 27 0 20 1
0 0 33 26 0 0 0 0 0 0 0 0 0 0 0 0 0 0 0 0 0 0 0 0 0 0 0 0 35 0 0 0 0 0 15 5 0 29 0 19 0
0 0 1 0 0 0 0 0 0 0 0 0 0 0 0 0 0 0 0 0 0 0 0 1 0 0 18 1 0 0 0 45 14 0 0 15 0 0 0 18 15
25 0 25 11 0 0 0 0 0 0 0 0 0 0 0 0 0 0 0 0 0 0 3 3 0 0 4 0 1 0 0 31 10 0 6 24 0 3 0 11 20
12 0 40 25 0 0 0 0 0 0 0 0 0 0 0 0 0 0 0 0 0 0 0 0 1 0 0 0 33 0 0 0 0 0 18 11 0 29 0 21 0
23 0 23 9 0 0 0 0 0 0 0 0 0 0 0 0 0 0 0 0 0 0 3 3 0 0 6 0 0 0 0 37 12 0 5 24 0 0 0 12 22
6 0 6 0 0 0 0 0 0 0 0 0 0 0 0 0 0 0 0 0 0 0 2 1 0 0 16 0 0 0 0 47 15 2 0 17 0 0 0 13 20
19 0 19 7 0 0 0 0 0 0 0 0 0 0 0 0 0 0 0 0 0 0 3 2 0 0 9 0 0 0 0 41 14 1 0 23 0 0 0 13 22
24 0 40 21 0 0 0 0 0 0 0 0 0 0 0 0 0 0 0 0 0 0 0 2 1 0 0 0 26 0 0 0 0 0 17 19 0 25 0 18 4
16 0 16 5 0 0 0 0 0 0 0 0 0 0 0 0 0 0 0 0 0 0 3 2 0 0 10 0 0 0 0 44 14 2 0 20 0 0 0 12 22
28 0 31 14 0 0 0 0 0 0 0 0 0 0 0 0 0 0 0 0 0 0 3 3 0 0 0 0 9 0 0 24 8 0 12 25 0 10 0 13 17
12 0 14 2 0 0 0 0 0 0 0 0 0 0 0 0 0 0 0 0 0 0 3 2 0 0 14 0 0 0 0 45 15 2 0 22 0 0 0 15 21
7 0 6 0 0 0 0 0 0 0 0 0 0 0 0 0 0 0 0 0 0 0 2 1 0 0 16 0 0 0 0 47 14 2 0 17 0 0 0 13 19
13 0 40 24 0 0 0 0 0 0 0 0 0 0 0 0 0 0 0 0 0 0 0 0 1 0 0 0 32 0 0 0 0 0 19 12 0 29 0 22 0
9 0 12 1 0 0 0 0 0 0 0 0 0 0 0 0 0 0 0 0 0 0 2 2 0 0 15 0 0 0 0 45 14 0 0 21 0 0 0 18 19
28 0 30 14 0 0 0 0 0 0 0 0 0 0 0 0 0 0 0 0 0 0 3 3 0 0 0 0 10 0 0 23 8 0 12 24 0 10 0 11 17
28 0 31 14 0 0 0 0 0 0 0 0 0 0 0 0 0 0 0 0 0 0 3 3 0 0 0 0 10 0 0 23 7 0 12 24 0 10 0 11 17
15 0 40 23 0 0 0 0 0 0 0 0 0 0 0 0 0 0 0 0 0 0 0 0 1 0 0 0 32 0 0 0 0 0 18 12 0 29 0 21 0
21 0 41 22 0 0 0 0 0 0 0 0 0 0 0 0 0 0 0 0 0 0 0 2 1 0 0 0 28 0 0 0 0 0 18 16 0 27 0 21 0
8 0 7 0 0 0 0 0 0 0 0 0 0 0 0 0 0 0 0 0 0 0 3 2 0 0 15 0 0 0 0 47 14 2 0 17 0 0 0 13 20
29 0 35 16 0 0 0 0 0 0 0 0 0 0 0 0 0 0 0 0 0 0 2 3 0 0 0 0 16 0 0 15 5 0 15 24 0 16 0 13 14
2 0 4 0 0 0 0 0 0 0 0 0 0 0 0 0 0 0 0 0 0 0 1 1 0 0 17 1 0 0 0 47 14 1 0 16 0 0 0 15 18
1 0 4 0 0 0 0 0 0 0 0 0 0 0 0 0 0 0 0 0 0 0 0 1 0 0 17 1 0 0 0 44 13 0 0 17 0 0 0 17 16
5 0 37 25 0 0 0 0 0 0 0 0 0 0 0 0 0 0 0 0 0 0 0 0 0 0 0 0 34 0 0 0 0 0 17 8 0 29 0 21 0
2 0 4 0 0 0 0 0 0 0 0 0 0 0 0 0 0 0 0 0 0 0 1 1 0 0 17 1 0 0 0 46 14 0 0 16 0 0 0 16 17
13 0 12 2 0 0 0 0 0 0 0 0 0 0 0 0 0 0 0 0 0 0 3 2 0 0 13 0 0 0 0 45 15 2 0 21 0 0 0 14 22
16 0 17 5 0 0 0 0 0 0 0 0 0 0 0 0 0 0 0 0 0 0 4 2 0 0 12 0 0 0 0 43 14 1 0 23 0 0 0 15 22
10 0 39 24 0 0 0 0 0 0 0 0 0 0 0 0 0 0 0 0 0 0 0 0 1 0 0 0 33 0 0 0 0 0 18 10 0 29 0 21 0
13 0 40 24 0 0 0 0 0 0 0 0 0 0 0 0 0 0 0 0 0 0 0 0 1 0 0 0 33 0 0 0 0 0 19 12 0 30 0 21 0
27 0 38 19 0 0 0 0 0 0 0 0 0 0 0 0 0 0 0 0 0 0 2 3 1 0 0 0 21 0 0 7 1 0 16 22 0 20 0 16 10
22 0 41 22 0 0 0 0 0 0 0 0 0 0 0 0 0 0 0 0 0 0 0 2 1 0 0 0 26 0 0 0 0 0 19 18 0 25 0 20 3
3 0 4 0 0 0 0 0 0 0 0 0 0 0 0 0 0 0 0 0 0 0 1 1 0 0 17 0 0 0 0 46 14 1 0 16 0 0 0 15 17
0 0 3 0 0 0 0 0 0 0 0 0 0 0 0 0 0 0 0 0 0 0 0 1 0 0 18 0 0 0 0 46 14 0 0 16 0 0 0 18 16
5 0 37 26 0 0 0 0 0 0 0 0 0 0 0 0 0 0 0 0 0 0 0 0 0 0 0 0 34 0 0 0 0 0 17 8 0 30 0 21 0
27 0 31 14 0 0 0 0 0 0 0 0 0 0 0 0 0 0 0 0 0 0 3 3 1 0 0 0 11 0 0 22 7 0 12 23 0 11 0 12 16
0 0 2 0 0 0 0 0 0 0 0 0 0 0 0 0 0 0 0 0 0 0 0 1 0 0 18 1 0 0 0 44 13 0 0 15 0 0 0 18 15
17 0 16 5 0 0 0 0 0 0 0 0 0 0 0 0 0 0 0 0 0 0 3 2 0 0 11 0 0 0 0 44 14 2 0 20 0 0 0 12 22
11 0 12 1 0 0 0 0 0 0 0 0 0 0 0 0 0 0 0 0 0 0 3 2 0 0 14 0 0 0 0 45 14 1 0 20 0 0 0 14 21
5 0 6 0 0 0 0 0 0 0 0 0 0 0 0 0 0 0 0 0 0 0 2 1 0 0 17 0 0 0 0 46 14 1 0 17 0 0 0 15 19
28 0 33 15 0 0 0 0 0 0 0 0 0 0 0 0 0 0 0 0 0 0 2 3 0 0 0 0 12 0 0 20 6 0 14 24 0 13 0 13 16
28 0 32 15 0 0 0 0 0 0 0 0 0 0 0 0 0 0 0 0 0 0 3 3 1 0 0 0 13 0 0 19 6 0 13 23 0 13 0 12 15
5 0 7 0 0 0 0 0 0 0 0 0 0 0 0 0 0 0 0 0 0 0 2 1 0 0 16 0 0 0 0 46 14 1 0 18 0 0 0 16 19
21 0 41 22 0 0 0 0 0 0 0 0 0 0 0 0 0 0 0 0 0 0 0 1 1 0 0 0 27 0 0 0 0 0 18 17 0 26 0 20 1
0 0 24 31 0 0 0 0 0 0 0 0 0 0 0 0 0 0 0 0 0 0 0 0 0 0 0 0 43 0 0 0 0 0 14 0 0 30 0 15 0
27 0 33 16 0 0 0 0 0 0 0 0 0 0 0 0 0 0 0 0 0 0 2 3 1 0 0 0 14 0 0 18 5 0 13 24 0 14 0 13 14
6 0 8 0 0 0 0 0 0 0 0 0 0 0 0 0 0 0 0 0 0 0 2 1 0 0 16 0 0 0 0 45 14 1 0 18 0 0 0 15 19
12 0 11 1 0 0 0 0 0 0 0 0 0 0 0 0 0 0 0 0 0 0 3 2 0 0 14 0 0 0 0 46 15 2 0 20 0 0 0 13 21
3 0 6 0 0 0 0 0 0 0 0 0 0 0 0 0 0 0 0 0 0 0 1 1 0 0 17 0 0 0 0 45 14 0 0 18 0 0 0 17 17
0 0 35 26 0 0 0 0 0 0 0 0 0 0 0 0 0 0 0 0 0 0 0 0 0 0 0 0 35 0 0 0 0 0 16 6 0 29 0 19 0
26 0 39 19 0 0 0 0 0 0 0 0 0 0 0 0 0 0 0 0 0 0 1 3 1 0 0 0 22 0 0 4 0 0 15 21 0 21 0 18 8
28 0 28 12 0 0 0 0 0 0 0 0 0 0 0 0 0 0 0 0 0 0 3 3 0 0 1 0 6 0 0 26 9 0 9 25 0 7 0 10 19
28 0 37 18 0 0 0 0 0 0 0 0 0 0 0 0 0 0 0 0 0 0 2 3 1 0 0 0 19 0 0 11 2 0 15 23 0 18 0 15 11
7 0 6 0 0 0 0 0 0 0 0 0 0 0 0 0 0 0 0 0 0 0 2 1 0 0 16 0 0 0 0 47 15 2 0 17 0 0 0 14 20
9 0 12 1 0 0 0 0 0 0 0 0 0 0 0 0 0 0 0 0 0 0 2 1 0 0 15 0 0 0 0 44 14 1 0 21 0 0 0 17 19
23 0 23 9 0 0 0 0 0 0 0 0 0 0 0 0 0 0 0 0 0 0 3 3 0 0 5 0 0 0 0 36 12 0 6 23 0 0 0 12 21
7 0 7 0 0 0 0 0 0 0 0 0 0 0 0 0 0 0 0 0 0 0 2 2 0 0 16 0 0 0 0 47 15 2 0 18 0 0 0 14 19
21 0 22 9 0 0 0 0 0 0 0 0 0 0 0 0 0 0 0 0 0 0 3 3 0 0 7 0 0 0 0 38 13 0 4 24 0 0 0 14 22
5 0 8 0 0 0 0 0 0 0 0 0 0 0 0 0 0 0 0 0 0 0 1 1 0 0 16 0 0 0 0 45 14 0 0 19 0 0 0 17 18
12 0 39 24 0 0 0 0 0 0 0 0 0 0 0 0 0 0 0 0 0 0 0 0 1 0 0 0 33 0 0 0 0 0 18 11 0 30 0 21 0
22 0 21 8 0 0 0 0 0 0 0 0 0 0 0 0 0 0 0 0 0 0 3 2 0 0 7 0 0 0 0 38 13 1 3 22 0 0 0 11 22
1 0 4 0 0 0 0 0 0 0 0 0 0 0 0 0 0 0 0 0 0 0 1 1 0 0 17 0 0 0 0 46 14 0 0 16 0 0 0 17 17
8 0 9 0 0 0 0 0 0 0 0 0 0 0 0 0 0 0 0 0 0 0 2 2 0 0 15 0 0 0 0 47 15 1 0 19 0 0 0 14 20
0 0 0 0 0 0 0 0 0 0 0 0 0 0 0 0 0 0 0 0 0 0 0 0 0 0 20 1 0 0 0 43 13 0 0 17 0 0 0 20 12
21 0 23 9 0 0 0 0 0 0 0 0 0 0 0 0 0 0 0 0 0 0 3 2 0 0 8 0 0 0 0 38 13 0 4 24 0 0 0 15 22
27 0 37 18 0 0 0 0 0 0 0 0 0 0 0 0 0 0 0 0 0 0 2 3 1 0 0 0 19 0 0 10 2 0 15 22 0 18 0 16 10
18 0 41 23 0 0 0 0 0 0 0 0 0 0 0 0 0 0 0 0 0 0 0 1 1 0 0 0 31 0 0 0 0 0 19 14 0 29 0 22 0
25 0 27 12 0 0 0 0 0 0 0 0 0 0 0 0 0 0 0 0 0 0 3 3 0 0 2 0 4 0 0 29 10 0 9 23 0 5 0 12 19
14 0 15 3 0 0 0 0 0 0 0 0 0 0 0 0 0 0 0 0 0 0 3 2 0 0 12 0 0 0 0 44 14 2 0 21 0 0 0 14 22
8 0 7 0 0 0 0 0 0 0 0 0 0 0 0 0 0 0 0 0 0 0 3 2 0 0 16 0 0 0 0 47 15 2 0 18 0 0 0 13 20
0 0 2 0 0 0 0 0 0 0 0 0 0 0 0 0 0 0 0 0 0 0 0 0 0 0 18 1 0 0 0 44 13 0 0 16 0 0 0 19 15
29 0 33 16 0 0 0 0 0 0 0 0 0 0 0 0 0 0 0 0 0 0 3 3 1 0 0 0 14 0 0 16 5 0 14 24 0 15 0 12 14
14 0 13 3 0 0 0 0 0 0 0 0 0 0 0 0 0 0 0 0 0 0 3 2 0 0 13 0 0 0 0 46 15 2 0 20 0 0 0 13 22
6 0 7 0 0 0 0 0 0 0 0 0 0 0 0 0 0 0 0 0 0 0 2 1 0 0 16 0 0 0 0 46 14 1 0 18 0 0 0 15 19
19 0 40 22 0 0 0 0 0 0 0 0 0 0 0 0 0 0 0 0 0 0 0 1 1 0 0 0 28 0 0 0 0 0 18 16 0 27 0 20 0
9 0 9 0 0 0 0 0 0 0 0 0 0 0 0 0 0 0 0 0 0 0 3 2 0 0 15 0 0 0 0 47 15 2 0 18 0 0 0 13 20
14 0 14 3 0 0 0 0 0 0 0 0 0 0 0 0 0 0 0 0 0 0 3 2 0 0 13 0 0 0 0 45 14 2 0 21 0 0 0 13 22
0 0 0 0 0 0 0 0 0 0 0 0 0 0 0 0 0 0 0 0 0 0 0 0 0 0 20 1 0 0 0 44 13 0 0 16 0 0 0 20 13
8 0 9 0 0 0 0 0 0 0 0 0 0 0 0 0 0 0 0 0 0 0 2 2 0 0 15 0 0 0 0 45 14 1 0 19 0 0 0 15 19
4 0 6 0 0 0 0 0 0 0 0 0 0 0 0 0 0 0 0 0 0 0 1 1 0 0 16 0 0 0 0 45 14 1 0 17 0 0 0 16 18
17 0 18 5 0 0 0 0 0 0 0 0 0 0 0 0 0 0 0 0 0 0 3 2 0 0 11 0 0 0 0 42 14 1 0 23 0 0 0 14 22
19 0 41 23 0 0 0 0 0 0 0 0 0 0 0 0 0 0 0 0 0 0 0 1 1 0 0 0 29 0 0 0 0 0 19 15 0 28 0 21 0
8 0 37 24 0 0 0 0 0 0 0 0 0 0 0 0 0 0 0 0 0 0 0 0 0 0 0 0 32 0 0 0 0 0 18 9 0 29 0 20 0
2 0 3 0 0 0 0 0 0 0 0 0 0 0 0 0 0 0 0 0 0 0 1 1 0 0 18 1 0 0 0 47 14 1 0 16 0 0 0 16 17
0 0 34 25 0 0 0 0 0 0 0 0 0 0 0 0 0 0 0 0 0 0 0 0 0 0 0 0 34 0 0 0 0 0 17 7 0 29 0 18 0
23 0 41 22 0 0 0 0 0 0 0 0 0 0 0 0 0 0 0 0 0 0 0 2 1 0 0 0 27 0 0 0 0 0 19 19 0 26 0 20 2
28 0 32 15 0 0 0 0 0 0 0 0 0 0 0 0 0 0 0 0 0 0 3 3 1 0 0 0 13 0 0 18 5 0 13 23 0 13 0 11 15
14 0 14 3 0 0 0 0 0 0 0 0 0 0 0 0 0 0 0 0 0 0 3 2 0 0 12 0 0 0 0 45 15 2 0 21 0 0 0 14 22
11 0 11 1 0 0 0 0 0 0 0 0 0 0 0 0 0 0 0 0 0 0 3 2 0 0 14 0 0 0 0 46 15 2 0 19 0 0 0 14 21
19 0 19 6 0 0 0 0 0 0 0 0 0 0 0 0 0 0 0 0 0 0 4 2 0 0 9 0 0 0 0 41 14 1 0 22 0 0 0 12 22
24 0 24 10 0 0 0 0 0 0 0 0 0 0 0 0 0 0 0 0 0 0 3 3 0 0 5 0 0 0 0 35 12 0 6 23 0 0 0 12 21
9 0 8 0 0 0 0 0 0 0 0 0 0 0 0 0 0 0 0 0 0 0 3 2 0 0 15 0 0 0 0 48 15 2 0 18 0 0 0 13 21
15 0 15 4 0 0 0 0 0 0 0 0 0 0 0 0 0 0 0 0 0 0 3 2 0 0 13 0 0 0 0 44 15 2 0 23 0 0 0 15 22
10 0 10 0 0 0 0 0 0 0 0 0 0 0 0 0 0 0 0 0 0 0 3 2 0 0 15 0 0 0 0 46 15 2 0 19 0 0 0 14 20
25 0 24 10 0 0 0 0 0 0 0 0 0 0 0 0 0 0 0 0 0 0 3 3 0 0 5 0 0 0 0 35 12 0 6 24 0 0 0 11 22
28 0 39 19 0 0 0 0 0 0 0 0 0 0 0 0 0 0 0 0 0 0 1 3 1 0 0 0 21 0 0 7 1 0 16 23 0 21 0 16 10
28 0 29 13 0 0 0 0 0 0 0 0 0 0 0 0 0 0 0 0 0 0 3 3 0 0 0 0 9 0 0 24 8 0 11 23 0 9 0 11 17
10 0 10 0 0 0 0 0 0 0 0 0 0 0 0 0 0 0 0 0 0 0 3 2 0 0 15 0 0 0 0 46 15 2 0 20 0 0 0 14 20
20 0 20 8 0 0 0 0 0 0 0 0 0 0 0 0 0 0 0 0 0 0 3 2 0 0 7 0 0 0 0 39 13 1 4 21 0 0 0 12 21
7 0 7 0 0 0 0 0 0 0 0 0 0 0 0 0 0 0 0 0 0 0 2 1 0 0 16 0 0 0 0 47 15 2 0 17 0 0 0 14 19
17 0 17 5 0 0 0 0 0 0 0 0 0 0 0 0 0 0 0 0 0 0 4 2 0 0 12 0 0 0 0 43 14 2 0 23 0 0 0 13 22
0 0 29 28 0 0 0 0 0 0 0 0 0 0 0 0 0 0 0 0 0 0 0 0 0 0 0 0 38 0 0 0 0 0 15 0 0 30 0 17 0
28 0 30 14 0 0 0 0 0 0 0 0 0 0 0 0 0 0 0 0 0 0 3 3 0 0 0 0 10 0 0 23 7 0 11 24 0 10 0 10 17
23 0 23 9 0 0 0 0 0 0 0 0 0 0 0 0 0 0 0 0 0 0 3 3 0 0 7 0 0 0 0 37 13 0 4 24 0 0 0 13 22
17 0 15 4 0 0 0 0 0 0 0 0 0 0 0 0 0 0 0 0 0 0 3 2 0 0 10 0 0 0 0 44 14 2 0 19 0 0 0 11 22
26 0 26 11 0 0 0 0 0 0 0 0 0 0 0 0 0 0 0 0 0 0 3 3 0 0 3 0 2 0 0 31 11 0 8 24 0 4 0 11 20
13 0 39 24 0 0 0 0 0 0 0 0 0 0 0 0 0 0 0 0 0 0 0 0 1 0 0 0 32 0 0 0 0 0 19 12 0 30 0 21 0
0 0 1 0 0 0 0 0 0 0 0 0 0 0 0 0 0 0 0 0 0 0 0 0 0 0 18 1 0 0 0 44 13 0 0 15 0 0 0 19 14
30 0 35 16 0 0 0 0 0 0 0 0 0 0 0 0 0 0 0 0 0 0 3 3 0 0 0 0 14 0 0 18 6 0 14 26 0 14 0 13 16
23 0 23 9 0 0 0 0 0 0 0 0 0 0 0 0 0 0 0 0 0 0 3 3 0 0 5 0 0 0 0 35 12 0 6 22 0 0 0 11 21
9 0 9 0 0 0 0 0 0 0 0 0 0 0 0 0 0 0 0 0 0 0 3 2 0 0 15 0 0 0 0 46 15 2 0 19 0 0 0 14 20
5 0 8 0 0 0 0 0 0 0 0 0 0 0 0 0 0 0 0 0 0 0 1 1 0 0 16 0 0 0 0 44 14 0 0 19 0 0 0 17 17
26 0 40 20 0 0 0 0 0 0 0 0 0 0 0 0 0 0 0 0 0 0 1 3 1 0 0 0 24 0 0 1 0 0 17 21 0 24 0 18 6
6 0 6 0 0 0 0 0 0 0 0 0 0 0 0 0 0 0 0 0 0 0 2 2 0 0 16 0 0 0 0 47 14 2 0 17 0 0 0 14 19
24 0 23 10 0 0 0 0 0 0 0 0 0 0 0 0 0 0 0 0 0 0 3 3 0 0 4 0 0 0 0 35 12 0 6 23 0 0 0 11 21
11 0 12 1 0 0 0 0 0 0 0 0 0 0 0 0 0 0 0 0 0 0 3 2 0 0 14 0 0 0 0 45 14 2 0 20 0 0 0 15 20
3 0 4 0 0 0 0 0 0 0 0 0 0 0 0 0 0 0 0 0 0 0 1 1 0 0 17 0 0 0 0 46 14 1 0 16 0 0 0 15 18
25 0 26 12 0 0 0 0 0 0 0 0 0 0 0 0 0 0 0 0 0 0 3 3 1 0 2 0 5 0 0 27 9 0 8 22 0 6 0 10 18
27 0 34 16 0 0 0 0 0 0 0 0 0 0 0 0 0 0 0 0 0 0 2 3 1 0 0 0 14 0 0 17 5 0 14 23 0 14 0 15 14
21 0 41 22 0 0 0 0 0 0 0 0 0 0 0 0 0 0 0 0 0 0 0 2 1 0 0 0 28 0 0 0 0 0 19 16 0 27 0 20 0
16 0 41 23 0 0 0 0 0 0 0 0 0 0 0 0 0 0 0 0 0 0 0 1 1 0 0 0 31 0 0 0 0 0 19 13 0 29 0 22 0
9 0 9 0 0 0 0 0 0 0 0 0 0 0 0 0 0 0 0 0 0 0 2 1 0 0 15 0 0 0 0 46 15 2 0 19 0 0 0 14 20
18 0 18 6 0 0 0 0 0 0 0 0 0 0 0 0 0 0 0 0 0 0 3 2 0 0 10 0 0 0 0 42 14 1 0 22 0 0 0 13 22
27 0 28 13 0 0 0 0 0 0 0 0 0 0 0 0 0 0 0 0 0 0 3 3 0 0 1 0 6 0 0 28 9 0 10 24 0 7 0 11 19
27 0 28 12 0 0 0 0 0 0 0 0 0 0 0 0 0 0 0 0 0 0 3 3 0 0 1 0 6 0 0 28 9 0 11 23 0 6 0 11 19
18 0 17 5 0 0 0 0 0 0 0 0 0 0 0 0 0 0 0 0 0 0 4 2 0 0 11 0 0 0 0 43 14 2 0 22 0 0 0 12 22
25 0 26 12 0 0 0 0 0 0 0 0 0 0 0 0 0 0 0 0 0 0 3 3 0 0 3 0 3 0 0 30 10 0 8 24 0 4 0 11 19
0 0 0 0 0 0 0 0 0 0 0 0 0 0 0 0 0 0 0 0 0 0 0 0 0 0 19 1 0 0 0 44 13 0 0 15 0 0 0 19 14
11 0 11 1 0 0 0 0 0 0 0 0 0 0 0 0 0 0 0 0 0 0 3 2 0 0 14 0 0 0 0 46 15 2 0 19 0 0 0 14 21
29 0 38 18 0 0 0 0 0 0 0 0 0 0 0 0 0 0 0 0 0 0 2 3 1 0 0 0 19 0 0 10 2 0 16 24 0 19 0 16 11
29 0 33 15 0 0 0 0 0 0 0 0 0 0 0 0 0 0 0 0 0 0 3 3 0 0 0 0 13 0 0 19 6 0 13 25 0 13 0 12 16
0 0 2 0 0 0 0 0 0 0 0 0 0 0 0 0 0 0 0 0 0 0 0 1 0 0 18 1 0 0 0 45 13 0 0 15 0 0 0 18 15
5 0 6 0 0 0 0 0 0 0 0 0 0 0 0 0 0 0 0 0 0 0 2 1 0 0 16 0 0 0 0 46 14 1 0 17 0 0 0 15 18
7 0 37 25 0 0 0 0 0 0 0 0 0 0 0 0 0 0 0 0 0 0 0 0 0 0 0 0 33 0 0 0 0 0 18 9 0 30 0 20 0
4 0 37 25 0 0 0 0 0 0 0 0 0 0 0 0 0 0 0 0 0 0 0 0 0 0 0 0 34 0 0 0 0 0 18 8 0 30 0 20 0
21 0 20 7 0 0 0 0 0 0 0 0 0 0 0 0 0 0 0 0 0 0 3 3 0 0 9 0 0 0 0 41 14 1 1 24 0 0 0 13 23
18 0 41 22 0 0 0 0 0 0 0 0 0 0 0 0 0 0 0 0 0 0 0 1 1 0 0 0 29 0 0 0 0 0 18 15 0 27 0 21 0
3 0 5 0 0 0 0 0 0 0 0 0 0 0 0 0 0 0 0 0 0 0 1 1 0 0 17 0 0 0 0 46 14 1 0 17 0 0 0 16 18
29 0 37 18 0 0 0 0 0 0 0 0 0 0 0 0 0 0 0 0 0 0 2 3 1 0 0 0 21 0 0 7 1 0 15 24 0 21 0 14 11
18 0 18 6 0 0 0 0 0 0 0 0 0 0 0 0 0 0 0 0 0 0 3 2 0 0 10 0 0 0 0 43 14 1 0 22 0 0 0 14 23
21 0 21 8 0 0 0 0 0 0 0 0 0 0 0 0 0 0 0 0 0 0 3 2 0 0 7 0 0 0 0 38 13 1 3 22 0 0 0 11 21
17 0 17 5 0 0 0 0 0 0 0 0 0 0 0 0 0 0 0 0 0 0 3 2 0 0 11 0 0 0 0 44 14 1 0 23 0 0 0 14 23
