0 0 1 0 0 1 0 0 2 5 0 0 0 1 0 0 0 0 0 2 0 0 0 1 5 4 2 0 0 0 6 0 0 0 0 0 0 1 2 0 1
0 0 7 0 0 6 0 4 0 14 1 1 2 3 0 0 1 0 0 7 0 0 0 5 8 14 7 0 1 0 12 2 0 4 0 0 0 0 6 0 0
0 0 7 0 0 5 0 10 0 7 2 0 5 0 0 4 0 0 6 7 0 0 0 0 1 7 8 0 1 0 1 0 0 0 0 3 0 0 7 0 0
0 0 2 0 0 2 0 0 1 8 0 0 0 2 0 0 1 0 0 1 0 0 0 2 8 6 1 0 0 0 10 0 0 1 0 0 0 1 0 0 0
0 0 6 0 0 5 0 4 0 9 1 0 2 1 0 0 0 0 0 5 0 0 0 2 5 8 6 0 1 0 7 1 0 2 0 0 0 0 5 0 0
0 2 0 8 0 0 0 1 5 0 0 0 0 0 3 12 0 0 9 0 2 0 1 0 0 0 0 0 0 0 0 0 0 0 14 12 0 3 0 8 5
0 0 0 0 0 1 0 0 5 8 0 0 0 3 0 0 2 0 0 0 0 0 0 2 10 5 0 0 0 0 11 0 0 1 0 0 0 3 0 0 2
0 0 0 4 0 0 0 0 11 0 0 0 0 0 0 0 0 0 0 0 2 1 0 0 3 0 0 0 0 0 2 0 0 0 6 0 0 7 0 0 6
0 0 8 0 0 6 0 8 0 11 1 0 4 0 0 0 0 0 0 7 0 0 0 2 4 11 9 0 1 0 6 1 0 2 0 0 0 0 7 0 0
0 0 6 0 0 3 0 6 0 4 1 0 2 0 0 4 0 0 3 5 1 0 0 0 1 5 5 0 0 0 1 0 0 0 0 4 0 0 4 0 0
0 0 9 0 0 8 0 8 0 15 1 1 4 2 0 0 0 0 0 8 0 0 0 5 7 15 10 0 2 0 10 2 0 4 0 0 0 0 9 0 0
0 0 0 0 0 2 0 0 3 8 0 0 0 2 0 0 1 0 0 0 0 0 0 2 8 6 0 0 0 0 10 0 0 1 0 0 0 1 1 0 1
0 0 4 0 0 4 0 1 0 11 0 0 0 2 0 0 1 0 0 4 0 0 0 4 8 10 4 0 0 0 11 1 0 3 0 0 0 0 4 0 0
0 2 0 17 0 0 0 0 23 0 0 0 0 0 4 6 0 0 2 0 4 5 1 0 0 0 0 0 0 0 0 0 0 0 21 9 0 15 0 11 16
0 0 5 0 0 4 0 3 0 10 0 0 0 2 0 0 1 0 0 4 0 0 0 3 8 9 5 0 0 0 10 1 0 3 0 0 0 0 4 0 0
0 1 0 9 0 0 0 0 9 0 0 0 0 0 2 9 0 0 6 0 2 1 0 0 0 0 0 0 0 0 0 0 0 0 13 9 0 5 0 7 7
0 0 0 1 0 1 0 0 7 3 0 0 0 0 0 0 0 0 0 0 1 0 0 1 5 2 0 0 0 0 6 0 0 0 0 0 0 4 0 0 2
0 1 0 10 0 0 0 0 14 0 0 0 0 0 2 4 0 0 2 0 3 2 0 0 0 0 0 0 0 0 0 0 0 0 12 7 0 9 0 5 9
0 0 1 0 0 1 0 2 0 4 0 0 1 0 0 0 0 0 0 1 1 0 0 1 2 3 2 0 0 0 2 0 0 0 0 1 0 0 2 0 0
0 0 0 4 0 0 0 0 11 0 0 0 0 0 0 0 0 0 0 0 2 1 0 0 3 0 0 0 0 0 3 0 0 0 5 0 0 7 0 0 5
0 0 7 0 0 4 0 12 0 7 2 0 7 0 0 6 0 0 8 8 0 0 0 0 0 7 10 0 2 0 0 0 0 0 0 3 0 0 9 0 0
0 0 1 0 0 2 0 0 0 9 0 0 0 2 0 0 2 0 0 2 0 0 0 3 9 7 1 0 0 0 11 0 0 2 0 0 0 0 1 0 0
0 2 0 10 0 0 0 0 9 0 0 0 0 0 3 10 0 0 9 0 3 1 0 0 0 0 0 0 0 0 0 0 0 0 16 12 0 6 0 9 8
0 0 0 4 0 0 0 0 13 0 0 0 0 0 0 0 1 0 0 0 2 1 0 0 4 0 0 0 0 0 3 0 0 0 6 0 0 9 0 0 6
0 0 6 0 0 2 0 7 0 2 2 0 4 0 0 5 0 0 6 4 0 0 0 0 0 3 5 0 0 0 0 0 0 0 1 5 0 0 5 1 0
0 0 1 0 0 1 0 1 4 3 0 0 0 0 0 0 0 0 0 1 1 0 0 1 2 2 1 0 0 0 3 0 0 0 1 1 0 1 1 0 1
0 0 3 3 0 1 0 2 4 0 0 0 0 0 0 5 0 0 3 0 2 0 0 0 0 0 1 0 0 0 0 0 0 0 6 7 0 2 0 2 2
0 0 6 0 0 4 0 6 0 8 1 0 2 0 0 0 0 0 1 5 0 0 0 1 4 8 6 0 0 0 5 0 0 1 0 0 0 0 6 0 0
0 0 10 0 0 8 0 9 0 15 2 1 5 1 0 0 0 0 0 9 0 0 0 4 5 15 11 0 2 0 8 2 0 2 0 0 0 0 9 0 0
0 0 5 0 0 5 0 3 0 13 1 0 1 3 0 0 1 0 0 5 0 0 0 4 8 11 6 0 1 0 12 1 0 4 0 0 0 0 6 0 0
0 0 0 8 0 0 0 0 14 0 0 0 0 0 1 2 0 0 0 0 2 2 0 0 0 0 0 0 0 0 0 0 0 0 10 5 0 9 0 4 8
0 0 0 0 0 1 0 0 4 6 0 0 0 1 0 0 1 0 0 0 1 0 0 2 7 4 0 0 0 0 8 0 0 1 0 0 0 2 0 0 1
0 0 2 0 0 2 0 1 1 6 0 0 0 1 0 0 0 0 0 2 1 0 0 2 5 5 2 0 0 0 7 0 0 1 0 0 0 0 2 0 0
0 0 2 0 0 2 0 3 0 4 1 0 1 0 0 0 0 0 1 2 0 0 0 0 3 3 3 0 0 0 4 0 0 0 0 1 0 0 3 0 0
0 0 9 0 0 6 0 15 0 13 3 0 9 0 0 2 0 0 7 11 0 0 0 0 2 13 13 0 3 0 2 1 0 0 0 0 0 0 13 0 0
0 0 3 0 0 4 0 1 0 9 0 0 0 2 0 0 1 0 0 3 0 0 0 3 8 8 3 0 0 0 10 1 0 2 0 0 0 0 3 0 0
0 0 6 0 0 3 0 8 0 2 1 0 3 0 0 7 0 0 6 5 0 0 0 0 0 3 6 0 1 0 0 0 0 0 2 6 0 0 5 1 0
0 0 0 4 0 0 0 3 3 0 0 0 0 0 2 8 0 0 7 0 0 0 0 0 0 0 0 0 0 0 0 0 0 0 8 8 1 2 1 4 3
0 0 0 0 0 0 0 0 7 7 0 0 0 2 0 0 2 0 0 0 1 0 0 2 10 4 0 0 0 0 11 0 0 0 0 0 0 5 0 0 3
0 0 0 5 0 0 0 0 10 0 0 0 0 0 0 0 0 0 0 0 2 1 0 0 0 0 0 0 0 0 0 0 0 0 6 4 0 6 0 1 5
0 0 5 0 0 5 0 5 0 10 1 0 2 1 0 0 0 0 0 5 0 0 0 3 6 10 6 0 1 0 8 1 0 2 0 0 0 0 5 0 0
0 0 0 0 0 1 0 0 4 6 0 0 0 2 0 0 1 0 0 0 0 0 0 2 7 4 0 0 0 0 8 0 0 1 0 0 0 2 0 0 1
0 0 9 0 0 7 0 12 0 13 3 0 8 0 0 1 0 0 4 10 0 0 0 1 2 13 12 0 3 0 3 1 0 0 0 0 0 0 11 0 0
0 0 2 1 0 1 0 0 5 3 0 0 0 0 0 0 0 0 0 0 1 0 0 1 4 2 1 0 0 0 4 0 0 0 1 1 0 2 0 0 1
0 0 0 4 0 0 0 1 5 0 0 0 0 0 1 4 0 0 4 0 2 0 0 0 0 0 0 0 0 0 0 0 0 0 8 6 0 3 0 3 4
0 0 8 0 0 7 0 9 0 14 1 0 5 1 0 0 0 0 0 9 0 0 0 3 6 14 10 0 2 0 9 1 0 3 0 0 0 0 9 0 0
0 1 0 11 0 0 0 0 16 0 0 0 0 0 3 4 0 0 2 0 3 3 0 0 0 0 0 0 0 0 0 0 0 0 14 7 0 10 0 7 11
0 0 0 6 0 0 0 0 8 0 0 0 0 0 2 6 0 0 5 0 2 1 0 0 0 0 0 0 0 0 0 0 0 0 11 8 0 5 0 4 6
0 1 0 13 0 0 0 0 19 0 0 0 0 0 3 3 0 0 1 0 4 4 0 0 0 0 0 0 0 0 0 0 0 0 16 6 0 13 0 8 13
0 0 4 0 0 3 0 4 0 5 1 0 2 0 0 0 0 0 1 3 0 0 0 0 3 5 4 0 0 0 5 0 0 1 0 0 0 0 3 0 0
0 0 5 0 0 3 0 5 0 5 1 0 2 0 0 2 0 0 2 3 0 0 0 0 2 4 5 0 0 0 3 0 0 0 0 2 0 0 4 0 0
0 0 0 1 0 0 0 0 9 5 0 0 0 2 0 0 2 0 0 0 1 1 0 1 9 2 0 0 0 0 9 0 0 0 0 0 0 7 0 0 5
0 0 4 0 0 2 0 3 1 3 0 0 1 0 0 2 0 0 1 3 1 0 0 1 3 3 3 0 0 0 3 0 0 1 0 3 0 0 3 0 0
1 0 8 0 0 8 0 7 0 16 1 1 4 3 0 0 0 0 0 8 0 0 0 5 8 15 10 0 2 0 12 2 0 4 0 0 0 0 9 0 0
0 1 0 11 0 0 0 0 16 0 0 0 0 0 2 3 0 0 2 0 3 3 0 0 0 0 0 0 0 0 0 0 0 0 14 7 0 10 0 6 10
1 0 8 0 0 7 0 6 0 15 1 1 3 3 0 0 0 0 0 8 0 0 0 5 8 15 9 0 1 0 11 2 0 4 0 0 0 0 8 0 0
0 0 2 4 0 0 0 3 2 0 0 0 1 0 1 9 0 0 8 1 1 0 0 0 0 0 0 0 0 0 0 0 0 0 10 10 0 2 0 5 2
0 1 0 8 0 0 0 0 9 0 0 0 0 0 3 7 0 0 5 0 3 2 0 0 0 0 0 0 0 0 0 0 0 0 14 8 0 6 0 6 8
0 0 8 0 0 7 0 9 0 11 2 0 5 0 0 0 0 0 1 8 0 0 0 2 4 11 10 0 2 0 5 1 0 1 0 0 0 0 8 0 0
0 0 0 5 0 0 0 0 14 0 0 0 0 0 0 0 0 0 0 0 2 1 0 0 4 0 0 0 0 0 3 0 0 0 6 0 0 9 0 0 7
0 0 0 7 0 0 0 0 9 0 0 0 0 0 2 5 0 0 3 0 2 1 0 0 0 0 0 0 0 0 0 0 0 0 10 7 0 6 0 4 6
0 0 0 5 0 0 0 0 14 0 0 0 0 0 0 0 0 0 0 0 2 1 0 0 3 0 0 0 0 0 2 0 0 0 6 0 0 9 0 0 8
0 0 5 0 0 5 0 1 0 14 0 1 0 4 0 0 2 0 0 5 0 0 0 6 11 12 5 0 0 0 14 1 0 5 0 0 0 0 5 0 0
0 1 0 13 0 0 0 0 16 0 0 0 0 0 3 8 0 0 5 0 3 3 0 0 0 0 0 0 0 0 0 0 0 0 16 10 0 10 0 8 10
0 0 0 5 0 0 0 0 12 0 0 0 0 0 0 0 0 0 0 0 1 1 0 0 2 0 0 0 0 0 1 0 0 0 6 1 0 7 0 1 6
0 0 9 0 0 8 0 6 0 17 1 1 2 3 0 0 1 0 0 8 0 0 0 7 9 17 10 0 1 0 14 3 0 6 0 0 0 0 9 0 0
0 0 4 0 0 4 0 0 0 8 0 0 0 2 0 0 1 0 0 2 0 0 0 3 7 8 3 0 0 0 10 1 0 2 0 0 0 0 2 0 0
0 0 0 7 0 0 0 0 11 0 0 0 0 0 1 3 0 0 3 0 2 2 0 0 0 0 0 0 0 0 0 0 0 0 9 6 0 6 0 3 6
0 1 0 10 0 0 0 0 14 0 0 0 0 0 2 4 0 0 3 0 3 2 0 0 0 0 0 0 0 0 0 0 0 0 12 6 0 9 0 5 9
0 0 6 0 0 5 0 1 0 12 0 1 0 3 0 0 2 0 0 4 0 0 0 5 9 11 5 0 0 0 12 1 0 4 0 0 0 0 5 0 0
0 0 7 0 0 4 0 13 0 8 3 0 7 0 0 6 0 0 9 9 0 0 0 0 0 8 10 0 2 0 0 0 0 0 0 3 0 0 9 0 0
0 0 0 8 0 0 0 0 13 0 0 0 0 0 1 3 0 0 2 0 2 2 0 0 0 0 0 0 0 0 0 0 0 0 11 6 0 7 0 4 8
0 2 4 2 0 0 0 12 0 0 1 0 5 0 2 21 0 0 18 7 1 0 1 0 0 0 5 1 0 0 0 0 0 0 15 16 0 0 5 9 0
0 0 0 0 0 1 0 0 5 5 0 0 0 1 0 0 1 0 0 0 1 0 0 1 6 3 0 0 0 0 7 0 0 0 0 0 0 2 0 0 2
0 0 8 0 0 7 0 9 0 15 1 0 4 2 0 0 0 0 0 9 0 0 0 4 6 15 10 0 2 0 8 2 0 3 0 0 0 0 9 0 0
0 0 0 7 0 0 0 0 13 0 0 0 0 0 1 2 0 0 0 0 2 2 0 0 0 0 0 0 0 0 0 0 0 0 9 5 0 8 0 3 7
0 0 1 3 0 0 0 0 6 0 0 0 0 0 0 2 0 0 0 0 2 1 0 0 0 0 0 0 0 0 0 0 0 0 5 4 0 4 0 2 3
0 1 0 7 0 0 0 2 3 0 0 0 0 0 2 14 0 0 11 0 2 0 1 0 0 0 0 1 0 0 0 0 0 0 15 13 0 3 0 9 4
0 0 1 0 0 2 0 0 2 7 0 0 0 2 0 0 1 0 0 1 0 0 0 2 8 5 1 0 0 0 9 0 0 1 0 0 0 0 1 0 0
0 1 2 4 0 0 0 5 0 0 1 0 2 0 1 12 0 0 10 2 1 0 0 0 0 0 1 0 0 0 0 0 0 0 10 11 0 0 2 6 1
0 0 1 0 0 2 0 1 1 7 0 0 0 2 0 0 0 0 0 2 0 0 0 2 6 5 2 0 0 0 7 0 0 1 0 0 0 0 2 0 0
0 0 0 5 0 0 0 0 11 0 0 0 0 0 0 0 0 0 0 0 2 1 0 0 0 0 0 0 0 0 0 0 0 0 7 3 0 7 0 1 6
0 0 5 0 0 4 0 5 0 9 1 1 2 1 0 0 0 0 0 5 0 0 0 2 5 8 7 0 1 0 6 1 0 2 0 0 0 0 6 0 0
0 0 5 0 0 5 0 0 0 12 0 1 0 3 0 0 2 0 0 4 0 0 0 5 10 11 4 0 0 0 13 1 0 4 0 0 0 0 4 0 0
0 0 4 0 0 4 0 2 0 10 0 0 0 2 0 0 1 0 0 4 0 0 0 3 8 9 5 0 0 0 10 1 0 3 0 0 0 0 4 0 0
1 0 7 0 0 7 0 4 0 16 1 1 2 4 0 0 2 0 0 7 0 0 0 7 10 16 8 0 1 0 14 2 0 5 0 0 0 0 8 0 0
0 0 7 0 0 6 0 7 0 12 1 1 4 1 0 0 0 0 0 6 0 0 0 3 5 11 9 0 1 0 8 1 0 2 0 0 0 0 8 0 0
0 0 5 0 0 5 0 0 0 14 0 0 0 4 0 0 2 0 0 4 0 0 0 6 11 13 4 0 0 0 15 1 0 5 0 0 0 0 5 0 0
0 1 0 7 0 0 0 0 7 0 0 0 0 0 2 8 0 0 6 0 2 0 0 0 0 0 0 0 0 0 0 0 0 0 11 9 0 5 0 5 5
0 3 0 17 0 0 0 0 22 0 0 0 0 0 4 7 0 0 3 0 4 4 1 0 0 0 0 0 0 0 0 0 0 0 20 9 0 14 0 11 16
0 0 4 2 0 0 0 5 0 0 1 0 2 0 0 8 0 0 7 2 1 0 0 0 0 0 3 0 0 0 0 0 0 0 7 8 0 0 2 3 0
0 0 2 0 0 3 0 0 2 8 0 0 0 1 0 0 1 0 0 2 0 0 0 3 7 6 2 0 0 0 9 1 0 2 0 0 0 0 1 0 0
0 0 1 0 0 3 0 0 0 11 0 0 0 3 0 0 2 0 0 1 0 0 0 4 10 9 1 0 0 0 13 0 0 2 0 0 0 0 1 0 0
0 0 7 0 0 6 0 6 0 12 1 0 2 1 0 0 0 0 0 6 0 0 0 4 6 12 8 0 1 0 9 1 0 3 0 0 0 0 7 0 0
0 1 0 10 0 0 0 0 11 0 0 0 0 0 3 8 0 0 7 0 2 2 0 0 0 0 0 0 0 0 0 0 0 0 15 10 0 7 0 7 9
0 0 0 3 0 0 0 0 9 0 0 0 0 0 0 0 0 0 0 0 2 1 0 0 2 0 0 0 0 0 3 0 0 0 4 1 0 5 0 0 4
0 0 0 4 0 0 0 0 10 1 0 0 0 0 0 0 0 0 0 0 2 1 0 0 4 0 0 0 0 0 4 0 0 0 4 1 0 6 0 0 4
0 0 0 0 0 2 0 0 1 10 0 0 0 3 0 0 2 0 0 1 0 0 0 3 10 7 0 0 0 0 12 0 0 2 0 0 0 0 0 0 0
0 1 0 14 0 0 0 0 21 0 0 0 0 0 3 4 0 0 1 0 3 4 0 0 0 0 0 0 0 0 0 0 0 0 17 7 0 14 0 8 14
0 0 6 0 0 6 0 7 0 13 1 0 3 2 0 0 0 0 0 7 0 0 0 3 6 12 9 0 1 0 8 1 0 3 0 0 0 0 7 0 0
0 0 8 0 0 6 0 11 0 9 3 0 7 0 0 3 0 0 5 8 0 0 0 0 1 10 10 0 2 0 2 0 0 0 0 0 0 0 9 0 0
0 0 0 4 0 0 0 0 10 0 0 0 0 0 0 0 0 0 0 0 2 1 0 0 3 0 0 0 0 0 3 0 0 0 4 1 0 5 0 0 4
0 0 7 0 0 4 0 9 0 6 2 0 5 0 0 4 0 0 5 7 0 0 0 0 1 7 8 0 1 0 1 0 0 0 0 2 0 0 7 0 0
0 0 3 1 0 0 0 6 0 0 1 0 2 0 0 9 0 0 8 3 0 0 0 0 0 0 3 0 0 0 0 0 0 0 7 8 0 0 3 3 0
0 0 0 5 0 0 0 0 10 0 0 0 0 0 0 1 0 0 0 0 2 1 0 0 0 0 0 0 0 0 0 0 0 0 7 5 0 6 0 2 5
0 2 0 9 0 0 0 1 5 0 0 0 0 0 3 15 0 0 12 0 3 0 1 0 0 0 0 0 0 0 0 0 0 0 17 14 1 4 0 10 7
0 0 8 0 0 7 0 6 0 15 1 1 3 2 0 0 0 0 0 8 0 0 0 5 7 15 9 0 2 0 10 2 0 4 0 0 0 0 7 0 0
0 0 0 3 0 0 0 0 13 2 0 0 0 1 0 0 1 0 0 0 2 1 0 0 8 0 0 0 0 0 7 0 0 0 3 0 0 9 0 0 6
0 0 0 6 0 0 0 0 7 0 0 0 0 0 1 7 0 0 5 0 2 0 0 0 0 0 0 0 0 0 0 0 0 0 9 9 0 4 0 4 4
0 0 0 8 0 0 0 0 12 0 0 0 0 0 1 3 0 0 2 0 2 2 0 0 0 0 0 0 0 0 0 0 0 0 10 7 0 7 0 3 7
0 0 1 0 0 1 0 0 5 3 0 0 0 0 0 0 0 0 0 0 1 0 0 1 4 2 1 0 0 0 5 0 0 0 0 0 0 2 0 0 1
0 0 0 0 0 1 0 0 3 8 0 0 0 2 0 0 1 0 0 0 0 0 0 2 8 5 0 0 0 0 10 0 0 1 0 0 0 1 0 0 1
0 2 0 13 0 0 0 0 16 0 0 0 0 0 3 8 0 0 5 0 3 3 0 0 0 0 0 0 0 0 0 0 0 0 17 11 0 10 0 9 12
0 0 4 0 0 2 0 7 0 3 2 0 3 0 0 5 0 0 6 4 0 0 0 0 0 3 5 0 0 0 0 0 0 0 2 5 0 0 6 0 0
0 0 1 0 0 2 0 0 1 9 0 0 0 2 0 0 1 0 0 2 0 0 0 3 9 6 1 0 0 0 11 0 0 2 0 0 0 0 1 0 0
0 1 0 12 0 0 0 0 20 0 0 0 0 0 2 2 0 0 0 0 3 4 0 0 0 0 0 0 0 0 0 0 0 0 15 5 0 13 0 6 12
0 0 8 0 0 7 0 10 0 13 2 0 6 0 0 0 0 0 2 9 0 0 0 2 4 13 11 0 2 0 5 1 0 1 0 0 0 0 9 0 0
0 0 2 0 0 3 0 0 0 9 0 0 0 2 0 0 1 0 0 1 0 0 0 3 9 7 1 0 0 0 10 0 0 2 0 0 0 0 1 0 0
0 1 0 13 0 0 0 0 19 0 0 0 0 0 3 4 0 0 1 0 4 4 0 0 0 0 0 0 0 0 0 0 0 0 16 7 0 13 0 8 13
0 0 1 0 0 1 0 1 2 4 0 0 0 1 0 0 0 0 0 1 0 0 0 1 4 3 2 0 0 0 5 0 0 0 0 0 0 0 2 0 0
0 1 0 13 0 0 0 0 18 0 0 0 0 0 3 4 0 0 2 0 3 4 0 0 0 0 0 0 0 0 0 0 0 0 16 7 0 12 0 7 12
0 0 10 0 0 7 0 11 0 12 2 0 7 0 0 1 0 0 3 9 0 0 0 1 3 13 11 0 2 0 3 1 0 1 0 0 0 0 9 0 0
0 1 0 12 0 0 0 0 15 0 0 0 0 0 3 7 0 0 5 0 3 2 0 0 0 0 0 0 0 0 0 0 0 0 16 10 0 10 0 8 10
0 0 0 0 0 0 0 0 6 6 0 0 0 2 0 0 1 0 0 0 0 0 0 2 8 3 0 0 0 0 9 0 0 1 0 0 0 4 0 0 2
0 0 4 0 0 4 0 3 0 10 1 0 1 2 0 0 0 0 0 4 0 0 0 3 7 9 5 0 0 0 9 1 0 2 0 0 0 0 5 0 0
0 0 6 0 0 4 0 8 0 5 2 0 4 0 0 5 0 0 5 6 0 0 0 0 1 5 7 0 1 0 1 0 0 0 0 2 0 0 6 0 0
0 0 1 1 0 2 0 0 5 3 0 0 0 0 0 0 0 0 0 0 1 0 0 1 5 2 1 0 0 0 5 0 0 0 0 0 0 2 0 0 1
0 0 0 6 0 0 0 0 11 0 0 0 0 0 1 1 0 0 0 0 2 1 0 0 0 0 0 0 0 0 0 0 0 0 8 4 0 7 0 3 6
0 0 0 12 0 0 0 0 21 0 0 0 0 0 2 0 0 0 0 0 3 4 0 0 0 0 0 0 0 0 0 0 0 0 15 3 0 15 0 5 13
0 1 0 11 0 0 0 0 17 0 0 0 0 0 2 3 0 0 1 0 3 3 0 0 0 0 0 0 0 0 0 0 0 0 13 6 0 11 0 6 10
0 0 4 0 0 5 0 3 0 11 0 1 2 2 0 0 1 0 0 5 0 0 0 3 7 9 6 0 1 0 9 1 0 3 0 0 0 0 5 0 0
0 0 0 7 0 0 0 0 12 0 0 0 0 0 1 2 0 0 1 0 2 2 0 0 0 0 0 0 0 0 0 0 0 0 9 5 0 7 0 3 7
0 1 0 7 0 0 0 2 5 0 0 0 0 0 2 12 0 0 9 0 2 0 1 0 0 0 0 0 0 0 0 0 0 0 13 12 0 3 0 7 4
0 0 0 0 0 1 0 0 4 9 0 0 0 3 0 0 2 0 0 0 0 0 0 2 10 6 0 0 0 0 11 0 0 1 0 0 0 2 0 0 1
0 0 6 0 0 5 0 9 0 11 2 0 5 0 0 0 0 0 3 8 0 0 0 1 4 10 10 0 2 0 5 0 0 1 0 0 0 0 9 0 0
0 0 0 6 0 0 0 0 8 0 0 0 0 0 1 5 0 0 5 0 1 1 0 0 0 0 0 0 0 0 0 0 0 0 9 7 0 5 0 4 5
0 0 0 9 0 0 0 0 17 0 0 0 0 0 1 1 0 0 0 0 3 3 0 0 0 0 0 0 0 0 0 0 0 0 12 5 0 11 0 4 9
0 0 0 7 0 0 0 0 16 0 0 0 0 0 0 0 1 0 0 0 2 2 0 0 2 0 0 0 0 0 0 0 0 0 10 0 0 12 0 1 10
0 3 0 18 0 0 0 0 21 0 0 0 0 0 4 9 0 0 5 0 4 4 1 0 0 0 0 0 0 0 0 0 0 0 21 11 0 14 0 12 15
0 0 5 0 0 2 0 3 1 2 0 0 1 0 0 3 0 0 2 2 1 0 0 0 1 3 3 0 0 0 1 0 0 0 2 4 0 0 2 0 0
0 0 6 0 0 3 0 6 0 4 1 0 3 0 0 3 0 0 3 4 1 0 0 0 1 4 5 0 0 0 2 0 0 0 0 3 0 0 3 0 0
0 0 1 1 0 1 0 0 6 4 0 0 0 0 0 0 1 0 0 0 1 0 0 1 5 2 0 0 0 0 5 0 0 0 1 0 0 4 0 0 2
0 0 8 0 0 5 0 9 0 5 2 0 5 0 0 5 0 0 6 6 0 0 0 0 0 6 8 0 1 0 0 0 0 0 0 4 0 0 7 0 0
0 0 7 0 0 6 0 5 0 11 1 1 2 1 0 0 0 0 0 6 0 0 0 3 6 11 8 0 1 0 8 1 0 2 0 0 0 0 6 0 0
0 0 0 0 0 1 0 0 5 8 0 0 0 2 0 0 2 0 0 0 0 0 0 2 9 5 0 0 0 0 11 0 0 1 0 0 0 3 0 0 2
0 1 0 11 0 0 0 0 18 0 0 0 0 0 2 2 0 0 0 0 3 3 0 0 0 0 0 0 0 0 0 0 0 0 14 5 0 12 0 6 11
0 0 0 7 0 0 0 0 9 0 0 0 0 0 2 7 0 0 5 0 2 1 0 0 0 0 0 0 0 0 0 0 0 0 11 9 0 5 0 5 6
0 1 0 5 0 0 0 1 5 0 0 0 0 0 2 7 0 0 7 0 1 1 0 0 0 0 0 0 0 0 0 0 0 0 9 7 0 3 0 4 5
0 0 1 1 0 1 0 0 6 2 0 0 0 0 0 0 0 0 0 0 2 0 0 0 3 1 0 0 0 0 4 0 0 0 2 1 0 3 0 0 2
0 0 7 0 0 5 0 10 0 8 2 0 5 0 0 3 0 0 5 7 0 0 0 0 2 8 9 0 1 0 2 0 0 0 0 1 0 0 8 0 0
0 0 1 3 0 0 0 2 4 0 1 0 0 0 0 6 0 0 5 0 1 0 0 0 0 0 1 0 0 0 0 0 0 0 7 7 0 2 0 2 2
0 2 0 13 0 0 0 0 11 0 0 0 0 0 4 13 0 0 9 0 4 1 1 0 0 0 0 0 0 0 0 0 0 0 19 13 1 8 0 11 10
0 0 5 0 0 4 0 4 0 7 0 0 2 0 0 0 0 0 0 4 0 0 0 1 4 6 5 0 0 0 6 0 0 1 0 0 0 0 4 0 0
0 0 1 1 0 1 0 0 4 2 0 0 0 0 0 1 0 0 0 0 1 0 0 0 3 1 1 0 0 0 2 0 0 0 2 2 0 2 0 0 1
0 0 10 0 1 8 0 10 0 15 2 0 6 1 0 0 0 0 0 10 0 0 0 4 5 16 12 0 2 0 8 2 0 3 0 0 0 0 10 0 0
0 0 0 7 0 0 0 0 13 0 0 0 0 0 1 1 0 0 0 0 2 2 0 0 0 0 0 0 0 0 0 0 0 0 10 5 0 8 0 3 8
0 0 0 4 0 0 0 0 9 0 0 0 0 0 0 0 0 0 0 0 2 1 0 0 1 0 0 0 0 0 2 0 0 0 5 2 0 5 0 0 4
0 0 7 0 0 5 0 9 0 9 2 0 5 0 0 2 0 0 4 7 0 0 0 0 2 8 9 0 2 0 2 0 0 0 0 0 0 0 8 0 0
0 0 6 0 0 5 0 8 0 11 1 0 4 1 0 0 0 0 1 7 0 0 0 1 4 10 8 0 1 0 6 1 0 1 0 0 0 0 8 0 0
1 0 10 0 1 9 0 8 0 19 1 1 3 4 0 0 1 0 0 11 0 0 0 7 9 20 12 0 2 0 14 3 1 6 0 0 0 0 11 0 0
0 0 6 0 0 6 0 5 0 12 1 0 2 2 0 0 0 0 0 6 0 0 0 4 6 11 7 0 1 0 9 1 0 3 0 0 0 0 6 0 0
0 0 2 4 0 0 0 4 3 0 1 0 1 0 1 9 0 0 8 1 1 0 0 0 0 0 1 0 0 0 0 0 0 0 10 10 0 2 2 4 2
0 0 6 0 0 5 0 6 0 10 1 0 2 1 0 0 0 0 0 5 0 0 0 3 5 10 7 0 0 0 7 1 0 2 0 0 0 0 5 0 0
0 0 0 4 0 0 0 0 6 0 0 0 0 0 1 5 0 0 4 0 2 1 0 0 0 0 0 0 0 0 0 0 0 0 8 7 0 3 0 3 4
0 0 7 0 0 3 0 12 0 4 2 0 6 0 0 9 0 0 10 8 0 0 0 0 0 5 9 0 1 0 0 0 0 0 2 6 0 0 8 1 0
0 0 0 3 0 0 0 0 11 1 0 0 0 1 0 0 0 0 0 0 1 1 0 0 4 0 0 0 0 0 4 0 0 0 4 0 0 7 0 0 6
0 1 0 5 0 0 0 2 3 0 0 0 0 0 2 8 0 0 8 0 1 0 0 0 0 0 0 0 0 0 0 0 0 0 9 8 0 3 0 5 3
0 0 0 5 0 0 0 0 13 0 0 0 0 0 0 0 0 0 0 0 2 2 0 0 2 0 0 0 0 0 2 0 0 0 6 0 0 9 0 0 7
0 0 4 0 0 5 0 2 0 13 0 0 0 3 0 0 1 0 0 4 0 0 0 5 9 11 5 0 1 0 12 1 0 4 0 0 0 0 5 0 0
0 0 6 0 0 1 0 7 0 0 1 0 3 0 0 8 0 0 7 4 1 0 0 0 0 1 5 0 0 0 0 0 0 0 5 8 0 0 4 2 0
0 0 6 0 0 4 0 6 0 9 1 0 3 0 0 0 0 0 1 5 0 0 0 2 4 8 7 0 1 0 6 0 0 1 0 0 0 0 6 0 0
0 0 3 0 0 2 0 2 0 4 0 0 1 0 0 0 0 0 0 3 1 0 0 0 2 3 3 0 0 0 4 0 0 0 0 1 0 0 2 0 0
0 0 0 6 0 0 0 0 9 0 0 0 0 0 1 2 0 0 2 0 1 1 0 0 0 0 0 0 0 0 0 0 0 0 8 4 0 6 0 2 6
0 0 10 0 0 8 0 11 0 15 2 0 6 1 0 0 0 0 1 10 0 0 0 3 4 16 12 0 2 0 7 2 0 2 0 0 0 0 11 0 0
0 0 7 0 0 5 0 4 0 11 0 1 1 1 0 0 1 0 0 6 0 0 0 4 6 11 7 0 1 0 9 2 0 3 0 0 0 0 6 0 0
0 0 0 7 0 0 0 0 15 0 0 0 0 0 0 0 0 0 0 0 2 2 0 0 1 0 0 0 0 0 0 0 0 0 7 1 0 10 0 1 8
0 2 0 14 0 0 0 0 20 0 0 0 0 0 3 4 0 0 2 0 3 4 0 0 0 0 0 0 0 0 0 0 0 0 17 7 0 13 0 8 14
0 0 4 0 0 4 0 2 0 10 0 0 0 2 0 0 1 0 0 4 0 0 0 3 7 9 4 0 0 0 9 1 0 2 0 0 0 0 4 0 0
0 0 8 0 0 5 0 9 0 7 2 0 5 0 0 3 0 0 4 7 0 0 0 0 1 8 8 0 2 0 1 0 0 0 0 2 0 0 6 0 0
0 0 4 0 0 0 0 7 0 0 1 0 3 0 0 9 0 0 9 4 0 0 0 0 0 0 4 0 0 0 0 0 0 0 6 8 0 0 4 3 0
0 0 6 0 0 4 0 7 0 6 1 0 3 0 0 3 0 0 3 6 0 0 0 0 2 7 7 0 1 0 1 0 0 0 0 2 0 0 4 0 0
0 0 7 0 0 6 0 8 0 12 1 0 4 1 0 0 0 0 0 7 0 0 0 2 5 10 9 0 1 0 7 1 0 2 0 0 0 0 8 0 0
0 0 8 0 0 6 0 8 0 12 1 0 4 1 0 0 0 0 1 8 0 0 0 3 4 12 10 0 2 0 6 1 0 2 0 0 0 0 8 0 0
0 1 0 13 0 0 0 0 20 0 0 0 0 0 3 4 0 0 2 0 3 4 0 0 0 0 0 0 0 0 0 0 0 0 16 7 0 13 0 8 13
0 1 0 7 0 0 0 0 6 0 0 0 0 0 2 8 0 0 6 0 1 0 0 0 0 0 0 0 0 0 0 0 0 0 11 9 0 4 0 5 4
0 1 0 10 0 0 0 0 12 0 0 0 0 0 3 8 0 0 5 0 2 2 0 0 0 0 0 0 0 0 0 0 0 0 14 9 0 8 0 7 9
0 0 0 2 0 0 0 0 7 2 0 0 0 0 0 0 0 0 0 0 2 0 0 0 3 1 0 0 0 0 3 0 0 0 3 1 0 3 0 0 3
0 0 5 0 0 4 0 10 0 7 2 0 6 0 0 4 0 0 6 7 0 0 0 0 1 6 9 0 1 0 1 0 0 0 0 1 0 0 8 0 0
0 0 0 7 0 0 0 0 11 0 0 0 0 0 1 4 0 0 2 0 2 2 0 0 0 0 0 0 0 0 0 0 0 0 10 6 0 7 0 4 6
0 0 0 7 0 0 0 0 10 0 0 0 0 0 1 4 0 0 3 0 3 2 0 0 0 0 0 0 0 0 0 0 0 0 11 7 0 6 0 4 6
3 1 14 0 2 13 0 12 0 29 3 2 7 7 0 0 1 1 0 15 0 0 0 11 13 29 18 0 4 1 20 5 1 9 0 0 2 0 17 0 0
0 0 0 6 0 0 0 0 13 0 0 0 0 0 0 0 0 0 0 0 2 2 0 0 0 0 0 0 0 0 0 0 0 0 8 3 0 8 0 2 7
0 0 6 0 0 6 0 4 0 15 1 1 1 4 0 0 2 0 0 6 0 0 0 6 10 15 7 0 1 0 14 2 0 5 0 0 0 0 7 0 0
0 0 6 0 0 4 0 6 0 6 1 0 3 0 0 2 0 0 2 5 0 0 0 0 2 6 6 0 0 0 3 0 0 0 0 2 0 0 4 0 0
0 0 3 0 0 3 0 2 0 8 0 0 0 1 0 0 0 0 0 3 0 0 0 2 6 6 4 0 0 0 7 0 0 1 0 0 0 0 3 0 0
1 0 8 0 0 7 0 7 0 15 1 0 4 2 0 0 0 0 0 8 0 0 0 5 7 15 10 0 2 0 10 2 0 4 0 0 0 0 9 0 0
0 0 7 0 0 4 0 7 0 6 1 0 3 0 0 4 0 0 4 5 0 0 0 0 1 6 7 0 1 0 2 0 0 0 0 2 0 0 5 0 0
0 1 0 11 0 0 0 0 16 0 0 0 0 0 3 4 0 0 2 0 3 3 0 0 0 0 0 0 0 0 0 0 0 0 14 7 0 10 0 6 10
0 0 6 0 0 6 0 3 0 14 1 0 1 3 0 0 1 0 0 5 0 0 0 5 9 13 6 0 1 0 12 2 0 4 0 0 0 0 6 0 0
1 0 11 0 0 9 0 13 0 18 3 1 8 2 0 0 0 0 1 12 0 0 0 4 5 18 15 0 3 0 8 2 0 3 0 0 0 0 14 0 0
0 0 7 0 0 6 0 3 0 15 0 1 0 3 0 0 2 0 0 7 0 0 0 7 10 15 7 0 1 0 14 2 0 5 0 0 0 0 7 0 0
0 0 0 6 0 0 0 0 15 0 0 0 0 0 0 0 0 0 0 0 2 2 0 0 0 0 0 0 0 0 0 0 0 0 9 1 0 10 0 1 8
0 1 1 6 0 0 0 4 2 0 0 0 1 0 2 13 0 0 10 0 3 0 0 0 0 0 0 0 0 0 0 0 0 0 13 12 0 1 0 7 3
0 0 10 0 0 8 0 11 0 16 2 1 7 2 0 0 0 0 0 10 0 0 0 3 5 16 12 0 3 0 7 2 1 3 0 0 0 0 11 0 0
0 0 0 6 0 0 0 0 12 0 0 0 0 0 0 1 0 0 0 0 3 1 0 0 0 0 0 0 0 0 0 0 0 0 7 4 0 7 0 2 6
0 2 0 15 0 0 0 0 21 0 0 0 0 0 4 4 0 0 2 0 4 4 1 0 0 0 0 0 0 0 0 0 0 0 18 7 0 14 0 9 15
0 0 0 1 0 0 0 0 8 3 0 0 0 1 0 0 1 0 0 0 1 0 0 0 6 2 0 0 0 0 7 0 0 0 1 0 0 5 0 0 3
0 0 0 4 0 0 0 0 7 0 0 0 0 0 0 1 0 0 2 0 1 1 0 0 0 0 0 0 0 0 0 0 0 0 7 4 0 4 0 1 4
0 0 6 0 0 5 0 6 0 12 1 0 2 2 0 0 0 0 0 6 0 0 0 4 6 11 8 0 1 0 9 1 0 3 0 0 0 0 7 0 0
0 0 0 2 0 0 0 0 7 2 0 0 0 1 0 0 0 0 0 0 1 1 0 0 4 1 0 0 0 0 5 0 0 0 2 0 0 3 0 0 3
0 0 6 0 0 6 0 3 0 14 1 1 1 3 0 0 1 0 0 6 0 0 0 6 9 13 7 0 1 0 13 2 0 4 0 0 0 0 6 0 0
0 0 0 10 0 0 0 0 18 0 0 0 0 0 1 0 0 0 0 0 3 3 0 0 0 0 0 0 0 0 0 0 0 0 12 3 0 12 0 4 11
0 0 5 0 0 4 0 2 0 11 0 1 0 2 0 0 1 0 0 4 0 0 0 4 8 11 5 0 0 0 11 1 0 4 0 0 0 0 4 0 0
0 0 8 0 0 7 0 8 0 15 1 0 4 2 0 0 0 0 0 8 0 0 0 4 6 14 10 0 2 0 10 2 0 4 0 0 0 0 9 0 0
0 1 0 7 0 0 0 0 8 0 0 0 0 0 2 8 0 0 6 0 2 1 0 0 0 0 0 0 0 0 0 0 0 0 12 9 0 5 0 6 6
1 0 10 0 0 9 0 5 0 21 1 1 2 5 0 0 2 0 0 9 0 0 0 9 12 21 10 0 1 0 18 3 0 7 0 0 1 0 10 0 0
0 0 1 3 0 0 0 0 6 0 0 0 0 0 0 2 0 0 0 0 2 0 0 0 1 0 0 0 0 0 1 0 0 0 3 4 0 4 0 1 2
0 0 7 0 0 6 0 4 0 14 1 1 1 3 0 0 1 0 0 7 0 0 0 6 9 14 8 0 1 0 12 2 0 5 0 0 0 0 7 0 0
0 0 0 4 0 0 0 0 13 0 0 0 0 0 0 0 1 0 0 0 2 1 0 0 4 0 0 0 0 0 3 0 0 0 5 0 0 9 0 0 7
0 2 0 11 0 0 0 0 12 0 0 0 0 0 3 8 0 0 6 0 3 2 0 0 0 0 0 0 0 0 0 0 0 0 16 10 0 8 0 8 9
0 0 0 4 0 0 0 0 8 0 0 0 0 0 0 1 0 0 0 0 2 0 0 0 0 0 0 0 0 0 0 0 0 0 6 4 0 5 0 1 4
0 0 0 6 0 0 0 0 10 0 0 0 0 0 1 2 0 0 0 0 3 1 0 0 0 0 0 0 0 0 0 0 0 0 8 4 0 7 0 3 6
0 0 0 0 0 1 0 0 5 8 0 0 0 2 0 0 1 0 0 0 0 0 0 2 9 5 0 0 0 0 11 0 0 1 0 0 0 2 0 0 1
0 0 6 0 0 3 0 6 0 4 1 0 3 0 0 3 0 0 3 4 0 0 0 0 2 4 5 0 0 0 2 0 0 0 0 2 0 0 4 0 0
0 0 6 0 0 0 0 10 0 0 2 0 5 0 0 13 0 0 12 5 0 0 0 0 0 0 5 1 0 0 0 0 0 0 8 10 0 0 5 5 0
0 2 0 10 0 0 0 0 8 0 0 0 0 0 3 12 0 0 9 0 3 1 0 0 0 0 0 0 0 0 0 0 0 0 17 12 1 5 0 9 8
0 0 10 0 0 8 0 14 0 15 3 0 9 0 0 0 0 0 4 11 0 0 0 1 3 15 14 0 3 0 4 1 0 1 0 0 0 0 13 0 0
1 1 11 0 1 10 1 11 0 23 2 1 6 5 0 0 0 1 0 13 0 0 0 8 10 23 15 0 3 0 15 4 0 6 0 0 1 0 14 0 0
0 0 5 0 0 1 0 8 0 0 1 0 2 0 0 9 0 0 9 4 1 0 0 0 0 0 4 0 0 0 0 0 0 0 6 9 0 0 4 3 0
0 0 1 4 0 0 0 1 5 0 0 0 0 0 0 4 0 0 3 0 2 0 0 0 0 0 0 0 0 0 0 0 0 0 6 6 0 3 0 2 3
1 0 10 0 1 9 0 14 0 18 3 0 8 2 0 0 0 1 2 12 0 0 0 4 5 18 15 0 4 0 7 2 1 3 0 0 0 0 14 0 0
0 0 0 8 0 0 0 0 14 0 0 0 0 0 1 2 0 0 1 0 2 2 0 0 0 0 0 0 0 0 0 0 0 0 10 6 0 8 0 4 8
0 0 0 6 0 0 0 0 9 0 0 0 0 0 2 5 0 0 4 0 2 1 0 0 0 0 0 0 0 0 0 0 0 0 10 7 0 5 0 4 6
0 0 8 0 0 6 0 11 0 10 2 0 6 0 0 2 0 0 5 9 0 0 0 0 2 11 11 0 2 0 3 1 0 0 0 0 0 0 10 0 0
0 0 0 0 0 1 0 0 5 6 0 0 0 2 0 0 1 0 0 0 0 0 0 2 7 4 0 0 0 0 9 0 0 1 0 0 0 3 0 0 2
0 1 0 6 0 0 0 2 5 0 0 0 0 0 1 8 0 0 7 0 1 0 0 0 0 0 0 0 0 0 0 0 0 0 10 9 0 3 0 4 4
0 0 0 8 0 0 0 0 13 0 0 0 0 0 2 2 0 0 1 0 2 2 0 0 0 0 0 0 0 0 0 0 0 0 11 4 0 8 0 4 8
0 0 0 6 0 0 0 0 11 0 0 0 0 0 0 1 0 0 0 0 2 2 0 0 0 0 0 0 0 0 0 0 0 0 9 5 0 7 0 2 6
0 1 0 7 0 0 0 0 7 0 0 0 0 0 3 8 0 0 7 0 1 1 0 0 0 0 0 0 0 0 0 0 0 0 12 8 0 4 0 5 6
0 0 8 0 0 7 0 6 0 13 1 1 3 1 0 0 0 0 0 7 0 0 0 4 6 13 8 0 1 0 9 2 0 3 0 0 0 0 7 0 0
0 0 0 0 0 2 0 0 3 6 0 0 0 1 0 0 1 0 0 0 0 0 0 2 7 4 0 0 0 0 8 0 0 1 0 0 0 1 0 0 1
0 0 6 0 0 3 0 7 0 3 1 0 3 0 0 4 0 0 5 4 0 0 0 0 0 3 5 0 0 0 0 0 0 0 2 5 0 0 4 0 0
0 0 0 6 0 0 0 0 12 0 0 0 0 0 1 0 0 0 0 0 2 2 0 0 0 0 0 0 0 0 0 0 0 0 9 3 0 8 0 2 8
0 0 0 7 0 0 0 0 11 0 0 0 0 0 1 2 0 0 1 0 2 2 0 0 0 0 0 0 0 0 0 0 0 0 9 5 0 7 0 3 7
1 0 11 0 1 9 0 15 0 16 3 0 9 1 0 0 0 1 4 12 0 0 0 1 3 16 15 0 4 0 4 1 0 1 0 0 0 0 13 0 0
0 0 0 6 0 0 0 0 11 0 0 0 0 0 1 2 0 0 1 0 2 2 0 0 0 0 0 0 0 0 0 0 0 0 9 5 0 7 0 3 6
0 0 0 2 0 0 0 0 8 0 0 0 0 0 0 0 0 0 0 0 1 0 0 0 3 0 0 0 0 0 3 0 0 0 3 2 0 4 0 0 3
0 0 7 0 0 3 0 8 0 2 1 0 3 0 0 6 0 0 6 5 1 0 0 0 0 4 6 0 0 0 0 0 0 0 2 6 0 0 4 1 0
0 0 0 4 0 0 0 0 5 0 0 0 0 0 1 4 0 0 4 0 1 1 0 0 0 0 0 0 0 0 0 0 0 0 7 5 0 3 0 2 4
0 2 0 16 0 0 0 0 22 0 0 0 0 0 4 3 0 0 0 0 4 5 1 0 0 0 0 0 0 0 0 0 0 0 19 6 0 16 0 9 16
0 0 8 0 0 7 0 6 0 14 1 1 3 2 0 0 0 0 0 7 0 0 0 5 7 14 9 0 1 0 10 2 0 4 0 0 0 0 7 0 0
0 0 0 5 0 0 0 0 9 0 0 0 0 0 0 3 0 0 2 0 2 1 0 0 0 0 0 0 0 0 0 0 0 0 7 6 0 4 0 2 5
0 0 6 0 0 6 0 6 0 12 1 0 2 2 0 0 0 0 0 7 0 0 0 3 6 12 8 0 1 0 9 1 0 3 0 0 0 0 7 0 0
0 0 0 9 0 0 0 0 17 0 0 0 0 0 2 0 0 0 0 0 2 3 0 0 0 0 0 0 0 0 0 0 0 0 11 3 0 12 0 3 10
0 0 9 0 0 7 0 13 0 13 3 0 8 0 0 2 0 0 6 10 0 0 0 1 2 13 13 0 3 0 2 1 0 0 0 0 0 0 12 0 0
0 0 4 0 0 4 0 3 0 10 0 0 0 2 0 0 1 0 0 4 0 0 0 4 7 10 5 0 0 0 10 1 0 3 0 0 0 0 5 0 0
