0 0 1 7 0 0 0 0 0 0 0 0 0 0 0 0 0 0 0 0 0 0 0 0 15 0 0 0 0 0 0 24 0 0 54 50 0 0 0 37 1
0 0 2 7 0 0 0 0 0 0 0 0 0 0 0 0 0 0 0 0 0 0 0 0 16 0 0 0 0 0 0 25 0 0 56 53 0 0 0 38 0
0 0 13 15 0 0 0 0 0 0 0 0 0 0 0 0 0 0 0 0 0 0 2 0 19 0 0 0 0 0 0 39 0 0 31 44 0 0 0 29 0
11 0 16 18 0 0 2 0 0 0 0 0 0 0 0 1 0 0 0 0 0 0 21 0 3 0 37 19 17 12 0 24 0 0 0 0 0 2 0 1 1
0 0 3 8 0 0 0 0 0 0 0 0 0 0 0 0 0 0 0 0 0 0 0 0 19 0 0 0 0 0 0 26 0 0 53 55 0 0 0 38 0
0 0 4 9 0 0 0 0 0 0 0 0 0 0 0 0 0 0 0 0 0 0 0 0 18 0 0 0 0 0 0 26 0 0 51 52 0 0 0 37 0
0 0 4 9 0 0 0 0 0 0 0 0 0 0 0 0 0 0 0 0 0 0 0 0 18 0 0 0 0 0 0 27 0 0 50 52 0 0 0 37 0
21 0 0 0 0 0 33 0 2 16 0 0 0 15 12 12 5 0 0 0 0 2 29 0 0 1 84 20 76 35 0 0 1 0 0 0 0 7 0 0 0
21 0 0 0 0 0 31 0 3 15 0 0 0 14 11 11 5 0 0 0 0 2 28 0 0 1 80 19 72 34 0 0 1 0 0 0 0 7 0 0 0
17 0 0 0 0 0 22 0 0 11 0 0 0 10 8 8 3 0 0 0 0 2 24 0 0 1 63 18 54 26 0 0 0 0 0 0 0 5 0 0 1
25 0 0 0 0 0 39 0 4 19 0 0 0 17 14 15 6 0 0 0 0 2 32 0 0 1 96 22 87 42 0 0 2 0 0 0 0 9 0 0 0
19 0 0 0 0 0 27 0 1 13 0 0 0 12 10 9 4 0 0 0 0 1 27 0 0 1 72 19 63 29 0 0 0 0 0 0 0 6 0 0 1
0 0 4 8 0 0 0 0 0 0 0 0 0 0 0 0 0 0 0 0 0 0 0 0 17 0 0 0 0 0 0 25 0 0 49 51 0 0 0 37 0
0 0 5 10 0 0 0 0 0 0 0 0 0 0 0 0 0 0 0 0 0 0 0 0 19 0 0 0 0 0 0 27 0 0 47 53 0 0 0 37 0
0 0 7 11 0 0 0 0 0 0 0 0 0 0 0 0 0 0 0 0 0 0 0 0 20 0 0 0 0 0 0 31 0 0 45 53 0 0 0 36 0
0 0 3 9 0 0 0 0 0 0 0 0 0 0 0 0 0 0 0 0 0 0 0 0 19 0 0 0 0 0 0 27 0 0 54 55 0 0 0 38 0
0 0 2 8 0 0 0 0 0 0 0 0 0 0 0 0 0 0 0 0 0 0 0 0 17 0 0 0 0 0 0 25 0 0 53 52 0 0 0 38 0
2 0 18 18 0 0 0 0 0 0 0 0 0 0 0 0 0 0 0 0 0 0 12 0 16 0 5 9 0 0 0 40 0 0 8 30 0 0 0 19 0
0 0 4 9 0 0 0 0 0 0 0 0 0 0 0 0 0 0 0 0 0 0 0 0 18 0 0 0 0 0 0 25 0 0 51 53 0 0 0 38 0
0 0 1 7 0 0 0 0 0 0 0 0 0 0 0 0 0 0 0 0 0 0 0 0 16 0 0 0 0 0 0 24 0 0 55 51 0 0 0 38 1
0 0 6 11 0 0 0 0 0 0 0 0 0 0 0 0 0 0 0 0 0 0 0 0 19 0 0 0 0 0 0 29 0 0 44 52 0 0 0 36 0
0 0 8 12 0 0 0 0 0 0 0 0 0 0 0 0 0 0 0 0 0 0 0 0 20 0 0 0 0 0 0 32 0 0 43 51 0 0 0 35 0
27 0 0 0 0 0 45 0 6 22 0 0 0 20 16 17 7 0 0 0 0 2 33 0 0 2 107 22 98 47 0 0 3 1 0 0 0 9 0 0 0
4 0 17 20 0 0 0 0 0 0 0 0 0 0 0 0 0 0 0 0 0 0 13 0 14 0 12 12 0 1 0 36 0 0 2 27 0 0 0 19 0
0 0 4 9 0 0 0 0 0 0 0 0 0 0 0 0 0 0 0 0 0 0 0 0 19 0 0 0 0 0 0 28 0 0 51 55 0 0 0 38 0
20 0 0 0 0 0 29 0 1 14 0 0 0 13 10 10 4 0 0 0 0 1 28 0 0 1 76 19 67 32 0 0 0 0 0 0 0 7 0 0 1
27 0 0 0 0 0 44 0 5 22 0 0 0 20 16 17 7 0 0 0 0 2 34 0 0 2 107 23 97 47 0 0 2 1 0 0 0 9 0 0 0
0 0 2 7 0 0 0 0 0 0 0 0 0 0 0 0 0 0 0 0 0 0 0 0 16 0 0 0 0 0 0 25 0 0 54 51 0 0 0 37 0
18 0 0 0 0 0 25 0 0 12 0 0 0 11 9 9 4 0 0 0 0 1 26 0 0 1 67 18 59 28 0 0 0 0 0 0 0 6 0 0 1
30 0 0 0 0 0 50 0 6 24 0 0 0 22 18 19 8 0 0 0 0 2 37 0 0 2 119 25 108 52 0 0 3 1 0 0 0 10 0 0 0
0 0 13 15 0 0 0 0 0 0 0 0 0 0 0 0 0 0 0 0 0 0 1 0 19 0 0 0 0 0 0 38 0 0 31 45 0 0 0 30 0
8 0 16 19 0 0 0 0 0 0 0 0 0 0 0 0 0 0 0 0 0 0 16 0 9 0 23 15 5 6 0 29 0 0 0 13 0 0 0 11 1
26 0 0 0 0 0 43 0 5 21 0 0 0 18 16 16 7 0 0 0 0 3 32 0 0 2 101 22 94 44 0 0 3 1 0 0 0 9 0 0 0
0 0 6 10 0 0 0 0 0 0 0 0 0 0 0 0 0 0 0 0 0 0 0 0 19 0 0 0 0 0 0 28 0 0 46 53 0 0 0 37 0
20 0 0 0 0 0 29 0 1 14 0 0 0 12 10 10 4 0 0 0 0 2 27 0 0 1 74 19 67 31 0 0 1 0 0 0 0 6 0 0 0
0 0 13 17 0 0 0 0 0 0 0 0 0 0 0 0 0 0 0 0 0 0 2 0 19 0 0 2 0 0 0 38 0 0 27 44 0 0 0 31 0
24 0 0 0 0 0 38 0 3 19 0 0 0 17 14 14 6 0 0 0 0 2 31 0 0 2 93 21 85 40 0 0 1 0 0 0 0 8 0 0 0
9 0 16 15 0 0 3 0 0 0 0 0 0 1 1 1 0 0 0 0 0 0 22 0 1 0 37 18 20 12 0 25 0 0 0 0 0 2 0 0 1
0 0 2 8 0 0 0 0 0 0 0 0 0 0 0 0 0 0 0 0 0 0 0 0 16 0 0 0 0 0 0 24 0 0 51 51 0 0 0 36 0
0 0 4 9 0 0 0 0 0 0 0 0 0 0 0 0 0 0 0 0 0 0 0 0 18 0 0 0 0 0 0 27 0 0 50 53 0 0 0 37 0
0 0 2 7 0 0 0 0 0 0 0 0 0 0 0 0 0 0 0 0 0 0 0 0 17 0 0 0 0 0 0 25 0 0 56 54 0 0 0 38 0
3 0 14 18 0 0 0 0 0 0 0 0 0 0 0 0 0 0 0 0 0 0 7 0 16 0 1 7 0 0 0 34 0 0 13 34 0 0 0 25 0
0 0 10 13 0 0 0 0 0 0 0 0 0 0 0 0 0 0 0 0 0 0 0 0 20 0 0 0 0 0 0 34 0 0 41 51 0 0 0 34 0
4 0 13 18 0 0 0 0 0 0 0 0 0 0 0 0 0 0 0 0 0 0 6 0 16 0 1 8 0 0 0 32 0 0 13 35 0 0 0 28 1
0 0 4 9 0 0 0 0 0 0 0 0 0 0 0 0 0 0 0 0 0 0 0 0 18 0 0 0 0 0 0 26 0 0 51 53 0 0 0 38 0
0 0 0 7 0 0 0 0 0 0 0 0 0 0 0 0 0 0 0 0 0 0 0 0 16 0 0 0 0 0 0 25 0 0 58 53 0 0 0 39 1
0 0 0 7 0 0 0 0 0 0 0 0 0 0 0 0 0 0 0 0 0 0 0 0 15 0 0 0 0 0 0 24 0 0 57 51 0 0 0 38 1
0 0 1 7 0 0 0 0 0 0 0 0 0 0 0 0 0 0 0 0 0 0 0 0 17 0 0 0 0 0 0 25 0 0 55 52 0 0 0 38 0
18 0 0 0 0 0 24 0 0 12 0 0 0 10 9 9 4 0 0 0 0 1 26 0 0 1 67 19 59 28 0 0 0 0 0 0 0 6 0 0 1
0 0 1 7 0 0 0 0 0 0 0 0 0 0 0 0 0 0 0 0 0 0 0 0 16 0 0 0 0 0 0 23 0 0 54 51 0 0 0 37 0
0 0 14 17 0 0 0 0 0 0 0 0 0 0 0 0 0 0 0 0 0 0 5 0 18 0 0 4 0 0 0 36 0 0 23 41 0 0 0 28 0
16 0 6 6 0 0 17 0 0 7 0 0 0 7 6 6 2 0 0 0 0 1 25 0 0 0 58 19 45 23 0 0 0 0 0 0 0 5 0 0 1
0 0 10 14 0 0 0 0 0 0 0 0 0 0 0 0 0 0 0 0 0 0 0 0 19 0 0 0 0 0 0 33 0 0 32 46 0 0 0 32 0
0 0 8 13 0 0 0 0 0 0 0 0 0 0 0 0 0 0 0 0 0 0 0 0 20 0 0 0 0 0 0 30 0 0 38 51 0 0 0 36 0
15 0 7 7 0 0 13 0 0 6 0 0 0 5 4 5 2 0 0 0 0 1 23 0 0 1 50 18 38 19 0 0 0 0 0 0 0 3 0 0 0
0 0 1 8 0 0 0 0 0 0 0 0 0 0 0 0 0 0 0 0 0 0 0 0 17 0 0 0 0 0 0 25 0 0 55 52 0 0 0 38 1
1 0 12 16 0 0 0 0 0 0 0 0 0 0 0 0 0 0 0 0 0 0 4 0 16 0 0 4 0 0 0 31 0 0 20 39 0 0 0 28 0
0 0 0 6 0 0 0 0 0 0 0 0 0 0 0 0 0 0 0 0 0 0 0 0 16 0 0 0 0 0 0 25 0 0 61 53 0 0 0 40 1
0 0 5 10 0 0 0 0 0 0 0 0 0 0 0 0 0 0 0 0 0 0 0 0 18 0 0 0 0 0 0 26 0 0 43 50 0 0 0 35 0
0 0 0 6 0 0 0 0 0 0 0 0 0 0 0 0 0 0 0 0 0 0 0 0 15 0 0 0 0 0 0 24 0 0 59 51 0 0 0 39 2
0 0 1 7 0 0 0 0 0 0 0 0 0 0 0 0 0 0 0 0 0 0 0 0 16 0 0 0 0 0 0 23 0 0 55 52 0 0 0 38 0
20 0 0 0 0 0 31 0 1 15 0 0 0 13 11 11 5 0 0 0 0 1 29 0 0 1 79 20 71 33 0 0 0 0 0 0 0 7 0 0 1
0 0 8 14 0 0 0 0 0 0 0 0 0 0 0 0 0 0 0 0 0 0 0 0 18 0 0 0 0 0 0 30 0 0 37 49 0 0 0 36 0
0 0 0 7 0 0 0 0 0 0 0 0 0 0 0 0 0 0 0 0 0 0 0 0 16 0 0 0 0 0 0 25 0 0 60 53 0 0 0 40 1
0 0 1 7 0 0 0 0 0 0 0 0 0 0 0 0 0 0 0 0 0 0 0 0 16 0 0 0 0 0 0 25 0 0 56 52 0 0 0 38 1
15 0 8 7 0 0 13 0 0 6 0 0 0 5 4 5 2 0 0 0 0 1 24 0 0 0 51 18 38 20 0 0 0 0 0 0 0 3 0 0 0
27 0 0 0 0 0 44 0 5 22 0 0 0 19 16 17 7 0 0 0 0 2 34 0 0 2 107 23 97 46 0 0 2 1 0 0 0 9 0 0 0
0 0 4 9 0 0 0 0 0 0 0 0 0 0 0 0 0 0 0 0 0 0 0 0 17 0 0 0 0 0 0 25 0 0 50 52 0 0 0 37 0
0 0 4 10 0 0 0 0 0 0 0 0 0 0 0 0 0 0 0 0 0 0 0 0 19 0 0 0 0 0 0 28 0 0 51 54 0 0 0 39 0
13 0 10 12 0 0 6 0 0 2 0 0 0 2 2 3 1 0 0 0 0 0 20 0 0 0 40 17 24 15 0 11 0 0 0 0 0 2 0 0 1
0 0 13 16 0 0 0 0 0 0 0 0 0 0 0 0 0 0 0 0 0 0 2 0 19 0 0 2 0 0 0 37 0 0 26 44 0 0 0 30 0
27 0 0 0 0 0 43 0 5 21 0 0 0 19 15 16 6 0 0 0 0 3 33 0 0 1 104 22 94 45 0 0 3 1 0 0 0 9 0 0 0
0 0 13 16 0 0 0 0 0 0 0 0 0 0 0 0 0 0 0 0 0 0 3 0 18 0 0 3 0 0 0 34 0 0 23 41 0 0 0 29 0
20 0 0 0 0 0 31 0 1 15 0 0 0 13 11 11 5 0 0 0 0 1 28 0 0 1 79 19 71 32 0 0 0 0 0 0 0 7 0 0 0
15 0 7 7 0 0 14 0 0 6 0 0 0 6 5 5 3 0 0 0 0 1 23 0 0 0 51 19 38 20 0 0 0 0 0 0 0 3 0 0 1
0 0 1 7 0 0 0 0 0 0 0 0 0 0 0 0 0 0 0 0 0 0 0 0 17 0 0 0 0 0 0 25 0 0 56 53 0 0 0 38 0
0 0 0 7 0 0 0 0 0 0 0 0 0 0 0 0 0 0 0 0 0 0 0 0 16 0 0 0 0 0 0 24 0 0 56 51 0 0 0 38 1
0 0 0 7 0 0 0 0 0 0 0 0 0 0 0 0 0 0 0 0 0 0 0 0 16 0 0 0 0 0 0 24 0 0 58 52 0 0 0 39 1
0 0 0 6 0 0 0 0 0 0 0 0 0 0 0 0 0 0 0 0 0 0 0 0 15 0 0 0 0 0 0 24 0 0 59 52 0 0 0 40 1
0 0 0 6 0 0 0 0 0 0 0 0 0 0 0 0 0 0 0 0 0 0 0 0 14 0 0 0 0 0 0 24 0 0 61 51 0 0 0 39 2
0 0 19 20 0 0 0 0 0 0 0 0 0 0 0 0 0 0 0 0 0 0 7 0 20 0 0 5 0 0 0 48 0 0 24 42 0 0 0 28 0
30 0 0 0 0 0 51 0 7 25 0 0 0 23 19 20 8 0 0 0 0 3 36 0 0 2 121 24 111 53 0 0 3 1 0 0 0 10 0 0 0
0 0 4 9 0 0 0 0 0 0 0 0 0 0 0 0 0 0 0 0 0 0 0 0 18 0 0 0 0 0 0 27 0 0 52 53 0 0 0 37 0
0 0 3 8 0 0 0 0 0 0 0 0 0 0 0 0 0 0 0 0 0 0 0 0 19 0 0 0 0 0 0 26 0 0 53 54 0 0 0 37 0
23 0 0 0 0 0 36 0 3 18 0 0 0 16 13 13 6 0 0 0 0 2 30 0 0 1 91 21 82 39 0 0 1 0 0 0 0 8 0 0 0
16 0 4 2 0 0 19 0 0 9 0 0 0 8 7 7 3 0 0 0 0 1 24 0 0 1 59 19 48 23 0 0 0 0 0 0 0 5 0 0 0
0 0 4 9 0 0 0 0 0 0 0 0 0 0 0 0 0 0 0 0 0 0 0 0 17 0 0 0 0 0 0 26 0 0 49 51 0 0 0 37 0
0 0 1 8 0 0 0 0 0 0 0 0 0 0 0 0 0 0 0 0 0 0 0 0 17 0 0 0 0 0 0 26 0 0 56 54 0 0 0 39 0
0 0 4 8 0 0 0 0 0 0 0 0 0 0 0 0 0 0 0 0 0 0 0 0 18 0 0 0 0 0 0 24 0 0 49 52 0 0 0 36 0
24 0 0 0 0 0 39 0 3 19 0 0 0 17 14 14 6 0 0 0 0 2 32 0 0 2 96 22 86 41 0 0 1 0 0 0 0 8 0 0 0
0 0 10 15 0 0 0 0 0 0 0 0 0 0 0 0 0 0 0 0 0 0 0 0 19 0 0 0 0 0 0 32 0 0 33 48 0 0 0 36 0
0 0 6 10 0 0 0 0 0 0 0 0 0 0 0 0 0 0 0 0 0 0 0 0 20 0 0 0 0 0 0 28 0 0 49 55 0 0 0 37 0
0 0 4 9 0 0 0 0 0 0 0 0 0 0 0 0 0 0 0 0 0 0 0 0 17 0 0 0 0 0 0 27 0 0 50 51 0 0 0 36 0
0 0 4 9 0 0 0 0 0 0 0 0 0 0 0 0 0 0 0 0 0 0 0 0 19 0 0 0 0 0 0 28 0 0 51 54 0 0 0 38 0
20 0 0 0 0 0 30 0 2 15 0 0 0 13 11 11 5 0 0 0 0 2 27 0 0 1 76 19 69 32 0 0 1 0 0 0 0 7 0 0 0
0 0 1 7 0 0 0 0 0 0 0 0 0 0 0 0 0 0 0 0 0 0 0 0 16 0 0 0 0 0 0 24 0 0 56 52 0 0 0 38 1
0 0 2 8 0 0 0 0 0 0 0 0 0 0 0 0 0 0 0 0 0 0 0 0 17 0 0 0 0 0 0 26 0 0 54 53 0 0 0 38 0
9 0 15 16 0 0 0 0 0 0 0 0 0 0 0 0 0 0 0 0 0 0 18 0 4 0 30 16 12 9 0 25 0 0 0 2 0 1 0 4 1
20 0 0 0 0 0 30 0 1 15 0 0 0 13 11 10 5 0 0 0 0 1 28 0 0 2 76 19 69 31 0 0 0 0 0 0 0 7 0 0 1
0 0 2 8 0 0 0 0 0 0 0 0 0 0 0 0 0 0 0 0 0 0 0 0 17 0 0 0 0 0 0 25 0 0 53 52 0 0 0 37 0
24 0 0 0 0 0 38 0 4 19 0 0 0 17 14 14 6 0 0 0 0 2 31 0 0 2 93 21 85 40 0 0 1 0 0 0 0 8 0 0 0
6 0 20 21 0 0 0 0 0 0 0 0 0 0 0 0 0 0 0 0 0 0 17 0 10 0 23 16 4 5 0 38 0 0 0 14 0 0 0 10 1
25 0 0 0 0 0 40 0 4 20 0 0 0 18 15 15 6 0 0 0 0 2 32 0 0 2 98 22 89 42 0 0 2 0 0 0 0 8 0 0 0
5 0 19 20 0 0 0 0 0 0 0 0 0 0 0 0 0 0 0 0 0 0 15 0 13 0 18 14 0 3 0 37 0 0 0 20 0 0 0 15 0
5 0 17 21 0 0 0 0 0 0 0 0 0 0 0 0 0 0 0 0 0 0 9 0 16 0 7 10 0 0 0 35 0 0 9 34 0 0 0 25 0
21 0 0 0 0 0 33 0 2 16 0 0 0 14 12 12 5 0 0 0 0 2 29 0 0 1 83 20 75 35 0 0 1 0 0 0 0 7 0 0 0
22 0 0 0 0 0 33 0 2 16 0 0 0 14 12 12 5 0 0 0 0 2 29 0 0 1 85 20 76 35 0 0 1 0 0 0 0 7 0 0 0
0 0 3 8 0 0 0 0 0 0 0 0 0 0 0 0 0 0 0 0 0 0 0 0 18 0 0 0 0 0 0 26 0 0 55 55 0 0 0 38 0
14 0 11 11 0 0 12 0 0 4 0 0 0 5 4 5 2 0 0 0 0 0 25 0 0 0 53 21 36 19 0 8 0 0 0 0 0 4 0 0 2
6 0 17 20 0 0 0 0 0 0 0 0 0 0 0 0 0 0 0 0 0 0 14 0 12 0 17 14 0 3 0 33 0 0 0 19 0 0 0 14 1
0 0 3 8 0 0 0 0 0 0 0 0 0 0 0 0 0 0 0 0 0 0 0 0 19 0 0 0 0 0 0 27 0 0 55 55 0 0 0 38 0
0 0 6 11 0 0 0 0 0 0 0 0 0 0 0 0 0 0 0 0 0 0 0 0 18 0 0 0 0 0 0 28 0 0 45 52 0 0 0 37 0
10 0 14 13 0 0 4 0 0 0 0 0 0 2 1 2 0 0 0 0 0 0 21 0 0 0 36 17 21 12 0 18 0 0 0 0 0 1 0 0 1
0 0 2 7 0 0 0 0 0 0 0 0 0 0 0 0 0 0 0 0 0 0 0 0 17 0 0 0 0 0 0 25 0 0 54 53 0 0 0 38 0
0 0 2 9 0 0 0 0 0 0 0 0 0 0 0 0 0 0 0 0 0 0 0 0 17 0 0 0 0 0 0 25 0 0 52 51 0 0 0 38 0
14 0 9 9 0 0 11 0 0 4 0 0 0 5 4 4 2 0 0 0 0 0 22 0 0 0 48 19 34 18 0 3 0 0 0 0 0 3 0 0 1
6 0 15 18 0 0 0 0 0 0 0 0 0 0 0 0 0 0 0 0 0 0 13 0 11 0 16 13 0 3 0 30 0 0 0 18 0 0 0 14 0
0 0 5 10 0 0 0 0 0 0 0 0 0 0 0 0 0 0 0 0 0 0 0 0 19 0 0 0 0 0 0 28 0 0 49 54 0 0 0 37 0
0 0 4 9 0 0 0 0 0 0 0 0 0 0 0 0 0 0 0 0 0 0 0 0 17 0 0 0 0 0 0 27 0 0 49 51 0 0 0 37 0
0 0 8 13 0 0 0 0 0 0 0 0 0 0 0 0 0 0 0 0 0 0 0 0 20 0 0 0 0 0 0 32 0 0 41 51 0 0 0 35 0
21 0 0 0 0 0 32 0 2 15 0 0 0 14 12 11 5 0 0 0 0 1 29 0 0 1 83 20 74 35 0 0 0 0 0 0 0 8 0 0 0
0 0 6 11 0 0 0 0 0 0 0 0 0 0 0 0 0 0 0 0 0 0 0 0 19 0 0 0 0 0 0 28 0 0 45 52 0 0 0 36 0
0 0 1 8 0 0 0 0 0 0 0 0 0 0 0 0 0 0 0 0 0 0 0 0 17 0 0 0 0 0 0 25 0 0 53 51 0 0 0 37 0
19 0 0 0 0 0 26 0 0 12 0 0 0 11 9 9 4 0 0 0 0 1 27 0 0 1 72 19 63 30 0 0 0 0 0 0 0 7 0 0 1
0 0 8 13 0 0 0 0 0 0 0 0 0 0 0 0 0 0 0 0 0 0 0 0 21 0 0 0 0 0 0 33 0 0 40 53 0 0 0 38 0
0 0 6 11 0 0 0 0 0 0 0 0 0 0 0 0 0 0 0 0 0 0 0 0 19 0 0 0 0 0 0 28 0 0 42 50 0 0 0 35 0
18 0 0 0 0 0 24 0 0 12 0 0 0 10 9 8 4 0 0 0 0 1 25 0 0 1 66 18 57 27 0 0 0 0 0 0 0 6 0 0 1
17 0 2 0 0 0 20 0 0 10 0 0 0 8 7 7 3 0 0 0 0 2 25 0 0 1 59 18 51 24 0 0 0 0 0 0 0 5 0 0 0
17 0 3 2 0 0 19 0 0 8 0 0 0 8 7 7 3 0 0 0 0 2 24 0 0 1 58 19 47 24 0 0 0 0 0 0 0 4 0 0 0
1 0 13 16 0 0 0 0 0 0 0 0 0 0 0 0 0 0 0 0 0 0 5 0 17 0 0 4 0 0 0 33 0 0 20 38 0 0 0 27 0
0 0 0 6 0 0 0 0 0 0 0 0 0 0 0 0 0 0 0 0 0 0 0 0 15 0 0 0 0 0 0 24 0 0 57 51 0 0 0 38 1
0 0 4 9 0 0 0 0 0 0 0 0 0 0 0 0 0 0 0 0 0 0 0 0 19 0 0 0 0 0 0 26 0 0 51 54 0 0 0 38 0
0 0 2 8 0 0 0 0 0 0 0 0 0 0 0 0 0 0 0 0 0 0 0 0 16 0 0 0 0 0 0 25 0 0 53 52 0 0 0 38 0
0 0 1 7 0 0 0 0 0 0 0 0 0 0 0 0 0 0 0 0 0 0 0 0 16 0 0 0 0 0 0 25 0 0 57 53 0 0 0 39 1
14 0 10 11 0 0 10 0 0 4 0 0 0 4 3 4 1 0 0 0 0 0 24 0 0 0 49 19 33 18 0 9 0 0 0 0 0 3 0 0 1
0 0 1 7 0 0 0 0 0 0 0 0 0 0 0 0 0 0 0 0 0 0 0 0 17 0 0 0 0 0 0 25 0 0 56 52 0 0 0 38 0
0 0 0 6 0 0 0 0 0 0 0 0 0 0 0 0 0 0 0 0 0 0 0 0 14 0 0 0 0 0 0 23 0 0 60 50 0 0 0 39 2
0 0 2 8 0 0 0 0 0 0 0 0 0 0 0 0 0 0 0 0 0 0 0 0 16 0 0 0 0 0 0 24 0 0 52 51 0 0 0 37 0
0 0 1 7 0 0 0 0 0 0 0 0 0 0 0 0 0 0 0 0 0 0 0 0 18 0 0 0 0 0 0 25 0 0 56 54 0 0 0 38 0
0 0 11 15 0 0 0 0 0 0 0 0 0 0 0 0 0 0 0 0 0 0 0 0 19 0 0 0 0 0 0 36 0 0 32 46 0 0 0 31 0
23 0 0 0 0 0 36 0 2 17 0 0 0 16 13 13 5 0 0 0 0 1 30 0 0 1 89 21 80 38 0 0 1 0 0 0 0 8 0 0 0
0 0 1 7 0 0 0 0 0 0 0 0 0 0 0 0 0 0 0 0 0 0 0 0 16 0 0 0 0 0 0 24 0 0 58 53 0 0 0 39 0
0 0 1 7 0 0 0 0 0 0 0 0 0 0 0 0 0 0 0 0 0 0 0 0 17 0 0 0 0 0 0 24 0 0 54 52 0 0 0 37 1
0 0 4 10 0 0 0 0 0 0 0 0 0 0 0 0 0 0 0 0 0 0 0 0 18 0 0 0 0 0 0 27 0 0 47 52 0 0 0 36 0
13 0 13 13 0 0 8 0 0 3 0 0 0 3 3 3 1 0 0 0 0 0 24 0 0 0 47 20 29 17 0 15 0 0 0 0 0 3 0 0 1
9 0 18 17 0 0 3 0 0 0 0 0 0 1 0 1 0 0 0 0 0 0 23 0 2 0 38 18 19 11 0 29 0 0 0 0 0 2 0 0 2
0 0 11 13 0 0 0 0 0 0 0 0 0 0 0 0 0 0 0 0 0 0 0 0 22 0 0 0 0 0 0 34 0 0 40 53 0 0 0 36 0
9 0 15 17 0 0 1 0 0 0 0 0 0 0 0 1 0 0 0 0 0 0 20 0 3 0 33 17 16 11 0 26 0 0 0 0 0 1 0 0 1
0 0 18 20 0 0 0 0 0 0 0 0 0 0 0 0 0 0 0 0 0 0 9 0 18 0 0 8 0 0 0 43 0 0 15 36 0 0 0 25 1
0 0 15 17 0 0 0 0 0 0 0 0 0 0 0 0 0 0 0 0 0 0 3 0 21 0 0 2 0 0 0 41 0 0 28 46 0 0 0 31 0
26 0 0 0 0 0 43 0 5 21 0 0 0 19 16 16 7 0 0 0 0 2 33 0 0 2 105 23 96 46 0 0 2 1 0 0 0 9 0 0 0
22 0 0 0 0 0 33 0 2 16 0 0 0 15 12 12 5 0 0 0 0 2 29 0 0 2 84 20 76 35 0 0 1 0 0 0 0 7 0 0 0
0 0 2 8 0 0 0 0 0 0 0 0 0 0 0 0 0 0 0 0 0 0 0 0 16 0 0 0 0 0 0 25 0 0 54 52 0 0 0 38 0
21 0 0 0 0 0 31 0 1 15 0 0 0 13 11 11 5 0 0 0 0 2 29 0 0 1 80 20 72 33 0 0 0 0 0 0 0 7 0 0 1
13 0 11 12 0 0 8 0 0 3 0 0 0 3 3 3 1 0 0 0 0 0 23 0 0 0 45 19 29 16 0 12 0 0 0 0 0 3 0 0 1
0 0 2 8 0 0 0 0 0 0 0 0 0 0 0 0 0 0 0 0 0 0 0 0 17 0 0 0 0 0 0 26 0 0 54 53 0 0 0 38 0
7 0 17 20 0 0 0 0 0 0 0 0 0 0 0 0 0 0 0 0 0 0 15 0 12 0 20 15 1 3 0 33 0 0 0 19 0 0 0 15 1
13 0 11 12 0 0 7 0 0 2 0 0 0 3 2 3 1 0 0 0 0 0 21 0 0 0 42 18 27 15 0 11 0 0 0 0 0 2 0 0 1
26 0 0 0 0 0 43 0 5 21 0 0 0 19 16 16 7 0 0 0 0 3 32 0 0 2 103 22 94 45 0 0 2 1 0 0 0 9 0 0 0
0 0 10 14 0 0 0 0 0 0 0 0 0 0 0 0 0 0 0 0 0 0 0 0 19 0 0 0 0 0 0 34 0 0 35 47 0 0 0 32 0
0 0 0 7 0 0 0 0 0 0 0 0 0 0 0 0 0 0 0 0 0 0 0 0 16 0 0 0 0 0 0 25 0 0 60 52 0 0 0 39 1
0 0 2 8 0 0 0 0 0 0 0 0 0 0 0 0 0 0 0 0 0 0 0 0 17 0 0 0 0 0 0 25 0 0 54 53 0 0 0 38 0
18 0 2 0 0 0 22 0 0 11 0 0 0 10 8 8 4 0 0 0 0 1 26 0 0 1 65 20 55 26 0 0 0 0 0 0 0 5 0 0 1
0 0 3 8 0 0 0 0 0 0 0 0 0 0 0 0 0 0 0 0 0 0 0 0 19 0 0 0 0 0 0 27 0 0 55 55 0 0 0 39 0
0 0 5 10 0 0 0 0 0 0 0 0 0 0 0 0 0 0 0 0 0 0 0 0 18 0 0 0 0 0 0 26 0 0 46 52 0 0 0 36 0
9 0 16 16 0 0 2 0 0 0 0 0 0 0 0 1 0 0 0 0 0 0 21 0 3 0 34 18 17 11 0 26 0 0 0 0 0 2 0 0 1
0 0 11 13 0 0 0 0 0 0 0 0 0 0 0 0 0 0 0 0 0 0 0 0 20 0 0 0 0 0 0 36 0 0 39 50 0 0 0 34 0
25 0 0 0 0 0 41 0 4 20 0 0 0 18 15 15 6 0 0 0 0 2 32 0 0 2 100 22 91 43 0 0 2 0 0 0 0 8 0 0 0
19 0 0 0 0 0 28 0 0 13 0 0 0 12 10 10 5 0 0 0 0 1 28 0 0 1 75 20 66 30 0 0 0 0 0 0 0 6 0 0 1
0 0 7 12 0 0 0 0 0 0 0 0 0 0 0 0 0 0 0 0 0 0 0 0 20 0 0 0 0 0 0 32 0 0 45 53 0 0 0 36 0
15 0 8 7 0 0 13 0 0 5 0 0 0 5 4 5 2 0 0 0 0 0 23 0 0 0 50 19 36 19 0 1 0 0 0 0 0 3 0 0 1
11 0 15 15 0 0 6 0 0 1 0 0 0 3 2 2 0 0 0 0 0 0 23 0 0 0 43 19 25 15 0 20 0 0 0 0 0 3 0 0 2
0 0 0 7 0 0 0 0 0 0 0 0 0 0 0 0 0 0 0 0 0 0 0 0 16 0 0 0 0 0 0 25 0 0 59 53 0 0 0 40 1
0 0 2 8 0 0 0 0 0 0 0 0 0 0 0 0 0 0 0 0 0 0 0 0 17 0 0 0 0 0 0 25 0 0 52 52 0 0 0 37 0
0 0 1 7 0 0 0 0 0 0 0 0 0 0 0 0 0 0 0 0 0 0 0 0 16 0 0 0 0 0 0 25 0 0 58 53 0 0 0 38 0
0 0 2 8 0 0 0 0 0 0 0 0 0 0 0 0 0 0 0 0 0 0 0 0 18 0 0 0 0 0 0 26 0 0 54 54 0 0 0 38 0
21 0 0 0 0 0 33 0 2 16 0 0 0 14 12 12 5 0 0 0 0 1 29 0 0 2 83 20 75 34 0 0 0 0 0 0 0 7 0 0 0
0 0 0 6 0 0 0 0 0 0 0 0 0 0 0 0 0 0 0 0 0 0 0 0 15 0 0 0 0 0 0 25 0 0 60 51 0 0 0 39 2
2 0 14 18 0 0 0 0 0 0 0 0 0 0 0 0 0 0 0 0 0 0 7 0 16 0 0 7 0 0 0 32 0 0 17 37 0 0 0 27 0
0 0 0 7 0 0 0 0 0 0 0 0 0 0 0 0 0 0 0 0 0 0 0 0 15 0 0 0 0 0 0 25 0 0 59 51 0 0 0 40 2
3 0 17 20 0 0 0 0 0 0 0 0 0 0 0 0 0 0 0 0 0 0 10 0 15 0 6 10 0 0 0 38 0 0 8 30 0 0 0 22 1
0 0 1 7 0 0 0 0 0 0 0 0 0 0 0 0 0 0 0 0 0 0 0 0 16 0 0 0 0 0 0 25 0 0 56 53 0 0 0 39 1
6 0 18 22 0 0 0 0 0 0 0 0 0 0 0 0 0 0 0 0 0 0 13 0 14 0 15 14 0 2 0 36 0 0 0 25 0 0 0 19 1
0 0 21 20 0 0 0 0 0 0 0 0 0 0 0 0 0 0 0 0 0 0 11 0 18 0 2 10 0 0 0 45 0 0 13 35 0 0 0 22 1
0 0 10 13 0 0 0 0 0 0 0 0 0 0 0 0 0 0 0 0 0 0 0 0 19 0 0 0 0 0 0 34 0 0 35 47 0 0 0 32 0
15 0 7 6 0 0 15 0 0 7 0 0 0 6 5 6 2 0 0 0 0 1 24 0 0 0 54 19 41 21 0 0 0 0 0 0 0 4 0 0 1
0 0 2 7 0 0 0 0 0 0 0 0 0 0 0 0 0 0 0 0 0 0 0 0 16 0 0 0 0 0 0 23 0 0 52 50 0 0 0 37 0
1 0 10 16 0 0 0 0 0 0 0 0 0 0 0 0 0 0 0 0 0 0 0 0 18 0 0 1 0 0 0 32 0 0 30 45 0 0 0 35 0
0 0 1 7 0 0 0 0 0 0 0 0 0 0 0 0 0 0 0 0 0 0 0 0 16 0 0 0 0 0 0 24 0 0 57 53 0 0 0 39 1
2 0 13 18 0 0 0 0 0 0 0 0 0 0 0 0 0 0 0 0 0 0 4 0 18 0 0 5 0 0 0 33 0 0 22 42 0 0 0 32 0
0 0 2 8 0 0 0 0 0 0 0 0 0 0 0 0 0 0 0 0 0 0 0 0 17 0 0 0 0 0 0 25 0 0 53 51 0 0 0 37 0
0 0 4 9 0 0 0 0 0 0 0 0 0 0 0 0 0 0 0 0 0 0 0 0 18 0 0 0 0 0 0 26 0 0 49 52 0 0 0 37 0
0 0 0 7 0 0 0 0 0 0 0 0 0 0 0 0 0 0 0 0 0 0 0 0 16 0 0 0 0 0 0 25 0 0 57 51 0 0 0 38 1
9 0 16 16 0 0 1 0 0 0 0 0 0 0 0 1 0 0 0 0 0 0 20 0 3 0 33 17 16 10 0 26 0 0 0 0 0 1 0 0 1
0 0 3 9 0 0 0 0 0 0 0 0 0 0 0 0 0 0 0 0 0 0 0 0 19 0 0 0 0 0 0 26 0 0 54 55 0 0 0 39 0
10 0 17 18 0 0 2 0 0 0 0 0 0 0 0 1 0 0 0 0 0 0 22 0 3 0 36 19 17 11 0 27 0 0 0 0 0 2 0 0 2
0 0 6 10 0 0 0 0 0 0 0 0 0 0 0 0 0 0 0 0 0 0 0 0 19 0 0 0 0 0 0 30 0 0 48 54 0 0 0 37 0
0 0 5 10 0 0 0 0 0 0 0 0 0 0 0 0 0 0 0 0 0 0 0 0 20 0 0 0 0 0 0 28 0 0 51 55 0 0 0 38 0
29 0 0 0 0 0 49 0 6 24 0 0 0 22 18 19 7 0 0 0 0 3 36 0 0 2 117 24 108 52 0 0 3 1 0 0 0 10 0 0 0
0 0 1 8 0 0 0 0 0 0 0 0 0 0 0 0 0 0 0 0 0 0 0 0 17 0 0 0 0 0 0 25 0 0 55 53 0 0 0 38 0
0 0 5 9 0 0 0 0 0 0 0 0 0 0 0 0 0 0 0 0 0 0 0 0 17 0 0 0 0 0 0 26 0 0 46 51 0 0 0 36 0
0 0 5 10 0 0 0 0 0 0 0 0 0 0 0 0 0 0 0 0 0 0 0 0 17 0 0 0 0 0 0 26 0 0 47 51 0 0 0 36 0
0 0 1 7 0 0 0 0 0 0 0 0 0 0 0 0 0 0 0 0 0 0 0 0 16 0 0 0 0 0 0 25 0 0 56 52 0 0 0 38 0
0 0 3 8 0 0 0 0 0 0 0 0 0 0 0 0 0 0 0 0 0 0 0 0 17 0 0 0 0 0 0 25 0 0 52 52 0 0 0 37 0
20 0 0 0 0 0 29 0 1 14 0 0 0 13 10 10 5 0 0 0 0 1 28 0 0 1 77 20 68 31 0 0 0 0 0 0 0 7 0 0 1
16 0 6 5 0 0 17 0 0 8 0 0 0 8 6 6 3 0 0 0 0 1 26 0 0 1 59 20 46 23 0 0 0 0 0 0 0 5 0 0 1
16 0 5 4 0 0 16 0 0 8 0 0 0 7 6 6 3 0 0 0 0 1 24 0 0 1 55 19 44 21 0 0 0 0 0 0 0 4 0 0 0
1 0 12 17 0 0 0 0 0 0 0 0 0 0 0 0 0 0 0 0 0 0 2 0 18 0 0 3 0 0 0 34 0 0 25 43 0 0 0 32 0
0 0 6 11 0 0 0 0 0 0 0 0 0 0 0 0 0 0 0 0 0 0 0 0 18 0 0 0 0 0 0 28 0 0 42 51 0 0 0 36 0
19 0 0 0 0 0 28 0 1 13 0 0 0 12 10 10 4 0 0 0 0 1 27 0 0 1 73 19 64 30 0 0 0 0 0 0 0 6 0 0 1
3 0 19 20 0 0 0 0 0 0 0 0 0 0 0 0 0 0 0 0 0 0 13 0 14 0 11 12 0 0 0 39 0 0 3 24 0 0 0 17 0
0 0 6 10 0 0 0 0 0 0 0 0 0 0 0 0 0 0 0 0 0 0 0 0 20 0 0 0 0 0 0 29 0 0 50 55 0 0 0 37 0
1 0 12 17 0 0 0 0 0 0 0 0 0 0 0 0 0 0 0 0 0 0 2 0 18 0 0 3 0 0 0 34 0 0 24 43 0 0 0 32 0
0 0 19 18 0 0 0 0 0 0 0 0 0 0 0 0 0 0 0 0 0 0 9 0 18 0 0 5 0 0 0 44 0 0 21 38 0 0 0 23 0
0 0 4 9 0 0 0 0 0 0 0 0 0 0 0 0 0 0 0 0 0 0 0 0 19 0 0 0 0 0 0 27 0 0 49 54 0 0 0 38 0
21 0 0 0 0 0 34 0 2 17 0 0 0 15 12 12 5 0 0 0 0 2 29 0 0 2 84 20 77 35 0 0 1 0 0 0 0 7 0 0 0
0 0 3 8 0 0 0 0 0 0 0 0 0 0 0 0 0 0 0 0 0 0 0 0 17 0 0 0 0 0 0 24 0 0 50 52 0 0 0 37 0
0 0 1 7 0 0 0 0 0 0 0 0 0 0 0 0 0 0 0 0 0 0 0 0 17 0 0 0 0 0 0 25 0 0 55 52 0 0 0 38 0
0 0 11 14 0 0 0 0 0 0 0 0 0 0 0 0 0 0 0 0 0 0 1 0 18 0 0 0 0 0 0 36 0 0 34 45 0 0 0 30 0
0 0 7 10 0 0 0 0 0 0 0 0 0 0 0 0 0 0 0 0 0 0 0 0 20 0 0 0 0 0 0 30 0 0 48 54 0 0 0 37 0
0 0 12 14 0 0 0 0 0 0 0 0 0 0 0 0 0 0 0 0 0 0 0 0 19 0 0 0 0 0 0 37 0 0 32 46 0 0 0 31 0
0 0 0 6 0 0 0 0 0 0 0 0 0 0 0 0 0 0 0 0 0 0 0 0 15 0 0 0 0 0 0 24 0 0 57 50 0 0 0 38 1
14 0 11 10 0 0 10 0 0 4 0 0 0 4 3 4 2 0 0 0 0 0 23 0 0 0 49 20 33 17 0 6 0 0 0 0 0 3 0 0 1
0 0 2 8 0 0 0 0 0 0 0 0 0 0 0 0 0 0 0 0 0 0 0 0 17 0 0 0 0 0 0 26 0 0 54 53 0 0 0 38 0
19 0 0 0 0 0 26 0 2 13 0 0 0 11 9 9 4 0 0 0 0 2 26 0 0 1 70 18 62 30 0 0 1 0 0 0 0 6 0 0 0
0 0 3 9 0 0 0 0 0 0 0 0 0 0 0 0 0 0 0 0 0 0 0 0 19 0 0 0 0 0 0 26 0 0 54 55 0 0 0 38 0
18 0 0 0 0 0 24 0 0 12 0 0 0 10 9 9 4 0 0 0 0 2 26 0 0 1 67 18 59 27 0 0 0 0 0 0 0 6 0 0 1
0 0 5 9 0 0 0 0 0 0 0 0 0 0 0 0 0 0 0 0 0 0 0 0 19 0 0 0 0 0 0 28 0 0 50 54 0 0 0 37 0
0 0 6 12 0 0 0 0 0 0 0 0 0 0 0 0 0 0 0 0 0 0 0 0 19 0 0 0 0 0 0 29 0 0 42 51 0 0 0 36 0
0 0 13 15 0 0 0 0 0 0 0 0 0 0 0 0 0 0 0 0 0 0 2 0 18 0 0 1 0 0 0 36 0 0 27 43 0 0 0 29 0
0 0 4 9 0 0 0 0 0 0 0 0 0 0 0 0 0 0 0 0 0 0 0 0 19 0 0 0 0 0 0 27 0 0 51 54 0 0 0 38 0
0 0 2 8 0 0 0 0 0 0 0 0 0 0 0 0 0 0 0 0 0 0 0 0 18 0 0 0 0 0 0 25 0 0 51 52 0 0 0 37 0
0 0 1 7 0 0 0 0 0 0 0 0 0 0 0 0 0 0 0 0 0 0 0 0 16 0 0 0 0 0 0 24 0 0 53 51 0 0 0 36 0
0 0 2 7 0 0 0 0 0 0 0 0 0 0 0 0 0 0 0 0 0 0 0 0 18 0 0 0 0 0 0 26 0 0 56 55 0 0 0 39 0
31 0 0 0 0 0 53 0 7 26 0 0 0 24 19 20 8 0 0 0 0 3 37 0 0 2 124 25 114 55 0 0 4 2 0 0 0 11 0 0 0
0 0 3 8 0 0 0 0 0 0 0 0 0 0 0 0 0 0 0 0 0 0 0 0 18 0 0 0 0 0 0 26 0 0 54 54 0 0 0 38 0
8 0 17 17 0 0 1 0 0 0 0 0 0 0 0 1 0 0 0 0 0 0 21 0 4 0 33 18 15 9 0 28 0 0 0 1 0 2 0 2 1
6 0 20 19 0 0 0 0 0 0 0 0 0 0 0 0 0 0 0 0 0 0 20 0 6 0 29 17 10 7 0 35 0 0 0 5 0 1 0 3 2
14 0 11 11 0 0 9 0 0 3 0 0 0 3 3 3 1 0 0 0 0 0 24 0 0 0 47 20 31 17 0 9 0 0 0 0 0 3 0 0 1
18 0 0 0 0 0 25 0 0 12 0 0 0 11 9 9 4 0 0 0 0 2 25 0 0 1 67 19 59 27 0 0 0 0 0 0 0 6 0 0 1
0 0 1 7 0 0 0 0 0 0 0 0 0 0 0 0 0 0 0 0 0 0 0 0 16 0 0 0 0 0 0 25 0 0 55 51 0 0 0 38 1
8 0 16 20 0 0 0 0 0 0 0 0 0 0 0 0 0 0 0 0 0 0 14 0 11 0 21 16 2 3 0 28 0 0 0 19 0 1 0 17 1
0 0 0 7 0 0 0 0 0 0 0 0 0 0 0 0 0 0 0 0 0 0 0 0 15 0 0 0 0 0 0 25 0 0 57 51 0 0 0 38 1
0 0 2 9 0 0 0 0 0 0 0 0 0 0 0 0 0 0 0 0 0 0 0 0 17 0 0 0 0 0 0 26 0 0 52 52 0 0 0 38 0
0 0 2 8 0 0 0 0 0 0 0 0 0 0 0 0 0 0 0 0 0 0 0 0 18 0 0 0 0 0 0 26 0 0 55 54 0 0 0 39 0
0 0 0 7 0 0 0 0 0 0 0 0 0 0 0 0 0 0 0 0 0 0 0 0 16 0 0 0 0 0 0 25 0 0 58 52 0 0 0 39 1
0 0 13 16 0 0 0 0 0 0 0 0 0 0 0 0 0 0 0 0 0 0 2 0 19 0 0 1 0 0 0 36 0 0 28 44 0 0 0 30 0
1 0 19 19 0 0 0 0 0 0 0 0 0 0 0 0 0 0 0 0 0 0 11 0 16 0 6 10 0 0 0 41 0 0 7 28 0 0 0 18 0
0 0 3 8 0 0 0 0 0 0 0 0 0 0 0 0 0 0 0 0 0 0 0 0 18 0 0 0 0 0 0 26 0 0 52 53 0 0 0 37 0
10 0 14 14 0 0 5 0 0 1 0 0 0 2 1 2 0 0 0 0 0 0 21 0 0 0 38 17 21 13 0 19 0 0 0 0 0 2 0 0 2
0 0 7 12 0 0 0 0 0 0 0 0 0 0 0 0 0 0 0 0 0 0 0 0 19 0 0 0 0 0 0 28 0 0 42 51 0 0 0 37 0
24 0 0 0 0 0 37 0 3 18 0 0 0 16 13 14 6 0 0 0 0 2 31 0 0 2 91 21 83 39 0 0 1 0 0 0 0 8 0 0 0
14 0 10 10 0 0 9 0 0 4 0 0 0 4 3 4 2 0 0 0 0 0 23 0 0 0 46 19 31 17 0 7 0 0 0 0 0 3 0 0 1
31 0 0 0 0 0 52 0 7 26 0 0 0 23 19 20 8 0 0 0 0 3 37 0 0 2 123 25 113 54 0 0 3 1 0 0 0 11 0 0 0
0 0 1 7 0 0 0 0 0 0 0 0 0 0 0 0 0 0 0 0 0 0 0 0 17 0 0 0 0 0 0 25 0 0 55 52 0 0 0 38 0
14 0 9 9 0 0 11 0 0 4 0 0 0 5 4 4 2 0 0 0 0 0 24 0 0 0 50 19 34 19 0 5 0 0 0 0 0 3 0 0 1
