0 0 4 1 0 0 0 0 1 1 0 0 0 0 0 0 0 0 0 0 0 0 0 0 1 0 2 2 0 0 0 5 0 0 4 0 5 0 0 7 0
0 0 2 0 0 0 0 0 3 0 0 0 0 0 0 0 0 0 0 0 0 0 2 0 2 0 0 2 0 0 0 0 0 0 7 4 0 0 0 2 4
0 0 4 1 0 0 0 0 1 0 0 0 0 0 0 0 0 0 0 0 0 0 0 0 1 0 3 2 0 0 0 6 0 0 4 0 5 0 0 7 1
1 2 13 4 0 0 0 0 8 4 0 0 0 0 0 1 0 0 0 0 0 2 3 0 0 1 4 4 0 1 0 2 0 0 0 0 7 2 0 16 3
0 1 5 1 0 0 0 0 2 1 0 0 0 0 0 0 0 0 0 0 1 0 1 0 0 0 0 1 0 0 0 0 0 0 3 2 2 1 0 5 4
0 0 0 0 0 0 0 0 0 0 0 0 0 0 0 0 0 0 2 0 0 0 0 1 0 0 1 0 0 0 0 1 0 1 7 14 0 0 0 0 0
0 0 0 0 0 0 0 0 0 0 0 0 0 0 0 0 0 0 0 0 0 0 0 0 0 0 0 0 0 0 0 2 0 0 7 7 1 0 0 0 1
0 0 0 0 0 0 0 0 0 0 0 0 0 0 0 0 0 0 0 0 0 0 0 0 1 0 0 0 0 0 0 2 0 0 9 10 0 0 0 0 0
0 0 0 0 0 0 0 0 0 0 0 0 0 0 0 0 0 0 1 0 0 0 0 1 0 0 2 0 0 0 0 4 0 0 7 9 0 0 0 0 0
0 0 2 1 0 0 0 0 0 0 0 0 0 0 0 0 0 0 0 0 0 0 0 0 1 0 2 2 0 0 0 6 0 0 6 4 4 0 0 6 1
1 0 0 0 0 0 0 0 0 0 0 0 0 0 0 0 0 0 0 0 0 0 0 0 1 0 0 0 0 0 0 0 0 1 9 11 0 0 0 0 0
0 0 0 0 0 0 0 0 0 0 0 0 0 0 0 0 0 0 1 0 0 0 0 0 0 0 0 0 0 0 0 1 0 0 8 11 0 0 0 0 0
0 5 12 1 0 0 0 0 9 4 0 0 0 0 1 1 0 0 0 0 0 0 7 0 0 0 0 5 0 0 0 0 0 1 0 0 0 1 0 12 8
0 0 0 0 0 0 0 0 0 0 0 0 0 0 0 0 0 0 1 0 1 0 0 1 0 0 0 0 0 0 0 0 0 1 8 14 0 0 0 0 0
0 0 0 0 0 0 0 0 0 0 0 0 0 0 0 0 0 0 1 0 0 0 0 1 0 0 1 0 0 0 0 3 0 0 9 16 0 0 0 0 0
0 2 9 1 0 0 0 0 5 2 0 0 0 0 1 0 0 0 0 0 0 0 4 0 1 0 0 4 0 0 0 0 0 0 0 0 2 0 0 9 5
0 3 10 2 0 0 0 0 8 3 0 0 0 0 1 1 0 0 0 0 1 0 5 0 0 0 0 2 0 0 0 0 0 0 0 0 3 2 0 11 6
1 0 0 0 0 0 1 0 0 0 0 0 0 0 0 0 0 0 2 1 1 0 0 0 0 0 0 0 0 0 0 0 0 2 10 17 0 0 0 0 0
0 0 7 2 0 0 0 0 3 1 0 0 0 0 0 0 0 0 0 0 0 0 0 0 1 0 3 2 0 0 0 5 0 0 0 0 5 0 0 10 2
0 0 0 0 0 0 0 0 0 0 0 0 0 0 0 0 0 0 0 0 0 0 0 0 1 0 0 1 0 0 0 3 0 0 7 6 2 0 0 2 0
0 0 0 0 0 0 0 0 0 0 0 0 0 0 0 0 0 0 1 0 0 0 0 1 0 0 0 0 0 0 0 2 0 0 8 11 0 0 0 0 0
0 1 10 3 0 0 0 0 3 3 0 0 0 0 0 0 0 0 0 0 1 0 1 0 0 0 1 4 0 0 0 2 0 0 0 0 5 2 0 10 4
0 1 3 0 0 0 0 0 3 1 0 0 0 0 0 0 0 0 0 0 0 0 3 0 1 0 0 2 0 0 0 0 0 0 6 2 0 0 0 2 4
0 0 0 0 0 0 0 0 2 0 0 0 0 0 0 0 0 0 0 0 0 0 1 0 1 0 0 0 0 0 0 0 0 0 8 7 0 0 0 0 2
0 1 9 0 0 0 0 0 4 3 0 0 0 0 0 0 0 0 0 0 0 0 3 0 1 0 0 3 0 0 0 0 0 0 0 0 2 0 0 8 4
0 0 0 0 0 0 0 0 0 0 0 0 0 0 0 0 0 0 0 0 0 0 0 0 1 0 0 0 0 0 0 0 0 1 9 8 0 0 0 0 0
0 0 0 0 0 0 0 0 0 0 0 0 0 0 0 0 0 0 0 0 0 0 0 0 0 0 0 0 0 0 0 2 0 0 8 9 0 0 0 0 0
0 1 9 2 0 0 0 0 5 1 0 0 0 0 0 0 0 0 0 0 0 0 2 0 1 0 1 3 0 0 0 3 0 0 0 0 4 0 0 10 4
0 2 1 0 0 0 0 0 3 2 0 0 0 0 0 0 0 0 1 0 2 0 3 0 0 0 0 0 0 0 0 0 0 0 5 4 0 2 0 1 3
0 0 7 1 0 0 0 0 3 1 0 0 0 0 0 0 0 0 0 0 0 0 1 0 2 0 1 3 0 0 0 3 0 0 0 0 4 0 0 8 3
0 0 0 0 0 0 0 0 0 0 0 0 0 0 0 0 0 0 0 0 0 0 0 0 0 0 0 0 0 0 0 2 0 0 8 9 0 0 0 0 0
0 0 0 0 0 0 0 0 0 0 0 0 0 0 0 0 0 0 0 0 0 0 0 1 0 0 0 0 0 0 0 2 0 0 8 12 0 0 0 0 0
0 0 0 0 0 0 0 0 0 0 0 0 0 0 0 0 0 0 1 0 1 0 0 0 0 0 0 0 0 0 0 0 0 1 8 12 0 0 0 0 0
0 0 0 0 0 0 0 0 0 0 0 0 0 0 0 0 0 0 0 0 0 0 0 0 1 0 0 0 0 0 0 2 0 0 9 9 0 0 0 0 0
0 0 0 0 0 0 1 0 0 0 0 0 1 0 1 0 0 0 3 0 1 1 0 1 0 0 0 0 0 1 0 0 0 2 9 19 0 0 0 0 0
0 1 9 1 0 0 0 0 4 2 0 0 0 0 0 0 0 0 0 0 0 0 2 0 1 0 1 3 0 0 0 3 0 0 0 0 4 1 0 10 4
0 0 0 0 0 0 0 0 0 0 0 0 0 0 0 0 0 0 0 0 0 0 0 0 1 0 0 0 0 0 0 0 0 0 10 10 0 0 0 0 0
0 0 0 0 0 0 0 0 0 0 0 0 0 0 0 0 0 0 0 0 0 0 0 0 1 0 0 0 0 0 0 0 0 0 9 7 0 0 0 0 1
0 0 1 0 0 0 0 0 2 0 0 0 0 0 0 0 0 0 0 0 0 0 1 0 1 0 0 0 0 0 0 0 0 0 7 5 0 0 0 2 3
0 0 0 0 0 0 0 0 0 0 0 0 0 0 0 0 0 0 1 0 0 0 0 0 0 0 0 0 0 0 0 2 0 0 8 10 0 0 0 0 0
0 0 2 1 0 0 0 0 1 0 0 0 0 0 0 0 0 0 0 0 0 0 0 0 0 0 0 0 0 0 0 3 0 0 4 3 3 1 0 4 1
0 0 0 0 0 0 0 0 0 0 0 0 0 0 0 0 0 0 0 0 0 0 0 0 0 0 2 0 0 0 0 5 0 0 8 8 1 0 0 0 0
0 0 0 0 0 0 0 0 0 0 0 0 0 0 0 0 0 0 0 0 0 0 0 0 1 0 0 0 0 0 0 0 0 1 8 6 0 0 0 0 0
0 1 11 3 0 0 0 0 5 3 0 0 0 0 0 0 0 0 0 0 0 0 2 0 0 0 2 4 0 0 0 1 0 0 0 0 5 1 0 12 4
0 3 9 1 0 0 0 0 9 2 1 0 0 0 1 1 0 0 0 0 0 0 6 0 0 0 0 2 0 1 0 0 0 1 0 0 1 0 0 10 7
0 0 0 0 0 0 0 0 0 0 0 0 0 0 0 0 0 0 1 0 0 0 0 1 0 0 0 0 0 0 0 1 0 0 8 12 0 0 0 0 0
1 7 17 5 0 0 0 0 13 5 1 0 0 0 1 3 0 0 0 0 3 1 8 0 0 0 2 6 0 2 2 0 1 0 0 0 4 5 0 20 8
0 2 8 0 0 0 0 0 5 1 1 0 0 0 1 1 0 0 0 0 0 0 5 0 1 0 0 4 0 0 0 0 0 0 0 0 0 0 0 8 6
0 0 5 1 0 0 0 0 2 0 0 0 0 0 0 0 0 0 0 0 0 0 0 0 1 0 1 2 0 0 0 5 0 0 3 0 5 0 0 7 2
0 0 0 0 0 0 0 0 0 0 0 0 0 0 0 0 0 0 1 0 0 0 0 1 0 0 1 0 0 0 0 2 0 0 8 14 0 0 0 0 0
0 0 0 0 0 0 0 0 1 0 1 0 0 0 0 0 0 0 0 0 0 0 0 0 1 0 0 0 0 0 0 3 0 0 6 5 2 0 0 1 1
0 0 0 0 0 0 0 0 0 0 0 0 0 0 0 0 0 0 0 0 0 0 0 0 1 0 0 0 0 0 0 3 0 0 9 10 0 0 0 0 0
1 0 12 6 0 0 0 0 5 5 0 0 0 0 0 0 0 0 0 0 2 3 0 0 0 2 7 2 0 1 0 6 0 0 0 0 11 4 0 18 0
0 0 0 0 0 0 0 0 0 0 0 0 0 0 0 0 0 0 1 0 0 0 0 0 0 0 1 0 0 0 0 2 0 0 7 10 0 0 0 0 0
0 0 8 2 0 0 0 0 3 1 0 0 0 0 0 0 0 0 0 0 0 0 0 0 1 0 2 2 0 0 0 4 0 0 0 0 5 0 0 10 3
0 3 10 1 0 0 0 0 7 3 0 0 0 0 1 0 0 0 0 0 0 0 5 0 1 0 0 4 0 0 0 0 0 0 0 0 1 0 0 10 6
0 2 7 0 0 0 0 0 7 0 1 0 0 0 1 0 0 0 0 0 0 0 5 0 1 0 0 3 0 0 0 0 0 0 0 0 1 0 0 9 6
0 3 10 1 0 0 0 0 5 3 0 0 0 0 1 1 0 0 0 0 0 0 6 0 0 0 0 5 0 0 0 0 0 0 0 0 0 1 0 9 7
0 0 0 0 0 0 0 0 0 0 0 0 0 0 0 0 0 0 0 0 0 0 0 0 1 0 0 1 0 0 0 4 0 0 8 5 2 0 0 2 0
0 0 0 0 0 0 0 0 0 0 0 0 0 0 0 0 0 0 0 0 0 0 0 0 0 0 1 1 0 0 0 4 0 0 8 5 1 0 0 0 0
0 0 0 0 0 0 0 0 0 0 0 0 0 0 1 0 0 0 2 0 0 1 0 2 0 1 1 0 0 1 0 0 0 1 8 17 0 0 0 0 0
0 0 0 0 0 0 0 0 0 0 0 0 0 0 0 0 0 0 0 0 0 0 0 0 1 0 0 1 0 0 0 0 0 0 8 6 0 0 0 0 1
0 2 7 0 0 0 0 0 6 1 0 0 0 0 0 0 0 0 0 0 0 0 5 0 0 0 0 2 0 0 0 0 0 0 1 0 0 0 0 7 6
0 2 10 3 0 0 0 0 6 3 0 0 0 0 0 1 0 0 0 0 1 0 3 0 0 0 2 4 0 1 0 1 0 0 0 0 4 1 0 12 4
0 0 0 0 0 0 0 0 0 0 0 0 0 0 0 0 0 0 1 0 0 0 0 0 0 0 1 0 0 0 0 3 0 0 8 11 0 0 0 0 0
0 0 0 0 0 0 0 0 0 0 0 0 0 0 0 0 0 0 1 0 0 0 0 1 0 0 0 0 0 0 0 2 0 0 9 12 0 0 0 0 0
0 0 5 1 0 0 0 0 3 0 0 0 0 0 0 0 0 0 0 0 0 0 1 0 1 0 2 0 0 0 0 4 0 0 1 0 4 0 0 7 3
1 0 10 5 0 0 0 0 4 3 0 0 0 0 0 0 0 0 0 0 0 3 0 0 1 2 6 1 0 1 0 8 0 0 0 0 9 2 0 15 0
0 0 0 0 0 0 0 0 0 0 0 0 0 0 0 0 0 0 1 0 1 0 0 0 0 0 0 0 0 0 0 0 0 1 9 15 0 0 0 0 0
0 0 0 0 0 0 0 0 0 0 0 0 0 0 0 0 0 0 0 0 0 0 0 1 0 0 0 0 0 0 0 2 0 0 9 10 0 0 0 0 0
1 0 0 0 0 0 0 0 0 0 0 0 0 0 0 0 0 0 2 0 1 1 0 1 0 0 0 0 0 0 0 0 0 1 7 15 0 0 0 0 0
0 0 1 0 0 0 0 0 1 0 0 0 0 0 0 0 0 0 0 0 0 0 0 0 1 0 0 1 0 0 0 3 0 0 6 5 2 0 0 3 3
0 0 1 0 0 0 0 0 0 0 1 0 0 0 0 0 0 0 0 0 0 0 1 0 2 0 0 1 0 0 0 2 0 0 6 2 0 0 0 0 2
0 0 0 0 0 0 0 0 0 0 0 0 0 0 0 0 0 0 0 0 0 0 0 0 0 0 0 0 0 0 0 2 0 0 8 8 1 0 0 0 0
0 2 9 2 0 0 0 0 4 2 0 0 0 0 0 0 0 0 0 0 1 0 3 0 0 0 0 3 0 0 0 0 0 0 0 0 3 2 0 9 5
0 3 8 0 0 0 0 0 6 2 0 0 0 0 0 0 0 0 0 0 0 0 5 0 0 0 0 3 0 0 0 0 0 0 0 0 0 1 0 8 6
0 0 0 0 0 0 0 0 0 0 0 0 0 0 0 0 0 0 0 0 0 0 0 0 0 0 0 0 0 0 0 2 0 0 8 11 1 0 0 0 0
0 3 8 0 0 0 0 0 7 2 0 0 0 0 1 0 0 0 0 0 0 0 4 0 0 0 0 2 0 0 0 0 0 0 0 0 2 1 0 9 6
0 0 0 0 0 0 0 0 0 0 0 0 0 0 0 0 0 0 1 0 0 0 0 1 0 0 0 0 0 0 0 1 0 0 8 11 0 0 0 0 0
0 3 8 1 0 0 0 0 4 3 0 0 0 0 0 0 0 0 0 0 1 0 3 0 0 0 0 2 0 0 0 0 0 0 0 0 2 2 0 7 5
0 0 5 2 0 0 0 0 2 0 0 0 0 0 0 0 0 0 0 0 0 0 0 0 1 0 2 1 0 0 0 6 0 0 2 0 5 0 0 8 2
0 0 0 0 0 0 0 0 0 0 0 0 0 0 0 0 0 0 1 0 0 0 0 1 0 0 1 0 0 0 0 3 0 0 7 11 0 0 0 0 0
0 0 0 0 0 0 0 0 0 0 0 0 0 0 0 0 0 0 1 0 0 0 0 1 0 0 0 0 0 0 0 1 0 0 9 12 0 0 0 0 0
0 4 8 1 0 0 0 0 5 5 0 0 0 0 1 0 0 0 0 0 2 0 4 0 0 0 0 2 0 0 0 0 0 0 0 0 1 3 0 8 5
0 0 0 0 0 0 0 0 0 0 0 0 0 0 0 0 0 0 0 0 0 0 0 0 1 0 1 1 0 0 0 4 0 0 8 6 0 0 0 0 0
0 0 1 0 0 0 0 0 2 0 0 0 0 0 0 0 0 0 0 0 0 0 1 0 1 0 0 0 0 0 0 0 0 0 7 4 0 0 0 1 3
0 8 16 2 0 0 0 0 12 6 1 0 0 0 2 3 0 0 0 0 1 0 11 0 0 0 0 7 0 0 1 0 0 1 0 0 0 2 0 16 10
0 0 0 0 0 0 0 0 0 0 0 0 0 0 0 0 0 0 1 0 1 0 0 0 0 0 0 0 0 0 0 0 0 0 9 10 0 0 0 0 0
0 0 0 0 0 0 0 0 0 0 0 0 0 0 0 0 0 0 0 0 0 0 0 0 1 0 0 0 0 0 0 0 0 0 10 10 0 0 0 0 0
0 2 9 1 0 0 0 0 7 1 1 0 0 0 1 1 0 0 0 0 0 0 5 0 0 0 0 3 0 0 0 0 0 0 0 0 2 1 0 10 6
0 1 10 1 0 0 0 0 5 2 0 0 0 0 1 0 0 0 0 0 0 0 3 0 1 0 0 5 0 0 0 1 0 0 0 0 3 0 0 10 5
0 0 0 0 0 0 0 0 0 0 0 0 0 0 0 0 0 0 1 0 0 0 0 1 0 1 2 0 0 0 0 4 0 0 8 13 0 0 0 0 0
0 0 0 0 0 0 0 0 0 0 0 0 0 0 0 0 0 0 1 0 0 0 0 1 0 0 0 0 0 0 0 0 0 1 10 15 0 0 0 0 0
0 1 9 1 0 0 0 0 5 0 1 0 0 0 0 0 0 0 0 0 0 0 3 0 2 1 1 4 0 0 0 2 0 0 0 0 3 0 0 11 5
1 3 14 3 0 0 0 0 8 4 0 0 0 0 0 1 0 0 0 0 0 0 4 0 0 0 3 5 0 1 1 0 0 0 0 0 5 2 0 16 5
0 0 0 0 0 0 0 0 3 1 0 0 0 0 0 0 0 0 0 0 0 0 2 0 1 0 0 1 0 0 0 0 0 0 8 5 0 0 0 0 3
0 2 5 0 0 0 0 0 4 0 0 0 0 0 0 0 0 0 0 0 1 0 2 0 0 0 0 1 0 0 0 0 0 0 3 2 3 1 0 6 5
0 0 0 0 0 0 0 0 0 0 0 0 0 0 0 0 0 0 0 0 0 0 0 1 0 0 0 0 0 0 0 1 0 0 8 11 0 0 0 0 0
0 0 0 0 0 0 0 0 0 0 0 0 0 0 0 0 0 0 0 0 0 0 1 0 1 0 0 0 0 0 0 0 0 0 8 6 0 0 0 0 0
0 0 0 0 0 0 0 0 0 0 0 0 0 0 0 0 0 0 2 0 0 1 0 1 0 0 0 0 0 1 0 1 0 1 8 17 0 0 0 0 0
1 4 17 6 0 0 0 0 9 7 0 0 0 0 0 2 0 0 0 0 2 2 3 0 0 1 4 6 0 1 1 0 1 0 0 0 9 4 0 20 4
0 0 5 2 0 0 0 0 2 0 0 0 0 0 0 0 0 0 0 0 0 1 0 0 0 0 2 1 0 0 0 5 0 0 1 0 6 1 0 8 2
0 1 5 0 0 0 0 0 5 0 0 0 0 0 0 0 0 0 0 0 0 0 3 0 1 0 0 3 0 0 0 0 0 0 5 1 1 0 0 6 6
0 0 0 0 0 0 0 0 0 0 0 0 0 0 0 0 0 0 1 0 0 0 0 1 0 0 0 0 0 0 0 0 0 1 8 12 0 0 0 0 0
0 0 0 0 0 0 0 0 0 0 0 0 0 0 0 0 0 0 0 0 0 0 0 0 1 0 0 0 0 0 0 0 0 1 9 9 0 0 0 0 0
0 0 4 1 0 0 0 0 1 0 0 0 0 0 0 0 0 0 0 0 0 0 0 0 1 0 0 1 0 0 0 3 0 0 4 2 4 0 0 6 2
0 0 4 0 0 0 0 0 2 0 0 0 0 0 0 0 0 0 0 0 0 0 2 0 2 0 0 3 0 0 0 0 0 0 7 2 0 0 1 3 4
0 2 4 0 0 0 0 0 5 0 1 0 0 0 0 0 0 0 0 0 1 0 3 0 0 0 0 0 0 0 0 0 0 0 2 1 2 1 0 5 5
1 0 15 7 0 0 0 1 5 7 0 0 0 0 0 0 0 0 0 0 1 3 0 0 1 2 6 4 0 1 0 4 0 0 0 0 11 3 0 19 0
0 0 0 0 0 0 0 0 0 0 0 0 0 0 0 0 0 0 0 0 0 0 0 1 2 0 0 0 0 0 0 0 0 0 9 8 0 0 0 0 0
0 0 0 0 0 0 0 0 0 0 0 0 0 0 0 0 0 0 1 0 0 0 0 1 0 0 1 0 0 0 0 3 0 0 8 12 0 0 0 0 0
1 3 13 5 0 0 0 0 8 5 0 0 0 0 0 1 0 0 0 0 1 2 3 0 0 1 4 4 0 1 1 0 0 0 0 0 7 3 0 16 4
0 0 9 3 0 0 0 0 5 2 0 0 0 0 0 0 0 0 0 0 0 1 0 0 0 2 4 2 0 0 0 6 0 0 0 0 7 2 0 12 2
0 0 6 2 0 0 0 0 2 1 0 0 0 0 0 0 0 0 0 0 0 1 0 0 1 1 3 2 0 0 0 7 0 0 0 0 6 0 0 10 1
0 4 10 0 0 0 0 0 8 4 0 0 0 0 0 1 0 0 0 0 0 0 7 0 0 0 0 4 0 0 0 0 0 0 0 0 0 1 0 10 7
0 0 0 0 0 0 0 0 0 0 0 0 0 0 0 0 0 0 0 0 0 0 0 0 1 0 0 0 0 0 0 1 0 0 9 9 0 0 0 0 0
0 0 0 0 0 0 0 0 0 0 0 0 0 0 0 0 0 0 0 0 0 0 0 0 1 0 0 0 0 0 0 3 0 0 9 8 0 0 0 0 0
0 0 0 0 0 0 0 0 0 0 0 0 0 0 0 0 0 0 1 0 0 0 0 1 0 0 0 0 0 0 0 0 0 1 9 15 0 0 0 0 0
0 0 0 0 0 0 0 0 0 0 0 0 0 0 0 0 0 0 2 0 0 0 0 1 0 0 0 0 0 0 0 1 0 1 8 14 0 0 0 0 0
0 0 0 0 0 0 0 0 0 0 0 0 0 0 0 0 0 0 0 0 0 0 0 0 0 0 0 0 0 0 0 0 0 1 9 12 0 0 0 0 0
0 0 0 0 0 0 0 0 0 0 0 0 0 0 0 0 0 0 1 0 0 0 0 0 0 0 0 0 0 0 0 2 0 0 8 10 1 0 0 0 0
0 0 2 1 0 0 0 0 1 0 0 0 0 0 0 0 0 0 0 0 0 0 0 0 1 0 1 1 0 0 0 4 0 0 6 4 3 0 0 4 2
0 0 0 0 0 0 0 0 0 0 0 0 0 0 0 0 0 0 0 0 0 0 0 0 0 0 0 0 0 0 0 2 0 0 8 7 1 0 0 0 1
0 0 6 2 0 0 0 0 1 2 0 0 0 0 0 0 0 0 0 0 0 1 0 0 1 0 2 2 0 0 0 5 0 0 0 0 5 0 0 9 1
0 3 13 3 0 0 0 0 6 5 0 0 0 0 1 1 0 0 0 0 1 0 4 0 0 0 0 5 0 0 0 0 0 0 0 0 3 2 0 12 6
0 0 1 0 0 0 0 0 0 0 0 0 0 0 0 0 0 0 0 0 0 0 0 0 1 0 1 1 0 0 0 4 0 0 7 4 2 0 0 2 0
0 0 0 0 0 0 0 0 0 0 0 0 0 0 0 0 0 0 0 0 0 0 0 0 0 0 1 0 0 0 0 3 0 0 8 7 0 0 0 0 0
0 0 9 2 0 0 0 0 5 0 0 0 0 0 0 0 0 0 0 0 0 0 1 0 1 1 4 2 0 0 0 7 0 0 0 0 7 0 0 12 3
1 2 13 4 0 0 0 0 8 4 0 0 0 0 0 1 0 0 0 0 0 2 2 0 0 1 5 4 0 1 1 3 0 0 0 0 8 2 0 17 3
0 0 5 0 0 0 0 0 3 0 0 0 0 0 0 0 0 0 0 0 0 0 1 0 0 0 0 1 0 0 0 2 0 0 4 2 3 0 0 7 4
0 0 0 0 0 0 0 0 0 0 0 0 0 0 0 0 0 0 0 0 0 0 0 0 0 0 0 0 0 0 0 1 0 0 8 9 0 0 0 0 0
0 0 0 0 0 0 0 0 0 0 0 0 0 0 0 0 0 0 0 0 0 0 0 0 1 0 0 0 0 0 0 0 0 1 9 8 0 0 0 0 0
0 0 0 0 0 0 0 0 0 0 0 0 0 0 0 0 0 0 0 0 0 0 0 0 0 0 0 0 0 0 0 2 0 0 7 8 2 0 0 0 1
0 0 0 0 0 0 0 0 0 0 0 0 0 0 0 0 0 0 0 0 0 0 0 0 0 0 0 0 0 0 0 2 0 0 8 8 1 0 0 0 0
0 1 5 0 0 0 0 0 4 0 0 0 0 0 0 0 0 0 0 0 0 0 3 0 2 0 0 3 0 0 0 1 0 0 3 0 2 0 0 6 5
0 0 0 0 0 0 0 0 0 0 0 0 0 0 0 0 0 0 0 0 0 0 0 0 0 0 0 0 0 0 0 3 0 0 8 7 2 0 0 1 0
0 0 0 0 0 0 0 0 0 0 0 0 0 0 0 0 0 0 1 0 0 0 0 1 0 0 0 0 0 0 0 0 0 1 8 14 0 0 0 0 0
0 3 12 2 0 0 0 0 9 3 0 0 0 0 1 1 0 0 0 0 1 0 6 0 0 0 0 4 0 0 0 0 0 0 0 0 3 2 0 13 6
0 0 0 0 0 0 0 0 0 0 0 0 0 0 0 0 0 0 0 0 0 0 0 0 0 0 0 0 0 0 0 3 0 0 8 8 1 0 0 0 0
0 0 0 0 0 0 0 0 0 0 0 0 0 0 0 0 0 0 1 0 1 0 0 0 0 0 0 0 0 0 0 0 0 1 9 12 0 0 0 0 0
0 2 9 0 0 0 0 0 6 2 0 0 0 0 0 0 0 0 0 0 0 0 4 0 1 0 0 4 0 0 0 0 0 0 0 0 1 0 0 9 5
0 0 0 0 0 0 0 0 0 0 0 0 0 0 0 0 0 0 0 0 0 0 0 0 1 0 0 0 0 0 0 2 0 0 8 9 0 0 0 0 0
0 1 12 3 0 0 0 0 5 4 0 0 0 0 0 1 0 0 0 0 1 0 1 0 0 0 2 4 0 0 0 1 0 0 0 0 6 2 0 13 3
0 0 1 0 0 0 0 0 2 0 0 0 0 0 0 0 0 0 0 0 0 0 2 0 1 0 0 0 0 0 0 0 0 1 7 4 0 0 0 1 2
0 0 0 0 0 0 0 0 0 0 0 0 0 0 0 0 0 0 0 0 0 0 0 0 0 0 2 1 0 0 0 5 0 0 7 3 2 0 0 2 0
0 1 0 0 0 0 0 0 3 0 0 0 0 0 0 0 0 0 0 0 1 0 1 0 0 0 0 0 0 0 0 0 0 0 7 7 1 1 0 2 3
0 0 0 0 0 0 0 0 1 0 0 0 0 0 0 0 0 0 0 0 0 0 0 0 0 0 0 0 0 0 0 2 0 0 7 7 1 0 0 0 2
0 0 6 0 0 0 0 0 2 2 0 0 0 0 0 0 0 0 0 0 0 0 1 0 1 0 2 3 0 0 0 3 0 0 0 0 3 0 0 8 2
0 4 14 4 0 0 0 0 9 5 0 0 0 0 1 1 0 0 0 0 1 0 5 0 0 0 2 5 0 0 1 0 0 0 0 0 5 3 0 16 5
0 3 7 0 0 0 0 0 8 2 0 0 0 0 0 0 0 0 0 0 0 0 6 0 0 0 0 1 0 0 0 0 0 0 1 0 0 0 0 8 7
0 0 0 0 0 0 0 0 0 0 0 0 0 0 0 0 0 0 0 0 0 0 0 0 1 0 0 0 0 0 0 0 0 1 10 11 0 0 0 0 0
0 0 0 0 0 0 0 0 0 0 0 0 0 0 0 0 0 0 1 0 1 0 0 0 0 0 0 0 0 0 0 0 0 0 9 11 0 0 0 0 0
0 2 9 3 0 0 0 0 4 2 0 0 0 0 0 0 0 0 0 0 1 1 1 0 0 0 1 2 0 0 0 2 0 0 0 0 6 3 0 11 4
0 0 2 0 0 0 0 0 0 0 0 0 0 0 0 0 0 0 0 0 0 0 1 0 1 0 1 2 0 0 0 3 0 0 6 3 2 0 0 3 2
0 2 13 2 0 0 0 0 6 4 0 0 0 0 0 1 0 0 0 0 0 0 3 0 1 0 3 5 0 0 0 1 0 0 0 0 5 1 0 14 4
0 0 2 1 0 0 0 0 2 0 0 0 0 0 0 0 0 0 0 0 0 0 0 0 0 0 0 0 0 0 0 3 0 0 6 5 4 0 0 4 3
0 0 0 0 0 0 0 0 0 0 0 0 0 0 0 0 0 0 1 0 0 0 0 1 0 0 0 0 0 0 0 1 0 0 9 14 0 0 0 0 0
0 0 0 0 0 0 0 0 0 0 0 0 0 0 0 0 0 0 1 0 1 0 0 1 0 0 0 0 0 0 0 0 0 1 9 14 0 0 0 0 0
0 2 5 0 0 0 0 0 5 2 0 0 0 0 0 0 0 0 0 0 0 0 3 0 0 0 0 1 0 0 0 0 0 0 4 1 0 1 0 5 4
0 0 0 0 0 0 0 0 0 0 0 0 0 0 0 0 0 0 0 0 0 0 0 0 0 0 0 0 0 0 0 1 0 0 9 9 0 0 0 0 0
1 0 3 2 0 0 0 0 1 0 0 0 0 0 0 0 0 0 0 0 0 1 0 0 1 2 5 0 0 0 0 8 0 0 0 0 6 1 0 8 0
0 0 0 0 0 0 0 0 1 0 0 0 0 0 0 0 0 0 0 0 0 0 1 0 1 0 0 0 0 0 0 0 0 0 8 8 0 0 0 0 2
0 0 0 0 0 0 0 0 0 0 0 0 0 0 0 0 0 0 0 0 0 0 0 0 1 0 0 0 0 0 0 3 0 0 7 6 2 0 0 1 0
0 0 4 1 0 0 0 0 1 1 0 0 0 0 0 0 0 0 0 0 0 0 0 0 1 0 2 2 0 0 0 5 0 0 3 0 4 0 0 7 1
1 1 14 4 0 0 0 0 7 4 0 0 0 0 0 1 0 0 0 0 0 2 1 0 0 2 5 4 0 1 0 5 0 0 0 0 9 2 0 17 2
0 0 0 0 0 0 0 0 0 0 0 0 0 0 0 0 0 0 0 0 0 0 0 0 0 0 0 0 0 0 0 2 0 0 8 9 1 0 0 0 0
0 4 14 4 0 0 0 0 8 6 0 0 0 0 1 2 0 0 0 0 2 0 5 0 0 0 0 5 0 0 1 0 0 0 0 0 4 3 0 14 6
0 0 0 0 0 0 0 0 0 0 0 0 0 0 0 0 0 0 0 0 0 0 0 0 1 0 0 0 0 0 0 0 0 0 9 11 0 0 0 0 0
0 0 0 0 0 0 0 0 0 0 0 0 0 0 0 0 0 0 0 0 0 0 0 0 0 0 1 0 0 0 0 4 0 0 8 9 0 0 0 0 0
0 1 10 5 0 0 0 0 4 3 0 0 0 0 0 0 0 0 0 0 1 1 0 0 0 0 3 2 0 0 0 4 0 0 0 0 7 3 0 13 3
0 3 11 3 0 0 0 0 5 4 0 0 0 0 1 1 0 0 0 0 2 0 4 0 0 0 0 4 0 0 0 0 0 0 0 0 3 3 0 10 6
0 2 6 0 0 0 0 0 6 1 0 0 0 0 0 0 0 0 0 0 1 0 3 0 0 0 0 0 0 0 0 0 0 0 1 0 2 2 0 7 5
0 1 6 0 0 0 0 0 4 0 0 0 0 0 0 0 0 0 0 0 0 0 3 0 2 0 0 2 0 0 0 1 0 0 3 0 2 0 0 7 4
0 0 1 0 0 0 0 0 1 0 1 0 0 0 0 0 0 0 0 0 0 0 2 0 1 0 0 3 0 0 0 1 0 0 6 3 0 0 0 1 4
0 2 11 1 0 0 0 0 8 2 0 0 0 0 0 1 0 0 0 0 0 0 5 0 1 1 2 4 0 1 0 1 0 0 0 0 4 0 0 13 4
0 2 12 2 0 0 0 0 6 3 0 0 0 0 0 1 0 0 0 0 0 0 3 0 0 0 2 5 0 0 0 2 0 0 0 0 5 2 0 13 4
0 0 0 0 0 0 0 0 0 0 0 0 0 0 0 0 0 0 2 0 0 1 0 2 0 0 0 0 0 1 0 0 0 1 9 19 0 0 0 0 0
0 4 11 0 0 0 0 0 8 4 0 0 0 0 1 1 0 0 0 0 0 0 7 0 0 0 0 4 0 0 0 0 0 1 0 0 0 1 0 10 7
0 0 0 0 0 0 0 0 0 0 0 0 0 0 0 0 0 0 1 0 0 0 0 1 0 0 0 0 0 0 0 1 0 0 9 14 0 0 0 0 0
0 0 5 0 0 0 0 0 4 0 0 0 0 0 0 0 0 0 0 0 0 0 1 0 1 0 1 0 0 0 0 3 0 0 3 1 4 0 0 7 3
0 0 1 0 0 0 0 0 0 0 0 0 0 0 0 0 0 0 0 0 0 0 1 0 2 0 0 2 0 0 0 1 0 0 7 4 0 0 0 1 2
0 4 13 1 0 0 0 0 9 3 0 0 0 0 1 1 0 0 0 0 0 0 7 0 0 0 0 6 0 0 1 0 0 0 0 0 1 1 0 14 6
0 0 6 1 0 0 0 0 2 0 0 0 0 0 0 0 0 0 0 0 0 0 1 0 2 0 1 3 0 0 0 3 0 0 3 0 3 0 0 7 3
0 3 10 1 0 0 0 0 6 3 0 0 0 0 1 0 0 0 0 0 0 0 5 0 0 0 0 4 0 0 0 0 0 0 0 0 1 1 0 10 6
0 0 5 2 0 0 0 0 1 0 0 0 0 0 0 0 0 0 0 0 0 0 0 0 1 1 4 2 0 0 0 7 0 0 2 0 6 0 0 9 0
0 2 6 0 0 0 0 0 5 2 0 0 0 0 0 0 0 0 0 0 0 0 4 0 0 0 0 2 0 0 0 0 0 0 2 0 1 1 0 6 5
0 0 0 0 0 0 0 0 0 0 0 0 0 0 0 0 0 0 2 0 0 0 0 2 0 0 1 0 0 0 0 1 0 1 8 16 0 0 0 0 0
0 0 0 0 0 0 0 0 0 0 0 0 0 0 0 0 0 0 0 0 0 0 0 0 2 0 0 1 0 0 0 1 0 0 8 6 0 0 0 0 2
0 3 12 1 0 0 0 0 6 4 0 0 0 0 1 0 0 0 0 0 0 0 5 0 1 0 0 5 0 0 0 0 0 0 0 0 1 0 1 11 6
0 0 1 0 0 0 0 0 0 0 1 0 0 0 0 0 0 0 0 0 0 0 1 0 1 0 0 2 0 0 0 1 0 0 6 4 0 0 0 0 3
0 0 0 0 0 0 0 0 0 0 0 0 0 0 0 0 0 0 1 0 0 0 0 1 0 0 1 0 0 0 0 2 0 0 8 14 0 0 0 0 0
0 2 8 1 0 0 0 0 5 1 1 0 0 0 0 0 0 0 0 0 0 0 4 0 0 0 2 2 0 1 0 3 0 0 0 0 4 0 0 10 4
0 3 3 0 0 0 0 0 6 2 0 0 0 0 0 0 0 0 0 0 1 0 4 0 0 0 0 0 0 0 0 0 0 0 4 3 0 1 0 5 5
0 0 0 0 0 0 0 0 0 0 0 0 0 0 0 0 0 0 0 0 0 0 0 0 2 0 0 0 0 0 0 0 0 0 8 6 0 0 0 0 1
1 2 13 3 0 0 0 0 7 3 0 0 0 0 0 1 0 0 0 0 0 0 3 0 1 0 3 5 0 0 0 1 0 0 0 0 5 1 0 14 4
0 0 0 0 0 0 0 0 0 0 0 0 0 0 0 0 0 0 0 0 0 0 0 0 1 0 1 0 0 0 0 4 0 0 8 7 2 0 0 0 0
0 0 0 0 0 0 0 0 0 0 0 0 0 0 0 0 0 0 1 0 0 0 0 1 0 0 0 0 0 0 0 2 0 0 8 11 0 0 0 0 0
0 0 1 0 0 0 0 0 0 0 0 0 0 0 0 0 0 0 0 0 0 0 0 0 1 1 2 1 0 0 0 6 0 0 5 1 4 0 0 5 0
0 1 9 5 0 0 0 0 3 2 0 0 0 0 0 0 0 0 0 0 2 2 0 0 0 0 3 1 0 1 0 3 0 0 0 0 8 4 0 12 3
0 0 9 3 0 0 0 0 4 2 0 0 0 0 0 0 0 0 0 0 0 1 0 0 1 0 3 3 0 0 0 5 0 0 0 0 6 1 0 12 2
0 0 0 0 0 0 0 0 0 0 0 0 0 0 0 0 0 0 1 0 0 0 0 1 0 0 0 0 0 0 0 0 0 1 8 14 0 0 0 0 0
0 0 0 0 0 0 0 0 0 0 0 0 0 0 0 0 0 0 1 0 0 0 0 1 0 0 0 0 0 0 0 1 0 0 9 13 0 0 0 0 0
0 2 10 3 0 0 0 0 6 3 0 0 0 0 0 1 0 0 0 0 1 1 3 0 0 0 3 3 0 1 0 1 0 0 0 0 5 2 0 12 4
0 0 3 1 0 0 0 0 1 1 0 0 0 0 0 0 0 0 0 0 0 1 0 0 1 1 3 1 0 0 0 7 0 0 1 0 5 0 0 8 0
0 0 0 0 0 0 0 0 0 0 0 0 0 0 0 0 0 0 1 0 0 0 0 1 0 0 0 0 0 0 0 2 0 0 8 14 0 0 0 0 0
0 5 12 0 0 0 0 0 9 4 0 0 0 0 1 1 0 0 0 0 0 0 8 0 0 0 0 5 0 0 0 0 0 1 0 0 0 1 0 12 8
0 0 0 0 0 0 0 0 0 0 0 0 0 0 0 0 0 0 1 0 0 0 0 0 0 0 0 0 0 0 0 0 0 1 9 12 0 0 0 0 0
0 1 10 4 0 0 0 0 4 2 0 0 0 0 0 0 0 0 0 0 1 1 1 0 0 0 2 2 0 0 0 3 0 0 0 0 7 2 0 12 3
0 0 0 0 0 0 0 0 0 0 0 0 0 0 0 0 0 0 0 0 0 0 0 0 0 0 0 0 0 0 0 2 0 0 9 10 0 0 0 0 0
0 1 4 0 0 0 0 0 3 0 0 0 0 0 0 0 0 0 0 0 0 0 2 0 1 0 0 1 0 0 0 0 0 0 5 3 1 0 0 4 4
1 4 15 4 0 0 0 0 11 4 1 0 0 0 0 2 0 0 0 0 0 1 5 0 0 1 5 5 0 1 1 0 1 0 0 0 7 3 0 19 4
0 0 2 0 0 0 0 0 1 0 0 0 0 0 0 0 0 0 0 0 0 0 0 0 1 0 0 1 0 0 0 3 0 0 6 5 2 0 0 3 2
0 0 0 0 0 0 0 0 0 0 0 0 0 0 1 0 0 0 2 0 1 1 0 1 0 0 0 0 0 1 0 0 0 1 9 18 0 0 0 0 0
0 0 0 0 0 0 0 0 0 0 0 0 0 0 0 0 0 0 1 0 0 0 0 1 0 0 0 0 0 0 0 2 0 0 9 14 0 0 0 0 0
0 4 10 0 0 0 0 0 7 4 0 0 0 0 1 1 0 0 0 0 0 0 7 0 0 0 0 4 0 0 0 0 0 0 0 0 0 0 0 10 7
0 0 0 0 0 0 0 0 0 0 0 0 0 0 0 0 0 0 0 0 0 0 0 0 1 0 0 0 0 0 0 3 0 0 8 6 0 0 0 0 0
0 0 0 0 0 0 0 0 0 0 0 0 0 0 0 0 0 0 1 0 0 0 0 1 0 0 0 0 0 0 0 1 0 0 9 12 0 0 0 0 0
0 3 7 0 0 0 0 0 6 1 0 0 0 0 1 0 0 0 0 0 0 0 6 0 1 0 0 4 0 0 0 0 0 0 3 0 0 0 0 7 7
0 0 8 2 0 0 0 0 3 1 0 0 0 0 0 0 0 0 0 0 0 0 0 0 0 0 1 3 0 0 0 3 0 0 0 0 5 1 0 10 4
0 0 0 0 0 0 0 0 0 0 0 0 0 0 0 0 0 0 0 0 0 0 0 1 2 0 0 0 0 0 0 1 0 0 8 8 0 0 0 0 0
0 2 12 3 0 0 0 0 5 4 0 0 0 0 0 0 0 0 0 0 1 0 2 0 0 0 0 5 0 0 0 0 0 0 0 0 4 2 0 12 4
0 0 0 0 0 0 0 0 0 0 0 0 0 0 0 0 0 0 0 0 0 0 0 1 0 0 0 0 0 0 0 1 0 0 8 10 0 0 0 0 0
0 2 8 0 0 0 0 0 6 1 0 0 0 0 1 0 0 0 0 0 0 0 5 0 0 0 0 3 0 0 0 0 0 0 0 0 0 0 0 8 6
0 0 0 0 0 0 0 0 0 0 0 0 0 0 0 0 0 0 1 0 0 0 0 0 0 0 0 0 0 0 0 1 0 0 8 10 0 0 0 0 0
0 3 10 2 0 0 0 0 6 2 0 0 0 0 1 0 0 0 0 0 0 0 4 0 0 0 0 3 0 0 0 0 0 0 0 0 2 1 0 10 6
0 0 0 0 0 0 0 0 0 0 0 0 0 0 0 0 0 0 0 0 0 0 0 1 1 0 0 0 0 0 0 2 0 0 9 10 0 0 0 0 0
0 0 0 0 0 0 0 0 0 0 0 0 0 0 0 0 0 0 1 0 1 0 0 0 0 0 0 0 0 0 0 1 0 0 8 8 0 0 0 0 0
0 0 0 0 0 0 0 0 0 0 0 0 0 0 0 0 0 0 0 0 0 0 0 0 0 0 0 0 0 0 0 3 0 0 9 8 0 0 0 0 0
0 6 14 1 0 0 0 0 10 5 0 0 0 0 2 2 0 0 0 0 1 0 8 0 0 0 0 6 0 0 1 0 0 1 0 0 0 2 0 14 8
0 0 0 0 0 0 0 0 0 0 0 0 0 0 0 0 0 0 0 0 0 0 0 0 0 0 0 0 0 0 0 2 0 0 8 9 0 0 0 0 0
0 3 11 1 0 0 0 0 6 3 0 0 0 0 1 1 0 0 0 0 1 0 6 0 0 0 0 5 0 0 0 0 0 0 0 0 1 1 0 11 6
0 7 18 3 0 0 0 0 11 7 0 0 0 0 2 2 0 0 0 0 2 0 9 0 0 0 0 8 0 0 1 0 0 1 0 0 0 3 0 17 9
0 6 14 1 0 0 0 0 10 5 0 0 0 0 1 2 0 0 0 0 1 0 8 0 0 0 0 5 0 0 1 0 0 1 0 0 0 1 0 13 8
0 0 0 0 0 0 0 0 0 0 0 0 0 0 0 0 0 0 0 0 0 0 0 0 1 0 0 0 0 0 0 0 0 1 8 7 0 0 0 0 0
0 0 0 0 0 0 0 0 0 0 0 0 0 0 0 0 0 0 0 0 1 0 0 0 1 0 0 0 0 0 0 0 0 1 9 8 0 0 0 0 0
0 0 6 2 0 0 0 0 2 0 0 0 0 0 0 0 0 0 0 0 0 1 0 0 0 0 2 1 0 0 0 4 0 0 0 0 6 1 0 8 3
0 0 0 0 0 0 0 0 0 0 0 0 0 0 0 0 0 0 1 0 0 0 0 1 0 0 0 0 0 0 0 2 0 0 8 11 0 0 0 0 0
0 0 0 0 0 0 0 0 0 0 0 0 0 0 0 0 0 0 0 0 0 0 0 0 0 0 0 0 0 0 0 2 0 0 9 11 0 0 0 0 0
0 0 0 0 0 0 0 0 0 0 0 0 0 0 0 0 0 0 1 0 0 0 0 1 0 0 0 0 0 0 0 0 0 1 9 15 0 0 0 0 0
0 0 0 0 0 0 0 0 0 0 0 0 0 0 0 0 0 0 0 0 0 0 0 0 0 0 1 0 0 0 0 4 0 0 8 6 1 0 0 0 0
0 0 0 0 0 0 0 0 0 0 0 0 0 0 0 0 0 0 0 0 0 0 0 0 0 0 0 0 0 0 0 3 0 0 8 10 0 0 0 0 0
0 0 0 0 0 0 0 0 0 0 0 0 0 0 0 0 0 0 1 0 0 0 0 1 0 0 1 0 0 0 0 2 0 0 9 15 0 0 0 0 0
0 0 0 0 0 0 0 0 0 0 0 0 0 0 0 0 0 0 2 0 1 0 0 1 0 0 0 0 0 1 0 0 0 1 10 17 0 0 0 0 0
0 0 3 1 0 0 0 0 0 0 0 0 0 0 0 0 0 0 0 0 0 0 0 0 1 0 2 3 0 0 0 6 0 0 5 2 4 0 0 7 1
0 0 0 0 0 0 0 0 0 0 0 0 0 0 0 0 0 0 1 0 1 0 0 0 0 0 0 0 0 0 0 0 0 1 9 10 0 0 0 0 0
0 0 0 0 0 0 0 0 0 0 0 0 0 0 0 0 0 0 1 0 0 0 0 1 0 0 0 0 0 0 0 2 0 0 8 14 0 0 0 0 0
0 1 3 0 0 0 0 0 5 1 0 0 0 0 0 0 0 0 0 0 0 0 4 0 1 0 0 1 0 0 0 0 0 0 6 2 0 0 0 3 5
0 1 0 0 0 0 0 0 1 1 0 0 0 0 0 0 0 0 0 0 1 0 2 0 0 0 0 0 0 0 0 0 0 1 7 7 0 1 0 0 1
1 0 9 5 0 0 0 0 4 2 0 0 0 0 0 0 0 0 0 0 0 3 0 0 0 2 6 1 0 1 0 8 0 0 0 0 10 2 0 15 0
0 0 0 0 0 0 0 0 0 0 0 0 0 0 0 0 0 0 0 0 0 0 0 0 0 0 0 0 0 0 0 2 0 0 9 10 0 0 0 0 0
0 0 6 0 0 0 0 0 3 0 0 0 0 0 1 0 0 0 0 0 0 0 2 0 1 0 1 3 0 0 0 4 0 0 2 0 3 0 0 7 5
0 3 12 2 0 0 0 0 7 4 0 0 0 0 1 1 0 0 0 0 1 0 5 0 0 0 0 4 0 0 0 0 0 0 0 0 3 2 0 12 6
1 0 12 6 0 0 0 1 4 5 0 0 0 0 0 0 0 0 0 0 0 3 0 0 1 2 7 3 0 1 0 6 0 0 0 0 10 2 0 17 0
0 0 9 3 0 0 0 0 5 2 0 0 0 0 0 0 0 0 0 0 0 1 0 0 0 1 4 2 0 0 0 6 0 0 0 0 7 2 0 13 2
0 0 2 0 0 0 0 0 3 0 0 0 0 0 0 0 0 0 0 0 0 0 2 0 2 0 0 2 0 0 0 0 0 0 7 4 0 0 1 1 3
0 0 0 0 0 0 0 0 0 0 0 0 0 0 0 0 0 0 1 0 0 0 0 1 0 0 0 0 0 0 0 2 0 0 8 10 0 0 0 0 0
