5 0 4 0 0 0 0 0 6 0 0 0 0 0 0 0 0 0 0 0 0 0 1 3 0 0 0 5 2 0 0 22 0 0 0 12 0 0 1 13 2
8 0 0 0 0 1 0 0 10 0 0 0 2 0 0 0 0 0 0 0 0 0 4 17 0 0 0 0 0 0 0 0 0 0 6 44 0 0 6 0 0
0 0 14 0 0 0 0 0 0 0 0 0 0 0 0 0 0 0 0 0 0 0 0 0 0 0 0 18 6 0 0 51 0 1 0 0 0 3 0 16 5
9 0 0 0 0 0 0 0 11 0 0 0 2 0 0 0 0 0 0 0 0 0 3 15 0 0 0 0 0 0 0 0 0 0 5 39 0 0 4 0 0
0 0 11 0 0 0 0 0 0 0 0 0 0 0 0 0 0 0 0 0 0 0 0 0 0 0 0 13 4 0 0 43 0 0 0 0 0 1 0 17 4
0 0 15 0 0 0 0 0 0 0 0 0 0 0 0 0 0 0 0 0 0 0 0 0 0 0 0 17 5 0 0 51 0 1 0 0 0 4 0 15 4
0 0 15 0 0 0 0 0 0 0 0 0 0 0 0 0 0 0 0 0 0 0 0 0 0 0 0 18 5 0 0 51 0 1 0 0 0 4 0 14 4
0 0 18 0 0 0 0 0 0 0 0 0 0 0 1 0 0 0 0 0 0 0 0 0 0 0 0 20 6 0 0 57 0 2 0 0 0 5 0 14 5
0 0 10 0 0 0 0 0 0 0 0 0 0 0 0 0 0 0 0 0 0 0 0 0 0 0 0 13 4 0 0 42 0 0 0 0 0 1 0 16 3
6 0 2 0 0 0 0 0 7 0 0 0 0 0 0 0 0 0 0 0 0 0 2 5 0 0 0 3 1 0 0 14 0 0 2 16 0 0 2 10 1
8 0 0 0 0 0 0 0 11 0 0 0 1 0 0 0 0 0 0 0 0 0 4 16 0 0 0 0 0 0 0 0 0 0 6 42 0 0 5 0 0
0 0 14 0 0 0 0 0 0 0 0 0 0 0 0 0 0 0 0 0 0 0 0 0 0 0 0 18 6 0 0 51 0 0 0 0 0 3 0 16 4
0 0 15 0 0 0 0 0 0 0 0 0 0 0 0 0 0 0 0 0 0 0 0 0 0 0 0 18 5 0 0 51 0 1 0 0 0 4 0 14 4
0 0 15 0 0 0 0 0 0 0 0 0 0 0 0 0 0 0 0 0 0 0 0 0 0 0 0 18 6 0 0 52 0 1 0 0 0 4 0 15 5
0 0 13 0 0 0 0 0 0 0 0 0 0 0 0 0 0 0 0 0 0 0 0 0 0 0 0 16 5 0 0 48 0 0 0 0 0 2 0 16 5
0 0 11 0 0 0 0 0 0 0 0 0 0 0 0 0 0 0 0 0 0 0 0 0 0 0 0 15 4 0 0 44 0 0 0 0 0 2 0 15 4
8 0 0 0 0 0 0 0 9 0 0 0 1 0 0 0 0 0 0 0 0 0 3 11 0 0 0 0 0 0 0 0 0 0 4 32 0 0 3 3 0
9 0 0 0 0 0 0 0 11 0 0 0 1 0 0 0 0 0 0 0 0 0 3 14 0 0 0 0 0 0 0 0 0 0 6 39 0 0 5 0 0
0 0 15 0 0 0 0 0 0 0 0 0 0 0 0 0 0 0 0 0 0 0 0 0 0 0 0 18 6 0 0 51 0 1 0 0 0 3 0 14 4
7 0 0 0 0 0 0 0 10 0 0 0 2 0 0 0 0 0 0 0 0 0 3 18 0 0 0 0 0 1 0 0 0 0 7 45 0 0 7 0 0
8 0 0 0 0 0 0 0 10 0 0 0 2 0 0 0 0 0 0 0 0 0 3 17 0 0 0 0 0 0 0 0 0 0 6 43 0 0 6 0 0
7 0 2 0 0 0 0 0 8 0 0 0 0 0 0 0 0 0 0 0 0 0 2 6 0 0 0 2 1 0 0 14 0 0 1 21 0 0 1 10 1
7 0 0 0 0 1 0 0 10 0 0 0 2 0 0 0 0 0 0 0 0 0 3 16 0 0 0 0 0 0 0 0 0 0 6 42 0 0 6 0 0
0 0 17 0 0 0 0 0 0 0 0 0 0 0 1 0 0 0 0 0 0 0 0 0 0 0 0 20 6 0 0 56 0 2 0 0 0 4 0 15 5
8 0 0 0 0 0 0 0 10 0 0 0 1 0 0 0 0 0 0 0 0 0 3 16 0 0 0 0 0 0 0 0 0 0 6 41 0 0 5 0 0
6 0 4 0 0 0 0 0 7 0 0 0 1 0 0 0 0 0 0 0 0 0 1 4 0 0 0 5 2 0 0 20 0 0 0 17 0 0 1 13 2
0 0 16 0 0 0 0 0 0 0 0 0 0 0 0 0 0 0 0 0 0 0 0 0 0 0 0 18 6 0 0 52 0 1 0 0 0 4 0 14 4
4 0 7 0 0 0 0 0 4 0 0 0 0 0 0 0 0 0 0 0 0 0 1 0 0 0 0 9 3 0 0 31 0 0 0 5 0 0 0 15 3
0 0 15 0 0 0 0 0 0 0 0 0 0 0 0 0 0 0 0 0 0 0 0 0 0 0 0 18 5 0 0 51 0 1 0 0 0 4 0 14 4
0 0 13 0 0 0 0 0 0 0 0 0 0 0 0 0 0 0 0 0 0 0 0 0 0 0 0 16 5 0 0 49 0 0 0 0 0 2 0 16 4
8 0 0 0 0 0 0 0 10 0 0 0 1 0 0 0 0 0 0 0 0 0 3 17 0 0 0 0 0 0 0 0 0 0 6 43 0 0 6 0 0
7 0 0 0 0 0 0 0 10 0 0 0 1 0 0 0 0 0 0 0 0 0 3 17 0 0 0 0 0 0 0 0 0 0 7 43 0 0 6 0 0
0 0 13 0 0 0 0 0 0 0 0 0 0 0 0 0 0 0 0 0 0 0 0 0 0 0 0 16 5 0 0 47 0 0 0 0 0 2 0 15 4
0 0 12 0 0 0 0 0 0 0 0 0 0 0 0 0 0 0 0 0 0 0 0 0 0 0 0 16 5 0 0 47 0 0 0 0 0 2 0 16 4
0 0 12 0 0 0 0 0 0 0 0 0 0 0 0 0 0 0 0 0 0 0 0 0 0 0 0 15 5 0 0 46 0 0 0 0 0 1 0 17 4
8 0 0 0 0 0 0 0 10 0 0 0 1 0 0 0 0 0 0 0 0 0 3 16 0 0 0 0 0 0 0 0 0 0 6 42 0 0 5 0 0
8 0 0 0 0 0 0 0 11 0 0 0 2 0 0 0 0 0 0 0 0 0 3 20 0 0 0 0 0 0 0 0 0 0 8 49 0 0 8 0 0
8 0 0 0 0 0 0 0 10 0 0 0 1 0 0 0 0 0 0 0 0 0 3 15 0 0 0 0 0 0 0 0 0 0 5 39 0 0 5 0 0
3 0 8 0 0 0 0 0 3 0 0 0 0 0 0 0 0 0 0 0 0 0 0 0 0 0 0 11 4 0 0 37 0 0 0 0 0 0 0 16 3
0 0 16 0 0 0 0 0 0 0 0 0 0 0 0 0 0 0 0 0 0 0 0 0 0 0 0 18 5 0 0 52 0 1 0 0 0 4 0 14 4
7 0 3 0 0 0 0 0 8 0 0 0 0 0 0 0 0 0 0 0 0 0 2 5 0 0 0 4 1 0 0 18 0 0 0 19 0 0 1 11 2
9 0 0 0 0 1 0 0 10 0 0 0 2 0 0 0 0 0 0 0 0 0 3 14 0 0 0 0 0 0 0 0 0 0 4 38 0 0 4 0 0
0 0 14 0 0 0 0 0 0 0 0 0 0 0 0 0 0 0 0 0 0 0 0 0 0 0 0 17 5 0 0 50 0 0 0 0 0 3 0 16 5
0 0 14 0 0 0 0 0 0 0 0 0 0 0 0 0 0 0 0 0 0 0 0 0 0 0 0 17 5 0 0 49 0 1 0 0 0 3 0 15 5
8 0 0 0 0 0 0 0 10 0 0 0 1 0 0 0 0 0 0 0 0 0 3 17 0 0 0 0 0 0 0 0 0 0 6 43 0 0 6 0 0
7 0 0 0 0 0 0 0 10 0 0 0 1 0 0 0 0 0 0 0 0 0 3 17 0 0 0 0 0 0 0 0 0 0 6 42 0 0 6 0 0
8 0 0 0 0 0 0 0 9 0 0 0 1 0 0 0 0 0 0 0 0 0 3 10 0 0 0 0 0 0 0 2 0 0 3 29 0 0 3 7 0
8 0 0 0 0 0 0 0 10 0 0 0 1 0 0 0 0 0 0 0 0 0 3 11 0 0 0 0 0 0 0 0 0 0 4 33 0 0 3 3 0
7 0 0 0 0 0 0 0 10 0 0 0 1 0 0 0 0 0 0 0 0 0 3 16 0 0 0 0 0 0 0 0 0 0 6 41 0 0 6 0 0
8 0 0 0 0 0 0 0 10 0 0 0 1 0 0 0 0 0 0 0 0 0 3 16 0 0 0 0 0 0 0 0 0 0 6 41 0 0 5 0 0
0 0 14 0 0 0 0 0 0 0 0 0 0 0 0 0 0 0 0 0 0 0 0 0 0 0 0 17 5 0 0 50 0 0 0 0 0 3 0 16 4
0 0 11 0 0 0 0 0 0 0 0 0 0 0 0 0 0 0 0 0 0 0 0 0 0 0 0 14 5 0 0 44 0 0 0 0 0 1 0 17 4
0 0 11 0 0 0 0 0 0 0 0 0 0 0 0 0 0 0 0 0 0 0 0 0 0 0 0 14 4 0 0 45 0 0 0 0 0 1 0 17 4
7 0 2 0 0 0 0 0 8 0 0 0 1 0 0 0 0 0 0 0 0 0 2 7 0 0 0 2 1 0 0 16 0 0 1 21 0 0 2 11 1
8 0 0 0 0 0 0 0 11 0 0 0 1 0 0 0 0 0 0 0 0 0 3 19 0 0 0 0 0 0 0 0 0 0 8 47 0 0 7 0 0
0 0 17 0 0 0 0 0 0 0 0 0 0 0 1 0 0 0 0 0 0 0 0 0 0 0 0 19 6 0 0 55 0 2 0 0 0 5 0 14 5
7 0 0 0 0 0 0 0 9 0 0 0 1 0 0 0 0 0 0 0 0 0 3 15 0 0 0 0 0 0 0 0 0 0 6 39 0 0 5 0 0
7 0 1 0 0 0 0 0 8 0 0 0 0 0 0 0 0 0 0 0 0 0 2 6 0 0 0 1 0 0 0 11 0 0 2 22 0 0 2 10 1
7 0 0 0 0 0 0 0 11 0 0 0 2 0 0 0 0 0 0 0 0 0 3 18 0 0 0 0 0 0 0 0 0 0 7 46 0 0 7 0 0
8 0 0 0 0 0 0 0 10 0 0 0 1 0 0 0 0 0 0 0 0 0 3 11 0 0 0 0 0 0 0 0 0 0 4 31 0 0 3 4 0
9 0 0 0 0 0 0 0 13 0 0 0 3 0 0 0 0 0 0 0 0 0 4 24 0 0 1 0 0 1 0 0 0 0 11 58 0 0 10 0 0
7 0 2 0 0 0 0 0 8 0 0 0 0 0 0 0 0 0 0 0 0 0 2 6 0 0 0 2 1 0 0 14 0 0 1 21 0 0 2 10 1
7 0 0 0 0 0 0 0 10 0 0 0 1 0 0 0 0 0 0 0 0 0 3 17 0 0 0 0 0 0 0 0 0 0 7 43 0 0 6 0 0
8 0 0 0 0 0 0 0 11 0 0 0 2 0 0 0 0 0 0 0 0 0 4 20 0 0 0 0 0 0 0 0 0 0 9 50 0 0 8 0 0
8 0 0 0 0 0 0 0 11 0 0 0 2 0 0 0 0 0 0 0 0 0 4 19 0 0 0 0 0 0 0 0 0 0 7 47 0 0 7 0 0
0 0 12 0 0 0 0 0 0 0 0 0 0 0 0 0 0 0 0 0 0 0 0 0 0 0 0 16 5 0 0 48 0 0 0 0 0 2 0 16 4
0 0 15 0 0 0 0 0 0 0 0 0 0 0 0 0 0 0 0 0 0 0 0 0 0 0 0 18 6 0 0 51 0 1 0 0 0 3 0 15 5
0 0 13 0 0 0 0 0 0 0 0 0 0 0 0 0 0 0 0 0 0 0 0 0 0 0 0 16 5 0 0 46 0 1 0 0 0 3 0 14 4
8 0 0 0 0 0 0 0 10 0 0 0 1 0 0 0 0 0 0 0 0 0 3 17 0 0 0 0 0 0 0 0 0 0 6 43 0 0 6 0 0
0 0 14 0 0 0 0 0 0 0 0 0 0 0 0 0 0 0 0 0 0 0 0 0 0 0 0 17 5 0 0 50 0 0 0 0 0 2 0 16 4
0 0 16 0 0 0 0 0 0 0 0 0 0 0 1 0 0 0 0 0 0 0 0 0 0 0 0 19 6 0 0 54 0 1 0 0 0 4 0 15 5
8 0 0 0 0 0 0 0 10 0 0 0 1 0 0 0 0 0 0 0 0 0 3 16 0 0 0 0 0 0 0 0 0 0 6 41 0 0 5 0 0
8 0 0 0 0 0 0 0 10 0 0 0 1 0 0 0 0 0 0 0 0 0 3 16 0 0 0 0 0 0 0 0 0 0 5 41 0 0 5 0 0
0 0 12 0 0 0 0 0 0 0 0 0 0 0 0 0 0 0 0 0 0 0 0 0 0 0 0 16 5 0 0 47 0 0 0 0 0 2 0 17 4
0 0 15 0 0 0 0 0 0 0 0 0 0 0 0 0 0 0 0 0 0 0 0 0 0 0 0 17 5 0 0 50 0 1 0 0 0 3 0 14 4
0 0 15 0 0 0 0 0 0 0 0 0 0 0 0 0 0 0 0 0 0 0 0 0 0 0 0 18 6 0 0 50 0 1 0 0 0 3 0 14 4
8 0 0 0 0 1 0 0 11 0 0 0 2 0 0 0 0 0 0 0 0 0 4 17 0 0 0 0 0 0 0 0 0 0 6 45 0 0 6 0 0
0 0 13 0 0 0 0 0 0 0 0 0 0 0 0 0 0 0 0 0 0 0 0 0 0 0 0 16 5 0 0 47 0 0 0 0 0 2 0 16 4
4 0 6 0 0 0 0 0 4 0 0 0 0 0 0 0 0 0 0 0 0 0 1 0 0 0 0 8 3 0 0 30 0 0 0 3 0 0 0 14 3
9 0 0 0 0 0 0 0 11 0 0 0 2 0 0 0 0 0 0 0 0 0 3 15 0 0 0 0 0 0 0 0 0 0 6 40 0 0 5 0 0
0 0 12 0 0 0 0 0 0 0 0 0 0 0 0 0 0 0 0 0 0 0 0 0 0 0 0 15 5 0 0 46 0 0 0 0 0 2 0 18 4
9 0 0 0 0 0 0 0 10 0 0 0 1 0 0 0 0 0 0 0 0 0 3 14 0 0 0 0 0 0 0 0 0 0 5 37 0 0 4 0 0
6 0 4 0 0 0 0 0 7 0 0 0 0 0 0 0 0 0 0 0 0 0 1 4 0 0 0 5 2 0 0 20 0 0 1 16 0 0 1 12 2
8 0 0 0 0 0 0 0 10 0 0 0 1 0 0 0 0 0 0 0 0 0 3 13 0 0 0 0 0 0 0 0 0 0 5 36 0 0 4 0 0
2 0 8 0 0 0 0 0 2 0 0 0 0 0 0 0 0 0 0 0 0 0 0 0 0 0 0 10 3 0 0 35 0 0 0 0 0 1 0 15 3
0 0 11 0 0 0 0 0 0 0 0 0 0 0 0 0 0 0 0 0 0 0 0 0 0 0 0 14 4 0 0 43 0 0 0 0 0 2 0 17 4
0 0 15 0 0 0 0 0 0 0 0 0 0 0 0 0 0 0 0 0 0 0 0 0 0 0 0 18 6 0 0 52 0 1 0 0 0 4 0 15 5
1 0 9 0 0 0 0 0 1 0 0 0 0 0 0 0 0 0 0 0 0 0 0 0 0 0 0 11 3 0 0 36 0 0 0 0 0 1 0 15 3
0 0 15 0 0 0 0 0 0 0 0 0 0 0 0 0 0 0 0 0 0 0 0 0 0 0 0 18 5 0 0 50 0 1 0 0 0 4 0 14 4
0 0 14 0 0 0 0 0 0 0 0 0 0 0 0 0 0 0 0 0 0 0 0 0 0 0 0 16 5 0 0 48 0 1 0 0 0 3 0 15 4
1 0 9 0 0 0 0 0 1 0 0 0 0 0 0 0 0 0 0 0 0 0 0 0 0 0 0 12 4 0 0 39 0 0 0 0 0 1 0 16 4
7 0 0 0 0 0 0 0 10 0 0 0 1 0 0 0 0 0 0 0 0 0 3 18 0 0 0 0 0 0 0 0 0 0 7 46 0 0 7 0 0
8 0 0 0 0 0 0 0 9 0 0 0 1 0 0 0 0 0 0 0 0 0 2 9 0 0 0 0 0 0 0 1 0 0 3 27 0 0 3 6 0
0 0 17 0 0 0 0 0 0 0 0 0 0 0 1 0 0 0 0 0 0 0 0 0 0 0 0 19 6 0 0 55 0 2 0 0 0 4 0 14 5
6 0 3 0 0 0 0 0 7 0 0 0 0 0 0 0 0 0 0 0 0 0 2 5 0 0 0 4 1 0 0 18 0 0 1 16 0 0 1 11 1
0 0 14 0 0 0 0 0 0 0 0 0 0 0 0 0 0 0 0 0 0 0 0 0 0 0 0 17 5 0 0 50 0 1 0 0 0 3 0 14 4
8 0 0 0 0 0 0 0 10 0 0 0 2 0 0 0 0 0 0 0 0 0 3 17 0 0 0 0 0 0 0 0 0 0 7 43 0 0 6 0 0
4 0 7 0 0 0 0 0 5 0 0 0 0 0 0 0 0 0 0 0 0 0 1 0 0 0 0 10 4 0 0 35 0 0 0 4 0 0 0 17 3
8 0 0 0 0 0 0 0 10 0 0 0 1 0 0 0 0 0 0 0 0 0 3 14 0 0 0 0 0 0 0 0 0 0 5 38 0 0 5 0 0
8 0 0 0 0 0 0 0 11 0 0 0 2 0 0 0 0 0 0 0 0 0 3 19 0 0 0 0 0 0 0 0 0 0 7 47 0 0 7 0 0
0 0 17 0 0 0 0 0 0 0 0 0 0 0 1 0 0 0 0 0 0 0 0 0 0 0 0 19 6 0 0 54 0 2 0 0 0 4 0 14 5
8 0 0 0 0 0 0 0 9 0 0 0 1 0 0 0 0 0 0 0 0 0 3 10 0 0 0 0 0 0 0 1 0 0 3 30 0 0 3 6 0
1 0 10 0 0 0 0 0 1 0 0 0 0 0 0 0 0 0 0 0 0 0 0 0 0 0 0 13 4 0 0 42 0 0 0 0 0 1 0 17 3
0 0 11 0 0 0 0 0 0 0 0 0 0 0 0 0 0 0 0 0 0 0 0 0 0 0 0 14 4 0 0 43 0 0 0 0 0 1 0 16 4
8 0 0 0 0 0 0 0 10 0 0 0 1 0 0 0 0 0 0 0 0 0 3 14 0 0 0 0 0 0 0 0 0 0 5 38 0 0 5 0 0
0 0 11 0 0 0 0 0 0 0 0 0 0 0 0 0 0 0 0 0 0 0 0 0 0 0 0 14 4 0 0 43 0 0 0 0 0 1 0 16 4
6 0 3 0 0 0 0 0 6 0 0 0 0 0 0 0 0 0 0 0 0 0 1 4 0 0 0 4 1 0 0 20 0 0 0 13 0 0 1 12 2
8 0 0 0 0 0 0 0 10 0 0 0 1 0 0 0 0 0 0 0 0 0 3 14 0 0 0 0 0 0 0 0 0 0 5 36 0 0 5 0 0
0 0 13 0 0 0 0 0 0 0 0 0 0 0 0 0 0 0 0 0 0 0 0 0 0 0 0 17 5 0 0 49 0 0 0 0 0 2 0 17 4
8 0 0 0 0 0 0 0 10 0 0 0 2 0 0 0 0 0 0 0 0 0 3 12 0 0 0 0 0 0 0 0 0 0 3 35 0 0 4 2 0
9 0 0 0 0 0 0 0 10 0 0 0 1 0 0 0 0 0 0 0 0 0 3 12 0 0 0 0 0 0 0 0 0 0 4 33 0 0 3 5 0
8 0 0 0 0 0 0 0 11 0 0 0 2 0 0 0 0 0 0 0 0 0 3 21 0 0 0 0 0 0 0 0 0 0 9 51 0 0 8 0 0
8 0 0 0 0 0 0 0 10 0 0 0 1 0 0 0 0 0 0 0 0 0 3 15 0 0 0 0 0 0 0 0 0 0 6 40 0 0 5 0 0
8 0 0 0 0 0 0 0 11 0 0 0 1 0 0 0 0 0 0 0 0 0 3 16 0 0 0 0 0 0 0 0 0 0 6 41 0 0 5 0 0
0 0 18 0 0 0 0 0 0 0 0 0 0 0 0 0 0 0 0 0 0 0 0 0 0 0 0 20 6 0 0 56 0 2 0 0 0 5 0 14 5
7 0 0 0 0 0 0 0 10 0 0 0 2 0 0 0 0 0 0 0 0 0 3 18 0 0 0 0 0 0 0 0 0 0 8 45 0 0 7 0 0
1 0 10 0 0 0 0 0 1 0 0 0 0 0 0 0 0 0 0 0 0 0 0 0 0 0 0 12 4 0 0 40 0 0 0 0 0 1 0 16 4
0 0 13 0 0 0 0 0 0 0 0 0 0 0 0 0 0 0 0 0 0 0 0 0 0 0 0 16 5 0 0 48 0 1 0 0 0 2 0 14 4
0 0 15 0 0 0 0 0 0 0 0 0 0 0 0 0 0 0 0 0 0 0 0 0 0 0 0 18 5 0 0 52 0 1 0 0 0 4 0 14 4
8 0 0 0 0 0 0 0 11 0 0 0 1 0 0 0 0 0 0 0 0 0 3 16 0 0 0 0 0 0 0 0 0 0 6 42 0 0 5 0 0
2 0 8 0 0 0 0 0 3 0 0 0 0 0 0 0 0 0 0 0 0 0 0 0 0 0 0 11 4 0 0 36 0 0 0 0 0 0 0 15 3
8 0 0 0 0 0 0 0 10 0 0 0 1 0 0 0 0 0 0 0 0 0 3 17 0 0 0 0 0 0 0 0 0 0 7 44 0 0 6 0 0
8 0 0 0 0 0 0 0 9 0 0 0 1 0 0 0 0 0 0 0 0 0 3 10 0 0 0 0 0 0 0 0 0 0 2 30 0 0 3 6 0
8 0 0 0 0 1 0 0 10 0 0 0 2 0 0 0 0 0 0 0 0 0 3 16 0 0 0 0 0 0 0 0 0 0 6 42 0 0 5 0 0
8 0 0 0 0 0 0 0 12 0 0 0 2 0 0 0 0 0 0 0 0 0 3 20 0 0 0 0 0 0 0 0 0 0 8 50 0 0 7 0 0
7 0 0 0 0 0 0 0 8 0 0 0 0 0 0 0 0 0 0 0 0 0 3 9 0 0 0 0 0 0 0 2 0 0 2 25 0 0 2 6 0
0 0 13 0 0 0 0 0 0 0 0 0 0 0 0 0 0 0 0 0 0 0 0 0 0 0 0 16 5 0 0 48 0 0 0 0 0 2 0 15 4
0 0 11 0 0 0 0 0 0 0 0 0 0 0 0 0 0 0 0 0 0 0 0 0 0 0 0 14 5 0 0 45 0 0 0 0 0 1 0 17 4
8 0 0 0 0 0 0 0 11 0 0 0 1 0 0 0 0 0 0 0 0 0 3 17 0 0 0 0 0 0 0 0 0 0 6 44 0 0 5 0 0
8 0 0 0 0 0 0 0 10 0 0 0 1 0 0 0 0 0 0 0 0 0 3 15 0 0 0 0 0 0 0 0 0 0 6 38 0 0 5 0 0
8 0 0 0 0 1 0 0 10 0 0 0 2 0 0 0 0 0 0 0 0 0 3 16 0 0 0 0 0 0 0 0 0 0 6 42 0 0 6 0 0
9 0 0 0 0 0 0 0 11 0 0 0 1 0 0 0 0 0 0 0 0 0 3 15 0 0 0 0 0 0 0 0 0 0 5 41 0 0 5 0 0
8 0 0 0 0 0 0 0 10 0 0 0 1 0 0 0 0 0 0 0 0 0 3 17 0 0 0 0 0 0 0 0 0 0 6 43 0 0 6 0 0
6 0 3 0 0 0 0 0 7 0 0 0 0 0 0 0 0 0 0 0 0 0 2 4 0 0 0 4 1 0 0 17 0 0 1 15 0 0 1 11 2
7 0 0 0 0 0 0 0 10 0 0 0 1 0 0 0 0 0 0 0 0 0 3 18 0 0 0 0 0 0 0 0 0 0 7 45 0 0 7 0 0
0 0 12 0 0 0 0 0 0 0 0 0 0 0 0 0 0 0 0 0 0 0 0 0 0 0 0 16 5 0 0 47 0 0 0 0 0 2 0 16 4
7 0 0 0 0 1 0 0 10 0 0 0 2 0 0 0 0 0 0 0 0 0 3 17 0 0 0 0 0 0 0 0 0 0 6 43 0 0 6 0 0
7 0 0 0 0 0 0 0 10 0 0 0 1 0 0 0 0 0 0 0 0 0 3 16 0 0 0 0 0 0 0 0 0 0 5 40 0 0 5 0 0
1 0 8 0 0 0 0 0 1 0 0 0 0 0 0 0 0 0 0 0 0 0 0 0 0 0 0 10 4 0 0 34 0 0 0 0 0 1 0 14 3
7 0 0 0 0 0 0 0 10 0 0 0 1 0 0 0 0 0 0 0 0 0 3 17 0 0 0 0 0 0 0 0 0 0 7 44 0 0 6 0 0
2 0 8 0 0 0 0 0 3 0 0 0 0 0 0 0 0 0 0 0 0 0 0 0 0 0 0 10 3 0 0 36 0 0 0 0 0 0 0 16 3
0 0 15 0 0 0 0 0 0 0 0 0 0 0 0 0 0 0 0 0 0 0 0 0 0 0 0 17 6 0 0 50 0 1 0 0 0 3 0 15 4
0 0 14 0 0 0 0 0 0 0 0 0 0 0 0 0 0 0 0 0 0 0 0 0 0 0 0 17 5 0 0 50 0 0 0 0 0 2 0 16 4
0 0 18 0 0 0 0 0 0 0 0 0 0 0 0 0 0 0 0 0 0 0 0 0 0 0 0 20 6 0 0 56 0 2 0 0 0 5 0 13 5
8 0 0 0 0 0 0 0 11 0 0 0 2 0 0 0 0 0 0 0 0 0 3 19 0 0 0 0 0 0 0 0 0 0 8 47 0 0 7 0 0
8 0 0 0 0 0 0 0 10 0 0 0 1 0 0 0 0 0 0 0 0 0 3 18 0 0 0 0 0 0 0 0 0 0 7 44 0 0 7 0 0
0 0 11 0 0 0 0 0 0 0 0 0 0 0 0 0 0 0 0 0 0 0 0 0 0 0 0 14 5 0 0 44 0 0 0 0 0 1 0 17 4
8 0 0 0 0 0 0 0 10 0 0 0 1 0 0 0 0 0 0 0 0 0 3 17 0 0 0 0 0 0 0 0 0 0 6 43 0 0 6 0 0
0 0 13 0 0 0 0 0 0 0 0 0 0 0 0 0 0 0 0 0 0 0 0 0 0 0 0 17 5 0 0 48 0 0 0 0 0 2 0 15 4
8 0 0 0 0 0 0 0 10 0 0 0 1 0 0 0 0 0 0 0 0 0 3 12 0 0 0 0 0 0 0 0 0 0 4 33 0 0 4 2 0
8 0 0 0 0 0 0 0 11 0 0 0 2 0 0 0 0 0 0 0 0 0 3 20 0 0 0 0 0 0 0 0 0 0 8 50 0 0 8 0 0
5 0 4 0 0 0 0 0 6 0 0 0 0 0 0 0 0 0 0 0 0 0 1 3 0 0 0 5 2 0 0 21 0 0 0 12 0 0 1 12 2
0 0 15 0 0 0 0 0 0 0 0 0 0 0 0 0 0 0 0 0 0 0 0 0 0 0 0 18 5 0 0 51 0 1 0 0 0 4 0 14 4
0 0 11 0 0 0 0 0 0 0 0 0 0 0 0 0 0 0 0 0 0 0 0 0 0 0 0 14 4 0 0 43 0 0 0 0 0 1 0 17 4
0 0 13 0 0 0 0 0 0 0 0 0 0 0 0 0 0 0 0 0 0 0 0 0 0 0 0 16 5 0 0 48 0 0 0 0 0 2 0 16 4
0 0 13 0 0 0 0 0 0 0 0 0 0 0 0 0 0 0 0 0 0 0 0 0 0 0 0 16 5 0 0 47 0 0 0 0 0 2 0 15 4
8 0 0 0 0 0 0 0 11 0 0 0 2 0 0 0 0 0 0 0 0 0 3 18 0 0 0 0 0 0 0 0 0 0 7 45 0 0 6 0 0
0 0 17 0 0 0 0 0 0 0 0 0 0 0 0 0 0 0 0 0 0 0 0 0 0 0 0 20 6 0 0 55 0 2 0 0 0 5 0 14 5
8 0 0 0 0 0 0 0 10 0 0 0 1 0 0 0 0 0 0 0 0 0 3 16 0 0 0 0 0 0 0 0 0 0 6 40 0 0 5 0 0
0 0 13 0 0 0 0 0 0 0 0 0 0 0 0 0 0 0 0 0 0 0 0 0 0 0 0 16 5 0 0 49 0 0 0 0 0 2 0 16 4
6 0 1 0 0 0 0 0 7 0 0 0 0 0 0 0 0 0 0 0 0 0 1 6 0 0 0 2 1 0 0 10 0 0 2 19 0 0 2 9 0
0 0 13 0 0 0 0 0 0 0 0 0 0 0 0 0 0 0 0 0 0 0 0 0 0 0 0 16 5 0 0 47 0 0 0 0 0 2 0 16 4
8 0 0 0 0 0 0 0 11 0 0 0 1 0 0 0 0 0 0 0 0 0 3 18 0 0 0 0 0 0 0 0 0 0 7 45 0 0 6 0 0
0 0 15 0 0 0 0 0 0 0 0 0 0 0 0 0 0 0 0 0 0 0 0 0 0 0 0 18 6 0 0 51 0 1 0 0 0 4 0 15 5
7 0 0 0 0 0 0 0 10 0 0 0 1 0 0 0 0 0 0 0 0 0 3 16 0 0 0 0 0 0 0 0 0 0 6 41 0 0 6 0 0
5 0 5 0 0 0 0 0 6 0 0 0 0 0 0 0 0 0 0 0 0 0 1 2 0 0 0 7 3 0 0 28 0 0 0 10 0 0 0 15 2
8 0 0 0 0 0 0 0 10 0 0 0 1 0 0 0 0 0 0 0 0 0 3 16 0 0 0 0 0 0 0 0 0 0 6 41 0 0 5 0 0
0 0 12 0 0 0 0 0 0 0 0 0 0 0 0 0 0 0 0 0 0 0 0 0 0 0 0 16 5 0 0 47 0 0 0 0 0 2 0 16 4
3 0 6 0 0 0 0 0 4 0 0 0 0 0 0 0 0 0 0 0 0 0 0 0 0 0 0 8 3 0 0 30 0 0 0 2 0 0 0 14 3
0 0 11 0 0 0 0 0 0 0 0 0 0 0 0 0 0 0 0 0 0 0 0 0 0 0 0 13 4 0 0 42 0 0 0 0 0 1 0 16 4
8 0 0 0 0 0 0 0 10 0 0 0 1 0 0 0 0 0 0 0 0 0 3 14 0 0 0 0 0 0 0 0 0 0 5 38 0 0 5 0 0
4 0 6 0 0 0 0 0 5 0 0 0 0 0 0 0 0 0 0 0 0 0 1 0 0 0 0 8 3 0 0 29 0 0 0 6 0 0 0 14 3
9 0 0 0 0 0 0 0 10 0 0 0 2 0 0 0 0 0 0 0 0 0 3 14 0 0 0 0 0 0 0 0 0 0 4 37 0 0 4 0 0
0 0 14 0 0 0 0 0 0 0 0 0 0 0 0 0 0 0 0 0 0 0 0 0 0 0 0 17 6 0 0 50 0 1 0 0 0 3 0 15 4
8 0 0 0 0 0 0 0 10 0 0 0 1 0 0 0 0 0 0 0 0 0 3 10 0 0 0 0 0 0 0 3 0 0 3 30 0 0 3 7 0
7 0 0 0 0 1 0 0 10 0 0 0 1 0 0 0 0 0 0 0 0 0 3 16 0 0 0 0 0 0 0 0 0 0 6 42 0 0 5 0 0
4 0 6 0 0 0 0 0 5 0 0 0 0 0 0 0 0 0 0 0 0 0 1 0 0 0 0 8 3 0 0 28 0 0 0 5 0 0 0 14 3
8 0 0 0 0 0 0 0 10 0 0 0 1 0 0 0 0 0 0 0 0 0 3 18 0 0 0 0 0 0 0 0 0 0 7 46 0 0 6 0 0
0 0 15 0 0 0 0 0 0 0 0 0 0 0 0 0 0 0 0 0 0 0 0 0 0 0 0 18 6 0 0 51 0 1 0 0 0 4 0 14 4
6 0 1 0 0 0 0 0 7 0 0 0 0 0 0 0 0 0 0 0 0 0 2 6 0 0 0 1 0 0 0 8 0 0 2 19 0 0 2 8 0
7 0 0 0 0 0 0 0 11 0 0 0 2 0 0 0 0 0 0 0 0 0 3 19 0 0 0 0 0 0 0 0 0 0 8 48 0 0 7 0 0
0 0 12 0 0 0 0 0 0 0 0 0 0 0 0 0 0 0 0 0 0 0 0 0 0 0 0 15 5 0 0 47 0 0 0 0 0 2 0 16 4
8 0 0 0 0 0 0 0 10 0 0 0 1 0 0 0 0 0 0 0 0 0 3 15 0 0 0 0 0 0 0 0 0 0 6 40 0 0 5 0 0
8 0 0 0 0 0 0 0 10 0 0 0 1 0 0 0 0 0 0 0 0 0 4 16 0 0 0 0 0 0 0 0 0 0 5 42 0 0 5 0 0
0 0 13 0 0 0 0 0 0 0 0 0 0 0 0 0 0 0 0 0 0 0 0 0 0 0 0 16 5 0 0 48 0 0 0 0 0 2 0 16 4
8 0 0 0 0 0 0 0 10 0 0 0 1 0 0 0 0 0 0 0 0 0 4 16 0 0 0 0 0 0 0 0 0 0 6 42 0 0 6 0 0
4 0 7 0 0 0 0 0 4 0 0 0 0 0 0 0 0 0 0 0 0 0 0 0 0 0 0 9 3 0 0 33 0 0 0 3 0 0 0 16 3
0 0 13 0 0 0 0 0 0 0 0 0 0 0 0 0 0 0 0 0 0 0 0 0 0 0 0 16 5 0 0 48 0 0 0 0 0 2 0 17 4
9 0 0 0 0 0 0 0 10 0 0 0 1 0 0 0 0 0 0 0 0 0 3 13 0 0 0 0 0 0 0 0 0 0 5 37 0 0 4 0 0
7 0 1 0 0 0 0 0 8 0 0 0 0 0 0 0 0 0 0 0 0 0 2 7 0 0 0 2 1 0 0 13 0 0 1 21 0 0 2 10 1
0 0 12 0 0 0 0 0 0 0 0 0 0 0 0 0 0 0 0 0 0 0 0 0 0 0 0 16 5 0 0 47 0 0 0 0 0 2 0 15 4
0 0 15 0 0 0 0 0 0 0 0 0 0 0 0 0 0 0 0 0 0 0 0 0 0 0 0 18 6 0 0 51 0 1 0 0 0 4 0 14 4
8 0 0 0 0 0 0 0 11 0 0 0 2 0 0 0 0 0 0 0 0 0 4 20 0 0 0 0 0 0 0 0 0 0 8 49 0 0 8 0 0
6 0 2 0 0 0 0 0 7 0 0 0 0 0 0 0 0 0 0 0 0 0 2 5 0 0 0 3 1 0 0 16 0 0 1 18 0 0 1 11 1
0 0 12 0 0 0 0 0 0 0 0 0 0 0 0 0 0 0 0 0 0 0 0 0 0 0 0 15 5 0 0 45 0 0 0 0 0 2 0 16 4
0 0 12 0 0 0 0 0 0 0 0 0 0 0 0 0 0 0 0 0 0 0 0 0 0 0 0 16 5 0 0 47 0 0 0 0 0 2 0 16 4
8 0 0 0 0 0 0 0 11 0 0 0 1 0 0 0 0 0 0 0 0 0 3 18 0 0 0 0 0 0 0 0 0 0 7 45 0 0 6 0 0
0 0 16 0 0 0 0 0 0 0 0 0 0 0 1 0 0 0 0 0 0 0 0 0 0 0 0 19 6 0 0 53 0 2 0 0 0 4 0 14 5
8 0 0 0 0 0 0 0 10 0 0 0 1 0 0 0 0 0 0 0 0 0 3 14 0 0 0 0 0 0 0 0 0 0 5 37 0 0 4 0 0
0 0 11 0 0 0 0 0 0 0 0 0 0 0 0 0 0 0 0 0 0 0 0 0 0 0 0 15 5 0 0 46 0 0 0 0 0 1 0 17 4
4 0 6 0 0 0 0 0 5 0 0 0 0 0 0 0 0 0 0 0 0 0 1 1 0 0 0 7 3 0 0 28 0 0 0 7 0 0 0 14 2
8 0 0 0 0 0 0 0 10 0 0 0 1 0 0 0 0 0 0 0 0 0 3 15 0 0 0 0 0 0 0 0 0 0 5 40 0 0 5 0 0
0 0 14 0 0 0 0 0 0 0 0 0 0 0 0 0 0 0 0 0 0 0 0 0 0 0 0 17 5 0 0 50 0 0 0 0 0 3 0 15 4
0 0 14 0 0 0 0 0 0 0 0 0 0 0 0 0 0 0 0 0 0 0 0 0 0 0 0 17 5 0 0 50 0 0 0 0 0 3 0 16 5
6 0 3 0 0 0 0 0 7 0 0 0 0 0 0 0 0 0 0 0 0 0 1 5 0 0 0 5 2 0 0 19 0 0 1 17 0 0 1 12 1
6 0 4 0 0 0 0 0 7 0 0 0 0 0 0 0 0 0 0 0 0 0 2 3 0 0 0 6 2 0 0 24 0 0 0 13 0 0 1 13 2
8 0 0 0 0 0 0 0 10 0 0 0 1 0 0 0 0 0 0 0 0 0 3 16 0 0 0 0 0 0 0 0 0 0 6 42 0 0 6 0 0
8 0 0 0 0 0 0 0 12 0 0 0 2 0 0 0 0 0 0 0 0 0 3 22 0 0 0 0 0 0 0 0 0 0 9 53 0 0 9 0 0
8 0 0 0 0 0 0 0 10 0 0 0 1 0 0 0 0 0 0 0 0 0 3 17 0 0 0 0 0 0 0 0 0 0 6 43 0 0 6 0 0
0 0 12 0 0 0 0 0 0 0 0 0 0 0 0 0 0 0 0 0 0 0 0 0 0 0 0 16 5 0 0 47 0 0 0 0 0 2 0 16 4
0 0 14 0 0 0 0 0 0 0 0 0 0 0 0 0 0 0 0 0 0 0 0 0 0 0 0 17 5 0 0 49 0 1 0 0 0 3 0 14 4
0 0 12 0 0 0 0 0 0 0 0 0 0 0 0 0 0 0 0 0 0 0 0 0 0 0 0 16 5 0 0 47 0 0 0 0 0 2 0 16 4
0 0 14 0 0 0 0 0 0 0 0 0 0 0 0 0 0 0 0 0 0 0 0 0 0 0 0 17 5 0 0 50 0 0 0 0 0 3 0 16 4
0 0 15 0 0 0 0 0 0 0 0 0 0 0 0 0 0 0 0 0 0 0 0 0 0 0 0 17 5 0 0 50 0 1 0 0 0 3 0 14 4
8 0 0 0 0 1 0 0 11 0 0 0 2 0 0 0 0 0 0 0 0 0 4 20 0 0 0 0 0 0 0 0 0 0 8 50 0 0 7 0 0
0 0 14 0 0 0 0 0 0 0 0 0 0 0 0 0 0 0 0 0 0 0 0 0 0 0 0 17 5 0 0 49 0 1 0 0 0 3 0 15 4
8 0 0 0 0 0 0 0 10 0 0 0 1 0 0 0 0 0 0 0 0 0 3 14 0 0 0 0 0 0 0 0 0 0 6 39 0 0 5 0 0
8 0 0 0 0 0 0 0 10 0 0 0 1 0 0 0 0 0 0 0 0 0 3 16 0 0 0 0 0 0 0 0 0 0 6 41 0 0 5 0 0
2 0 9 0 0 0 0 0 2 0 0 0 0 0 0 0 0 0 0 0 0 0 0 0 0 0 0 11 3 0 0 37 0 0 0 0 0 1 0 16 3
0 0 14 0 0 0 0 0 0 0 0 0 0 0 0 0 0 0 0 0 0 0 0 0 0 0 0 17 5 0 0 50 0 1 0 0 0 3 0 15 4
0 0 17 0 0 0 0 0 0 0 0 0 0 0 0 0 0 0 0 0 0 0 0 0 0 0 0 19 6 0 0 54 0 2 0 0 0 4 0 14 5
0 0 13 0 0 0 0 0 0 0 0 0 0 0 0 0 0 0 0 0 0 0 0 0 0 0 0 16 5 0 0 48 0 0 0 0 0 2 0 15 4
9 0 0 0 0 0 0 0 11 0 0 0 1 0 0 0 0 0 0 0 0 0 3 15 0 0 0 0 0 0 0 0 0 0 6 41 0 0 5 0 0
8 0 0 0 0 0 0 0 10 0 0 0 1 0 0 0 0 0 0 0 0 0 3 12 0 0 0 0 0 0 0 0 0 0 4 35 0 0 4 1 0
7 0 0 0 0 1 0 0 11 0 0 0 2 0 0 0 0 0 0 0 0 0 4 19 0 0 0 0 0 0 0 0 0 0 8 48 0 0 7 0 0
2 0 9 0 0 0 0 0 3 0 0 0 0 0 0 0 0 0 0 0 0 0 0 0 0 0 0 11 4 0 0 38 0 0 0 0 0 1 0 17 3
7 0 0 0 0 0 0 0 10 0 0 0 1 0 0 0 0 0 0 0 0 0 3 17 0 0 0 0 0 0 0 0 0 0 7 44 0 0 6 0 0
8 0 0 0 0 0 0 0 11 0 0 0 2 0 0 0 0 0 0 0 0 0 3 18 0 0 0 0 0 0 0 0 0 0 6 45 0 0 6 0 0
7 0 2 0 0 0 0 0 8 0 0 0 0 0 0 0 0 0 0 0 0 0 2 6 0 0 0 3 1 0 0 14 0 0 2 20 0 0 1 11 1
6 0 4 0 0 0 0 0 7 0 0 0 0 0 0 0 0 0 0 0 0 0 2 3 0 0 0 5 2 0 0 22 0 0 0 14 0 0 1 13 2
0 0 18 0 0 0 0 0 0 0 0 0 0 0 0 0 0 0 0 0 0 0 0 0 0 0 0 20 6 0 0 57 0 2 0 0 0 5 0 14 5
8 0 0 0 0 0 0 0 10 0 0 0 1 0 0 0 0 0 0 0 0 0 3 13 0 0 0 0 0 0 0 0 0 0 5 35 0 0 4 1 0
1 0 10 0 0 0 0 0 1 0 0 0 0 0 0 0 0 0 0 0 0 0 0 0 0 0 0 13 4 0 0 41 0 0 0 0 0 1 0 16 4
9 0 0 0 0 1 0 0 11 0 0 0 2 0 0 0 0 0 0 0 0 0 3 14 0 0 0 0 0 0 0 0 0 0 4 39 0 0 4 0 0
8 0 0 0 0 0 0 0 10 0 0 0 1 0 0 0 0 0 0 0 0 0 3 17 0 0 0 0 0 0 0 0 0 0 7 44 0 0 6 0 0
0 0 14 0 0 0 0 0 0 0 0 0 0 0 0 0 0 0 0 0 0 0 0 0 0 0 0 17 5 0 0 50 0 1 0 0 0 3 0 15 5
0 0 16 0 0 0 0 0 0 0 0 0 0 0 0 0 0 0 0 0 0 0 0 0 0 0 0 19 6 0 0 53 0 1 0 0 0 4 0 15 4
8 0 0 0 0 1 0 0 10 0 0 0 1 0 0 0 0 0 0 0 0 0 3 13 0 0 0 0 0 0 0 0 0 0 4 35 0 0 4 1 0
8 0 0 0 0 0 0 0 10 0 0 0 1 0 0 0 0 0 0 0 0 0 3 15 0 0 0 0 0 0 0 0 0 0 5 39 0 0 5 0 0
0 0 14 0 0 0 0 0 0 0 0 0 0 0 0 0 0 0 0 0 0 0 0 0 0 0 0 17 5 0 0 48 0 1 0 0 0 3 0 14 4
0 0 14 0 0 0 0 0 0 0 0 0 0 0 0 0 0 0 0 0 0 0 0 0 0 0 0 17 6 0 0 50 0 1 0 0 0 3 0 15 4
1 0 10 0 0 0 0 0 1 0 0 0 0 0 0 0 0 0 0 0 0 0 0 0 0 0 0 13 4 0 0 42 0 0 0 0 0 1 0 17 4
8 0 0 0 0 0 0 0 10 0 0 0 1 0 0 0 0 0 0 0 0 0 3 16 0 0 0 0 0 0 0 0 0 0 6 42 0 0 6 0 0
7 0 3 0 0 0 0 0 8 0 0 0 0 0 0 0 0 0 0 0 0 0 2 5 0 0 0 3 1 0 0 18 0 0 1 18 0 0 1 12 2
6 0 4 0 0 0 0 0 7 0 0 0 0 0 0 0 0 0 0 0 0 0 1 4 0 0 0 5 2 0 0 24 0 0 0 15 0 0 1 14 2
8 0 0 0 0 0 0 0 11 0 0 0 2 0 0 0 0 0 0 0 0 0 3 19 0 0 0 0 0 0 0 0 0 0 8 48 0 0 7 0 0
7 0 0 0 0 0 0 0 8 0 0 0 1 0 0 0 0 0 0 0 0 0 2 7 0 0 0 0 0 0 0 7 0 0 2 23 0 0 2 8 0
7 0 0 0 0 0 0 0 9 0 0 0 1 0 0 0 0 0 0 0 0 0 2 8 0 0 0 0 0 0 0 7 0 0 2 24 0 0 2 9 0
0 0 15 0 0 0 0 0 0 0 0 0 0 0 0 0 0 0 0 0 0 0 0 0 0 0 0 17 5 0 0 50 0 1 0 0 0 4 0 14 4
2 0 9 0 0 0 0 0 3 0 0 0 0 0 0 0 0 0 0 0 0 0 0 0 0 0 0 11 4 0 0 37 0 0 0 0 0 1 0 16 3
0 0 13 0 0 0 0 0 0 0 0 0 0 0 0 0 0 0 0 0 0 0 0 0 0 0 0 16 5 0 0 47 0 0 0 0 0 2 0 15 4
8 0 0 0 0 0 0 0 10 0 0 0 1 0 0 0 0 0 0 0 0 0 3 16 0 0 0 0 0 0 0 0 0 0 6 42 0 0 5 0 0
0 0 17 0 0 0 0 0 0 0 0 0 0 0 0 0 0 0 0 0 0 0 0 0 0 0 0 19 6 0 0 54 0 1 0 0 0 4 0 15 5
2 0 9 0 0 0 0 0 3 0 0 0 0 0 0 0 0 0 0 0 0 0 1 0 0 0 0 10 4 0 0 36 0 0 0 0 0 0 0 16 3
7 0 0 0 0 0 0 0 10 0 0 0 1 0 0 0 0 0 0 0 0 0 3 17 0 0 0 0 0 0 0 0 0 0 7 43 0 0 6 0 0
8 0 0 0 0 0 0 0 10 0 0 0 1 0 0 0 0 0 0 0 0 0 3 16 0 0 0 0 0 0 0 0 0 0 6 41 0 0 6 0 0
