5 0 11 0 0 5 0 0 0 0 0 0 0 0 0 0 5 0 0 0 0 0 0 0 0 2 0 0 0 0 2 20 0 0 55 40 0 0 0 50 0
7 0 0 13 3 0 0 0 37 57 1 22 8 0 8 3 0 2 0 0 44 28 38 28 7 0 58 5 67 0 0 0 0 0 0 0 0 22 0 0 0
2 0 31 7 0 5 0 0 0 0 0 0 0 0 0 0 0 0 0 0 0 0 0 0 0 9 0 0 0 0 0 57 3 0 41 42 0 0 1 43 0
0 0 8 0 0 0 0 0 0 0 0 0 0 0 0 0 0 0 0 0 0 0 2 0 0 9 0 0 0 0 3 29 0 0 47 42 0 0 0 44 1
10 0 53 22 0 8 0 0 0 0 0 0 0 0 0 0 0 0 0 0 11 0 0 0 0 11 0 1 0 0 0 89 3 0 21 35 0 0 1 32 0
6 0 33 13 0 4 0 0 1 0 0 0 0 0 0 0 0 0 0 0 7 0 0 0 0 8 0 0 0 0 0 58 2 0 19 26 0 0 1 25 0
1 0 34 7 0 5 0 0 0 0 0 0 0 0 0 0 0 0 0 0 0 0 0 0 0 9 0 0 0 0 0 59 3 0 46 46 0 0 1 47 0
26 0 20 24 0 0 0 0 47 22 0 3 0 4 0 0 0 0 0 0 54 19 15 19 0 0 37 13 43 0 0 0 0 0 0 0 0 15 0 0 0
12 0 18 15 0 1 0 0 16 0 0 0 0 1 0 0 0 0 0 0 22 1 0 7 0 0 6 6 10 0 0 15 0 0 0 0 0 4 0 0 0
1 0 26 4 0 4 0 0 0 0 0 0 0 0 0 0 0 0 0 0 0 0 0 0 0 8 0 0 0 0 0 50 2 0 46 42 0 0 0 45 0
10 0 9 0 0 7 0 0 2 0 0 0 0 0 0 0 6 0 0 0 0 0 0 0 0 0 0 0 0 0 1 11 0 0 61 40 0 0 0 53 0
21 0 0 22 1 0 0 0 58 57 0 18 7 3 7 1 0 0 0 0 65 34 38 33 6 0 67 11 76 0 0 0 0 0 0 0 0 26 0 0 0
0 0 9 0 0 0 0 0 0 0 0 0 0 0 0 0 0 0 0 0 0 0 0 0 0 8 0 0 0 0 3 25 0 0 55 48 0 0 0 50 0
6 0 29 13 0 3 0 0 3 0 0 0 0 0 0 0 0 0 0 0 9 0 0 1 0 6 0 1 0 0 0 50 1 0 13 20 0 0 0 18 0
16 0 13 17 0 0 0 0 29 17 0 2 0 1 0 0 0 0 0 0 35 11 11 14 0 0 25 8 30 0 0 0 0 0 0 0 0 9 0 0 0
0 0 0 0 0 0 0 0 0 3 0 1 0 0 0 0 0 0 0 0 0 0 8 0 0 5 4 0 0 0 2 13 0 0 22 19 0 0 0 21 1
0 0 10 0 0 1 0 0 0 0 0 0 0 0 0 0 1 0 0 0 0 0 0 0 0 6 0 0 0 0 1 25 0 0 54 45 0 0 0 50 0
12 0 0 16 3 0 0 0 45 59 1 21 8 0 7 3 0 2 0 0 52 31 39 30 7 0 62 7 73 0 0 0 0 0 0 0 0 24 0 0 0
0 0 10 0 0 2 0 0 0 0 0 0 0 0 0 0 2 0 0 0 0 0 0 0 0 5 0 0 0 0 1 24 0 0 51 42 0 0 0 47 0
2 0 32 10 0 5 0 0 0 0 0 0 0 0 0 0 0 0 0 0 0 0 0 0 0 9 0 0 0 0 0 63 3 0 33 38 0 0 1 38 0
18 0 30 21 0 3 0 0 20 0 0 0 0 0 0 0 0 0 0 0 29 0 0 6 0 2 2 8 11 0 0 30 0 0 0 0 0 0 0 0 0
6 0 12 0 0 5 0 0 0 0 0 0 0 0 0 0 5 0 0 0 0 0 0 0 0 2 0 0 0 0 1 19 0 0 57 41 0 0 0 51 0
2 0 41 13 0 6 0 0 0 0 0 0 0 0 0 0 0 0 0 0 0 0 0 0 0 10 0 0 0 0 0 71 4 0 37 41 0 0 2 42 0
0 0 9 0 0 0 0 0 0 0 0 0 0 0 0 0 1 0 0 0 0 0 0 0 0 7 0 0 0 0 2 25 0 0 52 45 0 0 0 47 0
2 0 19 0 0 4 0 0 0 0 0 0 0 0 0 0 2 0 0 0 0 0 0 0 0 6 0 0 0 0 0 36 0 0 50 42 0 0 0 47 0
14 0 6 15 0 0 0 0 30 26 0 7 1 1 2 0 0 0 0 0 35 15 17 16 1 0 32 7 37 0 0 0 0 0 0 0 0 12 0 0 0
24 0 14 23 0 0 0 0 49 31 0 7 1 3 2 0 0 0 0 0 56 22 21 23 1 0 44 13 51 0 0 0 0 0 0 0 0 17 0 0 0
23 0 16 22 0 0 0 0 44 24 0 4 0 3 1 0 0 0 0 0 50 18 17 20 0 0 37 12 43 0 0 0 0 0 0 0 0 15 0 0 0
0 0 7 0 0 0 0 0 0 0 0 0 0 0 0 0 0 0 0 0 0 0 5 0 0 9 1 0 0 0 4 29 0 0 48 43 0 0 0 46 1
0 0 10 0 0 2 0 0 0 0 0 0 0 0 0 0 2 0 0 0 0 0 0 0 0 6 0 0 0 0 1 23 0 0 53 44 0 0 0 49 0
0 0 0 4 1 0 0 0 5 18 1 9 2 0 2 1 0 1 0 0 8 6 15 8 3 0 16 1 18 0 1 0 0 0 0 0 0 6 0 0 0
0 0 10 0 0 1 0 0 0 0 0 0 0 0 0 0 1 0 0 0 0 0 0 0 0 7 0 0 0 0 1 26 0 0 52 45 0 0 0 48 0
6 0 46 17 0 7 0 0 0 0 0 0 0 0 0 0 0 0 0 0 4 0 0 0 0 10 0 0 0 0 0 79 3 0 29 38 0 0 2 36 0
1 0 25 3 0 4 0 0 0 0 0 0 0 0 0 0 0 0 0 0 0 0 0 0 0 8 0 0 0 0 0 49 2 0 45 44 0 0 0 46 0
11 0 0 13 2 0 0 0 34 40 1 14 5 1 5 1 0 1 0 0 39 21 27 21 4 0 45 6 51 0 0 0 0 0 0 0 0 17 0 0 0
2 0 18 5 0 2 0 0 0 0 0 0 0 0 0 0 0 0 0 0 0 0 0 0 0 6 0 0 0 0 0 36 1 0 26 27 0 0 0 26 0
0 0 7 0 0 0 0 0 0 0 0 0 0 0 0 0 0 0 0 0 0 0 0 0 0 8 0 0 0 0 2 30 0 0 45 41 0 0 0 43 0
4 0 10 0 0 3 0 0 0 0 0 0 0 0 0 0 3 0 0 0 0 0 0 0 0 4 0 0 0 0 1 18 0 0 56 43 0 0 0 49 0
0 0 9 0 0 0 0 0 0 0 0 0 0 0 0 0 0 0 0 0 0 0 2 0 0 9 0 0 0 0 4 27 0 0 54 48 0 0 0 50 0
12 0 29 17 0 3 0 0 12 0 0 0 0 0 0 0 0 0 0 0 19 0 0 4 0 4 0 4 2 0 0 38 0 0 0 4 0 0 0 2 0
4 0 10 0 0 4 0 0 0 0 0 0 0 0 0 0 3 0 0 0 0 0 0 0 0 5 0 0 0 0 2 20 0 0 59 47 0 0 0 53 0
0 0 0 1 6 0 0 0 11 51 4 24 8 0 9 6 0 5 0 0 17 19 36 20 8 0 43 1 48 0 1 0 0 0 0 0 0 15 0 0 0
20 0 11 19 0 0 0 0 40 27 0 6 1 2 2 0 0 0 0 0 46 18 18 20 1 0 37 10 43 0 0 0 0 0 0 0 0 14 0 0 0
0 0 9 0 0 0 0 0 0 0 0 0 0 0 0 0 0 0 0 0 0 0 0 0 0 8 0 0 0 0 2 30 0 0 45 42 0 0 0 43 0
0 0 0 1 4 0 0 0 5 38 3 18 5 0 6 4 0 4 0 0 8 13 28 13 7 0 32 0 32 0 1 0 0 1 0 0 0 11 0 0 0
0 0 2 0 0 0 0 0 0 0 0 0 0 0 0 0 0 0 0 0 0 0 4 0 0 5 0 0 0 0 2 17 0 0 26 23 0 0 0 26 0
0 0 0 0 7 0 0 0 5 58 4 29 9 0 11 7 0 6 0 0 12 20 40 20 10 0 46 0 50 0 1 0 0 2 0 0 0 16 0 0 0
0 0 14 0 0 1 0 0 0 0 0 0 0 0 0 0 0 0 0 0 0 0 0 0 0 8 0 0 0 0 1 37 1 0 40 39 0 0 0 40 0
3 0 10 0 0 3 0 0 0 0 0 0 0 0 0 0 2 0 0 0 0 0 0 0 0 5 0 0 0 0 1 21 0 0 55 43 0 0 0 50 0
0 0 11 0 0 2 0 0 0 0 0 0 0 0 0 0 2 0 0 0 0 0 0 0 0 6 0 0 0 0 1 25 0 0 54 45 0 0 0 49 0
0 0 0 2 3 0 0 0 4 24 1 12 2 0 3 2 0 2 0 0 5 8 21 7 4 0 22 0 21 0 1 0 0 1 0 0 0 8 0 0 1
0 0 9 0 0 0 0 0 0 0 0 0 0 0 0 0 0 0 0 0 0 0 0 0 0 7 0 0 0 0 2 28 0 0 45 40 0 0 0 42 0
0 0 0 5 2 0 0 0 8 23 1 10 3 0 3 2 0 2 0 0 12 9 18 11 3 0 21 2 23 0 0 0 0 0 0 0 0 9 0 0 0
0 0 0 3 0 0 0 0 4 9 0 4 0 0 0 0 0 0 0 0 4 2 9 3 1 0 9 0 9 0 0 2 0 0 0 0 0 3 0 0 0
3 0 15 0 0 4 0 0 0 0 0 0 0 0 0 0 3 0 0 0 0 0 0 0 0 4 0 0 0 0 0 28 0 0 50 39 0 0 0 47 0
3 0 11 0 0 4 0 0 0 0 0 0 0 0 0 0 4 0 0 0 0 0 0 0 0 3 0 0 0 0 1 21 0 0 53 39 0 0 0 48 0
0 0 9 0 0 0 0 0 0 0 0 0 0 0 0 0 0 0 0 0 0 0 0 0 0 9 0 0 0 0 3 29 0 0 51 45 0 0 0 46 0
0 0 0 1 5 0 0 0 6 45 3 22 6 0 7 5 0 4 0 0 10 15 33 15 7 0 37 0 38 0 1 0 0 2 0 0 0 12 0 0 0
0 0 0 2 1 0 0 0 0 12 1 5 0 0 0 0 0 0 0 0 0 3 16 1 1 4 13 0 9 0 3 9 0 0 12 10 0 1 0 13 1
0 0 10 0 0 2 0 0 0 0 0 0 0 0 0 0 2 0 0 0 0 0 0 0 0 6 0 0 0 0 2 25 0 0 52 43 0 0 0 49 0
0 0 0 3 3 0 0 0 7 31 2 14 5 0 5 3 0 3 0 0 11 11 24 13 5 0 27 1 29 0 0 0 0 0 0 0 0 10 0 0 0
4 0 39 14 0 5 0 0 0 0 0 0 0 0 0 0 0 0 0 0 1 0 0 0 0 10 0 0 0 0 0 73 2 0 30 38 0 0 1 37 0
1 0 10 0 0 2 0 0 0 0 0 0 0 0 0 0 2 0 0 0 0 0 0 0 0 6 0 0 0 0 2 23 0 0 56 46 0 0 0 51 0
0 0 10 0 0 1 0 0 0 0 0 0 0 0 0 0 1 0 0 0 0 0 0 0 0 7 0 0 0 0 2 26 0 0 52 45 0 0 0 48 0
2 0 29 9 0 5 0 0 0 0 0 0 0 0 0 0 0 0 0 0 0 0 0 0 0 9 0 0 0 0 0 59 3 0 31 36 0 0 1 36 0
1 0 24 1 0 4 0 0 0 0 0 0 0 0 0 0 0 0 0 0 0 0 0 0 0 7 0 0 0 0 0 46 2 0 47 43 0 0 0 47 0
0 0 9 0 0 0 0 0 0 0 0 0 0 0 0 0 0 0 0 0 0 0 0 0 0 7 0 0 0 0 2 27 0 0 51 45 0 0 0 47 0
2 0 36 9 0 5 0 0 0 0 0 0 0 0 0 0 0 0 0 0 0 0 0 0 0 10 0 0 0 0 0 66 3 0 43 45 0 0 2 47 0
4 0 33 12 0 4 0 0 0 0 0 0 0 0 0 0 0 0 0 0 3 0 0 0 0 9 0 0 0 0 0 62 2 0 25 32 0 0 0 31 0
1 0 0 9 5 0 0 0 31 62 3 26 10 0 9 5 0 4 0 0 38 28 42 28 9 0 59 4 68 0 0 0 0 0 0 0 0 22 0 0 0
0 0 11 0 0 1 0 0 0 0 0 0 0 0 0 0 0 0 0 0 0 0 0 0 0 8 0 0 0 0 2 32 0 0 49 45 0 0 0 47 0
0 0 10 0 0 1 0 0 0 0 0 0 0 0 0 0 1 0 0 0 0 0 0 0 0 6 0 0 0 0 1 24 0 0 54 46 0 0 0 49 0
1 0 9 0 0 1 0 0 0 0 0 0 0 0 0 0 0 0 0 0 0 0 0 0 0 7 0 0 0 0 2 23 0 0 53 46 0 0 0 48 0
0 0 10 3 0 1 0 0 0 0 0 0 0 0 0 0 0 0 0 0 0 0 0 0 0 4 0 0 0 0 0 25 0 0 18 19 0 0 0 19 0
30 0 30 27 0 1 0 0 45 10 0 0 0 4 0 0 0 0 0 0 53 13 6 17 0 0 26 15 32 0 0 0 0 0 0 0 0 10 0 0 0
0 0 0 3 3 0 0 0 4 25 1 12 2 0 3 2 0 2 0 0 6 9 22 8 4 0 24 0 22 0 1 0 0 1 0 0 0 8 0 0 0
0 0 4 8 0 0 0 0 9 9 0 4 0 0 0 0 0 0 0 0 12 3 8 7 0 0 11 2 13 0 0 4 0 0 0 0 0 5 0 0 0
4 0 15 0 0 5 0 0 0 0 0 0 0 0 0 0 4 0 0 0 0 0 0 0 0 3 0 0 0 0 0 26 0 0 52 39 0 0 0 47 0
2 0 8 0 0 2 0 0 0 0 0 0 0 0 0 0 1 0 0 0 0 0 0 0 0 6 0 0 0 0 2 20 0 0 55 47 0 0 0 49 0
8 0 27 14 0 3 0 0 5 0 0 0 0 0 0 0 0 0 0 0 12 0 0 2 0 5 0 2 0 0 0 44 0 0 7 14 0 0 0 11 0
8 0 0 11 1 0 0 0 23 27 0 9 2 0 3 0 0 0 0 0 28 14 19 15 2 0 30 6 34 0 0 0 0 0 0 0 0 12 0 0 0
14 0 32 19 0 3 0 0 14 0 0 0 0 0 0 0 0 0 0 0 22 0 0 4 0 4 0 5 5 0 0 40 0 0 0 2 0 0 0 0 0
2 0 26 1 0 6 0 0 0 0 0 0 0 0 0 0 1 0 0 0 0 0 0 0 0 6 0 0 0 0 0 44 2 0 53 45 0 0 0 51 0
0 0 0 0 8 0 0 0 6 67 5 34 11 0 12 9 0 7 0 0 12 23 46 22 11 0 52 0 57 0 1 0 0 2 0 0 0 19 0 0 1
28 0 33 26 0 2 0 0 38 3 0 0 0 3 0 0 0 0 0 0 47 9 2 12 0 0 18 14 25 0 0 5 0 0 0 0 0 6 0 0 0
17 0 5 19 0 0 0 0 43 39 0 11 3 2 4 0 0 0 0 0 50 23 26 24 3 0 47 9 55 0 0 0 0 0 0 0 0 19 0 0 0
0 0 9 0 0 0 0 0 0 0 0 0 0 0 0 0 0 0 0 0 0 0 0 0 0 7 0 0 0 0 2 28 0 0 50 44 0 0 0 47 0
8 0 14 13 0 0 0 0 15 3 0 0 0 1 0 0 0 0 0 0 19 3 3 7 0 0 9 5 11 0 0 9 0 0 0 0 0 4 0 0 0
36 0 33 31 0 1 0 0 56 14 0 0 0 6 0 0 0 0 0 0 64 18 9 20 0 0 35 18 40 0 0 0 0 0 0 0 0 14 0 0 0
2 0 23 2 0 4 0 0 0 0 0 0 0 0 0 0 0 0 0 0 0 0 0 0 0 7 0 0 0 0 0 43 1 0 49 44 0 0 0 47 0
8 0 21 12 0 3 0 0 8 0 0 0 0 0 0 0 0 0 0 0 12 0 0 2 0 3 0 3 0 0 0 29 0 0 3 6 0 0 0 5 0
33 0 33 29 0 1 0 0 49 9 0 0 0 5 0 0 0 0 0 0 57 14 6 17 0 0 27 16 33 0 0 0 0 0 0 0 0 10 0 0 0
0 0 9 0 0 0 0 0 0 0 0 0 0 0 0 0 0 0 0 0 0 0 0 0 0 9 0 0 0 0 4 28 0 0 52 47 0 0 0 48 0
0 0 10 0 0 1 0 0 0 0 0 0 0 0 0 0 1 0 0 0 0 0 0 0 0 6 0 0 0 0 1 25 0 0 52 44 0 0 0 48 0
1 0 9 0 0 2 0 0 0 0 0 0 0 0 0 0 2 0 0 0 0 0 0 0 0 6 0 0 0 0 2 21 0 0 55 45 0 0 0 50 0
1 0 30 8 0 4 0 0 0 0 0 0 0 0 0 0 0 0 0 0 0 0 0 0 0 9 0 0 0 0 0 57 2 0 40 41 0 0 1 41 0
32 0 28 28 0 0 0 0 50 15 0 0 0 5 0 0 0 0 0 0 58 17 10 19 0 0 33 16 38 0 0 0 0 0 0 0 0 13 0 0 0
0 0 0 1 1 0 0 0 1 14 0 7 0 0 1 1 0 1 0 0 1 5 14 3 2 1 14 0 11 0 2 0 0 0 0 0 0 3 0 1 0
0 0 9 0 0 1 0 0 0 0 0 0 0 0 0 0 1 0 0 0 0 0 0 0 0 6 0 0 0 0 2 25 0 0 53 46 0 0 0 49 0
0 0 0 2 3 0 0 0 4 21 1 10 1 0 2 2 0 2 0 0 4 7 20 5 3 0 22 0 18 0 1 0 0 1 0 0 0 7 0 0 1
0 0 0 3 4 0 0 0 5 34 2 16 4 0 5 4 0 3 0 0 8 11 28 11 5 0 30 0 29 0 1 0 0 1 0 0 0 10 0 0 0
17 0 7 19 0 0 0 0 41 34 0 9 3 2 3 0 0 0 0 0 47 21 23 21 2 0 42 9 49 0 0 0 0 0 0 0 0 17 0 0 0
2 0 11 0 0 3 0 0 0 0 0 0 0 0 0 0 3 0 0 0 0 0 0 0 0 4 0 0 0 0 1 23 0 0 51 39 0 0 0 46 0
0 0 15 0 0 2 0 0 0 0 0 0 0 0 0 0 0 0 0 0 0 0 0 0 0 8 0 0 0 0 1 38 1 0 44 43 0 0 0 45 0
1 0 23 0 0 5 0 0 0 0 0 0 0 0 0 0 2 0 0 0 0 0 0 0 0 6 0 0 0 0 0 40 1 0 51 43 0 0 0 49 0
0 0 8 0 0 0 0 0 0 0 0 0 0 0 0 0 0 0 0 0 0 0 0 0 0 8 0 0 0 0 3 25 0 0 51 45 0 0 0 47 0
5 0 12 0 0 5 0 0 0 0 0 0 0 0 0 0 5 0 0 0 0 0 0 0 0 2 0 0 0 0 0 20 0 0 54 39 0 0 0 49 0
0 0 0 2 3 0 0 0 4 22 1 10 1 0 2 2 0 2 0 0 5 8 20 6 3 0 21 0 19 0 1 0 0 0 0 0 0 6 0 0 0
4 0 28 9 0 5 0 0 0 0 0 0 0 0 0 0 0 0 0 0 1 0 0 0 0 7 0 0 0 0 0 52 2 0 25 29 0 0 0 29 0
1 0 31 7 0 5 0 0 0 0 0 0 0 0 0 0 0 0 0 0 0 0 0 0 0 9 0 0 0 0 0 58 3 0 43 43 0 0 1 45 0
1 0 10 0 0 2 0 0 0 0 0 0 0 0 0 0 3 0 0 0 0 0 0 0 0 4 0 0 0 0 1 23 0 0 51 40 0 0 0 47 0
0 0 11 0 0 1 0 0 0 0 0 0 0 0 0 0 1 0 0 0 0 0 0 0 0 7 0 0 0 0 1 32 0 0 47 43 0 0 0 45 0
7 0 17 0 0 8 0 0 0 0 0 0 0 0 0 0 6 0 0 0 0 0 0 0 0 0 0 0 0 0 0 22 0 0 59 38 0 0 0 54 0
0 0 0 1 1 0 0 0 0 7 0 3 0 0 0 0 0 0 0 0 0 2 12 0 0 4 10 0 4 0 2 10 0 0 18 15 0 1 0 17 0
0 0 9 0 0 1 0 0 0 0 0 0 0 0 0 0 1 0 0 0 0 0 0 0 0 6 0 0 0 0 2 27 0 0 47 40 0 0 0 45 0
8 0 10 0 0 5 0 0 1 0 0 0 0 0 0 0 4 0 0 0 0 0 0 0 0 3 0 0 0 0 1 14 0 0 60 44 0 0 0 52 0
6 0 42 16 0 6 0 0 0 0 0 0 0 0 0 0 0 0 0 0 4 0 0 0 0 10 0 0 0 0 0 76 3 0 26 35 0 0 1 34 0
0 0 0 2 3 0 0 0 6 33 2 16 5 0 5 4 0 3 0 0 10 12 25 13 6 0 28 1 30 0 0 0 0 0 0 0 0 10 0 0 0
0 0 13 0 0 2 0 0 0 0 0 0 0 0 0 0 2 0 0 0 0 0 0 0 0 6 0 0 0 0 1 31 0 0 50 43 0 0 0 48 0
0 0 0 4 1 0 0 0 0 13 1 5 0 0 0 0 0 0 0 0 1 4 19 1 1 5 16 0 10 0 3 11 0 0 16 15 0 1 0 18 2
4 0 8 0 0 3 0 0 0 0 0 0 0 0 0 0 3 0 0 0 0 0 0 0 0 4 0 0 0 0 2 15 0 0 58 45 0 0 0 51 0
7 0 15 0 0 7 0 0 0 0 0 0 0 0 0 0 6 0 0 0 0 0 0 0 0 1 0 0 0 0 0 22 0 0 58 39 0 0 0 52 0
0 0 10 0 0 2 0 0 0 0 0 0 0 0 0 0 2 0 0 0 0 0 0 0 0 6 0 0 0 0 1 24 0 0 54 44 0 0 0 49 0
0 0 10 0 0 0 0 0 0 0 0 0 0 0 0 0 0 0 0 0 0 0 0 0 0 7 0 0 0 0 2 27 0 0 52 46 0 0 0 49 0
1 0 21 0 0 4 0 0 0 0 0 0 0 0 0 0 1 0 0 0 0 0 0 0 0 6 0 0 0 0 0 40 1 0 49 43 0 0 0 47 0
1 0 22 5 0 3 0 0 0 0 0 0 0 0 0 0 0 0 0 0 0 0 0 0 0 7 0 0 0 0 0 48 1 0 31 34 0 0 0 34 0
0 0 17 2 0 2 0 0 0 0 0 0 0 0 0 0 0 0 0 0 0 0 0 0 0 8 0 0 0 0 0 41 1 0 38 37 0 0 0 38 0
1 0 23 2 0 4 0 0 0 0 0 0 0 0 0 0 0 0 0 0 0 0 0 0 0 7 0 0 0 0 0 45 1 0 48 43 0 0 0 46 0
1 0 17 0 0 4 0 0 0 0 0 0 0 0 0 0 2 0 0 0 0 0 0 0 0 6 0 0 0 0 0 36 0 0 50 43 0 0 0 48 0
18 0 33 23 0 2 0 0 21 0 0 0 0 0 0 0 0 0 0 0 32 0 0 7 0 2 2 8 12 0 0 34 0 0 0 0 0 0 0 0 0
1 0 8 0 0 1 0 0 0 0 0 0 0 0 0 0 1 0 0 0 0 0 0 0 0 6 0 0 0 0 3 22 0 0 57 49 0 0 0 51 0
0 0 9 0 0 0 0 0 0 0 0 0 0 0 0 0 0 0 0 0 0 0 0 0 0 8 0 0 0 0 3 27 0 0 50 45 0 0 0 46 0
1 0 0 8 5 0 0 0 32 65 3 27 10 0 10 5 0 5 0 0 39 30 43 29 9 0 61 4 71 0 0 0 0 0 0 0 0 23 0 0 0
0 0 7 0 0 0 0 0 0 0 0 0 0 0 0 0 0 0 0 0 0 0 1 0 0 8 0 0 0 0 3 27 0 0 45 40 0 0 0 42 0
0 0 0 0 7 0 0 0 8 54 4 27 9 0 10 7 0 6 0 0 14 20 38 20 9 0 44 0 49 0 0 0 0 1 0 0 0 16 0 0 0
6 0 20 0 0 7 0 0 0 0 0 0 0 0 0 0 5 0 0 0 0 0 0 0 0 2 0 0 0 0 0 29 0 0 60 42 0 0 0 55 0
33 0 47 35 0 3 0 0 41 0 0 0 0 1 0 0 0 0 0 0 56 6 0 13 0 0 12 16 27 0 0 25 0 0 0 0 0 2 0 0 0
0 0 10 0 0 0 0 0 0 0 0 0 0 0 0 0 0 0 0 0 0 0 0 0 0 8 0 0 0 0 2 29 0 0 45 41 0 0 0 43 0
0 0 9 0 0 0 0 0 0 0 0 0 0 0 0 0 0 0 0 0 0 0 0 0 0 8 0 0 0 0 2 30 0 0 49 44 0 0 0 46 0
0 0 0 0 0 0 0 0 0 3 0 2 0 0 0 0 0 0 0 0 0 0 9 0 0 5 6 0 1 0 2 13 0 0 23 20 0 0 0 22 0
2 0 19 0 0 4 0 0 0 0 0 0 0 0 0 0 2 0 0 0 0 0 0 0 0 5 0 0 0 0 0 35 0 0 51 42 0 0 0 49 0
0 0 15 0 0 3 0 0 0 0 0 0 0 0 0 0 1 0 0 0 0 0 0 0 0 6 0 0 0 0 0 36 1 0 43 38 0 0 0 42 0
0 0 10 0 0 1 0 0 0 0 0 0 0 0 0 0 1 0 0 0 0 0 0 0 0 6 0 0 0 0 1 25 0 0 53 44 0 0 0 48 0
5 0 12 0 0 4 0 0 0 0 0 0 0 0 0 0 4 0 0 0 0 0 0 0 0 3 0 0 0 0 1 22 0 0 55 42 0 0 0 50 0
4 0 8 0 0 2 0 0 0 0 0 0 0 0 0 0 1 0 0 0 0 0 0 0 0 6 0 0 0 0 3 19 0 0 62 53 0 0 0 56 0
3 0 12 0 0 4 0 0 0 0 0 0 0 0 0 0 4 0 0 0 0 0 0 0 0 3 0 0 0 0 1 24 0 0 51 38 0 0 0 47 0
0 0 9 0 0 1 0 0 0 0 0 0 0 0 0 0 1 0 0 0 0 0 0 0 0 6 0 0 0 0 2 22 0 0 56 47 0 0 0 51 0
1 0 32 7 0 5 0 0 0 0 0 0 0 0 0 0 0 0 0 0 0 0 0 0 0 9 0 0 0 0 0 60 3 0 42 43 0 0 1 44 0
22 0 34 25 0 2 0 0 27 0 0 0 0 1 0 0 0 0 0 0 38 3 0 9 0 0 7 11 17 0 0 25 0 0 0 0 0 1 0 0 0
1 0 12 0 0 3 0 0 0 0 0 0 0 0 0 0 3 0 0 0 0 0 0 0 0 5 0 0 0 0 2 29 0 0 51 42 0 0 0 48 0
0 0 10 0 0 1 0 0 0 0 0 0 0 0 0 0 1 0 0 0 0 0 0 0 0 6 0 0 0 0 2 26 0 0 50 42 0 0 0 47 0
2 0 35 6 0 6 0 0 0 0 0 0 0 0 0 0 0 0 0 0 0 0 0 0 0 8 0 0 0 0 0 59 3 0 46 46 0 0 1 48 0
1 0 12 0 0 2 0 0 0 0 0 0 0 0 0 0 2 0 0 0 0 0 0 0 0 5 0 0 0 0 1 29 0 0 48 41 0 0 0 46 0
0 0 0 5 3 0 0 0 6 30 2 14 1 0 4 2 0 2 0 0 9 10 28 10 5 0 30 0 27 0 2 0 0 1 0 0 0 9 0 0 1
2 0 8 0 0 1 0 0 0 0 0 0 0 0 0 0 1 0 0 0 0 0 0 0 0 6 0 0 0 0 2 21 0 0 56 47 0 0 0 50 0
8 0 49 19 0 7 0 0 0 0 0 0 0 0 0 0 0 0 0 0 8 0 0 0 0 11 0 0 0 0 0 84 3 0 24 36 0 0 1 33 0
2 0 11 0 0 2 0 0 0 0 0 0 0 0 0 0 2 0 0 0 0 0 0 0 0 6 0 0 0 0 1 24 0 0 54 45 0 0 0 49 0
8 0 10 0 0 5 0 0 1 0 0 0 0 0 0 0 5 0 0 0 0 0 0 0 0 2 0 0 0 0 1 13 0 0 58 40 0 0 0 50 0
0 0 0 2 2 0 0 0 2 15 0 6 0 0 1 0 0 1 0 0 1 4 16 2 2 2 16 0 12 0 2 2 0 0 6 4 0 4 0 7 1
0 0 11 0 0 1 0 0 0 0 0 0 0 0 0 0 1 0 0 0 0 0 0 0 0 7 0 0 0 0 2 33 0 0 49 44 0 0 0 48 0
1 0 30 7 0 4 0 0 0 0 0 0 0 0 0 0 0 0 0 0 0 0 0 0 0 9 0 0 0 0 0 57 2 0 41 42 0 0 1 42 0
5 0 50 17 0 8 0 0 0 0 0 0 0 0 0 0 0 0 0 0 2 0 0 0 0 10 0 0 0 0 0 83 4 0 35 42 0 0 2 42 0
2 0 31 2 0 7 0 0 0 0 0 0 0 1 0 0 1 0 0 0 0 0 0 0 0 5 0 0 0 0 0 47 3 1 55 46 0 0 0 54 0
0 0 11 0 0 2 0 0 0 0 0 0 0 0 0 0 2 0 0 0 0 0 0 0 0 6 0 0 0 0 1 26 0 0 52 44 0 0 0 49 0
0 0 8 0 0 0 0 0 0 0 0 0 0 0 0 0 0 0 0 0 0 0 1 0 0 8 0 0 0 0 4 26 0 0 50 44 0 0 0 46 0
0 0 0 0 8 0 0 0 6 64 5 32 10 0 12 9 0 7 0 0 13 22 44 22 11 0 51 0 55 0 1 0 0 1 0 0 0 18 0 0 1
7 0 9 0 0 4 0 0 0 0 0 0 0 0 0 0 3 0 0 0 0 0 0 0 0 5 0 0 0 0 3 16 0 0 64 52 0 0 0 57 0
1 0 22 1 0 4 0 0 0 0 0 0 0 0 0 0 0 0 0 0 0 0 0 0 0 7 0 0 0 0 0 42 1 0 49 43 0 0 0 47 0
1 0 28 6 0 4 0 0 0 0 0 0 0 0 0 0 0 0 0 0 0 0 0 0 0 8 0 0 0 0 0 52 2 0 41 40 0 0 1 42 0
9 0 39 18 0 5 0 0 2 0 0 0 0 0 0 0 0 0 0 0 12 0 0 2 0 8 0 2 0 0 0 67 1 0 13 24 0 0 0 21 0
0 0 9 0 0 0 0 0 0 0 0 0 0 0 0 0 0 0 0 0 0 0 0 0 0 8 0 0 0 0 2 27 0 0 49 44 0 0 0 45 0
0 0 10 0 0 0 0 0 0 0 0 0 0 0 0 0 0 0 0 0 0 0 0 0 0 8 0 0 0 0 2 27 0 0 52 46 0 0 0 48 0
0 0 0 1 8 0 0 0 19 75 5 35 13 0 13 9 0 7 0 0 26 29 51 30 13 0 63 0 72 0 2 0 0 0 0 0 0 23 0 0 0
0 0 6 0 0 0 0 0 0 0 0 0 0 0 0 0 0 0 0 0 0 0 4 0 0 8 0 0 0 0 3 28 0 0 42 38 0 0 0 41 1
15 0 0 18 1 0 0 0 43 45 0 15 5 2 6 1 0 0 0 0 50 26 30 25 4 0 52 8 59 0 0 0 0 0 0 0 0 21 0 0 0
30 0 11 28 0 0 0 0 66 47 0 13 4 5 4 0 0 0 0 0 74 33 32 32 3 0 64 15 72 0 0 0 0 0 0 0 0 26 0 0 0
26 0 48 31 0 5 0 0 26 0 0 0 0 0 0 0 0 0 0 0 42 0 0 8 0 3 0 11 15 0 0 51 0 0 0 0 0 0 0 0 0
0 0 0 2 2 0 0 0 2 19 1 8 0 0 1 1 0 1 0 0 3 6 19 3 3 1 19 0 15 0 2 0 0 0 0 0 0 4 0 2 1
1 0 24 3 0 4 0 0 0 0 0 0 0 0 0 0 0 0 0 0 0 0 0 0 0 8 0 0 0 0 0 49 2 0 44 43 0 0 0 45 0
0 0 0 0 0 0 0 0 0 0 0 0 0 0 0 0 0 0 0 0 0 0 4 0 0 4 1 0 0 0 1 12 0 0 20 18 0 0 0 19 0
0 0 3 0 0 0 0 0 0 0 0 0 0 0 0 0 0 0 0 0 0 0 4 0 0 7 0 0 0 0 3 24 0 0 38 34 0 0 0 36 0
0 0 3 7 0 0 0 0 8 8 0 4 0 0 0 0 0 0 0 0 11 3 8 6 0 1 10 2 11 0 0 3 0 0 0 0 0 5 0 0 0
27 0 23 24 0 1 0 0 44 15 0 0 0 3 0 0 0 0 0 0 50 15 10 17 0 0 30 13 36 0 0 0 0 0 0 0 0 12 0 0 0
8 0 10 0 0 5 0 0 0 0 0 0 0 0 0 0 5 0 0 0 0 0 0 0 0 2 0 0 0 0 1 15 0 0 60 42 0 0 0 52 0
0 0 0 3 2 0 0 0 3 21 1 10 2 0 3 2 0 2 0 0 6 8 19 7 3 0 19 0 18 0 1 0 0 0 0 0 0 7 0 0 0
1 0 10 0 0 2 0 0 0 0 0 0 0 0 0 0 2 0 0 0 0 0 0 0 0 6 0 0 0 0 1 23 0 0 54 44 0 0 0 50 0
0 0 9 0 0 0 0 0 0 0 0 0 0 0 0 0 0 0 0 0 0 0 0 0 0 7 0 0 0 0 1 29 0 0 41 39 0 0 0 40 0
0 0 5 0 0 0 0 0 0 0 0 0 0 0 0 0 0 0 0 0 0 0 3 0 0 7 0 0 0 0 2 25 0 0 36 33 0 0 0 35 0
0 0 0 0 6 0 0 0 9 53 4 25 8 0 9 6 0 5 0 0 14 19 37 19 9 0 43 0 48 0 1 0 0 0 0 0 0 15 0 0 0
11 0 11 0 0 8 0 0 2 0 0 0 0 0 0 0 7 0 0 0 0 0 0 0 0 0 0 0 0 0 1 12 0 0 62 38 0 0 0 53 0
1 0 28 3 0 5 0 0 0 0 0 0 0 0 0 0 0 0 0 0 0 0 0 0 0 8 0 0 0 0 0 49 2 0 50 45 0 0 0 49 0
0 0 5 0 0 0 0 0 0 0 0 0 0 0 0 0 0 0 0 0 0 0 2 0 0 7 0 0 0 0 2 24 0 0 35 33 0 0 0 34 0
6 0 0 11 2 0 0 0 30 46 1 17 6 0 6 2 0 2 0 0 36 22 31 23 5 0 46 5 54 0 0 0 0 0 0 0 0 18 0 0 0
0 0 11 0 0 0 0 0 0 0 0 0 0 0 0 0 0 0 0 0 0 0 0 0 0 8 0 0 0 0 1 33 1 0 46 42 0 0 0 45 0
0 0 0 1 0 0 0 0 0 7 0 3 0 0 0 0 0 0 0 0 1 2 9 2 1 2 8 0 6 0 2 3 0 0 4 4 0 0 0 4 0
0 0 24 5 0 3 0 0 0 0 0 0 0 0 0 0 0 0 0 0 0 0 0 0 0 8 0 0 0 0 0 50 2 0 34 36 0 0 0 37 0
30 0 32 27 0 2 0 0 43 7 0 0 0 3 0 0 0 0 0 0 51 12 5 15 0 0 23 15 30 0 0 0 0 0 0 0 0 9 0 0 0
2 0 30 9 0 4 0 0 0 0 0 0 0 0 0 0 0 0 0 0 0 0 0 0 0 9 0 0 0 0 0 59 3 0 33 37 0 0 1 37 0
0 0 6 0 0 0 0 0 0 0 0 0 0 0 0 0 0 0 0 0 0 0 3 0 0 8 0 0 0 0 3 26 0 0 46 41 0 0 0 43 1
25 0 17 24 0 0 0 0 48 26 0 5 0 4 1 0 0 0 0 0 55 20 18 22 0 0 40 13 47 0 0 0 0 0 0 0 0 16 0 0 0
1 0 26 5 0 4 0 0 0 0 0 0 0 0 0 0 0 0 0 0 0 0 0 0 0 8 0 0 0 0 0 52 2 0 39 39 0 0 1 41 0
3 0 12 0 0 3 0 0 0 0 0 0 0 0 0 0 3 0 0 0 0 0 0 0 0 5 0 0 0 0 1 24 0 0 54 42 0 0 0 49 0
0 0 4 0 0 0 0 0 0 0 0 0 0 0 0 0 0 0 0 0 0 0 2 0 0 6 0 0 0 0 1 20 0 0 30 27 0 0 0 28 0
0 0 0 1 1 0 0 0 0 9 0 4 0 0 0 0 0 0 0 0 0 2 11 0 1 3 10 0 6 0 2 6 0 0 12 10 0 1 0 12 0
0 0 9 0 0 0 0 0 0 0 0 0 0 0 0 0 0 0 0 0 0 0 0 0 0 8 0 0 0 0 4 27 0 0 51 46 0 0 0 48 0
1 0 17 0 0 3 0 0 0 0 0 0 0 0 0 0 2 0 0 0 0 0 0 0 0 6 0 0 0 0 0 37 0 0 49 42 0 0 0 47 0
0 0 0 4 3 0 0 0 6 30 2 14 1 0 4 3 0 2 0 0 8 11 27 8 5 0 29 0 26 0 1 0 0 1 0 0 0 9 0 0 0
0 0 0 3 2 0 0 0 2 17 1 8 1 0 1 1 0 1 0 0 4 6 17 5 2 1 17 0 15 0 1 0 0 0 0 0 0 5 0 0 0
0 0 7 0 0 0 0 0 0 0 0 0 0 0 0 0 0 0 0 0 0 0 0 0 0 8 0 0 0 0 2 28 0 0 42 39 0 0 0 39 0
0 0 9 0 0 0 0 0 0 0 0 0 0 0 0 0 0 0 0 0 0 0 0 0 0 8 0 0 0 0 2 26 0 0 52 46 0 0 0 47 0
0 0 0 0 7 0 0 0 8 59 4 29 10 0 10 7 0 6 0 0 15 21 40 22 10 0 47 0 53 0 2 0 0 0 0 0 0 17 0 0 0
10 0 0 15 2 0 0 0 39 52 1 18 7 0 6 2 0 2 0 0 46 27 34 27 6 0 55 7 64 0 0 0 0 0 0 0 0 21 0 0 0
0 0 10 0 0 0 0 0 0 0 0 0 0 0 0 0 0 0 0 0 0 0 0 0 0 7 0 0 0 0 2 28 0 0 52 46 0 0 0 48 0
0 0 9 0 0 0 0 0 0 0 0 0 0 0 0 0 0 0 0 0 0 0 0 0 0 8 0 0 0 0 2 31 0 0 47 44 0 0 0 45 0
20 0 9 21 0 0 0 0 45 34 0 9 2 3 3 0 0 0 0 0 52 22 23 22 2 0 44 11 51 0 0 0 0 0 0 0 0 18 0 0 0
12 0 33 19 0 3 0 0 11 0 0 0 0 0 0 0 0 0 0 0 20 0 0 4 0 5 0 4 3 0 0 46 1 0 0 6 0 0 0 4 0
0 0 5 0 0 0 0 0 0 0 0 0 0 0 0 0 0 0 0 0 0 0 5 0 0 8 0 0 0 0 3 27 0 0 40 36 0 0 0 39 1
0 0 9 0 0 0 0 0 0 0 0 0 0 0 0 0 0 0 0 0 0 0 0 0 0 8 0 0 0 0 2 29 0 0 50 45 0 0 0 47 0
20 0 17 19 0 0 0 0 35 16 0 2 0 2 0 0 0 0 0 0 41 13 11 15 0 0 27 10 32 0 0 0 0 0 0 0 0 11 0 0 0
31 0 29 27 0 1 0 0 49 12 0 0 0 5 0 0 0 0 0 0 57 16 9 18 0 0 31 16 35 0 0 0 0 0 0 0 0 13 0 0 0
0 0 0 0 10 0 0 0 23 92 6 42 17 0 15 11 0 9 0 0 31 36 61 37 15 0 76 0 89 0 2 0 0 0 0 0 0 28 0 0 0
0 0 9 0 0 0 0 0 0 0 0 0 0 0 0 0 0 0 0 0 0 0 0 0 0 7 0 0 0 0 2 25 0 0 51 45 0 0 0 47 0
1 0 10 0 0 2 0 0 0 0 0 0 0 0 0 0 2 0 0 0 0 0 0 0 0 5 0 0 0 0 2 23 0 0 55 45 0 0 0 50 0
0 0 0 0 9 0 0 0 16 81 6 39 15 0 14 11 0 9 0 0 22 31 55 31 14 0 66 0 75 0 2 0 0 0 0 0 0 24 0 0 0
0 0 12 0 0 1 0 0 0 0 0 0 0 0 0 0 1 0 0 0 0 0 0 0 0 7 0 0 0 0 1 34 1 0 49 44 0 0 0 47 0
0 0 0 4 4 0 0 0 17 48 3 21 7 0 7 4 0 4 0 0 23 20 33 21 7 0 43 3 49 0 1 0 0 0 0 0 0 15 0 0 0
4 0 2 9 0 0 0 0 13 15 0 6 1 0 1 1 0 0 0 0 17 7 12 9 1 0 17 4 20 0 0 0 0 0 0 0 0 7 0 0 0
0 0 9 0 0 0 0 0 0 0 0 0 0 0 0 0 0 0 0 0 0 0 0 0 0 8 0 0 0 0 2 28 0 0 50 45 0 0 0 47 0
0 0 0 1 1 0 0 0 0 11 1 5 0 0 0 0 0 0 0 0 0 4 13 2 2 2 12 0 8 0 2 1 0 0 5 3 0 3 0 5 0
0 0 9 0 0 0 0 0 0 0 0 0 0 0 0 0 1 0 0 0 0 0 0 0 0 7 0 0 0 0 2 27 0 0 53 46 0 0 0 49 0
9 0 11 0 0 6 0 0 1 0 0 0 0 0 0 0 5 0 0 0 0 0 0 0 0 2 0 0 0 0 0 14 0 0 59 40 0 0 0 52 0
0 0 0 2 1 0 0 0 1 11 0 4 0 0 0 0 0 0 0 0 0 3 14 1 1 3 13 0 8 0 2 5 0 0 11 8 0 2 0 12 0
0 0 0 0 7 0 0 0 13 67 5 32 12 0 12 8 0 7 0 0 20 25 46 26 12 0 55 0 63 0 1 0 0 0 0 0 0 20 0 0 0
1 0 13 0 0 3 0 0 0 0 0 0 0 0 0 0 2 0 0 0 0 0 0 0 0 5 0 0 0 0 1 31 0 0 48 41 0 0 0 45 0
4 0 42 15 0 6 0 0 0 0 0 0 0 0 0 0 0 0 0 0 2 0 0 0 0 10 0 0 0 0 0 75 3 0 30 38 0 0 2 37 0
0 0 0 1 0 0 0 0 0 5 0 2 0 0 0 0 0 0 0 0 1 1 7 1 1 1 5 0 4 0 1 6 0 0 4 3 0 0 0 5 0
14 0 48 24 0 5 0 0 8 0 0 0 0 0 0 0 0 0 0 0 22 0 0 3 0 8 0 4 0 0 0 73 1 0 4 18 0 0 0 15 0
0 0 9 0 0 0 0 0 0 0 0 0 0 0 0 0 0 0 0 0 0 0 0 0 0 8 0 0 0 0 2 28 0 0 48 43 0 0 0 45 0
0 0 0 3 5 0 0 0 16 54 4 24 9 0 9 6 0 5 0 0 22 22 38 23 9 0 47 2 54 0 1 0 0 0 0 0 0 17 0 0 0
0 0 5 0 0 0 0 0 0 0 0 0 0 0 0 0 0 0 0 0 0 0 5 0 0 8 0 0 0 0 3 27 0 0 42 37 0 0 0 40 1
28 0 18 25 0 0 0 0 53 28 0 5 0 5 1 0 0 0 0 0 60 23 20 23 0 0 44 14 50 0 0 0 0 0 0 0 0 18 0 0 0
0 0 6 0 0 0 0 0 0 0 0 0 0 0 0 0 0 0 0 0 0 0 1 0 0 8 0 0 0 0 2 26 0 0 40 36 0 0 0 38 0
3 0 22 7 0 3 0 0 0 0 0 0 0 0 0 0 0 0 0 0 0 0 0 0 0 6 0 0 0 0 0 42 1 0 23 25 0 0 0 25 0
0 0 0 2 2 0 0 0 3 23 1 11 3 0 3 2 0 2 0 0 5 8 19 7 4 0 20 0 20 0 1 0 0 0 0 0 0 7 0 0 0
7 0 9 0 0 4 0 0 0 0 0 0 0 0 0 0 3 0 0 0 0 0 0 0 0 4 0 0 0 0 2 14 0 0 65 51 0 0 0 56 0
1 0 24 4 0 3 0 0 0 0 0 0 0 0 0 0 0 0 0 0 0 0 0 0 0 7 0 0 0 0 0 47 2 0 42 39 0 0 0 42 0
9 0 9 0 0 6 0 0 1 0 0 0 0 0 0 0 5 0 0 0 0 0 0 0 0 1 0 0 0 0 1 11 0 0 59 40 0 0 0 51 0
2 0 39 11 0 6 0 0 0 0 0 0 0 0 0 0 0 0 0 0 0 0 0 0 0 10 0 0 0 0 0 69 4 0 39 43 0 0 2 44 0
1 0 19 1 0 4 0 0 0 0 0 0 0 0 0 0 0 0 0 0 0 0 0 0 0 8 0 0 0 0 0 44 1 0 43 42 0 0 0 44 0
0 0 10 0 0 1 0 0 0 0 0 0 0 0 0 0 1 0 0 0 0 0 0 0 0 7 0 0 0 0 2 23 0 0 54 47 0 0 0 49 0
0 0 0 2 3 0 0 0 4 29 2 14 3 0 4 3 0 3 0 0 6 10 24 9 5 0 26 0 24 0 1 0 0 1 0 0 0 9 0 0 1
14 0 19 16 0 1 0 0 22 3 0 0 0 1 0 0 0 0 0 0 27 4 3 9 0 0 11 7 15 0 0 8 0 0 0 0 0 6 0 0 0
0 0 0 0 7 0 0 0 6 58 4 29 9 0 10 7 0 6 0 0 12 21 41 20 10 0 46 0 50 0 1 0 0 1 0 0 0 16 0 0 0
11 0 0 14 1 0 0 0 34 39 0 14 4 1 5 1 0 1 0 0 40 21 27 22 4 0 44 7 50 0 0 0 0 0 0 0 0 17 0 0 0
0 0 0 2 3 0 0 0 5 32 3 15 5 0 5 4 0 3 0 0 8 11 25 12 6 0 27 0 28 0 0 0 0 1 0 0 0 10 0 0 0
0 0 9 0 0 1 0 0 0 0 0 0 0 0 0 0 1 0 0 0 0 0 0 0 0 7 0 0 0 0 2 23 0 0 54 47 0 0 0 49 0
