0 0 15 3 0 2 0 0 0 0 0 0 0 2 0 0 0 0 0 0 0 0 0 0 0 0 0 0 0 0 0 6 0 1 29 15 0 2 0 2 0
3 0 22 8 0 5 0 0 0 0 0 0 0 3 1 0 0 0 0 0 0 0 0 0 0 0 0 0 0 0 0 0 0 4 37 0 0 0 0 0 7
0 0 0 0 0 0 0 0 0 0 0 0 0 0 0 0 0 0 0 0 0 0 0 0 0 0 1 0 0 0 0 28 0 0 0 39 0 4 0 10 0
0 0 0 0 0 0 0 0 0 0 0 0 2 0 0 0 0 0 0 0 0 0 0 0 0 0 2 0 0 0 0 34 0 0 0 43 0 5 0 11 0
0 0 18 5 0 3 0 0 0 0 0 0 0 2 0 0 0 0 0 0 0 0 0 0 0 0 0 0 0 0 0 0 0 2 32 2 0 0 0 1 3
7 0 23 14 0 6 0 0 0 0 0 0 0 2 2 1 0 0 0 0 0 0 1 0 0 0 0 0 0 0 0 0 0 9 32 0 0 0 0 0 15
0 0 0 0 0 0 0 0 0 0 0 0 1 0 0 0 0 0 0 0 0 0 0 0 0 0 2 0 0 0 0 29 0 0 0 39 0 4 0 10 0
0 0 0 0 0 0 0 0 0 0 0 0 0 0 0 0 0 0 0 0 0 0 0 0 0 0 1 0 0 0 0 29 0 0 0 41 0 5 0 10 0
3 0 22 10 0 5 0 0 0 0 0 0 0 3 1 1 0 0 0 0 0 0 0 0 0 0 0 0 0 0 0 0 0 6 34 0 0 0 0 0 10
0 0 19 6 0 4 0 0 0 0 0 0 0 3 0 0 0 0 0 0 0 0 0 0 0 0 0 0 0 0 0 0 0 3 34 2 0 1 0 0 4
0 0 0 0 0 0 0 0 0 0 0 0 0 0 0 0 0 0 0 0 0 0 0 0 0 0 0 0 0 0 0 22 0 0 1 33 0 4 0 8 0
2 0 20 7 0 4 0 0 0 0 0 0 0 3 0 0 0 0 0 0 0 0 0 0 0 0 0 0 0 0 0 0 0 4 34 0 0 0 0 0 6
6 0 23 12 0 6 0 0 0 0 0 0 0 2 2 1 0 0 0 0 0 0 1 0 0 0 0 0 0 0 0 0 0 8 33 0 0 0 0 0 13
0 0 0 0 0 0 0 0 0 0 0 0 2 0 0 0 0 0 0 0 0 0 0 0 0 0 2 0 0 0 0 33 0 0 0 42 0 4 0 11 0
10 0 24 15 0 7 0 0 0 0 0 0 0 2 2 1 0 0 0 0 0 0 1 0 0 0 0 0 0 0 0 0 0 10 32 0 0 0 0 0 18
0 0 0 0 0 0 0 0 0 0 0 0 1 0 0 0 0 0 0 0 0 0 0 0 0 0 2 0 0 0 0 29 0 0 0 41 0 4 0 10 0
10 0 25 16 0 7 0 0 0 0 0 0 0 2 2 2 0 0 0 0 0 0 1 0 0 0 0 0 0 0 0 0 0 11 33 0 0 0 0 0 18
0 0 6 0 0 0 0 0 0 0 0 0 0 1 0 0 0 0 0 0 0 0 0 0 0 0 0 0 0 0 0 16 0 0 15 28 0 3 0 6 0
0 0 14 3 0 2 0 0 0 0 0 0 0 2 0 0 0 0 0 0 0 0 0 0 0 0 0 0 0 0 0 7 0 0 27 14 0 2 0 4 0
3 0 24 11 0 6 0 0 0 0 0 0 0 3 2 1 0 0 0 0 0 0 1 0 0 0 0 0 0 0 0 0 0 6 38 0 0 0 0 0 11
9 0 25 15 0 7 0 0 0 0 0 0 0 2 2 1 0 0 0 0 0 0 1 0 0 0 0 0 0 0 0 0 0 10 33 0 0 0 0 0 17
15 0 29 21 0 9 0 0 0 0 0 0 0 2 3 3 0 0 0 0 0 0 1 0 0 0 0 0 0 0 0 0 0 14 33 0 0 0 0 0 25
0 0 0 0 0 0 0 0 0 0 0 0 1 0 0 0 0 0 0 0 0 0 0 0 0 0 2 0 0 0 0 30 0 0 0 40 0 5 0 11 0
14 0 28 20 0 8 0 0 0 0 0 0 0 3 3 3 0 0 0 0 0 0 1 0 0 0 0 0 0 0 0 0 0 14 34 0 0 0 0 0 23
0 0 0 0 0 0 0 0 0 0 0 0 1 0 0 0 0 0 0 0 0 0 0 0 0 0 2 0 0 0 0 31 0 0 0 41 0 4 0 10 0
0 0 7 0 0 0 0 0 0 0 0 0 0 1 0 0 0 0 0 0 0 0 0 0 0 0 0 0 0 0 0 14 0 0 17 24 0 3 0 6 0
0 0 2 0 0 0 0 0 0 0 0 0 0 0 0 0 0 0 0 0 0 0 0 0 0 0 0 0 0 0 0 22 0 0 7 34 0 4 0 7 0
0 0 19 6 0 4 0 0 0 0 0 0 0 3 0 0 0 0 0 0 0 0 0 0 0 0 0 0 0 0 0 0 0 2 34 3 0 1 0 1 3
3 0 23 10 0 6 0 0 0 0 0 0 0 3 1 0 0 0 0 0 0 0 0 0 0 0 0 0 0 0 0 0 0 5 37 0 0 0 0 0 9
0 0 0 0 0 0 0 0 0 0 0 0 2 0 0 0 0 0 0 0 0 0 0 0 0 0 2 0 0 0 0 34 0 0 0 43 0 5 0 10 0
7 0 24 13 0 6 0 0 0 0 0 0 0 3 2 1 0 0 0 0 0 0 1 0 0 0 0 0 0 0 0 0 0 9 33 0 0 0 0 0 15
0 0 19 6 0 4 0 0 0 0 0 0 0 2 0 0 0 0 0 0 0 0 0 0 0 0 0 0 0 0 0 0 0 2 34 0 0 0 0 0 4
5 0 24 12 0 6 0 0 0 0 0 0 0 2 2 1 0 0 0 0 0 0 1 0 0 0 0 0 0 0 0 0 0 7 35 0 0 0 0 0 13
0 0 0 0 0 0 0 0 0 0 0 0 0 0 0 0 0 0 0 0 0 0 0 0 0 0 1 0 0 0 0 23 0 0 0 35 0 4 0 8 0
0 0 0 0 0 0 0 0 0 0 0 0 0 0 0 0 0 0 0 0 0 0 0 0 0 0 1 0 0 0 0 28 0 0 0 40 0 4 0 9 0
0 0 0 0 0 0 0 0 0 0 0 0 0 0 0 0 0 0 0 0 0 0 0 0 0 0 1 0 0 0 0 25 0 0 0 38 0 4 0 8 0
0 0 0 0 0 0 0 0 0 0 0 0 2 0 0 0 0 0 0 0 0 0 0 0 0 0 2 0 0 0 0 34 0 0 0 43 0 5 0 10 0
7 0 23 13 0 6 0 0 0 0 0 0 0 2 2 1 0 0 0 0 0 0 1 0 0 0 0 0 0 0 0 0 0 8 33 0 0 0 0 0 14
0 0 0 0 0 0 0 0 0 0 0 0 1 0 0 0 0 0 0 0 0 0 0 0 0 0 2 0 0 0 0 30 0 0 0 40 0 4 0 10 0
0 0 0 0 0 0 0 0 0 0 0 0 0 0 0 0 0 0 0 0 0 0 0 0 0 0 1 0 0 0 0 24 0 0 0 35 0 4 0 8 0
5 0 23 11 0 6 0 0 0 0 0 0 0 3 1 1 0 0 0 0 0 0 1 0 0 0 0 0 0 0 0 0 0 7 36 0 0 0 0 0 11
0 0 0 0 0 0 0 0 0 0 0 0 0 0 0 0 0 0 0 0 0 0 0 0 0 0 1 0 0 0 0 28 0 0 0 40 0 4 0 9 0
0 0 2 0 0 0 0 0 0 0 0 0 0 0 0 0 0 0 0 0 0 0 0 0 0 0 0 0 0 0 0 18 0 0 8 30 0 3 0 7 0
0 0 0 0 0 0 0 0 0 0 0 0 0 0 0 0 0 0 0 0 0 0 0 0 0 0 1 0 0 0 0 26 0 0 0 39 0 5 0 9 0
0 0 0 0 0 0 0 0 0 0 0 0 0 0 0 0 0 0 0 0 0 0 0 0 0 0 1 0 0 0 0 26 0 0 0 38 0 4 0 8 0
3 0 23 10 0 6 0 0 0 0 0 0 0 3 1 1 0 0 0 0 0 0 1 0 0 0 0 0 0 0 0 0 0 5 36 0 0 0 0 0 9
0 0 0 0 0 0 0 0 0 0 0 0 0 0 0 0 0 0 0 0 0 0 0 0 0 0 1 0 0 0 0 25 0 0 0 37 0 4 0 7 0
8 0 24 14 0 7 0 0 0 0 0 0 0 2 2 1 0 0 0 0 0 0 1 0 0 0 0 0 0 0 0 0 0 10 33 0 0 0 0 0 16
3 0 23 9 0 5 0 0 0 0 0 0 0 3 1 0 0 0 0 0 0 0 1 0 0 0 0 0 0 0 0 0 0 5 37 0 0 0 0 0 8
0 0 0 0 0 0 0 0 0 0 0 0 1 0 0 0 0 0 0 0 0 0 0 0 0 0 2 0 0 0 0 31 0 0 0 40 0 4 0 10 0
0 0 17 5 0 3 0 0 0 0 0 0 0 2 0 0 0 0 0 0 0 0 0 0 0 0 0 0 0 0 0 0 0 2 30 1 0 0 0 0 3
0 0 0 0 0 0 0 0 0 0 0 0 0 0 0 0 0 0 0 0 0 0 0 0 0 0 1 0 0 0 0 25 0 0 0 37 0 4 0 8 0
11 0 26 17 0 7 0 0 0 0 0 0 0 2 3 2 0 0 0 0 0 0 1 0 0 0 0 0 0 0 0 0 0 12 32 0 0 0 0 0 20
0 0 0 0 0 0 0 0 0 0 0 0 0 0 0 0 0 0 0 0 0 0 0 0 0 0 1 0 0 0 0 29 0 0 0 41 0 5 0 9 0
0 0 2 0 0 0 0 0 0 0 0 0 0 0 0 0 0 0 0 0 0 0 0 0 0 0 0 0 0 0 0 20 0 0 7 32 0 4 0 7 0
0 0 0 0 0 0 0 0 0 0 0 0 0 0 0 0 0 0 0 0 0 0 0 0 0 0 0 0 0 0 0 21 0 0 3 33 0 4 0 7 0
0 0 0 0 0 0 0 0 0 0 0 0 0 0 0 0 0 0 0 0 0 0 0 0 0 0 1 0 0 0 0 29 0 0 0 40 0 4 0 10 0
0 0 4 0 0 0 0 0 0 0 0 0 0 0 0 0 0 0 0 0 0 0 0 0 0 0 0 0 0 0 0 18 0 0 12 30 0 4 0 6 0
10 0 25 16 0 7 0 0 0 0 0 0 0 2 3 2 0 0 0 0 0 0 1 0 0 0 0 0 0 0 0 0 0 11 32 0 0 0 0 0 19
7 0 24 14 0 6 0 0 0 0 0 0 0 2 2 1 0 0 0 0 0 0 1 0 0 0 0 0 0 0 0 0 0 9 34 0 0 0 0 0 16
0 0 0 0 0 0 0 0 0 0 0 0 0 0 0 0 0 0 0 0 0 0 0 0 0 0 1 0 0 0 0 27 0 0 0 38 0 4 0 10 0
0 0 0 0 0 0 0 0 0 0 0 0 0 0 0 0 0 0 0 0 0 0 0 0 0 0 0 0 0 0 0 22 0 0 0 34 0 4 0 7 0
3 0 23 10 0 5 0 0 0 0 0 0 0 3 1 0 0 0 0 0 0 0 1 0 0 0 0 0 0 0 0 0 0 6 37 0 0 0 0 0 10
11 0 26 17 0 7 0 0 0 0 0 0 0 2 3 2 0 0 0 0 0 0 1 0 0 0 0 0 0 0 0 0 0 12 32 0 0 0 0 0 20
0 0 0 0 0 0 0 0 0 0 0 0 2 0 0 0 0 0 0 0 0 0 0 0 0 0 2 0 0 0 0 32 0 0 0 42 0 4 0 10 0
0 0 0 0 0 0 0 0 0 0 0 0 1 0 0 0 0 0 0 0 0 0 0 0 0 0 2 0 0 0 0 29 0 0 0 39 0 4 0 11 0
4 0 23 11 0 6 0 0 0 0 0 0 0 3 1 1 0 0 0 0 0 0 1 0 0 0 0 0 0 0 0 0 0 6 36 0 0 0 0 0 11
0 0 0 0 0 0 0 0 0 0 0 0 0 0 0 0 0 0 0 0 0 0 0 0 0 0 1 0 0 0 0 27 0 0 0 39 0 4 0 10 0
11 0 26 17 0 7 0 0 0 0 0 0 0 2 3 2 0 0 0 0 0 0 1 0 0 0 0 0 0 0 0 0 0 12 32 0 0 0 0 0 20
0 0 5 0 0 0 0 0 0 0 0 0 0 1 0 0 0 0 0 0 0 0 0 0 0 0 0 0 0 0 0 17 0 0 14 27 0 3 0 5 0
0 0 7 0 0 0 0 0 0 0 0 0 0 1 0 0 0 0 0 0 0 0 0 0 0 0 0 0 0 0 0 14 0 0 16 24 0 3 0 5 0
0 0 0 0 0 0 0 0 0 0 0 0 3 0 0 0 0 0 0 0 0 0 0 0 0 0 3 0 0 0 0 40 0 0 0 48 0 6 0 11 0
0 0 0 0 0 0 0 0 0 0 0 0 0 0 0 0 0 0 0 0 0 0 0 0 0 0 0 0 0 0 0 22 0 0 0 34 0 4 0 8 0
0 0 0 0 0 0 0 0 0 0 0 0 1 0 0 0 0 0 0 0 0 0 0 0 0 0 1 0 0 0 0 29 0 0 0 39 0 4 0 11 0
6 0 23 13 0 6 0 0 0 0 0 0 0 2 2 1 0 0 0 0 0 0 1 0 0 0 0 0 0 0 0 0 0 8 34 0 0 0 0 0 14
0 0 0 0 0 0 0 0 0 0 0 0 1 0 0 0 0 0 0 0 0 0 0 0 0 0 2 0 0 0 0 31 0 0 0 41 0 4 0 10 0
0 0 0 0 0 0 0 0 0 0 0 0 2 0 0 0 0 0 0 0 0 0 0 0 0 0 2 0 0 0 0 34 0 0 0 43 0 5 0 11 0
2 0 22 8 0 5 0 0 0 0 0 0 0 3 1 1 0 0 0 0 0 0 0 0 0 0 0 0 0 0 0 0 0 4 37 0 0 0 0 0 7
7 0 23 13 0 6 0 0 0 0 0 0 0 2 2 1 0 0 0 0 0 0 1 0 0 0 0 0 0 0 0 0 0 9 33 0 0 0 0 0 15
0 0 0 0 0 0 0 0 0 0 0 0 1 0 0 0 0 0 0 0 0 0 0 0 0 0 2 0 0 0 0 29 0 0 0 41 0 5 0 10 0
5 0 24 12 0 6 0 0 0 0 0 0 0 3 1 1 0 0 0 0 0 0 1 0 0 0 0 0 0 0 0 0 0 7 36 0 0 0 0 0 12
0 0 0 0 0 0 0 0 0 0 0 0 3 0 0 0 0 0 0 0 0 0 0 0 0 0 2 0 0 0 0 38 0 0 0 47 0 5 0 11 0
6 0 23 12 0 6 0 0 0 0 0 0 0 2 2 1 0 0 0 0 0 0 1 0 0 0 0 0 0 0 0 0 0 8 32 0 0 0 0 0 14
0 0 5 0 0 0 0 0 0 0 0 0 0 1 0 0 0 0 0 0 0 0 0 0 0 0 0 0 0 0 0 16 0 0 13 28 0 3 0 5 0
4 0 24 11 0 6 0 0 0 0 0 0 0 3 1 1 0 0 0 0 0 0 1 0 0 0 0 0 0 0 0 0 0 6 38 0 0 0 0 0 11
0 0 0 0 0 0 0 0 0 0 0 0 2 0 0 0 0 0 0 0 0 0 0 0 0 0 2 0 0 0 0 32 0 0 0 42 0 5 0 11 0
0 0 0 0 0 0 0 0 0 0 0 0 1 0 0 0 0 0 0 0 0 0 0 0 0 0 2 0 0 0 0 29 0 0 0 41 0 5 0 10 0
8 0 24 14 0 6 0 0 0 0 0 0 0 2 2 1 0 0 0 0 0 0 1 0 0 0 0 0 0 0 0 0 0 9 33 0 0 0 0 0 16
0 0 8 0 0 1 0 0 0 0 0 0 0 1 0 0 0 0 0 0 0 0 0 0 0 0 0 0 0 0 0 15 0 0 18 26 0 3 0 5 0
4 0 24 10 0 6 0 0 0 0 0 0 0 3 1 1 0 0 0 0 0 0 1 0 0 0 0 0 0 0 0 0 0 6 38 0 0 0 0 0 10
0 0 0 0 0 0 0 0 0 0 0 0 0 0 0 0 0 0 0 0 0 0 0 0 0 0 1 0 0 0 0 29 0 0 0 41 0 5 0 10 0
0 0 12 1 0 2 0 0 0 0 0 0 0 2 0 0 0 0 0 0 0 0 0 0 0 0 0 0 0 0 0 9 0 0 24 18 0 2 0 2 0
11 0 26 17 0 7 0 0 0 0 0 0 0 3 3 2 0 0 0 0 0 0 1 0 0 0 0 0 0 0 0 0 0 11 33 0 0 0 0 0 19
0 0 0 0 0 0 0 0 0 0 0 0 1 0 0 0 0 0 0 0 0 0 0 0 0 0 2 0 0 0 0 30 0 0 0 40 0 5 0 11 0
0 0 0 0 0 0 0 0 0 0 0 0 2 0 0 0 0 0 0 0 0 0 0 0 0 0 2 0 0 0 0 35 0 0 0 44 0 5 0 11 0
0 0 0 0 0 0 0 0 0 0 0 0 2 0 0 0 0 0 0 0 0 0 0 0 0 0 2 0 0 0 0 31 0 0 0 41 0 4 0 11 0
0 0 0 0 0 0 0 0 0 0 0 0 0 0 0 0 0 0 0 0 0 0 0 0 0 0 0 0 0 0 0 21 0 0 4 33 0 4 0 7 0
0 0 0 0 0 0 0 0 0 0 0 0 0 0 0 0 0 0 0 0 0 0 0 0 0 0 1 0 0 0 0 29 0 0 0 41 0 5 0 9 0
0 0 0 0 0 0 0 0 0 0 0 0 1 0 0 0 0 0 0 0 0 0 0 0 0 0 1 0 0 0 0 29 0 0 0 41 0 5 0 9 0
0 0 0 0 0 0 0 0 0 0 0 0 2 0 0 0 0 0 0 0 0 0 0 0 0 0 2 0 0 0 0 33 0 0 0 42 0 5 0 11 0
0 0 0 0 0 0 0 0 0 0 0 0 1 0 0 0 0 0 0 0 0 0 0 0 0 0 1 0 0 0 0 29 0 0 0 41 0 5 0 9 0
6 0 24 13 0 6 0 0 0 0 0 0 0 3 2 1 0 0 0 0 0 0 1 0 0 0 0 0 0 0 0 0 0 8 35 0 0 0 0 0 14
14 0 28 20 0 8 0 0 0 0 0 0 0 2 3 3 0 0 0 0 0 0 1 0 0 0 0 0 0 0 0 0 0 14 32 0 0 0 0 0 23
0 0 0 0 0 0 0 0 0 0 0 0 0 0 0 0 0 0 0 0 0 0 0 0 0 0 1 0 0 0 0 30 0 0 0 40 0 4 0 12 0
0 0 16 3 0 3 0 0 0 0 0 0 0 2 0 0 0 0 0 0 0 0 0 0 0 0 0 0 0 0 0 4 0 1 29 10 0 1 0 2 1
12 0 27 19 0 8 0 0 0 0 0 0 0 2 3 2 0 0 0 0 0 0 1 0 0 0 0 0 0 0 0 0 0 13 33 0 0 0 0 0 22
0 0 16 4 0 3 0 0 0 0 0 0 0 2 0 0 0 0 0 0 0 0 0 0 0 0 0 0 0 0 0 3 0 1 30 9 0 1 0 1 1
0 0 18 5 0 4 0 0 0 0 0 0 0 2 0 0 0 0 0 0 0 0 0 0 0 0 0 0 0 0 0 0 0 2 33 5 0 1 0 0 3
0 0 0 0 0 0 0 0 0 0 0 0 1 0 0 0 0 0 0 0 0 0 0 0 0 0 1 0 0 0 0 29 0 0 0 39 0 5 0 11 0
4 0 24 11 0 6 0 0 0 0 0 0 0 3 2 1 0 0 0 0 0 0 1 0 0 0 0 0 0 0 0 0 0 6 38 0 0 0 0 0 10
10 0 26 16 0 7 0 0 0 0 0 0 0 3 3 1 0 0 0 0 0 0 1 0 0 0 0 0 0 0 0 0 0 11 34 0 0 0 0 0 19
7 0 23 13 0 6 0 0 0 0 0 0 0 3 2 1 0 0 0 0 0 0 1 0 0 0 0 0 0 0 0 0 0 8 34 0 0 0 0 0 14
10 0 25 16 0 7 0 0 0 0 0 0 0 2 3 2 0 0 0 0 0 0 1 0 0 0 0 0 0 0 0 0 0 11 33 0 0 0 0 0 19
0 0 0 0 0 0 0 0 0 0 0 0 2 0 0 0 0 0 0 0 0 0 0 0 0 0 2 0 0 0 0 34 0 0 0 43 0 5 0 11 0
0 0 11 0 0 1 0 0 0 0 0 0 0 1 0 0 0 0 0 0 0 0 0 0 0 0 0 0 0 0 0 13 0 0 23 23 0 3 0 4 0
14 0 29 21 0 9 0 0 0 0 0 0 0 2 3 3 0 0 0 0 0 0 1 0 0 0 0 0 0 0 0 0 0 15 34 0 0 0 0 0 24
0 0 16 3 0 3 0 0 0 0 0 0 0 2 0 0 0 0 0 0 0 0 0 0 0 0 0 0 0 0 0 6 0 1 30 13 0 2 0 3 0
0 0 0 0 0 0 0 0 0 0 0 0 2 0 0 0 0 0 0 0 0 0 0 0 0 0 2 0 0 0 0 34 0 0 0 43 0 5 0 11 0
0 0 0 0 0 0 0 0 0 0 0 0 0 0 0 0 0 0 0 0 0 0 0 0 0 0 0 0 0 0 0 24 0 0 0 36 0 4 0 7 0
0 0 0 0 0 0 0 0 0 0 0 0 0 0 0 0 0 0 0 0 0 0 0 0 0 0 1 0 0 0 0 28 0 0 0 41 0 5 0 9 0
0 0 0 0 0 0 0 0 0 0 0 0 2 0 0 0 0 0 0 0 0 0 0 0 0 0 2 0 0 0 0 32 0 0 0 41 0 5 0 11 0
0 0 0 0 0 0 0 0 0 0 0 0 2 0 0 0 0 0 0 0 0 0 0 0 0 0 2 0 0 0 0 33 0 0 0 42 0 4 0 10 0
6 0 23 12 0 6 0 0 0 0 0 0 0 3 2 1 0 0 0 0 0 0 1 0 0 0 0 0 0 0 0 0 0 8 34 0 0 0 0 0 13
7 0 24 14 0 6 0 0 0 0 0 0 0 2 2 1 0 0 0 0 0 0 1 0 0 0 0 0 0 0 0 0 0 9 33 0 0 0 0 0 15
4 0 24 11 0 6 0 0 0 0 0 0 0 3 1 1 0 0 0 0 0 0 1 0 0 0 0 0 0 0 0 0 0 6 37 0 0 0 0 0 11
0 0 0 0 0 0 0 0 0 0 0 0 1 0 0 0 0 0 0 0 0 0 0 0 0 0 1 0 0 0 0 29 0 0 0 42 0 5 0 10 0
0 0 0 0 0 0 0 0 0 0 0 0 0 0 0 0 0 0 0 0 0 0 0 0 0 0 1 0 0 0 0 25 0 0 0 37 0 4 0 8 0
0 0 0 0 0 0 0 0 0 0 0 0 0 0 0 0 0 0 0 0 0 0 0 0 0 0 1 0 0 0 0 25 0 0 0 37 0 4 0 8 0
11 0 26 18 0 8 0 0 0 0 0 0 0 2 3 2 0 0 0 0 0 0 1 0 0 0 0 0 0 0 0 0 0 12 33 0 0 0 0 0 21
0 0 0 0 0 0 0 0 0 0 0 0 1 0 0 0 0 0 0 0 0 0 0 0 0 0 2 0 0 0 0 30 0 0 0 42 0 5 0 9 0
0 0 1 0 0 0 0 0 0 0 0 0 0 0 0 0 0 0 0 0 0 0 0 0 0 0 0 0 0 0 0 22 0 0 5 33 0 4 0 7 0
8 0 24 14 0 7 0 0 0 0 0 0 0 2 2 1 0 0 0 0 0 0 1 0 0 0 0 0 0 0 0 0 0 10 33 0 0 0 0 0 16
0 0 0 0 0 0 0 0 0 0 0 0 1 0 0 0 0 0 0 0 0 0 0 0 0 0 2 0 0 0 0 30 0 0 0 40 0 4 0 10 0
4 0 24 11 0 6 0 0 0 0 0 0 0 3 2 1 0 0 0 0 0 0 1 0 0 0 0 0 0 0 0 0 0 7 37 0 0 0 0 0 11
0 0 17 4 0 3 0 0 0 0 0 0 0 2 0 0 0 0 0 0 0 0 0 0 0 0 0 0 0 0 0 4 0 1 32 10 0 1 0 0 1
0 0 0 0 0 0 0 0 0 0 0 0 1 0 0 0 0 0 0 0 0 0 0 0 0 0 2 0 0 0 0 30 0 0 0 40 0 4 0 10 0
0 0 0 0 0 0 0 0 0 0 0 0 1 0 0 0 0 0 0 0 0 0 0 0 0 0 2 0 0 0 0 31 0 0 0 41 0 4 0 11 0
7 0 24 14 0 6 0 0 0 0 0 0 0 2 2 1 0 0 0 0 0 0 1 0 0 0 0 0 0 0 0 0 0 9 33 0 0 0 0 0 16
6 0 23 12 0 6 0 0 0 0 0 0 0 2 2 1 0 0 0 0 0 0 1 0 0 0 0 0 0 0 0 0 0 8 33 0 0 0 0 0 13
0 0 0 0 0 0 0 0 0 0 0 0 3 0 0 0 0 1 0 0 0 0 0 0 0 0 3 0 0 0 0 41 0 0 0 49 0 6 0 11 0
0 0 0 0 0 0 0 0 0 0 0 0 1 0 0 0 0 0 0 0 0 0 0 0 0 0 2 0 0 0 0 31 0 0 0 41 0 5 0 10 0
0 0 0 0 0 0 0 0 0 0 0 0 0 0 0 0 0 0 0 0 0 0 0 0 0 0 0 0 0 0 0 21 0 0 3 34 0 4 0 8 0
0 0 6 0 0 0 0 0 0 0 0 0 0 1 0 0 0 0 0 0 0 0 0 0 0 0 0 0 0 0 0 15 0 0 13 26 0 3 0 4 0
9 0 25 16 0 7 0 0 0 0 0 0 0 3 3 1 0 0 0 0 0 0 1 0 0 0 0 0 0 0 0 0 0 11 33 0 0 0 0 0 18
6 0 24 12 0 6 0 0 0 0 0 0 0 3 2 1 0 0 0 0 0 0 1 0 0 0 0 0 0 0 0 0 0 8 36 0 0 0 0 0 13
4 0 24 11 0 6 0 0 0 0 0 0 0 3 1 1 0 0 0 0 0 0 1 0 0 0 0 0 0 0 0 0 0 6 37 0 0 0 0 0 11
0 0 8 0 0 0 0 0 0 0 0 0 0 1 0 0 0 0 0 0 0 0 0 0 0 0 0 0 0 0 0 16 0 0 17 26 0 3 0 4 0
9 0 25 15 0 7 0 0 0 0 0 0 0 2 2 1 0 0 0 0 0 0 1 0 0 0 0 0 0 0 0 0 0 10 33 0 0 0 0 0 18
0 0 0 0 0 0 0 0 0 0 0 0 2 0 0 0 0 0 0 0 0 0 0 0 0 0 2 0 0 0 0 36 0 0 0 44 0 5 0 11 0
0 0 0 0 0 0 0 0 0 0 0 0 1 0 0 0 0 0 0 0 0 0 0 0 0 0 2 0 0 0 0 31 0 0 0 41 0 4 0 10 0
9 0 25 16 0 7 0 0 0 0 0 0 0 2 3 1 0 0 0 0 0 0 1 0 0 0 0 0 0 0 0 0 0 10 34 0 0 0 0 0 18
0 0 0 0 0 0 0 0 0 0 0 0 1 0 0 0 0 0 0 0 0 0 0 0 0 0 1 0 0 0 0 31 0 0 0 41 0 5 0 12 0
6 0 23 13 0 6 0 0 0 0 0 0 0 2 2 1 0 0 0 0 0 0 1 0 0 0 0 0 0 0 0 0 0 8 33 0 0 0 0 0 14
0 0 0 0 0 0 0 0 0 0 0 0 1 0 0 0 0 0 0 0 0 0 0 0 0 0 2 0 0 0 0 31 0 0 0 41 0 5 0 10 0
0 0 0 0 0 0 0 0 0 0 0 0 0 0 0 0 0 0 0 0 0 0 0 0 0 0 1 0 0 0 0 23 0 0 0 35 0 4 0 8 0
0 0 0 0 0 0 0 0 0 0 0 0 0 0 0 0 0 0 0 0 0 0 0 0 0 0 1 0 0 0 0 28 0 0 0 40 0 4 0 9 0
0 0 0 0 0 0 0 0 0 0 0 0 1 0 0 0 0 0 0 0 0 0 0 0 0 0 2 0 0 0 0 31 0 0 0 41 0 4 0 11 0
0 0 8 0 0 0 0 0 0 0 0 0 0 1 0 0 0 0 0 0 0 0 0 0 0 0 0 0 0 0 0 16 0 0 18 28 0 3 0 4 0
2 0 23 9 0 5 0 0 0 0 0 0 0 3 1 1 0 0 0 0 0 0 0 0 0 0 0 0 0 0 0 0 0 4 40 0 0 0 0 0 7
6 0 22 12 0 6 0 0 0 0 0 0 0 2 2 1 0 0 0 0 0 0 1 0 0 0 0 0 0 0 0 0 0 7 31 0 0 0 0 0 13
0 0 0 0 0 0 0 0 0 0 0 0 0 0 0 0 0 0 0 0 0 0 0 0 0 0 0 0 0 0 0 21 0 0 2 33 0 4 0 8 0
6 0 23 12 0 6 0 0 0 0 0 0 0 2 2 1 0 0 0 0 0 0 1 0 0 0 0 0 0 0 0 0 0 8 33 0 0 0 0 0 14
10 0 26 16 0 7 0 0 0 0 0 0 0 3 3 2 0 0 0 0 0 0 1 0 0 0 0 0 0 0 0 0 0 11 33 0 0 0 0 0 19
2 0 21 8 0 5 0 0 0 0 0 0 0 3 1 0 0 0 0 0 0 0 0 0 0 0 0 0 0 0 0 0 0 4 34 0 0 0 0 0 7
0 0 9 0 0 0 0 0 0 0 0 0 0 1 0 0 0 0 0 0 0 0 0 0 0 0 0 0 0 0 0 14 0 0 20 23 0 3 0 6 0
12 0 27 18 0 8 0 0 0 0 0 0 0 2 3 2 0 0 0 0 0 0 1 0 0 0 0 0 0 0 0 0 0 12 32 0 0 0 0 0 21
7 0 23 13 0 6 0 0 0 0 0 0 0 2 2 1 0 0 0 0 0 0 1 0 0 0 0 0 0 0 0 0 0 9 32 0 0 0 0 0 15
14 0 28 20 0 8 0 0 0 0 0 0 0 2 3 3 0 0 0 0 0 0 1 0 0 0 0 0 0 0 0 0 0 14 32 0 0 0 0 0 24
0 0 9 0 0 0 0 0 0 0 0 0 0 1 0 0 0 0 0 0 0 0 0 0 0 0 0 0 0 0 0 13 0 0 19 24 0 3 0 4 0
8 0 23 14 0 6 0 0 0 0 0 0 0 2 2 1 0 0 0 0 0 0 1 0 0 0 0 0 0 0 0 0 0 9 32 0 0 0 0 0 16
0 0 0 0 0 0 0 0 0 0 0 0 2 0 0 0 0 0 0 0 0 0 0 0 0 0 2 0 0 0 0 32 0 0 0 41 0 4 0 10 0
7 0 23 13 0 6 0 0 0 0 0 0 0 2 2 1 0 0 0 0 0 0 1 0 0 0 0 0 0 0 0 0 0 9 32 0 0 0 0 0 15
0 0 0 0 0 0 0 0 0 0 0 0 0 0 0 0 0 0 0 0 0 0 0 0 0 0 1 0 0 0 0 28 0 0 0 40 0 4 0 10 0
0 0 0 0 0 0 0 0 0 0 0 0 2 0 0 0 0 0 0 0 0 0 0 0 0 0 2 0 0 0 0 32 0 0 0 42 0 4 0 10 0
10 0 25 16 0 7 0 0 0 0 0 0 0 2 3 2 0 0 0 0 0 0 1 0 0 0 0 0 0 0 0 0 0 11 32 0 0 0 0 0 19
0 0 9 0 0 0 0 0 0 0 0 0 0 1 0 0 0 0 0 0 0 0 0 0 0 0 0 0 0 0 0 13 0 0 19 22 0 3 0 5 0
0 0 0 0 0 0 0 0 0 0 0 0 0 0 0 0 0 0 0 0 0 0 0 0 0 0 0 0 0 0 0 22 0 0 0 34 0 4 0 7 0
9 0 24 15 0 7 0 0 0 0 0 0 0 2 2 1 0 0 0 0 0 0 1 0 0 0 0 0 0 0 0 0 0 10 33 0 0 0 0 0 17
0 0 0 0 0 0 0 0 0 0 0 0 1 0 0 0 0 0 0 0 0 0 0 0 0 0 2 0 0 0 0 32 0 0 0 42 0 4 0 10 0
0 0 16 3 0 3 0 0 0 0 0 0 0 2 0 0 0 0 0 0 0 0 0 0 0 0 0 0 0 0 0 5 0 1 30 12 0 2 0 3 1
0 0 0 0 0 0 0 0 0 0 0 0 2 0 0 0 0 0 0 0 0 0 0 0 0 0 2 0 0 0 0 32 0 0 0 42 0 4 0 10 0
2 0 24 10 0 6 0 0 0 0 0 0 0 3 1 0 0 0 0 0 0 0 0 0 0 0 0 0 0 0 0 0 0 5 38 0 0 0 0 0 9
4 0 23 11 0 6 0 0 0 0 0 0 0 3 1 1 0 0 0 0 0 0 1 0 0 0 0 0 0 0 0 0 0 7 36 0 0 0 0 0 11
0 0 0 0 0 0 0 0 0 0 0 0 1 0 0 0 0 0 0 0 0 0 0 0 0 0 2 0 0 0 0 30 0 0 0 41 0 5 0 10 0
6 0 24 13 0 6 0 0 0 0 0 0 0 3 2 1 0 0 0 0 0 0 1 0 0 0 0 0 0 0 0 0 0 8 35 0 0 0 0 0 14
4 0 24 11 0 6 0 0 0 0 0 0 0 3 1 1 0 0 0 0 0 0 1 0 0 0 0 0 0 0 0 0 0 6 36 0 0 0 0 0 11
3 0 24 10 0 6 0 0 0 0 0 0 0 3 2 1 0 0 0 0 0 0 1 0 0 0 0 0 0 0 0 0 0 6 37 0 0 0 0 0 10
9 0 24 15 0 6 0 0 0 0 0 0 0 2 2 1 0 0 0 0 0 0 1 0 0 0 0 0 0 0 0 0 0 10 33 0 0 0 0 0 17
2 0 21 8 0 5 0 0 0 0 0 0 0 3 1 0 0 0 0 0 0 0 0 0 0 0 0 0 0 0 0 0 0 4 35 0 0 0 0 0 7
1 0 21 7 0 4 0 0 0 0 0 0 0 3 0 1 0 0 0 0 0 0 0 0 0 0 0 0 0 0 0 0 0 3 36 0 0 0 0 0 5
0 0 0 0 0 0 0 0 0 0 0 0 1 0 0 0 0 0 0 0 0 0 0 0 0 0 2 0 0 0 0 29 0 0 0 39 0 4 0 11 0
0 0 0 0 0 0 0 0 0 0 0 0 1 0 0 0 0 0 0 0 0 0 0 0 0 0 2 0 0 0 0 30 0 0 0 40 0 4 0 10 0
5 0 24 11 0 6 0 0 0 0 0 0 0 3 1 1 0 0 0 0 0 0 1 0 0 0 0 0 0 0 0 0 0 7 36 0 0 0 0 0 11
0 0 0 0 0 0 0 0 0 0 0 0 0 0 0 0 0 0 0 0 0 0 0 0 0 0 1 0 0 0 0 27 0 0 0 39 0 4 0 9 0
0 0 6 0 0 0 0 0 0 0 0 0 0 1 0 0 0 0 0 0 0 0 0 0 0 0 0 0 0 0 0 17 0 0 15 29 0 4 0 5 0
0 0 0 0 0 0 0 0 0 0 0 0 1 0 0 0 0 0 0 0 0 0 0 0 0 0 2 0 0 0 0 29 0 0 0 40 0 4 0 10 0
0 0 0 0 0 0 0 0 0 0 0 0 1 0 0 0 0 0 0 0 0 0 0 0 0 0 2 0 0 0 0 30 0 0 0 41 0 4 0 10 0
0 0 6 0 0 0 0 0 0 0 0 0 0 1 0 0 0 0 0 0 0 0 0 0 0 0 0 0 0 0 0 15 0 0 14 26 0 3 0 4 0
0 0 0 0 0 0 0 0 0 0 0 0 3 0 0 0 0 0 0 0 0 0 0 0 0 0 2 0 0 0 0 37 0 0 0 45 0 5 0 11 0
0 0 0 0 0 0 0 0 0 0 0 0 1 0 0 0 0 0 0 0 0 0 0 0 0 0 1 0 0 0 0 29 0 0 0 40 0 4 0 10 0
0 0 0 0 0 0 0 0 0 0 0 0 0 0 0 0 0 0 0 0 0 0 0 0 0 0 1 0 0 0 0 26 0 0 0 39 0 4 0 8 0
0 0 16 3 0 3 0 0 0 0 0 0 0 2 0 0 0 0 0 0 0 0 0 0 0 0 0 0 0 0 0 5 0 1 30 12 0 2 0 2 0
6 0 23 12 0 6 0 0 0 0 0 0 0 2 2 1 0 0 0 0 0 0 1 0 0 0 0 0 0 0 0 0 0 8 34 0 0 0 0 0 13
6 0 23 13 0 6 0 0 0 0 0 0 0 2 2 1 0 0 0 0 0 0 1 0 0 0 0 0 0 0 0 0 0 9 33 0 0 0 0 0 15
0 0 0 0 0 0 0 0 0 0 0 0 1 0 0 0 0 0 0 0 0 0 0 0 0 0 2 0 0 0 0 29 0 0 0 40 0 4 0 10 0
0 0 0 0 0 0 0 0 0 0 0 0 0 0 0 0 0 0 0 0 0 0 0 0 0 0 1 0 0 0 0 25 0 0 0 37 0 4 0 9 0
8 0 24 14 0 6 0 0 0 0 0 0 0 2 2 1 0 0 0 0 0 0 1 0 0 0 0 0 0 0 0 0 0 9 33 0 0 0 0 0 16
3 0 24 10 0 6 0 0 0 0 0 0 0 3 1 1 0 0 0 0 0 0 0 0 0 0 0 0 0 0 0 0 0 5 39 0 0 0 0 0 9
0 0 1 0 0 0 0 0 0 0 0 0 0 0 0 0 0 0 0 0 0 0 0 0 0 0 0 0 0 0 0 19 0 0 7 31 0 3 0 8 0
0 0 0 0 0 0 0 0 0 0 0 0 0 0 0 0 0 0 0 0 0 0 0 0 0 0 1 0 0 0 0 25 0 0 0 37 0 4 0 9 0
5 0 23 11 0 6 0 0 0 0 0 0 0 3 2 1 0 0 0 0 0 0 1 0 0 0 0 0 0 0 0 0 0 7 36 0 0 0 0 0 12
0 0 0 0 0 0 0 0 0 0 0 0 1 0 0 0 0 0 0 0 0 0 0 0 0 0 2 0 0 0 0 30 0 0 0 40 0 4 0 10 0
0 0 4 0 0 0 0 0 0 0 0 0 0 0 0 0 0 0 0 0 0 0 0 0 0 0 0 0 0 0 0 17 0 0 12 29 0 3 0 5 0
1 0 21 7 0 4 0 0 0 0 0 0 0 3 0 0 0 0 0 0 0 0 0 0 0 0 0 0 0 0 0 0 0 4 36 0 0 0 0 0 5
0 0 0 0 0 0 0 0 0 0 0 0 0 0 0 0 0 0 0 0 0 0 0 0 0 0 1 0 0 0 0 23 0 0 0 36 0 4 0 7 0
2 0 22 8 0 5 0 0 0 0 0 0 0 3 1 1 0 0 0 0 0 0 0 0 0 0 0 0 0 0 0 0 0 4 36 0 0 0 0 0 7
0 0 18 5 0 3 0 0 0 0 0 0 0 3 0 0 0 0 0 0 0 0 0 0 0 0 0 0 0 0 0 1 0 2 33 8 0 1 0 1 2
0 0 15 4 0 3 0 0 0 0 0 0 0 2 0 0 0 0 0 0 0 0 0 0 0 0 0 0 0 0 0 3 0 1 28 9 0 1 0 2 1
0 0 0 0 0 0 0 0 0 0 0 0 0 0 0 0 0 0 0 0 0 0 0 0 0 0 1 0 0 0 0 27 0 0 0 39 0 4 0 9 0
0 0 0 0 0 0 0 0 0 0 0 0 0 0 0 0 0 0 0 0 0 0 0 0 0 0 1 0 0 0 0 28 0 0 0 41 0 5 0 9 0
0 0 0 0 0 0 0 0 0 0 0 0 3 0 0 0 0 0 0 0 0 0 0 0 0 0 2 0 0 0 0 37 0 0 0 46 0 5 0 11 0
0 0 0 0 0 0 0 0 0 0 0 0 1 0 0 0 0 0 0 0 0 0 0 0 0 0 2 0 0 0 0 30 0 0 0 41 0 4 0 11 0
0 0 13 2 0 2 0 0 0 0 0 0 0 2 0 0 0 0 0 0 0 0 0 0 0 0 0 0 0 0 0 8 0 0 26 16 0 2 0 2 0
0 0 0 0 0 0 0 0 0 0 0 0 2 0 0 0 0 0 0 0 0 0 0 0 0 0 2 0 0 0 0 34 0 0 0 43 0 5 0 10 0
0 0 0 0 0 0 0 0 0 0 0 0 0 0 0 0 0 0 0 0 0 0 0 0 0 0 1 0 0 0 0 27 0 0 0 39 0 4 0 8 0
0 0 0 0 0 0 0 0 0 0 0 0 1 0 0 0 0 0 0 0 0 0 0 0 0 0 2 0 0 0 0 30 0 0 0 41 0 4 0 10 0
0 0 0 0 0 0 0 0 0 0 0 0 2 0 0 0 0 0 0 0 0 0 0 0 0 0 2 0 0 0 0 31 0 0 0 41 0 4 0 10 0
0 0 4 0 0 0 0 0 0 0 0 0 0 0 0 0 0 0 0 0 0 0 0 0 0 0 0 0 0 0 0 19 0 0 11 31 0 4 0 7 0
0 0 9 0 0 0 0 0 0 0 0 0 0 1 0 0 0 0 0 0 0 0 0 0 0 0 0 0 0 0 0 16 0 0 19 27 0 4 0 5 0
0 0 0 0 0 0 0 0 0 0 0 0 1 0 0 0 0 0 0 0 0 0 0 0 0 0 2 0 0 0 0 30 0 0 0 40 0 5 0 10 0
0 0 0 0 0 0 0 0 0 0 0 0 1 0 0 0 0 0 0 0 0 0 0 0 0 0 2 0 0 0 0 30 0 0 0 40 0 4 0 11 0
0 0 0 0 0 0 0 0 0 0 0 0 1 0 0 0 0 0 0 0 0 0 0 0 0 0 2 0 0 0 0 30 0 0 0 41 0 5 0 10 0
0 0 18 5 0 3 0 0 0 0 0 0 0 3 0 0 0 0 0 0 0 0 0 0 0 0 0 0 0 0 0 2 0 2 33 8 0 1 0 0 2
9 0 25 15 0 7 0 0 0 0 0 0 0 3 2 1 0 0 0 0 0 0 1 0 0 0 0 0 0 0 0 0 0 10 34 0 0 0 0 0 17
0 0 14 2 0 2 0 0 0 0 0 0 0 2 0 0 0 0 0 0 0 0 0 0 0 0 0 0 0 0 0 6 0 1 27 12 0 1 0 3 0
0 0 0 0 0 0 0 0 0 0 0 0 1 0 0 0 0 0 0 0 0 0 0 0 0 0 2 0 0 0 0 29 0 0 0 40 0 5 0 11 0
0 0 6 0 0 0 0 0 0 0 0 0 0 1 0 0 0 0 0 0 0 0 0 0 0 0 0 0 0 0 0 16 0 0 15 28 0 3 0 6 0
0 0 18 5 0 3 0 0 0 0 0 0 0 3 0 0 0 0 0 0 0 0 0 0 0 0 0 0 0 0 0 1 0 2 33 7 0 1 0 0 2
2 0 23 8 0 5 0 0 0 0 0 0 0 3 1 1 0 0 0 0 0 0 0 0 0 0 0 0 0 0 0 0 0 4 39 0 0 0 0 0 7
3 0 23 10 0 6 0 0 0 0 0 0 0 3 1 1 0 0 0 0 0 0 0 0 0 0 0 0 0 0 0 0 0 5 38 0 0 0 0 0 9
0 0 0 0 0 0 0 0 0 0 0 0 0 0 0 0 0 0 0 0 0 0 0 0 0 0 0 0 0 0 0 23 0 0 1 35 0 4 0 7 0
0 0 0 0 0 0 0 0 0 0 0 0 1 0 0 0 0 0 0 0 0 0 0 0 0 0 2 0 0 0 0 31 0 0 0 41 0 5 0 10 0
0 0 2 0 0 0 0 0 0 0 0 0 0 0 0 0 0 0 0 0 0 0 0 0 0 0 0 0 0 0 0 20 0 0 8 33 0 4 0 6 0
3 0 23 9 0 5 0 0 0 0 0 0 0 3 1 1 0 0 0 0 0 0 0 0 0 0 0 0 0 0 0 0 0 5 37 0 0 0 0 0 9
4 0 24 12 0 6 0 0 0 0 0 0 0 3 1 1 0 0 0 0 0 0 1 0 0 0 0 0 0 0 0 0 0 7 38 0 0 0 0 0 11
0 0 0 0 0 0 0 0 0 0 0 0 2 0 0 0 0 0 0 0 0 0 0 0 0 0 2 0 0 0 0 34 0 0 0 44 0 5 0 10 0
6 0 23 12 0 6 0 0 0 0 0 0 0 2 2 1 0 0 0 0 0 0 1 0 0 0 0 0 0 0 0 0 0 8 33 0 0 0 0 0 14
0 0 0 0 0 0 0 0 0 0 0 0 1 0 0 0 0 0 0 0 0 0 0 0 0 0 2 0 0 0 0 30 0 0 0 40 0 5 0 12 0
0 0 0 0 0 0 0 0 0 0 0 0 1 0 0 0 0 0 0 0 0 0 0 0 0 0 2 0 0 0 0 30 0 0 0 40 0 4 0 10 0
1 0 18 6 0 4 0 0 0 0 0 0 0 2 0 0 0 0 0 0 0 0 0 0 0 0 0 0 0 0 0 0 0 2 33 1 0 0 0 1 4
0 0 0 0 0 0 0 0 0 0 0 0 2 0 0 0 0 0 0 0 0 0 0 0 0 0 2 0 0 0 0 32 0 0 0 42 0 5 0 10 0
8 0 24 14 0 6 0 0 0 0 0 0 0 2 2 1 0 0 0 0 0 0 1 0 0 0 0 0 0 0 0 0 0 9 32 0 0 0 0 0 16
0 0 1 0 0 0 0 0 0 0 0 0 0 0 0 0 0 0 0 0 0 0 0 0 0 0 0 0 0 0 0 18 0 0 7 30 0 3 0 6 0
8 0 25 15 0 7 0 0 0 0 0 0 0 2 2 1 0 0 0 0 0 0 1 0 0 0 0 0 0 0 0 0 0 10 34 0 0 0 0 0 17
0 0 2 0 0 0 0 0 0 0 0 0 0 0 0 0 0 0 0 0 0 0 0 0 0 0 0 0 0 0 0 21 0 0 7 32 0 4 0 8 0
0 0 19 6 0 4 0 0 0 0 0 0 0 3 0 0 0 0 0 0 0 0 0 0 0 0 0 0 0 0 0 0 0 3 33 1 0 1 0 0 4
