0 0 0 0 4 0 0 0 0 0 0 0 0 0 0 0 0 0 0 0 0 0 37 0 29 0 0 20 1 0 0 0 0 23 89 59 0 80 0 6 0
0 0 0 1 7 0 0 0 0 0 0 0 0 0 0 0 0 0 0 0 0 0 33 0 25 0 0 12 1 0 0 0 0 24 83 65 0 76 0 10 0
0 0 33 0 0 0 0 0 0 0 0 0 0 0 0 0 0 0 0 0 0 0 0 0 0 0 0 0 0 3 0 83 21 0 34 0 0 0 0 0 31
0 0 55 0 0 0 0 0 0 0 0 0 0 0 0 0 0 0 0 0 0 0 0 0 0 0 0 0 0 13 0 126 15 0 0 0 0 0 0 0 67
0 0 46 1 0 0 0 0 0 0 0 0 0 0 0 0 0 0 0 0 0 0 0 0 0 0 0 0 0 11 0 113 19 0 0 0 0 0 0 0 56
0 0 9 0 0 0 0 0 0 0 0 0 0 0 0 0 0 0 0 0 0 0 8 0 10 0 0 15 0 0 0 22 22 0 83 11 0 28 0 0 0
0 0 57 0 0 0 0 0 0 0 0 0 0 0 0 0 0 0 0 0 0 0 0 0 0 0 0 0 0 13 0 125 13 0 0 0 0 0 0 0 69
0 0 36 0 0 0 0 0 0 0 0 0 0 0 0 0 0 0 0 0 0 0 0 0 0 0 0 0 0 4 0 92 22 0 25 0 0 0 0 0 37
0 0 0 2 9 0 0 0 0 0 0 0 0 0 0 0 0 0 0 0 0 0 32 0 24 0 0 9 1 0 0 0 0 27 79 70 0 77 0 12 0
0 0 56 0 0 0 0 0 0 0 0 0 0 0 0 0 0 0 0 0 0 0 0 0 0 0 0 0 0 14 0 129 16 0 0 0 0 0 0 0 69
0 0 52 1 0 0 0 0 0 0 0 0 0 0 0 0 0 0 0 0 0 0 0 0 0 0 0 0 0 12 0 121 17 0 0 0 0 0 0 0 63
0 0 0 0 0 0 0 0 0 0 0 0 0 0 0 0 0 0 0 0 0 0 16 0 15 0 0 19 0 0 0 0 18 5 90 20 0 42 0 0 0
0 0 0 0 0 0 0 0 0 0 0 0 0 0 0 0 0 0 0 0 0 0 22 0 20 0 0 24 0 0 0 0 16 8 97 25 0 51 0 0 0
0 0 56 0 0 0 0 0 0 0 0 0 0 0 0 0 0 0 0 0 0 0 0 0 0 0 0 0 0 13 0 128 15 0 0 0 0 0 0 0 68
0 1 0 0 0 0 0 0 0 0 0 0 0 0 0 0 0 0 0 0 0 0 15 0 16 0 0 21 0 0 0 0 19 5 93 19 0 42 0 0 0
0 0 42 1 0 0 0 0 0 0 0 0 0 0 0 0 0 0 0 0 0 0 0 0 0 0 0 0 0 8 0 106 21 0 6 0 0 0 0 0 49
0 0 42 0 0 0 0 0 0 0 0 0 0 0 0 0 0 0 0 0 0 0 0 0 0 0 0 0 0 8 0 106 20 0 1 0 0 0 0 0 50
0 0 0 0 3 0 0 0 0 0 0 0 0 0 0 0 0 0 0 0 0 0 37 0 29 0 0 22 1 0 0 0 0 22 90 55 0 77 0 3 0
0 0 59 0 0 0 0 0 0 0 0 0 0 0 0 0 0 0 0 0 0 0 0 0 0 0 0 0 0 13 0 130 14 0 0 0 0 0 0 0 71
0 0 0 0 0 0 0 0 0 0 0 0 0 0 0 0 0 0 0 0 0 0 25 0 22 0 0 25 0 0 0 0 12 10 95 29 0 56 0 0 0
0 0 0 0 4 0 0 0 0 0 0 0 0 0 0 0 0 0 0 0 0 0 37 0 29 0 0 19 1 0 0 0 0 23 89 60 0 80 0 6 0
0 0 0 1 5 0 0 0 0 0 0 0 0 0 0 0 0 0 0 0 0 0 35 0 27 0 0 16 2 0 0 0 0 24 86 62 0 79 0 8 0
0 0 0 0 3 0 0 0 0 0 0 0 0 0 0 0 0 0 0 0 0 0 37 0 29 0 0 21 1 0 0 0 0 22 88 55 0 77 0 4 0
0 0 55 1 0 0 0 0 0 0 0 0 0 0 0 0 0 0 0 0 0 0 0 0 0 0 0 0 0 13 0 128 16 0 0 0 0 0 0 0 68
0 0 48 1 0 0 0 0 0 0 0 0 0 0 0 0 0 0 0 0 0 0 0 0 0 0 0 0 0 12 0 119 18 0 0 0 0 0 0 0 60
0 0 0 1 7 0 0 0 0 0 0 0 0 0 0 0 0 0 0 0 0 0 33 0 25 0 0 11 1 0 0 0 0 25 82 67 0 77 0 10 0
0 0 0 1 7 0 0 0 0 0 0 0 0 0 0 0 0 0 0 0 0 0 32 0 24 0 0 11 2 0 0 0 0 25 81 66 0 75 0 10 0
0 0 31 0 0 0 0 0 0 0 0 0 0 0 0 0 0 0 0 0 0 0 0 0 0 0 0 0 0 1 0 80 22 0 40 0 0 0 0 0 29
0 0 26 0 0 0 0 0 0 0 0 0 0 0 0 0 0 0 0 0 0 0 0 0 0 0 0 2 0 0 0 69 23 0 55 4 0 2 0 2 19
0 0 0 0 1 0 0 0 0 0 0 0 0 0 0 0 0 0 0 0 0 0 38 0 30 0 0 26 0 0 0 0 0 20 94 48 0 77 0 0 0
0 0 57 0 0 0 0 0 0 0 0 0 0 0 0 0 0 0 0 0 0 0 0 0 0 0 0 0 0 13 0 128 13 0 0 0 0 0 0 0 70
0 0 47 1 0 0 0 0 0 0 0 0 0 0 0 0 0 0 0 0 0 0 0 0 0 0 0 0 0 11 0 118 20 0 0 0 0 0 0 0 58
0 0 24 0 0 0 0 0 0 0 0 0 0 0 0 0 0 0 0 0 0 0 0 0 0 0 0 6 0 0 0 62 23 0 60 3 0 6 0 0 15
0 0 0 0 0 0 0 0 0 0 0 0 0 0 0 0 0 0 0 0 0 0 17 0 16 0 0 21 0 0 0 0 19 5 93 19 0 43 0 0 0
0 0 32 0 0 0 0 0 0 0 0 0 0 0 0 0 0 0 0 0 0 0 0 0 0 0 0 0 0 1 0 80 22 0 37 0 0 0 0 0 29
0 0 0 1 4 0 0 0 0 0 0 0 0 0 0 0 0 0 0 0 0 0 36 0 27 0 0 18 1 0 0 0 0 23 90 62 0 79 0 8 0
0 0 0 1 8 0 0 0 0 0 0 0 0 0 0 0 0 0 0 0 0 0 32 0 25 0 0 10 2 0 0 0 0 26 81 68 0 77 0 12 0
0 0 54 0 0 0 0 0 0 0 0 0 0 0 0 0 0 0 0 0 0 0 0 0 0 0 0 0 0 13 0 126 17 0 0 0 0 0 0 0 66
0 0 0 0 1 0 0 0 0 0 0 0 0 0 0 0 0 0 0 0 0 0 38 0 30 0 0 26 0 0 0 0 0 20 94 48 0 77 0 0 0
0 0 43 0 0 0 0 0 0 0 0 0 0 0 0 0 0 0 0 0 0 0 0 0 0 0 0 0 0 9 0 109 20 0 0 0 0 0 0 0 53
0 0 0 2 11 0 0 0 0 0 0 0 0 0 0 0 0 0 0 0 0 0 30 0 22 0 0 5 2 0 0 0 0 27 74 72 0 75 0 14 0
0 0 27 0 0 0 0 0 0 0 0 0 0 0 0 0 0 0 0 0 0 0 0 0 0 0 0 2 0 0 0 69 22 0 51 1 0 0 0 1 19
0 0 0 0 4 0 0 0 0 0 0 0 0 0 0 0 0 0 0 0 0 0 37 0 29 0 0 19 1 0 0 0 0 24 88 60 0 80 0 6 0
0 0 0 0 0 0 0 0 0 0 0 0 0 0 0 0 0 0 0 0 0 0 19 0 18 0 0 23 0 0 0 0 17 7 92 22 0 46 0 0 0
0 0 0 0 0 0 0 0 0 0 0 0 0 0 0 0 0 0 0 0 0 0 33 0 28 0 0 28 0 0 0 0 7 16 99 39 0 70 0 0 0
0 0 58 1 0 0 0 0 0 0 0 0 0 0 0 0 0 0 0 0 0 0 0 0 0 0 0 0 0 13 0 129 14 0 0 0 0 0 0 0 70
0 0 48 0 0 0 0 0 0 0 0 0 0 0 0 0 0 0 0 0 0 0 0 0 0 0 0 0 0 11 0 115 18 0 0 0 0 0 0 0 58
0 0 0 0 2 0 0 0 0 0 0 0 0 0 0 0 0 0 0 0 0 0 39 0 31 0 0 25 1 0 0 0 0 23 92 55 0 81 0 2 0
0 0 56 0 0 0 0 0 0 0 0 0 0 0 0 0 0 0 0 0 0 0 0 0 0 0 0 0 0 14 0 131 16 0 0 0 0 0 0 0 70
0 0 56 0 0 0 0 0 0 0 0 0 0 0 0 0 0 0 0 0 0 0 0 0 0 0 0 0 0 13 0 125 13 0 0 0 0 0 0 0 69
0 0 0 0 5 0 0 0 0 0 0 0 0 0 0 0 0 0 0 0 0 0 36 0 28 0 0 17 1 0 0 0 0 24 88 62 0 79 0 7 0
0 0 34 0 0 0 0 0 0 0 0 0 0 0 0 0 0 0 0 0 0 0 0 0 0 0 0 0 0 2 0 86 23 0 36 0 0 0 0 0 32
0 0 0 1 6 0 0 0 0 0 0 0 0 0 0 0 0 0 0 0 0 0 34 0 26 0 0 14 1 0 0 0 0 25 85 65 0 78 0 9 0
0 0 21 0 0 0 0 0 0 0 0 0 0 0 0 0 0 0 0 0 0 0 0 0 2 0 0 8 0 0 0 52 22 0 66 5 0 11 0 1 10
0 0 0 0 2 0 0 0 0 0 0 0 0 0 0 0 0 0 0 0 0 0 38 0 30 0 0 24 1 0 0 0 0 21 91 52 0 78 0 2 0
0 0 52 1 0 0 0 0 0 0 0 0 0 0 0 0 0 0 0 0 0 0 0 0 0 0 0 0 0 12 0 121 17 0 0 0 0 0 0 0 62
0 0 1 0 0 0 0 0 0 0 0 0 0 0 0 0 0 0 0 0 0 0 13 0 13 0 0 18 0 0 0 1 19 3 85 16 0 36 0 0 0
0 0 37 0 0 0 0 0 0 0 0 0 0 0 0 0 0 0 0 0 0 0 0 0 0 0 0 0 0 5 0 93 21 0 23 0 0 0 0 0 39
0 0 0 0 3 0 0 0 0 0 0 0 0 0 0 0 0 0 0 0 0 0 38 0 30 0 0 21 1 0 0 0 0 23 90 57 0 79 0 3 0
0 0 41 1 0 0 0 0 0 0 0 0 0 0 0 0 0 0 0 0 0 0 0 0 0 0 0 0 0 8 0 103 20 0 10 0 0 0 0 0 47
0 0 51 0 0 0 0 0 0 0 0 0 0 0 0 0 0 0 0 0 0 0 0 0 0 0 0 0 0 12 0 121 17 0 0 0 0 0 0 0 63
0 0 58 0 0 0 0 0 0 0 0 0 0 0 0 0 0 0 0 0 0 0 0 0 0 0 0 0 0 13 0 128 13 0 0 0 0 0 0 0 71
0 0 42 0 0 0 0 0 0 0 0 0 0 0 0 0 0 0 0 0 0 0 0 0 0 0 0 0 0 8 0 105 20 0 3 0 0 0 0 0 49
0 0 17 0 0 0 0 0 0 0 0 0 0 0 0 0 0 0 0 0 0 0 2 0 4 0 0 10 0 0 0 43 21 0 68 5 0 14 0 0 5
0 0 0 0 0 0 0 0 0 0 0 0 0 0 0 0 0 0 0 0 0 0 31 0 26 0 0 25 0 0 0 0 5 15 90 38 0 64 0 0 0
0 0 43 0 0 0 0 0 0 0 0 0 0 0 0 0 0 0 0 0 0 0 0 0 0 0 0 0 0 9 0 108 20 0 0 0 0 0 0 0 52
0 0 48 1 0 0 0 0 0 0 0 0 0 0 0 0 0 0 0 0 0 0 0 0 0 0 0 0 0 11 0 119 19 0 0 0 0 0 0 0 59
0 0 0 1 9 0 0 0 0 0 0 0 0 0 0 0 0 0 0 0 0 0 31 0 24 0 0 8 1 0 0 0 0 26 79 70 0 76 0 12 0
0 0 0 1 7 0 0 0 0 0 0 0 0 0 0 0 0 0 0 0 0 0 34 0 26 0 0 13 2 0 0 0 0 25 84 66 0 79 0 10 0
0 0 33 0 0 0 0 0 0 0 0 0 0 0 0 0 0 0 0 0 0 0 0 0 0 0 0 0 0 3 0 85 22 0 31 0 0 0 0 0 33
0 0 0 2 10 0 0 0 0 0 0 0 0 0 0 0 0 0 0 0 0 0 31 0 24 0 0 7 2 0 0 0 0 27 77 71 0 76 0 13 0
0 0 56 1 0 0 0 0 0 0 0 0 0 0 0 0 0 0 0 0 0 0 0 0 0 0 0 0 0 13 0 127 14 0 0 0 0 0 0 0 69
0 0 35 0 0 0 0 0 0 0 0 0 0 0 0 0 0 0 0 0 0 0 0 0 0 0 0 0 0 4 0 90 22 0 28 0 0 0 0 0 36
0 0 58 1 0 0 0 0 0 0 0 0 0 0 0 0 0 0 0 0 0 0 0 0 0 0 0 0 0 13 0 129 13 0 0 0 0 0 0 0 71
0 0 0 0 4 0 0 0 0 0 0 0 0 0 0 0 0 0 0 0 0 0 36 0 28 0 0 19 1 0 0 0 0 23 87 59 0 79 0 6 0
0 0 0 0 0 0 0 0 0 0 0 0 0 0 0 0 0 0 0 0 0 0 32 0 27 0 0 27 0 0 0 0 6 16 97 38 0 68 0 0 0
0 0 0 0 3 0 0 0 0 0 0 0 0 0 0 0 0 0 0 0 0 0 37 0 29 0 0 20 1 0 0 0 0 22 89 57 0 78 0 4 0
0 0 0 2 10 0 0 0 0 0 0 0 0 0 0 0 0 0 0 0 0 0 30 0 23 0 0 7 2 0 0 0 0 26 77 70 0 75 0 13 0
0 0 0 0 2 0 0 0 0 0 0 0 0 0 0 0 0 0 0 0 0 0 37 0 29 0 0 24 1 0 0 0 0 21 88 51 0 76 0 1 0
0 0 33 0 0 0 0 0 0 0 0 0 0 0 0 0 0 0 0 0 0 0 0 0 0 0 0 0 0 2 0 85 22 0 31 0 0 0 0 0 32
0 0 47 1 0 0 0 0 0 0 0 0 0 0 0 0 0 0 0 0 0 0 0 0 0 0 0 0 0 10 0 115 18 0 0 0 0 0 0 0 57
0 0 38 0 0 0 0 0 0 0 0 0 0 0 0 0 0 0 0 0 0 0 0 0 0 0 0 0 0 6 0 96 21 0 19 0 0 0 0 0 41
0 0 0 0 4 0 0 0 0 0 0 0 0 0 0 0 0 0 0 0 0 0 38 0 29 0 0 19 2 0 0 0 0 24 89 62 0 81 0 6 0
0 0 43 0 0 0 0 0 0 0 0 0 0 0 0 0 0 0 0 0 0 0 0 0 0 0 0 0 0 8 0 107 20 0 0 0 0 0 0 0 51
0 0 58 0 0 0 0 0 0 0 0 0 0 0 0 0 0 0 0 0 0 0 0 0 0 0 0 0 0 14 0 133 16 0 0 0 0 0 0 0 71
0 0 56 1 0 0 0 0 0 0 0 0 0 0 0 0 0 0 0 0 0 0 0 0 0 0 0 0 0 13 0 128 15 0 0 0 0 0 0 0 68
0 5 0 22 24 0 0 0 0 0 0 0 0 0 0 0 0 0 0 0 0 0 40 2 26 1 0 6 10 0 0 0 0 45 114 129 0 110 0 28 0
0 0 57 1 0 0 0 0 0 0 0 0 0 0 0 0 0 0 0 0 0 0 0 0 0 0 0 0 0 10 0 116 9 0 0 0 0 0 0 0 66
0 0 58 1 0 0 0 0 0 0 0 0 0 0 0 0 0 0 0 0 0 0 0 0 0 0 0 0 0 13 0 128 13 0 0 0 0 0 0 0 70
0 0 0 1 8 0 0 0 0 0 0 0 0 0 0 0 0 0 0 0 0 0 32 0 25 0 0 10 1 0 0 0 0 25 80 68 0 76 0 11 0
0 0 58 0 0 0 0 0 0 0 0 0 0 0 0 0 0 0 0 0 0 0 0 0 0 0 0 0 0 14 0 130 14 0 0 0 0 0 0 0 71
0 0 0 0 2 0 0 0 0 0 0 0 0 0 0 0 0 0 0 0 0 0 37 0 29 0 0 25 0 0 0 0 0 20 91 49 0 76 0 0 0
0 0 57 1 0 0 0 0 0 0 0 0 0 0 0 0 0 0 0 0 0 0 0 0 0 0 0 0 0 14 0 131 14 0 0 0 0 0 0 0 70
0 0 56 1 0 0 0 0 0 0 0 0 0 0 0 0 0 0 0 0 0 0 0 0 0 0 0 0 0 13 0 128 15 0 0 0 0 0 0 0 69
0 0 51 1 0 0 0 0 0 0 0 0 0 0 0 0 0 0 0 0 0 0 0 0 0 0 0 0 0 13 0 122 18 0 0 0 0 0 0 0 63
0 0 0 1 6 0 0 0 0 0 0 0 0 0 0 0 0 0 0 0 0 0 35 0 27 0 0 15 2 0 0 0 0 25 86 64 0 79 0 8 0
0 0 0 1 5 0 0 0 0 0 0 0 0 0 0 0 0 0 0 0 0 0 34 0 26 0 0 16 1 0 0 0 0 23 85 60 0 76 0 7 0
0 0 0 1 8 0 0 0 0 0 0 0 0 0 0 0 0 0 0 0 0 0 32 0 25 0 0 11 1 0 0 0 0 26 82 67 0 77 0 11 0
0 0 0 1 3 0 0 0 0 0 0 0 0 0 0 0 0 0 0 0 0 0 37 0 29 0 0 22 1 0 0 0 0 22 89 55 0 78 0 3 0
0 0 51 1 0 0 0 0 0 0 0 0 0 0 0 0 0 0 0 0 0 0 0 0 0 0 0 0 0 12 0 120 17 0 0 0 0 0 0 0 61
0 0 0 0 3 0 0 0 0 0 0 0 0 0 0 0 0 0 0 0 0 0 35 0 28 0 0 18 1 0 0 0 0 22 87 57 0 76 0 5 0
0 0 0 0 0 0 0 0 0 0 0 0 0 0 0 0 0 0 0 0 0 0 21 0 20 0 0 23 0 0 0 0 15 9 95 26 0 52 0 0 0
0 4 0 16 20 0 0 0 0 0 0 0 0 0 0 0 0 0 0 0 0 0 39 1 27 0 0 7 8 0 0 0 0 41 110 115 0 104 0 24 0
0 0 51 0 0 0 0 0 0 0 0 0 0 0 0 0 0 0 0 0 0 0 0 0 0 0 0 0 0 12 0 121 18 0 0 0 0 0 0 0 63
0 0 19 0 0 0 0 0 0 0 0 0 0 0 0 0 0 0 0 0 0 0 1 0 3 0 0 8 0 0 0 49 21 0 67 4 0 12 0 2 7
0 0 0 0 0 0 0 0 0 0 0 0 0 0 0 0 0 0 0 0 0 0 22 0 20 0 0 24 0 0 0 0 15 8 95 25 0 51 0 0 0
0 0 27 0 0 0 0 0 0 0 0 0 0 0 0 0 0 0 0 0 0 0 0 0 0 0 0 1 0 0 0 68 22 0 51 0 0 0 0 1 20
0 0 55 1 0 0 0 0 0 0 0 0 0 0 0 0 0 0 0 0 0 0 0 0 0 0 0 0 0 13 0 129 17 0 0 0 0 0 0 0 68
0 0 0 0 5 0 0 0 0 0 0 0 0 0 0 0 0 0 0 0 0 0 34 0 27 0 0 14 1 0 0 0 0 24 84 62 0 77 0 8 0
0 0 57 1 0 0 0 0 0 0 0 0 0 0 0 0 0 0 0 0 0 0 0 0 0 0 0 0 0 14 0 132 16 0 0 0 0 0 0 0 70
0 0 0 0 3 0 0 0 0 0 0 0 0 0 0 0 0 0 0 0 0 0 37 0 29 0 0 22 1 0 0 0 0 22 90 55 0 78 0 4 0
0 0 58 1 0 0 0 0 0 0 0 0 0 0 0 0 0 0 0 0 0 0 0 0 0 0 0 0 0 13 0 130 13 0 0 0 0 0 0 0 70
0 0 50 1 0 0 0 0 0 0 0 0 0 0 0 0 0 0 0 0 0 0 0 0 0 0 0 0 0 12 0 119 18 0 0 0 0 0 0 0 61
0 0 47 1 0 0 0 0 0 0 0 0 0 0 0 0 0 0 0 0 0 0 0 0 0 0 0 0 0 10 0 112 19 0 0 0 0 0 0 0 56
0 0 0 1 7 0 0 0 0 0 0 0 0 0 0 0 0 0 0 0 0 0 33 0 26 0 0 12 1 0 0 0 0 25 84 65 0 78 0 11 0
0 0 0 0 0 0 0 0 0 0 0 0 0 0 0 0 0 0 0 0 0 0 19 0 18 0 0 22 0 0 0 0 17 7 95 24 0 48 0 0 0
0 0 47 1 0 0 0 0 0 0 0 0 0 0 0 0 0 0 0 0 0 0 0 0 0 0 0 0 0 11 0 116 19 0 0 0 0 0 0 0 59
0 0 58 0 0 0 0 0 0 0 0 0 0 0 0 0 0 0 0 0 0 0 0 0 0 0 0 0 0 14 0 132 15 0 0 0 0 0 0 0 71
0 0 0 1 7 0 0 0 0 0 0 0 0 0 0 0 0 0 0 0 0 0 34 0 26 0 0 12 1 0 0 0 0 26 83 67 0 79 0 10 0
0 0 7 0 0 0 0 0 0 0 0 0 0 0 0 0 0 0 0 0 0 0 9 0 10 0 0 16 0 0 0 18 21 1 84 12 0 29 0 0 0
0 0 56 0 0 0 0 0 0 0 0 0 0 0 0 0 0 0 0 0 0 0 0 0 0 0 0 0 0 14 0 129 15 0 0 0 0 0 0 0 69
0 0 0 0 0 0 0 0 0 0 0 0 0 0 0 0 0 0 0 0 0 0 30 0 26 0 0 26 0 0 0 0 7 15 95 37 0 65 0 0 0
0 0 29 0 0 0 0 0 0 0 0 0 0 0 0 0 0 0 0 0 0 0 0 0 0 0 0 0 0 0 0 75 22 0 45 0 0 0 0 1 25
0 0 0 1 5 0 0 0 0 0 0 0 0 0 0 0 0 0 0 0 0 0 35 0 28 0 0 16 1 0 0 0 0 24 87 62 0 79 0 8 0
0 0 55 1 0 0 0 0 0 0 0 0 0 0 0 0 0 0 0 0 0 0 0 0 0 0 0 0 0 13 0 129 17 0 0 0 0 0 0 0 68
0 0 45 1 0 0 0 0 0 0 0 0 0 0 0 0 0 0 0 0 0 0 0 0 0 0 0 0 0 10 0 112 20 0 0 0 0 0 0 0 55
0 0 0 0 2 0 0 0 0 0 0 0 0 0 0 0 0 0 0 0 0 0 38 0 30 0 0 24 1 0 0 0 0 21 92 54 0 79 0 3 0
0 0 52 1 0 0 0 0 0 0 0 0 0 0 0 0 0 0 0 0 0 0 0 0 0 0 0 0 0 12 0 121 17 0 0 0 0 0 0 0 63
0 0 0 0 0 0 0 0 0 0 0 0 0 0 0 0 0 0 0 0 0 0 24 0 21 0 0 24 0 0 0 0 14 10 96 28 0 55 0 0 0
0 0 31 0 0 0 0 0 0 0 0 0 0 0 0 0 0 0 0 0 0 0 0 0 0 0 0 0 0 2 0 79 22 0 37 0 0 0 0 0 29
0 0 5 0 0 0 0 0 0 0 0 0 0 0 0 0 0 0 0 0 0 0 10 0 12 0 0 16 0 0 0 11 20 2 85 14 0 33 0 0 0
0 0 23 0 0 0 0 0 0 0 0 0 0 0 0 0 0 0 0 0 0 0 0 0 1 0 0 6 0 0 0 58 23 0 64 4 0 8 0 1 12
0 0 0 1 5 0 0 0 0 0 0 0 0 0 0 0 0 0 0 0 0 0 35 0 27 0 0 16 1 0 0 0 0 24 86 63 0 79 0 8 0
0 0 0 1 7 0 0 0 0 0 0 0 0 0 0 0 0 0 0 0 0 0 33 0 26 0 0 13 1 0 0 0 0 25 84 65 0 78 0 10 0
0 0 60 1 0 0 0 0 0 0 0 0 0 0 0 0 0 0 0 0 0 0 0 0 0 0 0 0 0 13 0 131 12 0 0 0 0 0 0 0 72
0 0 44 0 0 0 0 0 0 0 0 0 0 0 0 0 0 0 0 0 0 0 0 0 0 0 0 0 0 9 0 111 20 0 0 0 0 0 0 0 53
0 0 0 0 0 0 0 0 0 0 0 0 0 0 0 0 0 0 0 0 0 0 33 0 27 0 0 26 0 0 0 0 5 16 95 41 0 69 0 0 0
0 0 0 0 0 0 0 0 0 0 0 0 0 0 0 0 0 0 0 0 0 0 19 0 18 0 0 22 0 0 0 0 17 7 93 23 0 47 0 0 0
0 0 23 0 0 0 0 0 0 0 0 0 0 0 0 0 0 0 0 0 0 0 0 0 1 0 0 5 0 0 0 59 23 0 64 4 0 8 0 2 12
0 0 0 0 4 0 0 0 0 0 0 0 0 0 0 0 0 0 0 0 0 0 38 0 29 0 0 20 1 0 0 0 0 23 91 60 0 81 0 6 0
0 0 55 1 0 0 0 0 0 0 0 0 0 0 0 0 0 0 0 0 0 0 0 0 0 0 0 0 0 13 0 128 17 0 0 0 0 0 0 0 68
0 0 0 0 0 0 0 0 0 0 0 0 0 0 0 0 0 0 0 0 0 0 25 0 22 0 0 24 0 0 0 0 12 11 94 29 0 56 0 0 0
0 0 15 0 0 0 0 0 0 0 0 0 0 0 0 0 0 0 0 0 0 0 3 0 6 0 0 10 0 0 0 38 22 0 74 8 0 19 0 1 3
0 0 0 0 4 0 0 0 0 0 0 0 0 0 0 0 0 0 0 0 0 0 36 0 27 0 0 19 1 0 0 0 0 23 88 60 0 78 0 7 0
0 0 57 1 0 0 0 0 0 0 0 0 0 0 0 0 0 0 0 0 0 0 0 0 0 0 0 0 0 11 0 120 10 0 0 0 0 0 0 0 67
0 0 58 1 0 0 0 0 0 0 0 0 0 0 0 0 0 0 0 0 0 0 0 0 0 0 0 0 0 12 0 126 12 0 0 0 0 0 0 0 70
0 0 47 1 0 0 0 0 0 0 0 0 0 0 0 0 0 0 0 0 0 0 0 0 0 0 0 0 0 11 0 113 18 0 0 0 0 0 0 0 56
0 0 20 0 0 0 0 0 0 0 0 0 0 0 0 0 0 0 0 0 0 0 0 0 2 0 0 7 0 0 0 51 22 0 67 5 0 12 0 1 8
0 0 50 1 0 0 0 0 0 0 0 0 0 0 0 0 0 0 0 0 0 0 0 0 0 0 0 0 0 12 0 122 18 0 0 0 0 0 0 0 62
0 0 51 1 0 0 0 0 0 0 0 0 0 0 0 0 0 0 0 0 0 0 0 0 0 0 0 0 0 13 0 122 17 0 0 0 0 0 0 0 64
0 0 0 0 5 0 0 0 0 0 0 0 0 0 0 0 0 0 0 0 0 0 36 0 28 0 0 17 2 0 0 0 0 24 87 62 0 80 0 7 0
0 0 42 0 0 0 0 0 0 0 0 0 0 0 0 0 0 0 0 0 0 0 0 0 0 0 0 0 0 8 0 107 20 0 2 0 0 0 0 0 50
0 0 32 0 0 0 0 0 0 0 0 0 0 0 0 0 0 0 0 0 0 0 0 0 0 0 0 0 0 1 0 80 22 0 39 0 0 0 0 0 28
0 0 21 0 0 0 0 0 0 0 0 0 0 0 0 0 0 0 0 0 0 0 0 0 1 0 0 7 0 0 0 54 22 0 62 4 0 9 0 0 10
0 0 56 1 0 0 0 0 0 0 0 0 0 0 0 0 0 0 0 0 0 0 0 0 0 0 0 0 0 13 0 128 14 0 0 0 0 0 0 0 69
0 0 40 0 0 0 0 0 0 0 0 0 0 0 0 0 0 0 0 0 0 0 0 0 0 0 0 0 0 7 0 102 21 0 13 0 0 0 0 0 45
0 0 55 1 0 0 0 0 0 0 0 0 0 0 0 0 0 0 0 0 0 0 0 0 0 0 0 0 0 14 0 129 15 0 0 0 0 0 0 1 69
0 0 48 1 0 0 0 0 0 0 0 0 0 0 0 0 0 0 0 0 0 0 0 0 0 0 0 0 0 11 0 117 18 0 0 0 0 0 0 0 58
0 0 0 0 3 0 0 0 0 0 0 0 0 0 0 0 0 0 0 0 0 0 38 0 30 0 0 22 1 0 0 0 0 23 89 55 0 79 0 3 0
0 0 0 0 3 0 0 0 0 0 0 0 0 0 0 0 0 0 0 0 0 0 39 0 30 0 0 23 1 0 0 0 0 22 92 55 0 79 0 2 0
0 0 58 0 0 0 0 0 0 0 0 0 0 0 0 0 0 0 0 0 0 0 0 0 0 0 0 0 0 14 0 132 15 0 0 0 0 0 0 0 72
0 0 52 0 0 0 0 0 0 0 0 0 0 0 0 0 0 0 0 0 0 0 0 0 0 0 0 0 0 12 0 123 17 0 0 0 0 0 0 0 63
0 0 0 1 5 0 0 0 0 0 0 0 0 0 0 0 0 0 0 0 0 0 35 0 27 0 0 16 2 0 0 0 0 23 87 62 0 78 0 8 0
0 0 0 0 0 0 0 0 0 0 0 0 0 0 0 0 0 0 0 0 0 0 27 0 23 0 0 25 0 0 0 0 9 12 91 32 0 58 0 0 0
0 0 50 1 0 0 0 0 0 0 0 0 0 0 0 0 0 0 0 0 0 0 0 0 0 0 0 0 0 12 0 120 18 0 0 0 0 0 0 0 62
0 0 0 0 6 0 0 0 0 0 0 0 0 0 0 0 0 0 0 0 0 0 34 0 27 0 0 14 1 0 0 0 0 25 85 64 0 78 0 9 0
0 0 0 0 0 0 0 0 0 0 0 0 0 0 0 0 0 0 0 0 0 0 26 0 23 0 0 24 0 0 0 0 11 12 95 32 0 59 0 0 0
0 0 0 0 0 0 0 0 0 0 0 0 0 0 0 0 0 0 0 0 0 0 31 0 26 0 0 26 0 0 0 0 7 15 97 38 0 67 0 0 0
0 0 42 0 0 0 0 0 0 0 0 0 0 0 0 0 0 0 0 0 0 0 0 0 0 0 0 0 0 7 0 105 21 0 7 0 0 0 0 0 48
0 0 0 1 4 0 0 0 0 0 0 0 0 0 0 0 0 0 0 0 0 0 36 0 28 0 0 19 1 0 0 0 0 23 88 60 0 78 0 6 0
0 0 0 1 7 0 0 0 0 0 0 0 0 0 0 0 0 0 0 0 0 0 33 0 25 0 0 11 1 0 0 0 0 25 83 67 0 77 0 11 0
0 0 0 0 0 0 0 0 0 0 0 0 0 0 0 0 0 0 0 0 0 0 24 0 22 0 0 24 0 0 0 0 13 11 97 29 0 57 0 0 0
0 0 0 2 9 0 0 0 0 0 0 0 0 0 0 0 0 0 0 0 0 0 31 0 23 0 0 8 1 0 0 0 0 26 77 69 0 75 0 12 0
0 0 0 1 4 0 0 0 0 0 0 0 0 0 0 0 0 0 0 0 0 0 36 0 28 0 0 19 1 0 0 0 0 23 89 60 0 79 0 7 0
0 0 0 1 9 0 0 0 0 0 0 0 0 0 0 0 0 0 0 0 0 0 30 0 23 0 0 7 1 0 0 0 0 25 77 67 0 73 0 12 0
0 0 0 1 7 0 0 0 0 0 0 0 0 0 0 0 0 0 0 0 0 0 33 0 25 0 0 12 1 0 0 0 0 25 83 67 0 77 0 10 0
0 0 0 0 4 0 0 0 0 0 0 0 0 0 0 0 0 0 0 0 0 0 37 0 29 0 0 19 2 0 0 0 0 23 89 60 0 80 0 6 0
0 0 55 0 0 0 0 0 0 0 0 0 0 0 0 0 0 0 0 0 0 0 0 0 0 0 0 0 0 14 0 126 14 0 0 0 0 0 0 0 68
0 0 0 1 7 0 0 0 0 0 0 0 0 0 0 0 0 0 0 0 0 0 33 0 26 0 0 12 1 0 0 0 0 25 82 65 0 77 0 10 0
0 0 42 1 0 0 0 0 0 0 0 0 0 0 0 0 0 0 0 0 0 0 0 0 0 0 0 0 0 7 0 105 21 0 10 0 0 0 0 0 48
0 0 53 1 0 0 0 0 0 0 0 0 0 0 0 0 0 0 0 0 0 0 0 0 0 0 0 0 0 12 0 125 17 0 0 0 0 0 0 0 65
0 0 52 0 0 0 0 0 0 0 0 0 0 0 0 0 0 0 0 0 0 0 0 0 0 0 0 0 0 12 0 121 18 0 0 0 0 0 0 0 63
0 0 53 8 0 0 0 0 0 0 0 0 0 0 0 0 0 0 0 0 0 0 0 0 0 0 0 0 0 4 0 104 11 0 0 9 0 0 0 0 61
0 0 20 0 0 0 0 0 0 0 0 0 0 0 0 0 0 0 0 0 0 0 0 0 3 0 0 8 0 0 0 51 23 0 68 4 0 12 0 0 8
0 0 48 0 0 0 0 0 0 0 0 0 0 0 0 0 0 0 0 0 0 0 0 0 0 0 0 0 0 11 0 115 18 0 0 0 0 0 0 0 57
0 0 0 1 7 0 0 0 0 0 0 0 0 0 0 0 0 0 0 0 0 0 33 0 26 0 0 12 1 0 0 0 0 25 83 65 0 77 0 10 0
0 0 53 0 0 0 0 0 0 0 0 0 0 0 0 0 0 0 0 0 0 0 0 0 0 0 0 0 0 13 0 123 17 0 0 0 0 0 0 0 64
0 0 0 1 5 0 0 0 0 0 0 0 0 0 0 0 0 0 0 0 0 0 35 0 27 0 0 17 1 0 0 0 0 24 88 62 0 79 0 8 0
0 0 0 1 6 0 0 0 0 0 0 0 0 0 0 0 0 0 0 0 0 0 34 0 26 0 0 15 2 0 0 0 0 24 86 64 0 78 0 9 0
0 0 28 0 0 0 0 0 0 0 0 0 0 0 0 0 0 0 0 0 0 0 0 0 0 0 0 2 0 0 0 71 22 0 50 0 0 0 0 1 21
0 0 0 1 8 0 0 0 0 0 0 0 0 0 0 0 0 0 0 0 0 0 31 0 24 0 0 9 1 0 0 0 0 25 79 67 0 75 0 11 0
0 0 0 1 5 0 0 0 0 0 0 0 0 0 0 0 0 0 0 0 0 0 35 0 27 0 0 15 1 0 0 0 0 24 85 63 0 79 0 8 0
0 0 0 0 0 0 0 0 0 0 0 0 0 0 0 0 0 0 0 0 0 0 36 0 30 0 0 27 0 0 0 0 3 19 96 44 0 74 0 0 0
0 0 24 0 0 0 0 0 0 0 0 0 0 0 0 0 0 0 0 0 0 0 0 0 0 0 0 4 0 0 0 62 23 0 60 4 0 6 0 1 15
0 0 53 1 0 0 0 0 0 0 0 0 0 0 0 0 0 0 0 0 0 0 0 0 0 0 0 0 0 13 0 125 17 0 0 0 0 0 0 0 66
0 0 23 0 0 0 0 0 0 0 0 0 0 0 0 0 0 0 0 0 0 0 0 0 0 0 0 7 0 0 0 56 22 0 60 1 0 6 0 0 12
0 0 0 0 2 0 0 0 0 0 0 0 0 0 0 0 0 0 0 0 0 0 39 0 30 0 0 25 1 0 0 0 0 21 92 51 0 78 0 1 0
0 0 37 0 0 0 0 0 0 0 0 0 0 0 0 0 0 0 0 0 0 0 0 0 0 0 0 0 0 5 0 93 21 0 22 0 0 0 0 0 39
0 0 0 4 13 0 0 0 0 0 0 0 0 0 0 0 0 0 0 0 0 0 31 0 23 0 0 5 2 0 0 0 0 29 78 79 0 79 0 15 0
0 0 55 0 0 0 0 0 0 0 0 0 0 0 0 0 0 0 0 0 0 0 0 0 0 0 0 0 0 12 0 117 11 0 0 0 0 0 0 0 66
0 0 0 0 0 0 0 0 0 0 0 0 0 0 0 0 0 0 0 0 0 0 14 0 14 0 0 19 0 0 0 0 19 3 85 15 0 36 0 0 0
0 0 0 0 3 0 0 0 0 0 0 0 0 0 0 0 0 0 0 0 0 0 37 0 29 0 0 20 1 0 0 0 0 22 87 56 0 78 0 5 0
0 0 51 1 0 0 0 0 0 0 0 0 0 0 0 0 0 0 0 0 0 0 0 0 0 0 0 0 0 12 0 122 18 0 0 0 0 0 0 0 63
0 0 0 1 6 0 0 0 0 0 0 0 0 0 0 0 0 0 0 0 0 0 34 0 26 0 0 14 1 0 0 0 0 25 86 65 0 78 0 9 0
0 0 0 1 5 0 0 0 0 0 0 0 0 0 0 0 0 0 0 0 0 0 35 0 27 0 0 17 1 0 0 0 0 23 88 61 0 77 0 7 0
0 0 59 0 0 0 0 0 0 0 0 0 0 0 0 0 0 0 0 0 0 0 0 0 0 0 0 0 0 14 0 130 13 0 0 0 0 0 0 0 72
0 0 45 1 0 0 0 0 0 0 0 0 0 0 0 0 0 0 0 0 0 0 0 0 0 0 0 0 0 9 0 110 20 0 0 0 0 0 0 0 54
0 0 0 0 2 0 0 0 0 0 0 0 0 0 0 0 0 0 0 0 0 0 39 0 31 0 0 25 1 0 0 0 0 22 92 52 0 79 0 1 0
0 0 57 0 0 0 0 0 0 0 0 0 0 0 0 0 0 0 0 0 0 0 0 0 0 0 0 0 0 13 0 128 14 0 0 0 0 0 0 0 70
0 0 49 1 0 0 0 0 0 0 0 0 0 0 0 0 0 0 0 0 0 0 0 0 0 0 0 0 0 11 0 120 20 0 0 0 0 0 0 0 61
0 0 10 0 0 0 0 0 0 0 0 0 0 0 0 0 0 0 0 0 0 0 7 0 9 0 0 13 0 0 0 23 21 0 80 11 0 26 0 0 0
0 0 55 1 0 0 0 0 0 0 0 0 0 0 0 0 0 0 0 0 0 0 0 0 0 0 0 0 0 14 0 130 17 0 0 0 0 0 0 0 68
0 0 56 0 0 0 0 0 0 0 0 0 0 0 0 0 0 0 0 0 0 0 0 0 0 0 0 0 0 14 0 130 15 0 0 0 0 0 0 0 70
0 0 0 0 2 0 0 0 0 0 0 0 0 0 0 0 0 0 0 0 0 0 39 0 31 0 0 25 1 0 0 0 0 22 93 52 0 80 0 1 0
0 0 38 0 0 0 0 0 0 0 0 0 0 0 0 0 0 0 0 0 0 0 0 0 0 0 0 0 0 5 0 96 21 0 18 0 0 0 0 0 41
0 0 50 1 0 0 0 0 0 0 0 0 0 0 0 0 0 0 0 0 0 0 0 0 0 0 0 0 0 12 0 121 18 0 0 0 0 0 0 0 62
0 0 0 0 1 0 0 0 0 0 0 0 0 0 0 0 0 0 0 0 0 0 38 0 30 0 0 27 0 0 0 0 0 20 95 47 0 77 0 0 0
0 0 7 0 0 0 0 0 0 0 0 0 0 0 0 0 0 0 0 0 0 0 10 0 11 0 0 17 0 0 0 15 21 1 85 12 0 31 0 0 0
0 0 0 2 10 0 0 0 0 0 0 0 0 0 0 0 0 0 0 0 0 0 30 0 23 0 0 7 2 0 0 0 0 26 76 70 0 75 0 13 0
0 0 0 0 3 0 0 0 0 0 0 0 0 0 0 0 0 0 0 0 0 0 37 0 29 0 0 21 1 0 0 0 0 22 88 55 0 78 0 4 0
0 0 56 1 0 0 0 0 0 0 0 0 0 0 0 0 0 0 0 0 0 0 0 0 0 0 0 0 0 13 0 128 14 0 0 0 0 0 0 0 69
0 0 0 2 10 0 0 0 0 0 0 0 0 0 0 0 0 0 0 0 0 0 31 0 23 0 0 6 2 0 0 0 0 27 77 71 0 75 0 13 0
0 0 52 1 0 0 0 0 0 0 0 0 0 0 0 0 0 0 0 0 0 0 0 0 0 0 0 0 0 12 0 123 17 0 0 0 0 0 0 0 64
0 0 58 0 0 0 0 0 0 0 0 0 0 0 0 0 0 0 0 0 0 0 0 0 0 0 0 0 0 13 0 125 12 0 0 0 0 0 0 0 70
0 0 40 1 0 0 0 0 0 0 0 0 0 0 0 0 0 0 0 0 0 0 0 0 0 0 0 0 0 7 0 103 21 0 10 0 0 0 0 0 47
0 0 55 1 0 0 0 0 0 0 0 0 0 0 0 0 0 0 0 0 0 0 0 0 0 0 0 0 0 14 0 130 17 0 0 0 0 0 0 0 69
0 0 55 1 0 0 0 0 0 0 0 0 0 0 0 0 0 0 0 0 0 0 0 0 0 0 0 0 0 13 0 127 16 0 0 0 0 0 0 0 68
0 0 57 0 0 0 0 0 0 0 0 0 0 0 0 0 0 0 0 0 0 0 0 0 0 0 0 0 0 12 0 123 12 0 0 0 0 0 0 0 68
0 0 49 1 0 0 0 0 0 0 0 0 0 0 0 0 0 0 0 0 0 0 0 0 0 0 0 0 0 11 0 118 19 0 0 0 0 0 0 0 60
0 0 56 0 0 0 0 0 0 0 0 0 0 0 0 0 0 0 0 0 0 0 0 0 0 0 0 0 0 13 0 124 13 0 0 0 0 0 0 0 68
0 0 0 0 0 0 0 0 0 0 0 0 0 0 0 0 0 0 0 0 0 0 30 0 26 0 0 25 0 0 0 0 7 14 93 37 0 64 0 0 0
0 0 54 1 0 0 0 0 0 0 0 0 0 0 0 0 0 0 0 0 0 0 0 0 0 0 0 0 0 13 0 126 16 0 0 0 0 0 0 0 66
0 0 56 1 0 0 0 0 0 0 0 0 0 0 0 0 0 0 0 0 0 0 0 0 0 0 0 0 0 13 0 130 16 0 0 0 0 0 0 0 69
0 0 57 1 0 0 0 0 0 0 0 0 0 0 0 0 0 0 0 0 0 0 0 0 0 0 0 0 0 13 0 130 14 0 0 0 0 0 0 0 70
0 0 57 1 0 0 0 0 0 0 0 0 0 0 0 0 0 0 0 0 0 0 0 0 0 0 0 0 0 14 0 128 13 0 0 0 0 0 0 0 71
0 0 58 1 0 0 0 0 0 0 0 0 0 0 0 0 0 0 0 0 0 0 0 0 0 0 0 0 0 13 0 128 13 0 0 0 0 0 0 0 70
0 0 59 0 0 0 0 0 0 0 0 0 0 0 0 0 0 0 0 0 0 0 0 0 0 0 0 0 0 13 0 130 13 0 0 0 0 0 0 0 72
0 0 0 1 9 0 0 0 0 0 0 0 0 0 0 0 0 0 0 0 0 0 30 0 24 0 0 7 1 0 0 0 0 26 77 69 0 75 0 12 0
0 0 0 1 5 0 0 0 0 0 0 0 0 0 0 0 0 0 0 0 0 0 35 0 27 0 0 16 2 0 0 0 0 24 87 63 0 78 0 8 0
0 0 54 1 0 0 0 0 0 0 0 0 0 0 0 0 0 0 0 0 0 0 0 0 0 0 0 0 0 14 0 127 17 0 0 0 0 0 0 0 66
0 0 23 0 0 0 0 0 0 0 0 0 0 0 0 0 0 0 0 0 0 0 0 0 0 0 0 6 0 0 0 60 23 0 59 2 0 5 0 0 14
0 0 0 2 10 0 0 0 0 0 0 0 0 0 0 0 0 0 0 0 0 0 30 0 23 0 0 7 2 0 0 0 0 26 74 69 0 74 0 12 0
0 0 0 0 2 0 0 0 0 0 0 0 0 0 0 0 0 0 0 0 0 0 39 0 31 0 0 25 1 0 0 0 0 22 92 53 0 79 0 1 0
0 0 55 0 0 0 0 0 0 0 0 0 0 0 0 0 0 0 0 0 0 0 0 0 0 0 0 0 0 13 0 126 14 0 0 0 0 0 0 0 67
0 0 0 0 2 0 0 0 0 0 0 0 0 0 0 0 0 0 0 0 0 0 38 0 29 0 0 23 1 0 0 0 0 21 91 53 0 78 0 3 0
0 0 44 0 0 0 0 0 0 0 0 0 0 0 0 0 0 0 0 0 0 0 0 0 0 0 0 0 0 9 0 110 20 0 0 0 0 0 0 0 53
0 0 51 1 0 0 0 0 0 0 0 0 0 0 0 0 0 0 0 0 0 0 0 0 0 0 0 0 0 13 0 123 17 0 0 0 0 0 0 0 63
0 0 39 0 0 0 0 0 0 0 0 0 0 0 0 0 0 0 0 0 0 0 0 0 0 0 0 0 0 6 0 99 21 0 16 0 0 0 0 0 43
0 0 0 0 0 0 0 0 0 0 0 0 0 0 0 0 0 0 0 0 0 0 19 0 17 0 0 21 0 0 0 0 15 7 89 23 0 45 0 0 0
0 0 46 1 0 0 0 0 0 0 0 0 0 0 0 0 0 0 0 0 0 0 0 0 0 0 0 0 0 10 0 113 20 0 0 0 0 0 0 0 55
0 0 56 1 0 0 0 0 0 0 0 0 0 0 0 0 0 0 0 0 0 0 0 0 0 0 0 0 0 12 0 124 13 0 0 0 0 0 0 0 68
0 0 57 0 0 0 0 0 0 0 0 0 0 0 0 0 0 0 0 0 0 0 0 0 0 0 0 0 0 13 0 128 14 0 0 0 0 0 0 0 70
0 0 59 0 0 0 0 0 0 0 0 0 0 0 0 0 0 0 0 0 0 0 0 0 0 0 0 0 0 14 0 132 13 0 0 0 0 0 0 0 72
0 0 0 0 1 0 0 0 0 0 0 0 0 0 0 0 0 0 0 0 0 0 37 0 30 0 0 26 0 0 0 0 0 19 93 45 0 75 0 0 0
0 0 14 0 0 0 0 0 0 0 0 0 0 0 0 0 0 0 0 0 0 0 5 0 7 0 0 13 0 0 0 34 23 0 78 8 0 22 0 0 0
0 0 52 0 0 0 0 0 0 0 0 0 0 0 0 0 0 0 0 0 0 0 0 0 0 0 0 0 0 12 0 121 16 0 0 0 0 0 0 0 63
