0 0 19 2 0 0 0 0 0 0 0 0 0 0 0 0 0 0 0 0 0 0 17 0 0 0 1 3 0 0 0 50 0 0 81 91 0 0 0 102 9
11 0 46 0 0 0 0 0 0 0 0 0 0 0 0 0 0 0 0 0 0 0 0 10 0 0 0 0 2 0 0 0 27 3 0 0 0 34 28 0 0
0 0 16 1 0 0 0 0 0 0 0 0 0 0 0 0 0 0 0 0 0 0 19 0 0 0 0 1 0 0 0 58 0 0 50 67 0 8 19 64 2
0 0 21 0 0 0 0 0 0 0 0 0 0 0 0 0 0 0 0 0 0 0 18 0 0 0 1 5 0 0 0 51 0 0 83 90 0 0 0 102 9
0 0 15 0 0 0 0 0 0 0 0 0 0 0 0 0 0 0 0 0 0 0 18 0 0 0 0 3 0 0 0 58 0 0 74 86 0 0 7 96 8
0 0 15 1 0 0 0 0 0 0 0 0 0 0 0 0 0 0 0 0 0 0 17 0 0 0 0 2 0 0 0 61 0 0 61 77 0 3 16 77 4
0 0 21 1 0 0 0 0 0 0 0 0 0 0 0 0 0 0 0 0 0 0 19 0 0 0 1 5 0 0 0 50 0 0 84 91 0 0 0 104 10
0 0 17 0 0 0 0 0 0 0 0 0 0 0 0 0 0 0 0 0 0 0 21 0 0 0 0 4 0 0 0 53 0 0 79 89 0 0 1 99 10
0 0 20 1 0 0 0 0 0 0 0 0 0 0 0 0 0 0 0 0 0 0 18 0 0 0 1 4 0 0 0 51 0 0 84 92 0 0 0 103 10
0 0 15 0 0 0 0 0 0 0 0 0 0 0 0 0 0 0 0 0 0 0 20 0 0 0 0 3 0 0 0 57 0 0 71 84 0 0 9 91 8
3 0 22 2 0 0 0 0 0 0 0 0 0 0 0 0 0 0 0 0 0 0 14 0 0 0 3 4 0 0 0 50 0 0 89 93 0 0 0 105 7
11 0 11 1 0 0 0 0 0 0 0 0 0 0 0 0 0 0 0 0 0 0 15 0 0 0 5 1 0 0 0 50 0 0 74 82 0 0 0 90 4
3 0 24 1 0 0 0 0 0 0 0 0 0 0 0 0 0 0 0 0 0 0 16 0 0 0 4 4 0 0 0 49 0 0 92 95 0 0 0 107 8
1 0 20 2 0 0 0 0 0 0 0 0 0 0 0 0 0 0 0 0 0 0 16 0 0 0 3 4 0 0 0 49 0 0 82 90 0 0 0 102 9
1 0 33 0 0 0 0 0 0 0 0 0 0 0 0 0 0 0 0 0 0 0 0 8 0 0 0 0 1 0 0 30 16 0 13 29 0 29 26 30 0
3 0 23 3 0 0 0 0 0 0 0 0 0 0 0 0 0 0 0 0 0 0 17 0 0 0 4 4 0 0 0 48 0 0 86 93 0 0 0 105 10
0 0 17 1 0 0 0 0 0 0 0 0 0 0 0 0 0 0 0 0 0 0 18 0 0 0 0 4 0 0 0 51 0 0 78 90 0 0 0 100 10
0 0 20 1 0 0 0 0 0 0 0 0 0 0 0 0 0 0 0 0 0 0 18 0 0 0 1 4 0 0 0 51 0 0 85 94 0 0 0 104 10
0 0 22 1 0 0 0 0 0 0 0 0 0 0 0 0 0 0 0 0 0 0 18 0 0 0 2 5 0 0 0 48 0 0 85 93 0 0 0 105 11
6 0 20 2 0 0 0 0 0 0 0 0 0 0 0 0 0 0 0 0 0 0 16 0 0 0 4 3 0 0 0 49 0 0 87 94 0 0 0 103 8
1 0 34 0 0 0 0 0 0 0 0 0 0 0 0 0 0 0 0 0 0 0 3 8 0 0 0 0 0 0 0 30 16 0 13 29 0 25 24 36 0
0 0 22 1 0 0 0 0 0 0 0 0 0 0 0 0 0 0 0 0 0 0 17 0 0 0 2 4 0 0 0 50 0 0 84 91 0 0 0 104 9
0 0 14 0 0 0 0 0 0 0 0 0 0 0 0 0 0 0 0 0 0 0 15 0 0 0 0 2 0 0 0 60 0 0 66 80 0 0 11 86 5
0 0 15 1 0 0 0 0 0 0 0 0 0 0 0 0 0 0 0 0 0 0 21 0 0 0 0 2 0 0 0 56 0 0 70 84 0 0 11 88 7
0 0 18 1 0 0 0 0 0 0 0 0 0 0 0 0 0 0 0 0 0 0 17 2 0 0 0 0 0 0 0 56 4 0 42 60 0 14 20 58 1
2 0 22 2 0 0 0 0 0 0 0 0 0 0 0 0 0 0 0 0 0 0 15 0 0 0 3 3 0 0 0 49 0 0 85 92 0 0 0 104 9
0 0 16 0 0 0 0 0 0 0 0 0 0 0 0 0 0 0 0 0 0 0 19 0 0 0 0 4 0 0 0 54 0 0 79 89 0 0 0 102 10
0 0 18 1 0 0 0 0 0 0 0 0 0 0 0 0 0 0 0 0 0 0 17 0 0 0 0 1 0 0 0 59 2 0 51 68 0 8 19 68 2
0 0 20 1 0 0 0 0 0 0 0 0 0 0 0 0 0 0 0 0 0 0 20 0 0 0 1 5 0 0 0 51 0 0 82 90 0 0 0 103 10
9 0 16 2 0 0 0 0 0 0 0 0 0 0 0 0 0 0 0 0 0 0 16 0 0 0 4 1 0 0 0 49 0 0 79 88 0 0 0 97 7
0 0 16 0 0 0 0 0 0 0 0 0 0 0 0 0 0 0 0 0 0 0 17 0 0 0 0 4 0 0 0 54 0 0 77 87 0 0 2 99 9
0 0 15 1 0 0 0 0 0 0 0 0 0 0 0 0 0 0 0 0 0 0 20 0 0 0 0 1 0 0 0 58 0 0 50 67 0 9 19 64 2
14 0 11 0 0 0 0 0 0 0 0 0 0 0 0 0 0 0 0 0 0 0 17 0 0 0 6 2 0 0 0 47 0 0 71 77 0 0 0 89 4
0 0 16 1 0 0 0 0 0 0 0 0 0 0 0 0 0 0 0 0 0 0 16 1 0 0 0 0 0 0 0 56 4 0 48 65 0 9 20 66 3
0 0 14 0 0 0 0 0 0 0 0 0 0 0 0 0 0 0 0 0 0 0 18 0 0 0 0 3 0 0 0 55 0 0 71 83 0 0 9 92 8
0 0 24 0 0 0 0 0 0 0 0 0 0 0 0 0 0 0 0 0 0 0 13 5 0 0 0 0 0 0 0 46 7 0 24 46 0 23 23 41 0
0 0 19 1 0 0 0 0 0 0 0 0 0 0 0 0 0 0 0 0 0 0 15 2 0 0 0 0 0 0 0 53 4 0 35 54 0 17 22 50 0
1 0 20 2 0 0 0 0 0 0 0 0 0 0 0 0 0 0 0 0 0 0 15 0 0 0 2 3 0 0 0 52 0 0 83 91 0 0 0 101 7
4 0 21 2 0 0 0 0 0 0 0 0 0 0 0 0 0 0 0 0 0 0 15 0 0 0 4 3 0 0 0 48 0 0 84 91 0 0 0 102 8
4 0 22 2 0 0 0 0 0 0 0 0 0 0 0 0 0 0 0 0 0 0 15 0 0 0 4 3 0 0 0 49 0 0 86 92 0 0 0 103 8
0 0 16 1 0 0 0 0 0 0 0 0 0 0 0 0 0 0 0 0 0 0 20 0 0 0 0 2 0 0 0 57 0 0 58 74 0 3 18 75 5
0 0 18 1 0 0 0 0 0 0 0 0 0 0 0 0 0 0 0 0 0 0 19 0 0 0 0 5 0 0 0 51 0 0 80 90 0 0 0 101 10
0 0 33 0 0 0 0 0 0 0 0 0 0 0 0 0 0 0 0 0 0 0 3 8 0 0 0 0 0 0 0 31 15 0 12 29 0 27 24 34 0
0 0 16 1 0 0 0 0 0 0 0 0 0 0 0 0 0 0 0 0 0 0 20 0 0 0 0 3 0 0 0 54 0 0 77 89 0 0 2 99 10
0 0 14 0 0 0 0 0 0 0 0 0 0 0 0 0 0 0 0 0 0 0 17 0 0 0 0 3 0 0 0 61 0 0 70 84 0 0 14 89 5
5 0 21 3 0 0 0 0 0 0 0 0 0 0 0 0 0 0 0 0 0 0 15 0 0 0 4 2 0 0 0 47 0 0 84 92 0 0 0 102 9
0 0 17 0 0 0 0 0 0 0 0 0 0 0 0 0 0 0 0 0 0 0 20 0 0 0 0 3 0 0 0 55 0 0 76 88 0 0 3 98 9
0 0 15 0 0 0 0 0 0 0 0 0 0 0 0 0 0 0 0 0 0 0 17 0 0 0 0 3 0 0 0 59 0 0 68 81 0 0 9 89 6
0 0 19 2 0 0 0 0 0 0 0 0 0 0 0 0 0 0 0 0 0 0 14 0 0 0 2 4 0 0 0 50 0 0 79 88 0 0 0 99 8
0 0 15 1 0 0 0 0 0 0 0 0 0 0 0 0 0 0 0 0 0 0 19 0 0 0 0 1 0 0 0 58 0 0 52 68 0 7 18 66 2
0 0 16 1 0 0 0 0 0 0 0 0 0 0 0 0 0 0 0 0 0 0 19 0 0 0 0 2 0 0 0 58 0 0 63 78 0 0 14 83 6
0 0 16 1 0 0 0 0 0 0 0 0 0 0 0 0 0 0 0 0 0 0 16 0 0 0 0 1 0 0 0 57 2 0 50 68 0 7 18 67 2
0 0 17 1 0 0 0 0 0 0 0 0 0 0 0 0 0 0 0 0 0 0 15 1 0 0 0 0 0 0 0 54 3 0 42 60 0 12 20 58 1
9 0 15 1 0 0 0 0 0 0 0 0 0 0 0 0 0 0 0 0 0 0 16 0 0 0 5 1 0 0 0 50 0 0 77 85 0 0 0 93 6
0 0 15 0 0 0 0 0 0 0 0 0 0 0 0 0 0 0 0 0 0 0 19 0 0 0 0 3 0 0 0 55 0 0 76 88 0 0 6 98 9
0 0 27 0 0 0 0 0 0 0 0 0 0 0 0 0 0 0 0 0 0 0 12 6 0 0 0 0 0 0 0 43 8 0 23 44 0 24 24 40 0
0 0 23 0 0 0 0 0 0 0 0 0 0 0 0 0 0 0 0 0 0 0 12 5 0 0 0 0 0 0 0 50 7 0 32 52 0 20 24 48 0
5 0 20 2 0 0 0 0 0 0 0 0 0 0 0 0 0 0 0 0 0 0 15 0 0 0 3 3 0 0 0 49 0 0 84 90 0 0 0 101 8
13 0 13 1 0 0 0 0 0 0 0 0 0 0 0 0 0 0 0 0 0 0 18 0 0 0 6 2 0 0 0 47 0 0 71 79 0 0 0 93 6
0 0 20 2 0 0 0 0 0 0 0 0 0 0 0 0 0 0 0 0 0 0 18 0 0 0 1 4 0 0 0 51 0 0 85 94 0 0 0 103 10
10 0 14 2 0 0 0 0 0 0 0 0 0 0 0 0 0 0 0 0 0 0 16 0 0 0 5 0 0 0 0 50 0 0 75 85 0 0 0 93 6
3 0 22 2 0 0 0 0 0 0 0 0 0 0 0 0 0 0 0 0 0 0 15 0 0 0 3 3 0 0 0 50 0 0 85 91 0 0 0 104 8
0 0 16 1 0 0 0 0 0 0 0 0 0 0 0 0 0 0 0 0 0 0 19 0 0 0 0 2 0 0 0 59 2 0 55 72 0 5 19 74 4
0 0 19 1 0 0 0 0 0 0 0 0 0 0 0 0 0 0 0 0 0 0 18 0 0 0 0 4 0 0 0 50 0 0 82 91 0 0 0 103 10
0 0 16 1 0 0 0 0 0 0 0 0 0 0 0 0 0 0 0 0 0 0 19 0 0 0 0 1 0 0 0 58 1 0 49 66 0 9 19 65 2
0 0 16 1 0 0 0 0 0 0 0 0 0 0 0 0 0 0 0 0 0 0 19 0 0 0 0 1 0 0 0 58 1 0 49 66 0 9 20 64 2
3 0 24 1 0 0 0 0 0 0 0 0 0 0 0 0 0 0 0 0 0 0 17 0 0 0 4 3 0 0 0 50 0 0 93 98 0 0 0 108 8
0 0 15 0 0 0 0 0 0 0 0 0 0 0 0 0 0 0 0 0 0 0 16 0 0 0 0 3 0 0 0 56 0 0 75 87 0 0 6 96 8
0 0 15 0 0 0 0 0 0 0 0 0 0 0 0 0 0 0 0 0 0 0 18 0 0 0 0 4 0 0 0 53 0 0 76 87 0 0 1 98 9
0 0 22 0 0 0 0 0 0 0 0 0 0 0 0 0 0 0 0 0 0 0 21 0 0 0 1 5 0 0 0 49 0 0 84 91 0 0 0 103 11
0 0 31 0 0 0 0 0 0 0 0 0 0 0 0 0 0 0 0 0 0 0 9 7 0 0 0 0 0 0 0 37 11 0 14 36 0 30 26 31 0
0 0 17 2 0 0 0 0 0 0 0 0 0 0 0 0 0 0 0 0 0 0 17 0 0 0 0 3 0 0 0 52 0 0 80 91 0 0 0 100 9
0 0 20 1 0 0 0 0 0 0 0 0 0 0 0 0 0 0 0 0 0 0 15 2 0 0 0 0 0 0 0 55 6 0 41 61 0 14 22 59 1
0 0 19 0 0 0 0 0 0 0 0 0 0 0 0 0 0 0 0 0 0 0 21 0 0 0 0 4 0 0 0 51 0 0 83 93 0 0 0 103 11
10 0 13 4 0 0 0 0 0 0 0 0 0 0 0 0 0 0 0 0 0 0 16 0 0 0 4 0 0 0 0 50 0 0 76 88 0 0 0 96 7
0 0 17 0 0 0 0 0 0 0 0 0 0 0 0 0 0 0 0 0 0 0 19 0 0 0 0 4 0 0 0 55 0 0 80 90 0 0 1 102 9
5 0 19 3 0 0 0 0 0 0 0 0 0 0 0 0 0 0 0 0 0 0 14 0 0 0 4 1 0 0 0 48 0 0 83 92 0 0 0 100 8
0 0 24 0 0 0 0 0 0 0 0 0 0 0 0 0 0 0 0 0 0 0 17 0 0 0 3 5 0 0 0 49 0 0 89 93 0 0 0 106 9
0 0 15 0 0 0 0 0 0 0 0 0 0 0 0 0 0 0 0 0 0 0 20 0 0 0 0 3 0 0 0 55 0 0 73 86 0 0 7 95 9
0 0 16 1 0 0 0 0 0 0 0 0 0 0 0 0 0 0 0 0 0 0 19 0 0 0 0 1 0 0 0 59 1 0 56 73 0 5 18 73 4
2 0 20 2 0 0 0 0 0 0 0 0 0 0 0 0 0 0 0 0 0 0 15 0 0 0 3 3 0 0 0 49 0 0 81 89 0 0 0 101 9
0 0 22 1 0 0 0 0 0 0 0 0 0 0 0 0 0 0 0 0 0 0 18 0 0 0 1 4 0 0 0 49 0 0 84 91 0 0 0 103 10
7 0 15 2 0 0 0 0 0 0 0 0 0 0 0 0 0 0 0 0 0 0 15 0 0 0 4 1 0 0 0 50 0 0 80 89 0 0 0 95 6
5 0 21 1 0 0 0 0 0 0 0 0 0 0 0 0 0 0 0 0 0 0 17 0 0 0 4 4 0 0 0 49 0 0 85 91 0 0 0 103 8
0 0 22 2 0 0 0 0 0 0 0 0 0 0 0 0 0 0 0 0 0 0 17 0 0 0 2 4 0 0 0 49 0 0 84 92 0 0 0 105 10
0 0 17 0 0 0 0 0 0 0 0 0 0 0 0 0 0 0 0 0 0 0 21 0 0 0 0 3 0 0 0 53 0 0 79 90 0 0 1 99 10
10 0 14 2 0 0 0 0 0 0 0 0 0 0 0 0 0 0 0 0 0 0 18 0 0 0 4 1 0 0 0 53 0 0 80 88 0 0 0 97 6
5 0 19 3 0 0 0 0 0 0 0 0 0 0 0 0 0 0 0 0 0 0 15 0 0 0 4 1 0 0 0 49 0 0 81 90 0 0 0 100 9
0 0 15 1 0 0 0 0 0 0 0 0 0 0 0 0 0 0 0 0 0 0 18 0 0 0 0 1 0 0 0 60 0 0 60 74 0 3 17 73 3
1 0 24 1 0 0 0 0 0 0 0 0 0 0 0 0 0 0 0 0 0 0 17 0 0 0 3 5 0 0 0 50 0 0 92 96 0 0 0 109 9
0 0 15 0 0 0 0 0 0 0 0 0 0 0 0 0 0 0 0 0 0 0 18 0 0 0 0 3 0 0 0 56 0 0 74 87 0 0 6 96 8
1 0 25 1 0 0 0 0 0 0 0 0 0 0 0 0 0 0 0 0 0 0 18 0 0 0 4 4 0 0 0 50 0 0 90 95 0 0 0 107 9
0 0 20 0 0 0 0 0 0 0 0 0 0 0 0 0 0 0 0 0 0 0 13 2 0 0 0 0 0 0 0 53 5 0 42 60 0 13 21 58 0
11 0 12 2 0 0 0 0 0 0 0 0 0 0 0 0 0 0 0 0 0 0 17 0 0 0 5 1 0 0 0 51 0 0 77 86 0 0 0 95 5
14 0 13 0 0 0 0 0 0 0 0 0 0 0 0 0 0 0 0 0 0 0 17 0 0 0 6 1 0 0 0 48 0 0 74 80 0 0 0 90 5
0 0 19 1 0 0 0 0 0 0 0 0 0 0 0 0 0 0 0 0 0 0 19 0 0 0 0 4 0 0 0 50 0 0 81 91 0 0 0 102 10
12 0 13 1 0 0 0 0 0 0 0 0 0 0 0 0 0 0 0 0 0 0 16 0 0 0 5 1 0 0 0 51 0 0 77 84 0 0 0 93 5
0 0 16 0 0 0 0 0 0 0 0 0 0 0 0 0 0 0 0 0 0 0 18 0 0 0 0 4 0 0 0 53 0 0 78 89 0 0 1 99 9
0 0 17 1 0 0 0 0 0 0 0 0 0 0 0 0 0 0 0 0 0 0 18 0 0 0 0 4 0 0 0 50 0 0 76 87 0 0 0 98 10
2 0 23 1 0 0 0 0 0 0 0 0 0 0 0 0 0 0 0 0 0 0 16 0 0 0 3 4 0 0 0 51 0 0 88 93 0 0 0 106 8
34 0 60 0 0 0 0 0 0 0 0 0 0 0 0 0 0 0 0 0 0 0 0 15 0 0 0 0 0 0 0 0 53 2 0 0 0 44 18 0 0
0 0 22 0 0 0 0 0 0 0 0 0 0 0 0 0 0 0 0 0 0 0 18 0 0 0 2 4 0 0 0 50 0 0 86 93 0 0 0 104 9
9 0 14 2 0 0 0 0 0 0 0 0 0 0 0 0 0 0 0 0 0 0 17 0 0 0 4 1 0 0 0 50 0 0 78 87 0 0 0 95 6
0 0 17 1 0 0 0 0 0 0 0 0 0 0 0 0 0 0 0 0 0 0 17 1 0 0 0 0 0 0 0 57 3 0 47 65 0 10 20 65 2
2 0 20 2 0 0 0 0 0 0 0 0 0 0 0 0 0 0 0 0 0 0 14 0 0 0 2 3 0 0 0 49 0 0 81 89 0 0 0 100 8
0 0 21 1 0 0 0 0 0 0 0 0 0 0 0 0 0 0 0 0 0 0 14 2 0 0 0 0 0 0 0 51 4 0 34 55 0 17 22 48 0
2 0 23 1 0 0 0 0 0 0 0 0 0 0 0 0 0 0 0 0 0 0 17 0 0 0 3 4 0 0 0 49 0 0 90 95 0 0 0 105 8
3 0 22 2 0 0 0 0 0 0 0 0 0 0 0 0 0 0 0 0 0 0 15 0 0 0 3 3 0 0 0 50 0 0 86 92 0 0 0 103 8
0 0 17 0 0 0 0 0 0 0 0 0 0 0 0 0 0 0 0 0 0 0 21 0 0 0 0 3 0 0 0 53 0 0 77 88 0 0 5 98 10
0 0 17 1 0 0 0 0 0 0 0 0 0 0 0 0 0 0 0 0 0 0 14 1 0 0 0 0 0 0 0 60 2 0 48 65 0 12 20 61 0
0 0 15 0 0 0 0 0 0 0 0 0 0 0 0 0 0 0 0 0 0 0 18 0 0 0 0 3 0 0 0 58 0 0 73 87 0 0 12 92 7
0 0 27 0 0 0 0 0 0 0 0 0 0 0 0 0 0 0 0 0 0 0 10 6 0 0 0 0 0 0 0 43 10 0 26 47 0 22 24 44 0
0 0 23 1 0 0 0 0 0 0 0 0 0 0 0 0 0 0 0 0 0 0 12 5 0 0 0 0 0 0 0 45 9 0 27 48 0 20 23 46 0
0 0 21 1 0 0 0 0 0 0 0 0 0 0 0 0 0 0 0 0 0 0 19 0 0 0 1 5 0 0 0 50 0 0 83 90 0 0 0 103 10
0 0 18 1 0 0 0 0 0 0 0 0 0 0 0 0 0 0 0 0 0 0 17 1 0 0 0 0 0 0 0 55 2 0 40 60 0 14 21 54 0
17 0 10 0 0 0 0 0 0 0 0 0 0 0 0 0 0 0 0 0 0 0 18 0 1 0 6 2 0 0 0 51 0 0 72 77 0 0 0 92 4
0 0 18 2 0 0 0 0 0 0 0 0 0 0 0 0 0 0 0 0 0 0 16 0 0 0 1 4 0 0 0 51 0 0 80 89 0 0 0 100 9
3 0 22 1 0 0 0 0 0 0 0 0 0 0 0 0 0 0 0 0 0 0 15 0 0 0 3 4 0 0 0 50 0 0 86 91 0 0 0 103 7
0 0 15 0 0 0 0 0 0 0 0 0 0 0 0 0 0 0 0 0 0 0 17 0 0 0 0 3 0 0 0 57 0 0 76 87 0 0 7 98 8
24 0 53 0 0 0 0 0 0 0 0 0 0 0 0 0 0 0 0 0 0 0 0 13 0 0 0 0 1 0 0 0 40 2 0 0 0 39 21 0 0
0 0 16 0 0 0 0 0 0 0 0 0 0 0 0 0 0 0 0 0 0 0 17 0 0 0 0 4 0 0 0 54 0 0 76 86 0 0 0 97 8
0 0 15 2 0 0 0 0 0 0 0 0 0 0 0 0 0 0 0 0 0 0 18 0 0 0 0 1 0 0 0 57 2 0 50 68 0 8 19 68 3
0 0 18 1 0 0 0 0 0 0 0 0 0 0 0 0 0 0 0 0 0 0 16 1 0 0 0 1 0 0 0 54 4 0 46 63 0 8 19 65 3
0 0 19 1 0 0 0 0 0 0 0 0 0 0 0 0 0 0 0 0 0 0 15 3 0 0 0 0 0 0 0 51 5 0 34 53 0 16 21 51 0
0 0 15 0 0 0 0 0 0 0 0 0 0 0 0 0 0 0 0 0 0 0 19 0 0 0 0 3 0 0 0 57 0 0 61 75 0 0 14 79 5
5 0 20 2 0 0 0 0 0 0 0 0 0 0 0 0 0 0 0 0 0 0 15 0 0 0 4 2 0 0 0 48 0 0 82 90 0 0 0 101 9
9 0 13 3 0 0 0 0 0 0 0 0 0 0 0 0 0 0 0 0 0 0 16 0 0 0 4 0 0 0 0 49 0 0 74 85 0 0 0 92 7
0 0 19 1 0 0 0 0 0 0 0 0 0 0 0 0 0 0 0 0 0 0 15 2 0 0 0 0 0 0 0 49 4 0 34 54 0 16 22 49 0
0 0 15 2 0 0 0 0 0 0 0 0 0 0 0 0 0 0 0 0 0 0 19 0 0 0 0 1 0 0 0 59 0 0 52 69 0 9 19 66 2
0 0 19 1 0 0 0 0 0 0 0 0 0 0 0 0 0 0 0 0 0 0 16 2 0 0 0 0 0 0 0 54 3 0 39 57 0 16 23 50 0
0 0 19 2 0 0 0 0 0 0 0 0 0 0 0 0 0 0 0 0 0 0 18 2 0 0 0 0 0 0 0 50 3 0 38 59 0 14 22 53 1
2 0 21 2 0 0 0 0 0 0 0 0 0 0 0 0 0 0 0 0 0 0 16 0 0 0 3 4 0 0 0 50 0 0 85 91 0 0 0 103 8
0 0 19 1 0 0 0 0 0 0 0 0 0 0 0 0 0 0 0 0 0 0 16 0 0 0 1 4 0 0 0 50 0 0 80 88 0 0 0 100 10
0 0 17 2 0 0 0 0 0 0 0 0 0 0 0 0 0 0 0 0 0 0 16 0 0 0 0 4 0 0 0 50 0 0 77 87 0 0 0 98 9
0 0 15 1 0 0 0 0 0 0 0 0 0 0 0 0 0 0 0 0 0 0 21 0 0 0 0 2 0 0 0 57 0 0 64 78 0 0 15 80 6
0 0 16 0 0 0 0 0 0 0 0 0 0 0 0 0 0 0 0 0 0 0 20 0 0 0 0 4 0 0 0 51 0 0 78 89 0 0 1 99 10
0 0 20 1 0 0 0 0 0 0 0 0 0 0 0 0 0 0 0 0 0 0 16 0 0 0 2 3 0 0 0 51 0 0 83 91 0 0 0 102 8
15 0 8 0 0 0 0 0 0 0 0 0 0 0 0 0 0 0 0 0 0 0 17 0 1 0 6 0 0 0 0 48 0 0 69 77 0 0 0 88 4
0 0 16 1 0 0 0 0 0 0 0 0 0 0 0 0 0 0 0 0 0 0 19 0 0 0 0 4 0 0 0 52 0 0 78 89 0 0 0 100 10
1 0 24 0 0 0 0 0 0 0 0 0 0 0 0 0 0 0 0 0 0 0 17 0 0 0 3 5 0 0 0 50 0 0 91 93 0 0 0 107 8
0 0 20 1 0 0 0 0 0 0 0 0 0 0 0 0 0 0 0 0 0 0 21 0 0 0 0 4 0 0 0 49 0 0 82 90 0 0 0 103 10
0 0 20 1 0 0 0 0 0 0 0 0 0 0 0 0 0 0 0 0 0 0 17 0 0 0 1 4 0 0 0 50 0 0 81 90 0 0 0 101 10
0 0 14 0 0 0 0 0 0 0 0 0 0 0 0 0 0 0 0 0 0 0 16 0 0 0 0 3 0 0 0 57 0 0 72 83 0 0 7 93 7
0 0 27 0 0 0 0 0 0 0 0 0 0 0 0 0 0 0 0 0 0 0 13 5 0 0 0 0 0 0 0 43 8 0 22 46 0 25 25 38 0
0 0 19 1 0 0 0 0 0 0 0 0 0 0 0 0 0 0 0 0 0 0 15 2 0 0 0 0 0 0 0 52 5 0 40 59 0 13 21 57 1
1 0 21 2 0 0 0 0 0 0 0 0 0 0 0 0 0 0 0 0 0 0 16 0 0 0 2 4 0 0 0 48 0 0 80 88 0 0 0 101 10
0 0 14 0 0 0 0 0 0 0 0 0 0 0 0 0 0 0 0 0 0 0 19 0 0 0 0 3 0 0 0 53 0 0 74 87 0 0 5 96 9
0 0 22 0 0 0 0 0 0 0 0 0 0 0 0 0 0 0 0 0 0 0 12 4 0 0 0 0 0 0 0 48 7 0 31 51 0 19 22 49 0
0 0 14 0 0 0 0 0 0 0 0 0 0 0 0 0 0 0 0 0 0 0 19 0 0 0 0 3 0 0 0 56 0 0 70 84 0 0 11 92 8
0 0 18 1 0 0 0 0 0 0 0 0 0 0 0 0 0 0 0 0 0 0 20 0 0 0 0 2 0 0 0 54 0 0 78 90 0 0 3 99 9
0 0 19 0 0 0 0 0 0 0 0 0 0 0 0 0 0 0 0 0 0 0 20 0 0 0 0 4 0 0 0 53 0 0 81 91 0 0 0 101 9
0 0 15 0 0 0 0 0 0 0 0 0 0 0 0 0 0 0 0 0 0 0 18 0 0 0 0 3 0 0 0 55 0 0 70 84 0 0 9 94 9
0 0 15 2 0 0 0 0 0 0 0 0 0 0 0 0 0 0 0 0 0 0 17 0 0 0 0 2 0 0 0 57 1 0 53 70 0 4 17 72 4
0 0 20 2 0 0 0 0 0 0 0 0 0 0 0 0 0 0 0 0 0 0 16 0 0 0 1 4 0 0 0 50 0 0 81 89 0 0 0 100 10
6 0 18 3 0 0 0 0 0 0 0 0 0 0 0 0 0 0 0 0 0 0 16 0 0 0 4 1 0 0 0 52 0 0 87 96 0 0 0 104 8
0 0 24 0 0 0 0 0 0 0 0 0 0 0 0 0 0 0 0 0 0 0 13 5 0 0 0 0 0 0 0 45 7 0 25 47 0 23 24 41 0
7 0 18 2 0 0 0 0 0 0 0 0 0 0 0 0 0 0 0 0 0 0 17 0 0 0 5 1 0 0 0 49 0 0 81 90 0 0 0 99 8
0 0 24 1 0 0 0 0 0 0 0 0 0 0 0 0 0 0 0 0 0 0 19 0 0 0 3 5 0 0 0 48 0 0 87 94 0 0 0 107 11
0 0 14 0 0 0 0 0 0 0 0 0 0 0 0 0 0 0 0 0 0 0 17 0 0 0 0 3 0 0 0 54 0 0 73 85 0 0 5 95 8
18 0 7 0 0 0 0 0 0 0 0 0 0 0 0 0 0 0 0 0 0 0 25 0 3 1 6 0 0 0 0 55 0 0 74 83 0 0 0 98 5
4 0 22 3 0 0 0 0 0 0 0 0 0 0 0 0 0 0 0 0 0 0 16 0 0 0 4 2 0 0 0 50 0 0 87 96 0 0 0 106 9
24 0 52 0 0 0 0 0 0 0 0 0 0 0 0 0 0 0 0 0 0 0 0 14 0 0 0 0 0 0 0 0 41 1 0 0 0 39 21 0 0
10 0 18 1 0 0 0 0 0 0 0 0 0 0 0 0 0 0 0 0 0 0 18 0 0 0 6 2 0 0 0 50 0 0 82 89 0 0 0 98 6
0 0 23 0 0 0 0 0 0 0 0 0 0 0 0 0 0 0 0 0 0 0 17 0 0 0 3 5 0 0 0 49 0 0 90 93 0 0 0 105 8
35 0 62 0 0 0 0 0 0 0 0 0 0 0 0 0 0 0 0 0 0 0 0 16 0 0 0 0 0 0 0 0 55 2 0 0 0 46 18 0 0
0 0 20 2 0 0 0 0 0 0 0 0 0 0 0 0 0 0 0 0 0 0 19 0 0 0 0 4 0 0 0 51 0 0 82 92 0 0 0 103 10
4 0 19 2 0 0 0 0 0 0 0 0 0 0 0 0 0 0 0 0 0 0 16 0 0 0 3 3 0 0 0 50 0 0 84 92 0 0 0 101 8
0 0 15 0 0 0 0 0 0 0 0 0 0 0 0 0 0 0 0 0 0 0 19 0 0 0 0 3 0 0 0 57 0 0 67 81 0 0 11 87 7
0 0 16 0 0 0 0 0 0 0 0 0 0 0 0 0 0 0 0 0 0 0 19 0 0 0 0 4 0 0 0 53 0 0 80 91 0 0 1 101 10
0 0 23 1 0 0 0 0 0 0 0 0 0 0 0 0 0 0 0 0 0 0 19 0 0 0 2 4 0 0 0 52 0 0 88 95 0 0 0 106 9
29 0 55 0 0 0 0 0 0 0 0 0 0 0 0 0 0 0 0 0 0 0 0 13 0 0 0 0 0 0 0 0 47 3 0 0 0 41 19 0 0
0 0 19 1 0 0 0 0 0 0 0 0 0 0 0 0 0 0 0 0 0 0 18 0 0 0 0 4 0 0 0 51 0 0 81 90 0 0 0 102 10
11 0 13 2 0 0 0 0 0 0 0 0 0 0 0 0 0 0 0 0 0 0 16 0 0 0 5 0 0 0 0 50 0 0 74 84 0 0 0 94 6
2 0 23 2 0 0 0 0 0 0 0 0 0 0 0 0 0 0 0 0 0 0 16 0 0 0 4 4 0 0 0 48 0 0 87 92 0 0 0 105 9
0 0 28 0 0 0 0 0 0 0 0 0 0 0 0 0 0 0 0 0 0 0 8 6 0 0 0 0 0 0 0 38 12 0 21 40 0 23 24 39 0
0 0 20 1 0 0 0 0 0 0 0 0 0 0 0 0 0 0 0 0 0 0 18 0 0 0 1 4 0 0 0 51 0 0 83 92 0 0 0 103 10
16 0 9 0 0 0 0 0 0 0 0 0 0 0 0 0 0 0 0 0 0 0 21 0 1 0 6 1 0 0 0 50 0 0 76 84 0 0 0 95 4
0 0 23 1 0 0 0 0 0 0 0 0 0 0 0 0 0 0 0 0 0 0 16 0 0 0 3 4 0 0 0 51 0 0 91 95 0 0 0 107 8
15 0 47 0 0 0 0 0 0 0 0 0 0 0 0 0 0 0 0 0 0 0 0 11 0 0 0 0 3 0 0 0 28 1 0 0 0 34 27 0 0
0 0 16 0 0 0 0 0 0 0 0 0 0 0 0 0 0 0 0 0 0 0 20 0 0 0 0 4 0 0 0 53 0 0 78 89 0 0 0 100 9
0 0 16 2 0 0 0 0 0 0 0 0 0 0 0 0 0 0 0 0 0 0 18 1 0 0 0 0 0 0 0 55 2 0 43 61 0 12 21 57 1
0 0 23 0 0 0 0 0 0 0 0 0 0 0 0 0 0 0 0 0 0 0 19 0 0 0 1 5 0 0 0 51 0 0 87 93 0 0 0 105 9
0 0 14 1 0 0 0 0 0 0 0 0 0 0 0 0 0 0 0 0 0 0 18 0 0 0 0 2 0 0 0 58 2 0 56 72 0 4 17 75 5
3 0 21 1 0 0 0 0 0 0 0 0 0 0 0 0 0 0 0 0 0 0 16 0 0 0 4 3 0 0 0 49 0 0 88 93 0 0 0 104 8
18 0 52 0 0 0 0 0 0 0 0 0 0 0 0 0 0 0 0 0 0 0 0 12 0 0 0 0 2 0 0 0 34 2 0 0 0 37 27 0 0
0 0 16 1 0 0 0 0 0 0 0 0 0 0 0 0 0 0 0 0 0 0 20 0 0 0 0 2 0 0 0 58 0 0 60 77 0 2 16 78 5
0 0 14 0 0 0 0 0 0 0 0 0 0 0 0 0 0 0 0 0 0 0 18 0 0 0 0 3 0 0 0 55 0 0 75 87 0 0 6 96 8
0 0 15 1 0 0 0 0 0 0 0 0 0 0 0 0 0 0 0 0 0 0 18 1 0 0 0 0 0 0 0 59 2 0 48 66 0 10 19 64 1
0 0 15 1 0 0 0 0 0 0 0 0 0 0 0 0 0 0 0 0 0 0 18 0 0 0 0 2 0 0 0 59 0 0 65 80 0 0 12 86 6
0 0 16 1 0 0 0 0 0 0 0 0 0 0 0 0 0 0 0 0 0 0 21 0 0 0 0 4 0 0 0 51 0 0 77 89 0 0 2 99 11
0 0 14 0 0 0 0 0 0 0 0 0 0 0 0 0 0 0 0 0 0 0 19 0 0 0 0 2 0 0 0 59 0 0 66 81 0 0 14 87 6
0 0 16 0 0 0 0 0 0 0 0 0 0 0 0 0 0 0 0 0 0 0 21 0 0 0 0 3 0 0 0 55 0 0 71 84 0 0 8 91 8
9 0 43 0 0 0 0 0 0 0 0 0 0 0 0 0 0 0 0 0 0 0 0 10 0 0 0 0 1 0 0 7 23 0 0 2 0 32 27 16 0
11 0 48 0 0 0 0 0 0 0 0 0 0 0 0 0 0 0 0 0 0 0 0 12 0 0 0 0 2 0 0 0 28 1 0 0 0 36 29 0 0
0 0 18 1 0 0 0 0 0 0 0 0 0 0 0 0 0 0 0 0 0 0 19 0 0 0 0 4 0 0 0 51 0 0 81 91 0 0 0 101 10
0 0 33 0 0 0 0 0 0 0 0 0 0 0 0 0 0 0 0 0 0 0 4 8 0 0 0 0 0 0 0 30 15 0 11 29 0 27 24 33 0
3 0 22 2 0 0 0 0 0 0 0 0 0 0 0 0 0 0 0 0 0 0 16 0 0 0 3 4 0 0 0 49 0 0 84 91 0 0 0 104 9
0 0 19 1 0 0 0 0 0 0 0 0 0 0 0 0 0 0 0 0 0 0 16 3 0 0 0 0 0 0 0 54 5 0 38 59 0 16 21 55 0
0 0 18 1 0 0 0 0 0 0 0 0 0 0 0 0 0 0 0 0 0 0 14 3 0 0 0 0 0 0 0 54 4 0 35 53 0 18 23 46 0
0 0 28 0 0 0 0 0 0 0 0 0 0 0 0 0 0 0 0 0 0 0 11 6 0 0 0 0 0 0 0 40 9 0 19 42 0 25 24 37 0
0 0 16 0 0 0 0 0 0 0 0 0 0 0 0 0 0 0 0 0 0 0 14 0 0 0 0 3 0 0 0 57 0 0 77 87 0 0 5 95 6
11 0 13 2 0 0 0 0 0 0 0 0 0 0 0 0 0 0 0 0 0 0 17 0 0 0 5 1 0 0 0 50 0 0 77 85 0 0 0 95 6
0 0 16 0 0 0 0 0 0 0 0 0 0 0 0 0 0 0 0 0 0 0 18 0 0 0 0 2 0 0 0 60 0 0 66 82 0 0 14 85 6
0 0 18 1 0 0 0 0 0 0 0 0 0 0 0 0 0 0 0 0 0 0 17 0 0 0 0 4 0 0 0 52 0 0 78 89 0 0 0 100 10
0 0 19 1 0 0 0 0 0 0 0 0 0 0 0 0 0 0 0 0 0 0 16 0 0 0 1 4 0 0 0 50 0 0 81 89 0 0 0 100 9
0 0 19 1 0 0 0 0 0 0 0 0 0 0 0 0 0 0 0 0 0 0 17 0 0 0 2 4 0 0 0 51 0 0 81 89 0 0 0 101 9
0 0 15 0 0 0 0 0 0 0 0 0 0 0 0 0 0 0 0 0 0 0 21 0 0 0 0 3 0 0 0 55 0 0 77 89 0 0 7 98 9
0 0 21 1 0 0 0 0 0 0 0 0 0 0 0 0 0 0 0 0 0 0 19 0 0 0 2 4 0 0 0 50 0 0 84 91 0 0 0 104 10
9 0 14 2 0 0 0 0 0 0 0 0 0 0 0 0 0 0 0 0 0 0 15 0 0 0 4 1 0 0 0 52 0 0 79 88 0 0 0 96 6
0 0 19 1 0 0 0 0 0 0 0 0 0 0 0 0 0 0 0 0 0 0 18 2 0 0 0 0 0 0 0 55 3 0 39 57 0 16 22 51 0
0 0 14 1 0 0 0 0 0 0 0 0 0 0 0 0 0 0 0 0 0 0 21 0 0 0 0 3 0 0 0 56 0 0 68 82 0 0 10 88 7
12 0 43 0 0 0 0 0 0 0 0 0 0 0 0 0 0 0 0 0 0 0 0 10 0 0 0 0 2 0 0 0 26 1 0 0 0 32 26 0 0
0 0 21 1 0 0 0 0 0 0 0 0 0 0 0 0 0 0 0 0 0 0 13 4 0 0 0 0 0 0 0 50 6 0 32 53 0 19 22 48 0
0 0 16 0 0 0 0 0 0 0 0 0 0 0 0 0 0 0 0 0 0 0 20 0 0 0 0 2 0 0 0 58 0 0 58 74 0 2 15 75 4
0 0 17 0 0 0 0 0 0 0 0 0 0 0 0 0 0 0 0 0 0 0 17 0 0 0 0 3 0 0 0 55 0 0 83 93 0 0 1 100 8
12 0 13 0 0 0 0 0 0 0 0 0 0 0 0 0 0 0 0 0 0 0 18 0 0 0 5 2 0 0 0 50 0 0 76 82 0 0 0 92 5
16 0 48 0 0 0 0 0 0 0 0 0 0 0 0 0 0 0 0 0 0 0 0 12 0 0 0 0 2 0 0 0 32 1 0 0 0 37 27 0 0
0 0 20 1 0 0 0 0 0 0 0 0 0 0 0 0 0 0 0 0 0 0 15 3 0 0 0 0 0 0 0 51 5 0 34 55 0 19 22 49 0
0 0 26 0 0 0 0 0 0 0 0 0 0 0 0 0 0 0 0 0 0 0 13 5 0 0 0 0 0 0 0 47 8 0 29 51 0 21 25 48 0
0 0 21 1 0 0 0 0 0 0 0 0 0 0 0 0 0 0 0 0 0 0 15 0 0 0 2 4 0 0 0 47 0 0 83 90 0 0 0 100 9
15 0 10 0 0 0 0 0 0 0 0 0 0 0 0 0 0 0 0 0 0 0 19 0 1 0 6 1 0 0 0 50 0 0 73 79 0 0 0 91 4
0 0 32 0 0 0 0 0 0 0 0 0 0 0 0 0 0 0 0 0 0 0 2 8 0 0 0 0 0 0 0 31 14 0 14 30 0 27 24 34 0
0 0 17 1 0 0 0 0 0 0 0 0 0 0 0 0 0 0 0 0 0 0 18 1 0 0 0 0 0 0 0 52 2 0 40 57 0 14 22 51 0
0 0 15 0 0 0 0 0 0 0 0 0 0 0 0 0 0 0 0 0 0 0 16 0 0 0 0 4 0 0 0 54 0 0 77 87 0 0 0 97 8
0 0 27 0 0 0 0 0 0 0 0 0 0 0 0 0 0 0 0 0 0 0 10 6 0 0 0 0 0 0 0 42 9 0 22 43 0 24 23 39 0
3 0 23 2 0 0 0 0 0 0 0 0 0 0 0 0 0 0 0 0 0 0 15 0 0 0 4 4 0 0 0 49 0 0 86 91 0 0 0 103 9
19 0 1 0 0 0 0 0 0 0 0 0 0 0 0 0 0 0 0 0 0 0 29 0 3 1 4 0 0 0 0 62 0 0 68 88 0 0 0 104 5
0 0 18 2 0 0 0 0 0 0 0 0 0 0 0 0 0 0 0 0 0 0 17 0 0 0 0 4 0 0 0 50 0 0 78 88 0 0 0 100 10
0 0 16 1 0 0 0 0 0 0 0 0 0 0 0 0 0 0 0 0 0 0 21 0 0 0 0 3 0 0 0 55 0 0 75 88 0 0 6 96 9
0 0 17 1 0 0 0 0 0 0 0 0 0 0 0 0 0 0 0 0 0 0 19 0 0 0 0 4 0 0 0 51 0 0 79 89 0 0 0 100 10
0 0 17 2 0 0 0 0 0 0 0 0 0 0 0 0 0 0 0 0 0 0 20 0 0 0 0 0 0 0 0 55 2 0 47 66 0 10 20 63 3
0 0 17 1 0 0 0 0 0 0 0 0 0 0 0 0 0 0 0 0 0 0 18 0 0 0 0 5 0 0 0 52 0 0 81 90 0 0 0 102 10
14 0 44 0 0 0 0 0 0 0 0 0 0 0 0 0 0 0 0 0 0 0 0 11 0 0 0 0 2 0 0 0 29 1 0 0 0 34 25 0 0
0 0 29 0 0 0 0 0 0 0 0 0 0 0 0 0 0 0 0 0 0 0 8 7 0 0 0 0 0 0 0 40 11 0 19 39 0 27 25 37 0
0 0 21 0 0 0 0 0 0 0 0 0 0 0 0 0 0 0 0 0 0 0 14 3 0 0 0 0 0 0 0 50 6 0 34 55 0 17 22 52 0
0 0 15 1 0 0 0 0 0 0 0 0 0 0 0 0 0 0 0 0 0 0 19 0 0 0 0 1 0 0 0 59 1 0 55 73 0 6 17 73 3
0 0 18 1 0 0 0 0 0 0 0 0 0 0 0 0 0 0 0 0 0 0 15 2 0 0 0 0 0 0 0 53 5 0 41 59 0 13 21 58 1
0 0 16 1 0 0 0 0 0 0 0 0 0 0 0 0 0 0 0 0 0 0 20 1 0 0 0 1 0 0 0 58 2 0 47 65 0 11 21 62 2
3 0 19 1 0 0 0 0 0 0 0 0 0 0 0 0 0 0 0 0 0 0 14 0 0 0 2 4 0 0 0 50 0 0 78 86 0 0 0 99 8
5 0 21 3 0 0 0 0 0 0 0 0 0 0 0 0 0 0 0 0 0 0 15 0 0 0 4 2 0 0 0 48 0 0 85 93 0 0 0 103 9
0 0 16 0 0 0 0 0 0 0 0 0 0 0 0 0 0 0 0 0 0 0 18 0 0 0 0 3 0 0 0 56 0 0 75 87 0 0 7 96 8
0 0 16 1 0 0 0 0 0 0 0 0 0 0 0 0 0 0 0 0 0 0 20 1 0 0 0 0 0 0 0 55 1 0 45 62 0 11 20 58 1
0 0 17 1 0 0 0 0 0 0 0 0 0 0 0 0 0 0 0 0 0 0 20 1 0 0 0 1 0 0 0 54 1 0 44 61 0 12 20 57 1
5 0 20 2 0 0 0 0 0 0 0 0 0 0 0 0 0 0 0 0 0 0 15 0 0 0 3 2 0 0 0 50 0 0 85 93 0 0 0 102 7
0 0 15 0 0 0 0 0 0 0 0 0 0 0 0 0 0 0 0 0 0 0 21 0 0 0 0 3 0 0 0 57 0 0 64 78 0 0 14 83 6
0 0 20 1 0 0 0 0 0 0 0 0 0 0 0 0 0 0 0 0 0 0 17 0 0 0 1 4 0 0 0 51 0 0 83 91 0 0 0 102 9
0 0 17 1 0 0 0 0 0 0 0 0 0 0 0 0 0 0 0 0 0 0 18 0 0 0 0 3 0 0 0 52 0 0 77 88 0 0 0 99 9
9 0 17 2 0 0 0 0 0 0 0 0 0 0 0 0 0 0 0 0 0 0 16 0 0 0 4 2 0 0 0 50 0 0 80 88 0 0 0 97 6
0 0 22 1 0 0 0 0 0 0 0 0 0 0 0 0 0 0 0 0 0 0 14 4 0 0 0 0 0 0 0 48 7 0 29 51 0 21 23 45 0
0 0 20 1 0 0 0 0 0 0 0 0 0 0 0 0 0 0 0 0 0 0 19 0 0 0 1 5 0 0 0 50 0 0 83 91 0 0 0 104 11
0 0 15 1 0 0 0 0 0 0 0 0 0 0 0 0 0 0 0 0 0 0 19 0 0 0 0 2 0 0 0 59 0 0 60 76 0 2 16 78 5
15 0 11 0 0 0 0 0 0 0 0 0 0 0 0 0 0 0 0 0 0 0 18 0 0 0 6 1 0 0 0 49 0 0 74 82 0 0 0 93 4
0 0 19 1 0 0 0 0 0 0 0 0 0 0 0 0 0 0 0 0 0 0 19 0 0 0 0 4 0 0 0 51 0 0 83 92 0 0 0 103 10
0 0 17 0 0 0 0 0 0 0 0 0 0 0 0 0 0 0 0 0 0 0 17 0 0 0 0 5 0 0 0 52 0 0 79 88 0 0 0 101 10
7 0 37 0 0 0 0 0 0 0 0 0 0 0 0 0 0 0 0 0 0 0 0 9 0 0 0 0 1 0 0 18 20 0 4 14 0 28 24 24 0
0 0 16 0 0 0 0 0 0 0 0 0 0 0 0 0 0 0 0 0 0 0 19 0 0 0 0 2 0 0 0 61 1 0 62 78 0 2 17 82 5
