0 0 45 0 0 0 0 0 0 0 0 0 0 0 0 0 0 0 0 0 0 0 71 0 0 6 0 0 7 7 0 48 10 1 7 0 10 0 0 0 0
0 6 0 0 0 0 0 0 0 0 0 0 0 0 0 0 0 0 0 0 0 0 16 5 0 0 0 0 0 0 0 0 15 13 0 0 0 0 0 0 0
0 0 34 0 0 0 0 0 0 0 0 0 0 0 0 0 0 0 0 0 0 0 83 23 0 12 0 0 0 3 0 14 0 0 0 0 34 0 0 0 0
0 0 46 0 0 0 0 0 0 0 0 0 0 0 0 0 0 0 0 0 0 0 100 0 0 7 0 0 9 7 0 53 10 4 7 0 10 0 0 0 0
0 9 24 0 0 0 0 0 0 0 0 0 0 0 0 0 0 0 0 0 0 0 77 0 0 0 0 0 23 1 0 20 28 19 1 0 0 0 0 0 0
0 5 27 0 0 0 0 0 0 0 0 0 0 0 0 0 0 0 0 0 0 0 88 0 0 0 0 0 21 2 0 32 26 18 2 0 0 0 0 0 0
0 12 8 0 0 0 0 0 0 0 0 0 0 0 0 0 0 0 0 0 0 0 57 0 0 0 0 0 17 0 0 0 28 18 0 0 0 0 0 0 0
0 0 42 0 0 0 0 0 0 0 0 0 0 0 0 0 0 0 0 0 0 0 92 0 0 4 0 0 15 6 0 51 15 10 7 0 3 0 0 0 0
0 9 19 0 0 0 0 0 0 0 0 0 0 0 0 0 0 0 0 0 0 0 73 0 0 0 0 0 20 1 0 13 28 18 0 0 0 0 0 0 0
0 0 35 0 0 0 0 0 0 0 0 0 0 0 0 0 0 0 0 0 0 0 81 5 0 9 0 0 0 7 0 33 0 0 4 0 22 0 0 0 0
0 0 45 0 0 0 0 0 0 0 0 0 0 0 0 0 0 0 0 0 0 0 96 0 0 5 0 0 12 7 0 52 13 8 7 0 6 0 0 0 0
0 0 29 0 0 0 0 0 0 0 0 0 0 0 0 0 0 0 0 0 0 0 72 18 0 13 0 0 0 2 0 15 0 0 0 0 33 0 0 0 0
0 0 36 0 0 0 0 0 0 0 0 0 0 0 0 0 0 0 0 0 0 0 101 0 0 0 0 0 12 6 0 43 16 10 5 0 1 0 0 0 0
0 1 38 0 0 0 0 0 0 0 0 0 0 0 0 0 0 0 0 0 0 0 94 0 0 0 0 0 18 4 0 46 21 14 5 0 0 0 0 0 0
0 12 16 0 0 0 0 0 0 0 0 0 0 0 0 0 0 0 0 0 0 0 70 0 0 0 0 0 21 0 0 5 29 18 0 0 0 0 0 0 0
0 0 26 0 0 0 0 0 0 0 0 0 0 0 0 0 0 0 0 0 0 0 70 15 0 13 0 0 0 2 0 15 0 0 0 0 31 0 0 0 0
0 6 30 0 0 0 0 0 0 0 0 0 0 0 0 0 0 0 0 0 0 0 91 0 0 0 0 0 23 2 0 34 27 19 3 0 0 0 0 0 0
0 1 39 0 0 0 0 0 0 0 0 0 0 0 0 0 0 0 0 0 0 0 100 0 0 0 0 0 18 5 0 48 20 14 6 0 0 0 0 0 0
0 11 17 0 0 0 0 0 0 0 0 0 0 0 0 0 0 0 0 0 0 0 74 0 0 0 0 0 21 0 0 8 29 19 0 0 0 0 0 0 0
0 0 28 0 0 0 0 0 0 0 0 0 0 0 0 0 0 0 0 0 0 0 75 19 0 12 0 0 0 2 0 13 0 0 0 0 33 0 0 0 0
0 10 0 0 0 0 0 0 0 0 0 0 0 0 0 0 0 0 0 0 0 0 20 3 1 0 0 0 0 0 0 0 19 18 0 0 0 0 0 0 0
0 0 38 0 0 0 0 0 0 0 0 0 0 0 0 0 0 0 0 0 0 0 98 0 0 0 0 0 17 5 0 48 20 13 6 0 0 0 0 0 0
0 0 43 0 0 0 0 0 0 0 0 0 0 0 0 0 0 0 0 0 0 0 68 3 0 10 0 0 0 7 0 43 2 0 7 0 19 0 0 0 0
0 12 11 0 0 0 0 0 0 0 0 0 0 0 0 0 0 0 0 0 0 0 63 0 0 0 0 0 20 0 0 0 29 19 0 0 0 0 0 0 0
0 9 19 0 0 0 0 0 0 0 0 0 0 0 0 0 0 0 0 0 0 0 79 0 0 0 0 0 22 0 0 15 28 19 0 0 0 0 0 0 0
0 0 32 0 0 0 0 0 0 0 0 0 0 0 0 0 0 0 0 0 0 0 83 22 0 12 0 0 0 3 0 13 0 0 0 0 33 0 0 0 0
0 0 45 0 0 0 0 0 0 0 0 0 0 0 0 0 0 0 0 0 0 0 87 0 0 8 0 0 3 9 0 48 6 0 7 0 14 0 0 0 0
0 0 45 0 0 0 0 0 0 0 0 0 0 0 0 0 0 0 0 0 0 0 68 0 0 9 0 0 4 7 0 48 7 0 8 0 13 0 0 0 0
0 0 31 0 0 0 0 0 0 0 0 0 0 0 0 0 0 0 0 0 0 0 67 7 0 11 0 0 0 5 0 29 0 0 3 0 24 0 0 0 0
0 8 28 0 0 0 0 0 0 0 0 0 0 0 0 0 0 0 0 0 0 0 84 0 0 0 0 0 24 1 0 28 28 20 2 0 0 0 0 0 0
0 0 26 0 0 0 0 0 0 0 0 0 0 0 0 0 0 0 0 0 0 0 71 11 0 12 0 0 0 3 0 20 0 0 0 0 29 0 0 0 0
0 1 35 0 0 0 0 0 0 0 0 0 0 0 0 0 0 0 0 0 0 0 112 0 0 0 0 0 18 5 0 43 23 16 4 0 0 0 0 0 0
0 0 38 0 0 0 0 0 0 0 0 0 0 0 0 0 0 0 0 0 0 0 83 6 0 13 0 0 0 6 0 33 0 0 3 0 27 0 0 0 0
0 9 20 0 0 0 0 0 0 0 0 0 0 0 0 0 0 0 0 0 0 0 76 0 0 0 0 0 21 0 0 16 27 18 0 0 0 0 0 0 0
0 0 28 0 0 0 0 0 0 0 0 0 0 0 0 0 0 0 0 0 0 0 84 26 0 10 0 0 0 1 0 5 0 0 0 0 35 0 0 0 0
0 5 29 0 0 0 0 0 0 0 0 0 0 0 0 0 0 0 0 0 0 0 95 0 0 0 0 0 21 2 0 35 27 19 3 0 0 0 0 0 0
0 0 45 0 0 0 0 0 0 0 0 0 0 0 0 0 0 0 0 0 0 0 96 0 0 5 0 0 11 7 0 51 13 7 7 0 7 0 0 0 0
0 2 33 0 0 0 0 0 0 0 0 0 0 0 0 0 0 0 0 0 0 0 82 0 0 0 0 0 17 4 0 39 21 12 4 0 0 0 0 0 0
0 12 6 0 0 0 0 0 0 0 0 0 0 0 0 0 0 0 0 0 0 0 58 1 0 0 0 0 17 0 0 0 28 18 0 0 0 0 0 0 0
0 4 31 0 0 0 0 0 0 0 0 0 0 0 0 0 0 0 0 0 0 0 106 0 0 0 0 0 21 3 0 38 27 19 3 0 0 0 0 0 0
0 0 32 0 0 0 0 0 0 0 0 0 0 0 0 0 0 0 0 0 0 0 96 28 0 9 0 0 0 1 0 6 0 0 0 0 37 0 0 0 0
0 2 36 0 0 0 0 0 0 0 0 0 0 0 0 0 0 0 0 0 0 0 96 0 0 0 0 0 19 4 0 44 23 15 5 0 0 0 0 0 0
0 0 41 0 0 0 0 0 0 0 0 0 0 0 0 0 0 0 0 0 0 0 104 0 0 1 0 0 14 6 0 49 17 11 6 0 2 0 0 0 0
0 0 23 0 0 0 0 0 0 0 0 0 0 0 0 0 0 0 0 0 0 0 84 25 0 9 0 0 0 0 0 2 0 0 0 0 34 0 0 0 0
0 12 8 0 0 0 0 0 0 0 0 0 0 0 0 0 0 0 0 0 0 0 59 1 0 0 0 0 17 0 0 0 29 19 0 0 0 0 0 0 0
0 0 44 0 0 0 0 0 0 0 0 0 0 0 0 0 0 0 0 0 0 0 63 0 0 10 0 0 0 7 0 45 3 0 7 0 18 0 0 0 0
0 0 44 0 0 0 0 0 0 0 0 0 0 0 0 0 0 0 0 0 0 0 80 0 0 7 0 0 6 7 0 49 9 1 7 0 11 0 0 0 0
0 12 0 0 0 0 0 0 0 0 0 0 0 0 0 0 0 0 0 0 0 0 46 2 0 0 0 0 13 0 0 0 26 20 0 0 0 0 0 0 0
0 7 26 0 0 0 0 0 0 0 0 0 0 0 0 0 0 0 0 0 0 0 79 0 0 0 0 0 22 1 0 26 27 18 2 0 0 0 0 0 0
0 0 44 0 0 0 0 0 0 0 0 0 0 0 0 0 0 0 0 0 0 0 69 0 0 6 0 0 10 5 0 49 12 3 8 0 8 0 0 0 0
0 0 27 0 0 0 0 0 0 0 0 0 0 0 0 0 0 0 0 0 0 0 68 12 0 12 0 0 0 3 0 22 0 0 1 0 28 0 0 0 0
0 0 43 0 0 0 0 0 0 0 0 0 0 0 0 0 0 0 0 0 0 0 75 3 0 11 0 0 0 7 0 43 0 0 6 0 22 0 0 0 0
0 2 36 0 0 0 0 0 0 0 0 0 0 0 0 0 0 0 0 0 0 0 88 0 0 0 0 0 18 4 0 42 22 14 5 0 0 0 0 0 0
0 3 34 0 0 0 0 0 0 0 0 0 0 0 0 0 0 0 0 0 0 0 98 0 0 0 0 0 20 4 0 43 24 17 4 0 0 0 0 0 0
0 0 45 0 0 0 0 0 0 0 0 0 0 0 0 0 0 0 0 0 0 0 90 0 0 10 0 0 3 8 0 49 4 0 7 0 16 0 0 0 0
0 0 43 0 0 0 0 0 0 0 0 0 0 0 0 0 0 0 0 0 0 0 74 0 0 7 0 0 6 7 0 47 9 1 7 0 11 0 0 0 0
0 0 36 0 0 0 0 0 0 0 0 0 0 0 0 0 0 0 0 0 0 0 108 0 0 0 0 0 16 5 0 47 20 14 5 0 0 0 0 0 0
0 0 41 0 0 0 0 0 0 0 0 0 0 0 0 0 0 0 0 0 0 0 65 1 0 9 0 0 0 7 0 43 4 0 7 0 17 0 0 0 0
0 12 8 0 0 0 0 0 0 0 0 0 0 0 0 0 0 0 0 0 0 0 51 0 0 0 0 0 17 0 0 0 28 18 0 0 0 0 0 0 0
0 9 17 0 0 0 0 0 0 0 0 0 0 0 0 0 0 0 0 0 0 0 74 0 0 0 0 0 20 0 0 14 27 18 0 0 0 0 0 0 0
0 12 12 0 0 0 0 0 0 0 0 0 0 0 0 0 0 0 0 0 0 0 65 0 0 0 0 0 19 0 0 0 29 18 0 0 0 0 0 0 0
0 7 0 0 0 0 0 0 0 0 0 0 0 0 0 0 0 0 0 0 0 0 20 6 2 0 0 0 0 0 0 0 16 15 0 0 0 0 0 0 0
0 0 28 0 0 0 0 0 0 0 0 0 0 0 0 0 0 0 0 0 0 0 76 11 0 11 0 0 0 4 0 21 0 0 0 0 27 0 0 0 0
0 3 30 0 0 0 0 0 0 0 0 0 0 0 0 0 0 0 0 0 0 0 109 0 0 0 0 0 19 4 0 38 25 18 3 0 0 0 0 0 0
0 1 39 0 0 0 0 0 0 0 0 0 0 0 0 0 0 0 0 0 0 0 99 0 0 0 0 0 17 5 0 47 20 13 6 0 0 0 0 0 0
0 9 20 0 0 0 0 0 0 0 0 0 0 0 0 0 0 0 0 0 0 0 79 0 0 0 0 0 22 0 0 16 29 19 0 0 0 0 0 0 0
0 11 0 0 0 0 0 0 0 0 0 0 0 0 0 0 0 0 0 0 0 0 44 3 0 0 0 0 9 0 0 0 25 20 0 0 0 0 0 0 0
0 10 18 0 0 0 0 0 0 0 0 0 0 0 0 0 0 0 0 0 0 0 77 0 0 0 0 0 22 0 0 12 29 19 0 0 0 0 0 0 0
0 0 28 0 0 0 0 0 0 0 0 0 0 0 0 0 0 0 0 0 0 0 94 31 0 8 0 0 0 0 0 0 0 0 0 0 35 0 0 0 0
0 9 21 0 0 0 0 0 0 0 0 0 0 0 0 0 0 0 0 0 0 0 77 0 0 0 0 0 22 0 0 18 28 19 0 0 0 0 0 0 0
0 0 39 0 0 0 0 0 0 0 0 0 0 0 0 0 0 0 0 0 0 0 86 0 0 3 0 0 13 5 0 47 14 9 6 0 3 0 0 0 0
0 0 58 0 0 0 0 0 0 0 0 0 0 0 0 0 0 0 0 0 0 0 118 44 0 9 0 0 0 0 0 0 0 0 0 0 39 0 0 0 0
0 0 40 0 0 0 0 0 0 0 0 0 0 0 0 0 0 0 0 0 0 0 89 22 0 12 0 0 0 4 0 19 0 0 0 0 36 0 0 0 0
0 9 19 0 0 0 0 0 0 0 0 0 0 0 0 0 0 0 0 0 0 0 80 0 0 0 0 0 21 0 0 15 28 19 0 0 0 0 0 0 0
0 0 30 0 0 0 0 0 0 0 0 0 0 0 0 0 0 0 0 0 0 0 81 22 0 11 0 0 0 3 0 13 0 0 0 0 33 0 0 0 0
0 0 42 0 0 0 0 0 0 0 0 0 0 0 0 0 0 0 0 0 0 0 63 1 0 10 0 0 0 6 0 43 3 0 7 0 18 0 0 0 0
0 2 37 0 0 0 0 0 0 0 0 0 0 0 0 0 0 0 0 0 0 0 107 0 0 0 0 0 19 5 0 45 22 16 5 0 0 0 0 0 0
0 10 21 0 0 0 0 0 0 0 0 0 0 0 0 0 0 0 0 0 0 0 77 0 0 0 0 0 23 0 0 15 29 20 0 0 0 0 0 0 0
0 0 23 0 0 0 0 0 0 0 0 0 0 0 0 0 0 0 0 0 0 0 67 16 0 11 0 0 0 2 0 13 0 0 0 0 29 0 0 0 0
0 0 24 0 0 0 0 0 0 0 0 0 0 0 0 0 0 0 0 0 0 0 68 15 0 11 0 0 0 3 0 15 0 0 0 0 30 0 0 0 0
0 0 29 0 0 0 0 0 0 0 0 0 0 0 0 0 0 0 0 0 0 0 66 16 0 12 0 0 0 3 0 16 0 0 0 0 30 0 0 0 0
0 9 0 0 0 0 0 0 0 0 0 0 0 0 0 0 0 0 0 0 0 0 31 3 0 0 0 0 0 0 0 0 20 18 0 0 0 0 0 0 0
0 7 30 0 0 0 0 0 0 0 0 0 0 0 0 0 0 0 0 0 0 0 87 0 0 0 0 0 24 2 0 32 28 19 2 0 0 0 0 0 0
0 12 0 0 0 0 0 0 0 0 0 0 0 0 0 0 0 0 0 0 0 0 50 1 0 0 0 0 14 0 0 0 27 19 0 0 0 0 0 0 0
0 0 28 0 0 0 0 0 0 0 0 0 0 0 0 0 0 0 0 0 0 0 72 9 0 13 0 0 0 3 0 24 0 0 1 0 29 0 0 0 0
0 7 29 0 0 0 0 0 0 0 0 0 0 0 0 0 0 0 0 0 0 0 90 0 0 0 0 0 24 2 0 30 28 20 1 0 0 0 0 0 0
0 4 32 0 0 0 0 0 0 0 0 0 0 0 0 0 0 0 0 0 0 0 103 0 0 0 0 0 22 3 0 40 27 19 3 0 0 0 0 0 0
0 0 43 0 0 0 0 0 0 0 0 0 0 0 0 0 0 0 0 0 0 0 72 0 0 5 0 0 11 6 0 49 13 4 7 0 6 0 0 0 0
0 0 44 0 0 0 0 0 0 0 0 0 0 0 0 0 0 0 0 0 0 0 75 0 0 10 0 0 0 8 0 46 3 0 7 0 18 0 0 0 0
0 0 42 0 0 0 0 0 0 0 0 0 0 0 0 0 0 0 0 0 0 0 95 0 0 5 0 0 9 7 0 49 12 6 7 0 7 0 0 0 0
0 12 0 0 0 0 0 0 0 0 0 0 0 0 0 0 0 0 0 0 0 0 44 2 0 0 0 0 12 0 0 0 25 20 0 0 0 0 0 0 0
0 0 32 0 0 0 0 0 0 0 0 0 0 0 0 0 0 0 0 0 0 0 60 7 0 11 0 0 0 5 0 30 0 0 4 0 24 0 0 0 0
0 0 45 0 0 0 0 0 0 0 0 0 0 0 0 0 0 0 0 0 0 0 73 0 0 9 0 0 2 7 0 48 5 0 8 0 16 0 0 0 0
0 11 14 0 0 0 0 0 0 0 0 0 0 0 0 0 0 0 0 0 0 0 70 0 0 0 0 0 20 0 0 5 29 18 0 0 0 0 0 0 0
0 4 33 0 0 0 0 0 0 0 0 0 0 0 0 0 0 0 0 0 0 0 97 0 0 0 0 0 22 3 0 40 27 19 3 0 0 0 0 0 0
0 0 37 0 0 0 0 0 0 0 0 0 0 0 0 0 0 0 0 0 0 0 73 6 0 10 0 0 0 7 0 36 0 0 5 0 23 0 0 0 0
0 0 30 0 0 0 0 0 0 0 0 0 0 0 0 0 0 0 0 0 0 0 76 22 0 11 0 0 0 2 0 13 0 0 0 0 32 0 0 0 0
0 0 45 0 0 0 0 0 0 0 0 0 0 0 0 0 0 0 0 0 0 0 86 0 0 8 0 0 8 7 0 52 9 3 7 0 10 0 0 0 0
0 5 30 0 0 0 0 0 0 0 0 0 0 0 0 0 0 0 0 0 0 0 89 0 0 0 0 0 21 2 0 34 26 17 3 0 0 0 0 0 0
0 0 47 0 0 0 0 0 0 0 0 0 0 0 0 0 0 0 0 0 0 0 86 0 0 8 0 0 6 7 0 51 9 1 7 0 12 0 0 0 0
0 8 24 0 0 0 0 0 0 0 0 0 0 0 0 0 0 0 0 0 0 0 85 0 0 0 0 0 22 1 0 24 28 19 1 0 0 0 0 0 0
0 11 3 0 0 0 0 0 0 0 0 0 0 0 0 0 0 0 0 0 0 0 53 1 0 0 0 0 15 0 0 0 27 18 0 0 0 0 0 0 0
0 4 33 0 0 0 0 0 0 0 0 0 0 0 0 0 0 0 0 0 0 0 85 0 0 0 0 0 20 3 0 40 24 15 4 0 0 0 0 0 0
0 0 32 0 0 0 0 0 0 0 0 0 0 0 0 0 0 0 0 0 0 0 84 9 0 12 0 0 0 5 0 26 0 0 1 0 28 0 0 0 0
0 8 0 0 0 0 0 0 0 0 0 0 0 0 0 0 0 0 0 0 0 0 26 4 0 0 0 0 0 0 0 0 18 17 0 0 0 0 0 0 0
0 0 43 0 0 0 0 0 0 0 0 0 0 0 0 0 0 0 0 0 0 0 78 0 0 6 0 0 8 7 0 48 10 2 7 0 10 0 0 0 0
0 0 38 0 0 0 0 0 0 0 0 0 0 0 0 0 0 0 0 0 0 0 91 0 0 1 0 0 16 5 0 47 18 11 6 0 0 0 0 0 0
0 7 29 0 0 0 0 0 0 0 0 0 0 0 0 0 0 0 0 0 0 0 89 0 0 0 0 0 24 1 0 31 28 20 2 0 0 0 0 0 0
0 11 17 0 0 0 0 0 0 0 0 0 0 0 0 0 0 0 0 0 0 0 74 0 0 0 0 0 21 0 0 9 29 19 0 0 0 0 0 0 0
0 0 40 0 0 0 0 0 0 0 0 0 0 0 0 0 0 0 0 0 0 0 97 0 0 1 0 0 13 6 0 47 16 10 6 0 2 0 0 0 0
0 0 34 0 0 0 0 0 0 0 0 0 0 0 0 0 0 0 0 0 0 0 69 4 0 10 0 0 0 6 0 34 0 0 5 0 22 0 0 0 0
0 0 44 0 0 0 0 0 0 0 0 0 0 0 0 0 0 0 0 0 0 0 84 0 0 8 0 0 7 7 0 51 8 2 7 0 11 0 0 0 0
0 6 0 0 0 0 0 0 0 0 0 0 0 0 0 0 0 0 0 0 0 0 18 6 0 0 0 0 0 0 0 0 15 14 0 0 0 0 0 0 0
0 0 43 0 0 0 0 0 0 0 0 0 0 0 0 0 0 0 0 0 0 0 82 0 0 7 0 0 7 7 0 49 10 2 8 0 10 0 0 0 0
0 0 39 0 0 0 0 0 0 0 0 0 0 0 0 0 0 0 0 0 0 0 100 0 0 0 0 0 16 6 0 47 19 13 5 0 0 0 0 0 0
0 12 0 0 0 0 0 0 0 0 0 0 0 0 0 0 0 0 0 0 0 0 44 1 0 0 0 0 11 0 0 0 25 20 0 0 0 0 0 0 0
0 0 35 0 0 0 0 0 0 0 0 0 0 0 0 0 0 0 0 0 0 0 75 5 0 11 0 0 0 7 0 34 0 0 4 0 24 0 0 0 0
0 0 45 0 0 0 0 0 0 0 0 0 0 0 0 0 0 0 0 0 0 0 93 0 0 7 0 0 7 8 0 50 9 3 7 0 11 0 0 0 0
0 5 28 0 0 0 0 0 0 0 0 0 0 0 0 0 0 0 0 0 0 0 94 0 0 0 0 0 21 2 0 33 26 18 2 0 0 0 0 0 0
0 0 38 0 0 0 0 0 0 0 0 0 0 0 0 0 0 0 0 0 0 0 97 0 0 3 0 0 12 6 0 46 14 9 6 0 4 0 0 0 0
0 1 31 0 0 0 0 0 0 0 0 0 0 0 0 0 0 0 0 0 0 0 97 0 0 0 0 0 17 4 0 41 21 15 4 0 0 0 0 0 0
0 12 6 0 0 0 0 0 0 0 0 0 0 0 0 0 0 0 0 0 0 0 53 0 0 0 0 0 17 0 0 0 28 19 0 0 0 0 0 0 0
0 11 0 0 0 0 0 0 0 0 0 0 0 0 0 0 0 0 0 0 0 0 39 2 0 0 0 0 6 0 0 0 24 20 0 0 0 0 0 0 0
0 0 39 0 0 0 0 0 0 0 0 0 0 0 0 0 0 0 0 0 0 0 95 0 0 1 0 0 14 6 0 48 17 11 6 0 1 0 0 0 0
0 0 35 0 0 0 0 0 0 0 0 0 0 0 0 0 0 0 0 0 0 0 66 4 0 11 0 0 0 6 0 35 0 0 5 0 23 0 0 0 0
0 0 34 0 0 0 0 0 0 0 0 0 0 0 0 0 0 0 0 0 0 0 65 6 0 10 0 0 0 6 0 33 0 0 4 0 22 0 0 0 0
0 0 45 0 0 0 0 0 0 0 0 0 0 0 0 0 0 0 0 0 0 0 86 0 0 8 0 0 1 9 0 46 5 0 7 0 16 0 0 0 0
0 0 29 0 0 0 0 0 0 0 0 0 0 0 0 0 0 0 0 0 0 0 77 23 0 12 0 0 0 2 0 11 0 0 0 0 33 0 0 0 0
0 0 39 0 0 0 0 0 0 0 0 0 0 0 0 0 0 0 0 0 0 0 76 5 0 11 0 0 0 7 0 37 0 0 5 0 23 0 0 0 0
0 2 37 0 0 0 0 0 0 0 0 0 0 0 0 0 0 0 0 0 0 0 101 0 0 0 0 0 20 4 0 47 23 16 5 0 0 0 0 0 0
0 0 44 0 0 0 0 0 0 0 0 0 0 0 0 0 0 0 0 0 0 0 87 0 0 6 0 0 9 7 0 51 11 4 7 0 9 0 0 0 0
0 0 27 0 0 0 0 0 0 0 0 0 0 0 0 0 0 0 0 0 0 0 66 17 0 12 0 0 0 2 0 15 0 0 0 0 30 0 0 0 0
0 0 41 0 0 0 0 0 0 0 0 0 0 0 0 0 0 0 0 0 0 0 92 0 0 1 0 0 16 5 0 49 18 11 6 0 0 0 0 0 0
0 0 24 0 0 0 0 0 0 0 0 0 0 0 0 0 0 0 0 0 0 0 66 13 0 11 0 0 0 3 0 17 0 0 0 0 28 0 0 0 0
0 4 34 0 0 0 0 0 0 0 0 0 0 0 0 0 0 0 0 0 0 0 87 0 0 0 0 0 21 3 0 40 25 16 4 0 0 0 0 0 0
0 12 4 0 0 0 0 0 0 0 0 0 0 0 0 0 0 0 0 0 0 0 51 0 0 0 0 0 15 0 0 0 28 18 0 0 0 0 0 0 0
0 4 32 0 0 0 0 0 0 0 0 0 0 0 0 0 0 0 0 0 0 0 101 0 0 0 0 0 20 3 0 38 25 18 3 0 0 0 0 0 0
0 6 31 0 0 0 0 0 0 0 0 0 0 0 0 0 0 0 0 0 0 0 92 0 0 0 0 0 23 3 0 31 27 19 1 0 0 0 0 0 0
0 2 32 0 0 0 0 0 0 0 0 0 0 0 0 0 0 0 0 0 0 0 103 0 0 0 0 0 18 4 0 40 24 16 4 0 0 0 0 0 0
0 6 30 0 0 0 0 0 0 0 0 0 0 0 0 0 0 0 0 0 0 0 81 0 0 0 0 0 23 2 0 33 26 18 2 0 0 0 0 0 0
0 7 28 0 0 0 0 0 0 0 0 0 0 0 0 0 0 0 0 0 0 0 78 0 0 0 0 0 21 2 0 29 27 17 2 0 0 0 0 0 0
0 12 9 0 0 0 0 0 0 0 0 0 0 0 0 0 0 0 0 0 0 0 61 0 0 0 0 0 18 0 0 0 28 18 0 0 0 0 0 0 0
0 0 35 0 0 0 0 0 0 0 0 0 0 0 0 0 0 0 0 0 0 0 69 4 0 12 0 0 0 6 0 34 0 0 5 0 23 0 0 0 0
0 0 43 0 0 0 0 0 0 0 0 0 0 0 0 0 0 0 0 0 0 0 88 0 0 4 0 0 11 7 0 50 13 6 7 0 7 0 0 0 0
0 4 34 0 0 0 0 0 0 0 0 0 0 0 0 0 0 0 0 0 0 0 94 0 0 0 0 0 20 3 0 41 25 17 4 0 0 0 0 0 0
0 0 41 0 0 0 0 0 0 0 0 0 0 0 0 0 0 0 0 0 0 0 87 0 0 3 0 0 15 5 0 49 16 9 7 0 3 0 0 0 0
0 9 25 0 0 0 0 0 0 0 0 0 0 0 0 0 0 0 0 0 0 0 82 0 0 0 0 0 24 1 0 22 28 20 1 0 0 0 0 0 0
0 12 5 0 0 0 0 0 0 0 0 0 0 0 0 0 0 0 0 0 0 0 50 1 0 0 0 0 16 0 0 0 27 19 0 0 0 0 0 0 0
0 5 30 0 0 0 0 0 0 0 0 0 0 0 0 0 0 0 0 0 0 0 101 0 0 0 0 0 22 2 0 35 27 20 2 0 0 0 0 0 0
0 0 41 0 0 0 0 0 0 0 0 0 0 0 0 0 0 0 0 0 0 0 85 0 0 6 0 0 9 6 0 49 12 5 7 0 7 0 0 0 0
0 0 45 0 0 0 0 0 0 0 0 0 0 0 0 0 0 0 0 0 0 0 95 0 0 7 0 0 9 7 0 51 10 5 7 0 9 0 0 0 0
0 10 21 0 0 0 0 0 0 0 0 0 0 0 0 0 0 0 0 0 0 0 79 0 0 0 0 0 22 0 0 16 29 19 0 0 0 0 0 0 0
0 0 27 0 0 0 0 0 0 0 0 0 0 0 0 0 0 0 0 0 0 0 69 12 0 12 0 0 0 3 0 18 0 0 0 0 29 0 0 0 0
0 9 0 0 0 0 0 0 0 0 0 0 0 0 0 0 0 0 0 0 0 0 31 3 0 0 0 0 0 0 0 0 20 19 0 0 0 0 0 0 0
0 0 46 0 0 0 0 0 0 0 0 0 0 0 0 0 0 0 0 0 0 0 87 0 0 9 0 0 7 8 0 52 8 1 7 0 13 0 0 0 0
0 3 32 0 0 0 0 0 0 0 0 0 0 0 0 0 0 0 0 0 0 0 87 0 0 0 0 0 18 3 0 40 22 14 5 0 0 0 0 0 0
0 5 30 0 0 0 0 0 0 0 0 0 0 0 0 0 0 0 0 0 0 0 96 0 0 0 0 0 22 2 0 35 26 19 2 0 0 0 0 0 0
0 0 43 0 0 0 0 0 0 0 0 0 0 0 0 0 0 0 0 0 0 0 88 0 0 4 0 0 13 6 0 50 14 7 7 0 5 0 0 0 0
0 0 38 0 0 0 0 0 0 0 0 0 0 0 0 0 0 0 0 0 0 0 75 3 0 10 0 0 0 7 0 38 0 0 5 0 21 0 0 0 0
0 0 39 0 0 0 0 0 0 0 0 0 0 0 0 0 0 0 0 0 0 0 89 0 0 2 0 0 14 5 0 47 16 9 6 0 2 0 0 0 0
0 0 30 0 0 0 0 0 0 0 0 0 0 0 0 0 0 0 0 0 0 0 75 16 0 13 0 0 0 3 0 17 0 0 0 0 32 0 0 0 0
0 4 33 0 0 0 0 0 0 0 0 0 0 0 0 0 0 0 0 0 0 0 90 0 0 0 0 0 20 3 0 39 24 15 4 0 0 0 0 0 0
0 12 10 0 0 0 0 0 0 0 0 0 0 0 0 0 0 0 0 0 0 0 59 0 0 0 0 0 19 0 0 0 28 18 0 0 0 0 0 0 0
0 6 27 0 0 0 0 0 0 0 0 0 0 0 0 0 0 0 0 0 0 0 95 0 0 0 0 0 21 2 0 30 26 19 2 0 0 0 0 0 0
0 3 0 0 0 0 0 0 0 0 0 0 0 0 0 0 0 0 0 0 0 0 14 4 0 0 0 0 0 0 0 0 12 10 0 0 0 0 0 0 0
0 0 43 0 0 0 0 0 0 0 0 0 0 0 0 0 0 0 0 0 0 0 93 0 0 4 0 0 14 6 0 51 15 9 7 0 4 0 0 0 0
0 0 41 0 0 0 0 0 0 0 0 0 0 0 0 0 0 0 0 0 0 0 86 0 0 7 0 0 4 8 0 46 7 1 6 0 12 0 0 0 0
0 11 0 0 0 0 0 0 0 0 0 0 0 0 0 0 0 0 0 0 0 0 44 2 0 0 0 0 10 0 0 0 25 20 0 0 0 0 0 0 0
0 0 43 0 0 0 0 0 0 0 0 0 0 0 0 0 0 0 0 0 0 0 74 0 0 6 0 0 6 7 0 46 10 1 7 0 10 0 0 0 0
0 2 36 0 0 0 0 0 0 0 0 0 0 0 0 0 0 0 0 0 0 0 94 0 0 0 0 0 18 4 0 44 22 15 5 0 0 0 0 0 0
0 0 43 0 0 0 0 0 0 0 0 0 0 0 0 0 0 0 0 0 0 0 86 0 0 6 0 0 10 7 0 51 12 5 7 0 8 0 0 0 0
0 0 37 0 0 0 0 0 0 0 0 0 0 0 0 0 0 0 0 0 0 0 69 3 0 10 0 0 0 7 0 37 0 0 6 0 21 0 0 0 0
0 0 29 0 0 0 0 0 0 0 0 0 0 0 0 0 0 0 0 0 0 0 77 18 0 12 0 0 0 3 0 16 0 0 0 0 32 0 0 0 0
0 0 37 0 0 0 0 0 0 0 0 0 0 0 0 0 0 0 0 0 0 0 69 4 0 11 0 0 0 7 0 37 0 0 5 0 22 0 0 0 0
0 8 23 0 0 0 0 0 0 0 0 0 0 0 0 0 0 0 0 0 0 0 83 0 0 0 0 0 21 2 0 19 27 18 0 0 0 0 0 0 0
0 0 28 0 0 0 0 0 0 0 0 0 0 0 0 0 0 0 0 0 0 0 71 16 0 13 0 0 0 3 0 16 0 0 0 0 32 0 0 0 0
0 0 41 0 0 0 0 0 0 0 0 0 0 0 0 0 0 0 0 0 0 0 97 0 0 1 0 0 15 6 0 48 17 11 7 0 2 0 0 0 0
0 0 46 0 0 0 0 0 0 0 0 0 0 0 0 0 0 0 0 0 0 0 78 0 0 11 0 0 1 8 0 49 4 0 7 0 17 0 0 0 0
0 0 44 0 0 0 0 0 0 0 0 0 0 0 0 0 0 0 0 0 0 0 103 0 0 4 0 0 15 6 0 54 15 10 7 0 4 0 0 0 0
0 0 56 0 0 0 0 0 0 0 0 0 0 0 0 0 0 0 0 0 0 0 145 44 0 6 0 0 0 1 0 1 0 0 0 0 39 0 0 0 0
0 11 0 0 0 0 0 0 0 0 0 0 0 0 0 0 0 0 0 0 0 0 45 2 0 0 0 0 11 0 0 0 25 20 0 0 0 0 0 0 0
0 7 0 0 0 0 0 0 0 0 0 0 0 0 0 0 0 0 0 0 0 0 17 6 0 0 0 0 0 0 0 0 16 14 0 0 0 0 0 0 0
0 0 43 0 0 0 0 0 0 0 0 0 0 0 0 0 0 0 0 0 0 0 69 0 0 9 0 0 1 7 0 47 5 0 7 0 15 0 0 0 0
0 0 36 0 0 0 0 0 0 0 0 0 0 0 0 0 0 0 0 0 0 0 69 5 0 11 0 0 0 6 0 36 0 0 5 0 23 0 0 0 0
0 3 30 0 0 0 0 0 0 0 0 0 0 0 0 0 0 0 0 0 0 0 103 0 0 0 0 0 20 3 0 38 26 18 3 0 0 0 0 0 0
0 12 9 0 0 0 0 0 0 0 0 0 0 0 0 0 0 0 0 0 0 0 58 0 0 0 0 0 18 0 0 0 28 18 0 0 0 0 0 0 0
0 0 37 0 0 0 0 0 0 0 0 0 0 0 0 0 0 0 0 0 0 0 70 4 0 12 0 0 0 6 0 37 0 0 5 0 24 0 0 0 0
0 0 44 0 0 0 0 0 0 0 0 0 0 0 0 0 0 0 0 0 0 0 85 0 0 6 0 0 11 6 0 51 12 6 7 0 7 0 0 0 0
0 5 30 0 0 0 0 0 0 0 0 0 0 0 0 0 0 0 0 0 0 0 94 0 0 0 0 0 22 3 0 33 27 18 2 0 0 0 0 0 0
0 10 0 0 0 0 0 0 0 0 0 0 0 0 0 0 0 0 0 0 0 0 34 3 0 0 0 0 0 0 0 0 21 19 0 0 0 0 0 0 0
0 12 4 0 0 0 0 0 0 0 0 0 0 0 0 0 0 0 0 0 0 0 54 0 0 0 0 0 16 0 0 0 28 19 0 0 0 0 0 0 0
0 0 44 0 0 0 0 0 0 0 0 0 0 0 0 0 0 0 0 0 0 0 75 0 0 8 0 0 5 7 0 48 7 0 7 0 12 0 0 0 0
0 7 29 0 0 0 0 0 0 0 0 0 0 0 0 0 0 0 0 0 0 0 87 0 0 0 0 0 23 2 0 28 27 19 2 0 0 0 0 0 0
0 10 24 0 0 0 0 0 0 0 0 0 0 0 0 0 0 0 0 0 0 0 82 0 0 0 0 0 24 0 0 17 29 20 0 0 0 0 0 0 0
0 0 25 0 0 0 0 0 0 0 0 0 0 0 0 0 0 0 0 0 0 0 82 24 0 10 0 0 0 0 0 5 0 0 0 0 34 0 0 0 0
0 12 7 0 0 0 0 0 0 0 0 0 0 0 0 0 0 0 0 0 0 0 54 0 0 0 0 0 18 0 0 0 27 19 0 0 0 0 0 0 0
0 2 34 0 0 0 0 0 0 0 0 0 0 0 0 0 0 0 0 0 0 0 94 0 0 0 0 0 17 4 0 42 22 14 5 0 0 0 0 0 0
0 6 27 0 0 0 0 0 0 0 0 0 0 0 0 0 0 0 0 0 0 0 85 0 0 0 0 0 19 2 0 27 26 16 2 0 0 0 0 0 0
0 5 0 0 0 0 0 0 0 0 0 0 0 0 0 0 0 0 0 0 0 0 23 6 0 0 0 0 0 0 0 0 14 12 0 0 0 0 0 0 0
0 0 27 0 0 0 0 0 0 0 0 0 0 0 0 0 0 0 0 0 0 0 72 16 0 12 0 0 0 3 0 17 0 0 0 0 30 0 0 0 0
0 0 44 0 0 0 0 0 0 0 0 0 0 0 0 0 0 0 0 0 0 0 72 0 0 6 0 0 10 6 0 49 11 2 8 0 8 0 0 0 0
0 11 15 0 0 0 0 0 0 0 0 0 0 0 0 0 0 0 0 0 0 0 71 0 0 0 0 0 21 0 0 5 30 19 0 0 0 0 0 0 0
0 6 31 0 0 0 0 0 0 0 0 0 0 0 0 0 0 0 0 0 0 0 95 0 0 0 0 0 24 2 0 33 28 20 2 0 0 0 0 0 0
0 8 27 0 0 0 0 0 0 0 0 0 0 0 0 0 0 0 0 0 0 0 83 0 0 0 0 0 24 1 0 26 28 19 1 0 0 0 0 0 0
0 0 38 0 0 0 0 0 0 0 0 0 0 0 0 0 0 0 0 0 0 0 108 0 0 0 0 0 16 6 0 47 18 13 5 0 0 0 0 0 0
0 0 41 0 0 0 0 0 0 0 0 0 0 0 0 0 0 0 0 0 0 0 82 0 0 3 0 0 14 5 0 48 16 8 7 0 3 0 0 0 0
0 6 32 0 0 0 0 0 0 0 0 0 0 0 0 0 0 0 0 0 0 0 101 0 0 0 0 0 24 2 0 37 27 20 2 0 0 0 0 0 0
0 0 30 0 0 0 0 0 0 0 0 0 0 0 0 0 0 0 0 0 0 0 63 10 0 11 0 0 0 4 0 25 0 0 2 0 26 0 0 0 0
0 6 0 0 0 0 0 0 0 0 0 0 0 0 0 0 0 0 0 0 0 0 24 6 1 0 0 0 0 0 0 0 16 15 0 0 0 0 0 0 0
0 0 27 0 0 0 0 0 0 0 0 0 0 0 0 0 0 0 0 0 0 0 81 26 0 10 0 0 0 1 0 4 0 0 0 0 35 0 0 0 0
0 0 29 0 0 0 0 0 0 0 0 0 0 0 0 0 0 0 0 0 0 0 78 19 0 12 0 0 0 3 0 14 0 0 0 0 32 0 0 0 0
0 6 29 0 0 0 0 0 0 0 0 0 0 0 0 0 0 0 0 0 0 0 89 0 0 0 0 0 22 1 0 30 26 19 1 0 0 0 0 0 0
0 0 42 0 0 0 0 0 0 0 0 0 0 0 0 0 0 0 0 0 0 0 96 0 0 4 0 0 12 7 0 50 14 8 6 0 5 0 0 0 0
0 0 28 0 0 0 0 0 0 0 0 0 0 0 0 0 0 0 0 0 0 0 78 15 0 12 0 0 0 3 0 16 0 0 0 0 31 0 0 0 0
0 0 31 0 0 0 0 0 0 0 0 0 0 0 0 0 0 0 0 0 0 0 73 9 0 12 0 0 0 4 0 28 0 0 2 0 27 0 0 0 0
0 0 41 0 0 0 0 0 0 0 0 0 0 0 0 0 0 0 0 0 0 0 90 0 0 2 0 0 16 5 0 50 17 10 7 0 1 0 0 0 0
0 10 21 0 0 0 0 0 0 0 0 0 0 0 0 0 0 0 0 0 0 0 79 0 0 0 0 0 22 1 0 15 29 19 0 0 0 0 0 0 0
0 4 30 0 0 0 0 0 0 0 0 0 0 0 0 0 0 0 0 0 0 0 98 0 0 0 0 0 20 2 0 37 25 18 3 0 0 0 0 0 0
0 0 41 0 0 0 0 0 0 0 0 0 0 0 0 0 0 0 0 0 0 0 79 2 0 10 0 0 0 8 0 42 2 0 6 0 19 0 0 0 0
0 0 43 0 0 0 0 0 0 0 0 0 0 0 0 0 0 0 0 0 0 0 101 0 0 3 0 0 13 7 0 50 15 10 6 0 3 0 0 0 0
0 0 39 0 0 0 0 0 0 0 0 0 0 0 0 0 0 0 0 0 0 0 109 0 0 2 0 0 12 7 0 46 15 10 6 0 3 0 0 0 0
0 0 29 0 0 0 0 0 0 0 0 0 0 0 0 0 0 0 0 0 0 0 75 21 0 11 0 0 0 3 0 12 0 0 0 0 32 0 0 0 0
0 1 37 0 0 0 0 0 0 0 0 0 0 0 0 0 0 0 0 0 0 0 89 0 0 0 0 0 17 4 0 46 20 13 6 0 0 0 0 0 0
0 0 41 0 0 0 0 0 0 0 0 0 0 0 0 0 0 0 0 0 0 0 108 0 0 1 0 0 17 6 0 50 19 13 6 0 0 0 0 0 0
0 0 28 0 0 0 0 0 0 0 0 0 0 0 0 0 0 0 0 0 0 0 73 17 0 12 0 0 0 3 0 14 0 0 0 0 31 0 0 0 0
0 6 0 0 0 0 0 0 0 0 0 0 0 0 0 0 0 0 0 0 0 0 22 5 0 0 0 0 0 0 0 0 15 13 0 0 0 0 0 0 0
0 10 21 0 0 0 0 0 0 0 0 0 0 0 0 0 0 0 0 0 0 0 78 0 0 0 0 0 23 0 0 15 29 20 0 0 0 0 0 0 0
0 12 11 0 0 0 0 0 0 0 0 0 0 0 0 0 0 0 0 0 0 0 62 0 0 0 0 0 20 0 0 0 28 19 0 0 0 0 0 0 0
0 9 24 0 0 0 0 0 0 0 0 0 0 0 0 0 0 0 0 0 0 0 84 0 0 0 0 0 23 1 0 19 29 19 0 0 0 0 0 0 0
0 0 41 0 0 0 0 0 0 0 0 0 0 0 0 0 0 0 0 0 0 0 87 0 0 4 0 0 7 7 0 43 11 4 6 0 7 0 0 0 0
0 9 0 0 0 0 0 0 0 0 0 0 0 0 0 0 0 0 0 0 0 0 29 3 0 0 0 0 0 0 0 0 20 19 0 0 0 0 0 0 0
0 0 45 0 0 0 0 0 0 0 0 0 0 0 0 0 0 0 0 0 0 0 94 0 0 6 0 0 9 8 0 50 11 5 7 0 9 0 0 0 0
0 0 43 0 0 0 0 0 0 0 0 0 0 0 0 0 0 0 0 0 0 0 87 0 0 8 0 0 5 8 0 48 7 1 7 0 13 0 0 0 0
0 9 19 0 0 0 0 0 0 0 0 0 0 0 0 0 0 0 0 0 0 0 74 0 0 0 0 0 21 0 0 16 27 18 1 0 0 0 0 0 0
0 7 30 0 0 0 0 0 0 0 0 0 0 0 0 0 0 0 0 0 0 0 93 0 0 0 0 0 24 1 0 33 28 20 2 0 0 0 0 0 0
0 11 22 0 0 0 0 0 0 0 0 0 0 0 0 0 0 0 0 0 0 0 74 0 0 0 0 0 23 1 0 10 30 19 0 0 0 0 0 0 0
0 6 27 0 0 0 0 0 0 0 0 0 0 0 0 0 0 0 0 0 0 0 81 0 0 0 0 0 20 2 0 31 26 17 2 0 0 0 0 0 0
0 12 10 0 0 0 0 0 0 0 0 0 0 0 0 0 0 0 0 0 0 0 57 0 0 0 0 0 18 0 0 0 28 18 0 0 0 0 0 0 0
0 3 30 0 0 0 0 0 0 0 0 0 0 0 0 0 0 0 0 0 0 0 103 0 0 0 0 0 18 3 0 39 24 17 4 0 0 0 0 0 0
0 0 44 0 0 0 0 0 0 0 0 0 0 0 0 0 0 0 0 0 0 0 76 0 0 8 0 0 5 7 0 48 7 0 7 0 12 0 0 0 0
0 0 42 0 0 0 0 0 0 0 0 0 0 0 0 0 0 0 0 0 0 0 90 2 0 11 0 0 0 9 0 43 1 0 6 0 21 0 0 0 0
0 12 7 0 0 0 0 0 0 0 0 0 0 0 0 0 0 0 0 0 0 0 52 2 0 0 0 0 16 0 0 0 27 19 0 0 0 0 0 0 0
0 0 24 0 0 0 0 0 0 0 0 0 0 0 0 0 0 0 0 0 0 0 64 11 0 12 0 0 0 3 0 18 0 0 0 0 28 0 0 0 0
0 0 50 0 0 0 0 0 0 0 0 0 0 0 0 0 0 0 0 0 0 0 80 0 0 9 0 0 7 8 0 54 8 0 8 0 13 0 0 0 0
0 0 43 0 0 0 0 0 0 0 0 0 0 0 0 0 0 0 0 0 0 0 91 0 0 6 0 0 8 7 0 49 10 5 7 0 9 0 0 0 0
0 0 46 0 0 0 0 0 0 0 0 0 0 0 0 0 0 0 0 0 0 0 87 0 0 9 0 0 4 8 0 50 7 0 7 0 14 0 0 0 0
0 0 29 0 0 0 0 0 0 0 0 0 0 0 0 0 0 0 0 0 0 0 81 24 0 9 0 0 0 2 0 8 0 0 0 0 34 0 0 0 0
0 0 31 0 0 0 0 0 0 0 0 0 0 0 0 0 0 0 0 0 0 0 69 6 0 11 0 0 0 5 0 30 0 0 3 0 24 0 0 0 0
0 0 39 0 0 0 0 0 0 0 0 0 0 0 0 0 0 0 0 0 0 0 107 0 0 0 0 0 16 6 0 46 19 13 5 0 0 0 0 0 0
0 4 32 0 0 0 0 0 0 0 0 0 0 0 0 0 0 0 0 0 0 0 94 0 0 0 0 0 19 3 0 38 25 16 4 0 0 0 0 0 0
0 8 25 0 0 0 0 0 0 0 0 0 0 0 0 0 0 0 0 0 0 0 77 0 0 0 0 0 23 1 0 24 28 18 1 0 0 0 0 0 0
0 0 41 0 0 0 0 0 0 0 0 0 0 0 0 0 0 0 0 0 0 0 66 0 0 9 0 0 0 7 0 44 5 0 7 0 16 0 0 0 0
0 11 20 0 0 0 0 0 0 0 0 0 0 0 0 0 0 0 0 0 0 0 79 0 1 0 0 0 22 0 0 11 30 20 0 0 0 0 0 0 0
0 0 42 0 0 0 0 0 0 0 0 0 0 0 0 0 0 0 0 0 0 0 105 0 0 1 0 0 15 6 0 49 18 12 6 0 1 0 0 0 0
0 0 41 0 0 0 0 0 0 0 0 0 0 0 0 0 0 0 0 0 0 0 71 1 0 10 0 0 0 8 0 43 1 0 7 0 20 0 0 0 0
0 0 44 0 0 0 0 0 0 0 0 0 0 0 0 0 0 0 0 0 0 0 84 0 0 10 0 0 0 9 0 46 2 0 6 0 19 0 0 0 0
0 0 46 0 0 0 0 0 0 0 0 0 0 0 0 0 0 0 0 0 0 0 88 0 0 7 0 0 8 7 0 52 10 3 8 0 10 0 0 0 0
0 0 29 0 0 0 0 0 0 0 0 0 0 0 0 0 0 0 0 0 0 0 56 7 0 12 0 0 0 4 0 28 0 0 3 0 24 0 0 0 0
0 11 13 0 0 0 0 0 0 0 0 0 0 0 0 0 0 0 0 0 0 0 65 0 0 0 0 0 20 0 0 2 29 18 0 0 0 0 0 0 0
0 3 31 0 0 0 0 0 0 0 0 0 0 0 0 0 0 0 0 0 0 0 93 0 0 0 0 0 18 3 0 40 24 16 4 0 0 0 0 0 0
0 0 41 0 0 0 0 0 0 0 0 0 0 0 0 0 0 0 0 0 0 0 84 0 0 3 0 0 14 5 0 48 16 8 7 0 3 0 0 0 0
0 0 43 0 0 0 0 0 0 0 0 0 0 0 0 0 0 0 0 0 0 0 93 0 0 5 0 0 10 6 0 50 12 6 7 0 7 0 0 0 0
0 0 44 0 0 0 0 0 0 0 0 0 0 0 0 0 0 0 0 0 0 0 76 0 0 10 0 0 2 8 0 48 5 0 7 0 15 0 0 0 0
0 4 34 0 0 0 0 0 0 0 0 0 0 0 0 0 0 0 0 0 0 0 101 0 0 0 0 0 21 3 0 40 26 19 3 0 0 0 0 0 0
0 12 12 0 0 0 0 0 0 0 0 0 0 0 0 0 0 0 0 0 0 0 67 0 0 0 0 0 19 0 0 0 29 18 0 0 0 0 0 0 0
0 0 45 0 0 0 0 0 0 0 0 0 0 0 0 0 0 0 0 0 0 0 71 0 0 9 0 0 2 7 0 47 5 0 7 0 15 0 0 0 0
0 0 38 0 0 0 0 0 0 0 0 0 0 0 0 0 0 0 0 0 0 0 87 0 0 1 0 0 14 5 0 46 17 10 6 0 1 0 0 0 0
0 0 44 0 0 0 0 0 0 0 0 0 0 0 0 0 0 0 0 0 0 0 75 0 0 8 0 0 3 7 0 46 7 0 7 0 13 0 0 0 0
0 0 30 0 0 0 0 0 0 0 0 0 0 0 0 0 0 0 0 0 0 0 83 24 0 10 0 0 0 3 0 10 0 0 0 0 34 0 0 0 0
0 0 27 0 0 0 0 0 0 0 0 0 0 0 0 0 0 0 0 0 0 0 71 16 0 12 0 0 0 3 0 15 0 0 0 0 30 0 0 0 0
0 0 44 0 0 0 0 0 0 0 0 0 0 0 0 0 0 0 0 0 0 0 89 0 0 6 0 0 9 7 0 50 10 4 7 0 9 0 0 0 0
0 0 38 0 0 0 0 0 0 0 0 0 0 0 0 0 0 0 0 0 0 0 101 32 0 10 0 0 0 2 0 4 0 0 0 0 38 0 0 0 0
0 0 33 0 0 0 0 0 0 0 0 0 0 0 0 0 0 0 0 0 0 0 106 30 0 8 0 0 0 1 0 3 0 0 0 0 36 0 0 0 0
0 0 25 0 0 0 0 0 0 0 0 0 0 0 0 0 0 0 0 0 0 0 67 16 0 12 0 0 0 2 0 13 0 0 0 0 30 0 0 0 0
0 7 26 0 0 0 0 0 0 0 0 0 0 0 0 0 0 0 0 0 0 0 84 0 0 0 0 0 22 1 0 26 26 18 1 0 0 0 0 0 0
0 8 0 0 0 0 0 0 0 0 0 0 0 0 0 0 0 0 0 0 0 0 25 5 0 0 0 0 0 0 0 0 18 16 0 0 0 0 0 0 0
0 0 36 0 0 0 0 0 0 0 0 0 0 0 0 0 0 0 0 0 0 0 77 4 0 12 0 0 0 7 0 36 0 0 4 0 24 0 0 0 0
0 0 40 0 0 0 0 0 0 0 0 0 0 0 0 0 0 0 0 0 0 0 78 3 0 11 0 0 0 7 0 40 0 0 5 0 23 0 0 0 0
0 11 19 0 0 0 0 0 0 0 0 0 0 0 0 0 0 0 0 0 0 0 70 0 0 0 0 0 21 1 0 8 29 19 0 0 0 0 0 0 0
0 0 33 0 0 0 0 0 0 0 0 0 0 0 0 0 0 0 0 0 0 0 80 21 0 12 0 0 0 3 0 16 0 0 0 0 34 0 0 0 0
0 0 35 0 0 0 0 0 0 0 0 0 0 0 0 0 0 0 0 0 0 0 113 32 0 8 0 0 0 1 0 1 0 0 0 0 37 0 0 0 0
0 0 29 0 0 0 0 0 0 0 0 0 0 0 0 0 0 0 0 0 0 0 60 5 0 13 0 0 0 4 0 29 0 0 3 0 25 0 0 0 0
0 0 40 0 0 0 0 0 0 0 0 0 0 0 0 0 0 0 0 0 0 0 85 0 0 1 0 0 17 5 0 49 18 11 6 0 0 0 0 0 0
0 0 35 0 0 0 0 0 0 0 0 0 0 0 0 0 0 0 0 0 0 0 98 0 0 0 0 0 17 5 0 46 20 14 5 0 0 0 0 0 0
0 0 42 0 0 0 0 0 0 0 0 0 0 0 0 0 0 0 0 0 0 0 63 2 0 10 0 0 0 7 0 43 1 0 7 0 20 0 0 0 0
0 0 41 0 0 0 0 0 0 0 0 0 0 0 0 0 0 0 0 0 0 0 98 0 0 2 0 0 16 6 0 51 17 12 6 0 1 0 0 0 0
0 9 24 0 0 0 0 0 0 0 0 0 0 0 0 0 0 0 0 0 0 0 84 0 0 0 0 0 23 0 0 18 29 20 0 0 0 0 0 0 0
0 12 6 0 0 0 0 0 0 0 0 0 0 0 0 0 0 0 0 0 0 0 55 0 0 0 0 0 16 0 0 0 28 19 0 0 0 0 0 0 0
0 3 32 0 0 0 0 0 0 0 0 0 0 0 0 0 0 0 0 0 0 0 102 0 0 0 0 0 19 4 0 40 24 17 3 0 0 0 0 0 0
0 8 26 0 0 0 0 0 0 0 0 0 0 0 0 0 0 0 0 0 0 0 83 0 0 0 0 0 23 1 0 23 28 19 1 0 0 0 0 0 0
0 0 28 0 0 0 0 0 0 0 0 0 0 0 0 0 0 0 0 0 0 0 67 10 0 11 0 0 0 4 0 23 0 0 2 0 26 0 0 0 0
0 0 38 0 0 0 0 0 0 0 0 0 0 0 0 0 0 0 0 0 0 0 93 0 0 0 0 0 17 5 0 47 19 13 6 0 0 0 0 0 0
0 12 8 0 0 0 0 0 0 0 0 0 0 0 0 0 0 0 0 0 0 0 58 0 0 0 0 0 18 0 0 0 28 19 0 0 0 0 0 0 0
0 0 27 0 0 0 0 0 0 0 0 0 0 0 0 0 0 0 0 0 0 0 70 17 0 12 0 0 0 3 0 15 0 0 0 0 31 0 0 0 0
0 0 43 0 0 0 0 0 0 0 0 0 0 0 0 0 0 0 0 0 0 0 69 0 0 8 0 0 2 7 0 45 6 0 7 0 14 0 0 0 0
0 0 40 0 0 0 0 0 0 0 0 0 0 0 0 0 0 0 0 0 0 0 66 1 0 12 0 0 0 7 0 42 0 0 6 0 22 0 0 0 0
0 12 13 0 0 0 0 0 0 0 0 0 0 0 0 0 0 0 0 0 0 0 58 0 0 0 0 0 19 0 0 0 28 18 0 0 0 0 0 0 0
0 0 45 0 0 0 0 0 0 0 0 0 0 0 0 0 0 0 0 0 0 0 79 0 0 7 0 0 8 7 0 49 10 2 7 0 10 0 0 0 0
0 0 36 0 0 0 0 0 0 0 0 0 0 0 0 0 0 0 0 0 0 0 79 3 0 12 0 0 0 7 0 36 0 0 5 0 23 0 0 0 0
0 3 33 0 0 0 0 0 0 0 0 0 0 0 0 0 0 0 0 0 0 0 113 0 0 0 0 0 20 4 0 42 26 18 3 0 0 0 0 0 0
0 9 18 0 0 0 0 0 0 0 0 0 0 0 0 0 0 0 0 0 0 0 77 0 0 0 0 0 21 0 0 14 28 19 0 0 0 0 0 0 0
0 2 31 0 0 0 0 0 0 0 0 0 0 0 0 0 0 0 0 0 0 0 108 0 0 0 0 0 18 4 0 40 25 17 3 0 0 0 0 0 0
0 9 0 0 0 0 0 0 0 0 0 0 0 0 0 0 0 0 0 0 0 0 27 3 0 0 0 0 0 0 0 0 19 18 0 0 0 0 0 0 0
0 4 33 0 0 0 0 0 0 0 0 0 0 0 0 0 0 0 0 0 0 0 86 0 0 0 0 0 19 3 0 39 24 14 4 0 0 0 0 0 0
0 6 28 0 0 0 0 0 0 0 0 0 0 0 0 0 0 0 0 0 0 0 91 0 0 0 0 0 23 2 0 30 27 20 1 0 0 0 0 0 0
0 9 22 0 0 0 0 0 0 0 0 0 0 0 0 0 0 0 0 0 0 0 81 0 0 0 0 0 22 1 0 18 28 19 0 0 0 0 0 0 0
0 12 2 0 0 0 0 0 0 0 0 0 0 0 0 0 0 0 0 0 0 0 49 3 0 0 0 0 14 0 0 0 26 20 0 0 0 0 0 0 0
0 12 8 0 0 0 0 0 0 0 0 0 0 0 0 0 0 0 0 0 0 0 60 0 0 0 0 0 18 0 0 0 28 18 0 0 0 0 0 0 0
0 0 31 0 0 0 0 0 0 0 0 0 0 0 0 0 0 0 0 0 0 0 71 6 0 11 0 0 0 5 0 29 0 0 3 0 25 0 0 0 0
0 5 33 0 0 0 0 0 0 0 0 0 0 0 0 0 0 0 0 0 0 0 96 0 0 0 0 0 22 3 0 38 26 18 3 0 0 0 0 0 0
0 0 31 0 0 0 0 0 0 0 0 0 0 0 0 0 0 0 0 0 0 0 83 24 0 10 0 0 0 3 0 11 0 0 0 0 32 0 0 0 0
0 9 24 0 0 0 0 0 0 0 0 0 0 0 0 0 0 0 0 0 0 0 80 0 0 0 0 0 22 1 0 19 28 18 0 0 0 0 0 0 0
0 0 44 0 0 0 0 0 0 0 0 0 0 0 0 0 0 0 0 0 0 0 80 0 0 7 0 0 6 7 0 49 9 2 7 0 11 0 0 0 0
0 11 12 0 0 0 0 0 0 0 0 0 0 0 0 0 0 0 0 0 0 0 63 0 0 0 0 0 19 0 0 2 28 18 0 0 0 0 0 0 0
0 5 30 0 0 0 0 0 0 0 0 0 0 0 0 0 0 0 0 0 0 0 98 0 0 0 0 0 22 2 0 36 26 19 2 0 0 0 0 0 0
0 11 13 0 0 0 0 0 0 0 0 0 0 0 0 0 0 0 0 0 0 0 66 0 0 0 0 0 20 0 0 4 29 19 0 0 0 0 0 0 0
0 0 30 0 0 0 0 0 0 0 0 0 0 0 0 0 0 0 0 0 0 0 74 20 0 12 0 0 0 3 0 15 0 0 0 0 32 0 0 0 0
0 10 17 0 0 0 0 0 0 0 0 0 0 0 0 0 0 0 0 0 0 0 72 0 0 0 0 0 21 0 0 9 29 19 0 0 0 0 0 0 0
0 0 44 0 0 0 0 0 0 0 0 0 0 0 0 0 0 0 0 0 0 0 86 0 0 8 0 0 6 7 0 49 8 2 7 0 11 0 0 0 0
0 0 32 0 0 0 0 0 0 0 0 0 0 0 0 0 0 0 0 0 0 0 78 12 0 13 0 0 0 4 0 23 0 0 0 0 29 0 0 0 0
0 12 8 0 0 0 0 0 0 0 0 0 0 0 0 0 0 0 0 0 0 0 61 0 0 0 0 0 17 0 0 0 28 18 0 0 0 0 0 0 0
0 12 3 0 0 0 0 0 0 0 0 0 0 0 0 0 0 0 0 0 0 0 49 0 0 0 0 0 16 0 0 0 26 18 0 0 0 0 0 0 0
0 3 32 0 0 0 0 0 0 0 0 0 0 0 0 0 0 0 0 0 0 0 110 0 1 0 0 0 20 4 0 37 25 19 2 0 0 0 0 0 0
0 7 29 0 0 0 0 0 0 0 0 0 0 0 0 0 0 0 0 0 0 0 84 0 0 0 0 0 23 2 0 28 27 19 1 0 0 0 0 0 0
0 4 32 0 0 0 0 0 0 0 0 0 0 0 0 0 0 0 0 0 0 0 110 0 0 0 0 0 21 3 0 39 27 19 3 0 0 0 0 0 0
0 0 44 0 0 0 0 0 0 0 0 0 0 0 0 0 0 0 0 0 0 0 97 0 0 5 0 0 10 7 0 51 13 6 7 0 8 0 0 0 0
0 7 26 0 0 0 0 0 0 0 0 0 0 0 0 0 0 0 0 0 0 0 83 0 0 0 0 0 22 1 0 27 27 18 1 0 0 0 0 0 0
0 11 16 0 0 0 0 0 0 0 0 0 0 0 0 0 0 0 0 0 0 0 69 0 0 0 0 0 20 0 0 5 29 18 0 0 0 0 0 0 0
0 12 8 0 0 0 0 0 0 0 0 0 0 0 0 0 0 0 0 0 0 0 60 0 0 0 0 0 17 0 0 0 28 18 0 0 0 0 0 0 0
0 8 30 0 0 0 0 0 0 0 0 0 0 0 0 0 0 0 0 0 0 0 85 0 0 0 0 0 25 2 0 31 28 20 1 0 0 0 0 0 0
0 0 28 0 0 0 0 0 0 0 0 0 0 0 0 0 0 0 0 0 0 0 72 18 0 12 0 0 0 2 0 15 0 0 0 0 32 0 0 0 0
0 0 41 0 0 0 0 0 0 0 0 0 0 0 0 0 0 0 0 0 0 0 95 0 0 2 0 0 17 5 0 52 18 12 7 0 1 0 0 0 0
0 0 38 0 0 0 0 0 0 0 0 0 0 0 0 0 0 0 0 0 0 0 68 0 0 10 0 0 0 7 0 41 2 0 6 0 17 0 0 0 0
0 6 30 0 0 0 0 0 0 0 0 0 0 0 0 0 0 0 0 0 0 0 94 0 0 0 0 0 22 3 0 33 27 19 2 0 0 0 0 0 0
0 8 27 0 0 0 0 0 0 0 0 0 0 0 0 0 0 0 0 0 0 0 86 0 0 0 0 0 23 1 0 25 28 19 1 0 0 0 0 0 0
0 0 38 0 0 0 0 0 0 0 0 0 0 0 0 0 0 0 0 0 0 0 87 0 0 1 0 0 15 5 0 47 18 11 6 0 0 0 0 0 0
0 1 35 0 0 0 0 0 0 0 0 0 0 0 0 0 0 0 0 0 0 0 99 0 0 0 0 0 17 4 0 44 21 14 5 0 0 0 0 0 0
0 0 30 0 0 0 0 0 0 0 0 0 0 0 0 0 0 0 0 0 0 0 73 9 0 11 0 0 0 4 0 26 0 0 1 0 25 0 0 0 0
0 8 25 0 0 0 0 0 0 0 0 0 0 0 0 0 0 0 0 0 0 0 82 0 0 0 0 0 23 1 0 22 27 19 1 0 0 0 0 0 0
0 11 13 0 0 0 0 0 0 0 0 0 0 0 0 0 0 0 0 0 0 0 68 0 0 0 0 0 20 0 0 3 29 19 0 0 0 0 0 0 0
0 0 47 0 0 0 0 0 0 0 0 0 0 0 0 0 0 0 0 0 0 0 79 1 0 10 0 0 0 8 0 48 3 0 7 0 19 0 0 0 0
0 10 15 0 0 0 0 0 0 0 0 0 0 0 0 0 0 0 0 0 0 0 70 0 0 0 0 0 20 0 0 7 28 18 0 0 0 0 0 0 0
0 0 39 0 0 0 0 0 0 0 0 0 0 0 0 0 0 0 0 0 0 0 85 0 0 0 0 0 15 5 0 46 18 11 6 0 0 0 0 0 0
0 0 44 0 0 0 0 0 0 0 0 0 0 0 0 0 0 0 0 0 0 0 88 0 0 6 0 0 8 7 0 49 10 4 7 0 9 0 0 0 0
0 0 43 0 0 0 0 0 0 0 0 0 0 0 0 0 0 0 0 0 0 0 82 0 0 9 0 0 4 7 0 49 7 0 7 0 13 0 0 0 0
0 0 43 0 0 0 0 0 0 0 0 0 0 0 0 0 0 0 0 0 0 0 57 1 0 4 0 0 5 6 0 43 10 0 8 0 10 0 0 0 0
0 8 28 0 0 0 0 0 0 0 0 0 0 0 0 0 0 0 0 0 0 0 86 0 0 0 0 0 24 2 0 27 28 19 1 0 0 0 0 0 0
0 7 31 0 0 0 0 0 0 0 0 0 0 0 0 0 0 0 0 0 0 0 91 0 0 0 0 0 25 2 0 32 28 20 2 0 0 0 0 0 0
0 0 39 0 0 0 0 0 0 0 0 0 0 0 0 0 0 0 0 0 0 0 94 0 0 1 0 0 15 5 0 47 17 11 6 0 1 0 0 0 0
0 1 0 0 0 0 0 0 0 0 0 0 0 0 0 0 0 0 0 0 0 0 0 0 0 0 0 0 0 0 0 0 4 7 0 0 0 0 0 0 0
0 11 0 0 0 0 0 0 0 0 0 0 0 0 0 0 0 0 0 0 0 0 42 2 0 0 0 0 8 0 0 0 23 18 0 0 0 0 0 0 0
0 3 31 0 0 0 0 0 0 0 0 0 0 0 0 0 0 0 0 0 0 0 97 0 0 0 0 0 19 3 0 40 24 17 4 0 0 0 0 0 0
0 0 38 0 0 0 0 0 0 0 0 0 0 0 0 0 0 0 0 0 0 0 92 0 0 1 0 0 14 6 0 46 17 11 6 0 1 0 0 0 0
0 0 29 0 0 0 0 0 0 0 0 0 0 0 0 0 0 0 0 0 0 0 84 24 0 11 0 0 0 2 0 9 0 0 0 0 35 0 0 0 0
0 12 14 0 0 0 0 0 0 0 0 0 0 0 0 0 0 0 0 0 0 0 66 0 0 0 0 0 21 0 0 3 29 18 0 0 0 0 0 0 0
0 0 44 0 0 0 0 0 0 0 0 0 0 0 0 0 0 0 0 0 0 0 79 0 0 9 0 0 3 8 0 48 6 0 7 0 14 0 0 0 0
0 3 34 0 0 0 0 0 0 0 0 0 0 0 0 0 0 0 0 0 0 0 111 0 0 0 0 0 20 4 0 41 26 18 4 0 0 0 0 0 0
0 12 5 0 0 0 0 0 0 0 0 0 0 0 0 0 0 0 0 0 0 0 52 0 0 0 0 0 16 0 0 0 28 19 0 0 0 0 0 0 0
0 6 31 0 0 0 0 0 0 0 0 0 0 0 0 0 0 0 0 0 0 0 91 0 0 0 0 0 24 2 0 35 27 19 2 0 0 0 0 0 0
0 0 28 0 0 0 0 0 0 0 0 0 0 0 0 0 0 0 0 0 0 0 74 20 0 12 0 0 0 3 0 12 0 0 0 0 32 0 0 0 0
0 0 38 0 0 0 0 0 0 0 0 0 0 0 0 0 0 0 0 0 0 0 66 3 0 10 0 0 0 7 0 38 1 0 6 0 20 0 0 0 0
0 1 42 0 0 0 0 0 0 0 0 0 0 0 0 0 0 0 0 0 0 0 100 0 0 0 0 0 18 5 0 51 20 13 6 0 0 0 0 0 0
0 0 29 0 0 0 0 0 0 0 0 0 0 0 0 0 0 0 0 0 0 0 82 23 0 11 0 0 0 2 0 9 0 0 0 0 35 0 0 0 0
0 0 45 0 0 0 0 0 0 0 0 0 0 0 0 0 0 0 0 0 0 0 73 0 0 9 0 0 3 7 0 48 6 0 7 0 15 0 0 0 0
0 6 29 0 0 0 0 0 0 0 0 0 0 0 0 0 0 0 0 0 0 0 90 0 0 0 0 0 23 2 0 32 27 19 2 0 0 0 0 0 0
0 4 32 0 0 0 0 0 0 0 0 0 0 0 0 0 0 0 0 0 0 0 105 0 0 0 0 0 22 3 0 39 27 19 3 0 0 0 0 0 0
0 0 32 0 0 0 0 0 0 0 0 0 0 0 0 0 0 0 0 0 0 0 75 19 0 12 0 0 0 4 0 16 0 0 0 0 31 0 0 0 0
0 0 38 0 0 0 0 0 0 0 0 0 0 0 0 0 0 0 0 0 0 0 81 4 0 13 0 0 0 7 0 37 0 0 5 0 27 0 0 0 0
0 4 31 0 0 0 0 0 0 0 0 0 0 0 0 0 0 0 0 0 0 0 99 0 0 0 0 0 21 3 0 38 26 18 3 0 0 0 0 0 0
0 4 32 0 0 0 0 0 0 0 0 0 0 0 0 0 0 0 0 0 0 0 92 0 0 0 0 0 21 3 0 38 26 18 3 0 0 0 0 0 0
0 0 44 0 0 0 0 0 0 0 0 0 0 0 0 0 0 0 0 0 0 0 87 0 0 7 0 0 8 7 0 50 9 3 7 0 10 0 0 0 0
0 8 0 0 0 0 0 0 0 0 0 0 0 0 0 0 0 0 0 0 0 0 22 5 2 0 0 0 0 0 1 0 18 16 0 0 0 0 0 0 0
0 11 15 0 0 0 0 0 0 0 0 0 0 0 0 0 0 0 0 0 0 0 73 0 0 0 0 0 21 0 0 7 29 20 0 0 0 0 0 0 0
0 1 39 0 0 0 0 0 0 0 0 0 0 0 0 0 0 0 0 0 0 0 101 0 0 0 0 0 19 5 0 48 22 15 5 0 0 0 0 0 0
0 0 31 0 0 0 0 0 0 0 0 0 0 0 0 0 0 0 0 0 0 0 75 11 0 11 0 0 0 5 0 26 0 0 1 0 27 0 0 0 0
0 0 43 0 0 0 0 0 0 0 0 0 0 0 0 0 0 0 0 0 0 0 86 0 0 4 0 0 13 6 0 50 15 7 7 0 5 0 0 0 0
0 12 12 0 0 0 0 0 0 0 0 0 0 0 0 0 0 0 0 0 0 0 64 0 0 0 0 0 19 0 0 0 29 18 0 0 0 0 0 0 0
0 5 30 0 0 0 0 0 0 0 0 0 0 0 0 0 0 0 0 0 0 0 83 0 0 0 0 0 19 2 0 34 26 15 4 0 0 0 0 0 0
0 0 28 0 0 0 0 0 0 0 0 0 0 0 0 0 0 0 0 0 0 0 62 10 0 11 0 0 0 4 0 25 0 0 2 0 26 0 0 0 0
0 8 26 0 0 0 0 0 0 0 0 0 0 0 0 0 0 0 0 0 0 0 87 0 0 0 0 0 24 1 0 25 28 20 1 0 0 0 0 0 0
0 2 35 0 0 0 0 0 0 0 0 0 0 0 0 0 0 0 0 0 0 0 92 0 0 0 0 0 18 4 0 45 21 14 5 0 0 0 0 0 0
0 6 27 0 0 0 0 0 0 0 0 0 0 0 0 0 0 0 0 0 0 0 84 0 0 0 0 0 21 1 0 27 26 18 2 0 0 0 0 0 0
0 6 29 0 0 0 0 0 0 0 0 0 0 0 0 0 0 0 0 0 0 0 94 0 0 0 0 0 23 2 0 31 27 20 2 0 0 0 0 0 0
0 0 27 0 0 0 0 0 0 0 0 0 0 0 0 0 0 0 0 0 0 0 76 14 0 10 0 0 0 4 0 20 0 0 0 0 27 0 0 0 0
0 0 45 0 0 0 0 0 0 0 0 0 0 0 0 0 0 0 0 0 0 0 78 0 0 10 0 0 2 8 0 49 5 0 7 0 15 0 0 0 0
0 3 33 0 0 0 0 0 0 0 0 0 0 0 0 0 0 0 0 0 0 0 104 0 0 0 0 0 20 3 0 42 25 17 4 0 0 0 0 0 0
0 0 37 0 0 0 0 0 0 0 0 0 0 0 0 0 0 0 0 0 0 0 66 4 0 12 0 0 0 6 0 37 0 0 5 0 23 0 0 0 0
0 0 28 0 0 0 0 0 0 0 0 0 0 0 0 0 0 0 0 0 0 0 70 11 0 12 0 0 0 3 0 22 0 0 0 0 28 0 0 0 0
0 0 34 0 0 0 0 0 0 0 0 0 0 0 0 0 0 0 0 0 0 0 84 24 0 11 0 0 0 3 0 13 0 0 0 0 35 0 0 0 0
0 8 26 0 0 0 0 0 0 0 0 0 0 0 0 0 0 0 0 0 0 0 81 0 0 0 0 0 23 1 0 23 27 19 1 0 0 0 0 0 0
0 0 32 0 0 0 0 0 0 0 0 0 0 0 0 0 0 0 0 0 0 0 68 9 0 12 0 0 0 4 0 28 0 0 2 0 27 0 0 0 0
0 9 25 0 0 0 0 0 0 0 0 0 0 0 0 0 0 0 0 0 0 0 83 0 0 0 0 0 23 1 0 21 28 19 0 0 0 0 0 0 0
0 0 32 0 0 0 0 0 0 0 0 0 0 0 0 0 0 0 0 0 0 0 76 14 0 13 0 0 0 4 0 21 0 0 0 0 30 0 0 0 0
0 9 21 0 0 0 0 0 0 0 0 0 0 0 0 0 0 0 0 0 0 0 79 0 0 0 0 0 22 0 0 16 28 19 0 0 0 0 0 0 0
0 0 40 0 0 0 0 0 0 0 0 0 0 0 0 0 0 0 0 0 0 0 87 0 0 1 0 0 14 5 0 46 17 9 6 0 1 0 0 0 0
0 2 28 0 0 0 0 0 0 0 0 0 0 0 0 0 0 0 0 0 0 0 103 0 0 0 0 0 15 4 0 35 22 15 3 0 0 0 0 0 0
0 0 29 0 0 0 0 0 0 0 0 0 0 0 0 0 0 0 0 0 0 0 69 15 0 11 0 0 0 4 0 19 0 0 0 0 29 0 0 0 0
0 10 21 0 0 0 0 0 0 0 0 0 0 0 0 0 0 0 0 0 0 0 82 0 0 0 0 0 23 0 0 16 29 20 0 0 0 0 0 0 0
0 0 26 0 0 0 0 0 0 0 0 0 0 0 0 0 0 0 0 0 0 0 83 26 0 9 0 0 0 1 0 5 0 0 0 0 34 0 0 0 0
0 11 17 0 0 0 0 0 0 0 0 0 0 0 0 0 0 0 0 0 0 0 68 0 0 0 0 0 21 1 0 6 29 19 0 0 0 0 0 0 0
0 9 22 0 0 0 0 0 0 0 0 0 0 0 0 0 0 0 0 0 0 0 77 0 0 0 0 0 23 0 0 17 28 20 0 0 0 0 0 0 0
0 0 28 0 0 0 0 0 0 0 0 0 0 0 0 0 0 0 0 0 0 0 69 12 0 13 0 0 0 4 0 21 0 0 0 0 29 0 0 0 0
0 0 35 0 0 0 0 0 0 0 0 0 0 0 0 0 0 0 0 0 0 0 71 7 0 12 0 0 0 6 0 32 0 0 3 0 27 0 0 0 0
0 0 48 0 0 0 0 0 0 0 0 0 0 0 0 0 0 0 0 0 0 0 65 0 0 8 0 0 7 7 0 53 8 0 9 0 12 0 0 0 0
0 0 36 0 0 0 0 0 0 0 0 0 0 0 0 0 0 0 0 0 0 0 63 4 0 10 0 0 0 6 0 36 0 0 5 0 20 0 0 0 0
0 6 26 0 0 0 0 0 0 0 0 0 0 0 0 0 0 0 0 0 0 0 85 0 0 0 0 0 22 2 0 29 27 19 2 0 0 0 0 0 0
0 9 26 0 0 0 0 0 0 0 0 0 0 0 0 0 0 0 0 0 0 0 84 0 0 0 0 0 25 1 0 23 28 20 1 0 0 0 0 0 0
0 8 25 0 0 0 0 0 0 0 0 0 0 0 0 0 0 0 0 0 0 0 80 0 0 0 0 0 24 1 0 22 28 20 1 0 0 0 0 0 0
0 0 44 0 0 0 0 0 0 0 0 0 0 0 0 0 0 0 0 0 0 0 81 0 0 7 0 0 9 7 0 49 10 3 8 0 10 0 0 0 0
0 0 26 0 0 0 0 0 0 0 0 0 0 0 0 0 0 0 0 0 0 0 79 25 0 10 0 0 0 1 0 6 0 0 0 0 35 0 0 0 0
0 9 26 0 0 0 0 0 0 0 0 0 0 0 0 0 0 0 0 0 0 0 83 0 0 0 0 0 24 1 0 23 28 19 1 0 0 0 0 0 0
0 1 40 0 0 0 0 0 0 0 0 0 0 0 0 0 0 0 0 0 0 0 90 0 0 0 0 0 17 4 0 47 19 12 6 0 0 0 0 0 0
0 0 30 0 0 0 0 0 0 0 0 0 0 0 0 0 0 0 0 0 0 0 62 7 0 12 0 0 0 5 0 28 0 0 2 0 25 0 0 0 0
0 7 29 0 0 0 0 0 0 0 0 0 0 0 0 0 0 0 0 0 0 0 88 0 0 0 0 0 22 2 0 30 27 19 2 0 0 0 0 0 0
0 5 27 0 0 0 0 0 0 0 0 0 0 0 0 0 0 0 0 0 0 0 94 0 0 0 0 0 20 2 0 32 26 18 2 0 0 0 0 0 0
0 7 30 0 0 0 0 0 0 0 0 0 0 0 0 0 0 0 0 0 0 0 90 0 0 0 0 0 24 2 0 33 27 19 3 0 0 0 0 0 0
0 0 34 0 0 0 0 0 0 0 0 0 0 0 0 0 0 0 0 0 0 0 68 5 0 11 0 0 0 6 0 33 0 0 4 0 25 0 0 0 0
0 1 36 0 0 0 0 0 0 0 0 0 0 0 0 0 0 0 0 0 0 0 88 0 0 0 0 0 16 4 0 45 19 11 6 0 0 0 0 0 0
0 0 42 0 0 0 0 0 0 0 0 0 0 0 0 0 0 0 0 0 0 0 83 0 0 5 0 0 12 6 0 49 13 6 7 0 6 0 0 0 0
0 0 44 0 0 0 0 0 0 0 0 0 0 0 0 0 0 0 0 0 0 0 83 0 0 6 0 0 9 7 0 50 11 4 7 0 9 0 0 0 0
0 10 15 0 0 0 0 0 0 0 0 0 0 0 0 0 0 0 0 0 0 0 73 0 0 0 0 0 20 0 0 7 29 19 0 0 0 0 0 0 0
0 0 35 0 0 0 0 0 0 0 0 0 0 0 0 0 0 0 0 0 0 0 68 4 0 10 0 0 0 6 0 35 0 0 4 0 21 0 0 0 0
0 4 35 0 0 0 0 0 0 0 0 0 0 0 0 0 0 0 0 0 0 0 99 0 0 0 0 0 22 3 0 42 25 17 4 0 0 0 0 0 0
0 0 42 0 0 0 0 0 0 0 0 0 0 0 0 0 0 0 0 0 0 0 72 1 0 10 0 0 0 7 0 44 3 0 7 0 18 0 0 0 0
0 5 28 0 0 0 0 0 0 0 0 0 0 0 0 0 0 0 0 0 0 0 93 0 0 0 0 0 21 2 0 32 26 18 2 0 0 0 0 0 0
0 0 26 0 0 0 0 0 0 0 0 0 0 0 0 0 0 0 0 0 0 0 73 15 0 13 0 0 0 2 0 15 0 0 0 0 31 0 0 0 0
0 0 35 0 0 0 0 0 0 0 0 0 0 0 0 0 0 0 0 0 0 0 89 24 0 11 0 0 0 3 0 13 0 0 0 0 35 0 0 0 0
0 0 36 0 0 0 0 0 0 0 0 0 0 0 0 0 0 0 0 0 0 0 71 6 0 12 0 0 0 6 0 35 0 0 4 0 25 0 0 0 0
0 11 17 0 0 0 0 0 0 0 0 0 0 0 0 0 0 0 0 0 0 0 71 0 0 0 0 0 20 0 0 8 28 18 0 0 0 0 0 0 0
0 0 25 0 0 0 0 0 0 0 0 0 0 0 0 0 0 0 0 0 0 0 64 11 0 12 0 0 0 3 0 19 0 0 0 0 29 0 0 0 0
0 1 39 0 0 0 0 0 0 0 0 0 0 0 0 0 0 0 0 0 0 0 89 0 0 0 0 0 17 5 0 47 19 12 6 0 0 0 0 0 0
0 0 24 0 0 0 0 0 0 0 0 0 0 0 0 0 0 0 0 0 0 0 65 15 0 12 0 0 0 2 0 15 0 0 0 0 29 0 0 0 0
0 0 34 0 0 0 0 0 0 0 0 0 0 0 0 0 0 0 0 0 0 0 83 24 0 10 0 0 0 3 0 13 0 0 0 0 34 0 0 0 0
0 8 28 0 0 0 0 0 0 0 0 0 0 0 0 0 0 0 0 0 0 0 87 0 0 0 0 0 25 1 0 25 28 20 1 0 0 0 0 0 0
0 0 40 0 0 0 0 0 0 0 0 0 0 0 0 0 0 0 0 0 0 0 110 0 0 2 0 0 14 7 0 49 16 11 6 0 3 0 0 0 0
0 0 30 0 0 0 0 0 0 0 0 0 0 0 0 0 0 0 0 0 0 0 74 11 0 12 0 0 0 4 0 24 0 0 1 0 29 0 0 0 0
0 0 36 0 0 0 0 0 0 0 0 0 0 0 0 0 0 0 0 0 0 0 74 7 0 13 0 0 0 5 0 32 0 0 3 0 27 0 0 0 0
0 0 37 0 0 0 0 0 0 0 0 0 0 0 0 0 0 0 0 0 0 0 91 0 0 0 0 0 17 5 0 46 20 13 5 0 0 0 0 0 0
0 0 44 0 0 0 0 0 0 0 0 0 0 0 0 0 0 0 0 0 0 0 91 0 0 5 0 0 12 6 0 52 13 7 7 0 6 0 0 0 0
0 0 44 0 0 0 0 0 0 0 0 0 0 0 0 0 0 0 0 0 0 0 87 0 0 4 0 0 13 6 0 50 14 7 7 0 6 0 0 0 0
0 0 47 0 0 0 0 0 0 0 0 0 0 0 0 0 0 0 0 0 0 0 85 0 0 9 0 0 6 7 0 52 8 1 7 0 12 0 0 0 0
0 0 43 0 0 0 0 0 0 0 0 0 0 0 0 0 0 0 0 0 0 0 73 0 0 9 0 0 0 8 0 44 4 0 6 0 17 0 0 0 0
0 12 11 0 0 0 0 0 0 0 0 0 0 0 0 0 0 0 0 0 0 0 59 0 0 0 0 0 18 0 0 0 28 18 0 0 0 0 0 0 0
0 0 52 0 0 0 0 0 0 0 0 0 0 0 0 0 0 0 0 0 0 0 141 42 0 7 0 0 0 2 0 3 0 0 0 0 40 0 0 0 0
0 12 11 0 0 0 0 0 0 0 0 0 0 0 0 0 0 0 0 0 0 0 58 0 0 0 0 0 18 0 0 0 28 18 0 0 0 0 0 0 0
0 0 28 0 0 0 0 0 0 0 0 0 0 0 0 0 0 0 0 0 0 0 72 11 0 11 0 0 0 4 0 22 0 0 0 0 27 0 0 0 0
0 5 31 0 0 0 0 0 0 0 0 0 0 0 0 0 0 0 0 0 0 0 100 0 0 0 0 0 22 3 0 38 27 20 3 0 0 0 0 0 0
0 3 33 0 0 0 0 0 0 0 0 0 0 0 0 0 0 0 0 0 0 0 86 0 0 0 0 0 20 3 0 41 24 15 4 0 0 0 0 0 0
0 3 26 0 0 0 0 0 0 0 0 0 0 0 0 0 0 0 0 0 0 0 102 0 0 0 0 0 15 4 0 31 23 15 2 0 0 0 0 0 0
0 3 35 0 0 0 0 0 0 0 0 0 0 0 0 0 0 0 0 0 0 0 90 0 0 0 0 0 19 4 0 43 23 15 4 0 0 0 0 0 0
0 10 16 0 0 0 0 0 0 0 0 0 0 0 0 0 0 0 0 0 0 0 71 0 0 0 0 0 21 0 0 8 28 19 0 0 0 0 0 0 0
0 11 0 0 0 0 0 0 0 0 0 0 0 0 0 0 0 0 0 0 0 0 42 2 0 0 0 0 9 0 0 0 24 19 0 0 0 0 0 0 0
0 2 37 0 0 0 0 0 0 0 0 0 0 0 0 0 0 0 0 0 0 0 87 0 0 0 0 0 18 4 0 45 21 13 5 0 0 0 0 0 0
0 11 0 0 0 0 0 0 0 0 0 0 0 0 0 0 0 0 0 0 0 0 42 3 0 0 0 0 10 0 0 0 24 19 0 0 0 0 0 0 0
0 0 29 0 0 0 0 0 0 0 0 0 0 0 0 0 0 0 0 0 0 0 67 7 0 11 0 0 0 5 0 27 0 0 2 0 25 0 0 0 0
0 0 26 0 0 0 0 0 0 0 0 0 0 0 0 0 0 0 0 0 0 0 67 15 0 13 0 0 0 3 0 16 0 0 0 0 31 0 0 0 0
0 6 31 0 0 0 0 0 0 0 0 0 0 0 0 0 0 0 0 0 0 0 90 0 0 0 0 0 23 3 0 32 27 19 2 0 0 0 0 0 0
0 3 31 0 0 0 0 0 0 0 0 0 0 0 0 0 0 0 0 0 0 0 98 0 0 0 0 0 20 3 0 41 25 18 4 0 0 0 0 0 0
0 0 33 0 0 0 0 0 0 0 0 0 0 0 0 0 0 0 0 0 0 0 63 6 0 10 0 0 0 5 0 32 0 0 4 0 23 0 0 0 0
0 0 38 0 0 0 0 0 0 0 0 0 0 0 0 0 0 0 0 0 0 0 85 0 0 1 0 0 14 5 0 47 17 9 6 0 1 0 0 0 0
0 9 24 0 0 0 0 0 0 0 0 0 0 0 0 0 0 0 0 0 0 0 80 0 0 0 0 0 24 0 0 19 29 20 0 0 0 0 0 0 0
0 12 9 0 0 0 0 0 0 0 0 0 0 0 0 0 0 0 0 0 0 0 58 0 0 0 0 0 18 0 0 0 28 19 0 0 0 0 0 0 0
0 12 11 0 0 0 0 0 0 0 0 0 0 0 0 0 0 0 0 0 0 0 64 0 0 0 0 0 19 0 0 0 29 19 0 0 0 0 0 0 0
0 0 28 0 0 0 0 0 0 0 0 0 0 0 0 0 0 0 0 0 0 0 64 16 0 12 0 0 0 3 0 16 0 0 0 0 29 0 0 0 0
0 12 6 0 0 0 0 0 0 0 0 0 0 0 0 0 0 0 0 0 0 0 51 1 0 0 0 0 16 0 0 0 28 19 0 0 0 0 0 0 0
0 0 26 0 0 0 0 0 0 0 0 0 0 0 0 0 0 0 0 0 0 0 69 10 0 11 0 0 0 3 0 23 0 0 1 0 27 0 0 0 0
0 11 18 0 0 0 0 0 0 0 0 0 0 0 0 0 0 0 0 0 0 0 74 0 0 0 0 0 22 0 0 10 29 20 0 0 0 0 0 0 0
0 0 38 0 0 0 0 0 0 0 0 0 0 0 0 0 0 0 0 0 0 0 111 0 0 0 0 0 14 7 0 45 18 12 5 0 1 0 0 0 0
0 2 32 0 0 0 0 0 0 0 0 0 0 0 0 0 0 0 0 0 0 0 99 0 0 0 0 0 19 4 0 42 23 16 4 0 0 0 0 0 0
0 0 26 0 0 0 0 0 0 0 0 0 0 0 0 0 0 0 0 0 0 0 75 20 0 12 0 0 0 2 0 12 0 0 0 0 32 0 0 0 0
0 9 19 0 0 0 0 0 0 0 0 0 0 0 0 0 0 0 0 0 0 0 73 0 0 0 0 0 21 0 0 16 27 18 0 0 0 0 0 0 0
0 0 41 0 0 0 0 0 0 0 0 0 0 0 0 0 0 0 0 0 0 0 68 0 0 9 0 0 0 7 0 44 4 0 7 0 16 0 0 0 0
0 9 24 0 0 0 0 0 0 0 0 0 0 0 0 0 0 0 0 0 0 0 81 0 0 0 0 0 24 1 0 21 28 20 0 0 0 0 0 0 0
0 8 26 0 0 0 0 0 0 0 0 0 0 0 0 0 0 0 0 0 0 0 85 0 0 0 0 0 22 2 0 24 27 19 1 0 0 0 0 0 0
0 6 26 0 0 0 0 0 0 0 0 0 0 0 0 0 0 0 0 0 0 0 84 0 0 0 0 0 20 1 0 29 26 17 2 0 0 0 0 0 0
0 11 0 0 0 0 0 0 0 0 0 0 0 0 0 0 0 0 0 0 0 0 39 3 0 0 0 0 6 0 0 0 23 20 0 0 0 0 0 0 0
0 0 45 0 0 0 0 0 0 0 0 0 0 0 0 0 0 0 0 0 0 0 83 0 0 9 0 0 3 8 0 50 6 0 7 0 14 0 0 0 0
0 0 42 0 0 0 0 0 0 0 0 0 0 0 0 0 0 0 0 0 0 0 71 0 0 10 0 0 0 7 0 45 3 0 7 0 18 0 0 0 0
0 0 41 0 0 0 0 0 0 0 0 0 0 0 0 0 0 0 0 0 0 0 72 0 0 8 0 0 2 7 0 44 6 0 7 0 13 0 0 0 0
0 0 42 0 0 0 0 0 0 0 0 0 0 0 0 0 0 0 0 0 0 0 72 2 0 9 0 0 0 8 0 42 2 0 7 0 19 0 0 0 0
0 8 25 0 0 0 0 0 0 0 0 0 0 0 0 0 0 0 0 0 0 0 80 0 0 0 0 0 23 0 0 22 27 19 1 0 0 0 0 0 0
0 10 0 0 0 0 0 0 0 0 0 0 0 0 0 0 0 0 0 0 0 0 33 2 0 0 0 0 0 0 0 0 22 20 0 0 0 0 0 0 0
0 2 36 0 0 0 0 0 0 0 0 0 0 0 0 0 0 0 0 0 0 0 85 0 0 0 0 0 16 5 0 42 20 11 5 0 0 0 0 0 0
0 12 5 0 0 0 0 0 0 0 0 0 0 0 0 0 0 0 0 0 0 0 54 0 0 0 0 0 15 0 0 0 27 18 0 0 0 0 0 0 0
0 0 45 0 0 0 0 0 0 0 0 0 0 0 0 0 0 0 0 0 0 0 83 0 0 5 0 0 12 6 0 52 14 6 8 0 6 0 0 0 0
0 0 43 0 0 0 0 0 0 0 0 0 0 0 0 0 0 0 0 0 0 0 88 0 0 3 0 0 13 6 0 49 15 8 7 0 4 0 0 0 0
0 0 45 0 0 0 0 0 0 0 0 0 0 0 0 0 0 0 0 0 0 0 76 0 0 9 0 0 2 7 0 47 5 0 7 0 15 0 0 0 0
0 10 20 0 0 0 0 0 0 0 0 0 0 0 0 0 0 0 0 0 0 0 75 0 0 0 0 0 21 1 0 12 29 19 0 0 0 0 0 0 0
0 0 32 0 0 0 0 0 0 0 0 0 0 0 0 0 0 0 0 0 0 0 104 29 0 9 0 0 0 1 0 3 0 0 0 0 36 0 0 0 0
0 0 45 0 0 0 0 0 0 0 0 0 0 0 0 0 0 0 0 0 0 0 81 0 0 11 0 0 0 8 0 47 3 0 7 0 18 0 0 0 0
0 3 35 0 0 0 0 0 0 0 0 0 0 0 0 0 0 0 0 0 0 0 103 0 0 0 0 0 20 4 0 42 24 17 4 0 0 0 0 0 0
0 0 40 0 0 0 0 0 0 0 0 0 0 0 0 0 0 0 0 0 0 0 96 0 0 2 0 0 11 7 0 46 14 8 6 0 4 0 0 0 0
0 12 15 0 0 0 0 0 0 0 0 0 0 0 0 0 0 0 0 0 0 0 67 0 0 0 0 0 20 1 0 4 29 18 0 0 0 0 0 0 0
0 6 28 0 0 0 0 0 0 0 0 0 0 0 0 0 0 0 0 0 0 0 87 0 0 0 0 0 22 1 0 31 26 19 2 0 0 0 0 0 0
0 7 29 0 0 0 0 0 0 0 0 0 0 0 0 0 0 0 0 0 0 0 94 0 0 0 0 0 24 2 0 30 28 20 1 0 0 0 0 0 0
0 0 45 0 0 0 0 0 0 0 0 0 0 0 0 0 0 0 0 0 0 0 86 0 0 10 0 0 2 8 0 49 5 0 7 0 15 0 0 0 0
0 0 42 0 0 0 0 0 0 0 0 0 0 0 0 0 0 0 0 0 0 0 82 3 0 9 0 0 0 8 0 40 2 0 6 0 19 0 0 0 0
0 0 31 0 0 0 0 0 0 0 0 0 0 0 0 0 0 0 0 0 0 0 74 18 0 13 0 0 0 3 0 15 0 0 0 0 31 0 0 0 0
0 6 28 0 0 0 0 0 0 0 0 0 0 0 0 0 0 0 0 0 0 0 86 0 0 0 0 0 20 2 0 30 25 17 2 0 0 0 0 0 0
0 0 41 0 0 0 0 0 0 0 0 0 0 0 0 0 0 0 0 0 0 0 59 0 0 9 0 0 0 7 0 43 4 0 7 0 17 0 0 0 0
0 8 25 0 0 0 0 0 0 0 0 0 0 0 0 0 0 0 0 0 0 0 80 0 0 0 0 0 23 1 0 22 27 18 1 0 0 0 0 0 0
0 0 37 0 0 0 0 0 0 0 0 0 0 0 0 0 0 0 0 0 0 0 71 4 0 10 0 0 0 7 0 37 0 0 6 0 21 0 0 0 0
0 9 21 0 0 0 0 0 0 0 0 0 0 0 0 0 0 0 0 0 0 0 78 0 0 0 0 0 22 0 0 18 28 19 0 0 0 0 0 0 0
0 10 24 0 0 0 0 0 0 0 0 0 0 0 0 0 0 0 0 0 0 0 81 0 0 0 0 0 24 0 0 17 29 20 0 0 0 0 0 0 0
0 0 39 0 0 0 0 0 0 0 0 0 0 0 0 0 0 0 0 0 0 0 116 34 0 7 0 0 0 1 0 3 0 0 0 0 38 0 0 0 0
0 0 31 0 0 0 0 0 0 0 0 0 0 0 0 0 0 0 0 0 0 0 77 18 0 12 0 0 0 3 0 16 0 0 0 0 32 0 0 0 0
0 0 30 0 0 0 0 0 0 0 0 0 0 0 0 0 0 0 0 0 0 0 83 24 0 11 0 0 0 2 0 10 0 0 0 0 34 0 0 0 0
0 0 41 0 0 0 0 0 0 0 0 0 0 0 0 0 0 0 0 0 0 0 87 0 0 1 0 0 18 5 0 51 19 12 7 0 0 0 0 0 0
0 0 30 0 0 0 0 0 0 0 0 0 0 0 0 0 0 0 0 0 0 0 65 11 0 11 0 0 0 4 0 24 0 0 1 0 26 0 0 0 0
0 6 30 0 0 0 0 0 0 0 0 0 0 0 0 0 0 0 0 0 0 0 92 0 0 0 0 0 23 2 0 33 27 19 2 0 0 0 0 0 0
0 11 16 0 0 0 0 0 0 0 0 0 0 0 0 0 0 0 0 0 0 0 73 0 0 0 0 0 22 0 0 7 30 20 0 0 0 0 0 0 0
0 2 35 0 0 0 0 0 0 0 0 0 0 0 0 0 0 0 0 0 0 0 102 0 0 0 0 0 19 4 0 41 24 17 4 0 0 0 0 0 0
