0 0 18 16 5 0 0 0 0 0 0 0 0 0 0 1 0 0 0 0 0 0 3 0 0 0 0 0 0 0 0 54 2 0 40 39 0 4 0 3 0
0 0 16 13 6 0 0 0 0 0 0 0 0 0 0 0 0 0 0 0 0 0 2 0 0 0 0 0 0 0 0 48 1 0 50 37 0 5 0 12 0
37 0 0 1 0 0 0 0 0 0 2 0 0 0 0 0 0 0 0 0 0 0 5 1 1 0 14 4 0 0 0 0 0 2 0 0 0 0 5 21 22
0 0 20 16 7 0 0 0 0 0 0 0 0 0 0 1 0 0 0 0 0 0 3 0 0 0 0 0 0 0 0 53 3 0 48 39 0 6 0 8 0
0 0 11 6 3 0 0 0 0 0 0 0 0 0 0 0 0 0 0 0 0 0 1 0 0 3 0 0 0 0 0 40 0 0 50 36 0 3 0 22 0
0 0 10 3 3 0 0 0 0 0 0 0 0 0 0 0 0 0 0 0 0 0 0 0 0 4 0 0 0 0 0 34 0 0 52 34 0 2 0 25 0
6 0 6 0 0 0 0 0 0 0 0 0 0 0 0 0 0 0 0 0 0 0 0 0 0 3 4 9 0 0 0 22 0 0 16 24 0 0 0 26 12
5 0 5 0 0 0 0 0 0 0 0 0 0 0 0 0 0 0 0 0 0 0 0 0 0 3 5 9 0 0 0 19 0 0 16 21 0 0 0 27 12
0 0 10 3 3 0 0 0 0 0 0 0 0 0 0 0 0 0 0 0 0 0 0 0 0 4 0 0 0 0 0 33 0 0 51 32 0 2 0 25 0
0 0 12 4 5 0 0 0 0 0 0 0 0 0 0 0 0 0 0 0 0 0 0 0 0 3 0 0 0 0 0 31 0 0 55 30 0 4 0 26 0
0 0 17 14 6 0 0 0 0 0 0 0 0 0 0 0 0 0 0 0 0 0 3 0 0 0 0 0 0 0 0 50 2 0 49 39 0 5 0 10 0
45 0 0 0 0 0 0 0 0 0 7 0 0 0 0 0 0 0 0 0 0 0 12 4 4 0 19 0 0 0 0 0 0 3 0 0 0 0 12 24 25
22 0 2 1 0 0 0 0 0 0 0 0 0 0 0 0 0 0 0 0 0 0 0 0 0 1 8 9 0 0 0 15 0 1 0 12 0 0 1 23 18
35 0 0 0 0 0 0 0 0 0 2 0 0 0 0 0 0 0 0 0 0 0 4 0 0 0 12 8 0 0 0 0 0 3 0 0 0 0 4 16 21
0 0 9 1 3 0 0 0 0 0 0 0 0 0 0 0 0 0 0 0 0 0 0 0 0 4 0 0 0 0 0 26 0 0 51 28 0 2 0 28 0
0 0 16 15 1 0 0 0 0 0 0 0 0 0 0 1 0 0 0 0 0 0 1 0 0 0 0 0 0 0 0 59 1 0 19 45 2 0 0 0 0
30 0 1 0 0 0 0 0 0 0 1 0 0 0 0 0 0 0 0 0 0 0 2 0 0 0 11 9 0 0 0 0 0 3 0 0 0 0 4 16 18
0 0 10 3 3 0 0 0 0 0 0 0 0 0 0 0 0 0 0 0 0 0 0 0 0 4 0 0 0 0 0 33 0 0 50 33 0 2 0 24 1
0 0 12 7 4 0 0 0 0 0 0 0 0 0 0 0 0 0 0 0 0 0 1 0 0 3 0 0 0 0 0 41 0 0 50 37 0 3 0 20 0
0 0 10 3 3 0 0 0 0 0 0 0 0 0 0 0 0 0 0 0 0 0 0 0 0 4 0 0 0 0 0 31 0 0 53 31 0 3 0 27 0
35 0 0 0 0 0 0 0 0 0 2 0 0 0 0 0 0 0 0 0 0 0 4 1 0 0 14 4 0 0 0 0 0 2 0 0 0 0 5 20 22
0 0 13 7 5 0 0 0 0 0 0 0 0 0 0 0 0 0 0 0 0 0 0 0 0 2 0 0 0 0 0 39 0 0 54 35 0 4 0 21 0
0 0 14 10 4 0 0 0 0 0 0 0 0 0 0 0 0 0 0 0 0 0 2 0 0 1 0 0 0 0 0 45 0 0 48 37 0 4 0 15 0
43 0 0 1 0 0 0 0 0 0 4 0 0 0 0 0 0 0 0 0 0 0 8 2 2 0 16 0 0 0 0 0 0 2 0 0 0 0 7 23 25
0 0 10 3 3 0 0 0 0 0 0 0 0 0 0 0 0 0 0 0 0 0 0 0 0 4 0 0 0 0 0 31 0 0 52 31 0 2 0 25 0
0 0 7 0 0 0 0 0 0 0 0 0 0 0 0 0 0 0 0 0 0 0 0 0 0 5 0 2 0 0 0 28 0 0 38 31 0 0 0 26 7
33 0 0 2 0 0 0 0 0 0 0 0 0 0 0 0 0 0 0 0 0 0 3 0 0 0 12 5 0 0 0 0 0 2 0 0 0 0 3 20 21
40 0 0 0 0 0 0 0 0 0 4 0 0 0 0 0 0 0 0 0 0 0 7 3 1 0 15 2 0 0 0 0 0 3 0 0 0 0 8 20 21
0 0 15 10 5 0 0 0 0 0 0 0 0 0 0 0 0 0 0 0 0 0 2 0 0 1 0 0 0 0 0 45 1 0 53 38 0 4 0 16 0
26 0 0 0 0 0 0 0 0 0 0 0 0 0 0 0 0 0 0 0 0 0 0 0 0 0 10 11 0 0 0 5 0 3 0 3 0 0 3 17 17
26 0 1 1 0 0 0 0 0 0 0 0 0 0 0 0 0 0 0 0 0 0 1 0 0 0 10 11 0 0 0 9 0 2 0 7 0 0 2 18 18
0 0 8 0 2 0 0 0 0 0 0 0 0 0 0 0 0 0 0 0 0 0 0 0 0 4 0 0 0 0 0 26 0 0 51 29 1 2 0 28 1
31 0 0 0 0 0 0 0 0 0 2 0 0 0 0 0 0 0 0 0 0 0 2 0 0 0 12 10 0 0 0 0 0 4 0 0 0 0 5 15 19
10 0 6 9 0 0 0 0 0 0 0 0 0 0 0 2 0 0 0 0 0 0 0 0 0 0 0 12 0 0 1 57 0 15 0 48 13 0 0 0 0
14 0 4 1 0 0 0 0 0 0 0 0 0 0 0 0 0 0 0 0 0 0 0 0 0 2 6 9 0 0 0 20 0 0 6 20 0 0 0 26 16
0 0 9 1 1 0 0 0 0 0 0 0 0 0 0 0 0 0 0 0 0 0 0 0 0 5 0 0 0 0 0 30 0 0 47 33 0 1 0 27 4
8 0 9 4 0 0 0 0 0 0 0 0 0 0 0 0 0 0 0 0 0 0 0 0 0 3 0 6 0 0 0 35 0 0 16 29 0 0 0 13 8
0 0 15 15 0 0 0 0 0 0 0 0 0 0 0 1 0 0 0 0 0 0 1 0 0 0 0 0 0 0 0 59 1 1 12 46 4 0 0 0 0
35 0 0 0 0 0 0 0 0 0 3 0 0 0 0 0 0 0 0 0 0 0 4 1 0 0 13 7 0 0 0 0 0 4 0 0 0 0 6 16 20
0 0 14 11 6 0 0 0 0 0 0 0 0 0 0 0 0 0 0 0 0 0 1 0 0 0 0 0 0 0 0 45 1 0 51 36 0 5 0 16 0
0 0 9 1 4 0 0 0 0 0 0 0 0 0 0 0 0 0 0 0 0 0 0 0 0 4 0 0 0 0 0 27 0 0 56 29 1 3 0 29 0
0 0 12 8 1 0 0 0 0 0 0 0 0 0 0 0 0 0 0 0 0 0 1 1 0 3 0 0 0 0 0 44 0 0 39 37 0 1 0 17 2
0 0 6 0 0 0 0 0 0 0 0 0 0 0 0 0 0 0 0 0 0 0 0 0 0 4 4 7 0 0 0 16 0 0 27 23 0 0 1 29 8
0 0 15 10 6 0 0 0 0 0 0 0 0 0 0 0 0 0 0 0 0 0 1 0 0 0 0 0 0 0 0 43 1 0 48 35 0 5 0 14 0
43 0 0 0 0 0 0 0 0 0 6 0 0 0 0 0 0 0 0 0 0 0 9 3 2 0 17 0 0 0 0 0 0 3 0 0 0 0 10 22 23
0 0 13 9 5 0 0 0 0 0 0 0 0 0 0 0 0 0 0 0 0 0 2 0 0 2 0 0 0 0 0 44 0 0 50 37 0 3 0 17 0
10 0 5 0 0 0 0 0 0 0 0 0 0 0 0 0 0 0 0 0 0 0 0 0 0 3 5 10 0 0 0 21 0 0 12 22 0 0 0 26 14
0 0 17 13 6 0 0 0 0 0 0 0 0 0 0 0 0 0 0 0 0 0 2 0 0 0 0 0 0 0 0 49 2 0 52 39 0 6 0 12 0
0 0 12 7 4 0 0 0 0 0 0 0 0 0 0 0 0 0 0 0 0 0 1 0 0 3 0 0 0 0 0 39 0 0 49 35 0 3 0 20 0
0 0 12 8 2 0 0 0 0 0 0 0 0 0 0 0 0 0 0 0 0 0 2 0 0 2 0 0 0 0 0 41 0 0 43 34 0 2 0 18 0
9 0 5 0 0 0 0 0 0 0 0 0 0 0 0 0 0 0 0 0 0 0 0 0 0 3 4 9 0 0 0 23 0 0 15 23 0 0 0 25 13
11 0 5 1 0 0 0 0 0 0 0 0 0 0 0 0 0 0 0 0 0 0 0 0 0 2 6 9 0 0 0 21 0 0 11 21 0 0 0 29 14
40 0 0 0 0 0 0 0 0 0 4 0 0 0 0 0 0 0 0 0 0 0 8 2 2 0 15 1 0 0 0 0 0 2 0 0 0 0 7 21 23
33 0 0 0 0 0 0 0 0 0 2 0 0 0 0 0 0 0 0 0 0 0 4 1 0 0 12 6 0 0 0 0 0 2 0 0 0 0 4 18 20
0 0 11 4 4 0 0 0 0 0 0 0 0 0 0 0 0 0 0 0 0 0 0 0 0 3 0 0 0 0 0 34 0 0 51 33 0 2 0 23 0
20 0 3 3 0 0 0 0 0 0 0 0 0 0 0 0 2 0 0 0 0 0 0 0 0 0 2 12 0 0 1 21 0 9 0 11 0 0 0 0 8
0 0 9 1 3 0 0 0 0 0 0 0 0 0 0 0 0 0 0 0 0 0 0 0 0 4 0 0 0 0 0 28 0 0 54 31 1 2 0 28 0
18 0 8 4 0 0 0 0 0 0 0 0 0 0 0 0 0 0 0 0 0 0 0 0 0 0 2 10 0 0 0 32 0 4 0 23 0 0 0 3 9
0 0 14 11 5 0 0 0 0 0 0 0 0 0 0 0 0 0 0 0 0 0 2 0 0 1 0 0 0 0 0 47 1 0 49 39 0 4 0 13 0
0 0 12 8 4 0 0 0 0 0 0 0 0 0 0 0 0 0 0 0 0 0 1 0 0 2 0 0 0 0 0 42 0 0 48 37 0 3 0 18 0
0 0 17 15 3 0 0 0 0 0 0 0 0 0 0 0 0 0 0 0 0 0 2 0 0 0 0 0 0 0 0 58 1 0 33 42 0 2 0 0 0
34 0 1 2 0 0 0 0 0 0 1 0 0 0 0 0 0 0 0 0 0 0 3 0 0 0 12 5 0 0 0 0 0 1 0 0 0 0 3 20 20
0 0 14 10 4 0 0 0 0 0 0 0 0 0 0 0 0 0 0 0 0 0 2 0 0 1 0 0 0 0 0 47 0 0 44 38 0 3 0 13 0
0 0 11 7 4 0 0 0 0 0 0 0 0 0 0 0 0 0 0 0 0 0 1 0 0 2 0 0 0 0 0 38 0 0 49 35 0 3 0 20 0
0 0 12 8 2 0 0 0 0 0 0 0 0 0 0 0 0 0 0 0 0 0 2 1 0 3 0 0 0 0 0 43 0 0 45 37 0 2 0 19 2
0 0 13 10 3 0 0 0 0 0 0 0 0 0 0 0 0 0 0 0 0 0 3 0 0 2 0 0 0 0 0 49 0 0 46 41 0 2 0 14 0
0 0 10 2 5 0 0 0 0 0 0 0 0 0 0 0 0 0 0 0 0 0 0 0 0 3 0 0 0 0 0 29 0 0 56 29 1 3 0 26 0
0 0 10 4 4 0 0 0 0 0 0 0 0 0 0 0 0 0 0 0 0 0 1 0 0 3 0 0 0 0 0 35 0 0 53 34 0 3 0 25 0
0 0 14 10 4 0 0 0 0 0 0 0 0 0 0 0 0 0 0 0 0 0 2 0 0 1 0 0 0 0 0 46 0 0 46 38 0 3 0 14 0
0 0 19 13 8 0 0 0 0 0 0 0 0 0 0 1 0 0 0 0 0 0 2 0 0 0 0 0 0 1 0 46 3 0 58 36 0 7 0 15 0
0 0 11 5 1 0 0 0 0 0 0 0 0 0 0 0 0 0 0 0 0 0 1 0 0 4 0 0 0 0 0 40 0 0 39 36 0 1 0 18 3
0 0 7 0 1 0 0 0 0 0 0 0 0 0 0 0 0 0 0 0 0 0 0 0 0 6 0 0 0 0 0 20 0 0 47 26 0 0 0 30 4
0 0 11 5 3 0 0 0 0 0 0 0 0 0 0 0 0 0 0 0 0 0 1 0 0 3 0 0 0 0 0 37 0 0 48 34 0 3 0 22 0
0 0 8 0 1 0 0 0 0 0 0 0 0 0 0 0 0 0 0 0 0 0 0 0 0 5 0 0 0 0 0 24 0 0 49 29 0 1 0 29 3
0 0 14 10 5 0 0 0 0 0 0 0 0 0 0 0 0 0 0 0 0 0 2 0 0 1 0 0 0 0 0 46 1 0 49 38 0 4 0 15 0
29 0 0 0 0 0 0 0 0 0 0 0 0 0 0 0 2 0 0 0 0 0 0 0 0 0 9 11 0 0 0 2 0 7 0 0 0 0 2 0 14
9 0 9 8 0 0 0 0 0 0 0 0 0 0 0 1 0 0 0 0 0 0 0 0 0 0 0 6 0 0 0 44 0 5 0 33 3 0 0 0 3
36 0 0 1 0 0 0 0 0 0 2 0 0 0 0 0 0 0 0 0 0 0 5 1 1 0 13 3 0 0 0 0 0 2 0 0 0 0 5 19 21
0 0 10 2 2 0 0 0 0 0 0 0 0 0 0 0 0 0 0 0 0 0 1 0 0 4 0 0 0 0 0 32 0 0 49 33 0 1 0 25 1
0 0 17 15 4 0 0 0 0 0 0 0 0 0 0 0 0 0 0 0 0 0 3 0 0 0 0 0 0 0 0 53 2 0 37 39 0 3 0 1 0
0 0 16 13 2 0 0 0 0 0 0 0 0 0 0 0 0 0 0 0 0 0 2 0 0 0 0 0 0 0 0 51 0 0 35 39 0 2 0 2 0
21 0 0 0 0 0 0 0 0 0 0 0 0 0 0 0 5 0 0 0 0 0 0 0 0 0 1 17 0 0 5 8 0 16 0 2 2 0 0 0 7
31 0 0 0 0 0 0 0 0 0 2 0 0 0 0 0 1 0 0 0 0 0 1 0 0 0 11 9 0 0 0 0 0 5 0 0 0 0 4 9 16
36 0 0 1 0 0 0 0 0 0 2 0 0 0 0 0 0 0 0 0 0 0 5 1 1 0 13 3 0 0 0 0 0 1 0 0 0 0 4 21 23
35 0 0 2 0 0 0 0 0 0 1 0 0 0 0 0 0 0 0 0 0 0 3 1 1 0 13 3 0 0 0 0 0 1 0 0 0 0 4 21 21
0 0 7 0 0 0 0 0 0 0 0 0 0 0 0 0 0 0 0 0 0 0 0 0 0 6 0 0 0 0 0 24 0 0 44 30 0 0 0 29 5
32 0 0 1 0 0 0 0 0 0 0 0 0 0 0 0 0 0 0 0 0 0 3 1 0 0 13 5 0 0 0 0 0 1 0 0 0 0 4 21 21
28 0 0 2 0 0 0 0 0 0 0 0 0 0 0 0 0 0 0 0 0 0 0 0 0 0 10 7 0 0 0 4 0 2 0 0 0 0 2 21 19
0 0 9 0 1 0 0 0 0 0 0 0 0 0 0 0 0 0 0 0 0 0 0 1 0 6 0 0 0 0 0 22 0 0 51 29 1 0 0 32 4
5 0 5 0 0 0 0 0 0 0 0 0 0 0 0 0 0 0 0 0 0 0 0 0 0 3 3 9 0 0 0 22 0 0 18 25 0 0 0 26 12
2 0 14 11 0 0 0 0 0 0 0 0 0 0 0 1 0 0 0 0 0 0 0 0 0 0 0 0 0 0 0 51 0 1 10 39 2 0 0 0 0
29 0 0 3 0 0 0 0 0 0 0 0 0 0 0 0 0 0 0 0 0 0 1 0 0 0 10 6 0 0 0 9 0 0 0 5 0 0 0 22 21
20 0 2 1 0 0 0 0 0 0 0 0 0 0 0 0 0 0 0 0 0 0 0 0 0 1 7 10 0 0 0 15 0 2 0 12 0 0 0 16 14
0 0 8 0 0 0 0 0 0 0 0 0 0 0 0 0 0 0 0 0 0 0 0 0 0 6 1 0 0 0 0 21 0 0 43 28 0 0 0 29 5
37 0 0 0 0 0 0 0 0 0 3 0 0 0 0 0 0 0 0 0 0 0 5 1 1 0 14 3 0 0 0 0 0 2 0 0 0 0 5 20 22
0 0 14 10 3 0 0 0 0 0 0 0 0 0 0 0 0 0 0 0 0 0 2 0 0 2 0 0 0 0 0 48 0 0 44 41 0 2 0 13 0
2 0 12 12 0 0 0 0 0 0 0 0 0 0 0 2 0 0 0 0 0 0 0 0 0 0 0 2 0 0 0 55 0 5 0 44 6 0 0 0 0
33 0 0 2 0 0 0 0 0 0 0 0 0 0 0 0 0 0 0 0 0 0 3 0 0 0 13 4 0 0 0 0 0 1 0 0 0 0 3 21 22
0 0 17 12 7 0 0 0 0 0 0 0 0 0 0 0 0 0 0 0 0 0 2 0 0 0 0 0 0 0 0 48 2 0 53 38 0 6 0 13 0
0 0 10 2 2 0 0 0 0 0 0 0 0 0 0 0 0 0 0 0 0 0 0 0 0 4 0 0 0 0 0 31 0 0 50 32 0 2 0 26 2
0 0 10 0 3 0 0 0 0 0 0 0 0 0 0 0 0 0 0 0 0 0 0 0 0 5 0 0 0 0 0 26 0 0 57 30 1 2 0 30 0
0 0 18 17 6 0 0 0 0 0 0 0 0 0 0 1 0 0 0 0 0 0 3 0 0 0 0 0 0 0 0 54 3 0 42 39 0 5 0 3 0
37 0 0 0 0 0 0 0 0 0 3 0 0 0 0 0 0 0 0 0 0 0 5 1 1 0 14 3 0 0 0 0 0 3 0 0 0 0 6 19 21
0 0 7 0 0 0 0 0 0 0 0 0 0 0 0 0 0 0 0 0 0 0 0 0 0 5 1 5 0 0 0 23 0 0 33 28 0 0 0 27 7
33 0 1 0 0 0 0 0 0 0 2 0 0 0 0 0 0 0 0 0 0 0 2 0 0 0 11 6 0 0 0 0 0 2 0 0 0 0 4 17 18
0 0 13 14 0 0 0 0 0 0 0 0 0 0 0 2 0 0 0 0 0 0 1 0 0 0 0 0 0 0 0 64 0 4 1 53 8 0 0 0 0
0 0 15 14 0 0 0 0 0 0 0 0 0 0 0 1 0 0 0 0 0 0 1 0 0 0 0 0 0 0 0 63 1 2 10 50 5 0 0 0 0
0 0 8 0 0 0 0 0 0 0 0 0 0 0 0 0 0 0 0 0 0 0 0 0 0 6 0 0 0 0 0 25 0 0 43 30 0 0 0 29 5
20 0 0 2 0 0 0 0 0 0 0 0 0 0 0 0 3 0 0 0 0 0 0 0 0 0 0 12 0 0 2 16 0 11 0 7 0 0 0 0 6
0 0 8 0 1 0 0 0 0 0 0 0 0 0 0 0 0 0 0 0 0 0 0 0 0 5 0 0 0 0 0 27 0 0 45 31 0 0 0 28 4
8 0 4 0 0 0 0 0 0 0 0 0 0 0 0 0 0 0 0 0 0 0 0 0 0 3 5 10 0 0 0 20 0 0 14 22 0 0 0 25 13
11 0 4 1 0 0 0 0 0 0 0 0 0 0 0 0 0 0 0 0 0 0 0 0 0 3 4 9 0 0 0 25 0 0 11 22 0 0 0 16 11
36 0 0 1 0 0 0 0 0 0 1 0 0 0 0 0 0 0 0 0 0 0 4 0 1 0 13 3 0 0 0 0 0 1 0 0 0 0 4 21 23
24 0 1 3 0 0 0 0 0 0 0 0 0 0 0 0 0 0 0 0 0 0 0 0 0 0 9 7 0 0 0 14 0 0 0 10 0 0 0 23 19
0 0 15 9 6 0 0 0 0 0 0 0 0 0 0 0 0 0 0 0 0 0 1 0 0 1 0 0 0 0 0 43 1 0 57 36 0 5 0 19 0
9 0 4 0 0 0 0 0 0 0 0 0 0 0 0 0 0 0 0 0 0 0 0 0 0 2 6 11 0 0 0 19 0 0 11 20 0 0 1 27 14
0 0 7 0 0 0 0 0 0 0 0 0 0 0 0 0 0 0 0 0 0 0 0 0 0 5 2 1 0 0 0 17 0 0 43 25 0 0 0 30 4
0 0 8 0 1 0 0 0 0 0 0 0 0 0 0 0 0 0 0 0 0 0 1 1 0 6 0 0 0 0 0 22 0 0 45 29 1 0 0 30 5
23 0 2 3 0 0 0 0 0 0 0 0 1 0 0 0 0 0 0 0 0 0 0 0 0 0 8 7 0 0 0 16 0 0 0 13 0 0 0 24 19
0 0 8 0 1 0 0 0 0 0 0 0 0 0 0 0 0 0 0 0 0 0 0 1 0 5 0 0 0 0 0 25 0 0 45 29 0 1 0 29 4
14 0 4 1 0 0 0 0 0 0 0 0 0 0 0 0 0 0 0 0 0 0 0 0 0 2 6 9 0 0 0 18 0 0 6 18 0 0 0 27 16
29 0 0 0 0 0 0 0 0 0 1 0 0 0 0 0 0 0 0 0 0 0 1 0 0 0 11 9 0 0 0 1 0 3 0 0 0 0 3 17 18
13 0 4 0 0 0 0 0 0 0 0 0 0 0 0 0 0 0 0 0 0 0 0 0 0 2 6 10 0 0 0 19 0 0 6 19 0 0 0 25 15
0 0 16 16 1 0 0 0 0 0 0 0 0 0 0 2 0 0 0 0 0 0 1 0 0 0 0 0 0 0 0 67 1 1 10 52 4 0 0 0 0
49 0 0 0 0 0 0 0 0 0 6 0 0 0 0 0 0 0 0 0 0 0 11 4 3 0 18 0 0 0 0 0 0 3 0 0 0 0 10 24 26
0 0 8 0 1 0 0 0 0 0 0 0 0 0 0 0 0 0 0 0 0 0 0 0 0 6 0 0 0 0 0 22 0 0 46 29 1 0 0 30 4
14 0 2 0 0 0 0 0 0 0 0 0 0 0 0 0 0 0 0 0 0 0 0 0 0 1 7 11 0 0 0 16 0 0 4 17 0 0 0 23 16
0 0 13 10 4 0 0 0 0 0 0 0 0 0 0 0 0 0 0 0 0 0 2 0 0 1 0 0 0 0 0 45 0 0 47 38 0 3 0 15 0
0 0 16 13 1 0 0 0 0 0 0 0 0 0 0 0 0 0 0 0 0 0 2 0 0 0 0 0 0 0 0 55 0 0 30 42 0 1 0 0 0
53 0 0 0 0 0 0 0 0 0 9 0 0 0 0 0 0 0 0 0 0 0 14 5 5 0 22 0 0 0 0 0 1 4 0 0 0 0 15 26 27
20 0 3 2 0 0 0 0 0 0 0 0 0 0 0 0 1 0 0 0 0 0 0 0 0 0 4 10 0 0 0 18 0 5 0 9 0 0 0 0 9
0 0 9 0 1 0 0 0 0 0 0 0 0 0 0 0 0 0 0 0 0 0 0 1 0 6 0 0 0 0 0 21 0 0 48 28 1 0 0 31 4
14 0 2 0 0 0 0 0 0 0 0 0 0 0 0 0 0 0 0 0 0 0 0 0 0 2 7 10 0 0 0 17 0 0 5 18 0 0 0 21 14
42 0 0 0 0 0 0 0 0 0 6 0 0 0 0 0 0 0 0 0 0 0 9 3 2 0 16 1 0 0 0 0 0 3 0 0 0 0 10 20 22
0 0 12 6 4 0 0 0 0 0 0 0 0 0 0 0 0 0 0 0 0 0 1 0 0 3 0 0 0 0 0 37 0 0 52 34 0 3 0 23 0
0 0 9 0 1 0 0 0 0 0 0 0 0 0 0 0 0 0 0 0 0 0 0 0 0 6 0 0 0 0 0 26 0 0 50 32 0 1 0 30 4
2 0 14 13 0 0 0 0 0 0 0 0 0 0 0 2 0 0 0 0 0 0 0 0 0 0 0 0 0 0 0 58 0 4 1 46 6 0 0 0 0
0 0 9 1 3 0 0 0 0 0 0 0 0 0 0 0 0 0 0 0 0 0 0 0 0 4 0 0 0 0 0 28 0 0 53 30 1 2 0 27 0
0 0 8 0 2 0 0 0 0 0 0 0 0 0 0 0 0 0 0 0 0 0 0 0 0 5 0 0 0 0 0 24 0 0 51 29 1 1 0 30 3
15 0 4 1 0 0 0 0 0 0 0 0 0 0 0 0 0 0 0 0 0 0 0 0 0 1 7 9 0 0 0 18 0 0 3 17 0 0 0 26 15
0 0 17 17 2 0 0 0 0 0 0 0 0 0 0 1 0 0 0 0 0 0 2 0 0 0 0 0 0 0 0 64 2 0 26 49 1 1 0 0 0
0 0 8 2 0 0 0 0 0 0 0 0 0 0 0 0 0 0 0 0 0 0 0 0 0 4 0 2 0 0 0 33 0 0 32 32 0 0 0 21 7
0 0 8 0 0 0 0 0 0 0 0 0 0 0 0 0 0 0 0 0 0 0 0 0 0 5 5 6 0 0 0 16 0 0 34 23 0 0 1 32 7
0 0 15 13 3 0 0 0 0 0 0 0 0 0 0 0 0 0 0 0 0 0 2 0 0 0 0 0 0 0 0 52 1 0 40 40 0 2 0 6 0
10 0 3 0 0 0 0 0 0 0 0 0 0 0 0 0 0 0 0 0 0 0 0 0 0 3 4 10 0 0 0 21 0 0 12 22 0 0 0 24 14
0 0 10 2 3 0 0 0 0 0 0 0 0 0 0 0 0 0 0 0 0 0 0 0 0 4 0 0 0 0 0 31 0 0 51 32 0 2 0 26 0
25 1 0 0 0 0 0 0 0 0 0 0 0 0 0 0 11 0 0 0 0 0 0 0 0 0 5 27 0 0 11 0 0 29 0 0 6 0 6 0 10
0 0 13 10 4 0 0 0 0 0 0 0 0 0 0 0 0 0 0 0 0 0 2 0 0 1 0 0 0 0 0 45 0 0 45 37 0 3 0 15 0
0 0 6 0 0 0 0 0 0 0 0 0 0 0 0 0 0 0 0 0 0 0 0 0 0 5 0 4 0 0 0 28 0 0 31 29 0 0 0 24 8
10 0 4 0 0 0 0 0 0 0 0 0 0 0 0 0 0 0 0 0 0 0 0 0 0 3 4 8 0 0 0 21 0 0 13 22 0 0 0 24 13
34 0 1 2 0 0 0 0 0 0 0 0 0 0 0 0 0 0 0 0 0 0 3 0 0 0 12 4 0 0 0 0 0 1 0 0 0 0 2 23 21
18 0 3 2 0 0 0 0 0 0 0 0 0 0 0 0 0 0 0 0 0 0 0 0 0 1 7 7 0 0 0 17 0 0 0 15 0 0 0 25 17
0 0 17 18 2 0 0 0 0 0 0 0 0 0 0 1 0 0 0 0 0 0 2 0 0 0 0 0 0 0 0 66 3 0 22 51 2 1 0 0 0
0 0 20 17 5 0 0 0 0 0 0 0 0 0 0 1 0 0 0 0 0 0 3 0 0 0 0 0 0 0 0 57 2 0 42 41 0 4 0 1 0
0 0 11 3 5 0 0 0 0 0 0 0 0 0 0 0 0 0 0 0 0 0 0 0 0 3 0 0 0 0 0 29 0 0 56 29 0 4 0 28 0
0 0 9 2 2 0 0 0 0 0 0 0 0 0 0 0 0 0 0 0 0 0 0 0 0 4 0 0 0 0 0 30 0 0 49 31 0 1 0 25 1
12 0 3 0 0 0 0 0 0 0 0 0 0 0 0 0 0 0 0 0 0 0 0 0 0 2 6 12 0 0 0 18 0 0 7 19 0 0 1 24 15
35 0 0 0 0 0 0 0 0 0 3 0 0 0 0 0 0 0 0 0 0 0 5 0 1 0 14 4 0 0 0 0 0 2 0 0 0 0 4 19 22
35 0 0 1 0 0 0 0 0 0 2 0 0 0 0 0 0 0 0 0 0 0 5 1 0 0 13 5 0 0 0 0 0 2 0 0 0 0 4 20 22
0 0 13 7 6 0 0 0 0 0 0 0 0 0 0 0 0 0 0 0 0 0 0 0 0 2 0 0 0 0 0 35 1 0 58 32 0 5 0 22 0
39 0 0 0 0 0 0 0 0 0 5 0 0 0 0 0 0 0 0 0 0 0 7 2 1 0 16 4 0 0 0 0 0 4 0 0 0 0 10 17 20
0 0 19 20 5 0 0 0 0 0 0 0 0 0 0 1 0 0 0 0 0 0 4 0 0 0 0 0 0 0 0 66 5 0 37 48 0 4 0 0 0
0 0 6 0 0 0 0 0 0 0 0 0 0 0 0 0 0 0 0 0 0 0 0 0 0 4 4 8 0 0 0 20 0 0 23 24 0 0 0 28 10
4 0 12 11 0 0 0 0 0 0 0 0 0 0 0 1 0 0 0 0 0 0 0 0 0 0 0 2 0 0 0 54 0 5 0 43 5 0 0 0 0
37 0 0 2 0 0 0 0 0 0 2 0 0 0 0 0 0 0 0 0 0 0 5 1 1 0 14 1 0 0 0 0 0 1 0 0 0 0 5 23 22
33 0 0 1 0 0 0 0 0 0 1 0 0 0 0 0 0 0 0 0 0 0 3 0 0 0 12 6 0 0 0 0 0 2 0 0 0 0 3 19 21
14 0 4 1 0 0 0 0 0 0 0 0 0 0 0 0 0 0 0 0 0 0 0 0 0 2 7 9 0 0 0 18 0 0 5 18 0 0 0 26 15
0 0 8 0 0 0 0 0 0 0 0 0 0 0 0 0 0 0 0 0 0 0 0 0 0 6 1 5 0 0 0 22 0 0 35 26 0 0 0 28 6
36 0 0 0 0 0 0 0 0 0 2 0 0 0 0 0 0 0 0 0 0 0 5 1 1 0 13 4 0 0 0 0 0 2 0 0 0 0 5 19 21
46 0 0 0 0 0 0 0 0 0 7 0 0 0 0 0 0 0 0 0 0 0 11 4 3 0 19 0 0 0 0 0 0 4 0 0 0 0 12 22 23
5 0 11 11 0 0 0 0 0 0 0 0 0 0 0 2 0 0 0 0 0 0 0 0 0 0 0 4 0 0 0 62 0 9 0 51 10 0 0 0 0
30 0 0 2 0 0 0 0 0 0 0 0 0 0 0 0 0 0 0 0 0 0 1 0 0 0 11 7 0 0 0 4 0 1 0 2 0 0 1 21 21
0 0 10 2 2 0 0 0 0 0 0 0 0 0 0 0 0 0 0 0 0 0 0 0 0 5 0 0 0 0 0 32 0 0 50 33 0 2 0 27 1
46 0 0 0 0 0 0 0 0 0 7 0 0 0 0 0 0 0 0 0 0 0 11 4 3 0 18 0 0 0 0 0 0 4 0 0 0 0 12 23 23
0 0 14 9 5 0 0 0 0 0 0 0 0 0 0 0 0 0 0 0 0 0 1 0 0 2 0 0 0 0 0 41 0 0 51 35 0 4 0 18 0
0 0 10 0 2 0 0 0 0 0 0 0 0 0 0 0 0 0 0 0 0 0 0 0 0 5 0 0 0 0 0 26 0 0 51 30 1 1 0 30 2
0 0 10 3 4 0 0 0 0 0 0 0 0 0 0 0 0 0 0 0 0 0 0 0 0 4 0 0 0 0 0 33 0 0 54 33 0 3 0 25 0
0 0 8 0 0 0 0 0 0 0 0 0 0 0 0 0 0 0 0 0 0 0 0 0 0 6 0 0 0 0 0 23 0 0 45 30 1 0 0 30 5
0 0 8 0 0 0 0 0 0 0 0 0 0 0 0 0 0 0 0 0 0 0 0 1 0 5 3 5 0 0 0 18 0 0 33 25 0 0 0 31 8
0 0 10 3 3 0 0 0 0 0 0 0 0 0 0 0 0 0 0 0 0 0 0 0 0 3 0 0 0 0 0 32 0 0 51 32 0 2 0 24 0
0 0 15 12 4 0 0 0 0 0 0 0 0 0 0 0 0 0 0 0 0 0 2 0 0 0 0 0 0 0 0 50 0 0 45 39 0 4 0 10 0
0 0 10 4 2 0 0 0 0 0 0 0 0 0 0 0 0 0 0 0 0 0 1 0 0 4 0 0 0 0 0 36 0 0 47 34 0 2 0 23 2
0 0 6 0 0 0 0 0 0 0 0 0 0 0 0 0 0 0 0 0 0 0 0 1 0 5 4 7 0 0 0 17 0 0 28 23 0 0 1 30 9
0 0 7 0 0 0 0 0 0 0 0 0 0 0 0 0 0 0 0 0 0 0 0 0 0 5 0 3 0 0 0 28 0 0 34 29 0 0 0 25 7
33 0 0 2 0 0 0 0 0 0 0 0 0 0 0 0 0 0 0 0 0 0 2 0 0 0 12 6 0 0 0 0 0 2 0 0 0 0 3 21 20
0 0 10 2 3 0 0 0 0 0 0 0 0 0 0 0 0 0 0 0 0 0 1 0 0 4 0 0 0 0 0 31 0 0 51 32 0 2 0 27 1
31 0 0 0 0 0 0 0 0 0 5 0 0 0 0 0 6 0 0 0 0 0 0 0 0 0 14 16 4 0 4 0 0 17 0 0 0 0 11 0 14
0 0 10 1 3 0 0 0 0 0 0 0 0 0 0 0 0 0 0 0 0 0 0 0 0 4 0 0 1 0 0 27 0 0 53 29 0 2 0 28 0
21 0 0 0 0 0 0 0 0 0 0 0 0 0 0 0 9 0 0 0 0 0 0 0 0 0 1 25 0 0 10 0 0 25 0 0 5 0 2 0 7
26 0 2 3 0 0 0 0 0 0 0 0 0 0 0 0 0 0 0 0 0 0 0 0 0 0 9 6 0 0 0 14 0 0 0 9 0 0 0 26 20
0 0 7 0 0 0 0 0 0 0 0 0 0 0 0 0 0 0 0 0 0 0 0 0 0 6 0 1 0 0 0 23 0 0 41 29 0 0 0 28 5
5 0 9 5 0 0 0 0 0 0 0 0 0 0 0 0 0 0 0 0 0 0 0 0 0 3 0 4 0 0 0 40 0 0 20 32 0 0 0 10 6
0 0 13 9 4 0 0 0 0 0 0 0 0 0 0 0 0 0 0 0 0 0 1 0 0 2 0 0 0 0 0 44 0 0 48 37 0 3 0 17 0
0 0 8 0 0 0 0 0 0 0 0 0 0 0 0 0 0 0 0 0 0 0 0 0 0 6 3 3 0 0 0 18 0 0 42 25 0 0 0 32 6
0 0 10 5 2 0 0 0 0 0 0 0 0 0 0 0 0 0 0 0 0 0 1 0 0 4 0 0 0 0 0 38 0 0 48 35 0 2 0 23 2
0 0 18 15 3 0 0 0 0 0 0 0 0 0 0 0 0 0 0 0 0 0 3 0 0 0 0 0 0 0 0 56 1 0 35 42 0 2 0 0 0
45 0 0 0 0 0 0 0 0 0 8 0 0 0 0 0 0 0 0 0 0 0 11 4 3 0 19 0 0 0 0 0 0 5 0 0 0 0 14 21 23
0 0 13 10 4 0 0 0 0 0 0 0 0 0 0 0 0 0 0 0 0 0 2 0 0 1 0 0 0 0 0 44 0 0 47 37 0 3 0 14 0
0 0 17 15 4 0 0 0 0 0 0 0 0 0 0 0 0 0 0 0 0 0 4 0 0 0 0 0 0 0 0 53 1 0 40 40 0 3 0 4 0
30 0 0 0 0 0 0 0 0 0 3 0 0 0 0 0 7 0 0 0 0 0 0 0 0 0 12 18 3 0 6 0 0 18 0 0 0 0 10 0 12
41 0 0 1 0 0 0 0 0 0 2 0 0 0 0 0 0 0 0 0 0 0 6 1 2 0 16 0 0 0 0 0 0 1 0 0 0 0 6 23 24
0 0 22 20 7 0 0 0 0 0 0 0 0 0 0 1 0 0 0 0 0 0 4 0 0 0 0 0 0 0 0 61 3 0 44 41 0 6 0 1 0
0 0 17 15 2 0 0 0 0 0 0 0 0 0 0 1 0 0 0 0 0 0 2 0 0 0 0 0 0 0 0 55 1 0 28 42 0 1 0 0 0
0 0 9 4 1 0 0 0 0 0 0 0 0 0 0 0 0 0 0 0 0 0 1 0 0 4 0 0 0 0 0 34 0 0 44 32 0 1 0 23 3
0 0 8 0 0 0 0 0 0 0 0 0 0 0 0 0 0 0 0 0 0 0 0 1 0 6 0 0 0 0 0 23 0 0 45 29 0 0 0 30 4
43 0 0 0 0 0 0 0 0 0 5 0 0 0 0 0 0 0 0 0 0 0 9 3 2 0 17 0 0 0 0 0 0 2 0 0 0 0 8 22 24
5 0 4 0 0 0 0 0 0 0 0 0 0 0 0 0 0 0 0 0 0 0 0 0 0 3 3 9 0 0 0 24 0 0 19 26 0 0 0 23 11
0 0 21 20 6 0 0 0 0 0 0 0 0 0 0 1 0 0 0 0 0 0 4 0 0 0 0 0 0 0 0 63 4 0 42 45 0 5 0 0 0
37 0 1 4 0 0 0 0 0 0 0 0 1 0 0 0 0 0 0 0 0 0 3 0 1 0 13 2 0 0 0 0 0 1 0 0 0 0 2 25 23
0 0 7 0 0 0 0 0 0 0 0 0 0 0 0 0 0 0 0 0 0 0 0 0 0 5 3 6 0 0 0 19 0 0 28 23 0 0 0 29 7
55 0 0 0 0 0 0 0 0 0 12 0 0 0 0 0 0 0 0 0 0 0 17 7 5 0 25 0 3 0 0 0 1 7 0 0 0 0 22 24 24
16 0 4 1 0 0 0 0 0 0 0 0 0 0 0 0 0 0 0 0 0 0 0 0 0 2 6 10 0 0 0 21 0 0 4 19 0 0 0 19 13
27 0 1 1 0 0 0 0 0 0 0 0 0 0 0 0 0 0 0 0 0 0 0 0 0 0 9 11 0 0 0 10 0 3 0 7 0 0 1 16 17
0 0 10 2 3 0 0 0 0 0 0 0 0 0 0 0 0 0 0 0 0 0 0 0 0 4 0 0 0 0 0 29 0 0 54 31 1 2 0 27 0
0 0 9 0 0 0 0 0 0 0 0 0 0 0 0 0 0 0 0 0 0 0 0 1 0 6 1 1 0 0 0 21 0 0 44 28 0 0 0 31 5
0 0 8 0 1 0 0 0 0 0 0 0 0 0 0 0 0 0 0 0 0 0 0 0 0 5 0 0 0 0 0 27 0 0 46 31 0 1 0 27 4
0 0 14 10 4 0 0 0 0 0 0 0 0 0 0 0 0 0 0 0 0 0 2 0 0 1 0 0 0 0 0 46 0 0 50 39 0 3 0 16 0
0 0 6 0 0 0 0 0 0 0 0 0 0 0 0 0 0 0 0 0 0 0 0 0 0 5 2 6 0 0 0 20 0 0 31 26 0 0 0 28 8
0 0 10 4 2 0 0 0 0 0 0 0 0 0 0 0 0 0 0 0 0 0 1 0 0 4 0 0 0 0 0 37 0 0 46 35 0 2 0 22 2
35 0 0 0 0 0 0 0 0 0 3 0 0 0 0 0 0 0 0 0 0 0 5 1 0 0 13 6 0 0 0 0 0 3 0 0 0 0 6 18 21
0 0 13 9 2 0 0 0 0 0 0 0 0 0 0 0 0 0 0 0 0 0 2 1 0 2 0 0 0 0 0 44 0 0 39 36 0 2 0 14 0
0 0 15 15 0 0 0 0 0 0 0 0 0 0 0 3 0 0 0 0 0 0 0 0 0 0 0 0 0 0 0 74 0 7 0 62 11 0 0 0 0
0 0 8 0 1 0 0 0 0 0 0 0 0 0 0 0 0 0 0 0 0 0 0 0 0 5 0 0 0 0 0 22 0 0 46 28 0 0 0 28 3
0 0 7 0 0 0 0 0 0 0 0 0 0 0 0 0 0 0 0 0 0 0 0 0 0 6 0 2 0 0 0 23 0 0 40 29 0 0 0 28 6
0 0 14 8 6 0 0 0 0 0 0 0 0 0 0 0 0 0 0 0 0 0 0 0 0 1 0 0 0 0 0 38 1 0 56 33 0 5 0 20 0
0 0 10 4 4 0 0 0 0 0 0 0 0 0 0 0 0 0 0 0 0 0 0 0 0 3 0 0 0 0 0 31 0 0 54 31 0 3 0 25 0
34 0 0 0 0 0 0 0 0 0 2 0 0 0 0 0 0 0 0 0 0 0 4 1 0 0 13 6 0 0 0 0 0 3 0 0 0 0 6 17 19
0 0 10 3 3 0 0 0 0 0 0 0 0 0 0 0 0 0 0 0 0 0 0 0 0 4 0 0 0 0 0 32 0 0 50 32 0 2 0 26 1
0 0 9 1 1 0 0 0 0 0 0 0 0 0 0 0 0 0 0 0 0 0 0 0 0 5 0 0 0 0 0 30 0 0 46 32 0 1 0 27 4
0 0 13 9 4 0 0 0 0 0 0 0 0 0 0 0 0 0 0 0 0 0 2 0 0 2 0 0 0 0 0 44 0 0 48 37 0 3 0 16 0
38 0 0 0 0 0 0 0 0 0 5 0 0 0 0 0 0 0 0 0 0 0 6 2 1 0 16 4 0 0 0 0 0 4 0 0 0 0 10 17 20
29 0 1 3 0 0 0 0 0 0 0 0 0 0 0 0 0 0 0 0 0 0 0 0 0 0 10 5 0 0 0 7 0 1 0 2 0 0 0 22 19
0 0 14 12 4 0 0 0 0 0 0 0 0 0 0 0 0 0 0 0 0 0 2 0 0 0 0 0 0 0 0 46 0 0 41 34 0 3 0 12 0
0 0 9 3 2 0 0 0 0 0 0 0 0 0 0 0 0 0 0 0 0 0 0 0 0 4 0 0 0 0 0 32 0 0 45 32 0 2 0 24 2
29 0 0 0 0 0 0 0 0 0 1 0 0 0 0 0 0 0 0 0 0 0 2 0 0 0 12 9 0 0 0 0 0 3 0 0 0 0 4 17 18
14 0 2 0 0 0 0 0 0 0 0 0 0 0 0 0 0 0 0 0 0 0 0 0 0 2 7 12 0 0 0 18 0 0 5 19 0 0 0 22 15
41 0 0 2 0 0 0 0 0 0 2 0 0 0 0 0 0 0 0 0 0 0 6 2 2 0 15 1 0 0 0 0 0 1 0 0 0 0 6 23 24
0 0 12 7 4 0 0 0 0 0 0 0 0 0 0 0 0 0 0 0 0 0 1 0 0 3 0 0 0 0 0 41 0 0 51 37 0 3 0 20 0
6 0 5 0 0 0 0 0 0 0 0 0 0 0 0 0 0 0 0 0 0 0 0 0 0 3 4 10 0 0 0 22 0 0 17 24 0 0 0 26 12
0 0 13 7 4 0 0 0 0 0 0 0 0 0 0 0 0 0 0 0 0 0 1 0 0 2 0 0 0 0 0 40 0 0 51 36 0 4 0 20 0
36 0 0 0 0 0 0 0 0 0 5 0 0 0 0 0 2 0 0 0 0 0 4 0 0 0 16 9 1 0 0 0 0 9 0 0 0 0 10 4 20
0 0 6 0 0 0 0 0 0 0 0 0 0 0 0 0 0 0 0 0 0 0 0 0 0 4 3 7 0 0 0 21 0 0 26 25 0 0 0 27 9
0 0 8 0 1 0 0 0 0 0 0 0 0 0 0 0 0 0 0 0 0 0 0 0 0 5 0 0 0 0 0 26 0 0 43 30 0 0 0 25 4
38 0 1 0 0 0 0 0 0 0 4 0 0 0 0 0 0 0 0 0 0 0 5 2 1 0 15 5 0 0 0 0 0 4 0 0 0 0 8 18 20
0 0 15 10 6 0 0 0 0 0 0 0 0 0 0 0 0 0 0 0 0 0 1 0 0 1 0 0 0 0 0 44 1 0 56 37 0 5 0 17 0
0 0 13 8 5 0 0 0 0 0 0 0 0 0 0 0 0 0 0 0 0 0 0 0 0 2 0 0 0 0 0 41 0 0 52 35 0 4 0 19 0
27 0 0 0 0 0 0 0 0 0 2 0 0 0 0 0 7 0 0 0 0 0 0 0 0 0 9 18 1 0 6 0 0 18 0 0 0 0 7 0 10
0 0 11 5 4 0 0 0 0 0 0 0 0 0 0 0 0 0 0 0 0 0 1 0 0 3 0 0 0 0 0 35 0 0 51 34 0 3 0 23 0
11 0 6 4 0 0 0 0 0 0 0 0 0 0 0 0 0 0 0 0 0 0 0 0 0 2 0 7 0 0 0 32 0 0 9 25 0 0 0 7 9
0 0 7 0 0 0 0 0 0 0 0 0 0 0 0 0 0 0 0 0 0 0 0 0 0 6 0 0 0 0 0 27 0 0 41 30 0 0 0 26 5
0 0 7 0 0 0 0 0 0 0 0 0 0 0 0 0 0 0 0 0 0 0 0 0 0 6 1 1 0 0 0 19 0 0 41 27 1 0 0 29 6
29 0 0 3 0 0 0 0 0 0 0 0 0 0 0 0 0 0 0 0 0 0 0 0 0 0 10 5 0 0 0 9 0 0 0 4 0 0 0 22 19
15 0 4 2 0 0 0 0 0 0 0 0 0 0 0 0 0 0 0 0 0 0 0 0 0 2 7 9 0 0 0 20 0 0 5 18 0 0 0 27 16
20 0 4 3 0 0 0 0 0 0 0 0 0 0 0 0 0 0 0 0 0 0 0 0 0 1 8 8 0 0 0 17 0 0 0 15 0 0 0 25 17
0 0 14 11 5 0 0 0 0 0 0 0 0 0 0 0 0 0 0 0 0 0 2 0 0 1 0 0 0 0 0 46 1 0 49 37 0 4 0 15 0
0 0 11 5 4 0 0 0 0 0 0 0 0 0 0 0 0 0 0 0 0 0 0 0 0 3 0 0 0 0 0 35 0 0 52 33 0 3 0 23 0
