0 0 6 0 0 0 0 0 0 0 0 4 0 0 0 0 0 0 0 0 0 0 0 0 0 0 0 0 0 0 0 8 0 0 31 29 0 2 0 27 0
0 0 0 0 0 0 0 0 0 0 0 0 0 0 0 0 0 0 0 0 0 0 0 0 0 0 0 0 0 0 0 0 0 0 35 35 0 5 0 35 0
3 1 0 0 2 0 0 0 1 0 0 0 0 0 0 0 0 1 3 2 0 0 0 0 0 0 0 5 1 0 0 0 0 0 41 44 0 12 1 47 5
0 0 20 12 0 0 0 0 0 0 0 22 0 18 0 0 0 0 0 0 38 0 0 0 0 0 0 0 0 2 0 30 0 0 0 0 0 0 0 0 0
0 0 35 8 0 0 0 0 0 0 0 11 0 2 0 0 0 0 0 0 4 0 0 0 0 0 0 0 0 0 0 32 0 0 2 0 0 0 0 0 0
0 0 11 2 0 0 0 0 0 0 0 7 0 1 0 0 0 0 0 0 1 0 0 0 0 0 0 0 0 0 0 14 0 0 26 24 0 0 0 22 0
0 0 7 0 0 0 0 0 0 0 0 2 0 0 0 0 0 0 0 0 0 0 0 0 0 0 0 0 0 0 0 7 0 0 32 29 0 2 0 28 0
0 0 0 0 0 0 0 0 0 0 0 0 0 0 0 0 0 0 0 0 0 0 0 0 0 0 0 1 0 0 0 0 0 0 36 36 0 7 0 37 2
0 0 0 0 0 0 0 0 0 0 0 0 0 0 0 0 0 0 0 0 0 0 0 0 0 0 0 0 0 0 0 0 0 0 36 35 0 5 0 35 1
1 0 0 0 0 0 0 0 0 0 0 0 0 0 0 0 0 0 1 0 0 0 0 0 0 0 0 2 1 0 0 0 0 0 36 37 0 8 0 38 2
0 0 23 13 0 0 0 0 0 0 0 23 0 21 0 0 0 0 0 0 42 0 1 0 0 0 0 0 0 4 0 33 0 0 0 0 0 0 0 0 0
0 0 0 0 0 0 0 0 0 0 0 0 0 0 0 0 0 0 0 0 0 0 0 0 0 0 0 1 0 0 0 0 0 0 36 37 0 6 0 37 1
0 0 10 2 0 0 0 0 0 0 0 9 0 2 0 0 0 0 0 0 5 0 0 0 0 0 0 0 0 0 0 15 0 0 25 23 0 0 0 21 0
0 0 0 0 0 0 0 0 0 0 0 0 0 0 0 0 0 0 0 0 0 0 0 0 0 0 0 1 0 0 0 0 0 0 37 38 0 7 0 39 2
0 0 26 13 0 0 0 0 0 0 0 22 0 17 0 0 0 0 0 0 34 0 0 0 0 0 0 0 0 2 0 35 0 0 0 0 0 0 0 0 0
0 0 0 0 0 0 0 0 0 0 0 0 0 0 0 0 0 0 0 0 0 0 0 0 0 0 0 1 0 0 0 0 0 0 36 36 0 6 0 36 1
0 0 31 13 0 0 0 0 0 0 0 20 0 13 0 0 0 0 0 0 26 0 0 0 0 0 0 0 0 2 0 38 0 0 0 0 0 0 0 0 0
1 0 0 0 0 0 0 0 0 0 0 0 0 0 0 0 0 0 1 0 0 0 0 0 0 0 0 2 0 0 0 0 0 0 37 38 0 8 0 40 2
0 0 0 0 0 0 0 0 0 0 0 0 0 0 0 0 0 0 0 0 0 0 0 0 0 0 0 0 0 0 0 0 0 0 37 37 0 6 0 37 1
0 0 2 0 0 0 0 0 0 0 0 3 0 0 0 0 0 0 0 0 0 0 0 0 0 0 0 0 0 0 0 5 0 0 29 28 0 2 0 27 0
0 0 36 16 0 0 0 0 0 0 0 24 0 21 0 0 0 0 0 0 42 0 3 0 0 0 0 0 0 5 0 44 0 0 0 0 0 0 0 0 0
0 0 32 11 0 0 0 0 0 0 0 16 0 8 0 0 0 0 0 0 17 0 0 0 0 0 0 0 0 1 0 36 0 0 0 0 0 0 0 0 0
0 0 19 12 0 0 0 0 0 0 0 21 0 19 0 0 0 0 0 0 38 0 0 0 0 0 0 0 0 2 0 29 0 0 0 0 0 0 0 0 0
2 0 0 0 1 0 0 0 0 0 0 0 0 0 0 0 0 0 2 1 0 0 0 0 0 0 0 3 1 0 0 0 0 0 39 41 0 10 0 43 3
2 0 27 15 0 0 0 0 0 0 0 29 0 28 0 0 0 0 0 0 62 0 5 0 0 0 0 0 0 7 0 38 0 0 0 0 0 0 0 0 0
0 0 7 1 0 0 0 0 0 0 0 7 0 2 0 0 0 0 0 0 3 0 0 0 0 0 0 0 0 0 0 12 0 0 25 24 0 1 0 23 0
0 0 7 0 0 0 0 0 0 0 0 1 0 0 0 0 0 0 0 0 0 0 0 0 0 0 0 0 0 0 0 6 0 0 30 28 0 2 0 26 0
0 0 0 0 0 0 0 0 0 0 0 0 0 0 0 0 0 0 0 0 0 0 0 0 0 0 0 0 0 0 0 0 0 0 35 34 0 4 0 34 0
0 0 0 0 0 0 0 0 0 0 0 0 0 0 0 0 0 0 0 0 0 0 0 0 0 0 0 1 0 0 0 0 0 0 36 36 0 6 0 37 1
0 0 0 0 0 0 0 0 0 0 0 0 0 0 0 0 0 0 0 0 0 0 0 0 0 0 0 0 0 0 0 0 0 0 36 35 0 5 0 35 1
0 0 0 0 0 0 0 0 0 0 0 0 0 0 0 0 0 0 0 0 0 0 0 0 0 0 0 0 0 0 0 0 0 0 33 33 0 4 0 32 0
0 0 3 0 0 0 0 0 0 0 0 1 0 0 0 0 0 0 0 0 0 0 0 0 0 0 0 0 0 0 0 3 0 0 32 30 0 2 0 29 0
0 0 0 0 0 0 0 0 0 0 0 0 0 0 0 0 0 0 0 0 0 0 0 0 0 0 0 1 0 0 0 0 0 0 37 37 0 6 0 37 1
0 0 20 3 0 0 0 0 0 0 0 7 0 0 0 0 0 0 0 0 0 0 0 0 0 0 0 0 0 0 0 20 0 0 20 16 0 0 0 14 0
0 0 35 15 0 0 0 0 0 0 0 23 0 19 0 0 0 0 0 0 40 0 3 0 0 0 0 0 0 5 0 42 0 0 0 0 0 0 0 0 0
2 0 19 14 0 0 0 0 0 0 0 29 0 30 0 0 0 0 1 1 66 0 6 0 0 0 0 0 0 6 0 30 0 0 0 0 0 0 0 0 0
0 0 1 0 0 0 0 0 0 0 0 0 0 0 0 0 0 0 0 0 0 0 0 0 0 0 0 0 0 0 0 0 0 0 32 30 0 3 0 30 0
0 0 37 10 0 0 0 0 0 0 0 13 0 4 0 0 0 0 0 0 9 0 0 0 0 0 0 0 0 1 0 36 0 0 0 0 0 0 0 0 0
0 0 0 0 0 0 0 0 0 0 0 0 0 0 0 0 0 0 0 0 0 0 0 0 0 0 0 0 0 0 0 0 0 0 34 34 0 5 0 34 1
0 0 10 1 0 0 0 0 0 0 0 5 0 0 0 0 0 0 0 0 0 0 0 0 0 0 0 0 0 0 0 11 0 0 28 25 0 1 0 23 0
0 0 25 9 0 0 0 0 0 0 0 17 0 9 0 0 0 0 0 0 20 0 0 0 0 0 0 0 0 0 0 32 0 0 1 0 0 0 0 0 0
0 0 0 0 0 0 0 0 0 0 0 0 0 0 0 0 0 0 0 0 0 0 0 0 0 0 0 1 0 0 0 0 0 0 37 38 0 7 0 39 2
0 0 0 0 0 0 0 0 0 0 0 0 0 0 0 0 0 0 0 0 0 0 0 0 0 0 0 0 0 0 0 0 0 0 33 32 0 4 0 32 0
0 0 0 0 0 0 0 0 0 0 0 0 0 0 0 0 0 0 0 0 0 0 0 0 0 0 0 0 0 0 0 0 0 0 36 36 0 5 0 37 1
0 0 0 0 0 0 0 0 0 0 0 0 0 0 0 0 0 0 0 0 0 0 0 0 0 0 0 1 0 0 0 0 0 0 35 36 0 7 0 37 2
0 0 0 0 0 0 0 0 0 0 0 0 0 0 0 0 0 0 0 0 0 0 0 0 0 0 0 1 0 0 0 0 0 0 35 35 0 6 0 36 1
0 0 26 10 0 0 0 0 0 0 0 16 0 8 0 0 0 0 0 0 16 0 0 0 0 0 0 0 0 0 0 32 0 0 2 0 0 0 0 0 0
0 0 1 0 0 0 0 0 0 0 0 0 0 0 0 0 0 0 0 0 0 0 0 0 0 0 0 0 0 0 0 0 0 0 34 32 0 3 0 31 0
2 0 34 16 0 0 0 0 0 0 0 29 0 27 0 0 0 0 0 0 58 0 6 0 0 0 0 0 0 7 0 43 0 0 0 0 0 0 0 0 0
1 0 0 0 0 0 0 0 0 0 0 0 0 0 0 0 0 0 1 0 0 0 0 0 0 0 0 2 1 0 0 0 0 0 38 39 0 9 0 41 3
0 0 28 12 0 0 0 0 0 0 0 19 0 13 0 0 0 0 0 0 26 0 0 0 0 0 0 0 0 1 0 35 0 0 0 0 0 0 0 0 0
0 0 0 0 0 0 0 0 0 0 0 0 0 0 0 0 0 0 0 0 0 0 0 0 0 0 0 0 0 0 0 0 0 0 36 34 0 4 0 34 0
0 0 34 13 0 0 0 0 0 0 0 19 0 13 0 0 0 0 0 0 26 0 0 0 0 0 0 0 0 2 0 39 0 0 0 0 0 0 0 0 0
0 0 0 0 0 0 0 0 0 0 0 0 0 0 0 0 0 0 0 0 0 0 0 0 0 0 0 0 0 0 0 0 0 0 35 35 0 5 0 35 1
0 0 35 12 0 0 0 0 0 0 0 17 0 10 0 0 0 0 0 0 19 0 0 0 0 0 0 0 0 2 0 37 0 0 0 0 0 0 0 0 0
0 0 30 10 0 0 0 0 0 0 0 14 0 7 0 0 0 0 0 0 14 0 0 0 0 0 0 0 0 0 0 33 0 0 0 0 0 0 0 0 0
0 0 30 11 0 0 0 0 0 0 0 17 0 10 0 0 0 0 0 0 20 0 0 0 0 0 0 0 0 1 0 35 0 0 0 0 0 0 0 0 0
0 0 0 0 0 0 0 0 0 0 0 0 0 0 0 0 0 0 0 0 0 0 0 0 0 0 0 1 0 0 0 0 0 0 37 37 0 7 0 38 2
0 0 6 0 0 0 0 0 0 0 0 4 0 0 0 0 0 0 0 0 0 0 0 0 0 0 0 0 0 0 0 8 0 0 31 28 0 1 0 27 0
0 0 0 0 0 0 0 0 0 0 0 0 0 0 0 0 0 0 0 0 0 0 0 0 0 0 0 1 0 0 0 0 0 0 36 37 0 7 0 38 1
0 0 0 0 0 0 0 0 0 0 0 0 0 0 0 0 0 0 0 0 0 0 0 0 0 0 0 0 0 0 0 0 0 0 35 33 0 4 0 32 0
0 0 5 0 0 0 0 0 0 0 0 3 0 0 0 0 0 0 0 0 0 0 0 0 0 0 0 0 0 0 0 6 0 0 30 28 0 2 0 26 0
0 0 0 0 0 0 0 0 0 0 0 0 0 0 0 0 0 0 0 0 0 0 0 0 0 0 0 0 0 0 0 0 0 0 37 37 0 5 0 38 0
0 0 37 13 0 0 0 0 0 0 0 18 0 10 0 0 0 0 0 0 20 0 0 0 0 0 0 0 0 2 0 40 0 0 0 0 0 0 0 0 0
0 0 0 0 0 0 0 0 0 0 0 0 0 0 0 0 0 0 0 0 0 0 0 0 0 0 0 0 0 0 0 0 0 0 34 32 0 4 0 31 0
0 0 17 6 0 0 0 0 0 0 0 14 0 7 0 0 0 0 0 0 15 0 0 0 0 0 0 0 0 0 0 24 0 0 13 11 0 0 0 9 0
0 0 0 0 0 0 0 0 0 0 0 0 0 0 0 0 0 0 1 0 0 0 0 0 0 0 0 1 0 0 0 0 0 0 37 37 0 7 0 38 2
0 0 22 4 0 0 0 0 0 0 0 9 0 0 0 0 0 0 0 0 1 0 0 0 0 0 0 0 0 0 0 22 0 0 15 11 0 0 0 9 0
0 0 17 12 0 0 0 0 0 0 0 22 0 19 0 0 0 0 0 0 39 0 0 0 0 0 0 0 0 2 0 28 0 0 0 0 0 0 0 0 0
1 0 0 0 0 0 0 0 0 0 0 0 0 0 0 0 0 0 1 0 0 0 0 0 0 0 0 2 0 0 0 0 0 0 37 38 0 8 0 40 2
0 0 6 0 0 0 0 0 0 0 0 1 0 0 0 0 0 0 0 0 0 0 0 0 0 0 0 0 0 0 0 6 0 0 29 27 0 2 0 25 0
1 0 0 0 0 0 0 0 0 0 0 0 0 0 0 0 0 0 1 0 0 0 0 0 0 0 0 2 1 0 0 0 0 0 38 39 0 9 0 42 3
0 0 0 0 0 0 0 0 0 0 0 0 0 0 0 0 0 0 0 0 0 0 0 0 0 0 0 2 0 0 0 0 0 0 37 37 0 8 0 39 2
1 0 0 0 0 0 0 0 0 0 0 0 0 0 0 0 0 0 1 0 0 0 0 0 0 0 0 3 1 0 0 0 0 0 38 39 0 9 0 41 3
0 0 0 0 0 0 0 0 0 0 0 0 0 0 0 0 0 0 0 0 0 0 0 0 0 0 0 0 0 0 0 0 0 0 34 33 0 3 0 32 0
0 0 0 0 0 0 0 0 0 0 0 0 0 0 0 0 0 0 0 0 0 0 0 0 0 0 0 1 0 0 0 0 0 0 36 37 0 7 0 38 2
0 0 0 0 0 0 0 0 0 0 0 0 0 0 0 0 0 0 1 0 0 0 0 0 0 0 0 2 0 0 0 0 0 0 37 38 0 8 0 39 2
0 0 11 7 0 0 0 0 0 0 0 17 0 12 0 0 0 0 0 0 25 0 0 0 0 0 0 0 0 0 0 20 0 0 4 4 0 0 0 2 0
0 0 0 0 0 0 0 0 0 0 0 0 0 0 0 0 0 0 0 0 0 0 0 0 0 0 0 1 0 0 0 0 0 0 37 37 0 6 0 38 1
1 0 0 0 0 0 0 0 0 0 0 0 0 0 0 0 0 0 1 0 0 0 0 0 0 0 0 2 0 0 0 0 0 0 38 39 0 9 0 41 3
0 0 10 2 0 0 0 0 0 0 0 5 0 0 0 0 0 0 0 0 0 0 0 0 0 0 0 0 0 0 0 12 0 0 24 22 0 0 0 20 0
0 0 0 0 0 0 0 0 0 0 0 0 0 0 0 0 0 0 0 0 0 0 0 0 0 0 0 0 0 0 0 0 0 0 35 36 0 6 0 36 1
0 0 23 12 0 0 0 0 0 0 0 20 0 15 0 0 0 0 0 0 30 0 0 0 0 0 0 0 0 1 0 32 0 0 0 0 0 0 0 0 0
0 0 0 0 0 0 0 0 0 0 0 0 0 0 0 0 0 0 1 0 0 0 0 0 0 0 0 1 0 0 0 0 0 0 36 37 0 7 0 37 2
0 0 0 0 0 0 0 0 0 0 0 0 0 0 0 0 0 0 0 0 0 0 0 0 0 0 0 0 0 0 0 0 0 0 36 35 0 5 0 35 1
0 0 0 0 0 0 0 0 0 0 0 0 0 0 0 0 0 0 1 0 0 0 0 0 0 0 0 2 0 0 0 0 0 0 38 39 0 8 0 40 2
0 0 0 0 0 0 0 0 0 0 0 0 0 0 0 0 0 0 0 0 0 0 0 0 0 0 0 1 0 0 0 0 0 0 35 36 0 6 0 37 1
0 0 15 6 0 0 0 0 0 0 0 12 0 6 0 0 0 0 0 0 11 0 0 0 0 0 0 0 0 0 0 21 0 0 13 11 0 0 0 9 0
0 0 0 0 0 0 0 0 0 0 0 0 0 0 0 0 0 0 0 0 0 0 0 0 0 0 0 1 0 0 0 0 0 0 37 38 0 7 0 39 2
0 0 26 11 0 0 0 0 0 0 0 19 0 15 0 0 0 0 0 0 31 0 2 0 0 0 0 0 0 2 0 31 0 0 0 0 0 0 0 0 0
0 0 0 0 0 0 0 0 0 0 0 0 0 0 0 0 0 0 0 0 0 0 0 0 0 0 0 0 0 0 0 0 0 0 35 36 0 6 0 36 1
0 0 0 0 0 0 0 0 0 0 0 0 0 0 0 0 0 0 1 0 0 0 0 0 0 0 0 2 0 0 0 0 0 0 37 38 0 8 0 39 2
0 0 0 0 0 0 0 0 0 0 0 0 0 0 0 0 0 0 0 0 0 0 0 0 0 0 0 2 0 0 0 0 0 0 38 38 0 8 0 40 2
1 0 0 0 0 0 0 0 0 0 0 0 0 0 0 0 0 0 1 0 0 0 0 0 0 0 0 2 1 0 0 0 0 0 39 40 0 9 0 41 3
0 0 30 10 0 0 0 0 0 0 0 14 0 7 0 0 0 0 0 0 14 0 0 0 0 0 0 0 0 1 0 33 0 0 0 0 0 0 0 0 0
0 0 0 0 0 0 0 0 0 0 0 0 0 0 0 0 0 0 0 0 0 0 0 0 0 0 0 1 0 0 0 0 0 0 37 37 0 6 0 38 1
0 0 8 4 0 0 0 0 0 0 0 14 0 8 0 0 0 0 0 0 18 0 0 0 0 0 0 0 0 0 0 16 0 0 15 14 0 0 0 13 0
0 0 0 0 0 0 0 0 0 0 0 0 0 0 0 0 0 0 0 0 0 0 0 0 0 0 0 1 0 0 0 0 0 0 37 38 0 7 0 39 1
0 0 24 11 0 0 0 0 0 0 0 19 0 13 0 0 0 0 0 0 27 0 0 0 0 0 0 0 0 1 0 33 0 0 0 0 0 0 0 0 0
0 0 0 0 0 0 0 0 0 0 0 0 0 0 0 0 0 0 0 0 0 0 0 0 0 0 0 2 0 0 0 0 0 0 38 39 0 8 0 41 2
2 0 24 15 0 0 0 0 0 0 0 29 0 30 0 0 0 0 0 1 64 0 6 0 0 0 0 0 0 7 0 35 0 0 0 0 0 0 0 0 0
0 0 0 0 0 0 0 0 0 0 0 0 0 0 0 0 0 0 0 0 0 0 0 0 0 0 0 1 0 0 0 0 0 0 36 37 0 7 0 38 1
0 0 0 0 0 0 0 0 0 0 0 0 0 0 0 0 0 0 0 0 0 0 0 0 0 0 0 0 0 0 0 0 0 0 36 36 0 5 0 36 1
0 0 17 8 0 0 0 0 0 0 0 17 0 11 0 0 0 0 0 0 23 0 0 0 0 0 0 0 0 0 0 25 0 0 3 1 0 0 0 0 0
0 0 22 8 0 0 0 0 0 0 0 16 0 9 0 0 0 0 0 0 17 0 0 0 0 0 0 0 0 0 0 29 0 0 8 6 0 0 0 4 0
1 0 0 0 0 0 0 0 0 0 0 0 0 0 0 0 0 0 1 0 0 0 0 0 0 0 0 2 0 0 0 0 0 0 37 39 0 8 0 40 3
0 0 0 0 0 0 0 0 0 0 0 0 0 0 0 0 0 0 0 0 0 0 0 0 0 0 0 1 0 0 0 0 0 0 36 36 0 6 0 37 1
0 0 0 0 0 0 0 0 0 0 0 0 0 0 0 0 0 0 0 0 0 0 0 0 0 0 0 0 0 0 0 0 0 0 35 33 0 4 0 33 0
0 0 0 0 0 0 0 0 0 0 0 0 0 0 0 0 0 0 0 0 0 0 0 0 0 0 0 1 0 0 0 0 0 0 35 36 0 6 0 37 1
1 0 0 0 0 0 0 0 0 0 0 0 0 0 0 0 0 0 1 0 0 0 0 0 0 0 0 2 0 0 0 0 0 0 37 38 0 8 0 40 3
0 0 0 0 0 0 0 0 0 0 0 4 0 0 0 0 0 0 0 0 1 0 0 0 0 0 0 0 0 0 0 2 0 0 29 29 0 2 0 28 0
1 0 0 0 1 0 0 0 0 0 0 0 0 0 0 0 0 0 1 0 0 0 0 0 0 0 0 3 1 0 0 0 0 0 39 41 0 9 0 43 3
1 0 30 16 0 0 0 0 0 0 0 28 0 25 0 0 0 0 0 0 55 0 3 0 0 0 0 0 0 6 0 42 0 0 0 0 0 0 0 0 0
0 0 0 0 0 0 0 0 0 0 0 0 0 0 0 0 0 0 0 0 0 0 0 0 0 0 0 0 0 0 0 0 0 0 35 35 0 4 0 34 0
0 0 3 0 0 0 0 0 0 0 0 1 0 0 0 0 0 0 0 0 0 0 0 0 0 0 0 0 0 0 0 3 0 0 33 31 0 2 0 30 0
1 0 0 0 0 0 0 0 0 0 0 0 0 0 0 0 0 0 1 0 0 0 0 0 0 0 0 2 1 0 0 0 0 0 38 39 0 8 0 41 3
0 0 15 6 0 0 0 0 0 0 0 12 0 6 0 0 0 0 0 0 11 0 0 0 0 0 0 0 0 0 0 21 0 0 11 9 0 0 0 7 0
0 0 0 0 0 0 0 0 0 0 0 0 0 0 0 0 0 0 0 0 0 0 0 0 0 0 0 1 0 0 0 0 0 0 36 36 0 6 0 37 1
1 0 0 0 1 0 0 0 0 0 0 0 0 0 0 0 0 0 1 0 0 0 0 0 0 0 0 3 1 0 0 0 0 0 39 40 0 9 0 43 3
0 0 23 14 0 0 0 0 0 0 0 27 0 26 0 0 0 0 0 0 55 0 3 0 0 0 0 0 0 5 0 33 0 0 0 0 0 0 0 0 0
0 0 0 0 0 0 0 0 0 0 0 0 0 0 0 0 0 0 0 0 0 0 0 0 0 0 0 1 0 0 0 0 0 0 36 36 0 6 0 37 1
0 0 0 0 0 0 0 0 0 0 0 0 0 0 0 0 0 0 0 0 0 0 0 0 0 0 0 2 0 0 0 0 0 0 39 39 0 8 0 41 2
0 0 0 0 0 0 0 0 0 0 0 0 0 0 0 0 0 0 0 0 0 0 0 0 0 0 0 0 0 0 0 0 0 0 38 37 0 5 0 37 1
0 0 0 0 0 0 0 0 0 0 0 0 0 0 0 0 0 0 0 0 0 0 0 0 0 0 0 1 0 0 0 0 0 0 37 38 0 7 0 39 1
0 0 19 13 0 0 0 0 0 0 0 25 0 23 0 0 0 0 0 0 49 0 2 0 0 0 0 0 0 4 0 29 0 0 0 0 0 0 0 0 0
0 0 0 0 0 0 0 0 0 0 0 0 0 0 0 0 0 0 0 0 0 0 0 0 0 0 0 1 0 0 0 0 0 0 37 37 0 7 0 38 1
0 0 25 14 0 0 0 0 0 0 0 23 0 21 0 0 0 0 0 0 41 0 1 0 0 0 0 0 0 4 0 35 0 0 0 0 0 0 0 0 0
0 0 2 0 0 0 0 0 0 0 0 4 0 0 0 0 0 0 0 0 0 0 0 0 0 0 0 0 0 0 0 5 0 0 29 27 0 2 0 27 0
0 0 28 12 0 0 0 0 0 0 0 19 0 12 0 0 0 0 0 0 25 0 0 0 0 0 0 0 0 1 0 35 0 0 0 0 0 0 0 0 0
0 0 27 13 0 0 0 0 0 0 0 20 0 14 0 0 0 0 0 0 28 0 0 0 0 0 0 0 0 1 0 36 0 0 0 0 0 0 0 0 0
0 0 28 14 0 0 0 0 0 0 0 24 0 20 0 0 0 0 0 0 42 0 1 0 0 0 0 0 0 4 0 39 0 0 0 0 0 0 0 0 0
0 0 9 1 0 0 0 0 0 0 0 5 0 0 0 0 0 0 0 0 0 0 0 0 0 0 0 0 0 0 0 11 0 0 30 27 0 1 0 26 0
0 0 0 0 0 0 0 0 0 0 0 0 0 0 0 0 0 0 1 0 0 0 0 0 0 0 0 2 0 0 0 0 0 0 37 38 0 8 0 40 2
0 0 11 7 0 0 0 0 0 0 0 17 0 13 0 0 0 0 0 0 26 0 0 0 0 0 0 0 0 0 0 20 0 0 1 1 0 0 0 0 0
0 0 16 12 0 0 0 0 0 0 0 23 0 20 0 0 0 0 0 0 42 0 0 0 0 0 0 0 0 2 0 27 0 0 0 0 0 0 0 0 0
0 0 0 0 0 0 0 0 0 0 0 0 0 0 0 0 0 0 0 0 0 0 0 0 0 0 0 1 0 0 0 0 0 0 37 37 0 6 0 38 1
0 0 17 11 0 0 0 0 0 0 0 21 0 15 0 0 0 0 0 0 31 0 0 0 0 0 0 0 0 1 0 29 0 0 0 0 0 0 0 0 0
0 0 0 0 0 0 0 0 0 0 0 0 0 0 0 0 0 0 0 0 0 0 0 0 0 0 0 0 0 0 0 0 0 0 36 35 0 5 0 36 1
0 0 0 0 0 0 0 0 0 0 0 0 0 0 0 0 0 0 0 0 0 0 0 0 0 0 0 1 0 0 0 0 0 0 36 36 0 6 0 37 1
0 0 0 0 0 0 0 0 0 0 0 0 0 0 0 0 0 0 1 0 0 0 0 0 0 0 0 1 1 0 0 0 0 0 36 36 0 7 0 37 2
0 0 0 0 0 0 0 0 0 0 0 0 0 0 0 0 0 0 0 0 0 0 0 0 0 0 0 1 0 0 0 0 0 0 33 34 0 6 0 34 1
1 0 0 0 0 0 0 0 0 0 0 0 0 0 0 0 0 0 1 0 0 0 0 0 0 0 0 3 1 0 0 0 0 0 39 40 0 9 0 42 3
0 0 0 0 0 0 0 0 0 0 0 0 0 0 0 0 0 0 0 0 0 0 0 0 0 0 0 1 0 0 0 0 0 0 35 36 0 7 0 37 2
0 0 0 0 0 0 0 0 0 0 0 0 0 0 0 0 0 0 0 0 0 0 0 0 0 0 0 1 0 0 0 0 0 0 37 37 0 6 0 37 1
0 0 0 0 0 0 0 0 0 0 0 0 0 0 0 0 0 0 0 0 0 0 0 0 0 0 0 1 0 0 0 0 0 0 37 37 0 6 0 38 1
0 0 14 3 0 0 0 0 0 0 0 8 0 1 0 0 0 0 0 0 3 0 0 0 0 0 0 0 0 0 0 17 0 0 21 19 0 0 0 17 0
2 0 42 17 0 0 0 0 0 0 0 28 0 26 0 0 0 0 0 0 56 0 7 0 0 0 0 0 0 8 0 49 0 0 0 0 0 0 0 0 0
0 0 19 5 0 0 0 0 0 0 0 10 0 4 0 0 0 0 0 0 7 0 0 0 0 0 0 0 0 0 0 23 0 0 18 15 0 0 0 13 0
0 0 0 0 0 0 0 0 0 0 0 0 0 0 0 0 0 0 0 0 0 0 0 0 0 0 0 0 0 0 0 0 0 0 35 34 0 4 0 34 0
0 0 0 0 0 0 0 0 0 0 0 0 0 0 0 0 0 0 1 0 0 0 0 0 0 0 0 2 0 0 0 0 0 0 38 39 0 8 0 41 2
0 0 29 15 0 0 0 0 0 0 0 26 0 23 0 0 0 0 0 0 48 0 2 0 0 0 0 0 0 5 0 39 0 0 0 0 0 0 0 0 0
0 0 0 0 0 0 0 0 0 0 0 0 0 0 0 0 0 0 0 0 0 0 0 0 0 0 0 0 0 0 0 0 0 0 34 33 0 4 0 33 0
0 0 0 0 0 0 0 0 0 0 0 0 0 0 0 0 0 0 0 0 0 0 0 0 0 0 0 1 0 0 0 0 0 0 36 37 0 7 0 38 1
0 0 6 0 0 0 0 0 0 0 0 3 0 0 0 0 0 0 0 0 0 0 0 0 0 0 0 0 0 0 0 8 0 0 30 27 0 1 0 26 0
0 0 29 7 0 0 0 0 0 0 0 10 0 3 0 0 0 0 0 0 4 0 0 0 0 0 0 0 0 0 0 28 0 0 7 3 0 0 0 0 0
0 0 0 0 0 0 0 0 0 0 0 0 0 0 0 0 0 0 0 0 0 0 0 0 0 0 0 1 0 0 0 0 0 0 36 36 0 6 0 37 1
0 0 29 11 0 0 0 0 0 0 0 16 0 9 0 0 0 0 0 0 18 0 0 0 0 0 0 0 0 0 0 34 0 0 0 0 0 0 0 0 0
0 0 0 0 0 0 0 0 0 0 0 0 0 0 0 0 0 0 0 0 0 0 0 0 0 0 0 0 0 0 0 0 0 0 36 34 0 4 0 34 0
0 0 25 8 0 0 0 0 0 0 0 14 0 6 0 0 0 0 0 0 13 0 0 0 0 0 0 0 0 0 0 29 0 0 7 4 0 0 0 2 0
0 0 49 18 0 0 0 0 0 0 0 25 0 21 0 0 0 0 0 0 43 0 6 0 0 0 0 0 0 8 0 52 0 0 0 0 0 0 1 0 0
1 0 0 0 0 0 0 0 0 0 0 0 0 0 0 0 0 0 1 0 0 0 0 0 0 0 0 3 1 0 0 0 0 0 39 40 0 9 0 42 3
0 0 0 0 0 0 0 0 0 0 0 0 0 0 0 0 0 0 0 0 0 0 0 0 0 0 0 0 0 0 0 0 0 0 36 36 0 6 0 36 1
0 0 32 12 0 0 0 0 0 0 0 18 0 12 0 0 0 0 0 0 24 0 0 0 0 0 0 0 0 2 0 37 0 0 0 0 0 0 0 0 0
0 0 0 0 0 0 0 0 0 0 0 0 0 0 0 0 0 0 0 0 0 0 0 0 0 0 0 0 0 0 0 0 0 0 38 38 0 6 0 38 1
0 0 0 0 0 0 0 0 0 0 0 0 0 0 0 0 0 0 0 0 0 0 0 0 0 0 0 1 0 0 0 0 0 0 36 37 0 6 0 37 1
0 0 0 0 0 0 0 0 0 0 0 0 0 0 0 0 0 0 0 0 0 0 0 0 0 0 0 0 0 0 0 0 0 0 33 32 0 4 0 32 0
0 0 30 11 0 0 0 0 0 0 0 17 0 10 0 0 0 0 0 0 20 0 0 0 0 0 0 0 0 1 0 34 0 0 0 0 0 0 0 0 0
0 0 0 0 0 0 0 0 0 0 0 0 0 0 0 0 0 0 1 0 0 0 0 0 0 0 0 2 0 0 0 0 0 0 37 39 0 8 0 41 2
0 0 0 0 0 0 0 0 0 0 0 0 0 0 0 0 0 0 0 0 0 0 0 0 0 0 0 1 0 0 0 0 0 0 37 37 0 7 0 39 1
0 0 34 14 0 0 0 0 0 0 0 21 0 15 0 0 0 0 0 0 31 0 1 0 0 0 0 0 0 3 0 41 0 0 0 0 0 0 0 0 0
0 0 0 0 0 0 0 0 0 0 0 0 0 0 0 0 0 0 0 0 0 0 0 0 0 0 0 0 0 0 0 0 0 0 37 37 0 6 0 37 1
0 0 2 0 0 0 0 0 0 0 0 7 0 2 0 0 0 0 0 0 5 0 0 0 0 0 0 0 0 0 0 7 0 0 28 27 0 1 0 26 0
0 0 10 0 0 0 0 0 0 0 0 0 0 0 0 0 0 0 0 0 0 0 0 0 0 0 0 0 0 0 0 6 0 0 29 25 0 1 0 24 0
0 0 0 0 0 0 0 0 0 0 0 0 0 0 0 0 0 0 1 0 0 0 0 0 0 0 0 2 0 0 0 0 0 0 38 39 0 8 0 40 2
0 0 20 5 0 0 0 0 0 0 0 8 0 1 0 0 0 0 0 0 2 0 0 0 0 0 0 0 0 0 0 22 0 0 19 15 0 0 0 13 0
0 0 0 0 0 0 0 0 0 0 0 0 0 0 0 0 0 0 0 0 0 0 0 0 0 0 0 0 0 0 0 0 0 0 36 36 0 6 0 37 1
0 0 35 13 0 0 0 0 0 0 0 20 0 14 0 0 0 0 0 0 27 0 0 0 0 0 0 0 0 3 0 39 0 0 0 0 0 0 0 0 0
0 0 0 0 0 0 0 0 0 0 0 0 0 0 0 0 0 0 1 0 0 0 0 0 0 0 0 1 0 0 0 0 0 0 37 37 0 7 0 38 2
0 0 32 14 0 0 0 0 0 0 0 23 0 18 0 0 0 0 0 0 38 0 1 0 0 0 0 0 0 4 0 39 0 0 0 0 0 0 0 0 0
0 0 0 0 0 0 0 0 0 0 0 0 0 0 0 0 0 0 0 0 0 0 0 0 0 0 0 0 0 0 0 0 0 0 36 36 0 6 0 36 1
1 0 0 0 1 0 0 0 0 0 0 0 0 0 0 0 0 0 1 0 0 0 0 0 0 0 0 3 1 0 0 0 0 0 38 40 0 9 0 42 3
0 0 0 0 0 0 0 0 0 0 0 0 0 0 0 0 0 0 0 0 0 0 0 0 0 0 0 1 0 0 0 0 0 0 37 37 0 7 0 38 1
0 0 0 0 0 0 0 0 0 0 0 0 0 0 0 0 0 0 0 0 0 0 0 0 0 0 0 1 0 0 0 0 0 0 37 37 0 7 0 39 2
0 0 1 0 0 0 0 0 0 0 0 0 0 0 0 0 0 0 0 0 0 0 0 0 0 0 0 0 0 0 0 1 0 0 33 31 0 3 0 30 0
0 0 23 9 0 0 0 0 0 0 0 16 0 10 0 0 0 0 0 0 19 0 0 0 0 0 0 0 0 0 0 30 0 0 0 0 0 0 0 0 0
0 0 33 14 0 0 0 0 0 0 0 20 0 13 0 0 0 0 0 0 27 0 0 0 0 0 0 0 0 2 0 41 0 0 0 0 0 0 0 0 0
0 0 0 0 0 0 0 0 0 0 0 0 0 0 0 0 0 0 1 0 0 0 0 0 0 0 0 0 0 0 0 0 0 0 34 34 0 5 0 34 1
2 0 31 17 0 0 0 0 0 0 0 30 0 30 0 0 0 0 0 0 63 0 5 0 0 0 0 0 0 7 0 42 0 0 0 0 0 0 0 0 0
0 0 7 1 0 0 0 0 0 0 0 6 0 0 0 0 0 0 0 0 1 0 0 0 0 0 0 0 0 0 0 11 0 0 28 26 0 1 0 25 0
0 0 0 0 0 0 0 0 0 0 0 0 0 0 0 0 0 0 1 0 0 0 0 0 0 0 0 1 0 0 0 0 0 0 37 37 0 7 0 38 2
0 0 5 0 0 0 0 0 0 0 0 0 0 0 0 0 0 0 0 0 0 0 0 0 0 0 0 0 0 0 0 2 0 0 31 29 0 2 0 27 0
1 0 0 0 0 0 0 0 0 0 0 0 0 0 0 0 0 0 1 0 0 0 0 0 0 0 0 3 1 0 0 0 0 0 38 40 0 9 0 42 3
0 0 23 8 0 0 0 0 0 0 0 15 0 8 0 0 0 0 0 0 15 0 0 0 0 0 0 0 0 0 0 29 0 0 6 4 0 0 0 2 0
0 0 15 0 0 0 0 0 0 0 0 0 0 0 0 0 0 0 1 0 0 0 0 0 0 0 0 0 0 0 0 9 0 0 28 23 0 1 0 21 0
0 0 32 9 0 0 0 0 0 0 0 13 0 4 0 0 0 0 0 0 8 0 0 0 0 0 0 0 0 1 0 32 0 0 1 0 0 0 0 0 0
0 0 0 0 0 0 0 0 0 0 0 0 0 0 0 0 0 0 0 0 0 0 0 0 0 0 0 0 0 0 0 0 0 0 36 36 0 5 0 37 0
0 0 16 6 0 0 0 0 0 0 0 12 0 6 0 0 0 0 0 0 12 0 0 0 0 0 0 0 0 0 0 21 0 0 13 11 0 0 0 9 0
0 0 33 13 0 0 0 0 0 0 0 21 0 14 0 0 0 0 0 0 29 0 0 0 0 0 0 0 0 2 0 40 0 0 0 0 0 0 0 0 0
0 0 0 0 0 0 0 0 0 0 0 0 0 0 0 0 0 0 0 0 0 0 0 0 0 0 0 1 0 0 0 0 0 0 38 38 0 7 0 40 1
0 0 0 0 0 0 0 0 0 0 0 0 0 0 0 0 0 0 0 0 0 0 0 0 0 0 0 1 0 0 0 0 0 0 36 37 0 7 0 38 2
0 0 0 0 0 0 0 0 0 0 0 0 0 0 0 0 0 0 1 0 0 0 0 0 0 0 0 2 0 0 0 0 0 0 38 39 0 8 0 41 2
0 0 0 0 0 0 0 0 0 0 0 0 0 0 0 0 0 0 0 0 0 0 0 0 0 0 0 1 0 0 0 0 0 0 37 37 0 6 0 38 1
0 0 17 6 0 0 0 0 0 0 0 14 0 7 0 0 0 0 0 0 14 0 0 0 0 0 0 0 0 0 0 24 0 0 12 10 0 0 0 8 0
0 0 0 0 0 0 0 0 0 0 0 0 0 0 0 0 0 0 0 0 0 0 0 0 0 0 0 0 0 0 0 0 0 0 37 37 0 6 0 38 1
0 0 3 0 0 0 0 0 0 0 0 0 0 0 0 0 0 0 0 0 0 0 0 0 0 0 0 0 0 0 0 2 0 0 32 30 0 2 0 29 0
0 0 20 5 0 0 0 0 0 0 0 10 0 2 0 0 0 0 0 0 4 0 0 0 0 0 0 0 0 0 0 22 0 0 20 16 0 0 0 14 0
0 0 0 0 0 0 0 0 0 0 0 0 0 0 0 0 0 0 0 0 0 0 0 0 0 0 0 0 0 0 0 0 0 0 36 34 0 4 0 34 0
0 0 15 3 0 0 0 0 0 0 0 7 0 0 0 0 0 0 0 0 1 0 0 0 0 0 0 0 0 0 0 16 0 0 21 18 0 0 0 16 0
1 0 0 0 0 0 0 0 0 0 0 0 0 0 0 0 0 0 1 0 0 0 0 0 0 0 0 2 0 0 0 0 0 0 38 39 0 8 0 40 2
0 0 23 13 0 0 0 0 0 0 0 23 0 21 0 0 0 0 0 0 42 0 1 0 0 0 0 0 0 4 0 32 0 0 0 0 0 0 0 0 0
1 0 20 14 0 0 0 0 0 0 0 27 0 27 0 0 0 0 0 0 57 0 4 0 0 0 0 0 0 5 0 32 0 0 0 0 0 0 0 0 0
0 0 0 0 0 0 0 0 0 0 0 0 0 0 0 0 0 0 0 0 0 0 0 0 0 0 0 0 0 0 0 0 0 0 36 36 0 6 0 37 1
0 0 42 14 0 0 0 0 0 0 0 19 0 12 0 0 0 0 0 0 23 0 1 0 0 0 0 0 0 3 0 44 0 0 0 0 0 0 0 0 0
0 0 0 0 0 0 0 0 0 0 0 0 0 0 0 0 0 0 0 0 0 0 0 0 0 0 0 0 0 0 0 0 0 0 33 33 0 4 0 33 0
0 0 21 13 0 0 0 0 0 0 0 23 0 20 0 0 0 0 0 0 41 0 0 0 0 0 0 0 0 3 0 31 0 0 0 0 0 0 0 0 0
0 0 0 0 0 0 0 0 0 0 0 0 0 0 0 0 0 0 1 0 0 0 0 0 0 0 0 2 0 0 0 0 0 0 37 38 0 8 0 40 2
0 0 28 9 0 0 0 0 0 0 0 12 0 5 0 0 0 0 0 0 10 0 0 0 0 0 0 0 0 0 0 31 0 0 3 0 0 0 0 0 0
0 0 10 1 0 0 0 0 0 0 0 6 0 0 0 0 0 0 0 0 0 0 0 0 0 0 0 0 0 0 0 12 0 0 29 26 0 1 0 25 0
0 0 0 0 0 0 0 0 0 0 0 0 0 0 0 0 0 0 0 0 0 0 0 0 0 0 0 0 0 0 0 0 0 0 33 33 0 3 0 31 0
1 0 0 0 0 0 0 0 0 0 0 0 0 0 0 0 0 0 1 0 0 0 0 0 0 0 0 2 1 0 0 0 0 0 39 40 0 9 0 42 3
0 0 0 0 0 0 0 0 0 0 0 0 0 0 0 0 0 0 0 0 0 0 0 0 0 0 0 1 0 0 0 0 0 0 36 36 0 6 0 37 1
0 0 6 2 0 0 0 0 0 0 0 8 0 2 0 0 0 0 0 0 5 0 0 0 0 0 0 0 0 0 0 11 0 0 25 24 0 1 0 23 0
0 0 30 9 0 0 0 0 0 0 0 13 0 6 0 0 0 0 0 0 11 0 0 0 0 0 0 0 0 0 0 32 0 0 0 0 0 0 0 0 0
0 0 27 10 0 0 0 0 0 0 0 17 0 9 0 0 0 0 0 0 17 0 0 0 0 0 0 0 0 0 0 34 0 0 0 0 0 0 0 0 0
2 0 0 0 1 0 0 0 0 0 0 0 0 0 0 0 0 0 2 0 0 0 0 0 0 0 0 3 1 0 0 0 0 0 41 42 0 10 0 45 4
0 0 0 0 0 0 0 0 0 0 0 0 0 0 0 0 0 0 0 0 0 0 0 0 0 0 0 1 0 0 0 0 0 0 36 37 0 7 0 38 2
0 0 0 0 0 0 0 0 0 0 0 0 0 0 0 0 0 0 0 0 0 0 0 0 0 0 0 0 0 0 0 0 0 0 34 33 0 4 0 33 0
0 0 13 12 0 0 0 0 0 0 0 25 0 25 0 0 0 0 0 0 54 0 2 0 0 0 0 0 0 4 0 25 0 0 0 0 0 0 0 0 0
0 0 4 0 0 0 0 0 0 0 0 1 0 0 0 0 0 0 0 0 0 0 0 0 0 0 0 0 0 0 0 4 0 0 31 29 0 2 0 28 0
0 0 0 0 0 0 0 0 0 0 0 0 0 0 0 0 0 0 0 0 0 0 0 0 0 0 0 0 0 0 0 0 0 1 34 35 0 5 0 36 1
0 0 31 13 0 0 0 0 0 0 0 21 0 16 0 0 0 0 0 0 33 0 1 0 0 0 0 0 0 3 0 37 0 0 0 0 0 0 0 0 0
0 0 6 3 0 0 0 0 0 0 0 12 0 6 0 0 0 0 0 0 14 0 0 0 0 0 0 0 0 0 0 13 0 0 17 16 0 0 0 16 0
0 0 0 0 0 0 0 0 0 0 0 0 0 0 0 0 0 0 0 0 0 0 0 0 0 0 0 0 0 0 0 0 0 0 35 35 0 5 0 35 1
0 0 0 0 0 0 0 0 0 0 0 0 0 0 0 0 0 0 0 0 0 0 0 0 0 0 0 1 0 0 0 0 0 0 37 37 0 7 0 38 2
1 0 0 0 0 0 0 0 0 0 0 0 0 0 0 0 0 0 1 0 0 0 0 0 0 0 0 2 0 0 0 0 0 0 37 38 0 8 0 39 2
0 0 0 0 0 0 0 0 0 0 0 0 0 0 0 0 0 0 0 0 0 0 0 0 0 0 0 1 0 0 0 0 0 0 36 36 0 6 0 37 1
0 0 28 12 0 0 0 0 0 0 0 20 0 13 0 0 0 0 0 0 27 0 0 0 0 0 0 0 0 1 0 36 0 0 0 0 0 0 0 0 0
0 0 0 0 0 0 0 0 0 0 0 0 0 0 0 0 0 0 0 0 0 0 0 0 0 0 0 1 0 0 0 0 0 0 36 37 0 7 0 37 1
0 0 17 2 0 0 0 0 0 0 0 6 0 0 0 0 0 0 0 0 0 0 0 0 0 0 0 0 0 0 0 17 0 0 25 21 0 0 0 19 0
0 0 19 5 0 0 0 0 0 0 0 11 0 4 0 0 0 0 0 0 8 0 0 0 0 0 0 0 0 0 0 23 0 0 18 15 0 0 0 13 0
0 0 28 13 0 0 0 0 0 0 0 21 0 15 0 0 0 0 0 0 31 0 0 0 0 0 0 0 0 2 0 37 0 0 0 0 0 0 0 0 0
0 0 24 7 0 0 0 0 0 0 0 13 0 6 0 0 0 0 0 0 11 0 0 0 0 0 0 0 0 0 0 28 0 0 7 4 0 0 0 1 0
0 0 0 0 0 0 0 0 0 0 0 0 0 0 0 0 0 0 0 0 0 0 0 0 0 0 0 0 0 0 0 0 0 0 35 36 0 6 0 36 1
0 0 0 0 0 0 0 0 0 0 0 0 0 0 0 0 0 0 1 0 0 0 0 0 0 0 0 1 0 0 0 0 0 0 37 38 0 7 0 39 2
0 0 28 12 0 0 0 0 0 0 0 19 0 12 0 0 0 0 0 0 24 0 0 0 0 0 0 0 0 1 0 36 0 0 0 0 0 0 0 0 0
0 0 8 6 0 0 0 0 0 0 0 17 0 12 0 0 0 0 0 0 26 0 0 0 0 0 0 0 0 0 0 18 0 0 4 5 0 0 0 3 0
0 0 30 13 0 0 0 0 0 0 0 20 0 15 0 0 0 0 0 0 29 0 0 0 0 0 0 0 0 2 0 37 0 0 0 0 0 0 0 0 0
0 0 5 0 0 0 0 0 0 0 0 1 0 0 0 0 0 0 0 0 0 0 0 0 0 0 0 0 0 0 0 4 0 0 31 29 0 2 0 27 0
0 0 4 0 0 0 0 0 0 0 0 4 0 0 0 0 0 0 0 0 0 0 0 0 0 0 0 0 0 0 0 8 0 0 28 27 0 1 0 25 0
1 0 35 17 0 0 0 0 0 0 0 28 0 26 0 0 0 0 0 0 56 0 5 0 0 0 0 0 0 7 0 44 0 0 0 0 0 0 0 0 0
0 0 0 0 0 0 0 0 0 0 0 0 0 0 0 0 0 0 0 0 0 0 0 0 0 0 0 0 0 0 0 0 0 0 36 36 0 6 0 36 1
0 0 0 0 0 0 0 0 0 0 0 0 0 0 0 0 0 0 0 0 0 0 0 0 0 0 0 0 0 0 0 0 0 0 37 37 0 6 0 38 1
0 0 0 0 0 0 0 0 0 0 0 0 0 0 0 0 0 0 0 0 0 0 0 0 0 0 0 1 0 0 0 0 0 0 37 38 0 7 0 39 2
0 0 0 0 0 0 0 0 0 0 0 0 0 0 0 0 0 0 0 0 0 0 0 0 0 0 0 0 0 0 0 0 0 0 35 35 0 5 0 35 0
0 0 0 0 0 0 0 0 0 0 0 0 0 0 0 0 0 0 0 0 0 0 0 0 0 0 0 0 0 0 0 0 0 0 36 36 0 5 0 36 0
0 0 0 0 0 0 0 0 0 0 0 0 0 0 0 0 0 0 0 0 0 0 0 0 0 0 0 2 0 0 0 0 0 0 36 37 0 8 0 39 2
