0 0 0 0 5 0 0 0 0 0 0 0 0 0 0 0 0 0 0 0 0 0 0 0 7 0 0 0 0 0 0 0 0 0 4 30 0 0 6 0 2
0 0 0 0 16 0 0 0 0 8 0 0 0 0 0 0 0 0 0 0 0 0 4 0 3 0 0 0 0 0 0 0 0 0 27 18 0 0 5 0 17
0 0 0 0 0 0 0 0 0 0 0 0 0 0 0 0 0 0 0 0 0 0 0 0 10 0 0 0 0 0 0 0 0 0 0 37 0 0 6 0 0
8 0 2 0 2 0 0 0 0 4 0 0 0 0 0 0 0 0 0 0 0 0 1 0 0 0 0 0 0 0 7 4 0 0 17 0 0 0 0 17 9
23 0 2 0 0 0 0 0 0 0 0 0 0 0 1 0 1 0 0 0 0 0 0 0 0 0 0 0 0 0 20 21 0 0 0 0 0 3 0 29 0
17 0 1 0 0 0 0 0 0 0 0 0 0 0 0 0 0 0 0 0 0 0 0 0 0 0 0 0 0 0 14 16 0 0 0 0 0 1 0 26 0
0 0 0 0 17 0 0 0 0 9 0 0 0 0 0 0 0 0 0 0 0 0 4 0 3 0 0 1 0 0 0 0 0 0 30 17 0 0 5 0 19
0 0 0 0 0 0 0 0 0 0 0 0 0 0 0 0 0 0 0 0 0 0 0 0 5 0 0 0 0 0 0 4 0 0 0 23 0 0 3 0 0
2 0 1 0 4 0 0 0 0 4 0 0 0 0 0 0 0 0 0 0 0 0 1 0 0 0 0 0 0 0 2 0 0 0 16 0 0 0 0 7 8
8 0 2 0 4 0 0 0 0 6 0 0 0 0 1 0 0 0 0 0 0 0 2 0 0 0 0 0 0 0 7 2 0 0 21 0 0 0 0 16 12
22 0 2 0 0 0 0 0 0 0 0 0 0 0 0 0 1 0 0 0 0 0 0 0 0 0 0 0 0 0 19 21 0 0 0 0 0 2 0 29 0
6 0 2 0 4 0 0 0 0 5 0 0 0 0 0 0 0 0 0 0 0 0 2 0 0 0 0 0 0 0 6 2 0 0 20 0 0 0 0 15 11
0 0 0 0 12 0 0 0 0 4 0 0 0 0 0 0 0 0 0 0 0 0 3 0 7 0 0 0 0 0 0 0 0 0 17 28 0 0 8 0 10
0 0 0 0 15 0 0 0 0 9 0 0 0 0 0 0 0 0 0 0 0 0 4 0 0 0 0 0 0 0 0 0 0 0 30 10 0 0 3 0 19
7 0 2 0 3 0 0 0 0 5 0 0 0 0 0 0 0 0 0 0 0 0 2 0 0 0 0 0 0 0 7 2 0 0 20 0 0 0 0 14 12
13 0 0 0 0 0 0 0 0 0 0 0 0 0 0 0 0 0 0 0 0 0 0 0 5 0 0 0 0 0 8 20 0 0 0 22 0 1 1 13 0
0 0 0 0 9 0 0 0 0 6 0 0 0 0 0 0 0 0 0 0 0 0 4 0 0 0 0 0 0 0 0 0 0 0 24 0 0 0 0 0 14
0 0 0 0 6 0 0 0 0 0 0 0 0 0 0 0 0 0 0 0 0 0 0 0 11 0 0 0 0 0 0 0 0 0 0 38 0 0 9 0 0
0 0 0 0 9 0 0 0 0 5 0 0 0 0 0 0 0 0 0 0 0 0 3 0 0 0 0 0 0 0 0 0 0 0 21 9 0 0 1 0 13
0 0 1 0 15 0 0 0 0 11 0 0 0 0 0 0 0 0 0 0 0 0 5 0 0 0 0 0 0 0 0 0 0 0 34 0 0 0 1 0 22
0 0 1 0 11 0 0 0 0 8 0 0 0 0 0 0 0 0 0 0 0 0 4 0 0 0 0 0 0 0 0 0 0 0 29 1 0 0 0 0 18
0 0 2 0 13 0 0 0 0 12 0 0 0 0 0 0 0 0 0 0 0 0 5 0 0 0 0 0 0 0 0 0 0 0 38 0 0 0 0 0 25
12 0 3 0 2 0 0 0 0 5 0 0 0 0 1 0 0 0 0 0 0 0 2 0 0 0 0 0 0 0 10 5 0 0 18 0 0 0 0 21 10
0 0 1 0 19 0 0 0 0 12 0 0 0 0 0 0 0 0 0 0 0 0 5 0 0 0 0 1 0 0 0 0 0 0 37 7 0 0 2 0 25
22 0 2 0 0 0 0 0 0 0 0 0 0 0 0 0 1 0 0 0 0 0 0 0 0 0 0 0 0 0 19 21 0 0 0 0 0 2 0 28 0
1 0 2 0 7 0 0 0 0 8 0 0 0 0 0 0 0 0 0 0 0 0 3 0 0 0 0 0 0 0 1 0 0 0 28 0 0 0 0 7 17
18 0 0 0 0 0 0 0 0 0 0 0 0 0 0 0 1 0 0 0 0 0 0 0 0 0 0 0 0 0 15 21 0 0 0 2 0 2 0 25 0
21 0 1 0 0 0 0 0 0 0 0 0 0 0 0 0 0 0 0 0 0 0 0 0 0 0 0 0 0 0 18 22 0 0 0 0 0 2 0 29 0
0 0 1 0 13 0 0 0 0 9 0 0 0 0 0 0 0 0 0 0 0 0 4 0 0 0 0 0 0 0 0 0 0 0 31 0 0 0 0 0 20
17 0 0 0 0 0 0 0 0 0 0 0 0 0 0 0 0 0 0 0 0 0 0 0 0 0 0 0 0 0 13 18 0 0 0 0 0 1 0 24 0
4 0 0 0 0 0 0 0 0 0 0 0 0 0 0 0 1 0 0 0 0 0 0 0 4 0 0 0 0 0 2 10 0 0 0 17 0 0 1 7 0
0 0 0 0 16 0 0 0 0 10 0 0 0 0 0 0 0 0 0 0 0 0 5 0 0 0 0 0 0 0 0 0 0 0 31 9 0 0 3 0 20
20 0 3 0 0 0 0 0 0 0 0 0 0 0 2 0 1 0 0 0 0 0 0 0 0 0 0 0 0 0 18 15 0 0 0 0 0 2 0 30 0
0 0 0 0 5 0 0 0 0 1 0 0 0 0 0 0 0 0 0 0 0 0 1 0 4 0 0 0 0 0 0 0 0 0 8 19 0 0 4 0 4
13 0 0 0 0 0 0 0 0 0 0 0 0 0 0 0 0 0 0 0 0 0 0 0 2 0 0 0 0 0 9 17 0 0 0 13 0 1 0 17 0
20 0 0 0 0 0 0 0 0 0 0 0 0 0 0 0 1 0 0 0 0 0 0 0 0 0 0 0 0 0 15 22 0 0 0 4 0 2 0 25 0
0 0 0 0 1 0 0 0 0 0 0 0 0 0 0 0 0 0 0 0 0 0 0 0 9 0 0 0 0 0 0 0 0 0 0 36 0 0 7 0 0
0 0 0 0 7 0 0 0 0 2 0 0 0 0 0 0 0 0 0 0 0 0 1 0 4 0 0 0 0 0 0 0 0 0 10 22 0 0 4 0 5
0 0 3 0 16 0 0 0 0 15 0 0 0 0 0 0 0 0 0 0 0 0 5 0 0 0 0 0 0 0 0 0 0 0 42 0 0 0 0 0 29
0 0 1 0 10 0 0 0 0 8 0 0 0 0 0 0 0 0 0 0 0 0 4 0 0 0 0 0 0 0 0 0 0 0 28 0 0 0 0 0 17
22 0 3 0 0 0 0 0 0 0 0 0 0 0 1 0 1 0 0 0 0 0 0 0 0 0 0 0 0 0 19 21 0 0 0 0 0 3 0 27 0
16 0 1 0 0 0 0 0 0 0 0 0 0 0 0 0 0 0 0 0 0 0 0 0 0 0 0 0 0 0 14 16 0 0 0 0 0 1 0 26 0
1 0 3 0 8 0 0 0 0 9 0 0 0 0 1 0 0 0 0 0 0 0 4 0 0 0 0 0 0 0 1 0 0 0 30 0 0 0 0 6 19
0 0 0 0 12 0 0 0 0 3 0 0 0 0 0 0 0 0 0 0 0 0 2 0 10 0 0 0 0 0 0 0 0 0 13 37 1 0 11 0 7
21 0 1 0 0 0 0 0 0 0 0 0 0 0 0 0 1 0 0 0 0 0 0 0 0 0 0 0 0 0 17 22 0 0 0 1 0 2 0 26 0
21 0 2 0 0 0 0 0 0 0 0 0 0 0 1 0 1 0 0 0 0 0 0 0 0 0 0 0 0 0 18 20 0 0 0 0 0 2 0 26 0
2 0 0 0 0 0 0 0 0 0 0 0 0 0 0 0 0 0 0 0 0 0 0 0 6 0 0 0 0 0 0 10 0 0 0 29 0 0 3 0 0
16 0 3 0 0 0 0 0 0 1 0 0 0 0 1 0 0 0 0 0 0 0 1 0 0 0 0 0 0 0 14 11 0 0 7 0 0 0 0 26 3
18 0 2 0 0 0 0 0 0 0 0 0 0 0 0 0 0 0 0 0 0 0 0 0 0 0 0 0 0 0 15 16 0 0 0 0 0 1 0 28 0
21 0 1 0 0 0 0 0 0 0 0 0 0 0 0 0 1 0 0 0 0 0 0 0 0 0 0 0 0 0 18 23 0 0 0 0 0 2 0 27 0
0 0 2 0 10 0 0 0 0 11 0 0 0 0 0 0 0 0 0 0 0 0 4 0 0 0 0 0 0 0 0 0 0 0 33 0 0 0 0 2 21
10 0 0 0 0 0 0 0 0 0 0 0 0 0 0 0 0 0 0 0 0 0 0 0 0 0 0 0 0 0 8 10 0 0 1 0 0 0 0 18 0
21 0 1 0 0 0 0 0 0 0 0 0 0 0 0 0 1 0 0 0 0 0 0 0 0 0 0 0 0 0 17 22 0 0 0 0 0 2 0 28 0
16 0 0 0 0 0 0 0 0 0 0 0 0 0 0 0 0 0 0 0 0 0 0 0 1 0 0 0 0 0 11 20 0 0 0 9 0 1 0 21 0
9 0 2 0 3 0 0 0 0 5 0 0 0 0 1 0 0 0 0 0 0 0 2 0 0 0 0 0 0 0 8 3 0 0 18 0 0 0 0 17 10
22 0 1 0 0 0 0 0 0 0 0 0 0 0 0 0 1 0 0 0 0 0 0 0 0 0 0 0 0 0 19 22 0 0 0 0 0 2 0 29 0
20 0 0 0 0 0 0 0 0 0 0 0 0 0 0 0 1 0 0 0 0 0 0 0 0 0 0 0 0 0 16 22 0 0 0 1 0 2 0 27 0
19 0 0 0 0 0 0 0 0 0 0 0 0 0 0 0 0 0 0 0 0 0 0 0 0 0 0 0 0 0 15 21 0 0 0 5 0 2 0 24 0
22 0 2 0 0 0 0 0 0 0 0 0 0 0 1 0 1 0 0 0 0 0 0 0 0 0 0 0 0 0 19 21 0 0 0 0 0 2 0 28 0
20 0 2 0 0 0 0 0 0 0 0 0 0 0 1 0 1 0 0 0 0 0 0 0 0 0 0 0 0 0 18 18 0 0 0 0 0 1 0 29 0
0 0 0 0 6 0 0 0 0 2 0 0 0 0 0 0 0 0 0 0 0 0 1 0 3 0 0 0 0 0 0 0 0 0 11 17 0 0 3 0 6
20 0 1 0 0 0 0 0 0 0 0 0 0 0 0 0 1 0 0 0 0 0 0 0 0 0 0 0 0 0 18 20 0 0 0 0 0 2 0 28 0
0 0 0 0 12 0 0 0 0 5 0 0 0 0 0 0 0 0 0 0 0 0 3 0 3 0 0 0 0 0 0 0 0 0 20 19 0 0 5 0 12
6 0 1 0 3 0 0 0 0 4 0 0 0 0 0 0 0 0 0 0 0 0 1 0 0 0 0 0 0 0 5 3 0 0 16 0 0 0 0 13 9
0 0 0 0 0 0 0 0 0 0 0 0 0 0 0 0 0 0 0 0 0 0 0 0 6 0 0 0 0 0 0 6 0 0 0 29 0 0 3 0 0
5 0 3 0 7 0 0 0 0 8 0 0 0 0 1 0 0 0 0 0 0 0 3 0 0 0 0 0 0 0 5 0 0 0 27 0 0 0 0 11 17
0 0 0 0 14 0 0 0 0 8 0 0 0 0 0 0 0 0 0 0 0 0 4 0 2 0 0 0 0 0 0 0 0 0 27 15 0 0 4 0 17
20 0 0 0 0 0 0 0 0 0 0 0 0 0 0 0 1 0 0 0 0 0 0 0 0 0 0 0 0 0 17 22 0 0 0 0 0 2 0 26 0
1 0 3 0 7 0 0 0 0 8 0 0 0 0 0 0 0 0 0 0 0 0 3 0 0 0 0 0 0 0 2 0 0 0 29 0 0 0 0 6 18
13 0 2 0 0 0 0 0 0 1 0 0 0 0 1 0 0 0 0 0 0 0 1 0 0 0 0 0 0 0 11 9 0 0 7 0 0 0 0 21 3
6 0 0 0 0 0 0 0 0 0 0 0 0 0 0 0 0 0 0 0 0 0 0 0 6 0 0 0 0 0 1 14 0 0 0 28 0 0 2 5 0
19 0 2 0 0 0 0 0 0 0 0 0 0 0 1 0 0 0 0 0 0 0 0 0 0 0 0 0 0 0 15 15 0 0 0 0 0 1 0 28 0
18 0 1 0 0 0 0 0 0 0 0 0 0 0 0 0 1 0 0 0 0 0 0 0 0 0 0 0 0 0 15 18 0 0 0 0 0 1 0 26 0
18 0 2 0 0 0 0 0 0 0 0 0 0 0 0 0 0 0 0 0 0 0 0 0 0 0 0 0 0 0 15 17 0 0 0 0 0 1 0 29 0
0 0 0 0 1 0 0 0 0 0 0 0 0 0 0 0 0 0 0 0 0 0 0 0 2 0 0 0 0 0 0 2 0 0 4 12 0 0 1 1 1
10 0 0 0 0 0 0 0 0 0 0 0 0 0 0 0 0 0 0 0 0 0 0 0 4 0 0 0 0 0 6 16 0 0 0 21 0 1 1 11 0
0 0 0 0 2 0 0 0 0 0 0 0 0 0 0 0 0 0 0 0 0 0 0 0 4 0 0 0 0 0 0 0 0 0 3 21 0 0 3 0 1
0 0 0 0 10 0 0 0 0 3 0 0 0 0 0 0 0 0 0 0 0 0 2 0 6 0 0 0 0 0 0 0 0 0 15 26 0 0 7 0 9
11 0 1 0 0 0 0 0 0 1 0 0 0 0 0 0 0 0 0 0 0 0 1 0 0 0 0 0 0 0 9 9 0 0 8 0 0 0 0 21 4
19 0 1 0 0 0 0 0 0 0 0 0 0 0 0 0 1 0 0 0 0 0 0 0 0 0 0 0 0 0 16 20 0 0 0 0 0 2 0 26 0
6 0 0 0 0 0 0 0 0 0 0 0 0 0 0 0 0 0 0 0 0 0 0 0 0 0 0 0 0 0 4 6 0 0 3 3 0 0 0 11 0
20 0 1 0 0 0 0 0 0 0 0 0 0 0 0 0 1 0 0 0 0 0 0 0 0 0 0 0 0 0 16 21 0 0 0 1 0 2 0 25 0
18 0 3 0 0 0 0 0 0 0 0 0 0 0 2 0 0 0 0 0 0 0 0 0 0 0 0 0 0 0 16 12 0 0 5 0 0 1 0 28 2
19 0 2 0 0 0 0 0 0 0 0 0 0 0 1 0 0 0 0 0 0 0 0 0 0 0 0 0 0 0 16 16 0 0 0 0 0 1 0 29 0
0 0 0 0 14 0 0 0 0 6 0 0 0 0 0 0 0 0 0 0 0 0 3 0 7 0 0 0 0 0 0 0 0 0 22 27 0 0 8 0 14
20 0 0 0 0 0 0 0 0 0 0 0 0 0 0 0 1 0 0 0 0 0 0 0 0 0 0 0 0 0 16 22 0 0 0 0 0 2 0 26 0
22 0 1 0 0 0 0 0 0 0 0 0 0 0 0 0 1 0 0 0 0 0 0 0 0 0 0 0 0 0 18 23 0 0 0 0 0 2 0 28 0
3 0 2 0 6 0 0 0 0 6 0 0 0 0 0 0 0 0 0 0 0 0 2 0 0 0 0 0 0 0 3 0 0 0 24 0 0 0 0 8 14
19 0 0 0 0 0 0 0 0 0 0 0 0 0 0 0 1 0 0 0 0 0 0 0 0 0 0 0 0 0 15 22 0 0 0 3 0 2 0 25 0
7 0 0 0 0 0 0 0 0 0 0 0 0 0 0 0 0 0 0 0 0 0 0 0 5 0 0 0 0 0 3 14 0 0 0 24 0 0 2 7 0
22 0 1 0 0 0 0 0 0 0 0 0 0 0 0 0 0 0 0 0 0 0 0 0 0 0 0 0 0 0 18 21 0 0 0 0 0 2 0 28 0
0 0 0 0 15 0 0 0 0 8 0 0 0 0 0 0 0 0 0 0 0 0 4 0 3 0 0 0 0 0 0 0 0 0 26 16 0 0 5 0 17
0 0 0 0 10 0 0 0 0 4 0 0 0 0 0 0 0 0 0 0 0 0 2 0 5 0 0 0 0 0 0 0 0 0 17 21 0 0 5 0 10
23 0 3 0 0 0 0 0 0 0 0 0 0 0 1 0 0 0 0 0 0 0 0 0 0 0 0 0 0 0 20 18 0 0 0 0 0 2 0 31 0
8 0 1 0 3 0 0 0 0 3 0 0 0 0 0 0 0 0 0 0 0 0 2 0 0 0 0 0 0 0 7 5 0 0 13 0 0 0 0 16 7
0 0 0 0 12 0 0 0 0 6 0 0 0 0 0 0 0 0 0 0 0 0 3 0 2 0 0 0 0 0 0 0 0 0 23 14 0 0 3 0 14
0 0 2 0 8 0 0 0 0 8 0 0 0 0 0 0 0 0 0 0 0 0 3 0 0 0 0 0 0 0 0 0 0 0 27 0 0 0 0 4 17
0 0 0 0 1 0 0 0 0 0 0 0 0 0 0 0 0 0 0 0 0 0 0 0 12 0 0 0 0 0 0 0 0 0 0 40 0 0 7 0 0
22 0 2 0 0 0 0 0 0 0 0 0 0 0 1 0 1 0 0 0 0 0 0 0 0 0 0 0 0 0 19 18 0 0 0 0 0 2 0 29 0
15 0 0 0 0 0 0 0 0 0 0 0 0 0 0 0 0 0 0 0 0 0 0 0 0 0 0 0 0 0 12 17 0 0 0 3 0 1 0 22 0
0 0 0 0 22 0 0 0 0 13 0 0 0 0 0 0 0 0 0 0 0 0 6 0 2 0 0 1 0 0 0 0 0 0 40 14 0 0 5 0 27
0 0 0 0 1 0 0 0 0 0 0 0 0 0 0 0 0 0 0 0 0 0 0 0 2 0 0 0 0 0 0 2 0 0 2 13 0 0 1 1 0
20 0 2 0 0 0 0 0 0 0 0 0 0 0 0 0 1 0 0 0 0 0 0 0 0 0 0 0 0 0 17 19 0 0 0 0 0 2 0 30 0
0 0 0 0 11 0 0 0 0 6 0 0 0 0 0 0 0 0 0 0 0 0 4 0 1 0 0 0 0 0 0 0 0 0 23 11 0 0 3 0 14
0 0 0 0 19 0 0 0 0 10 0 0 0 0 0 0 0 0 0 0 0 0 5 0 4 0 0 1 0 0 0 0 0 0 33 20 0 0 7 0 22
0 0 3 0 17 0 0 0 0 16 0 0 0 0 0 0 0 0 0 0 0 0 6 0 0 0 0 0 0 0 0 0 0 0 44 0 0 0 0 0 30
0 0 0 0 0 0 0 0 0 0 0 0 0 0 0 0 0 0 0 0 0 0 0 0 7 0 0 0 0 0 0 6 0 0 0 31 0 0 3 0 0
9 0 2 0 4 0 0 0 0 6 0 0 0 0 1 0 0 0 0 0 0 0 2 0 0 0 0 0 0 0 8 2 0 0 21 0 0 0 0 17 12
0 0 0 0 14 0 0 0 0 7 0 0 0 0 0 0 0 0 0 0 0 0 4 0 2 0 0 0 0 0 0 0 0 0 26 14 0 0 4 0 16
22 0 2 0 0 0 0 0 0 0 0 0 0 0 0 0 1 0 0 0 0 0 0 0 0 0 0 0 0 0 19 21 0 0 0 0 0 2 0 29 0
19 0 0 0 0 0 0 0 0 0 0 0 0 0 0 0 0 0 0 0 0 0 0 0 0 0 0 0 0 0 15 20 0 0 0 0 0 1 0 26 0
22 0 2 0 0 0 0 0 0 0 0 0 0 0 1 0 1 0 0 0 0 0 0 0 0 0 0 0 0 0 19 21 0 0 0 0 0 2 0 29 0
11 0 0 0 0 0 0 0 0 0 0 0 0 0 0 0 0 0 0 0 0 0 0 0 2 0 0 0 0 0 8 16 0 0 0 12 0 1 0 16 0
20 0 2 0 0 0 0 0 0 0 0 0 0 0 0 0 0 0 0 0 0 0 0 0 0 0 0 0 0 0 17 17 0 0 0 0 0 1 0 30 0
0 0 1 0 10 0 0 0 0 7 0 0 0 0 0 0 0 0 0 0 0 0 4 0 0 0 0 0 0 0 0 0 0 0 28 0 0 0 0 0 17
17 0 0 0 0 0 0 0 0 0 0 0 0 0 0 0 0 0 0 0 0 0 0 0 1 0 0 0 0 0 13 20 0 0 0 6 0 2 0 22 0
18 0 1 0 0 0 0 0 0 0 0 0 0 0 0 0 0 0 0 0 0 0 0 0 0 0 0 0 0 0 15 18 0 0 0 0 0 1 0 26 0
7 0 0 0 0 0 0 0 0 0 0 0 0 0 0 0 0 0 0 0 0 0 0 0 5 0 0 0 0 0 3 13 0 0 0 23 0 0 1 7 0
3 0 0 0 1 0 0 0 0 1 0 0 0 0 0 0 0 0 0 0 0 0 0 0 0 0 0 0 0 0 1 4 0 0 6 5 0 0 0 7 2
18 0 3 0 0 0 0 0 0 0 0 0 0 0 1 0 0 0 0 0 0 0 0 0 0 0 0 0 0 0 15 12 0 0 2 0 0 1 0 27 1
0 0 0 0 14 0 0 0 0 5 0 0 0 0 0 0 0 0 0 0 0 0 3 0 6 0 0 0 0 0 0 0 0 0 21 25 0 0 8 0 13
21 0 1 0 0 0 0 0 0 0 0 0 0 0 0 0 1 0 0 0 0 0 0 0 0 0 0 0 0 0 18 22 0 0 0 0 0 2 0 28 0
20 0 2 0 0 0 0 0 0 0 0 0 0 0 1 0 1 0 0 0 0 0 0 0 0 0 0 0 0 0 18 18 0 0 0 0 0 2 0 27 0
0 0 2 0 9 0 0 0 0 9 0 0 0 0 0 0 0 0 0 0 0 0 3 0 0 0 0 0 0 0 0 0 0 0 30 0 0 0 0 3 19
0 0 0 0 12 0 0 0 0 4 0 0 0 0 0 0 0 0 0 0 0 0 2 0 8 0 0 0 0 0 0 0 0 0 15 31 0 0 9 0 9
20 0 2 0 0 0 0 0 0 0 0 0 0 0 0 0 1 0 0 0 0 0 0 0 0 0 0 0 0 0 17 21 0 0 0 0 0 2 0 27 0
0 0 3 0 10 0 0 0 0 10 0 0 0 0 0 0 0 0 0 0 0 0 4 0 0 0 0 0 0 0 0 0 0 0 33 0 0 0 0 0 21
0 0 0 0 6 0 0 0 0 4 0 0 0 0 0 0 0 0 0 0 0 0 2 0 0 0 0 0 0 0 0 0 0 0 17 3 0 0 0 0 9
0 0 0 0 7 0 0 0 0 0 0 0 0 0 0 0 0 0 0 0 0 0 1 0 10 0 0 0 0 0 0 0 0 0 4 36 0 0 8 0 1
0 0 3 0 14 0 0 0 0 13 0 0 0 0 0 0 0 0 0 0 0 0 5 0 0 0 0 0 0 0 0 0 0 0 39 0 0 0 0 0 26
0 0 0 0 6 0 0 0 0 1 0 0 0 0 0 0 0 0 0 0 0 0 1 0 7 0 0 0 0 0 0 0 0 0 5 30 0 0 6 0 2
0 0 0 0 9 0 0 0 0 4 0 0 0 0 0 0 0 0 0 0 0 0 2 0 2 0 0 0 0 0 0 0 0 0 18 14 0 0 2 0 10
8 0 0 0 0 0 0 0 0 0 0 0 0 0 0 0 0 0 0 0 0 0 0 0 1 0 0 0 0 0 6 13 0 0 0 12 0 0 0 14 0
0 0 0 0 12 0 0 0 0 4 0 0 0 0 0 0 0 0 0 0 0 0 2 0 7 0 0 0 0 0 0 0 0 0 18 27 0 0 8 0 11
21 0 1 0 0 0 0 0 0 0 0 0 0 0 0 0 1 0 0 0 0 0 0 0 0 0 0 0 0 0 18 21 0 0 0 0 0 2 0 29 0
22 0 2 0 0 0 0 0 0 0 0 0 0 0 1 0 1 0 0 0 0 0 0 0 0 0 0 0 0 0 19 21 0 0 0 0 0 2 0 28 0
0 0 0 0 5 0 0 0 0 4 0 0 0 0 0 0 0 0 0 0 0 0 2 0 0 0 0 0 0 0 0 0 0 0 17 2 0 0 0 2 9
0 0 0 0 14 0 0 0 0 8 0 0 0 0 0 0 0 0 0 0 0 0 4 0 1 0 0 0 0 0 0 0 0 0 27 13 0 0 3 0 17
0 0 3 0 16 0 0 0 0 14 0 0 0 0 0 1 0 0 0 0 0 0 5 0 0 0 0 0 0 0 0 0 0 0 40 0 0 0 0 0 27
0 0 2 0 15 0 0 0 0 12 0 0 0 0 0 0 0 0 0 0 0 0 5 0 0 0 0 0 0 0 0 0 0 0 36 0 0 0 0 0 24
19 0 3 0 0 0 0 0 0 0 0 0 0 0 1 0 0 0 0 0 0 0 0 0 0 0 0 0 0 0 17 15 0 0 0 0 0 1 0 29 0
18 0 2 0 0 0 0 0 0 0 0 0 0 0 0 0 1 0 0 0 0 0 0 0 0 0 0 0 0 0 15 16 0 0 0 0 0 1 0 28 0
17 0 2 0 0 0 0 0 0 0 0 0 0 0 1 0 0 0 0 0 0 0 0 0 0 0 0 0 0 0 15 12 0 0 4 0 0 1 0 27 1
14 0 2 0 0 0 0 0 0 2 0 0 0 0 1 0 0 0 0 0 0 0 1 0 0 0 0 0 0 0 12 8 0 0 12 0 0 0 0 23 6
2 0 3 0 8 0 0 0 0 10 0 0 0 0 1 0 0 0 0 0 0 0 4 0 0 0 0 0 0 0 3 0 0 0 31 0 0 0 0 8 20
0 0 0 0 11 0 0 0 0 5 0 0 0 0 0 0 0 0 0 0 0 0 3 0 2 0 0 0 0 0 0 0 0 0 20 15 0 0 4 0 12
7 0 2 0 3 0 0 0 0 4 0 0 0 0 0 0 0 0 0 0 0 0 2 0 0 0 0 0 0 0 6 2 0 0 16 0 0 0 0 14 9
9 0 2 0 3 0 0 0 0 5 0 0 0 0 1 0 0 0 0 0 0 0 2 0 0 0 0 0 0 0 8 3 0 0 19 0 0 0 0 17 11
0 0 0 0 9 0 0 0 0 4 0 0 0 0 0 0 0 0 0 0 0 0 2 0 2 0 0 0 0 0 0 0 0 0 18 14 0 0 3 0 10
17 0 2 0 0 0 0 0 0 0 0 0 0 0 0 0 0 0 0 0 0 0 0 0 0 0 0 0 0 0 14 15 0 0 0 0 0 0 0 27 0
14 0 3 0 0 0 0 0 0 3 0 0 0 0 1 0 0 0 0 0 0 0 1 0 0 0 0 0 0 0 12 8 0 0 12 0 0 0 0 23 6
0 0 0 0 13 0 0 0 0 3 0 0 0 0 0 0 0 0 0 0 0 0 2 0 11 0 0 0 0 0 0 0 0 0 15 40 1 0 12 0 8
18 0 0 0 0 0 0 0 0 0 0 0 0 0 0 0 1 0 0 0 0 0 0 0 0 0 0 0 0 0 15 21 0 0 0 4 0 2 0 24 0
2 0 0 0 0 0 0 0 0 0 0 0 0 0 0 0 0 0 0 0 0 0 0 0 6 0 0 0 0 0 0 10 0 0 0 27 0 0 2 2 0
10 0 1 0 0 0 0 0 0 1 0 0 0 0 0 0 0 0 0 0 0 0 1 0 0 0 0 0 0 0 8 8 0 0 9 0 0 0 0 18 4
21 0 1 0 0 0 0 0 0 0 0 0 0 0 0 0 1 0 0 0 0 0 0 0 0 0 0 0 0 0 18 20 0 0 0 0 0 2 0 30 0
0 0 0 0 21 0 0 0 0 12 0 0 0 0 0 1 0 0 0 0 0 0 5 0 4 0 0 1 0 0 0 0 0 0 36 19 0 0 7 0 24
0 0 0 0 13 0 0 0 0 7 0 0 0 0 0 0 0 0 0 0 0 0 4 0 0 0 0 0 0 0 0 0 0 0 27 9 0 0 3 0 17
23 0 2 0 0 0 0 0 0 0 0 0 0 0 1 0 1 0 0 0 0 0 0 0 0 0 0 0 0 0 20 21 0 0 0 0 0 3 0 30 0
20 0 2 0 0 0 0 0 0 0 0 0 0 0 0 0 1 0 0 0 0 0 0 0 0 0 0 0 0 0 17 18 0 0 0 0 0 2 0 30 0
0 0 0 0 21 0 0 0 0 13 0 0 0 0 0 0 0 0 0 0 0 0 6 0 2 0 0 1 0 0 0 0 0 0 39 13 0 0 5 0 26
0 0 0 0 15 0 0 0 0 7 0 0 0 0 0 0 0 0 0 0 0 0 4 0 4 0 0 0 0 0 0 0 0 0 26 20 0 0 6 0 17
0 0 0 0 15 0 0 0 0 9 0 0 0 0 0 0 0 0 0 0 0 0 4 0 1 0 0 1 0 0 0 0 0 0 30 10 0 0 3 0 19
17 0 1 0 0 0 0 0 0 0 0 0 0 0 0 0 1 0 0 0 0 0 0 0 0 0 0 0 0 0 15 15 0 0 0 0 0 1 0 26 0
21 0 1 0 0 0 0 0 0 0 0 0 0 0 0 0 1 0 0 0 0 0 0 0 0 0 0 0 0 0 18 22 0 0 0 0 0 2 0 27 0
12 0 0 0 0 0 0 0 0 0 0 0 0 0 0 0 0 0 0 0 0 0 0 0 1 0 0 0 0 0 9 16 0 0 0 10 0 1 0 17 0
19 0 2 0 0 0 0 0 0 0 0 0 0 0 0 0 0 0 0 0 0 0 0 0 0 0 0 0 0 0 16 15 0 0 0 0 0 1 0 28 0
0 0 1 0 15 0 0 0 0 10 0 0 0 0 0 0 0 0 0 0 0 0 5 0 0 0 0 0 0 0 0 0 0 0 33 3 0 0 1 0 22
18 0 0 0 0 0 0 0 0 0 0 0 0 0 0 0 0 0 0 0 0 0 0 0 2 0 0 0 0 0 13 23 0 0 0 12 0 2 0 22 0
17 0 1 0 0 0 0 0 0 0 0 0 0 0 0 0 0 0 0 0 0 0 0 0 0 0 0 0 0 0 14 17 0 0 0 0 0 1 0 26 0
12 0 0 0 0 0 0 0 0 0 0 0 0 0 0 0 0 0 0 0 0 0 0 0 2 0 0 0 0 0 9 16 0 0 0 11 0 1 0 15 0
0 0 0 0 9 0 0 0 0 1 0 0 0 0 0 0 0 0 0 0 0 0 1 0 10 0 0 0 0 0 0 0 0 0 5 37 0 0 10 0 2
11 0 0 0 0 0 0 0 0 0 0 0 0 0 0 0 0 0 0 0 0 0 0 0 2 0 0 0 0 0 8 15 0 0 0 14 0 0 0 15 0
12 0 1 0 0 0 0 0 0 0 0 0 0 0 0 0 0 0 0 0 0 0 0 0 0 0 0 0 0 0 10 9 0 0 7 0 0 0 0 20 3
0 0 3 0 15 0 0 0 0 14 0 0 0 0 0 0 0 0 0 0 0 0 5 0 0 0 0 0 0 0 0 0 0 0 40 0 0 0 0 0 27
14 0 1 0 0 0 0 0 0 0 0 0 0 0 0 0 0 0 0 0 0 0 0 0 0 0 0 0 0 0 12 12 0 0 2 0 0 0 0 23 0
0 0 0 0 14 0 0 0 0 8 0 0 0 0 0 0 0 0 0 0 0 0 4 0 2 0 0 0 0 0 0 0 0 0 26 14 0 0 4 0 17
3 0 0 0 0 0 0 0 0 0 0 0 0 0 0 0 0 0 0 0 0 0 0 0 9 0 0 0 0 0 0 12 0 0 0 33 0 0 3 0 0
1 0 1 0 6 0 0 0 0 6 0 0 0 0 0 0 0 0 0 0 0 0 3 0 0 0 0 0 0 0 1 0 0 0 24 0 0 0 0 6 14
21 0 2 0 0 0 0 0 0 0 0 0 0 0 1 0 1 0 0 0 0 0 0 0 0 0 0 0 0 0 19 20 0 0 0 0 0 2 0 29 0
18 0 1 0 0 0 0 0 0 0 0 0 0 0 0 0 1 0 0 0 0 0 0 0 0 0 0 0 0 0 15 19 0 0 0 0 0 1 0 26 0
0 0 1 0 11 0 0 0 0 8 0 0 0 0 0 0 0 0 0 0 0 0 4 0 0 0 0 0 0 0 0 0 0 0 28 0 0 0 1 0 17
0 0 0 0 14 0 0 0 0 7 0 0 0 0 0 0 0 0 0 0 0 0 4 0 2 0 0 0 0 0 0 0 0 0 24 16 0 0 4 0 15
20 0 1 0 0 0 0 0 0 0 0 0 0 0 0 0 1 0 0 0 0 0 0 0 0 0 0 0 0 0 16 22 0 0 0 1 0 2 0 26 0
14 0 0 0 0 0 0 0 0 0 0 0 0 0 0 1 0 0 0 0 0 0 0 0 4 0 0 0 0 0 10 20 0 0 0 16 0 1 0 16 0
23 0 1 0 0 0 0 0 0 0 0 0 0 0 0 0 1 0 0 0 0 0 0 0 0 0 0 0 0 0 19 24 0 0 0 0 0 2 0 28 0
0 0 2 0 11 0 0 0 0 10 0 0 0 0 0 0 0 0 0 0 0 0 4 0 0 0 0 0 0 0 0 0 0 0 33 0 0 0 0 0 21
19 0 1 0 0 0 0 0 0 0 0 0 0 0 0 0 1 0 0 0 0 0 0 0 0 0 0 0 0 0 16 20 0 0 0 0 0 2 0 25 0
19 0 1 0 0 0 0 0 0 0 0 0 0 0 0 0 1 0 0 0 0 0 0 0 0 0 0 0 0 0 17 19 0 0 0 0 0 1 0 29 0
3 0 0 0 0 0 0 0 0 0 0 0 0 0 0 0 0 0 0 0 0 0 0 0 4 0 0 0 0 0 0 8 0 0 0 20 0 0 2 4 0
20 0 1 0 0 0 0 0 0 0 0 0 0 0 0 0 1 0 0 0 0 0 0 0 0 0 0 0 0 0 17 22 0 0 0 0 0 2 0 27 0
0 0 0 0 2 0 0 0 0 0 0 0 0 0 0 0 0 0 0 0 0 0 1 0 3 0 0 0 0 0 0 0 0 0 3 18 0 0 2 0 0
16 0 2 0 0 0 0 0 0 0 0 0 0 0 1 0 0 0 0 0 0 0 0 0 0 0 0 0 0 0 14 12 0 0 4 0 0 0 0 26 1
21 0 2 0 0 0 0 0 0 0 0 0 0 0 0 0 0 0 0 0 0 0 0 0 0 0 0 0 0 0 18 19 0 0 0 0 0 2 0 30 0
0 0 0 0 0 0 0 0 0 0 0 0 0 0 0 0 0 0 0 0 0 0 0 0 10 0 0 0 0 0 0 0 0 0 0 37 1 0 7 0 0
13 0 1 0 0 0 0 0 0 1 0 0 0 0 0 0 0 0 0 0 0 0 1 0 0 0 0 0 0 0 11 10 0 0 8 0 0 0 0 23 3
22 0 2 0 0 0 0 0 0 0 0 0 0 0 0 0 1 0 0 0 0 0 0 0 0 0 0 0 0 0 18 20 0 0 0 0 0 2 0 30 0
18 0 0 0 0 0 0 0 0 0 0 0 0 0 0 0 1 0 0 0 0 0 0 0 2 0 0 0 0 0 13 22 0 0 0 10 0 2 0 22 0
0 0 0 0 15 0 0 0 0 8 0 0 0 0 0 0 0 0 0 0 0 0 4 0 4 0 0 0 0 0 0 0 0 0 27 18 0 0 5 0 17
17 0 2 0 0 0 0 0 0 0 0 0 0 0 0 0 0 0 0 0 0 0 0 0 0 0 0 0 0 0 14 13 0 0 0 0 0 1 0 26 0
0 0 0 0 16 0 0 0 0 6 0 0 0 0 0 0 0 0 0 0 0 0 3 0 8 0 0 0 0 0 0 0 0 0 22 32 0 0 10 0 14
0 0 0 0 13 0 0 0 0 5 0 0 0 0 0 0 0 0 0 0 0 0 3 0 5 0 0 0 0 0 0 0 0 0 19 23 0 0 7 0 12
0 0 2 0 14 0 0 0 0 12 0 0 0 0 0 0 0 0 0 0 0 0 5 0 0 0 0 0 0 0 0 0 0 0 39 0 0 0 0 0 25
0 0 0 0 0 0 0 0 0 0 0 0 0 0 0 0 0 0 0 0 0 0 0 0 9 0 0 0 0 0 0 2 0 0 0 35 0 0 5 0 0
20 0 2 0 0 0 0 0 0 0 0 0 0 0 0 0 1 0 0 0 0 0 0 0 0 0 0 0 0 0 17 19 0 0 0 0 0 1 0 29 0
3 0 0 0 2 0 0 0 0 2 0 0 0 0 0 0 0 0 0 0 0 0 1 0 0 0 0 0 0 0 3 3 0 0 10 0 0 0 0 9 4
0 0 2 0 12 0 0 0 0 11 0 0 0 0 0 0 0 0 0 0 0 0 4 0 0 0 0 0 0 0 0 0 0 0 36 0 0 0 0 0 23
4 0 0 0 0 0 0 0 0 0 0 0 0 0 0 0 0 0 0 0 0 0 0 0 0 0 0 0 0 0 3 6 0 0 1 9 0 0 0 8 0
19 0 2 0 0 0 0 0 0 0 0 0 0 0 0 0 1 0 0 0 0 0 0 0 0 0 0 0 0 0 16 18 0 0 0 0 0 1 0 28 0
20 0 1 0 0 0 0 0 0 0 0 0 0 0 0 0 1 0 0 0 0 0 0 0 0 0 0 0 0 0 16 21 0 0 0 0 0 2 0 27 0
8 0 2 0 3 0 0 0 0 5 0 0 0 0 0 0 0 0 0 0 0 0 2 0 0 0 0 0 0 0 8 4 0 0 17 0 0 0 0 17 10
0 0 0 0 3 0 0 0 0 0 0 0 0 0 0 0 0 0 0 0 0 0 0 0 5 0 0 0 0 0 0 0 0 0 2 25 0 0 4 0 0
1 0 2 0 7 0 0 0 0 8 0 0 0 0 0 0 0 0 0 0 0 0 3 0 0 0 0 0 0 0 1 0 0 0 27 0 0 0 0 7 17
22 0 2 0 0 0 0 0 0 0 0 0 0 0 1 0 1 0 0 0 0 0 0 0 0 0 0 0 0 0 19 20 0 0 0 0 0 2 0 29 0
0 0 0 0 6 0 0 0 0 1 0 0 0 0 0 0 0 0 0 0 0 0 1 0 7 0 0 0 0 0 0 0 0 0 6 29 0 0 7 0 3
8 0 0 0 0 0 0 0 0 0 0 0 0 0 0 0 0 0 0 0 0 0 0 0 5 0 0 0 0 0 4 15 0 0 0 23 0 0 1 9 0
0 0 0 0 4 0 0 0 0 0 0 0 0 0 1 0 0 0 0 0 0 0 0 0 16 0 0 0 0 0 0 0 0 0 0 52 2 0 13 0 0
17 0 0 0 0 0 0 0 0 0 0 0 0 0 0 0 0 0 0 0 0 0 0 0 2 0 0 0 0 0 12 21 0 0 0 11 0 2 0 21 0
6 0 1 0 4 0 0 0 0 5 0 0 0 0 0 0 0 0 0 0 0 0 2 0 0 0 0 0 0 0 6 2 0 0 19 0 0 0 0 15 11
18 0 1 0 0 0 0 0 0 0 0 0 0 0 0 0 0 0 0 0 0 0 0 0 0 0 0 0 0 0 16 17 0 0 0 0 0 1 0 28 0
5 0 0 0 1 0 0 0 0 1 0 0 0 0 0 0 0 0 0 0 0 0 0 0 0 0 0 0 0 0 4 5 0 0 6 3 0 0 0 11 2
0 0 0 0 7 0 0 0 0 1 0 0 0 0 0 0 0 0 0 0 0 0 1 0 6 0 0 0 0 0 0 0 0 0 9 27 0 0 6 0 5
0 0 2 0 10 0 0 0 0 10 0 0 0 0 0 0 0 0 0 0 0 0 4 0 0 0 0 0 0 0 0 0 0 0 32 0 0 0 0 0 21
18 0 1 0 0 0 0 0 0 0 0 0 0 0 0 0 1 0 0 0 0 0 0 0 0 0 0 0 0 0 15 20 0 0 0 0 0 2 0 25 0
11 0 2 0 1 0 0 0 0 4 0 0 0 0 0 0 0 0 0 0 0 0 1 0 0 0 0 0 0 0 10 7 0 0 14 0 0 0 0 20 7
0 0 0 0 1 0 0 0 0 0 0 0 0 0 0 0 0 0 0 0 0 0 0 0 10 0 0 0 0 0 0 0 0 0 0 35 0 0 6 0 0
17 0 0 0 0 0 0 0 0 0 0 0 0 0 0 0 1 0 0 0 0 0 0 0 1 0 0 0 0 0 13 21 0 0 0 7 0 2 0 22 0
8 0 2 0 4 0 0 0 0 6 0 0 0 0 1 0 0 0 0 0 0 0 2 0 0 0 0 0 0 0 7 1 0 0 22 0 0 0 0 15 13
22 0 2 0 0 0 0 0 0 0 0 0 0 0 0 0 1 0 0 0 0 0 0 0 0 0 0 0 0 0 19 22 0 0 0 0 0 2 0 29 0
21 0 2 0 0 0 0 0 0 0 0 0 0 0 1 0 1 0 0 0 0 0 0 0 0 0 0 0 0 0 19 19 0 0 0 0 0 2 0 28 0
19 0 3 0 0 0 0 0 0 0 0 0 0 0 1 0 0 0 0 0 0 0 0 0 0 0 0 0 0 0 16 15 0 0 0 0 0 1 0 28 0
23 0 1 0 0 0 0 0 0 0 0 0 0 0 0 0 1 0 0 0 0 0 0 0 0 0 0 0 0 0 19 24 0 0 0 0 0 3 0 29 0
0 0 0 0 15 0 0 0 0 7 0 0 0 0 0 0 0 0 0 0 0 0 4 0 3 0 0 0 0 0 0 0 0 0 26 19 0 0 5 0 17
20 0 3 0 0 0 0 0 0 0 0 0 0 0 1 0 1 0 0 0 0 0 0 0 0 0 0 0 0 0 18 17 0 0 0 0 0 2 0 28 0
16 0 3 0 0 0 0 0 0 2 0 0 0 0 1 0 0 0 0 0 0 0 1 0 0 0 0 0 0 0 14 10 0 0 10 0 0 1 0 26 5
17 0 0 0 0 0 0 0 0 0 0 0 0 0 0 0 0 0 0 0 0 0 0 0 4 0 0 0 0 0 11 23 0 0 0 17 0 2 0 19 0
22 0 2 0 0 0 0 0 0 0 0 0 0 0 1 0 1 0 0 0 0 0 0 0 0 0 0 0 0 0 19 20 0 0 0 0 0 2 0 30 0
2 0 0 0 0 0 0 0 0 0 0 0 0 0 0 0 0 0 0 0 0 0 0 0 6 0 0 0 0 0 0 10 0 0 0 28 0 0 3 1 0
1 0 1 0 5 0 0 0 0 4 0 0 0 0 0 0 0 0 0 0 0 0 2 0 0 0 0 0 0 0 1 0 0 0 18 0 0 0 0 6 10
0 0 2 0 8 0 0 0 0 9 0 0 0 0 0 0 0 0 0 0 0 0 3 0 0 0 0 0 0 0 0 0 0 0 29 0 0 0 0 3 19
1 0 0 0 0 0 0 0 0 0 0 0 0 0 0 0 0 0 0 0 0 0 0 0 6 0 0 0 0 0 0 9 0 0 0 28 0 0 2 0 0
16 0 0 0 0 0 0 0 0 0 0 0 0 0 0 0 0 0 0 0 0 0 0 0 4 0 0 0 0 0 10 23 0 0 0 21 0 2 0 17 0
18 0 3 0 0 0 0 0 0 0 0 0 0 0 1 0 0 0 0 0 0 0 0 0 0 0 0 0 0 0 16 13 0 0 1 0 0 1 0 27 0
20 0 3 0 0 0 0 0 0 0 0 0 0 0 2 0 0 0 0 0 0 0 0 0 0 0 0 0 0 0 18 16 0 0 0 0 0 2 0 29 0
0 0 0 0 7 0 0 0 0 1 0 0 0 0 0 0 0 0 0 0 0 0 1 0 6 0 0 0 0 0 0 0 0 0 7 27 0 0 6 0 4
5 0 0 0 0 0 0 0 0 0 0 0 0 0 0 0 0 0 0 0 0 0 0 0 2 0 0 0 0 0 3 10 0 0 0 16 0 0 1 8 0
24 0 2 0 0 0 0 0 0 0 0 0 0 0 1 0 1 0 0 0 0 0 0 0 0 0 0 0 0 0 20 22 0 0 0 0 0 3 0 30 0
18 0 1 0 0 0 0 0 0 0 0 0 0 0 0 0 0 0 0 0 0 0 0 0 0 0 0 0 0 0 16 18 0 0 0 0 0 1 0 28 0
0 0 0 0 17 0 0 0 0 6 0 0 0 0 0 0 0 0 0 0 0 0 3 0 8 0 0 0 0 0 0 0 0 0 22 31 0 0 9 0 14
9 0 2 0 3 0 0 0 0 5 0 0 0 0 1 0 0 0 0 0 0 0 2 0 0 0 0 0 0 0 7 2 0 0 20 0 0 0 0 16 12
23 0 1 0 0 0 0 0 0 0 0 0 0 0 0 0 1 0 0 0 0 0 0 0 0 0 0 0 0 0 18 24 0 0 0 0 0 3 0 27 0
3 0 0 0 0 0 0 0 0 0 0 0 0 0 0 0 0 0 0 0 0 0 0 0 6 0 0 0 0 0 0 10 0 0 0 28 0 0 3 1 0
0 0 2 0 15 0 0 0 0 13 0 0 0 0 0 0 0 0 0 0 0 0 5 0 0 0 0 0 0 0 0 0 0 0 38 0 0 0 0 0 26
20 0 3 0 0 0 0 0 0 0 0 0 0 0 1 0 0 0 0 0 0 0 0 0 0 0 0 0 0 0 17 16 0 0 0 0 0 2 0 28 0
0 0 1 0 9 0 0 0 0 9 0 0 0 0 0 0 0 0 0 0 0 0 4 0 0 0 0 0 0 0 0 0 0 0 29 0 0 0 0 0 18
18 0 2 0 0 0 0 0 0 0 0 0 0 0 0 0 0 0 0 0 0 0 0 0 0 0 0 0 0 0 16 16 0 0 0 0 0 1 0 29 0
