0 0 0 0 0 0 0 0 0 0 0 21 0 0 0 0 0 0 0 0 0 0 1 0 0 0 0 0 0 0 0 0 0 0 18 48 0 0 0 35 0
24 0 21 40 0 0 0 0 0 0 0 0 0 25 0 0 0 0 0 9 0 0 0 0 0 0 12 0 0 2 0 59 0 0 11 0 0 10 0 0 3
6 0 17 10 0 0 0 0 0 0 0 0 0 3 0 0 0 0 0 2 0 0 0 1 0 0 0 1 0 2 0 30 0 0 22 11 0 6 0 11 5
0 0 7 0 0 0 0 0 0 0 0 13 0 0 0 0 0 0 0 0 0 0 0 0 0 0 0 0 0 1 0 1 0 0 24 39 0 1 0 33 2
0 0 0 0 0 0 0 0 0 0 0 25 0 0 0 0 0 0 0 0 0 0 1 0 0 0 0 0 0 0 0 0 0 0 17 53 0 0 0 40 0
4 0 16 7 0 0 0 0 0 0 0 0 0 2 0 0 0 0 0 1 0 0 0 1 0 0 0 1 0 2 0 28 0 0 23 14 0 6 0 14 6
0 0 0 0 0 0 0 0 0 0 0 24 0 0 0 0 0 0 0 0 0 0 1 0 0 0 0 0 0 0 0 0 0 0 17 52 0 0 0 38 0
0 0 0 0 0 0 0 0 0 0 0 22 0 0 0 0 0 0 0 0 0 0 0 0 0 0 0 0 0 0 0 0 0 0 18 50 0 0 0 37 0
35 0 20 58 0 0 0 0 0 0 0 0 0 37 0 0 0 0 0 14 0 0 0 0 0 0 19 0 0 0 0 71 0 0 0 0 0 12 0 0 0
0 0 0 0 0 0 0 0 0 0 0 24 0 0 0 0 0 0 0 0 0 0 1 0 0 0 0 0 0 0 0 0 0 0 17 53 0 0 0 39 0
10 0 20 19 0 0 0 0 0 0 0 0 0 9 0 0 0 0 0 4 0 0 0 1 0 0 1 0 0 3 0 43 0 0 23 1 0 9 0 5 7
34 0 21 55 0 0 0 0 0 0 0 0 0 35 0 0 0 0 0 13 0 0 0 0 0 0 18 0 0 1 0 69 0 0 0 0 0 12 0 0 0
0 0 0 0 0 0 0 0 0 0 0 22 0 0 0 0 0 0 0 0 0 0 0 0 0 0 0 0 0 0 0 0 0 0 17 50 0 0 0 37 0
0 0 6 0 0 0 0 0 0 0 0 14 0 0 0 0 0 0 0 0 0 0 0 0 0 0 0 0 0 0 0 0 0 0 23 41 0 0 0 32 1
0 0 0 0 0 0 0 0 0 0 0 23 0 0 0 0 0 0 0 0 0 0 0 0 0 0 0 0 0 0 0 0 0 0 17 50 0 0 0 37 0
0 0 11 0 0 0 0 0 0 0 0 8 0 0 0 0 0 0 0 0 0 0 0 0 0 0 0 0 0 1 0 11 0 0 24 32 0 3 0 27 4
0 0 0 0 0 0 0 0 0 0 0 22 0 0 0 0 0 0 0 0 0 0 1 0 0 0 0 0 0 0 0 0 0 0 17 51 0 0 0 37 0
0 0 0 0 0 0 0 0 0 0 0 22 0 0 0 0 0 0 0 0 0 0 0 0 0 0 0 0 0 0 0 0 0 0 18 49 0 0 0 36 0
0 0 0 0 0 0 0 0 0 0 0 19 0 0 0 0 0 0 0 0 0 0 0 0 0 0 0 0 0 0 0 0 0 0 20 46 0 0 0 34 0
5 0 17 8 0 0 0 0 0 0 0 0 0 1 0 0 0 0 0 1 0 0 0 1 0 0 0 1 0 3 0 30 0 0 26 18 0 6 0 18 6
0 0 0 0 0 0 0 0 0 0 0 23 0 0 0 0 0 0 0 0 0 0 1 0 0 0 0 0 0 0 0 0 0 0 17 51 0 0 0 37 0
20 0 22 33 0 0 0 0 0 0 0 0 0 20 0 0 0 0 0 7 0 0 0 0 0 0 8 0 0 2 0 54 0 0 17 0 0 10 0 0 4
0 0 0 0 0 0 0 0 0 0 0 22 0 0 0 0 0 0 0 0 0 0 0 0 0 0 0 0 0 0 0 0 0 0 18 50 0 0 0 36 0
0 0 0 0 0 0 0 0 0 0 0 19 0 0 0 0 0 0 0 0 0 0 0 0 0 0 0 0 0 0 0 0 0 0 19 46 0 0 0 35 0
4 0 17 7 0 0 0 0 0 0 0 0 0 1 0 0 0 0 0 1 0 0 0 1 0 0 0 1 0 2 0 28 0 0 25 17 0 6 0 16 6
14 0 21 24 0 0 0 0 0 0 0 0 0 13 0 0 0 0 0 5 0 0 0 1 0 0 4 0 0 2 0 46 0 0 20 0 0 9 0 0 6
0 0 0 0 0 0 0 0 0 0 0 21 0 0 0 0 0 0 0 0 0 0 0 0 0 0 0 0 0 0 0 0 0 0 18 48 0 0 0 36 0
34 0 21 56 0 0 0 0 0 0 0 0 0 36 0 0 0 0 0 14 0 0 0 0 0 0 19 0 0 0 0 70 0 0 0 0 0 12 0 0 0
41 0 21 68 0 0 0 0 0 0 0 0 0 43 0 0 0 0 0 15 0 0 0 0 0 0 23 0 0 0 0 78 0 0 0 0 0 13 0 0 0
0 0 0 0 0 0 0 0 0 0 0 18 0 0 0 0 0 0 0 0 0 0 0 0 0 0 0 0 0 0 0 0 0 0 21 46 0 0 0 35 0
28 0 22 46 0 0 0 0 0 0 0 0 0 29 0 0 0 0 0 11 0 0 0 0 0 0 14 0 0 2 0 65 0 0 9 0 0 11 0 0 2
0 0 0 0 0 0 0 0 0 0 0 22 0 0 0 0 0 0 0 0 0 0 0 0 0 0 0 0 0 0 0 0 0 0 17 50 0 0 0 37 0
0 0 0 0 0 0 0 0 0 0 0 24 0 0 0 0 0 0 0 0 0 0 1 0 0 0 0 0 0 0 0 0 0 0 16 52 0 0 0 38 0
0 0 0 0 0 0 0 0 0 0 0 22 0 0 0 0 0 0 0 0 0 0 0 0 0 0 0 0 0 0 0 0 0 0 17 50 0 0 0 37 0
0 0 0 0 0 0 0 0 0 0 0 22 0 0 0 0 0 0 0 0 0 0 1 0 0 0 0 0 0 0 0 0 0 0 18 51 0 0 0 37 0
37 0 20 61 0 0 0 0 0 0 0 0 0 39 0 0 0 0 0 14 0 0 0 0 0 0 20 0 0 0 0 73 0 0 0 0 0 12 0 0 0
0 0 5 0 0 0 0 0 0 0 0 14 0 0 0 0 0 0 0 0 0 0 0 0 0 0 0 0 0 0 0 0 0 0 23 41 0 0 0 33 1
3 0 16 6 0 0 0 0 0 0 0 1 0 0 0 0 0 0 0 0 0 0 0 1 0 0 0 1 0 2 0 26 0 0 24 18 0 6 0 17 6
36 0 20 58 0 0 0 0 0 0 0 0 0 37 0 0 0 0 0 14 0 0 0 0 0 0 20 0 0 0 0 71 0 0 0 0 0 12 0 0 0
52 0 22 88 0 0 0 0 0 0 0 0 0 54 0 0 0 0 0 19 0 0 0 0 1 0 29 0 0 0 0 97 0 0 0 0 0 15 0 0 0
0 0 0 0 0 0 0 0 0 0 0 24 0 0 0 0 0 0 0 0 0 0 1 0 0 0 0 0 0 0 0 0 0 0 17 53 0 0 0 39 0
0 0 0 0 0 0 0 0 0 0 0 23 0 0 0 0 0 0 0 0 0 0 1 0 0 0 0 0 0 0 0 0 0 0 17 51 0 0 0 37 0
0 0 10 0 0 0 0 0 0 0 0 11 0 0 0 0 0 0 0 0 0 0 0 0 0 0 0 0 0 1 0 7 0 0 25 37 0 2 0 30 3
0 0 0 0 0 0 0 0 0 0 0 24 0 0 0 0 0 0 0 0 0 0 1 0 0 0 0 0 0 0 0 0 0 0 17 52 0 0 0 38 0
17 0 21 29 0 0 0 0 0 0 0 0 0 17 0 0 0 0 0 6 0 0 0 0 0 0 6 0 0 2 0 52 0 0 18 0 0 10 0 0 5
0 0 0 0 0 0 0 0 0 0 0 23 0 0 0 0 0 0 0 0 0 0 1 0 0 0 0 0 0 0 0 0 0 0 18 51 0 0 0 37 0
0 0 7 0 0 0 0 0 0 0 0 13 0 0 0 0 0 0 0 0 0 0 0 0 0 0 0 0 0 1 0 0 0 0 23 39 0 1 0 31 2
0 0 0 0 0 0 0 0 0 0 0 23 0 0 0 0 0 0 0 0 0 0 0 0 0 0 0 0 0 0 0 0 0 0 17 51 0 0 0 38 0
0 0 0 0 0 0 0 0 0 0 0 22 0 0 0 0 0 0 0 0 0 0 1 0 0 0 0 0 0 0 0 0 0 0 18 50 0 0 0 37 0
0 0 0 0 0 0 0 0 0 0 0 21 0 0 0 0 0 0 0 0 0 0 0 0 0 0 0 0 0 0 0 0 0 0 19 49 0 0 0 36 0
29 0 22 48 0 0 0 0 0 0 0 0 0 30 0 0 0 0 0 11 0 0 0 0 0 0 15 0 0 1 0 65 0 0 7 0 0 12 0 0 1
0 0 0 0 0 0 0 0 0 0 0 22 0 0 0 0 0 0 0 0 0 0 1 0 0 0 0 0 0 0 0 0 0 0 17 50 0 0 0 36 0
24 0 22 39 0 0 0 0 0 0 0 0 0 23 0 0 0 0 0 9 0 0 0 0 0 0 10 0 0 2 0 61 0 0 15 0 0 11 0 0 4
0 0 2 0 0 0 0 0 0 0 0 17 0 0 0 0 0 0 0 0 0 0 0 0 0 0 0 0 0 0 0 0 0 0 22 45 0 0 0 35 0
1 0 14 1 0 0 0 0 0 0 0 4 0 0 0 0 0 0 0 0 0 0 0 0 0 0 0 0 0 2 0 19 0 0 23 23 0 5 0 20 4
0 0 0 0 0 0 0 0 0 0 0 24 0 0 0 0 0 0 0 0 0 0 1 0 0 0 0 0 0 0 0 0 0 0 17 52 0 0 0 39 0
0 0 0 0 0 0 0 0 0 0 0 22 0 0 0 0 0 0 0 0 0 0 0 0 0 0 0 0 0 0 0 0 0 0 17 50 0 0 0 37 0
0 0 0 0 0 0 0 0 0 0 0 24 0 0 0 0 0 0 0 0 0 0 1 0 0 0 0 0 0 0 0 0 0 0 17 52 0 0 0 38 0
0 0 10 0 0 0 0 0 0 0 0 11 0 0 0 0 0 0 0 0 0 0 0 0 0 0 0 1 0 1 0 7 0 0 25 37 0 2 0 31 4
0 0 0 0 0 0 0 0 0 0 0 23 0 0 0 0 0 0 0 0 0 0 1 0 0 0 0 0 0 0 0 0 0 0 17 51 0 0 0 38 0
44 0 21 73 0 0 0 0 0 0 0 0 0 46 0 0 0 0 0 16 0 0 0 0 0 0 25 0 0 0 0 83 0 0 0 0 0 13 0 0 0
0 0 0 0 0 0 0 0 0 0 0 24 0 0 0 0 0 0 0 0 0 0 1 0 0 0 0 0 0 0 0 0 0 0 17 52 0 0 0 39 0
3 0 15 5 0 0 0 0 0 0 0 1 0 0 0 0 0 0 0 0 0 0 0 0 0 0 0 0 0 2 0 23 0 0 23 17 0 5 0 16 5
0 0 0 0 0 0 0 0 0 0 0 22 0 0 0 0 0 0 0 0 0 0 0 0 0 0 0 0 0 0 0 0 0 0 18 50 0 0 0 37 0
0 0 0 0 0 0 0 0 0 0 0 19 0 0 0 0 0 0 0 0 0 0 0 0 0 0 0 0 0 0 0 0 0 0 20 46 0 0 0 35 0
39 0 20 64 0 0 0 0 0 0 0 0 0 41 0 0 0 0 0 15 0 0 0 0 0 0 22 0 0 0 0 75 0 0 0 0 0 12 0 0 0
0 0 0 0 0 0 0 0 0 0 0 22 0 0 0 0 0 0 0 0 0 0 0 0 0 0 0 0 0 0 0 0 0 0 18 50 0 0 0 37 0
0 0 0 0 0 0 0 0 0 0 0 23 0 0 0 0 0 0 0 0 0 0 0 0 0 0 0 0 0 0 0 0 0 0 17 50 0 0 0 38 0
0 0 0 0 0 0 0 0 0 0 0 23 0 0 0 0 0 0 0 0 0 0 0 0 0 0 0 0 0 0 0 0 0 0 17 50 0 0 0 37 0
2 0 14 3 0 0 0 0 0 0 0 3 0 0 0 0 0 0 0 0 0 0 0 1 0 0 0 1 0 2 0 22 0 0 24 23 0 5 0 21 5
0 0 0 0 0 0 0 0 0 0 0 24 0 0 0 0 0 0 0 0 0 0 0 0 0 0 0 0 0 0 0 0 0 0 17 52 0 0 0 39 0
17 0 22 28 0 0 0 0 0 0 0 0 0 15 0 0 0 0 0 6 0 0 0 1 0 0 5 0 0 2 0 51 0 0 21 0 0 9 0 0 5
0 0 6 0 0 0 0 0 0 0 0 14 0 0 0 0 0 0 0 0 0 0 0 0 0 0 0 0 0 0 0 0 0 0 23 40 0 0 0 32 2
0 0 0 0 0 0 0 0 0 0 0 23 0 0 0 0 0 0 0 0 0 0 0 0 0 0 0 0 0 0 0 0 0 0 17 50 0 0 0 37 0
0 0 0 0 0 0 0 0 0 0 0 21 0 0 0 0 0 0 0 0 0 0 0 0 0 0 0 0 0 0 0 0 0 0 18 49 0 0 0 36 0
0 0 2 0 0 0 0 0 0 0 0 17 0 0 0 0 0 0 0 0 0 0 0 0 0 0 0 0 0 0 0 0 0 0 22 45 0 0 0 35 0
25 0 22 40 0 0 0 0 0 0 0 0 0 24 0 0 0 0 0 9 0 0 0 0 0 0 11 0 0 2 0 61 0 0 13 0 0 11 0 0 3
0 0 0 0 0 0 0 0 0 0 0 23 0 0 0 0 0 0 0 0 0 0 1 0 0 0 0 0 0 0 0 0 0 0 18 51 0 0 0 37 0
0 0 0 0 0 0 0 0 0 0 0 22 0 0 0 0 0 0 0 0 0 0 0 0 0 0 0 0 0 0 0 0 0 0 18 50 0 0 0 37 0
0 0 0 0 0 0 0 0 0 0 0 19 0 0 0 0 0 0 0 0 0 0 0 0 0 0 0 0 0 0 0 0 0 0 19 47 0 0 0 35 0
9 0 19 16 0 0 0 0 0 0 0 0 0 7 0 0 0 0 0 3 0 0 0 1 0 0 0 1 0 2 0 38 0 0 22 3 0 8 0 6 6
0 0 0 0 0 0 0 0 0 0 0 19 0 0 0 0 0 0 0 0 0 0 0 0 0 0 0 0 0 0 0 0 0 0 20 46 0 0 0 35 0
20 0 22 34 0 0 0 0 0 0 0 0 0 20 0 0 0 0 0 7 0 0 0 0 0 0 8 0 0 2 0 56 0 0 17 0 0 10 0 0 4
0 0 0 0 0 0 0 0 0 0 0 19 0 0 0 0 0 0 0 0 0 0 0 0 0 0 0 0 0 0 0 0 0 0 20 46 0 0 0 35 0
11 0 19 18 0 0 0 0 0 0 0 0 0 8 0 0 0 0 0 4 0 0 0 0 0 0 1 0 0 2 0 40 0 0 22 0 0 8 0 4 6
0 0 4 0 0 0 0 0 0 0 0 14 0 0 0 0 0 0 0 0 0 0 0 0 0 0 0 0 0 1 0 0 0 0 24 40 0 0 0 32 1
0 0 0 0 0 0 0 0 0 0 0 23 0 0 0 0 0 0 0 0 0 0 1 0 0 0 0 0 0 0 0 0 0 0 17 51 0 0 0 38 0
0 0 0 0 0 0 0 0 0 0 0 23 0 0 0 0 0 0 0 0 0 0 1 0 0 0 0 0 0 0 0 0 0 0 17 51 0 0 0 37 0
0 0 0 0 0 0 0 0 0 0 0 23 0 0 0 0 0 0 0 0 0 0 1 0 0 0 0 0 0 0 0 0 0 0 17 51 0 0 0 37 0
0 0 0 0 0 0 0 0 0 0 0 22 0 0 0 0 0 0 0 0 0 0 1 0 0 0 0 0 0 0 0 0 0 0 17 50 0 0 0 36 0
0 0 0 0 0 0 0 0 0 0 0 19 0 0 0 0 0 0 0 0 0 0 0 0 0 0 0 0 0 0 0 0 0 0 20 46 0 0 0 35 0
0 0 9 0 0 0 0 0 0 0 0 11 0 0 0 0 0 0 0 0 0 0 0 0 0 0 0 0 0 1 0 5 0 0 24 38 0 2 0 31 3
49 0 22 82 0 0 0 0 0 0 0 0 0 51 0 0 0 0 0 18 0 0 0 0 0 0 27 0 0 0 0 91 0 0 0 0 0 14 0 0 0
0 0 0 0 0 0 0 0 0 0 0 21 0 0 0 0 0 0 0 0 0 0 0 0 0 0 0 0 0 0 0 0 0 0 19 48 0 0 0 36 0
0 0 9 0 0 0 0 0 0 0 0 12 0 0 0 0 0 0 0 0 0 0 0 0 0 0 0 0 0 1 0 5 0 0 25 38 0 2 0 31 3
16 0 21 26 0 0 0 0 0 0 0 0 0 15 0 0 0 0 0 5 0 0 0 0 0 0 5 0 0 2 0 48 0 0 19 0 0 9 0 0 5
0 0 0 0 0 0 0 0 0 0 0 24 0 0 0 0 0 0 0 0 0 0 1 0 0 0 0 0 0 0 0 0 0 0 17 52 0 0 0 38 0
14 0 20 24 0 0 0 0 0 0 0 0 0 13 0 0 0 0 0 5 0 0 0 0 0 0 4 0 0 2 0 46 0 0 20 0 0 9 0 0 6
18 0 22 30 0 0 0 0 0 0 0 0 0 17 0 0 0 0 0 7 0 0 0 0 0 0 6 0 0 2 0 53 0 0 19 0 0 10 0 0 5
0 0 0 0 0 0 0 0 0 0 0 20 0 0 0 0 0 0 0 0 0 0 0 0 0 0 0 0 0 0 0 0 0 0 20 48 0 0 0 36 0
0 0 3 0 0 0 0 0 0 0 0 16 0 0 0 0 0 0 0 0 0 0 0 0 0 0 0 0 0 0 0 0 0 0 22 43 0 0 0 34 0
0 0 9 0 0 0 0 0 0 0 0 11 0 0 0 0 0 0 0 0 0 0 0 0 0 0 0 0 0 1 0 5 0 0 24 37 0 2 0 30 3
0 0 13 0 0 0 0 0 0 0 0 6 0 0 0 0 0 0 0 0 0 0 0 0 0 0 0 1 0 2 0 17 0 0 25 28 0 4 0 24 4
0 0 0 0 0 0 0 0 0 0 0 25 0 0 0 0 0 0 0 0 0 0 1 0 0 0 0 0 0 0 0 0 0 0 17 53 0 0 0 40 0
12 0 20 21 0 0 0 0 0 0 0 0 0 11 0 0 0 0 0 4 0 0 0 0 0 0 3 0 0 2 0 43 0 0 20 0 0 8 0 0 5
1 0 14 1 0 0 0 0 0 0 0 4 0 0 0 0 0 0 0 0 0 0 0 0 0 0 0 0 0 2 0 20 0 0 24 24 0 5 0 21 5
13 0 20 22 0 0 0 0 0 0 0 0 0 11 0 0 0 0 0 4 0 0 0 1 0 0 3 0 0 2 0 43 0 0 21 0 0 8 0 0 6
0 0 0 0 0 0 0 0 0 0 0 23 0 0 0 0 0 0 0 0 0 0 0 0 0 0 0 0 0 0 0 0 0 0 17 50 0 0 0 37 0
5 0 18 9 0 0 0 0 0 0 0 0 0 2 0 0 0 0 0 1 0 0 0 1 0 0 0 1 0 2 0 31 0 0 25 16 0 7 0 15 6
0 0 8 0 0 0 0 0 0 0 0 11 0 0 0 0 0 0 0 0 0 0 0 0 0 0 0 0 0 1 0 4 0 0 23 35 0 1 0 29 2
0 0 0 0 0 0 0 0 0 0 0 24 0 0 0 0 0 0 0 0 0 0 1 0 0 0 0 0 0 0 0 0 0 0 17 52 0 0 0 38 0
0 0 0 0 0 0 0 0 0 0 0 23 0 0 0 0 0 0 0 0 0 0 1 0 0 0 0 0 0 0 0 0 0 0 17 51 0 0 0 38 0
27 0 23 45 0 0 0 0 0 0 0 0 0 28 0 0 0 0 0 10 0 0 0 0 0 0 13 0 0 2 0 64 0 0 11 0 0 12 0 0 2
0 0 0 0 0 0 0 0 0 0 0 23 0 0 0 0 0 0 0 0 0 0 1 0 0 0 0 0 0 0 0 0 0 0 17 51 0 0 0 37 0
0 0 3 0 0 0 0 0 0 0 0 15 0 0 0 0 0 0 0 0 0 0 0 0 0 0 0 0 0 0 0 0 0 0 22 41 0 0 0 32 0
38 0 21 61 0 0 0 0 0 0 0 0 0 39 0 0 0 0 0 14 0 0 0 0 0 0 21 0 0 0 0 74 0 0 0 0 0 12 0 0 0
0 0 0 0 0 0 0 0 0 0 0 25 0 0 0 0 0 0 0 0 0 0 1 0 0 0 0 0 1 0 0 0 0 0 17 53 0 0 0 39 0
0 0 0 0 0 0 0 0 0 0 0 23 0 0 0 0 0 0 0 0 0 0 1 0 0 0 0 0 0 0 0 0 0 0 17 50 0 0 0 37 0
0 0 4 0 0 0 0 0 0 0 0 15 0 0 0 0 0 0 0 0 0 0 0 0 0 0 0 0 0 0 0 0 0 0 22 42 0 0 0 32 1
0 0 0 0 0 0 0 0 0 0 0 24 0 0 0 0 0 0 0 0 0 0 0 0 0 0 0 0 0 0 0 0 0 0 17 51 0 0 0 39 0
0 0 0 0 0 0 0 0 0 0 0 18 0 0 0 0 0 0 0 0 0 0 0 0 0 0 0 0 0 0 0 0 0 0 20 45 0 0 0 34 0
36 0 21 59 0 0 0 0 0 0 0 0 0 38 0 0 0 0 0 14 0 0 0 0 0 0 20 0 0 0 0 72 0 0 0 0 0 12 0 0 0
3 0 16 5 0 0 0 0 0 0 0 1 0 0 0 0 0 0 0 0 0 0 0 1 0 0 0 1 0 2 0 25 0 0 24 20 0 6 0 18 6
0 0 1 0 0 0 0 0 0 0 0 17 0 0 0 0 0 0 0 0 0 0 0 0 0 0 0 0 0 0 0 0 0 0 21 44 0 0 0 34 0
0 0 0 0 0 0 0 0 0 0 0 19 0 0 0 0 0 0 0 0 0 0 0 0 0 0 0 0 0 0 0 0 0 0 20 47 0 0 0 35 0
0 0 0 0 0 0 0 0 0 0 0 23 0 0 0 0 0 0 0 0 0 0 1 0 0 0 0 0 0 0 0 0 0 0 17 51 0 0 0 37 0
22 0 22 36 0 0 0 0 0 0 0 0 0 22 0 0 0 0 0 8 0 0 0 0 0 0 9 0 0 2 0 58 0 0 16 0 0 10 0 0 4
0 0 0 0 0 0 0 0 0 0 0 21 0 0 0 0 0 0 0 0 0 0 0 0 0 0 0 0 0 0 0 0 0 0 18 48 0 0 0 36 0
3 0 16 6 0 0 0 0 0 0 0 1 0 0 0 0 0 0 0 0 0 0 0 1 0 0 0 1 0 2 0 26 0 0 25 20 0 6 0 18 5
0 0 2 0 0 0 0 0 0 0 0 17 0 0 0 0 0 0 0 0 0 0 0 0 0 0 0 0 0 0 0 0 0 0 22 45 0 0 0 34 0
0 0 0 0 0 0 0 0 0 0 0 20 0 0 0 0 0 0 0 0 0 0 0 0 0 0 0 0 0 0 0 0 0 0 19 46 0 0 0 35 0
34 0 21 56 0 0 0 0 0 0 0 0 0 36 0 0 0 0 0 14 0 0 0 0 0 0 19 0 0 0 0 70 0 0 0 0 0 12 0 0 0
0 0 0 0 0 0 0 0 0 0 0 21 0 0 0 0 0 0 0 0 0 0 0 0 0 0 0 0 0 0 0 0 0 0 19 49 0 0 0 36 0
0 0 8 0 0 0 0 0 0 0 0 12 0 0 0 0 0 0 0 0 0 0 0 0 0 0 0 0 0 1 0 2 0 0 24 39 0 1 0 31 2
0 0 0 0 0 0 0 0 0 0 0 24 0 0 0 0 0 0 0 0 0 0 1 0 0 0 0 0 0 0 0 0 0 0 17 53 0 0 0 39 0
0 0 0 0 0 0 0 0 0 0 0 23 0 0 0 0 0 0 0 0 0 0 1 0 0 0 0 0 0 0 0 0 0 0 17 51 0 0 0 38 0
0 0 0 0 0 0 0 0 0 0 0 22 0 0 0 0 0 0 0 0 0 0 0 0 0 0 0 0 0 0 0 0 0 0 17 50 0 0 0 37 0
0 0 11 0 0 0 0 0 0 0 0 9 0 0 0 0 0 0 0 0 0 0 0 0 0 0 0 0 0 1 0 11 0 0 25 34 0 3 0 28 4
0 0 0 0 0 0 0 0 0 0 0 21 0 0 0 0 0 0 0 0 0 0 0 0 0 0 0 0 0 0 0 0 0 0 19 49 0 0 0 36 0
24 0 22 39 0 0 0 0 0 0 0 0 0 24 0 0 0 0 0 9 0 0 0 0 0 0 11 0 0 2 0 60 0 0 14 0 0 11 0 0 3
20 0 22 33 0 0 0 0 0 0 0 0 0 19 0 0 0 0 0 7 0 0 0 0 0 0 7 0 0 2 0 55 0 0 17 0 0 10 0 0 5
0 0 0 0 0 0 0 0 0 0 0 20 0 0 0 0 0 0 0 0 0 0 0 0 0 0 0 0 0 0 0 0 0 0 19 48 0 0 0 36 0
6 0 18 11 0 0 0 0 0 0 0 0 0 4 0 0 0 0 0 2 0 0 0 1 0 0 0 1 0 2 0 33 0 0 24 12 0 7 0 13 6
33 0 21 54 0 0 0 0 0 0 0 0 0 35 0 0 0 0 0 13 0 0 0 0 0 0 18 0 0 1 0 68 0 0 1 0 0 12 0 0 0
0 0 0 0 0 0 0 0 0 0 0 22 0 0 0 0 0 0 0 0 0 0 0 0 0 0 0 0 0 0 0 0 0 0 17 50 0 0 0 37 0
0 0 0 0 0 0 0 0 0 0 0 22 0 0 0 0 0 0 0 0 0 0 0 0 0 0 0 0 0 0 0 0 0 0 18 49 0 0 0 37 0
0 0 0 0 0 0 0 0 0 0 0 25 0 0 0 0 0 0 0 0 0 0 1 0 0 0 0 0 0 0 0 0 0 0 17 54 0 0 0 40 0
0 0 0 0 0 0 0 0 0 0 0 23 0 0 0 0 0 0 0 0 0 0 1 0 0 0 0 0 0 0 0 0 0 0 17 50 0 0 0 37 0
34 0 20 55 0 0 0 0 0 0 0 0 0 36 0 0 0 0 0 13 0 0 0 0 0 0 19 0 0 0 0 69 0 0 0 0 0 12 0 0 0
0 0 11 0 0 0 0 0 0 0 0 8 0 0 0 0 0 0 0 0 0 0 0 0 0 0 0 0 0 1 0 11 0 0 24 31 0 3 0 26 4
0 0 0 0 0 0 0 0 0 0 0 22 0 0 0 0 0 0 0 0 0 0 0 0 0 0 0 0 0 0 0 0 0 0 18 50 0 0 0 37 0
19 0 22 32 0 0 0 0 0 0 0 0 0 19 0 0 0 0 0 7 0 0 0 0 0 0 7 0 0 2 0 54 0 0 18 0 0 10 0 0 5
0 0 6 0 0 0 0 0 0 0 0 14 0 0 0 0 0 0 0 0 0 0 0 0 0 0 0 0 0 1 0 0 0 0 23 40 0 1 0 32 2
0 0 8 0 0 0 0 0 0 0 0 12 0 0 0 0 0 0 0 0 0 0 0 0 0 0 0 0 0 1 0 3 0 0 23 37 0 1 0 30 2
37 0 21 61 0 0 0 0 0 0 0 0 0 39 0 0 0 0 0 14 0 0 0 0 0 0 21 0 0 0 0 74 0 0 0 0 0 12 0 0 0
25 0 22 41 0 0 0 0 0 0 0 0 0 25 0 0 0 0 0 9 0 0 0 0 0 0 12 0 0 2 0 61 0 0 13 0 0 11 0 0 3
0 0 1 0 0 0 0 0 0 0 0 18 0 0 0 0 0 0 0 0 0 0 0 0 0 0 0 0 0 0 0 0 0 0 21 45 0 0 0 34 0
22 0 22 37 0 0 0 0 0 0 0 0 0 22 0 0 0 0 0 8 0 0 0 0 0 0 10 0 0 2 0 58 0 0 15 0 0 10 0 0 4
39 0 21 64 0 0 0 0 0 0 0 0 0 41 0 0 0 0 0 15 0 0 0 0 0 0 22 0 0 0 0 75 0 0 0 0 0 12 0 0 0
14 0 21 24 0 0 0 0 0 0 0 0 0 13 0 0 0 0 0 5 0 0 0 0 0 0 4 0 0 3 0 47 0 0 21 0 0 9 0 0 6
24 0 23 40 0 0 0 0 0 0 0 0 0 24 0 0 0 0 0 9 0 0 0 0 0 0 10 0 0 2 0 61 0 0 15 0 0 11 0 0 3
37 0 20 61 0 0 0 0 0 0 0 0 0 38 0 0 0 0 0 14 0 0 0 0 0 0 21 0 0 0 0 73 0 0 0 0 0 12 0 0 0
5 0 16 8 0 0 0 0 0 0 0 0 0 2 0 0 0 0 0 1 0 0 0 0 0 0 0 1 0 2 0 28 0 0 23 14 0 6 0 14 5
0 0 0 0 0 0 0 0 0 0 0 24 0 0 0 0 0 0 0 0 0 0 1 0 0 0 0 0 0 0 0 0 0 0 17 52 0 0 0 38 0
0 0 0 0 0 0 0 0 0 0 0 24 0 0 0 0 0 0 0 0 0 0 1 0 0 0 0 0 0 0 0 0 0 0 17 53 0 0 0 39 0
0 0 11 0 0 0 0 0 0 0 0 8 0 0 0 0 0 0 0 0 0 0 0 0 0 0 0 0 0 2 0 12 0 0 26 33 0 3 0 28 4
34 0 21 55 0 0 0 0 0 0 0 0 0 36 0 0 0 0 0 13 0 0 0 0 0 0 19 0 0 1 0 69 0 0 0 0 0 12 0 0 0
42 0 21 69 0 0 0 0 0 0 0 0 0 44 0 0 0 0 0 16 0 0 0 0 0 0 24 0 0 0 0 79 0 0 0 0 0 13 0 0 0
0 0 0 0 0 0 0 0 0 0 0 23 0 0 0 0 0 0 0 0 0 0 1 0 0 0 0 0 0 0 0 0 0 0 17 52 0 0 0 38 0
41 0 21 67 0 0 0 0 0 0 0 0 0 42 0 0 0 0 0 15 0 0 0 0 0 0 23 0 0 0 0 78 0 0 0 0 0 13 0 0 0
0 0 0 0 0 0 0 0 0 0 0 20 0 0 0 0 0 0 0 0 0 0 0 0 0 0 0 0 0 0 0 0 0 0 19 47 0 0 0 35 0
0 0 0 0 0 0 0 0 0 0 0 24 0 0 0 0 0 0 0 0 0 0 1 0 0 0 0 0 0 0 0 0 0 0 17 53 0 0 0 39 0
29 0 22 47 0 0 0 0 0 0 0 0 0 30 0 0 0 0 0 11 0 0 0 0 0 0 15 0 0 1 0 64 0 0 7 0 0 11 0 0 1
0 0 0 0 0 0 0 0 0 0 0 24 0 0 0 0 0 0 0 0 0 0 0 0 0 0 0 0 0 0 0 0 0 0 18 52 0 0 0 40 0
9 0 19 16 0 0 0 0 0 0 0 0 0 7 0 0 0 0 0 3 0 0 0 1 0 0 0 1 0 2 0 38 0 0 23 4 0 8 0 7 6
34 0 21 56 0 0 0 0 0 0 0 0 0 36 0 0 0 0 0 14 0 0 0 0 0 0 19 0 0 0 0 69 0 0 0 0 0 12 0 0 0
0 0 0 0 0 0 0 0 0 0 0 23 0 0 0 0 0 0 0 0 0 0 0 0 0 0 0 0 0 0 0 0 0 0 17 51 0 0 0 38 0
9 0 19 16 0 0 0 0 0 0 0 0 0 7 0 0 0 0 0 3 0 0 0 1 0 0 0 1 0 2 0 39 0 0 23 5 0 8 0 8 6
0 0 0 0 0 0 0 0 0 0 0 20 0 0 0 0 0 0 0 0 0 0 0 0 0 0 0 0 0 0 0 0 0 0 20 49 0 0 0 37 0
34 0 21 55 0 0 0 0 0 0 0 0 0 35 0 0 0 0 0 13 0 0 0 0 0 0 19 0 0 0 0 69 0 0 0 0 0 12 0 0 0
7 0 18 13 0 0 0 0 0 0 0 0 0 5 0 0 0 0 0 2 0 0 0 0 0 0 0 1 0 2 0 34 0 0 24 9 0 7 0 10 6
41 0 21 66 0 0 0 0 0 0 0 0 0 42 0 0 0 0 0 15 0 0 0 0 0 0 23 0 0 0 0 77 0 0 0 0 0 13 0 0 0
0 0 3 0 0 0 0 0 0 0 0 16 0 0 0 0 0 0 0 0 0 0 0 0 0 0 0 0 0 0 0 0 0 0 22 43 0 0 0 33 0
27 0 21 44 0 0 0 0 0 0 0 0 0 28 0 0 0 0 0 10 0 0 0 0 0 0 13 0 0 1 0 62 0 0 9 0 0 11 0 0 2
42 0 21 69 0 0 0 0 0 0 0 0 0 43 0 0 0 0 0 16 0 0 0 0 0 0 23 0 0 0 0 80 0 0 0 0 0 13 0 0 0
0 0 0 0 0 0 0 0 0 0 0 24 0 0 0 0 0 0 0 0 0 0 0 0 0 0 0 0 0 0 0 0 0 0 17 52 0 0 0 39 0
0 0 0 0 0 0 0 0 0 0 0 20 0 0 0 0 0 0 0 0 0 0 0 0 0 0 0 0 0 0 0 0 0 0 18 47 0 0 0 35 0
0 0 9 0 0 0 0 0 0 0 0 11 0 0 0 0 0 0 0 0 0 0 0 0 0 0 0 0 0 1 0 4 0 0 24 36 0 2 0 29 3
0 0 0 0 0 0 0 0 0 0 0 22 0 0 0 0 0 0 0 0 0 0 0 0 0 0 0 0 0 0 0 0 0 0 17 50 0 0 0 37 0
0 0 9 0 0 0 0 0 0 0 0 11 0 0 0 0 0 0 0 0 0 0 0 0 0 0 0 0 0 1 0 6 0 0 24 36 0 2 0 30 3
0 0 0 0 0 0 0 0 0 0 0 20 0 0 0 0 0 0 0 0 0 0 0 0 0 0 0 0 0 0 0 0 0 0 19 47 0 0 0 36 0
33 0 20 54 0 0 0 0 0 0 0 0 0 35 0 0 0 0 0 13 0 0 0 0 0 0 18 0 0 0 0 68 0 0 0 0 0 12 0 0 0
0 0 0 0 0 0 0 0 0 0 0 23 0 0 0 0 0 0 0 0 0 0 1 0 0 0 0 0 0 0 0 0 0 0 17 52 0 0 0 38 0
0 0 0 0 0 0 0 0 0 0 0 23 0 0 0 0 0 0 0 0 0 0 1 0 0 0 0 0 0 0 0 0 0 0 17 52 0 0 0 38 0
0 0 8 0 0 0 0 0 0 0 0 12 0 0 0 0 0 0 0 0 0 0 0 0 0 0 0 0 0 1 0 2 0 0 24 38 0 1 0 31 2
0 0 15 0 0 0 0 0 0 0 0 5 0 0 0 0 0 0 0 0 0 0 0 0 0 0 0 1 0 2 0 20 0 0 26 28 0 5 0 25 5
0 0 0 0 0 0 0 0 0 0 0 21 0 0 0 0 0 0 0 0 0 0 0 0 0 0 0 0 0 0 0 0 0 0 18 48 0 0 0 36 0
0 0 2 0 0 0 0 0 0 0 0 17 0 0 0 0 0 0 0 0 0 0 0 0 0 0 0 0 0 0 0 0 0 0 21 45 0 0 0 34 0
21 0 22 35 0 0 0 0 0 0 0 0 0 21 0 0 0 0 0 8 0 0 0 0 0 0 9 0 0 2 0 56 0 0 15 0 0 10 0 0 4
0 0 0 0 0 0 0 0 0 0 0 22 0 0 0 0 0 0 0 0 0 0 1 0 0 0 0 0 0 0 0 0 0 0 17 50 0 0 0 37 0
0 0 0 0 0 0 0 0 0 0 0 22 0 0 0 0 0 0 0 0 0 0 0 0 0 0 0 0 0 0 0 0 0 0 18 49 0 0 0 36 0
0 0 3 0 0 0 0 0 0 0 0 16 0 0 0 0 0 0 0 0 0 0 0 0 0 0 0 0 0 0 0 0 0 0 23 45 0 0 0 35 1
1 0 15 3 0 0 0 0 0 0 0 3 0 0 0 0 0 0 0 0 0 0 0 1 0 0 0 0 0 2 0 23 0 0 25 24 0 5 0 21 6
0 0 0 0 0 0 0 0 0 0 0 24 0 0 0 0 0 0 0 0 0 0 1 0 0 0 0 0 0 0 0 0 0 0 17 53 0 0 0 39 0
0 0 0 0 0 0 0 0 0 0 0 22 0 0 0 0 0 0 0 0 0 0 0 0 0 0 0 0 0 0 0 0 0 0 17 50 0 0 0 37 0
0 0 0 0 0 0 0 0 0 0 0 21 0 0 0 0 0 0 0 0 0 0 0 0 0 0 0 0 0 0 0 0 0 0 19 49 0 0 0 36 0
0 0 0 0 0 0 0 0 0 0 0 23 0 0 0 0 0 0 0 0 0 0 0 0 0 0 0 0 0 0 0 0 0 0 17 51 0 0 0 38 0
0 0 3 0 0 0 0 0 0 0 0 16 0 0 0 0 0 0 0 0 0 0 0 0 0 0 0 0 0 0 0 0 0 0 22 43 0 0 0 33 0
3 0 16 5 0 0 0 0 0 0 0 2 0 0 0 0 0 0 0 1 0 0 0 1 0 0 0 1 0 2 0 26 0 0 25 21 0 6 0 19 5
0 0 12 0 0 0 0 0 0 0 0 7 0 0 0 0 0 0 0 0 0 0 0 0 0 0 0 0 0 1 0 14 0 0 24 30 0 4 0 25 4
0 0 0 0 0 0 0 0 0 0 0 21 0 0 0 0 0 0 0 0 0 0 0 0 0 0 0 0 0 0 0 0 0 0 18 49 0 0 0 36 0
36 0 21 59 0 0 0 0 0 0 0 0 0 38 0 0 0 0 0 14 0 0 0 0 0 0 20 0 0 0 0 72 0 0 0 0 0 12 0 0 0
0 0 0 0 0 0 0 0 0 0 0 20 0 0 0 0 0 0 0 0 0 0 0 0 0 0 0 0 0 0 0 0 0 0 20 48 0 0 0 36 0
0 0 0 0 0 0 0 0 0 0 0 18 0 0 0 0 0 0 0 0 0 0 0 0 0 0 0 0 0 0 0 0 0 0 20 45 0 0 0 35 0
0 0 0 0 0 0 0 0 0 0 0 22 0 0 0 0 0 0 0 0 0 0 0 0 0 0 0 0 0 0 0 0 0 0 17 50 0 0 0 37 0
0 0 0 0 0 0 0 0 0 0 0 22 0 0 0 0 0 0 0 0 0 0 0 0 0 0 0 0 0 0 0 0 0 0 18 50 0 0 0 38 0
34 0 21 55 0 0 0 0 0 0 0 0 0 35 0 0 0 0 0 13 0 0 0 0 0 0 18 0 0 0 0 69 0 0 0 0 0 12 0 0 0
0 0 0 0 0 0 0 0 0 0 0 23 0 0 0 0 0 0 0 0 0 0 1 0 0 0 0 0 0 0 0 0 0 0 17 50 0 0 0 37 0
0 0 0 0 0 0 0 0 0 0 0 17 0 0 0 0 0 0 0 0 0 0 0 0 0 0 0 0 0 0 0 0 0 0 21 44 0 0 0 34 0
13 0 21 23 0 0 0 0 0 0 0 0 0 12 0 0 0 0 0 5 0 0 0 0 0 0 3 0 0 2 0 46 0 0 21 0 0 9 0 0 6
0 0 0 0 0 0 0 0 0 0 0 23 0 0 0 0 0 0 0 0 0 0 1 0 0 0 0 0 0 0 0 0 0 0 17 51 0 0 0 37 0
0 0 0 0 0 0 0 0 0 0 0 24 0 0 0 0 0 0 0 0 0 0 1 0 0 0 0 0 1 0 0 0 0 0 17 53 0 0 0 39 0
0 0 0 0 0 0 0 0 0 0 0 23 0 0 0 0 0 0 0 0 0 0 0 0 0 0 0 0 0 0 0 0 0 0 17 51 0 0 0 38 0
37 0 21 61 0 0 0 0 0 0 0 0 0 39 0 0 0 0 0 14 0 0 0 0 0 0 21 0 0 0 0 73 0 0 0 0 0 12 0 0 0
0 0 0 0 0 0 0 0 0 0 0 21 0 0 0 0 0 0 0 0 0 0 0 0 0 0 0 0 0 0 0 0 0 0 18 49 0 0 0 36 0
0 0 0 0 0 0 0 0 0 0 0 22 0 0 0 0 0 0 0 0 0 0 0 0 0 0 0 0 0 0 0 0 0 0 18 50 0 0 0 37 0
15 0 21 25 0 0 0 0 0 0 0 0 0 14 0 0 0 0 0 5 0 0 0 0 0 0 4 0 0 2 0 48 0 0 19 0 0 9 0 0 5
0 0 0 0 0 0 0 0 0 0 0 23 0 0 0 0 0 0 0 0 0 0 0 0 0 0 0 0 0 0 0 0 0 0 16 51 0 0 0 37 0
0 0 0 0 0 0 0 0 0 0 0 26 0 0 0 0 0 0 0 0 0 0 1 0 0 0 0 0 1 0 0 0 0 0 17 55 0 0 0 41 0
0 0 0 0 0 0 0 0 0 0 0 22 0 0 0 0 0 0 0 0 0 0 0 0 0 0 0 0 0 0 0 0 0 0 19 50 0 0 0 37 0
0 0 4 0 0 0 0 0 0 0 0 14 0 0 0 0 0 0 0 0 0 0 0 0 0 0 0 0 0 0 0 0 0 0 23 40 0 0 0 32 1
10 0 19 17 0 0 0 0 0 0 0 0 0 8 0 0 0 0 0 3 0 0 0 1 0 0 1 0 0 2 0 40 0 0 22 1 0 8 0 5 6
0 0 3 0 0 0 0 0 0 0 0 17 0 0 0 0 0 0 0 0 0 0 0 0 0 0 0 0 0 0 0 0 0 0 22 44 0 0 0 34 0
27 0 22 45 0 0 0 0 0 0 0 0 0 28 0 0 0 0 0 10 0 0 0 0 0 0 13 0 0 1 0 63 0 0 10 0 0 11 0 0 2
0 0 0 0 0 0 0 0 0 0 0 24 0 0 0 0 0 0 0 0 0 0 0 0 0 0 0 0 0 0 0 0 0 0 17 52 0 0 0 39 0
47 0 22 78 0 0 0 0 0 0 0 0 0 49 0 0 0 0 0 17 0 0 0 0 0 0 26 0 0 0 0 88 0 0 0 0 0 14 0 0 0
0 0 0 0 0 0 0 0 0 0 0 24 0 0 0 0 0 0 0 0 0 0 1 0 0 0 0 0 0 0 0 0 0 0 17 51 0 0 0 38 0
0 0 0 0 0 0 0 0 0 0 0 21 0 0 0 0 0 0 0 0 0 0 0 0 0 0 0 0 0 0 0 0 0 0 19 49 0 0 0 36 0
0 0 11 0 0 0 0 0 0 0 0 8 0 0 0 0 0 0 0 0 0 0 0 0 0 0 0 0 0 1 0 11 0 0 24 31 0 3 0 26 4
0 0 0 0 0 0 0 0 0 0 0 23 0 0 0 0 0 0 0 0 0 0 1 0 0 0 0 0 0 0 0 0 0 0 17 51 0 0 0 38 0
0 0 0 0 0 0 0 0 0 0 0 21 0 0 0 0 0 0 0 0 0 0 0 0 0 0 0 0 0 0 0 0 0 0 18 49 0 0 0 37 0
25 0 22 42 0 0 0 0 0 0 0 0 0 25 0 0 0 0 0 9 0 0 0 0 0 0 11 0 0 2 0 62 0 0 13 0 0 11 0 0 3
32 0 21 53 0 0 0 0 0 0 0 0 0 34 0 0 0 0 0 13 0 0 0 0 0 0 17 0 0 1 0 68 0 0 2 0 0 12 0 0 0
0 0 9 0 0 0 0 0 0 0 0 10 0 0 0 0 0 0 0 0 0 0 0 0 0 0 0 0 0 1 0 7 0 0 25 36 0 2 0 30 3
22 0 22 37 0 0 0 0 0 0 0 0 0 22 0 0 0 0 0 8 0 0 0 0 0 0 9 0 0 2 0 59 0 0 17 0 0 11 0 0 4
16 0 21 28 0 0 0 0 0 0 0 0 0 16 0 0 0 0 0 6 0 0 0 0 0 0 5 0 0 2 0 51 0 0 19 0 0 10 0 0 5
25 0 22 42 0 0 0 0 0 0 0 0 0 25 0 0 0 0 0 9 0 0 0 0 0 0 12 0 0 2 0 61 0 0 12 0 0 11 0 0 3
0 0 0 0 0 0 0 0 0 0 0 23 0 0 0 0 0 0 0 0 0 0 1 0 0 0 0 0 0 0 0 0 0 0 17 51 0 0 0 37 0
0 0 6 0 0 0 0 0 0 0 0 13 0 0 0 0 0 0 0 0 0 0 0 0 0 0 0 0 0 1 0 0 0 0 23 39 0 0 0 32 2
0 0 0 0 0 0 0 0 0 0 0 24 0 0 0 0 0 0 0 0 0 0 1 0 0 0 0 0 0 0 0 0 0 0 17 52 0 0 0 38 0
0 0 0 0 0 0 0 0 0 0 0 24 0 0 0 0 0 0 0 0 0 0 1 0 0 0 0 0 0 0 0 0 0 0 17 52 0 0 0 38 0
0 0 0 0 0 0 0 0 0 0 0 24 0 0 0 0 0 0 0 0 0 0 1 0 0 0 0 0 0 0 0 0 0 0 17 52 0 0 0 39 0
0 0 0 0 0 0 0 0 0 0 0 24 0 0 0 0 0 0 0 0 0 0 1 0 0 0 0 0 0 0 0 0 0 0 17 52 0 0 0 39 0
36 0 20 59 0 0 0 0 0 0 0 0 0 38 0 0 0 0 0 14 0 0 0 0 0 0 20 0 0 0 0 72 0 0 0 0 0 12 0 0 0
19 0 22 31 0 0 0 0 0 0 0 0 0 17 0 0 0 0 0 7 0 0 0 0 0 0 6 0 0 2 0 53 0 0 18 0 0 10 0 0 5
0 0 0 0 0 0 0 0 0 0 0 21 0 0 0 0 0 0 0 0 0 0 0 0 0 0 0 0 0 0 0 0 0 0 18 49 0 0 0 37 0
