0 0 15 0 0 0 0 0 0 0 0 0 0 0 0 0 0 0 0 0 0 0 20 0 0 0 0 8 0 0 0 22 0 0 58 49 0 0 0 55 4
0 0 0 0 0 0 0 0 0 14 0 0 0 0 0 0 0 0 0 0 0 0 0 0 0 0 5 0 21 0 0 2 0 0 53 42 0 18 0 44 0
0 0 16 0 0 0 0 0 0 0 0 0 0 0 0 0 0 0 0 0 0 0 23 0 0 0 0 11 0 0 0 25 0 0 62 50 0 0 0 59 5
0 0 11 0 0 0 0 0 0 0 0 0 0 0 0 0 0 0 0 0 0 0 10 0 0 0 0 1 0 0 0 17 0 1 55 52 0 0 0 54 0
0 0 0 9 0 0 0 0 0 21 0 0 0 0 0 0 0 0 0 0 0 0 0 0 0 0 15 0 65 0 0 0 0 0 0 0 0 72 0 34 0
0 0 14 0 0 0 0 0 0 0 0 0 0 0 0 0 0 0 0 0 0 0 19 0 0 0 0 7 0 0 0 21 0 0 55 48 0 0 0 52 3
0 0 1 0 0 0 0 0 0 8 0 0 0 0 0 0 0 0 0 0 0 0 0 0 0 0 0 0 11 0 0 10 0 0 55 50 0 5 0 52 0
0 0 0 4 0 0 0 0 0 22 0 0 0 0 0 0 0 0 0 0 0 0 0 0 0 0 12 0 51 0 0 0 0 0 12 0 0 55 0 27 0
0 0 14 0 0 0 0 0 0 0 0 0 0 0 0 0 0 0 0 0 0 0 19 0 0 0 0 7 0 0 0 21 0 0 55 47 0 0 0 52 3
0 0 17 0 0 0 0 0 0 0 0 0 0 0 0 0 0 0 0 0 0 0 24 0 0 0 0 11 0 0 0 24 0 0 58 48 0 0 0 55 5
0 0 10 0 0 0 0 0 0 0 0 0 0 0 0 0 0 0 0 0 0 0 9 0 0 0 0 0 0 0 0 16 0 1 55 52 0 0 0 53 0
0 0 15 0 0 0 0 0 0 0 0 0 0 0 0 0 0 0 0 0 0 0 20 0 0 0 0 8 0 0 0 21 0 0 54 46 0 0 0 50 3
0 0 0 9 0 0 0 0 0 22 0 0 0 0 0 0 0 0 0 0 0 0 0 0 0 0 14 0 64 0 0 0 0 0 4 0 0 70 0 33 0
0 0 0 9 0 0 0 0 0 22 0 0 0 0 0 0 0 0 0 0 0 0 0 0 0 0 14 0 64 0 0 0 0 0 4 0 0 69 0 34 0
0 0 0 0 0 0 0 0 0 11 0 0 0 0 0 0 0 0 0 0 0 0 0 0 0 0 2 0 18 0 0 5 0 0 51 43 0 13 0 45 0
0 0 15 0 0 0 0 0 0 0 0 0 0 0 0 0 0 0 0 0 0 0 22 0 0 0 0 9 0 0 0 23 0 0 57 47 0 0 0 53 4
0 0 17 0 0 0 0 0 0 0 0 0 0 0 0 0 0 0 0 0 0 0 25 0 0 0 0 11 0 0 0 25 0 0 60 49 0 0 0 57 6
0 0 0 0 0 0 0 0 0 16 0 0 0 0 0 0 0 0 0 0 0 0 0 0 0 0 7 0 27 0 0 0 0 0 47 35 0 26 0 42 0
1 0 6 12 0 0 0 0 0 21 0 0 0 0 0 0 0 0 0 0 0 0 0 0 0 0 31 0 98 0 0 0 0 0 0 0 0 119 0 32 0
0 0 7 0 0 0 0 0 0 2 0 0 0 0 0 0 0 0 0 0 0 0 4 0 0 0 0 0 0 0 0 14 0 0 55 53 0 0 0 53 0
0 0 3 0 0 0 0 0 0 5 0 0 0 0 0 0 0 0 0 0 0 0 0 0 0 0 0 0 5 0 0 12 0 0 55 51 0 0 0 52 0
0 0 15 0 0 0 0 0 0 0 0 0 0 0 0 0 0 0 0 0 0 0 19 0 0 0 0 7 0 0 0 22 0 0 55 48 0 0 0 52 3
0 0 9 0 0 0 0 0 0 1 0 0 0 0 0 0 0 0 0 0 0 0 6 0 0 0 0 0 0 0 0 16 0 0 58 55 0 0 0 55 0
0 0 15 0 0 0 0 0 0 0 0 0 0 0 0 0 0 0 0 0 0 0 19 0 0 0 0 7 0 0 0 21 0 0 57 49 0 0 0 54 3
0 0 0 0 0 0 0 0 0 13 0 0 0 0 0 0 0 0 0 0 0 0 0 0 0 0 3 0 21 0 0 4 0 0 50 41 0 17 0 44 0
0 0 0 0 0 0 0 0 0 9 0 0 0 0 0 0 0 0 0 0 0 0 0 0 0 0 0 0 14 0 0 9 0 0 56 50 0 7 0 51 0
0 0 14 0 0 0 0 0 0 0 0 0 0 0 0 0 0 0 0 0 0 0 18 0 0 0 0 7 0 0 0 20 0 0 54 47 0 0 0 51 3
0 0 0 0 0 0 0 0 0 15 0 0 0 0 0 0 0 0 0 0 0 0 0 0 0 0 6 0 24 0 0 0 0 0 50 38 0 22 0 42 0
0 0 15 0 0 0 0 0 0 0 0 0 0 0 0 0 0 0 0 0 0 0 20 0 0 0 0 8 0 0 0 21 0 0 56 49 0 0 0 53 4
0 0 0 0 0 0 0 0 0 18 0 0 0 0 0 0 0 0 0 0 0 0 0 0 0 0 9 0 31 0 0 0 0 0 49 32 0 30 0 40 0
0 0 15 0 0 0 0 0 0 0 0 0 0 0 0 0 0 0 0 0 0 0 19 0 0 0 0 8 0 0 0 21 0 0 55 48 0 0 0 52 3
0 0 15 0 0 0 0 0 0 0 0 0 0 0 0 0 0 0 0 0 0 0 19 0 0 0 0 8 0 0 0 22 0 0 57 48 0 0 0 54 3
0 0 0 0 0 0 0 0 0 18 0 0 0 0 0 0 0 0 0 0 0 0 0 0 0 0 8 0 31 0 0 0 0 0 45 29 0 32 0 39 0
0 0 0 2 0 0 0 0 0 22 0 0 0 0 0 0 0 0 0 0 0 0 0 0 0 0 9 0 44 0 0 0 0 0 23 4 0 47 0 28 0
0 0 0 0 0 0 0 0 0 20 0 0 0 0 0 0 0 0 0 0 0 0 0 0 0 0 9 0 34 0 0 0 0 0 42 25 0 35 0 39 0
0 0 0 9 0 0 0 0 0 22 0 0 0 0 0 0 0 0 0 0 0 0 0 0 0 0 15 0 68 0 0 0 0 0 0 0 0 75 0 35 0
0 0 14 0 0 0 0 0 0 0 0 0 0 0 0 0 0 0 0 0 0 0 17 0 0 0 0 6 0 0 0 19 0 0 53 47 0 0 0 50 2
0 0 0 0 0 0 0 0 0 11 0 0 0 0 0 0 0 0 0 0 0 0 0 0 0 0 2 0 19 0 0 6 0 0 51 43 0 13 0 45 0
0 0 15 0 0 0 0 0 0 0 0 0 0 0 0 0 0 0 0 0 0 0 18 0 0 0 0 7 0 0 0 21 0 0 57 49 0 0 0 54 3
0 0 0 6 0 0 0 0 0 22 0 0 0 0 0 0 0 0 0 0 0 0 0 0 0 0 12 0 56 0 0 0 0 0 10 0 0 60 0 29 0
0 0 15 0 0 0 0 0 0 0 0 0 0 0 0 0 0 0 0 0 0 0 21 0 0 0 0 9 0 0 0 22 0 0 56 48 0 0 0 53 4
0 0 0 6 0 0 0 0 0 22 0 0 0 0 0 0 0 0 0 0 0 0 0 0 0 0 12 0 56 0 0 0 0 0 11 0 0 59 0 29 0
0 0 0 9 0 0 0 0 0 21 0 0 0 0 0 0 0 0 0 0 0 0 0 0 0 0 15 0 66 0 0 0 0 0 0 0 0 73 0 34 0
0 0 0 0 0 0 0 0 0 8 0 0 0 0 0 0 0 0 0 0 0 0 0 0 0 0 1 0 11 0 0 9 0 0 56 51 0 5 0 51 0
0 0 0 6 0 0 0 0 0 21 0 0 0 0 0 0 0 0 0 0 0 0 0 0 0 0 12 0 56 0 0 0 0 0 10 0 0 60 0 29 0
0 0 14 0 0 0 0 0 0 0 0 0 0 0 0 0 0 0 0 0 0 0 18 0 0 0 0 7 0 0 0 20 0 1 52 46 0 0 0 49 3
0 0 0 0 0 0 0 0 0 12 0 0 0 0 0 0 0 0 0 0 0 0 0 0 0 0 2 0 19 0 0 3 0 0 49 41 0 15 0 42 0
0 0 15 0 0 0 0 0 0 0 0 0 0 0 0 0 0 0 0 0 0 0 20 0 0 0 0 8 0 0 0 22 0 0 58 49 0 0 0 54 3
0 0 0 0 0 0 0 0 0 19 0 0 0 0 0 0 0 0 0 0 0 0 0 0 0 0 9 0 32 0 0 0 0 0 41 26 0 33 0 38 0
0 0 7 0 0 0 0 0 0 2 0 0 0 0 0 0 0 0 0 0 0 0 4 0 0 0 0 0 0 0 0 15 0 0 55 53 0 0 0 53 0
0 0 11 0 0 0 0 0 0 0 0 0 0 0 0 0 0 0 0 0 0 0 9 0 0 0 0 0 0 0 0 17 0 0 58 54 0 0 0 57 0
0 0 0 2 0 0 0 0 0 22 0 0 0 0 0 0 0 0 0 0 0 0 0 0 0 0 10 0 43 0 0 0 0 0 25 5 0 46 0 28 0
0 0 12 0 0 0 0 0 0 0 0 0 0 0 0 0 0 0 0 0 0 0 14 0 0 0 0 4 0 0 0 19 0 1 55 49 0 0 0 53 1
0 0 0 0 0 0 0 0 0 13 0 0 0 0 0 0 0 0 0 0 0 0 0 0 0 0 3 0 21 0 0 3 0 0 48 39 0 17 0 43 0
0 0 0 8 0 0 0 0 0 21 0 0 0 0 0 0 0 0 0 0 0 0 0 0 0 0 19 0 73 0 0 0 0 0 0 0 0 85 0 36 0
0 0 0 8 0 0 0 0 0 21 0 0 0 0 0 0 0 0 0 0 0 0 0 0 0 0 13 0 60 0 0 0 0 0 7 0 0 65 0 31 0
0 0 11 0 0 0 0 0 0 0 0 0 0 0 0 0 0 0 0 0 0 0 11 0 0 0 0 2 0 0 0 16 0 1 54 51 0 0 0 52 0
0 0 16 0 0 0 0 0 0 0 0 0 0 0 0 0 0 0 0 0 0 0 23 0 0 0 0 10 0 0 0 24 0 0 58 48 0 0 0 55 5
0 0 14 0 0 0 0 0 0 0 0 0 0 0 0 0 0 0 0 0 0 0 20 0 0 0 0 8 0 0 0 21 0 0 55 47 0 0 0 51 3
0 0 16 0 0 0 0 0 0 0 0 0 0 0 0 0 0 0 0 0 0 0 23 0 0 0 0 10 0 0 0 23 0 0 55 47 0 0 0 51 5
0 0 14 0 0 0 0 0 0 0 0 0 0 0 0 0 0 0 0 0 0 0 18 0 0 0 0 6 0 0 0 20 0 0 54 48 0 0 0 51 2
0 0 7 0 0 0 0 0 0 3 0 0 0 0 0 0 0 0 0 0 0 0 3 0 0 0 0 0 0 0 0 14 0 0 57 53 0 0 0 54 0
0 0 2 0 0 0 0 0 0 7 0 0 0 0 0 0 0 0 0 0 0 0 0 0 0 0 0 0 8 0 0 11 0 0 56 52 0 1 0 53 0
0 0 15 0 0 0 0 0 0 0 0 0 0 0 0 0 0 0 0 0 0 0 21 0 0 0 0 9 0 0 0 23 0 0 58 49 0 0 0 55 4
0 0 14 0 0 0 0 0 0 0 0 0 0 0 0 0 0 0 0 0 0 0 19 0 0 0 0 7 0 0 0 20 0 0 53 46 0 0 0 51 3
0 0 17 0 0 0 0 0 0 0 0 0 0 0 0 0 0 0 0 0 0 0 24 0 0 0 0 12 0 0 0 26 0 0 64 50 0 0 0 60 6
0 0 0 0 0 0 0 0 0 9 0 0 0 0 0 0 0 0 0 0 0 0 0 0 0 0 0 0 15 0 0 9 0 0 54 47 0 8 0 49 0
0 0 0 3 0 0 0 0 0 22 0 0 0 0 0 0 0 0 0 0 0 0 0 0 0 0 11 0 47 0 0 0 0 0 16 0 0 50 0 26 0
0 0 16 0 0 0 0 0 0 0 0 0 0 0 0 0 0 0 0 0 0 0 23 0 0 0 0 11 0 0 0 25 0 0 64 51 0 0 0 60 5
0 0 17 0 0 0 0 0 0 0 0 0 0 0 0 0 0 0 0 0 0 0 24 0 0 0 0 11 0 0 0 26 0 0 65 52 0 0 0 61 6
0 0 0 0 0 0 0 0 0 16 0 0 0 0 0 0 0 0 0 0 0 0 0 0 0 0 6 0 26 0 0 0 0 0 48 36 0 24 0 42 0
0 0 0 0 0 0 0 0 0 11 0 0 0 0 0 0 0 0 0 0 0 0 0 0 0 0 1 0 19 0 0 6 0 0 52 44 0 13 0 46 0
0 0 16 0 0 0 0 0 0 0 0 0 0 0 0 0 0 0 0 0 0 0 22 0 0 0 0 9 0 0 0 22 0 0 54 46 0 0 0 51 4
0 0 9 0 0 0 0 0 0 1 0 0 0 0 0 0 0 0 0 0 0 0 7 0 0 0 0 0 0 0 0 15 0 1 53 51 0 0 0 51 0
0 0 0 0 0 0 0 0 0 11 0 0 0 0 0 0 0 0 0 0 0 0 0 0 0 0 2 0 19 0 0 7 0 0 54 45 0 13 0 49 0
0 0 0 0 0 0 0 0 0 21 0 0 0 0 0 0 0 0 0 0 0 0 0 0 0 0 9 0 36 0 0 0 0 0 37 20 0 39 0 37 0
0 0 0 0 0 0 0 0 0 21 0 0 0 0 0 0 0 0 0 0 0 0 0 0 0 0 9 0 38 0 0 0 0 0 34 16 0 40 0 34 0
0 0 9 0 0 0 0 0 0 1 0 0 0 0 0 0 0 0 0 0 0 0 7 0 0 0 0 0 0 0 0 15 0 0 55 52 0 0 0 53 0
0 0 1 0 0 0 0 0 0 8 0 0 0 0 0 0 0 0 0 0 0 0 0 0 0 0 0 0 10 0 0 11 0 0 56 51 0 5 0 53 0
0 0 15 0 0 0 0 0 0 0 0 0 0 0 0 0 0 0 0 0 0 0 22 0 0 0 0 9 0 0 0 23 0 0 60 49 0 0 0 56 4
0 0 0 0 0 0 0 0 0 15 0 0 0 0 0 0 0 0 0 0 0 0 0 0 0 0 6 0 22 0 0 0 0 0 49 37 0 20 0 40 0
0 0 13 0 0 0 0 0 0 0 0 0 0 0 0 0 0 0 0 0 0 0 15 0 0 0 0 5 0 0 0 19 0 1 53 47 0 0 0 50 1
0 0 0 0 0 0 0 0 0 19 0 0 0 0 0 0 0 0 0 0 0 0 0 0 0 0 8 0 33 0 0 0 0 0 41 26 0 34 0 39 0
0 0 13 0 0 0 0 0 0 0 0 0 0 0 0 0 0 0 0 0 0 0 16 0 0 0 0 6 0 0 0 19 0 0 54 48 0 0 0 51 2
0 0 0 9 0 0 0 0 0 21 0 0 0 0 0 0 0 0 0 0 0 0 0 0 0 0 19 0 73 0 0 0 0 0 0 0 0 85 0 36 0
0 0 0 4 0 0 0 0 0 22 0 0 0 0 0 0 0 0 0 0 0 0 0 0 0 0 11 0 51 0 0 0 0 0 14 0 0 54 0 27 0
0 0 16 0 0 0 0 0 0 0 0 0 0 0 0 0 0 0 0 0 0 0 23 0 0 0 0 11 0 0 0 24 0 0 59 48 0 0 0 55 5
0 0 14 0 0 0 0 0 0 0 0 0 0 0 0 0 0 0 0 0 0 0 17 0 0 0 0 6 0 0 0 20 0 0 53 47 0 0 0 50 2
0 0 16 0 0 0 0 0 0 0 0 0 0 0 0 0 0 0 0 0 0 0 22 0 0 0 0 9 0 0 0 22 0 0 54 46 0 0 0 51 4
0 0 6 0 0 0 0 0 0 4 0 0 0 0 0 0 0 0 0 0 0 0 2 0 0 0 0 0 2 0 0 15 0 0 60 57 0 0 0 58 0
0 0 0 0 0 0 0 0 0 18 0 0 0 0 0 0 0 0 0 0 0 0 0 0 0 0 9 0 31 0 0 0 0 0 44 29 0 32 0 40 0
0 0 15 0 0 0 0 0 0 0 0 0 0 0 0 0 0 0 0 0 0 0 20 0 0 0 0 8 0 0 0 21 0 0 57 49 0 0 0 54 3
0 0 0 5 0 0 0 0 0 22 0 0 0 0 0 0 0 0 0 0 0 0 0 0 0 0 11 0 53 0 0 0 0 0 12 0 0 56 0 28 0
0 0 15 0 0 0 0 0 0 0 0 0 0 0 0 0 0 0 0 0 0 0 20 0 0 0 0 8 0 0 0 21 0 0 55 48 0 0 0 52 4
0 0 15 0 0 0 0 0 0 0 0 0 0 0 0 0 0 0 0 0 0 0 22 0 0 0 0 9 0 0 0 23 0 0 57 47 0 0 0 54 4
0 0 15 0 0 0 0 0 0 0 0 0 0 0 0 0 0 0 0 0 0 0 20 0 0 0 0 8 0 0 0 22 0 0 56 48 0 0 0 52 3
0 0 15 0 0 0 0 0 0 0 0 0 0 0 0 0 0 0 0 0 0 0 20 0 0 0 0 8 0 0 0 23 0 0 58 49 0 0 0 55 4
0 0 16 0 0 0 0 0 0 0 0 0 0 0 0 0 0 0 0 0 0 0 21 0 0 0 0 9 0 0 0 23 0 0 57 48 0 0 0 53 4
0 0 15 0 0 0 0 0 0 0 0 0 0 0 0 0 0 0 0 0 0 0 21 0 0 0 0 9 0 0 0 22 0 0 56 47 0 0 0 52 4
0 0 14 0 0 0 0 0 0 0 0 0 0 0 0 0 0 0 0 0 0 0 19 0 0 0 0 7 0 0 0 21 0 0 54 47 0 0 0 51 3
0 0 4 0 0 0 0 0 0 5 0 0 0 0 0 0 0 0 0 0 0 0 0 0 0 0 0 0 3 0 0 12 0 0 55 51 0 0 0 52 0
0 0 0 0 0 0 0 0 0 11 0 0 0 0 0 0 0 0 0 0 0 0 0 0 0 0 1 0 17 0 0 6 0 0 52 45 0 12 0 47 0
0 0 4 0 0 0 0 0 0 5 0 0 0 0 0 0 0 0 0 0 0 0 0 0 0 0 0 0 5 0 0 13 0 0 57 53 0 0 0 55 0
0 0 12 0 0 0 0 0 0 0 0 0 0 0 0 0 0 0 0 0 0 0 13 0 0 0 0 4 0 0 0 19 0 1 55 50 0 0 0 52 1
0 0 0 8 0 0 0 0 0 21 0 0 0 0 0 0 0 0 0 0 0 0 0 0 0 0 15 0 66 0 0 0 0 0 0 0 0 73 0 35 0
0 0 14 0 0 0 0 0 0 0 0 0 0 0 0 0 0 0 0 0 0 0 17 0 0 0 0 6 0 0 0 20 0 0 56 49 0 0 0 53 2
0 0 13 0 0 0 0 0 0 0 0 0 0 0 0 0 0 0 0 0 0 0 15 0 0 0 0 5 0 0 0 19 0 0 55 49 0 0 0 53 1
0 0 0 0 0 0 0 0 0 20 0 0 0 0 0 0 0 0 0 0 0 0 0 0 0 0 9 0 35 0 0 0 0 0 36 20 0 37 0 37 0
0 0 2 0 0 0 0 0 0 7 0 0 0 0 0 0 0 0 0 0 0 0 0 0 0 0 0 0 7 0 0 10 0 0 55 50 0 1 0 50 0
0 0 0 0 0 0 0 0 0 10 0 0 0 0 0 0 0 0 0 0 0 0 0 0 0 0 0 0 15 0 0 7 0 0 52 45 0 10 0 47 0
0 0 11 0 0 0 0 0 0 0 0 0 0 0 0 0 0 0 0 0 0 0 10 0 0 0 0 1 0 0 0 18 0 0 59 54 0 0 0 57 0
0 0 1 0 0 0 0 0 0 8 0 0 0 0 0 0 0 0 0 0 0 0 0 0 0 0 0 0 11 0 0 11 0 0 55 50 0 5 0 52 0
0 0 3 0 0 0 0 0 0 6 0 0 0 0 0 0 0 0 0 0 0 0 0 0 0 0 0 0 7 0 0 11 0 0 56 51 0 1 0 52 0
0 0 0 7 0 0 0 0 0 22 0 0 0 0 0 0 0 0 0 0 0 0 0 0 0 0 12 0 58 0 0 0 0 0 10 0 0 61 0 30 0
0 0 18 0 0 0 0 0 0 0 0 0 0 0 0 0 0 0 0 0 0 0 25 0 0 0 0 12 0 0 0 26 0 0 62 50 0 0 0 58 7
0 0 15 0 0 0 0 0 0 0 0 0 0 0 0 0 0 0 0 0 0 0 22 0 0 0 0 9 0 0 0 22 0 0 56 47 0 0 0 52 4
0 0 12 0 0 0 0 0 0 0 0 0 0 0 0 0 0 0 0 0 0 0 12 0 0 0 0 3 0 0 0 19 0 1 54 50 0 0 0 52 0
0 0 7 0 0 0 0 0 0 2 0 0 0 0 0 0 0 0 0 0 0 0 5 0 0 0 0 0 0 0 0 15 0 1 57 54 0 0 0 54 0
0 0 0 0 0 0 0 0 0 19 0 0 0 0 0 0 0 0 0 0 0 0 0 0 0 0 9 0 33 0 0 0 0 0 40 25 0 34 0 38 0
0 0 11 0 0 0 0 0 0 0 0 0 0 0 0 0 0 0 0 0 0 0 12 0 0 0 0 2 0 0 0 17 0 1 54 50 0 0 0 52 0
0 0 5 0 0 0 0 0 0 3 0 0 0 0 0 0 0 0 0 0 0 0 2 0 0 0 0 0 0 0 0 14 0 0 55 53 0 0 0 52 0
0 0 2 0 0 0 0 0 0 7 0 0 0 0 0 0 0 0 0 0 0 0 0 0 0 0 0 0 7 0 0 11 0 0 56 51 0 1 0 52 0
0 0 0 3 0 0 0 0 0 22 0 0 0 0 0 0 0 0 0 0 0 0 0 0 0 0 11 0 47 0 0 0 0 0 18 0 0 50 0 26 0
0 0 0 0 0 0 0 0 0 16 0 0 0 0 0 0 0 0 0 0 0 0 0 0 0 0 7 0 28 0 0 0 0 0 45 32 0 27 0 40 0
0 0 0 0 0 0 0 0 0 10 0 0 0 0 0 0 0 0 0 0 0 0 0 0 0 0 1 0 17 0 0 7 0 0 52 44 0 11 0 46 0
0 0 13 0 0 0 0 0 0 0 0 0 0 0 0 0 0 0 0 0 0 0 14 0 0 0 0 4 0 0 0 19 0 1 54 50 0 0 0 52 1
0 0 15 0 0 0 0 0 0 0 0 0 0 0 0 0 0 0 0 0 0 0 21 0 0 0 0 9 0 0 0 21 0 0 54 45 0 0 0 51 4
0 0 0 1 0 0 0 0 0 22 0 0 0 0 0 0 0 0 0 0 0 0 0 0 0 0 10 0 43 0 0 0 0 0 27 6 0 46 0 28 0
0 0 15 0 0 0 0 0 0 0 0 0 0 0 0 0 0 0 0 0 0 0 19 0 0 0 0 7 0 0 0 21 0 0 55 48 0 0 0 52 3
0 0 0 9 0 0 0 0 0 21 0 0 0 0 0 0 0 0 0 0 0 0 0 0 0 0 22 0 78 0 0 0 0 0 0 0 0 92 0 35 0
0 0 9 0 0 0 0 0 0 1 0 0 0 0 0 0 0 0 0 0 0 0 6 0 0 0 0 0 0 0 0 15 0 0 55 52 0 0 0 53 0
0 0 17 0 0 0 0 0 0 0 0 0 0 0 0 0 0 0 0 0 0 0 24 0 0 0 0 11 0 0 0 23 0 0 58 47 0 0 0 54 5
0 0 0 4 0 0 0 0 0 22 0 0 0 0 0 0 0 0 0 0 0 0 0 0 0 0 11 0 52 0 0 0 0 0 14 0 0 54 0 27 0
0 0 14 0 0 0 0 0 0 0 0 0 0 0 0 0 0 0 0 0 0 0 19 0 0 0 0 7 0 0 0 21 0 0 56 48 0 0 0 54 3
0 0 14 0 0 0 0 0 0 0 0 0 0 0 0 0 0 0 0 0 0 0 17 0 0 0 0 6 0 0 0 19 0 1 52 47 0 0 0 49 2
0 0 2 0 0 0 0 0 0 6 0 0 0 0 0 0 0 0 0 0 0 0 0 0 0 0 0 0 6 0 0 11 0 0 55 52 0 0 0 51 0
0 0 0 0 0 0 0 0 0 10 0 0 0 0 0 0 0 0 0 0 0 0 0 0 0 0 1 0 17 0 0 9 0 0 56 49 0 11 0 52 0
0 0 0 0 0 0 0 0 0 19 0 0 0 0 0 0 0 0 0 0 0 0 0 0 0 0 8 0 31 0 0 0 0 0 45 29 0 32 0 42 0
0 0 11 0 0 0 0 0 0 0 0 0 0 0 0 0 0 0 0 0 0 0 10 0 0 0 0 1 0 0 0 18 0 1 56 52 0 0 0 54 0
0 0 15 0 0 0 0 0 0 0 0 0 0 0 0 0 0 0 0 0 0 0 19 0 0 0 0 7 0 0 0 21 0 0 57 49 0 0 0 54 3
0 0 11 0 0 0 0 0 0 0 0 0 0 0 0 0 0 0 0 0 0 0 9 0 0 0 0 1 0 0 0 17 0 1 55 51 0 0 0 53 0
0 0 6 0 0 0 0 0 0 3 0 0 0 0 0 0 0 0 0 0 0 0 3 0 0 0 0 0 0 0 0 14 0 0 57 55 0 0 0 55 0
0 0 15 0 0 0 0 0 0 0 0 0 0 0 0 0 0 0 0 0 0 0 20 0 0 0 0 8 0 0 0 21 0 0 55 47 0 0 0 52 3
0 0 0 5 0 0 0 0 0 22 0 0 0 0 0 0 0 0 0 0 0 0 0 0 0 0 12 0 53 0 0 0 0 0 13 0 0 56 0 27 0
0 0 0 8 0 0 0 0 0 21 0 0 0 0 0 0 0 0 0 0 0 0 0 0 0 0 15 0 67 0 0 0 0 0 0 0 0 75 0 36 0
0 0 0 9 0 0 0 0 0 21 0 0 0 0 0 0 0 0 0 0 0 0 0 0 0 0 14 0 63 0 0 0 0 0 2 0 0 69 0 34 0
0 0 0 1 0 0 0 0 0 21 0 0 0 0 0 0 0 0 0 0 0 0 0 0 0 0 9 0 38 0 0 0 0 0 31 13 0 41 0 31 0
0 0 0 0 0 0 0 0 0 14 0 0 0 0 0 0 0 0 0 0 0 0 0 0 0 0 4 0 22 0 0 2 0 0 49 38 0 19 0 42 0
0 0 0 0 0 0 0 0 0 21 0 0 0 0 0 0 0 0 0 0 0 0 0 0 0 0 9 0 35 0 0 0 0 0 37 19 0 37 0 35 0
0 0 11 0 0 0 0 0 0 0 0 0 0 0 0 0 0 0 0 0 0 0 10 0 0 0 0 1 0 0 0 16 0 1 54 51 0 0 0 53 0
0 0 12 0 0 0 0 0 0 0 0 0 0 0 0 0 0 0 0 0 0 0 14 0 0 0 0 4 0 0 0 18 0 1 53 49 0 0 0 51 1
0 0 0 0 0 0 0 0 0 16 0 0 0 0 0 0 0 0 0 0 0 0 0 0 0 0 6 0 25 0 0 0 0 0 48 35 0 23 0 40 0
0 0 14 0 0 0 0 0 0 0 0 0 0 0 0 0 0 0 0 0 0 0 18 0 0 0 0 7 0 0 0 20 0 0 54 47 0 0 0 51 2
0 0 15 0 0 0 0 0 0 0 0 0 0 0 0 0 0 0 0 0 0 0 20 0 0 0 0 8 0 0 0 22 0 0 56 47 0 0 0 52 3
0 0 14 0 0 0 0 0 0 0 0 0 0 0 0 0 0 0 0 0 0 0 17 0 0 0 0 6 0 0 0 20 0 0 54 48 0 0 0 52 2
0 0 13 0 0 0 0 0 0 0 0 0 0 0 0 0 0 0 0 0 0 0 15 0 0 0 0 4 0 0 0 19 0 1 56 51 0 0 0 54 1
0 0 0 0 0 0 0 0 0 18 0 0 0 0 0 0 0 0 0 0 0 0 0 0 0 0 9 0 31 0 0 0 0 0 42 27 0 32 0 39 0
0 0 13 0 0 0 0 0 0 0 0 0 0 0 0 0 0 0 0 0 0 0 14 0 0 0 0 4 0 0 0 18 0 1 54 49 0 0 0 52 1
0 0 9 0 0 0 0 0 0 1 0 0 0 0 0 0 0 0 0 0 0 0 7 0 0 0 0 0 0 0 0 16 0 1 55 52 0 0 0 54 0
0 0 16 0 0 0 0 0 0 0 0 0 0 0 0 0 0 0 0 0 0 0 22 0 0 0 0 10 0 0 0 24 0 0 61 49 0 0 0 57 4
0 0 12 0 0 0 0 0 0 0 0 0 0 0 0 0 0 0 0 0 0 0 14 0 0 0 0 4 0 0 0 19 0 0 56 50 0 0 0 53 1
0 0 14 0 0 0 0 0 0 0 0 0 0 0 0 0 0 0 0 0 0 0 18 0 0 0 0 6 0 0 0 20 0 1 53 48 0 0 0 50 2
0 0 11 0 0 0 0 0 0 0 0 0 0 0 0 0 0 0 0 0 0 0 12 0 0 0 0 2 0 0 0 18 0 1 53 50 0 0 0 51 0
0 0 0 7 0 0 0 0 0 22 0 0 0 0 0 0 0 0 0 0 0 0 0 0 0 0 13 0 59 0 0 0 0 0 10 0 0 63 0 31 0
0 0 13 0 0 0 0 0 0 0 0 0 0 0 0 0 0 0 0 0 0 0 15 0 0 0 0 5 0 0 0 18 0 0 53 48 0 0 0 51 1
0 0 15 0 0 0 0 0 0 0 0 0 0 0 0 0 0 0 0 0 0 0 20 0 0 0 0 8 0 0 0 21 0 0 55 47 0 0 0 52 3
0 0 0 0 0 0 0 0 0 21 0 0 0 0 0 0 0 0 0 0 0 0 0 0 0 0 9 0 38 0 0 0 0 0 33 15 0 41 0 34 0
0 0 0 0 0 0 0 0 0 10 0 0 0 0 0 0 0 0 0 0 0 0 0 0 0 0 1 0 16 0 0 6 0 0 52 44 0 11 0 46 0
0 0 3 0 0 0 0 0 0 5 0 0 0 0 0 0 0 0 0 0 0 0 0 0 0 0 0 0 5 0 0 12 0 0 55 51 0 0 0 52 0
0 0 15 0 0 0 0 0 0 0 0 0 0 0 0 0 0 0 0 0 0 0 20 0 0 0 0 8 0 0 0 22 0 0 57 48 0 0 0 53 3
0 0 12 0 0 0 0 0 0 0 0 0 0 0 0 0 0 0 0 0 0 0 15 0 0 0 0 5 0 0 0 19 0 0 54 48 0 0 0 52 1
0 0 10 0 0 0 0 0 0 0 0 0 0 0 0 0 0 0 0 0 0 0 9 0 0 0 0 0 0 0 0 17 0 1 56 53 0 0 0 54 0
0 0 0 0 0 0 0 0 0 14 0 0 0 0 0 0 0 0 0 0 0 0 0 0 0 0 6 0 23 0 0 3 0 0 54 43 0 20 0 47 0
0 0 0 3 0 0 0 0 0 22 0 0 0 0 0 0 0 0 0 0 0 0 0 0 0 0 11 0 48 0 0 0 0 0 17 0 0 51 0 26 0
0 0 14 0 0 0 0 0 0 0 0 0 0 0 0 0 0 0 0 0 0 0 19 0 0 0 0 8 0 0 0 21 0 0 56 48 0 0 0 52 3
0 0 2 10 0 0 0 0 0 21 0 0 0 0 0 0 0 0 0 0 0 0 0 0 0 0 25 0 85 0 0 0 0 0 0 0 0 102 0 34 0
0 0 0 0 0 0 0 0 0 12 0 0 0 0 0 0 0 0 0 0 0 0 0 0 0 0 3 0 20 0 0 4 0 0 50 41 0 15 0 42 0
0 0 7 0 0 0 0 0 0 3 0 0 0 0 0 0 0 0 0 0 0 0 3 0 0 0 0 0 1 0 0 14 0 0 56 53 0 0 0 54 0
0 0 2 0 0 0 0 0 0 7 0 0 0 0 0 0 0 0 0 0 0 0 0 0 0 0 0 0 8 0 0 11 0 0 56 52 0 1 0 52 0
0 0 0 0 0 0 0 0 0 14 0 0 0 0 0 0 0 0 0 0 0 0 0 0 0 0 5 0 25 0 0 1 0 0 47 36 0 22 0 41 0
0 0 14 0 0 0 0 0 0 0 0 0 0 0 0 0 0 0 0 0 0 0 19 0 0 0 0 7 0 0 0 21 0 0 54 47 0 0 0 52 3
0 0 16 0 0 0 0 0 0 0 0 0 0 0 0 0 0 0 0 0 0 0 23 0 0 0 0 10 0 0 0 23 0 0 57 48 0 0 0 53 4
0 0 0 8 0 0 0 0 0 22 0 0 0 0 0 0 0 0 0 0 0 0 0 0 0 0 16 0 68 0 0 0 0 0 0 0 0 76 0 35 0
0 0 12 0 0 0 0 0 0 0 0 0 0 0 0 0 0 0 0 0 0 0 13 0 0 0 0 3 0 0 0 18 0 0 55 49 0 0 0 53 0
0 0 0 4 0 0 0 0 0 22 0 0 0 0 0 0 0 0 0 0 0 0 0 0 0 0 11 0 49 0 0 0 0 0 17 0 0 52 0 26 0
0 0 0 8 0 0 0 0 0 21 0 0 0 0 0 0 0 0 0 0 0 0 0 0 0 0 17 0 70 0 0 0 0 0 0 0 0 81 0 36 0
0 0 0 0 0 0 0 0 0 17 0 0 0 0 0 0 0 0 0 0 0 0 0 0 0 0 7 0 28 0 0 0 0 0 45 31 0 28 0 39 0
0 0 0 0 0 0 0 0 0 21 0 0 0 0 0 0 0 0 0 0 0 0 0 0 0 0 9 0 36 0 0 0 0 0 36 19 0 38 0 35 0
0 0 0 0 0 0 0 0 0 10 0 0 0 0 0 0 0 0 0 0 0 0 0 0 0 0 1 0 17 0 0 8 0 0 53 46 0 11 0 48 0
0 0 14 0 0 0 0 0 0 0 0 0 0 0 0 0 0 0 0 0 0 0 18 0 0 0 0 6 0 0 0 20 0 0 54 48 0 0 0 51 2
0 0 16 0 0 0 0 0 0 0 0 0 0 0 0 0 0 0 0 0 0 0 22 0 0 0 0 10 0 0 0 23 0 0 58 47 0 0 0 55 4
0 0 14 0 0 0 0 0 0 0 0 0 0 0 0 0 0 0 0 0 0 0 17 0 0 0 0 6 0 0 0 20 0 1 52 46 0 0 0 49 2
0 0 6 0 0 0 0 0 0 4 0 0 0 0 0 0 0 0 0 0 0 0 2 0 0 0 0 0 0 0 0 14 0 0 57 55 0 0 0 55 0
0 0 0 7 0 0 0 0 0 22 0 0 0 0 0 0 0 0 0 0 0 0 0 0 0 0 13 0 60 0 0 0 0 0 8 0 0 64 0 31 0
0 0 16 0 0 0 0 0 0 0 0 0 0 0 0 0 0 0 0 0 0 0 22 0 0 0 0 9 0 0 0 22 0 0 55 46 0 0 0 52 4
0 0 0 0 0 0 0 0 0 11 0 0 0 0 0 0 0 0 0 0 0 0 0 0 0 0 1 0 17 0 0 7 0 0 53 45 0 12 0 48 0
0 0 13 0 0 0 0 0 0 0 0 0 0 0 0 0 0 0 0 0 0 0 17 0 0 0 0 6 0 0 0 20 0 0 54 48 0 0 0 51 2
0 0 11 0 0 0 0 0 0 0 0 0 0 0 0 0 0 0 0 0 0 0 10 0 0 0 0 1 0 0 0 17 0 1 57 53 0 0 0 55 0
0 0 0 6 0 0 0 0 0 22 0 0 0 0 0 0 0 0 0 0 0 0 0 0 0 0 12 0 55 0 0 0 0 0 11 0 0 59 0 29 0
0 0 0 0 0 0 0 0 0 10 0 0 0 0 0 0 0 0 0 0 0 0 0 0 0 0 1 0 17 0 0 7 0 0 52 45 0 11 0 47 0
0 0 0 0 0 0 0 0 0 10 0 0 0 0 0 0 0 0 0 0 0 0 0 0 0 0 1 0 16 0 0 8 0 0 54 47 0 10 0 48 0
0 0 0 0 0 0 0 0 0 9 0 0 0 0 0 0 0 0 0 0 0 0 0 0 0 0 1 0 15 0 0 9 0 0 54 48 0 9 0 49 0
0 0 0 0 0 0 0 0 0 18 0 0 0 0 0 0 0 0 0 0 0 0 0 0 0 0 8 0 30 0 0 0 0 0 42 28 0 31 0 39 0
0 0 16 0 0 0 0 0 0 0 0 0 0 0 0 0 0 0 0 0 0 0 23 0 0 0 0 10 0 0 0 22 0 0 54 46 0 0 0 50 4
0 0 9 0 0 0 0 0 0 0 0 0 0 0 0 0 0 0 0 0 0 0 8 0 0 0 0 0 0 0 0 16 0 1 53 50 0 0 0 50 0
0 0 0 0 0 0 0 0 0 20 0 0 0 0 0 0 0 0 0 0 0 0 0 0 0 0 9 0 36 0 0 0 0 0 35 19 0 38 0 37 0
0 0 4 0 0 0 0 0 0 5 0 0 0 0 0 0 0 0 0 0 0 0 0 0 0 0 0 0 5 0 0 12 0 0 57 53 0 0 0 54 0
0 0 0 4 0 0 0 0 0 22 0 0 0 0 0 0 0 0 0 0 0 0 0 0 0 0 11 0 49 0 0 0 0 0 15 0 0 52 0 26 0
0 0 16 0 0 0 0 0 0 0 0 0 0 0 0 0 0 0 0 0 0 0 23 0 0 0 0 11 0 0 0 25 0 0 65 51 0 0 0 60 5
0 0 0 3 0 0 0 0 0 22 0 0 0 0 0 0 0 0 0 0 0 0 0 0 0 0 11 0 46 0 0 0 0 0 20 0 0 49 0 26 0
0 0 0 0 0 0 0 0 0 21 0 0 0 0 0 0 0 0 0 0 0 0 0 0 0 0 9 0 37 0 0 0 0 0 35 17 0 39 0 34 0
0 0 0 0 0 0 0 0 0 19 0 0 0 0 0 0 0 0 0 0 0 0 0 0 0 0 8 0 32 0 0 0 0 0 42 26 0 33 0 39 0
0 0 1 0 0 0 0 0 0 7 0 0 0 0 0 0 0 0 0 0 0 0 0 0 0 0 0 0 11 0 0 11 0 0 56 52 0 3 0 52 0
0 0 0 0 0 0 0 0 0 13 0 0 0 0 0 0 0 0 0 0 0 0 0 0 0 0 4 0 22 0 0 3 0 0 51 41 0 18 0 44 0
0 0 7 0 0 0 0 0 0 3 0 0 0 0 0 0 0 0 0 0 0 0 4 0 0 0 0 0 0 0 0 16 0 0 59 56 0 0 0 57 0
0 0 17 0 0 0 0 0 0 0 0 0 0 0 0 0 0 0 0 0 0 0 25 0 0 0 0 12 0 0 0 26 0 0 66 51 0 0 0 61 6
0 0 0 0 0 0 0 0 0 14 0 0 0 0 0 0 0 0 0 0 0 0 0 0 0 0 5 0 24 0 0 1 0 0 50 39 0 21 0 43 0
0 0 0 0 0 0 0 0 0 13 0 0 0 0 0 0 0 0 0 0 0 0 0 0 0 0 3 0 21 0 0 2 0 0 47 37 0 18 0 40 0
0 0 12 0 0 0 0 0 0 0 0 0 0 0 0 0 0 0 0 0 0 0 13 0 0 0 0 3 0 0 0 19 0 1 55 50 0 0 0 53 1
0 0 0 0 0 0 0 0 0 18 0 0 0 0 0 0 0 0 0 0 0 0 0 0 0 0 8 0 31 0 0 0 0 0 40 26 0 32 0 39 0
0 0 0 0 0 0 0 0 0 14 0 0 0 0 0 0 0 0 0 0 0 0 0 0 0 0 4 0 23 0 0 1 0 0 48 37 0 20 0 41 0
0 0 13 0 0 0 0 0 0 0 0 0 0 0 0 0 0 0 0 0 0 0 15 0 0 0 0 5 0 0 0 20 0 0 55 49 0 0 0 52 2
0 0 0 0 0 0 0 0 0 16 0 0 0 0 0 0 0 0 0 0 0 0 0 0 0 0 7 0 26 0 0 0 0 0 49 36 0 24 0 41 0
0 0 4 0 0 0 0 0 0 6 0 0 0 0 0 0 0 0 0 0 0 0 0 0 0 0 0 0 9 0 0 14 0 0 58 53 0 2 0 56 0
0 0 16 0 0 0 0 0 0 0 0 0 0 0 0 0 0 0 0 0 0 0 22 0 0 0 0 9 0 0 0 23 0 0 58 48 0 0 0 55 4
0 0 0 0 0 0 0 0 0 15 0 0 0 0 0 0 0 0 0 0 0 0 0 0 0 0 5 0 25 0 0 1 0 0 50 38 0 22 0 43 0
0 0 11 0 0 0 0 0 0 0 0 0 0 0 0 0 0 0 0 0 0 0 11 0 0 0 0 2 0 0 0 18 0 1 57 53 0 0 0 56 0
0 0 0 9 0 0 0 0 0 21 0 0 0 0 0 0 0 0 0 0 0 0 0 0 0 0 23 0 82 0 0 0 0 0 0 0 0 97 0 35 0
0 0 14 0 0 0 0 0 0 0 0 0 0 0 0 0 0 0 0 0 0 0 18 0 0 0 0 7 0 0 0 21 0 0 56 48 0 0 0 53 2
0 0 14 0 0 0 0 0 0 0 0 0 0 0 0 0 0 0 0 0 0 0 17 0 0 0 0 6 0 0 0 20 0 0 56 49 0 0 0 53 2
0 0 2 0 0 0 0 0 0 6 0 0 0 0 0 0 0 0 0 0 0 0 0 0 0 0 0 0 7 0 0 11 0 0 54 50 0 1 0 51 0
0 0 6 0 0 0 0 0 0 4 0 0 0 0 0 0 0 0 0 0 0 0 2 0 0 0 0 0 3 0 0 14 0 0 57 54 0 0 0 55 0
0 0 12 0 0 0 0 0 0 0 0 0 0 0 0 0 0 0 0 0 0 0 14 0 0 0 0 4 0 0 0 19 0 1 54 49 0 0 0 51 1
0 0 11 0 0 0 0 0 0 0 0 0 0 0 0 0 0 0 0 0 0 0 11 0 0 0 0 2 0 0 0 17 0 1 54 50 0 0 0 52 0
0 0 0 1 0 0 0 0 0 22 0 0 0 0 0 0 0 0 0 0 0 0 0 0 0 0 9 0 40 0 0 0 0 0 31 11 0 43 0 31 0
0 0 0 0 0 0 0 0 0 15 0 0 0 0 0 0 0 0 0 0 0 0 0 0 0 0 5 0 25 0 0 0 0 0 48 36 0 22 0 41 0
0 0 15 0 0 0 0 0 0 0 0 0 0 0 0 0 0 0 0 0 0 0 22 0 0 0 0 9 0 0 0 22 0 0 56 47 0 0 0 52 4
0 0 0 0 0 0 0 0 0 21 0 0 0 0 0 0 0 0 0 0 0 0 0 0 0 0 9 0 37 0 0 0 0 0 33 15 0 40 0 33 0
0 0 4 0 0 0 0 0 0 6 0 0 0 0 0 0 0 0 0 0 0 0 0 0 0 0 0 0 6 0 0 13 0 0 60 56 0 0 0 57 0
0 0 0 7 0 0 0 0 0 21 0 0 0 0 0 0 0 0 0 0 0 0 0 0 0 0 13 0 58 0 0 0 0 0 9 0 0 62 0 30 0
0 0 15 0 0 0 0 0 0 0 0 0 0 0 0 0 0 0 0 0 0 0 19 0 0 0 0 8 0 0 0 20 0 0 55 47 0 0 0 51 3
0 0 11 0 0 0 0 0 0 0 0 0 0 0 0 0 0 0 0 0 0 0 11 0 0 0 0 2 0 0 0 18 0 1 55 52 0 0 0 53 0
0 0 6 0 0 0 0 0 0 2 0 0 0 0 0 0 0 0 0 0 0 0 3 0 0 0 0 0 0 0 0 14 0 1 54 53 0 0 0 52 0
0 0 0 0 0 0 0 0 0 15 0 0 0 0 0 0 0 0 0 0 0 0 0 0 0 0 5 0 24 0 0 0 0 0 49 37 0 21 0 41 0
0 0 0 8 0 0 0 0 0 22 0 0 0 0 0 0 0 0 0 0 0 0 0 0 0 0 13 0 61 0 0 0 0 0 7 0 0 65 0 32 0
0 0 0 0 0 0 0 0 0 12 0 0 0 0 0 0 0 0 0 0 0 0 0 0 0 0 2 0 18 0 0 5 0 0 53 44 0 13 0 44 0
0 0 0 2 0 0 0 0 0 21 0 0 0 0 0 0 0 0 0 0 0 0 0 0 0 0 10 0 43 0 0 0 0 0 25 6 0 45 0 29 0
0 0 15 0 0 0 0 0 0 0 0 0 0 0 0 0 0 0 0 0 0 0 21 0 0 0 0 9 0 0 0 21 0 0 56 47 0 0 0 53 4
0 0 13 0 0 0 0 0 0 0 0 0 0 0 0 0 0 0 0 0 0 0 15 0 0 0 0 5 0 0 0 19 0 0 55 50 0 0 0 53 1
0 0 14 0 0 0 0 0 0 0 0 0 0 0 0 0 0 0 0 0 0 0 18 0 0 0 0 7 0 0 0 20 0 0 52 46 0 0 0 50 3
0 0 0 3 0 0 0 0 0 22 0 0 0 0 0 0 0 0 0 0 0 0 0 0 0 0 11 0 46 0 0 0 0 0 21 0 0 49 0 26 0
0 0 10 0 0 0 0 0 0 1 0 0 0 0 0 0 0 0 0 0 0 0 8 0 0 0 0 0 0 0 0 16 0 0 57 54 0 0 0 55 0
0 0 0 4 0 0 0 0 0 22 0 0 0 0 0 0 0 0 0 0 0 0 0 0 0 0 12 0 52 0 0 0 0 0 14 0 0 54 0 27 0
0 0 14 0 0 0 0 0 0 0 0 0 0 0 0 0 0 0 0 0 0 0 17 0 0 0 0 6 0 0 0 20 0 0 54 48 0 0 0 51 2
0 0 16 0 0 0 0 0 0 0 0 0 0 0 0 0 0 0 0 0 0 0 21 0 0 0 0 8 0 0 0 22 0 0 58 50 0 0 0 55 4
0 0 15 0 0 0 0 0 0 0 0 0 0 0 0 0 0 0 0 0 0 0 21 0 0 0 0 9 0 0 0 22 0 0 55 47 0 0 0 52 4
