1 0 26 15 0 0 0 0 0 0 0 0 0 0 0 0 0 0 0 0 0 0 15 0 6 0 0 0 0 0 0 58 0 0 27 5 0 16 0 7 8
0 0 15 6 0 0 0 0 0 0 0 0 0 0 0 0 0 0 0 0 0 0 11 1 0 0 0 1 3 0 0 49 0 0 41 24 0 5 0 24 7
0 0 18 8 0 0 0 0 0 0 0 0 0 0 0 0 0 0 0 0 0 0 16 0 0 0 0 0 0 0 0 43 0 0 27 19 0 8 0 19 5
0 0 22 13 0 0 0 0 0 0 0 0 0 0 0 0 0 0 0 0 0 0 20 0 3 0 0 0 0 0 0 51 0 0 16 8 0 17 0 6 6
16 0 1 0 0 0 0 0 0 0 0 0 0 0 0 0 0 0 0 0 0 0 0 1 0 0 4 1 0 0 0 1 0 0 19 27 0 0 0 32 0
0 0 5 0 0 0 0 0 0 0 0 0 0 0 0 0 0 0 0 0 0 0 0 0 0 0 3 2 2 0 0 15 0 0 31 33 0 0 0 36 0
0 0 12 4 0 0 0 0 0 0 0 0 0 0 0 0 0 0 0 0 0 0 7 0 0 0 0 2 4 0 0 39 0 0 42 27 0 1 0 28 4
8 0 2 0 0 0 0 0 0 0 0 0 0 0 0 0 0 0 0 0 0 0 0 0 0 0 4 2 1 0 0 6 0 0 24 29 0 0 0 34 0
0 0 17 7 0 0 0 0 0 0 0 0 0 0 0 0 0 0 0 0 0 0 12 1 2 0 0 1 2 0 0 48 0 0 38 18 0 8 0 19 7
0 0 5 0 0 0 0 0 0 0 0 0 0 0 0 0 0 0 0 0 0 0 0 0 0 0 3 2 3 0 0 16 0 0 33 33 0 0 0 37 0
2 0 2 0 0 0 0 0 0 0 0 0 0 0 0 0 0 0 0 0 0 0 0 0 0 0 4 2 2 0 0 6 0 0 28 31 0 0 0 37 0
0 0 6 0 0 0 0 0 0 0 0 0 0 0 0 0 0 0 0 0 0 0 0 0 0 0 2 1 1 0 0 16 0 0 31 33 0 0 0 35 0
15 0 0 0 0 0 0 0 0 0 0 0 0 0 0 0 0 0 0 0 0 0 0 0 0 0 3 1 0 0 0 0 0 1 17 28 0 0 0 34 0
16 0 0 0 0 0 0 0 0 0 0 0 0 0 0 0 0 0 0 0 0 0 0 0 0 0 3 1 0 0 0 0 0 1 16 26 0 0 0 34 0
0 0 23 12 0 0 0 0 0 0 0 0 0 0 0 0 0 1 0 0 0 0 15 0 4 0 0 0 0 0 0 55 0 0 32 10 0 14 0 12 7
5 0 2 0 0 0 0 0 0 0 0 0 0 0 0 0 0 0 0 0 0 0 0 0 0 0 5 2 1 0 0 7 0 0 26 31 0 0 0 37 0
0 0 4 0 0 0 0 0 0 0 0 0 0 0 0 0 0 0 0 0 0 0 0 0 0 0 4 2 3 0 0 15 0 0 32 34 0 0 0 37 0
7 0 1 0 0 0 0 0 0 0 0 0 0 0 0 0 0 0 0 0 0 0 0 0 0 0 3 2 1 0 0 1 0 0 24 29 0 0 0 36 0
0 0 15 6 0 0 0 0 0 0 0 0 0 0 0 0 0 0 0 0 0 0 12 0 0 0 0 0 1 0 0 45 0 0 36 23 0 6 0 23 6
10 0 0 0 0 0 0 0 0 0 0 0 0 0 0 0 0 0 0 0 0 0 0 0 0 0 4 2 0 0 0 0 0 0 22 29 0 0 0 37 0
0 0 3 0 0 0 0 0 0 0 0 0 0 0 0 0 0 0 0 0 0 0 0 0 0 0 4 2 2 0 0 13 0 0 30 33 0 0 0 36 0
0 0 15 6 0 0 0 0 0 0 0 0 0 0 0 0 0 0 0 0 0 0 12 1 1 0 0 1 3 0 0 50 0 0 42 23 0 6 0 24 6
2 0 4 0 0 0 0 0 0 0 0 0 0 0 0 0 0 0 0 0 0 0 0 0 0 0 4 2 2 0 0 14 0 0 29 32 0 0 0 35 0
0 0 8 0 0 0 0 0 0 0 0 0 0 0 0 0 0 0 0 0 0 0 3 0 0 0 1 2 3 0 0 25 0 0 38 32 0 0 0 36 1
0 0 16 6 0 0 0 0 0 0 0 0 0 0 0 0 0 0 0 0 0 0 14 0 0 0 0 0 0 0 0 42 0 0 31 23 0 7 0 23 5
0 0 4 0 0 0 0 0 0 0 0 0 0 0 0 0 0 0 0 0 0 0 0 0 0 0 3 1 1 0 0 11 0 0 30 34 0 0 0 37 0
0 0 6 0 0 0 0 0 0 0 0 0 0 0 0 0 0 0 0 0 0 0 0 0 0 0 2 2 2 0 0 16 0 0 32 33 0 0 0 36 0
0 0 5 0 0 0 0 0 0 0 0 0 0 0 0 0 0 0 0 0 0 0 0 0 0 0 2 1 1 0 0 15 0 0 30 33 0 0 0 36 0
0 0 5 0 0 0 0 0 0 0 0 0 0 0 0 0 0 0 0 0 0 0 0 0 0 0 2 1 1 0 0 16 0 0 31 33 0 0 0 36 0
55 1 11 0 0 0 0 0 0 0 0 0 0 0 0 0 0 0 0 2 0 0 0 8 0 0 0 0 0 0 0 3 0 3 0 5 0 0 0 5 4
55 1 11 0 0 0 0 0 0 0 0 0 0 0 0 0 0 0 0 2 0 0 0 8 0 0 0 0 0 0 0 1 0 3 0 4 0 0 0 4 3
2 0 5 0 0 0 0 0 0 0 0 0 0 0 0 0 0 0 0 0 0 0 0 0 0 0 3 1 1 0 0 15 0 0 30 33 0 0 0 35 0
4 0 2 0 0 0 0 0 0 0 0 0 0 0 0 0 0 0 0 0 0 0 0 0 0 0 3 2 1 0 0 8 0 0 27 32 0 0 0 37 0
0 0 24 15 0 0 0 0 0 0 0 0 0 0 0 0 0 2 0 0 0 0 19 0 5 0 0 0 0 0 0 53 0 0 18 4 0 18 0 4 7
1 0 5 0 0 0 0 0 0 0 0 0 0 0 0 0 0 0 0 0 0 0 0 0 0 0 3 2 1 0 0 15 0 0 30 33 0 0 0 35 0
0 0 5 0 0 0 0 0 0 0 0 0 0 0 0 0 0 0 0 0 0 0 0 0 0 0 3 2 3 0 0 15 0 0 32 33 0 0 0 37 0
0 0 6 0 0 0 0 0 0 0 0 0 0 0 0 0 0 0 0 0 0 0 1 0 0 0 2 1 1 0 0 17 0 0 32 33 0 0 0 36 0
0 0 8 0 0 0 0 0 0 0 0 0 0 0 0 0 0 0 0 0 0 0 5 0 0 0 2 0 1 0 0 20 0 0 31 34 0 0 0 36 0
0 0 12 4 0 0 0 0 0 0 0 0 0 0 0 0 0 0 0 0 0 0 15 0 0 0 1 0 0 0 0 34 0 0 22 23 0 7 0 24 1
0 1 24 17 0 0 0 0 0 0 0 0 0 0 0 0 0 1 0 0 0 0 22 0 7 0 0 0 0 0 0 56 0 0 5 0 0 23 0 0 8
35 0 7 0 0 0 0 0 0 0 0 0 0 0 0 0 0 0 0 0 0 0 0 4 0 0 2 0 0 0 0 2 0 2 6 16 0 0 0 20 0
7 0 2 0 0 0 0 0 0 0 0 0 0 0 0 0 0 0 0 0 0 0 0 0 0 0 4 2 1 0 0 6 0 0 26 31 0 0 0 37 0
0 0 24 15 0 0 0 0 0 0 0 0 0 0 0 0 0 1 0 0 0 0 21 0 6 0 0 0 0 0 0 53 0 0 13 1 0 20 0 0 7
0 0 8 0 0 0 0 0 0 0 0 0 0 0 0 0 0 0 0 0 0 0 3 0 0 0 0 2 4 0 0 30 0 0 42 32 0 0 0 35 1
0 0 10 1 0 0 0 0 0 0 0 0 0 0 0 0 0 0 0 0 0 0 9 0 0 0 1 0 0 0 0 26 0 0 30 31 0 0 0 32 1
0 0 10 2 0 0 0 0 0 0 0 0 0 0 0 0 0 0 0 0 0 0 8 0 0 0 0 1 3 0 0 36 0 0 40 31 0 0 0 31 3
40 0 8 0 0 0 0 0 0 0 0 0 0 0 0 0 0 0 0 0 0 0 0 5 0 0 1 0 0 0 0 3 0 2 3 14 0 0 0 16 1
6 0 2 0 0 0 0 0 0 0 0 0 0 0 0 0 0 0 0 0 0 0 0 0 0 0 3 2 1 0 0 5 0 0 26 31 0 0 0 37 0
1 0 5 0 0 0 0 0 0 0 0 0 0 0 0 0 0 0 0 0 0 0 3 0 0 0 3 1 0 0 0 14 0 0 28 32 0 0 0 34 0
0 0 13 4 0 0 0 0 0 0 0 0 0 0 0 0 0 0 0 0 0 0 12 0 0 0 0 0 1 0 0 37 0 0 33 26 0 4 0 26 4
0 0 22 12 0 0 0 0 0 0 0 0 0 0 0 0 0 2 0 0 0 0 17 0 3 0 0 0 0 0 0 50 0 0 22 9 0 15 0 11 6
0 0 10 1 0 0 0 0 0 0 0 0 0 0 0 0 0 0 0 0 0 0 6 0 0 0 1 0 1 0 0 27 0 0 34 31 0 0 0 33 1
0 0 12 4 0 0 0 0 0 0 0 0 0 0 0 0 0 0 0 0 0 0 5 0 0 0 0 2 4 0 0 38 0 0 43 27 0 0 0 31 3
0 0 22 12 0 0 0 0 0 0 0 0 0 0 0 0 0 1 0 0 0 0 15 0 4 0 0 0 0 0 0 52 0 0 28 11 0 13 0 12 7
0 8 22 22 0 0 0 0 0 0 0 0 0 0 0 0 0 0 0 0 0 0 28 0 17 0 0 0 0 0 0 68 0 0 0 0 0 38 0 0 13
38 0 9 1 0 0 0 0 0 0 0 0 0 0 0 0 0 0 0 0 0 0 0 5 0 0 1 0 0 0 0 5 0 2 5 14 0 0 0 17 1
0 0 6 0 0 0 0 0 0 0 0 0 0 0 0 0 0 0 0 0 0 0 4 0 0 0 2 1 1 0 0 18 0 0 30 34 0 0 0 36 0
16 0 0 0 0 0 0 0 0 0 0 0 0 0 0 0 0 0 0 0 0 0 0 0 0 0 3 1 0 0 0 0 0 1 17 28 0 0 0 35 0
0 9 14 19 0 0 0 0 0 0 0 0 0 0 0 0 0 0 0 0 0 0 29 0 16 0 0 0 0 0 0 65 0 1 0 0 0 37 0 0 13
0 1 25 17 0 0 0 0 0 0 0 0 0 0 0 0 0 1 0 0 0 0 20 0 8 0 0 0 0 0 0 57 0 0 12 0 0 21 0 0 8
34 0 6 0 0 0 0 0 0 0 0 0 0 0 0 0 0 0 0 0 0 0 0 4 0 0 2 0 0 0 0 4 0 2 8 17 0 0 0 20 0
0 1 25 17 0 0 0 0 0 0 0 0 0 0 0 0 0 1 0 0 0 0 20 0 9 0 0 0 0 0 0 57 0 0 12 0 0 22 0 0 8
8 0 1 0 0 0 0 0 0 0 0 0 0 0 0 0 0 0 0 0 0 0 0 0 0 0 4 2 1 0 0 1 0 0 24 30 0 0 0 37 0
32 0 5 0 0 0 0 0 0 0 0 0 0 0 0 0 0 0 0 0 0 0 0 3 0 0 1 0 0 0 0 0 0 2 8 19 0 0 0 23 0
0 4 22 19 0 0 0 0 0 0 0 0 0 0 0 0 0 0 0 0 0 0 25 0 11 0 0 0 0 0 0 63 0 0 0 0 0 28 0 0 11
48 1 10 0 0 0 0 0 0 0 0 0 0 0 0 0 0 0 0 1 0 0 0 6 0 0 0 0 0 0 0 0 0 3 0 8 0 0 0 10 1
0 3 23 18 0 0 0 0 0 0 0 0 0 0 0 0 0 0 0 0 0 0 23 0 9 0 0 0 0 0 0 58 0 0 0 0 0 26 0 0 10
0 0 12 4 0 0 0 0 0 0 0 0 0 0 0 0 0 0 0 0 0 0 10 1 0 0 0 1 3 0 0 43 0 0 42 26 0 4 0 27 5
8 0 1 0 0 0 0 0 0 0 0 0 0 0 0 0 0 0 0 0 0 0 0 0 0 0 4 2 1 0 0 4 0 0 24 29 0 0 0 34 0
30 0 7 0 0 0 0 0 0 0 0 0 0 0 0 0 0 0 0 0 0 0 0 3 0 0 2 0 0 0 0 4 0 2 9 19 0 0 0 23 0
1 0 5 0 0 0 0 0 0 0 0 0 0 0 0 0 0 0 0 0 0 0 0 0 0 0 3 2 2 0 0 15 0 0 30 33 0 0 0 36 0
0 0 12 2 0 0 0 0 0 0 0 0 0 0 0 0 0 0 0 0 0 0 10 0 0 0 0 0 1 0 0 36 0 0 35 30 0 1 0 30 3
0 2 25 19 0 0 0 0 0 0 0 0 0 0 0 0 0 0 0 0 0 0 19 0 11 0 0 0 0 0 0 64 0 0 15 0 0 23 0 0 10
0 0 9 0 0 0 0 0 0 0 0 0 0 0 0 0 0 0 0 0 0 0 8 0 0 0 1 0 1 0 0 25 0 0 31 33 0 0 0 34 0
0 2 24 18 0 0 0 0 0 0 0 0 0 0 0 0 0 0 0 0 0 0 22 0 10 0 0 0 0 0 0 61 0 0 5 0 0 26 0 0 10
5 0 3 0 0 0 0 0 0 0 0 0 0 0 0 0 0 0 0 0 0 0 0 0 0 0 4 1 0 0 0 9 0 0 26 32 0 0 0 36 0
0 6 19 19 0 0 0 0 0 0 0 0 0 0 0 0 0 0 0 0 0 0 27 0 14 0 0 0 0 0 0 64 0 0 0 0 0 33 0 0 13
0 0 24 15 0 0 0 0 0 0 0 0 0 0 0 0 0 1 0 0 0 0 20 0 7 0 0 0 0 0 0 56 0 0 15 0 0 21 0 0 7
14 0 1 0 0 0 0 0 0 0 0 0 0 0 0 0 0 0 0 0 0 0 0 0 0 0 4 1 0 0 0 0 0 0 19 28 0 0 0 34 0
4 0 2 0 0 0 0 0 0 0 0 0 0 0 0 0 0 0 0 0 0 0 0 0 0 0 3 2 1 0 0 6 0 0 27 32 0 0 0 36 0
24 0 1 0 0 0 0 0 0 0 0 0 0 0 0 0 0 0 0 0 0 0 0 2 0 0 2 0 0 0 0 0 0 1 12 23 0 0 0 29 0
0 0 6 0 0 0 0 0 0 0 0 0 0 0 0 0 0 0 0 0 0 0 0 0 0 0 2 2 2 0 0 19 0 0 34 33 0 0 0 36 0
0 0 26 17 0 0 0 0 0 0 0 0 0 0 0 0 0 2 0 0 0 0 19 0 7 0 0 0 0 0 0 56 0 0 16 0 0 20 0 0 7
0 0 25 15 0 0 0 0 0 0 0 0 0 0 0 0 0 1 0 0 0 0 18 0 6 0 0 0 0 0 0 55 0 0 22 2 0 17 0 5 7
1 0 3 0 0 0 0 0 0 0 0 0 0 0 0 0 0 0 0 0 0 0 0 0 0 0 3 1 1 0 0 9 0 0 28 34 0 0 0 38 0
0 0 17 8 0 0 0 0 0 0 0 0 0 0 0 0 0 0 0 0 0 0 16 0 0 0 0 0 0 0 0 43 0 0 26 19 0 10 0 18 5
0 0 16 7 0 0 0 0 0 0 0 0 0 0 0 0 0 0 0 0 0 0 11 2 1 0 0 1 3 0 0 48 0 0 40 19 0 8 0 19 7
0 0 25 17 0 0 0 0 0 0 0 0 0 0 0 0 0 0 0 0 0 0 18 0 9 0 0 0 0 0 0 59 0 0 18 0 0 20 0 0 8
0 0 6 0 0 0 0 0 0 0 0 0 0 0 0 0 0 0 0 0 0 0 0 0 0 0 2 3 3 0 0 21 0 0 36 34 0 0 0 37 0
0 0 8 0 0 0 0 0 0 0 0 0 0 0 0 0 0 0 0 0 0 0 7 0 0 0 1 0 1 0 0 24 0 0 32 32 0 0 0 33 1
0 0 25 16 0 0 0 0 0 0 0 0 0 0 0 0 0 1 0 0 0 0 19 0 7 0 0 0 0 0 0 56 0 0 16 0 0 21 0 0 7
0 5 21 19 0 0 0 0 0 0 0 0 0 0 0 0 0 0 0 0 0 0 26 0 13 0 0 0 0 0 0 63 0 0 0 0 0 31 0 0 11
0 0 24 15 0 0 0 0 0 0 0 0 0 0 0 0 0 0 0 0 0 0 17 0 7 0 0 0 0 0 0 57 0 0 21 1 0 18 0 2 8
0 0 25 17 0 0 0 0 0 0 0 0 0 0 0 0 0 0 0 0 0 0 18 0 9 0 0 0 0 0 0 59 0 0 17 0 0 20 0 0 9
0 6 21 20 0 0 0 0 0 0 0 0 0 0 0 0 0 0 0 0 0 0 26 0 14 0 0 0 0 0 0 65 0 0 0 0 0 33 0 0 13
0 0 11 1 0 0 0 0 0 0 0 0 0 0 0 0 0 0 0 0 0 0 10 0 0 0 0 0 1 0 0 30 0 0 32 30 0 0 0 31 2
8 0 2 0 0 0 0 0 0 0 0 0 0 0 0 0 0 0 0 0 0 0 0 0 0 0 3 2 0 0 0 2 0 0 24 30 0 0 0 37 0
0 0 4 0 0 0 0 0 0 0 0 0 0 0 0 0 0 0 0 0 0 0 1 0 0 0 2 1 1 0 0 13 0 0 31 34 0 0 0 37 0
0 3 25 20 0 0 0 0 0 0 0 0 0 0 0 0 0 0 0 0 0 0 21 0 12 0 0 0 0 0 0 64 0 0 7 0 0 26 0 0 11
0 1 25 18 0 0 0 0 0 0 0 0 0 0 0 0 0 0 0 0 0 0 20 0 9 0 0 0 0 0 0 60 0 0 13 0 0 22 0 0 9
0 3 19 16 0 0 0 0 0 0 0 0 0 0 0 0 0 0 0 0 0 0 24 0 10 0 0 0 0 0 0 58 0 0 0 0 0 27 0 0 10
0 0 5 0 0 0 0 0 0 0 0 0 0 0 0 0 0 0 0 0 0 0 0 0 0 0 2 2 3 0 0 19 0 0 35 34 0 0 0 37 0
0 0 10 1 0 0 0 0 0 0 0 0 0 0 0 0 0 0 0 0 0 0 7 0 0 0 0 2 4 0 0 37 0 0 44 31 0 0 0 35 3
0 0 7 0 0 0 0 0 0 0 0 0 0 0 0 0 0 0 0 0 0 0 2 0 0 0 2 1 1 0 0 21 0 0 33 33 0 0 0 36 0
5 0 4 0 0 0 0 0 0 0 0 0 0 0 0 0 0 0 0 0 0 0 0 0 0 0 4 2 1 0 0 12 0 0 28 31 0 0 0 36 0
0 0 18 8 0 0 0 0 0 0 0 0 0 0 0 0 0 0 0 0 0 0 13 0 1 0 0 0 1 0 0 47 0 0 34 17 0 10 0 19 6
6 0 2 0 0 0 0 0 0 0 0 0 0 0 0 0 0 0 0 0 0 0 0 0 0 0 4 2 1 0 0 6 0 0 26 31 0 0 0 36 0
6 0 2 0 0 0 0 0 0 0 0 0 0 0 0 0 0 0 0 0 0 0 0 0 0 0 3 2 1 0 0 5 0 0 26 31 0 0 0 37 0
4 0 2 0 0 0 0 0 0 0 0 0 0 0 0 0 0 0 0 0 0 0 0 0 0 0 3 2 1 0 0 8 0 0 28 33 0 0 0 37 0
0 0 18 8 0 0 0 0 0 0 0 0 0 0 0 0 0 0 0 0 0 0 12 2 2 0 0 1 2 0 0 52 0 0 39 19 0 8 0 18 8
0 2 23 18 0 0 0 0 0 0 0 0 0 0 0 0 0 0 0 0 0 0 22 0 10 0 0 0 0 0 0 59 0 0 2 0 0 25 0 0 10
0 0 23 14 0 0 0 0 0 0 0 0 0 0 0 0 0 2 0 0 0 0 19 0 4 0 0 0 0 0 0 49 0 0 16 5 0 17 0 4 7
1 0 3 0 0 0 0 0 0 0 0 0 0 0 0 0 0 0 0 0 0 0 0 0 0 0 3 2 2 0 0 10 0 0 29 34 0 0 0 38 0
0 0 9 1 0 0 0 0 0 0 0 0 0 0 0 0 0 0 0 0 0 0 2 0 0 0 1 2 3 0 0 26 0 0 37 32 0 0 0 35 1
0 0 23 14 0 0 0 0 0 0 0 0 0 0 0 0 0 0 0 0 0 0 21 0 5 0 0 0 0 0 0 53 0 0 14 4 0 19 0 1 7
0 2 22 17 0 0 0 0 0 0 0 0 0 0 0 0 0 0 0 0 0 0 23 0 8 0 0 0 0 0 0 56 0 0 1 0 0 24 0 0 9
0 7 18 19 0 0 0 0 0 0 0 0 0 0 0 0 0 0 0 0 0 0 27 0 14 0 0 0 0 0 0 65 0 0 0 0 0 33 0 0 13
0 0 7 1 0 0 0 0 0 0 0 0 0 0 0 0 0 0 0 0 0 0 0 0 0 0 2 3 4 0 0 23 0 0 36 33 0 0 0 36 0
0 0 24 14 0 0 0 0 0 0 0 0 0 0 0 0 0 1 0 0 0 0 16 0 5 0 0 0 0 0 0 56 0 0 27 7 0 16 0 8 8
0 0 13 5 0 0 0 0 0 0 0 0 0 0 0 0 0 0 0 0 0 0 8 2 0 0 0 2 5 0 0 47 0 0 45 22 0 4 0 24 5
0 0 4 0 0 0 0 0 0 0 0 0 0 0 0 0 0 0 0 0 0 0 1 0 0 0 2 1 1 0 0 12 0 0 31 34 0 0 0 37 0
1 0 3 0 0 0 0 0 0 0 0 0 0 0 0 0 0 0 0 0 0 0 0 0 0 0 3 2 2 0 0 11 0 0 30 33 0 0 0 36 0
0 4 20 17 0 0 0 0 0 0 0 0 0 0 0 0 0 0 0 0 0 0 25 0 10 0 0 0 0 0 0 59 0 0 0 0 0 27 0 0 11
0 2 23 18 0 0 0 0 0 0 0 0 0 0 0 0 0 1 0 0 0 0 22 0 8 0 0 0 0 0 0 56 0 0 3 0 0 24 0 0 9
0 0 23 14 0 0 0 0 0 0 0 0 0 0 0 0 0 2 0 0 0 0 19 0 4 0 0 0 0 0 0 51 0 0 16 7 0 16 0 6 7
0 0 7 0 0 0 0 0 0 0 0 0 0 0 0 0 0 0 0 0 0 0 0 0 0 0 3 2 2 0 0 20 0 0 33 33 0 0 0 36 0
0 0 24 16 0 0 0 0 0 0 0 0 0 0 0 0 0 1 0 0 0 0 21 0 7 0 0 0 0 0 0 55 0 0 11 0 0 21 0 0 7
2 0 5 0 0 0 0 0 0 0 0 0 0 0 0 0 0 0 0 0 0 0 0 0 0 0 3 2 2 0 0 16 0 0 32 32 0 0 0 36 0
3 0 3 0 0 0 0 0 0 0 0 0 0 0 0 0 0 0 0 0 0 0 0 0 0 0 3 1 1 0 0 10 0 0 28 32 0 0 0 36 0
0 0 7 0 0 0 0 0 0 0 0 0 0 0 0 0 0 0 0 0 0 0 1 0 0 0 2 1 2 0 0 21 0 0 34 34 0 0 0 36 0
0 0 9 1 0 0 0 0 0 0 0 0 0 0 0 0 0 0 0 0 0 0 6 0 0 0 0 1 2 0 0 29 0 0 37 32 0 0 0 34 1
10 0 1 0 0 0 0 0 0 0 0 0 0 0 0 0 0 0 0 0 0 0 0 0 0 0 4 2 0 0 0 2 0 0 23 29 0 0 0 37 0
10 0 3 0 0 0 0 0 0 0 0 0 0 0 0 0 0 0 0 0 0 0 0 0 0 0 4 2 1 0 0 7 0 0 23 29 0 0 0 34 0
0 0 9 0 0 0 0 0 0 0 0 0 0 0 0 0 0 0 0 0 0 0 6 0 0 0 0 1 2 0 0 26 0 0 36 32 0 0 0 36 0
0 4 25 21 0 0 0 0 0 0 0 0 0 0 0 0 0 0 0 0 0 0 23 0 12 0 0 0 0 0 0 65 0 0 1 0 0 28 0 0 11
0 0 9 1 0 0 0 0 0 0 0 0 0 0 0 0 0 0 0 0 0 0 3 0 0 0 0 2 4 0 0 32 0 0 43 31 0 0 0 34 2
0 0 11 3 0 0 0 0 0 0 0 0 0 0 0 0 0 0 0 0 0 0 5 1 0 0 0 3 5 0 0 38 0 0 46 27 0 0 0 31 3
10 0 0 0 0 0 0 0 0 0 0 0 0 0 0 0 0 0 0 0 0 0 0 0 0 0 3 1 0 0 0 0 0 0 21 29 0 0 0 35 0
0 0 21 11 0 0 0 0 0 0 0 0 0 0 0 0 0 1 0 0 0 0 17 0 2 0 0 0 0 0 0 47 0 0 22 12 0 13 0 12 6
16 0 2 0 0 0 0 0 0 0 0 0 0 0 0 0 0 0 0 0 0 0 0 1 0 0 3 1 0 0 0 1 0 0 18 26 0 0 0 32 0
1 6 18 18 0 0 0 0 0 0 0 0 0 0 0 0 0 0 0 0 0 0 27 0 12 0 0 0 0 0 0 62 0 0 0 0 0 31 0 0 12
3 0 3 0 0 0 0 0 0 0 0 0 0 0 0 0 0 0 0 0 0 0 0 0 0 0 3 1 1 0 0 11 0 0 28 33 0 0 0 36 0
0 0 20 11 0 0 0 0 0 0 0 0 0 0 0 0 0 0 0 0 0 0 13 1 3 0 0 1 1 0 0 51 0 0 35 13 0 11 0 15 7
0 3 22 19 0 0 0 0 0 0 0 0 0 0 0 0 0 0 0 0 0 0 24 0 11 0 0 0 0 0 0 60 0 0 0 0 0 28 0 0 10
0 0 7 0 0 0 0 0 0 0 0 0 0 0 0 0 0 0 0 0 0 0 1 0 0 0 1 2 3 0 0 25 0 0 37 33 0 0 0 36 1
0 7 16 17 0 0 0 0 0 0 0 0 0 0 0 0 0 0 0 0 0 0 27 0 13 0 0 0 0 0 0 61 0 0 0 0 0 32 0 0 12
31 0 4 0 0 0 0 0 0 0 0 0 0 0 0 0 0 0 0 0 0 0 0 3 0 0 2 0 0 0 0 0 0 2 5 18 0 0 0 23 0
0 2 21 16 0 0 0 0 0 0 0 0 0 0 0 0 0 0 0 0 0 0 23 0 8 0 0 0 0 0 0 55 0 0 1 0 0 24 0 0 9
0 0 19 9 0 0 0 0 0 0 0 0 0 0 0 0 0 0 0 0 0 0 16 0 1 0 0 0 0 0 0 44 0 0 24 15 0 12 0 14 6
5 0 2 0 0 0 0 0 0 0 0 0 0 0 0 0 0 0 0 0 0 0 0 0 0 0 3 2 1 0 0 9 0 0 27 32 0 0 0 36 0
0 0 23 12 0 0 0 0 0 0 0 0 0 0 0 0 0 0 0 0 0 0 15 0 5 0 0 0 0 0 0 56 0 0 31 8 0 15 0 11 7
0 0 23 15 0 0 0 0 0 0 0 0 0 0 0 0 0 2 0 0 0 0 19 0 5 0 0 0 0 0 0 51 0 0 15 3 0 19 0 2 7
0 0 6 0 0 0 0 0 0 0 0 0 0 0 0 0 0 0 0 0 0 0 0 0 0 0 2 2 2 0 0 18 0 0 33 34 0 0 0 36 0
9 0 0 0 0 0 0 0 0 0 0 0 0 0 0 0 0 0 0 0 0 0 0 0 0 0 3 2 1 0 0 0 0 0 23 29 0 0 0 37 0
0 0 23 14 0 0 0 0 0 0 0 0 0 0 0 0 0 0 0 0 0 0 21 0 4 0 0 0 0 0 0 50 0 0 13 4 0 19 0 4 6
0 0 10 2 0 0 0 0 0 0 0 0 0 0 0 0 0 0 0 0 0 0 4 1 0 0 0 3 5 0 0 37 0 0 47 29 0 0 0 32 3
15 0 2 0 0 0 0 0 0 0 0 0 0 0 0 0 0 0 0 0 0 0 0 0 0 0 3 1 0 0 0 2 0 0 18 27 0 0 0 33 0
0 2 23 17 0 0 0 0 0 0 0 0 0 0 0 0 0 0 0 0 0 0 23 0 9 0 0 0 0 0 0 58 0 0 3 0 0 25 0 0 9
0 0 8 1 0 0 0 0 0 0 0 0 0 0 0 0 0 0 0 0 0 0 1 0 0 0 1 2 3 0 0 25 0 0 36 32 0 0 0 36 1
0 0 7 0 0 0 0 0 0 0 0 0 0 0 0 0 0 0 0 0 0 0 5 0 0 0 2 0 0 0 0 19 0 0 30 34 0 0 0 35 0
17 0 2 0 0 0 0 0 0 0 0 0 0 0 0 0 0 0 0 0 0 0 0 0 0 0 3 1 0 0 0 1 0 0 17 26 0 0 0 33 0
84 1 22 2 0 0 0 0 0 0 0 0 4 0 0 0 0 0 0 6 0 0 0 15 0 0 0 0 0 0 0 0 0 4 0 0 0 0 0 0 4
11 0 1 0 0 0 0 0 0 0 0 0 0 0 0 0 0 0 0 0 0 0 0 0 0 0 3 2 0 0 0 2 0 0 22 28 0 0 0 35 0
0 0 25 15 0 0 0 0 0 0 0 0 0 0 0 0 0 2 0 0 0 0 19 0 5 0 0 0 0 0 0 52 0 0 20 5 0 17 0 7 6
6 0 2 0 0 0 0 0 0 0 0 0 0 0 0 0 0 0 0 0 0 0 0 0 0 0 5 2 1 0 0 5 0 0 26 30 0 0 0 37 0
0 0 6 0 0 0 0 0 0 0 0 0 0 0 0 0 0 0 0 0 0 0 0 0 0 0 1 3 4 0 0 22 0 0 38 33 0 0 0 38 0
0 0 15 5 0 0 0 0 0 0 0 0 0 0 0 0 0 0 0 0 0 0 12 0 0 0 0 0 2 0 0 42 0 0 36 25 0 5 0 25 5
1 0 5 0 0 0 0 0 0 0 0 0 0 0 0 0 0 0 0 0 0 0 0 0 0 0 3 1 0 0 0 14 0 0 29 33 0 0 0 36 0
0 0 14 5 0 0 0 0 0 0 0 0 0 0 0 0 0 0 0 0 0 0 10 0 0 0 0 1 3 0 0 45 0 0 40 24 0 4 0 24 6
0 0 18 9 0 0 0 0 0 0 0 0 0 0 0 0 0 1 0 0 0 0 14 0 2 0 0 0 0 0 0 46 0 0 31 16 0 11 0 16 6
0 0 5 0 0 0 0 0 0 0 0 0 0 0 0 0 0 0 0 0 0 0 1 0 0 0 2 1 1 0 0 15 0 0 31 34 0 0 0 36 0
14 0 1 0 0 0 0 0 0 0 0 0 0 0 0 0 0 0 0 0 0 0 0 0 0 0 4 1 0 0 0 1 0 0 19 28 0 0 0 33 0
0 0 4 0 0 0 0 0 0 0 0 0 0 0 0 0 0 0 0 0 0 0 0 0 0 0 3 2 2 0 0 15 0 0 32 34 0 0 0 38 0
8 0 1 0 0 0 0 0 0 0 0 0 0 0 0 0 0 0 0 0 0 0 0 0 0 0 4 2 1 0 0 1 0 0 23 29 0 0 0 36 0
6 0 2 0 0 0 0 0 0 0 0 0 0 0 0 0 0 0 0 0 0 0 0 0 0 0 3 2 1 0 0 6 0 0 26 31 0 0 0 37 0
2 0 4 0 0 0 0 0 0 0 0 0 0 0 0 0 0 0 0 0 0 0 0 0 0 0 3 2 2 0 0 13 0 0 30 33 0 0 0 36 0
3 0 4 0 0 0 0 0 0 0 0 0 0 0 0 0 0 0 0 0 0 0 0 0 0 0 3 2 1 0 0 12 0 0 29 32 0 0 0 36 0
12 0 0 0 0 0 0 0 0 0 0 0 0 0 0 0 0 0 0 0 0 0 0 0 0 0 4 1 0 0 0 0 0 1 19 28 0 0 0 34 0
0 0 23 14 0 0 0 0 0 0 0 0 0 0 0 0 0 1 0 0 0 0 21 0 4 0 0 0 0 0 0 52 0 0 11 5 0 19 0 2 7
4 0 2 0 0 0 0 0 0 0 0 0 0 0 0 0 0 0 0 0 0 0 0 0 0 0 4 2 1 0 0 7 0 0 27 33 0 0 0 38 0
30 0 7 0 0 0 0 0 0 0 0 0 0 0 0 0 0 0 0 0 0 0 0 2 0 0 1 0 0 0 0 3 0 2 9 19 0 0 0 23 0
4 0 3 0 0 0 0 0 0 0 0 0 0 0 0 0 0 0 0 0 0 0 0 0 0 0 3 1 1 0 0 9 0 0 28 32 0 0 0 36 0
0 0 11 1 0 0 0 0 0 0 0 0 0 0 0 0 0 0 0 0 0 0 11 0 0 0 0 0 1 0 0 32 0 0 33 29 0 1 0 31 2
0 3 22 19 0 0 0 0 0 0 0 0 0 0 0 0 0 0 0 0 0 0 23 0 11 0 0 0 0 0 0 60 0 0 0 0 0 27 0 0 10
0 0 11 2 0 0 0 0 0 0 0 0 0 0 0 0 0 0 0 0 0 0 9 0 0 0 0 0 2 0 0 36 0 0 38 29 0 0 0 30 4
28 0 3 0 0 0 0 0 0 0 0 0 0 0 0 0 0 0 0 0 0 0 0 3 0 0 2 0 0 0 0 0 0 1 10 21 0 0 0 27 0
25 0 5 0 0 0 0 0 0 0 0 0 0 0 0 0 0 0 0 0 0 0 0 2 0 0 2 0 0 0 0 4 0 1 14 23 0 0 0 29 0
38 0 8 0 0 0 0 0 0 0 0 0 0 0 0 0 0 0 0 0 0 0 0 5 0 0 1 0 0 0 0 4 0 2 6 15 0 0 0 18 1
0 0 9 0 0 0 0 0 0 0 0 0 0 0 0 0 0 0 0 0 0 0 7 0 0 0 0 0 1 0 0 28 0 0 34 32 0 0 0 33 1
0 0 5 0 0 0 0 0 0 0 0 0 0 0 0 0 0 0 0 0 0 0 0 0 0 0 3 2 2 0 0 16 0 0 33 33 0 0 0 37 0
60 1 15 2 0 0 0 0 0 0 0 0 1 0 0 0 0 0 0 3 0 0 0 9 0 0 0 0 0 0 0 5 0 3 0 0 0 0 0 0 5
29 0 5 0 0 0 0 0 0 0 0 0 0 0 0 0 0 0 0 0 0 0 0 3 0 0 2 0 0 0 0 2 0 1 10 19 0 0 0 23 0
28 0 5 0 0 0 0 0 0 0 0 0 0 0 0 0 0 0 0 0 0 0 0 2 0 0 2 0 0 0 0 1 0 1 9 21 0 0 0 25 0
23 0 2 0 0 0 0 0 0 0 0 0 0 0 0 0 0 0 0 0 0 0 0 2 0 0 3 0 0 0 0 0 0 1 12 24 0 0 0 30 0
11 0 0 0 0 0 0 0 0 0 0 0 0 0 0 0 0 0 0 0 0 0 0 0 0 0 3 1 0 0 0 0 0 0 22 29 0 0 0 35 0
0 5 20 19 0 0 0 0 0 0 0 0 0 0 0 0 0 0 0 0 0 0 25 0 12 0 0 0 0 0 0 60 0 0 0 0 0 30 0 0 11
0 0 24 14 0 0 0 0 0 0 0 0 0 0 0 0 0 2 0 0 0 0 17 0 5 0 0 0 0 0 0 54 0 0 23 5 0 17 0 6 7
0 1 23 17 0 0 0 0 0 0 0 0 0 0 0 0 0 0 0 0 0 0 22 0 8 0 0 0 0 0 0 56 0 0 5 0 0 23 0 0 8
2 0 5 0 0 0 0 0 0 0 0 0 0 0 0 0 0 0 0 0 0 0 0 0 0 0 3 1 0 0 0 13 0 0 28 32 0 0 0 34 0
21 0 2 0 0 0 0 0 0 0 0 0 0 0 0 0 0 0 0 0 0 0 0 1 0 0 3 0 0 0 0 0 0 1 13 24 0 0 0 29 0
0 0 4 0 0 0 0 0 0 0 0 0 0 0 0 0 0 0 0 0 0 0 0 0 0 0 3 2 2 0 0 14 0 0 32 34 0 0 0 38 0
0 0 12 3 0 0 0 0 0 0 0 0 0 0 0 0 0 0 0 0 0 0 10 0 0 0 0 0 2 0 0 38 0 0 37 27 0 2 0 27 4
18 0 0 0 0 0 0 0 0 0 0 0 0 0 0 0 0 0 0 0 0 0 0 1 0 0 3 1 0 0 0 0 0 1 16 26 0 0 0 32 0
72 1 18 3 0 0 0 0 0 0 0 0 3 0 0 0 0 0 0 4 0 0 0 12 0 0 0 0 0 0 0 3 0 3 0 0 0 0 0 0 6
15 0 0 0 0 0 0 0 0 0 0 0 0 0 0 0 0 0 0 0 0 0 0 1 0 0 4 1 0 0 0 2 0 0 19 28 0 0 0 32 0
0 0 11 2 0 0 0 0 0 0 0 0 0 0 0 0 0 0 0 0 0 0 9 0 0 0 0 0 2 0 0 36 0 0 37 29 0 1 0 29 4
0 0 20 11 0 0 0 0 0 0 0 0 0 0 0 0 0 0 0 0 0 0 19 0 2 0 0 0 0 0 0 46 0 0 18 12 0 14 0 11 6
9 0 1 0 0 0 0 0 0 0 0 0 0 0 0 0 0 0 0 0 0 0 0 0 0 0 4 2 0 0 0 2 0 0 23 30 0 0 0 36 0
0 0 5 0 0 0 0 0 0 0 0 0 0 0 0 0 0 0 0 0 0 0 1 0 0 0 2 2 2 0 0 20 0 0 35 35 0 0 0 39 0
6 0 1 0 0 0 0 0 0 0 0 0 0 0 0 0 0 0 0 0 0 0 0 0 0 0 3 2 1 0 0 4 0 0 26 32 0 0 0 37 0
0 1 24 16 0 0 0 0 0 0 0 0 0 0 0 0 0 0 0 0 0 0 22 0 6 0 0 0 0 0 0 55 0 0 9 0 0 22 0 0 8
0 0 5 0 0 0 0 0 0 0 0 0 0 0 0 0 0 0 0 0 0 0 0 0 0 0 2 2 3 0 0 18 0 0 35 35 0 0 0 38 0
8 0 0 0 0 0 0 0 0 0 0 0 0 0 0 0 0 0 0 0 0 0 0 0 0 0 4 2 1 0 0 0 0 0 23 30 0 0 0 37 0
28 0 5 0 0 0 0 0 0 0 0 0 0 0 0 0 0 0 0 0 0 0 0 3 0 0 2 0 0 0 0 1 0 1 10 21 0 0 0 24 0
0 10 18 22 0 0 0 0 0 0 0 0 0 0 0 0 0 0 0 0 0 0 30 0 19 0 0 0 0 0 0 69 0 1 0 0 0 42 0 0 14
16 0 1 0 0 0 0 0 0 0 0 0 0 0 0 0 0 0 0 0 0 0 0 0 0 0 3 1 0 0 0 0 0 0 18 27 0 0 0 33 0
58 1 15 2 0 0 0 0 0 0 0 0 1 0 0 0 0 0 0 3 0 0 0 8 0 0 0 0 0 0 0 5 0 2 0 0 0 0 0 1 4
39 0 8 0 0 0 0 0 0 0 0 0 0 0 0 0 0 0 0 0 0 0 0 4 0 0 1 0 0 0 0 2 0 2 2 14 0 0 0 18 0
13 0 1 0 0 0 0 0 0 0 0 0 0 0 0 0 0 0 0 0 0 0 0 0 0 0 4 1 0 0 0 2 0 0 20 27 0 0 0 34 0
3 0 2 0 0 0 0 0 0 0 0 0 0 0 0 0 0 0 0 0 0 0 0 0 0 0 4 2 2 0 0 7 0 0 28 32 0 0 0 37 0
0 0 8 0 0 0 0 0 0 0 0 0 0 0 0 0 0 0 0 0 0 0 6 0 0 0 0 2 3 0 0 28 0 0 39 34 0 0 0 36 1
4 0 2 0 0 0 0 0 0 0 0 0 0 0 0 0 0 0 0 0 0 0 0 0 0 0 2 1 0 0 0 6 0 0 26 33 0 0 0 38 0
0 0 19 10 0 0 0 0 0 0 0 0 0 0 0 0 0 0 0 0 0 0 17 0 1 0 0 0 0 0 0 46 0 0 24 15 0 12 0 16 5
0 0 8 0 0 0 0 0 0 0 0 0 0 0 0 0 0 0 0 0 0 0 3 0 0 0 0 2 3 0 0 27 0 0 39 32 0 0 0 36 1
28 0 5 0 0 0 0 0 0 0 0 0 0 0 0 0 0 0 0 0 0 0 0 3 0 0 3 0 0 0 0 5 0 1 13 21 0 0 0 24 0
13 0 0 0 0 0 0 0 0 0 0 0 0 0 0 0 0 0 0 0 0 0 0 0 0 0 3 2 0 0 0 0 0 0 19 27 0 0 0 35 0
0 0 14 5 0 0 0 0 0 0 0 0 0 0 0 0 0 0 0 0 0 0 9 2 0 0 0 2 3 0 0 46 0 0 41 22 0 5 0 22 6
0 0 22 12 0 0 0 0 0 0 0 0 0 0 0 0 0 2 0 0 0 0 15 0 4 0 0 0 0 0 0 51 0 0 28 9 0 14 0 12 7
0 6 21 20 0 0 0 0 0 0 0 0 0 0 0 0 0 0 0 0 0 0 27 0 14 0 0 0 0 0 0 66 0 0 0 0 0 34 0 0 13
0 0 25 17 0 0 0 0 0 0 0 0 0 0 0 0 0 1 0 0 0 0 17 0 8 0 0 0 0 0 0 57 0 0 18 0 0 19 0 0 8
0 0 12 3 0 0 0 0 0 0 0 0 0 0 0 0 0 0 0 0 0 0 11 0 0 0 0 0 2 0 0 36 0 0 35 28 0 2 0 29 3
0 0 23 13 0 0 0 0 0 0 0 0 0 0 0 0 0 2 0 0 0 0 18 0 3 0 0 0 0 0 0 49 0 0 20 8 0 16 0 9 6
0 11 16 22 0 0 0 0 0 0 0 0 0 0 0 0 0 0 0 1 0 0 31 0 20 0 0 0 0 0 0 70 0 2 0 0 0 43 0 0 14
8 0 3 0 0 0 0 0 0 0 0 0 0 0 0 0 0 0 0 0 0 0 0 0 0 0 3 1 0 0 0 7 0 0 25 31 0 0 0 36 0
1 0 4 0 0 0 0 0 0 0 0 0 0 0 0 0 0 0 0 0 0 0 0 0 0 0 3 2 2 0 0 12 0 0 31 33 0 0 0 37 0
0 0 7 0 0 0 0 0 0 0 0 0 0 0 0 0 0 0 0 0 0 0 4 0 0 0 2 1 1 0 0 18 0 0 32 34 0 0 0 36 0
0 0 6 0 0 0 0 0 0 0 0 0 0 0 0 0 0 0 0 0 0 0 1 0 0 0 2 2 2 0 0 19 0 0 34 33 0 0 0 36 0
0 4 22 20 0 0 0 0 0 0 0 0 0 0 0 0 0 0 0 0 0 0 24 0 12 0 0 0 0 0 0 63 0 0 0 0 0 29 0 0 12
0 0 20 11 0 0 0 0 0 0 0 0 0 0 0 0 0 1 0 0 0 0 15 0 2 0 0 0 0 0 0 48 0 0 28 15 0 12 0 14 6
9 0 0 0 0 0 0 0 0 0 0 0 0 0 0 0 0 0 0 0 0 0 0 0 0 0 3 2 0 0 0 0 0 0 23 30 0 0 0 37 0
1 0 3 0 0 0 0 0 0 0 0 0 0 0 0 0 0 0 0 0 0 0 0 0 0 0 3 2 1 0 0 12 0 0 29 33 0 0 0 37 0
0 0 23 14 0 0 0 0 0 0 0 0 0 0 0 0 0 1 0 0 0 0 18 0 5 0 0 0 0 0 0 51 0 0 18 5 0 17 0 4 7
0 0 11 3 0 0 0 0 0 0 0 0 0 0 0 0 0 0 0 0 0 0 4 1 0 0 0 3 6 0 0 41 0 0 47 26 0 0 0 31 3
0 0 5 0 0 0 0 0 0 0 0 0 0 0 0 0 0 0 0 0 0 0 0 0 0 0 3 1 1 0 0 15 0 0 31 33 0 0 0 36 0
23 0 2 0 0 0 0 0 0 0 0 0 0 0 0 0 0 0 0 0 0 0 0 2 0 0 3 0 0 0 0 0 0 1 13 24 0 0 0 29 0
0 0 14 6 0 0 0 0 0 0 0 0 0 0 0 0 0 0 0 0 0 0 15 0 0 0 1 0 0 0 0 37 0 0 22 20 0 9 0 20 3
2 0 5 0 0 0 0 0 0 0 0 0 0 0 0 0 0 0 0 0 0 0 0 0 0 0 3 1 0 0 0 12 0 0 28 33 0 0 0 36 0
0 0 8 0 0 0 0 0 0 0 0 0 0 0 0 0 0 0 0 0 0 0 8 0 0 0 1 0 1 0 0 24 0 0 31 33 0 0 0 34 0
53 1 12 0 0 0 0 0 0 0 0 0 0 0 0 0 0 0 0 2 0 0 0 7 0 0 0 0 0 0 0 2 0 3 0 5 0 0 0 7 3
0 0 19 9 0 0 0 0 0 0 0 0 0 0 0 0 0 0 0 0 0 0 13 1 2 0 0 0 1 0 0 50 0 0 36 16 0 10 0 17 7
0 0 19 9 0 0 0 0 0 0 0 0 0 0 0 0 0 1 0 0 0 0 16 0 1 0 0 0 0 0 0 46 0 0 28 15 0 12 0 15 6
0 0 20 10 0 0 0 0 0 0 0 0 0 0 0 0 0 1 0 0 0 0 16 0 2 0 0 0 0 0 0 44 0 0 23 11 0 14 0 12 6
4 0 5 0 0 0 0 0 0 0 0 0 0 0 0 0 0 0 0 0 0 0 0 0 0 0 3 1 0 0 0 13 0 0 27 31 0 0 0 34 0
29 0 5 0 0 0 0 0 0 0 0 0 0 0 0 0 0 0 0 0 0 0 0 3 0 0 2 0 0 0 0 1 0 1 10 20 0 0 0 24 0
0 0 11 2 0 0 0 0 0 0 0 0 0 0 0 0 0 0 0 0 0 0 10 0 0 0 0 0 2 0 0 37 0 0 37 28 0 2 0 27 4
13 0 0 0 0 0 0 0 0 0 0 0 0 0 0 0 0 0 0 0 0 0 0 0 0 0 3 1 0 0 0 0 0 0 21 28 0 0 0 33 0
