1 35 8 0 0 0 0 0 0 0 0 9 20 0 0 1 0 0 0 0 0 0 0 0 6 13 0 0 2 3 10 0 26 8 0 0 15 0 0 0 0
7 0 0 11 0 0 0 4 0 0 0 8 0 0 2 0 0 1 0 0 0 0 15 0 0 11 0 6 18 0 0 27 0 0 14 3 0 2 0 6 0
0 0 0 0 0 0 0 0 0 0 0 0 0 0 0 0 0 0 0 0 0 0 0 0 0 0 0 0 0 0 0 0 0 0 21 24 1 0 0 23 0
0 0 0 0 0 2 0 0 0 0 0 0 0 0 0 0 0 1 0 0 0 0 0 0 0 0 0 0 0 1 0 0 0 0 22 31 0 0 0 23 0
18 24 0 21 0 0 0 4 0 0 0 32 0 0 7 8 0 4 0 0 0 0 17 0 0 23 0 13 32 0 0 33 9 0 0 0 0 0 0 0 0
0 9 7 0 0 0 0 0 0 0 0 0 20 0 0 0 0 0 0 0 0 0 0 0 2 0 0 0 0 2 7 0 14 7 0 0 21 0 0 0 1
0 0 0 0 0 1 0 0 0 0 0 0 0 0 0 0 0 0 0 0 0 0 0 0 0 0 0 0 0 0 0 0 0 0 20 26 5 0 0 23 0
0 0 0 0 0 1 0 0 0 0 0 0 0 0 0 0 0 0 0 0 0 0 0 0 0 0 0 0 0 0 0 0 0 0 20 23 0 0 0 21 0
0 0 0 0 0 0 0 0 0 0 0 0 1 0 0 0 0 0 0 0 0 0 0 0 0 0 0 0 0 0 0 0 0 0 22 22 7 0 0 24 2
3 10 1 4 0 0 0 0 0 0 0 6 3 0 1 0 0 0 0 0 0 0 3 0 0 9 0 1 8 0 1 8 6 0 0 0 1 1 0 0 0
11 10 0 14 0 0 0 3 0 0 0 17 0 0 5 3 0 2 0 0 0 0 14 0 0 16 0 9 22 0 0 26 1 0 0 0 0 0 0 0 0
0 0 0 0 0 0 0 0 0 0 0 0 0 0 0 0 0 0 0 0 0 0 0 0 0 0 0 0 0 0 0 0 0 0 22 24 6 0 0 24 1
11 18 0 14 0 0 0 2 0 0 0 21 0 0 5 5 0 2 0 0 0 0 12 0 0 18 0 8 22 0 0 24 7 0 0 0 0 0 0 0 0
0 0 0 0 0 0 0 0 0 0 0 0 0 0 0 0 0 0 0 0 0 0 0 0 0 0 0 0 0 0 0 0 0 0 21 20 7 0 0 24 1
12 32 1 15 0 0 0 1 0 0 0 27 0 0 4 6 0 2 0 0 0 0 9 0 2 21 0 6 24 0 1 19 17 0 0 0 0 0 0 0 0
0 0 0 0 0 0 0 0 0 0 0 0 0 0 0 0 0 0 0 0 0 0 2 0 0 0 0 0 0 0 0 4 0 0 24 22 0 0 0 24 1
0 0 4 0 0 0 0 0 0 0 0 0 12 0 0 0 0 0 0 0 0 0 0 0 0 0 0 0 0 1 3 0 2 5 10 15 20 0 0 16 1
0 0 0 0 0 0 0 0 0 0 0 0 0 0 0 0 0 0 0 0 0 0 0 0 0 0 0 0 0 0 0 0 0 1 20 18 6 0 0 22 2
0 0 0 0 0 0 0 0 0 0 0 0 0 0 0 0 0 0 0 0 0 0 0 0 0 0 0 0 0 0 0 0 0 0 22 21 3 0 0 23 2
1 0 0 3 0 0 0 1 0 0 0 0 0 0 1 0 0 0 0 0 0 0 8 0 0 3 0 2 7 0 0 16 0 0 20 14 0 2 0 17 1
3 9 0 4 0 0 0 0 0 0 0 6 1 0 1 0 0 0 0 0 0 0 4 0 0 9 0 1 8 0 0 9 4 0 0 0 0 0 0 0 0
0 7 3 0 0 0 0 0 0 0 0 0 10 0 0 0 0 0 0 0 0 0 0 0 1 3 0 0 0 0 3 0 7 4 1 1 12 1 0 4 1
14 22 0 18 0 0 0 3 0 0 0 26 0 0 5 6 0 3 0 0 0 0 14 0 0 21 0 10 27 0 0 27 9 0 0 0 0 0 0 0 0
0 0 0 0 0 0 0 0 0 0 0 0 0 0 0 0 0 0 0 0 0 0 0 0 0 0 0 0 0 0 0 0 0 0 21 27 2 0 0 25 0
6 43 6 8 0 0 0 0 0 0 0 22 12 0 0 3 0 0 0 0 0 0 1 0 6 21 0 0 15 2 8 4 27 4 0 0 3 0 0 0 0
0 0 0 0 0 0 0 0 0 0 0 0 0 0 0 0 0 0 0 0 0 0 0 0 0 0 0 0 0 0 0 0 0 0 23 22 1 0 0 24 1
0 0 0 0 0 0 0 1 0 0 0 0 0 0 0 0 0 0 0 0 0 0 2 0 0 1 0 0 0 0 0 6 0 0 18 14 3 1 0 18 1
0 15 9 0 0 0 0 0 0 0 0 0 25 0 0 0 0 0 0 0 0 0 0 0 4 0 0 0 0 3 10 0 20 10 0 0 26 0 0 0 1
0 0 0 2 0 0 0 1 0 0 0 0 0 0 0 0 0 0 0 0 0 0 6 0 0 2 0 1 3 0 0 11 0 0 22 15 0 1 0 20 1
0 5 5 0 0 0 0 0 0 0 0 0 17 0 0 0 0 0 0 0 0 0 0 0 2 0 0 0 0 1 5 0 10 6 0 3 19 0 0 6 1
0 0 0 1 0 0 0 1 0 0 0 0 0 0 0 0 0 0 0 0 0 0 5 0 0 1 0 0 2 0 0 11 0 0 22 16 0 2 0 21 2
0 0 0 0 0 0 0 0 0 0 0 0 0 0 0 0 0 0 0 0 0 0 0 0 0 0 0 0 0 0 0 1 0 0 25 23 0 1 0 24 1
0 0 0 0 0 0 0 0 0 0 0 0 0 0 0 0 0 0 0 0 0 0 0 0 0 0 0 0 0 0 0 0 0 0 22 21 5 0 0 24 2
0 0 0 0 0 0 0 0 0 0 0 0 5 0 0 0 0 0 0 0 0 0 0 0 0 0 0 0 0 0 0 0 0 2 19 21 12 0 0 23 1
0 0 4 0 0 0 0 0 0 0 0 0 13 0 0 0 0 0 0 0 0 0 0 0 1 0 0 0 0 1 3 0 3 5 9 12 19 0 0 14 2
0 0 0 0 0 1 0 0 0 0 0 0 0 0 0 0 0 0 0 0 0 0 0 0 0 0 0 0 0 0 0 0 0 0 20 25 2 0 0 22 0
0 0 0 0 0 0 0 0 0 0 0 0 0 0 0 0 0 0 0 0 0 0 0 0 0 0 0 0 0 0 0 0 0 0 23 24 5 0 0 24 1
0 0 0 0 0 0 0 0 0 0 0 0 0 0 0 0 0 0 0 0 0 0 0 0 0 0 0 0 0 0 0 0 0 0 23 23 2 0 0 23 1
0 0 0 1 0 0 0 1 0 0 0 0 0 0 0 0 0 0 0 0 0 0 4 0 0 2 0 1 1 0 0 9 0 0 22 16 0 1 0 20 1
0 0 0 2 0 0 0 1 0 0 0 0 0 0 1 0 0 0 0 0 0 0 7 0 0 3 0 1 4 0 0 13 0 0 22 15 0 1 0 20 1
0 0 0 0 0 0 0 0 0 0 0 0 4 0 0 0 0 0 0 0 0 0 0 0 0 0 0 0 0 0 0 0 0 1 20 24 10 0 0 23 1
0 10 7 0 0 0 0 0 0 0 0 0 21 0 0 0 0 0 0 0 0 0 0 0 3 0 0 0 0 2 8 0 15 8 0 0 23 0 0 0 1
16 56 4 19 0 0 0 1 0 0 0 40 0 0 3 9 0 2 0 1 0 1 8 0 7 31 0 5 31 1 6 18 32 1 0 0 0 0 0 0 0
12 57 6 15 0 0 0 0 0 0 0 35 8 0 1 7 0 1 0 1 0 1 4 0 8 29 0 2 24 2 9 10 34 3 0 0 0 0 0 0 0
4 3 0 6 0 0 0 1 0 0 0 8 0 0 2 0 0 0 0 0 0 0 7 0 0 9 0 4 10 0 0 15 0 0 3 0 0 1 0 0 0
0 0 0 0 0 1 0 0 0 0 0 0 0 0 0 0 0 0 0 0 0 0 0 0 0 0 0 0 0 0 0 0 0 0 20 25 0 0 0 22 0
0 0 0 0 0 0 0 0 0 0 0 0 0 0 0 0 0 0 0 0 0 0 0 0 0 0 0 0 0 0 0 0 0 0 22 24 0 0 0 24 0
0 12 5 0 0 0 0 0 0 0 0 0 15 0 0 0 0 0 0 0 0 0 0 0 2 3 0 0 0 2 5 0 12 5 0 0 15 0 0 0 0
2 20 3 2 0 0 0 0 0 0 0 7 10 0 0 1 0 0 0 0 0 0 0 0 2 11 0 0 5 1 4 2 14 3 0 0 7 0 0 0 0
0 24 7 0 0 0 0 0 0 0 0 2 20 0 0 0 0 0 0 0 0 0 0 0 4 7 0 0 0 2 9 0 21 8 0 0 18 0 0 0 0
0 17 7 0 0 0 0 0 0 0 0 0 19 0 0 0 0 0 0 0 0 0 0 0 3 3 0 0 0 2 8 0 17 7 0 0 19 0 0 0 0
0 0 0 0 0 0 0 0 0 0 0 0 0 0 0 0 0 0 0 0 0 0 2 0 0 0 0 0 0 0 0 2 0 0 22 22 0 0 0 23 0
0 0 0 0 0 0 0 0 0 0 0 0 0 0 0 0 0 0 0 0 0 0 0 0 0 0 0 0 0 0 0 0 0 0 22 23 3 0 0 24 1
0 0 0 0 0 0 0 0 0 0 0 0 0 0 0 0 0 0 0 0 0 0 0 0 0 0 0 0 0 0 0 0 0 0 22 24 6 0 0 24 1
0 20 11 0 0 0 0 0 0 0 0 0 29 0 0 0 0 0 0 0 1 0 0 0 6 0 0 0 0 4 12 0 23 12 0 0 29 0 0 0 0
0 0 0 0 0 0 0 0 0 0 0 0 2 0 0 0 0 0 0 0 0 0 0 0 0 0 0 0 0 0 0 0 0 0 19 18 7 0 0 21 2
6 0 0 9 0 0 0 3 0 0 0 6 0 0 2 0 0 1 0 0 0 0 12 0 0 11 0 6 15 0 0 23 0 0 13 3 0 1 0 7 0
0 3 9 0 0 0 0 0 0 0 0 0 23 0 0 0 0 0 0 0 1 0 0 0 4 0 0 0 0 2 9 0 13 10 0 3 29 0 0 5 1
0 0 0 0 0 0 0 0 0 0 0 0 0 0 0 0 0 0 0 0 0 0 0 0 0 0 0 0 0 0 0 0 0 0 22 22 6 0 0 23 2
5 37 5 6 0 0 0 0 0 0 0 18 12 0 0 3 0 0 0 0 0 0 0 0 5 18 0 0 12 2 8 2 24 4 0 0 4 0 0 0 0
2 12 2 2 0 0 0 0 0 0 0 4 6 0 1 0 0 0 0 0 0 0 1 0 0 9 0 0 5 0 2 5 8 1 0 0 5 0 0 0 0
0 0 0 1 0 0 0 1 0 0 0 0 0 0 0 0 0 0 0 0 0 0 6 0 0 0 0 1 3 0 0 11 0 0 22 18 0 1 0 20 1
0 17 8 0 0 0 0 0 0 0 0 0 21 0 0 0 0 0 0 0 0 0 0 0 3 1 0 0 0 2 9 0 18 8 0 0 21 0 0 0 0
0 7 4 0 0 0 0 0 0 0 0 0 11 0 0 0 0 0 0 0 0 0 0 0 2 2 0 0 0 1 4 0 8 4 0 0 13 0 0 4 1
0 0 0 0 0 0 0 0 0 0 0 0 2 0 0 0 0 0 0 0 0 0 0 0 0 0 0 0 0 0 0 0 0 1 20 23 9 0 0 23 1
0 21 6 0 0 0 0 0 0 0 0 4 16 0 0 0 0 0 0 0 0 0 0 0 3 8 0 0 0 2 7 0 17 5 0 0 14 0 0 0 0
4 0 0 7 0 0 0 2 0 0 0 6 0 0 2 0 0 0 0 0 0 0 10 0 0 10 0 4 12 0 0 20 0 0 11 2 0 1 0 7 0
0 0 1 0 0 0 0 0 0 0 0 0 4 0 0 0 0 0 0 0 0 0 0 0 0 0 0 0 0 0 0 0 0 2 17 16 10 0 0 20 2
0 0 1 0 0 0 0 0 0 0 0 0 5 0 0 0 0 0 0 0 0 0 0 0 0 0 0 0 0 0 0 0 0 2 18 20 12 0 0 22 1
0 0 0 0 0 0 0 0 0 0 0 0 0 0 0 0 0 0 0 0 0 0 0 0 0 0 0 0 0 0 0 0 0 0 21 25 1 0 0 23 1
0 0 0 0 0 0 0 0 0 0 0 0 0 0 0 0 0 0 0 0 0 0 0 0 0 0 0 0 0 0 0 1 0 0 23 23 0 0 0 24 1
7 28 2 9 0 0 0 0 0 0 0 18 3 0 2 3 0 0 0 0 0 0 4 0 2 17 0 2 15 1 3 11 16 0 0 0 0 0 0 0 0
0 0 3 0 0 0 0 0 0 0 0 0 9 0 0 0 0 0 0 0 0 0 0 0 0 0 0 0 0 0 2 0 0 4 13 17 15 0 0 18 2
13 30 1 15 0 0 0 2 0 0 0 27 0 0 4 6 0 2 0 0 0 0 10 0 2 21 0 7 24 0 1 20 15 0 0 0 0 0 0 0 0
0 0 1 0 0 0 0 0 0 0 0 0 6 0 0 0 0 0 0 0 0 0 0 0 0 0 0 0 0 0 0 0 0 3 17 19 13 0 0 21 2
0 0 0 0 0 0 0 1 0 0 0 0 0 0 0 0 0 0 0 0 0 0 5 0 0 0 0 0 2 0 0 11 0 0 24 19 0 1 0 22 1
2 0 0 5 0 0 0 1 0 0 0 1 0 0 1 0 0 0 0 0 0 0 8 0 0 5 0 2 8 0 0 16 0 0 17 11 0 1 0 14 1
6 27 3 7 0 0 0 0 0 0 0 16 6 0 1 3 0 0 0 0 0 0 3 0 2 15 0 1 12 1 4 7 17 2 0 0 0 0 0 0 0
0 0 0 0 0 0 0 0 0 0 0 0 0 0 0 0 0 0 0 0 0 0 2 0 0 0 0 0 0 0 0 2 0 0 22 24 0 0 0 23 0
0 0 0 0 0 0 0 0 0 0 0 0 0 0 0 0 0 0 0 0 0 0 0 0 0 0 0 0 0 0 0 0 0 0 21 23 0 0 0 22 0
0 0 0 0 0 0 0 0 0 0 0 0 0 0 0 0 0 0 0 0 0 0 0 0 0 0 0 0 0 0 0 2 0 0 22 19 2 1 0 23 2
0 0 0 0 0 0 0 0 0 0 0 0 0 0 0 0 0 0 0 0 0 0 3 0 0 0 0 0 0 0 0 3 0 0 21 22 0 0 0 22 0
0 0 0 0 0 0 0 0 0 0 0 0 0 0 0 0 0 0 0 0 0 0 0 0 0 0 0 0 0 0 0 0 0 0 21 25 0 0 0 23 0
0 0 0 0 0 0 0 0 0 0 0 0 0 0 0 0 0 0 0 0 0 0 0 0 0 0 0 0 0 0 0 0 0 0 21 24 3 0 0 23 1
4 0 0 7 0 0 0 2 0 0 0 3 0 0 1 0 0 0 0 0 0 0 11 0 0 7 0 4 12 0 0 21 0 0 17 9 0 2 0 12 0
0 0 0 0 0 0 0 1 0 0 0 0 1 0 0 0 0 0 0 0 0 0 0 0 0 0 0 0 0 0 0 2 0 0 18 14 6 1 0 18 2
0 0 8 0 0 0 0 0 0 0 1 0 20 0 0 0 0 0 0 0 1 0 0 0 2 0 0 0 0 2 7 0 10 9 3 9 28 0 0 11 2
0 0 0 0 0 0 0 0 0 0 0 0 1 0 0 0 0 0 0 0 0 0 0 0 0 0 0 0 0 0 0 0 0 0 21 26 6 0 0 24 1
0 0 0 0 0 0 0 0 0 0 0 0 0 0 0 0 0 0 0 0 0 0 0 0 0 0 0 0 0 0 0 0 0 0 22 27 4 0 0 24 1
9 15 0 12 0 0 0 2 0 0 0 17 0 0 4 3 0 1 0 0 0 0 10 0 0 16 0 7 19 0 0 21 5 0 0 0 0 0 0 0 0
0 23 6 0 0 0 0 0 0 0 0 4 16 0 0 0 0 0 0 0 0 0 0 0 3 9 0 0 1 2 7 0 18 6 0 0 15 0 0 0 0
0 0 0 0 0 0 0 0 0 0 0 0 0 0 0 0 0 0 0 0 0 0 0 0 0 0 0 0 0 0 0 0 0 0 22 24 0 0 0 23 1
0 0 0 0 0 0 0 0 0 0 0 0 0 0 0 0 0 0 0 0 0 0 0 0 0 0 0 0 0 0 0 0 0 0 22 23 1 0 0 23 1
10 21 0 12 0 0 0 2 0 0 0 20 0 0 4 4 0 2 0 0 0 0 9 0 0 16 0 6 20 0 0 20 10 0 0 0 0 0 0 0 0
0 5 3 0 0 0 0 0 0 0 0 0 10 0 0 0 0 0 0 0 0 0 0 0 0 3 0 0 0 1 3 0 6 3 3 3 12 1 0 6 1
3 0 0 5 0 0 0 2 0 0 0 3 0 0 2 0 0 0 0 0 0 0 8 0 0 7 0 3 9 0 0 17 0 0 15 7 0 1 0 11 0
0 0 7 0 0 0 0 0 0 0 0 0 21 0 0 0 0 0 0 0 1 0 0 0 2 0 0 0 0 2 7 0 10 9 1 7 26 0 0 8 1
0 0 5 0 0 0 0 0 0 0 0 0 14 0 0 0 0 0 0 0 0 0 0 0 1 0 0 0 0 0 4 0 4 6 9 13 21 0 0 15 2
0 0 0 0 0 0 0 0 0 0 0 0 0 0 0 0 0 0 0 0 0 0 0 0 0 0 0 0 0 0 0 0 0 0 23 22 4 0 0 24 2
0 19 7 0 0 0 0 0 0 0 0 1 19 0 0 0 0 0 0 0 0 0 0 0 4 4 0 0 0 2 8 0 18 7 0 0 18 0 0 0 0
0 0 0 1 0 0 0 1 0 0 0 0 0 0 1 0 0 0 0 0 0 0 7 0 0 1 0 1 4 0 0 13 0 0 23 16 0 1 0 20 1
1 32 8 0 0 0 0 0 0 0 0 8 21 0 0 0 0 0 0 0 0 0 0 0 6 11 0 0 0 3 11 0 25 8 0 0 16 0 0 0 0
6 18 1 7 0 0 0 1 0 0 0 13 1 0 2 2 0 0 0 0 0 0 6 0 0 13 0 3 13 0 2 12 10 0 0 0 0 0 0 0 0
0 0 0 0 0 0 0 0 0 0 0 0 1 0 0 0 0 0 0 0 0 0 0 0 0 0 0 0 0 0 0 0 0 0 19 18 6 0 0 21 1
0 0 0 0 0 1 0 0 0 0 0 0 1 0 0 0 0 0 0 0 0 0 0 0 0 0 0 0 0 0 0 0 0 0 21 29 7 0 0 24 0
0 0 0 2 0 0 0 1 0 0 0 0 0 0 1 0 0 0 0 0 0 0 7 0 0 0 0 1 4 0 0 12 0 0 22 16 0 1 0 19 1
0 0 0 0 0 0 0 1 0 0 0 0 0 0 0 0 0 0 0 0 0 0 4 0 0 0 0 1 1 0 0 8 0 0 22 17 0 1 0 22 1
0 0 3 0 0 0 0 0 0 0 0 0 10 0 0 0 0 0 0 0 0 0 0 0 1 0 0 0 0 0 3 0 0 5 14 18 18 0 0 19 1
0 0 0 0 0 1 0 0 0 0 0 0 0 0 0 0 0 0 0 0 0 0 1 0 0 0 0 0 0 0 0 1 0 0 21 22 0 0 0 21 0
0 0 0 0 0 1 0 0 0 0 0 0 0 0 0 0 0 0 0 0 0 0 0 0 0 0 0 0 0 0 0 0 0 0 22 28 1 0 0 24 0
0 0 0 0 0 0 0 0 0 0 0 0 0 0 0 0 0 0 0 0 0 0 2 0 0 0 0 0 0 0 0 2 0 0 23 23 0 0 0 23 0
0 0 0 0 0 0 0 0 0 0 0 0 0 0 0 0 0 0 0 0 0 0 0 0 0 0 0 0 0 0 0 0 0 0 22 24 3 0 0 24 1
0 0 0 0 0 0 0 0 0 0 0 0 0 0 0 0 0 0 0 0 0 0 0 0 0 0 0 0 0 0 0 0 0 0 20 25 0 0 0 23 0
0 0 0 0 0 0 0 1 0 0 0 0 0 0 0 0 0 0 0 0 0 0 3 0 0 0 0 0 0 0 0 6 0 0 23 19 0 1 0 23 1
0 0 0 0 0 0 0 0 0 0 0 0 0 0 0 0 0 0 0 0 0 0 0 0 0 0 0 0 0 0 0 0 0 0 22 23 0 0 0 23 1
0 0 0 1 0 0 0 1 0 0 0 0 0 0 1 0 0 0 0 0 0 0 5 0 0 2 0 1 3 0 0 11 0 0 21 14 0 1 0 19 1
4 31 5 5 0 0 0 0 0 0 0 14 11 0 0 2 0 0 0 0 0 0 0 0 4 15 0 0 9 2 7 1 20 4 0 0 5 0 0 0 0
0 0 0 0 0 0 0 0 0 0 0 0 0 0 0 0 0 0 0 0 0 0 2 0 0 0 0 0 0 0 0 3 0 0 21 20 0 0 0 22 1
0 0 1 0 0 0 0 0 0 0 0 0 5 0 0 0 0 0 0 0 0 0 0 0 0 0 0 0 0 0 0 0 0 2 16 16 11 0 0 20 2
13 9 0 17 0 0 0 4 0 0 0 20 0 0 5 4 0 3 0 0 0 0 17 0 0 18 0 11 26 0 0 31 0 0 0 0 0 0 0 0 0
3 37 7 3 0 0 0 0 0 0 0 14 16 0 0 2 0 0 0 0 0 0 0 0 6 16 0 0 7 2 9 0 25 6 0 0 9 0 0 0 0
0 0 3 0 0 0 0 0 0 0 0 0 11 0 0 0 0 0 0 0 0 0 0 0 0 0 0 0 0 0 3 0 2 4 11 13 17 0 0 15 2
0 0 0 0 0 0 0 0 0 0 0 0 0 0 0 0 0 0 0 0 0 0 0 0 0 0 0 0 0 0 0 0 0 0 21 19 5 0 0 23 1
0 0 0 0 0 0 0 1 0 0 0 0 0 0 1 0 0 0 0 0 0 0 4 0 0 1 0 0 1 0 0 9 0 0 22 16 0 1 0 20 2
0 0 0 0 0 0 0 0 0 0 0 0 0 0 0 0 0 0 0 0 0 0 2 0 0 0 0 0 0 0 0 3 0 0 23 22 0 0 0 24 1
0 0 2 0 0 0 0 0 0 0 0 0 9 0 0 0 0 0 0 0 0 0 0 0 0 0 0 0 0 0 1 0 0 4 14 15 14 0 0 17 2
5 10 0 7 0 0 0 2 0 0 0 9 0 0 2 1 0 0 0 0 0 0 6 0 0 13 0 4 12 0 0 14 5 0 0 0 0 0 0 0 0
0 0 0 0 0 0 0 0 0 0 0 0 0 0 0 0 0 0 0 0 0 0 0 0 0 0 0 0 0 0 0 0 0 0 21 27 2 0 0 23 0
1 0 0 2 0 0 0 2 0 0 0 0 0 0 1 0 0 0 0 0 0 0 5 0 0 5 0 1 5 0 0 13 0 0 19 11 0 1 0 16 1
7 29 2 9 0 0 0 0 0 0 0 19 3 0 1 3 0 0 0 0 0 0 4 0 2 17 0 2 15 1 4 10 17 1 0 0 0 0 0 0 0
0 0 0 0 0 1 0 0 0 0 0 0 1 0 0 0 0 0 0 0 0 0 0 0 0 0 0 0 0 0 0 0 0 0 22 24 7 0 0 23 1
2 0 0 2 0 0 0 1 0 0 0 1 0 0 1 0 0 0 0 0 0 0 4 0 0 5 0 2 5 0 0 11 0 0 13 7 0 1 0 11 1
0 0 0 0 0 0 0 0 0 0 0 0 0 0 0 0 0 0 0 0 0 0 0 0 0 0 0 0 0 0 0 0 0 0 24 22 2 0 0 25 2
2 0 0 5 0 0 0 2 0 0 0 2 0 0 1 0 0 0 0 0 0 0 10 0 0 7 0 3 10 0 0 19 0 0 17 8 0 2 0 13 1
0 0 0 0 0 0 0 1 0 0 0 0 0 0 0 0 0 0 0 0 0 0 4 0 0 0 0 0 0 0 0 8 0 0 23 18 0 1 0 22 1
0 23 7 0 0 0 0 0 0 0 0 1 21 0 0 0 0 0 0 0 0 0 0 0 4 6 0 0 0 2 9 0 20 7 0 0 19 0 0 0 0
5 0 0 8 0 0 0 2 0 0 0 7 0 0 3 0 0 0 0 0 0 0 10 0 0 11 0 5 13 0 0 21 0 0 11 1 0 1 0 5 0
0 0 0 0 0 0 0 0 0 0 0 0 0 0 0 0 0 0 0 0 0 0 0 0 0 0 0 0 0 0 0 0 0 0 23 23 2 0 0 25 1
3 30 6 2 0 0 0 0 0 0 0 11 15 0 0 1 0 0 0 0 0 0 0 0 4 13 0 0 6 2 8 0 22 5 0 0 10 0 0 0 0
0 1 1 0 0 0 0 0 0 0 0 0 6 0 0 0 0 0 0 0 0 0 0 0 0 2 0 0 0 0 1 0 3 2 7 5 10 0 0 10 1
1 0 0 3 0 0 0 2 0 0 0 0 0 0 1 0 0 0 0 0 0 0 8 0 0 4 0 2 6 0 0 16 0 0 21 13 0 2 0 18 1
7 0 0 11 0 0 0 3 0 0 0 10 0 0 3 2 0 2 0 0 0 0 14 0 0 13 0 7 18 0 0 27 0 0 9 0 0 1 0 1 0
0 0 0 0 0 0 0 0 0 0 0 0 0 0 0 0 0 0 0 0 0 0 0 0 0 0 0 0 0 0 0 0 0 0 22 23 4 0 0 24 1
4 45 8 4 0 0 0 0 0 0 0 18 19 0 0 2 0 0 0 0 0 0 0 0 8 19 0 0 9 3 11 0 31 8 0 0 10 0 0 0 0
7 18 1 8 0 0 0 1 0 0 0 14 0 0 3 2 0 1 0 0 0 0 7 0 0 15 0 4 14 0 1 13 10 0 0 0 0 0 0 0 0
0 0 2 0 0 0 0 0 0 0 0 0 7 0 0 0 0 0 0 0 0 0 0 0 0 0 0 0 0 0 1 0 0 3 17 23 16 0 0 22 1
0 0 0 0 0 0 0 0 0 0 0 0 0 0 0 0 0 0 0 0 0 0 2 0 0 0 0 0 0 0 0 4 0 0 23 22 0 1 0 24 1
2 0 0 5 0 0 0 2 0 0 0 1 0 0 1 0 0 0 0 0 0 0 8 0 0 6 0 2 8 0 0 16 0 0 18 10 0 2 0 15 1
0 0 0 0 0 0 0 0 0 0 0 0 0 0 0 0 0 0 0 0 0 0 0 0 0 0 0 0 0 0 0 0 0 0 22 23 5 0 0 24 1
0 0 0 0 0 0 0 0 0 0 0 0 0 0 0 0 0 0 0 0 0 0 0 0 0 0 0 0 0 0 0 0 0 0 21 25 4 0 0 23 1
0 0 0 2 0 0 0 1 0 0 0 0 0 0 0 0 0 0 0 0 0 0 7 0 0 2 0 1 5 0 0 13 0 0 20 15 0 1 0 18 0
0 0 5 0 0 0 0 0 0 0 0 0 14 0 0 0 0 0 0 0 0 0 0 0 1 0 0 0 0 1 4 0 3 6 11 17 22 0 0 18 1
0 21 6 0 0 0 0 0 0 0 0 3 17 0 0 0 0 0 0 0 0 0 0 0 3 6 0 0 0 2 8 0 18 6 0 0 13 0 0 0 0
1 0 0 2 0 0 0 1 0 0 0 1 0 0 1 0 0 0 0 0 0 0 4 0 0 5 0 1 4 0 0 9 0 0 10 5 0 1 0 9 0
0 0 0 0 0 0 0 1 0 0 0 0 0 0 0 0 0 0 0 0 0 0 4 0 0 0 0 0 0 0 0 7 0 0 23 19 0 1 0 23 1
0 27 14 0 0 0 0 0 0 0 0 0 37 0 0 0 0 0 0 0 1 0 0 0 8 0 0 0 0 5 16 0 31 15 0 0 36 0 0 0 0
0 0 2 0 0 0 0 0 0 0 0 0 9 0 0 0 0 0 0 0 0 0 0 0 0 0 0 0 0 0 1 0 0 4 13 14 16 0 0 18 2
0 0 0 0 0 1 0 0 0 0 0 0 0 0 0 0 0 0 0 0 0 0 0 0 0 0 0 0 0 0 0 0 0 0 21 26 0 0 0 23 0
0 0 0 0 0 0 0 0 0 0 0 0 3 0 0 0 0 0 0 0 0 0 0 0 0 0 0 0 0 0 0 0 0 1 21 27 10 0 0 25 1
0 27 7 0 0 0 0 0 0 0 0 5 19 0 0 0 0 0 0 0 0 0 0 0 5 9 0 0 0 2 9 0 21 7 0 0 16 0 0 0 0
5 34 5 5 0 0 0 0 0 0 0 15 12 0 0 2 0 0 0 0 0 0 0 0 5 16 0 0 10 2 7 1 22 4 0 0 6 0 0 0 0
0 22 6 0 0 0 0 0 0 0 0 2 17 0 0 0 0 0 0 0 0 0 0 0 4 7 0 0 0 2 8 0 18 7 0 0 15 0 0 0 0
12 5 0 16 0 0 0 4 0 0 0 17 0 0 5 3 0 3 0 0 0 0 17 0 0 17 0 10 24 0 0 31 0 0 0 0 0 1 0 0 0
0 0 0 0 0 0 0 0 0 0 0 0 0 0 0 0 0 0 0 0 0 0 1 0 0 0 0 0 0 0 0 1 0 0 22 21 0 0 0 24 1
0 0 4 0 0 0 0 0 0 0 0 0 14 0 0 0 0 0 0 0 0 0 0 0 0 0 0 0 0 1 4 0 6 5 6 8 18 0 0 10 2
12 25 0 15 0 0 0 2 0 0 0 25 0 0 5 6 0 2 0 0 0 0 11 0 0 21 0 7 24 0 0 23 12 0 0 0 0 0 0 0 0
0 0 0 0 0 0 0 0 0 0 0 0 2 0 0 0 0 0 0 0 0 0 0 0 0 0 0 0 0 0 0 0 0 0 18 16 8 0 0 20 2
0 0 0 1 0 0 0 1 0 0 0 0 0 0 0 0 0 0 0 0 0 0 4 0 0 0 0 1 2 0 0 10 0 0 22 18 0 1 0 21 1
0 0 0 0 0 1 0 0 0 0 0 0 0 0 0 0 0 0 0 0 0 0 0 0 0 0 0 0 0 0 0 0 0 0 20 26 5 0 0 24 0
8 4 0 12 0 0 0 3 0 0 0 12 0 0 4 2 0 1 0 0 0 0 13 0 0 14 0 7 18 0 0 25 0 0 3 0 0 0 0 0 0
0 0 0 0 0 0 0 0 0 0 0 0 0 0 0 0 0 0 0 0 0 0 0 0 0 0 0 0 0 0 0 0 0 0 22 27 4 0 0 24 1
0 0 0 0 0 0 0 0 0 0 0 0 0 0 0 0 0 0 0 0 0 0 0 0 0 0 0 0 0 0 0 0 0 0 22 24 2 0 0 24 1
0 0 0 0 0 0 0 0 0 0 0 0 0 0 0 0 0 0 0 0 0 0 0 0 0 0 0 0 0 0 0 0 0 0 21 23 2 0 0 23 1
0 0 0 0 0 1 0 0 0 0 0 0 0 0 0 0 0 0 0 0 0 0 0 0 0 0 0 0 0 0 0 0 0 0 21 27 0 0 0 22 0
0 0 0 0 0 1 0 0 0 0 0 0 0 0 0 0 0 0 0 0 0 0 0 0 0 0 0 0 0 0 0 0 0 0 21 27 0 0 0 22 0
0 0 3 0 0 0 0 0 0 0 0 0 10 0 0 0 0 0 0 0 0 0 0 0 0 0 0 0 0 0 2 0 2 3 12 14 15 0 0 16 2
0 0 0 1 0 0 0 0 0 0 0 0 0 0 0 0 0 0 0 0 0 0 5 0 0 0 0 0 2 0 0 10 0 0 22 18 0 1 0 20 1
0 25 9 0 0 0 0 0 0 0 0 0 24 0 0 0 0 0 0 0 0 0 0 0 5 5 0 0 0 3 11 0 23 9 0 0 22 0 0 0 0
0 0 0 0 0 0 0 0 0 0 0 0 0 0 0 0 0 0 0 0 0 0 2 0 0 0 0 0 0 0 0 3 0 0 22 21 0 0 0 22 0
0 0 0 0 0 1 0 0 0 0 0 0 0 0 0 0 0 0 0 0 0 0 0 0 0 0 0 0 0 0 0 0 0 0 20 24 4 0 0 23 1
0 0 0 0 0 0 0 0 0 0 0 0 1 0 0 0 0 0 0 0 0 0 0 0 0 0 0 0 0 0 0 0 0 0 20 22 7 0 0 23 1
0 34 11 0 0 0 0 0 0 0 0 3 30 0 0 0 0 0 0 0 0 0 0 0 7 9 0 0 0 4 14 0 31 12 0 0 26 0 0 0 0
0 0 0 0 0 1 0 0 0 0 0 0 0 0 0 0 0 0 0 0 0 0 0 0 0 0 0 0 0 0 0 0 0 0 21 27 0 0 0 23 0
0 0 0 0 0 0 0 0 0 0 0 0 0 0 0 0 0 0 0 0 0 0 1 0 0 0 0 0 0 0 0 1 0 0 22 22 0 0 0 23 1
0 0 0 0 0 1 0 0 0 0 0 0 0 0 0 0 0 0 0 0 0 0 0 0 0 0 0 0 0 0 0 0 0 0 21 25 2 0 0 22 1
14 34 0 17 0 0 0 2 0 0 0 30 0 0 4 7 0 3 0 1 0 0 11 0 3 22 0 8 26 1 1 22 18 0 0 0 0 0 0 0 0
0 0 0 0 0 0 0 0 0 0 0 0 0 0 0 0 0 0 0 0 0 0 0 0 0 0 0 0 0 0 0 0 0 1 22 23 7 0 0 24 1
0 0 4 0 0 0 0 0 0 0 0 0 11 0 0 0 0 0 0 0 0 0 0 0 0 0 0 0 0 0 4 0 0 5 13 19 20 0 0 19 1
0 0 0 0 0 0 0 0 0 0 0 0 2 0 0 0 0 0 0 0 0 0 0 0 0 0 0 0 0 0 0 0 0 1 21 24 8 0 0 24 1
10 25 0 12 0 0 0 1 0 0 0 22 0 0 4 4 0 2 0 0 0 0 8 0 1 18 0 6 20 0 1 18 13 0 0 0 0 0 0 0 0
0 0 0 0 0 0 0 0 0 0 0 0 0 0 0 0 0 0 0 0 0 0 0 0 0 0 0 0 0 0 0 0 0 0 22 25 0 0 0 24 0
1 25 5 0 0 0 0 0 0 0 0 7 15 0 0 0 0 0 0 0 0 0 0 0 3 11 0 0 2 2 7 0 19 5 0 0 12 0 0 0 0
0 0 0 0 0 0 0 0 0 0 0 0 0 0 0 0 0 0 0 0 0 0 3 0 0 0 0 0 0 0 0 4 0 0 23 22 0 1 0 24 1
0 0 0 0 0 0 0 0 0 0 0 0 0 0 0 0 0 0 0 0 0 0 0 0 0 0 0 0 0 0 0 1 0 0 23 21 4 0 0 24 2
12 9 0 16 0 0 0 4 0 0 0 19 0 0 5 4 0 3 0 0 0 0 16 0 0 18 0 10 24 0 0 30 0 0 0 0 0 0 0 0 0
0 13 11 0 0 0 0 0 0 0 0 0 28 0 0 0 0 0 0 0 1 0 0 0 5 0 0 0 0 3 11 0 21 12 0 0 32 0 0 0 1
0 0 2 0 0 0 0 0 0 0 0 0 6 0 0 0 0 0 0 0 0 0 0 0 0 0 0 0 0 0 1 0 0 2 11 10 11 1 0 15 2
0 0 0 2 0 0 0 1 0 0 0 0 0 0 0 0 0 0 0 0 0 0 7 0 0 2 0 1 6 0 0 14 0 0 20 15 0 1 0 18 1
0 0 0 0 0 1 0 0 0 0 0 0 0 0 0 0 0 0 0 0 0 0 0 0 0 0 0 0 0 0 0 0 0 0 20 27 4 0 0 23 0
4 28 4 5 0 0 0 0 0 0 0 13 10 0 0 2 0 0 0 0 0 0 1 0 3 14 0 0 9 2 6 3 19 3 0 0 4 0 0 0 0
0 0 0 0 0 0 0 0 0 0 0 0 1 0 0 0 0 0 0 0 0 0 0 0 0 0 0 0 0 0 0 0 0 1 21 25 8 0 0 23 1
0 0 0 3 0 0 0 1 0 0 0 0 0 0 1 0 0 0 0 0 0 0 7 0 0 4 0 2 6 0 0 14 0 0 20 14 0 1 0 18 1
0 0 0 0 0 0 0 0 0 0 0 0 0 0 0 0 0 0 0 0 0 0 0 0 0 0 0 0 0 0 0 0 0 0 22 24 3 0 0 24 1
7 43 6 8 0 0 0 0 0 0 0 21 12 0 0 3 0 0 0 0 0 0 0 0 6 21 0 0 14 2 9 2 28 5 0 0 3 0 0 0 0
8 32 3 10 0 0 0 0 0 0 0 22 3 0 2 4 0 1 0 0 0 0 5 0 3 19 0 3 17 1 4 11 19 1 0 0 0 0 0 0 0
0 0 4 0 0 0 0 0 0 0 0 0 13 0 0 0 0 0 0 0 0 0 0 0 1 0 0 0 0 1 4 0 6 5 6 9 16 0 0 11 2
0 0 0 0 0 1 0 0 0 0 0 0 0 0 0 0 0 0 0 0 0 0 0 0 0 0 0 0 0 0 0 0 0 0 21 28 5 0 0 24 0
0 0 0 0 0 0 0 1 0 0 0 0 0 0 0 0 0 0 0 0 0 0 4 0 0 0 0 1 1 0 0 9 0 0 22 16 0 1 0 20 1
0 0 0 0 0 0 0 0 0 0 0 0 0 0 0 0 0 0 0 0 0 0 2 0 0 0 0 0 0 0 0 4 0 0 22 20 0 0 0 23 1
0 0 0 0 0 0 0 0 0 0 0 0 0 0 0 0 0 0 0 0 0 0 1 0 0 0 0 0 0 0 0 2 0 0 23 22 0 0 0 24 1
0 0 0 1 0 0 0 1 0 0 0 0 0 0 0 0 0 0 0 0 0 0 5 0 0 0 0 1 2 0 0 10 0 0 23 19 0 1 0 23 1
0 0 0 0 0 0 0 0 0 0 0 0 0 0 0 0 0 0 0 0 0 0 0 0 0 0 0 0 0 0 0 0 0 0 22 23 0 0 0 23 1
1 0 0 4 0 0 0 1 0 0 0 0 0 0 0 0 0 0 0 0 0 0 8 0 0 2 0 2 7 0 0 15 0 0 19 14 0 1 0 16 0
0 0 0 0 0 0 0 0 0 0 0 0 0 0 0 0 0 0 0 0 0 0 1 0 0 0 0 0 0 0 0 2 0 0 22 22 0 0 0 23 1
0 0 0 0 0 0 0 0 0 0 0 0 0 0 0 0 0 0 0 0 0 0 0 0 0 0 0 0 0 0 0 0 0 0 22 23 6 0 0 24 1
0 0 0 0 0 0 0 0 0 0 0 0 0 0 0 0 0 0 0 0 0 0 0 0 0 0 0 0 0 0 0 0 0 0 23 22 1 0 0 24 1
0 0 0 0 0 0 0 0 0 0 0 0 3 0 0 0 0 0 0 0 0 0 0 0 0 0 0 0 0 0 0 0 0 1 21 28 10 0 0 24 0
0 0 0 0 0 0 0 0 0 0 0 0 0 0 0 0 0 0 0 0 0 0 2 0 0 0 0 0 0 0 0 3 0 0 23 20 1 1 0 23 2
0 0 0 0 0 0 0 0 0 0 0 0 3 0 0 0 0 0 0 0 0 0 0 0 0 0 0 0 0 0 0 0 0 1 21 27 11 0 0 25 1
0 25 6 0 0 0 0 0 0 0 0 4 18 0 0 0 0 0 0 0 0 0 0 0 4 8 0 0 0 2 8 0 20 7 0 0 16 0 0 0 0
9 4 0 12 0 0 0 3 0 0 0 13 0 0 4 2 0 1 0 0 0 0 13 0 0 14 0 8 19 0 0 26 0 0 2 0 0 1 0 0 0
16 48 3 20 0 0 0 1 0 0 0 38 0 0 4 9 0 3 0 1 0 1 10 0 5 28 0 7 31 1 4 21 26 0 0 0 0 0 0 0 0
0 0 0 0 0 0 0 0 0 0 0 0 1 0 0 0 0 0 0 0 0 0 0 0 0 0 0 0 0 0 0 0 0 1 20 22 7 0 0 22 1
0 16 9 0 0 0 0 0 0 0 0 0 24 0 0 0 0 0 0 0 0 0 0 0 4 0 0 0 0 3 10 0 19 9 0 0 24 0 0 0 0
0 0 0 0 0 0 0 0 0 0 0 0 0 0 0 0 0 0 0 0 0 0 0 0 0 0 0 0 0 0 0 0 0 0 22 24 1 0 0 23 1
0 0 0 1 0 0 0 0 0 0 0 0 0 0 0 0 0 0 0 0 0 0 5 0 0 1 0 1 3 0 0 11 0 0 22 16 0 1 0 20 1
0 0 0 0 0 0 0 0 0 0 0 0 0 0 0 0 0 0 0 0 0 0 0 0 0 0 0 0 0 0 0 1 0 0 22 22 0 0 0 23 1
8 32 2 11 0 0 0 1 0 0 0 22 2 0 2 4 0 1 0 0 0 0 5 0 3 19 0 3 18 1 4 12 19 0 0 0 0 0 0 0 0
1 57 14 0 0 0 0 0 0 0 1 13 35 0 0 1 0 0 0 0 0 0 0 0 12 19 0 0 0 5 19 0 44 15 0 0 26 0 0 0 0
0 0 0 0 0 0 0 0 0 0 0 0 0 0 0 0 0 0 0 0 0 0 0 0 0 0 0 0 0 0 0 1 0 0 23 21 3 0 0 23 2
0 5 2 0 0 0 0 0 0 0 0 1 5 0 0 0 0 0 0 0 0 0 0 0 0 5 0 0 1 0 1 3 5 1 3 0 7 1 0 4 1
0 0 0 1 0 0 0 1 0 0 0 0 1 0 1 0 0 0 0 0 0 0 3 0 0 5 0 1 3 0 0 7 0 0 9 5 3 1 0 8 1
7 0 0 10 0 0 0 3 0 0 0 10 0 0 3 1 0 1 0 0 0 0 13 0 0 13 0 7 17 0 0 25 0 0 7 0 0 1 0 0 0
0 24 13 0 0 0 0 0 0 0 0 0 33 0 0 0 0 0 0 0 1 0 0 0 6 0 0 0 0 5 15 0 28 14 0 0 33 0 0 0 0
3 16 1 5 0 0 0 1 0 0 0 9 3 0 1 1 0 0 0 0 0 0 3 0 0 13 0 1 10 0 2 10 9 0 0 0 0 0 0 0 0
5 0 0 7 0 0 0 2 0 0 0 6 0 0 2 0 0 0 0 0 0 0 10 0 0 10 0 4 12 0 0 20 0 0 11 2 0 1 0 6 0
0 9 4 0 0 0 0 0 0 0 0 0 14 0 0 0 0 0 0 0 0 0 0 0 1 3 0 0 0 1 5 0 11 4 0 0 15 0 0 0 1
0 0 0 0 0 0 0 0 0 0 0 0 2 0 0 0 0 0 0 0 0 0 0 0 0 0 0 0 0 0 0 0 0 1 21 21 9 0 0 23 1
0 0 0 0 0 0 0 0 0 0 0 0 0 0 0 0 0 0 0 0 0 0 0 0 0 0 0 0 0 0 0 0 0 0 22 23 6 0 0 24 1
0 0 0 0 0 1 0 0 0 0 0 0 0 0 0 0 0 0 0 0 0 0 0 0 0 0 0 0 0 0 0 0 0 0 21 25 1 0 0 22 0
0 0 0 0 0 0 0 0 0 0 0 0 0 0 0 0 0 0 0 0 0 0 2 0 0 0 0 0 0 0 0 4 0 0 23 22 0 0 0 23 1
0 0 0 0 0 0 0 0 0 0 0 0 0 0 0 0 0 0 0 0 0 0 1 0 0 0 0 0 0 0 0 3 0 0 23 19 3 1 0 24 2
0 0 3 0 0 0 0 0 0 0 0 0 12 0 0 0 0 0 0 0 0 0 0 0 0 0 0 0 0 0 3 0 4 4 6 7 16 0 0 11 2
0 0 0 0 0 0 0 0 0 0 0 0 0 0 0 0 0 0 0 0 0 0 1 0 0 0 0 0 0 0 0 2 0 0 20 17 3 0 0 21 1
0 0 5 0 0 0 0 0 0 0 0 0 14 0 0 0 0 0 0 0 0 0 0 0 1 0 0 0 0 1 4 0 5 6 7 11 20 0 0 13 1
0 0 0 0 0 0 0 0 0 0 0 0 0 0 0 0 0 0 0 0 0 0 0 0 0 0 0 0 0 0 0 0 0 0 21 23 0 0 0 23 1
0 0 4 0 0 0 0 0 0 0 0 0 12 0 0 0 0 0 0 0 0 0 0 0 0 0 0 0 0 1 3 0 3 5 10 13 19 0 0 16 1
3 0 0 6 0 0 0 2 0 0 0 3 0 0 1 0 0 0 0 0 0 0 9 0 0 7 0 3 10 0 0 19 0 0 16 8 0 2 0 12 1
8 27 1 10 0 0 0 1 0 0 0 20 0 0 3 4 0 1 0 0 0 0 5 0 2 18 0 3 17 1 2 13 15 0 0 0 0 0 0 0 0
0 0 0 0 0 1 0 0 0 0 0 0 0 0 0 0 0 0 0 0 0 0 0 0 0 0 0 0 0 0 0 0 0 0 21 29 5 0 0 25 0
0 0 0 0 0 0 0 0 0 0 0 0 0 0 0 0 0 0 0 0 0 0 0 0 0 0 0 0 0 0 0 0 0 0 21 26 4 0 0 23 0
0 0 0 0 0 0 0 0 0 0 0 0 0 0 0 0 0 0 0 0 0 0 0 0 0 0 0 0 0 0 0 3 0 0 20 17 3 1 0 21 2
1 0 0 3 0 0 0 1 0 0 0 0 0 0 1 0 0 0 0 0 0 0 7 0 0 4 0 1 6 0 0 15 0 0 20 13 0 2 0 17 1
0 0 0 0 0 0 0 0 0 0 0 0 0 0 0 0 0 0 0 0 0 0 0 0 0 0 0 0 0 0 0 0 0 0 21 24 1 0 0 23 1
0 0 0 0 0 0 0 0 0 0 0 0 0 0 0 0 0 0 0 0 0 0 0 0 0 0 0 0 0 0 0 0 0 0 22 20 6 0 0 23 2
0 0 0 0 0 0 0 0 0 0 0 0 0 0 0 0 0 0 0 0 0 0 4 0 0 0 0 0 0 0 0 7 0 0 22 20 0 1 0 21 1
