0 0 0 10 0 0 1 0 0 20 13 32 0 0 0 19 0 16 0 0 0 0 7 0 14 0 17 0 0 0 0 3 0 0 0 10 0 0 0 36 5
0 0 0 0 0 0 0 0 0 2 10 0 0 0 44 0 23 0 1 0 0 15 0 0 0 0 31 0 0 0 9 19 12 0 4 13 19 0 47 0 0
0 0 5 0 1 0 0 0 0 0 8 0 0 1 45 0 34 0 1 0 11 11 0 0 0 0 6 0 0 0 6 0 22 0 0 0 12 0 35 0 0
0 0 0 19 0 0 0 2 0 12 1 38 0 0 0 24 0 11 0 0 1 0 13 0 13 0 0 0 0 0 0 0 0 0 0 2 0 0 0 53 2
0 0 0 0 0 0 3 0 0 15 26 0 0 0 34 0 20 13 0 0 0 15 0 0 4 0 40 0 0 0 1 17 8 0 1 19 9 0 20 0 6
0 0 3 1 0 0 0 0 0 3 9 0 0 0 32 0 25 0 0 0 11 8 0 0 0 0 7 0 0 0 3 0 14 0 0 0 6 0 20 1 0
0 0 4 0 0 0 0 0 0 0 10 0 0 0 48 0 33 0 1 0 7 12 0 0 0 0 13 0 0 0 8 0 19 0 0 0 15 0 39 0 0
2 0 0 23 0 0 0 4 0 8 0 46 0 0 0 29 0 9 0 0 0 0 18 0 14 0 0 1 0 0 0 0 0 0 0 0 0 0 0 65 0
0 0 0 0 0 0 0 0 0 7 15 0 0 0 45 0 25 2 0 0 0 15 0 0 0 0 32 0 0 0 7 13 12 0 2 9 17 0 37 0 0
0 0 0 0 0 0 4 0 0 17 30 0 0 0 36 0 21 14 0 0 0 16 0 0 4 0 43 0 0 0 1 17 9 0 0 20 9 0 19 0 6
8 0 10 35 0 0 0 3 0 0 0 13 0 0 0 21 1 0 0 0 15 0 6 1 0 0 0 0 0 0 0 0 4 0 0 0 0 0 0 63 0
0 0 0 1 0 0 3 0 0 23 23 23 0 0 0 13 0 21 0 1 0 3 1 0 14 0 32 0 0 0 0 10 0 0 0 18 0 1 0 13 8
7 0 11 0 1 0 0 3 0 0 0 0 1 0 44 0 28 0 2 0 0 10 0 0 0 0 0 0 0 0 13 6 21 0 2 0 19 0 60 0 0
4 0 6 28 0 0 0 2 0 0 0 16 0 0 0 20 0 0 0 0 14 0 7 0 0 0 0 0 0 0 0 0 1 0 0 0 0 0 0 57 0
0 0 5 10 1 0 0 0 0 0 1 0 0 0 28 3 25 0 0 0 15 5 0 0 0 0 0 0 0 0 3 0 17 0 0 0 4 0 20 15 0
0 0 0 0 0 0 4 0 0 17 30 0 0 0 34 0 20 15 0 0 0 15 0 0 4 0 43 0 0 0 0 16 8 0 0 20 8 0 16 0 6
5 0 11 27 2 0 0 0 0 0 0 0 0 2 6 12 18 0 0 0 17 0 0 1 0 1 0 0 0 0 0 0 17 0 0 0 0 0 11 41 0
5 0 8 29 0 0 0 1 0 0 0 11 0 0 0 18 5 0 0 0 15 0 5 0 0 0 0 0 0 0 0 0 5 0 0 0 0 0 0 53 0
4 0 13 10 5 0 0 0 0 0 0 0 0 3 30 0 32 0 0 0 15 6 0 1 0 1 0 0 0 0 5 0 29 0 0 0 2 0 37 1 0
0 0 0 2 0 0 1 0 0 17 17 13 0 0 9 8 6 12 0 0 3 4 1 0 7 0 22 0 0 0 0 3 0 0 0 7 0 0 0 14 3
0 0 0 11 0 0 2 0 0 23 13 41 0 0 0 24 0 20 0 0 0 0 10 0 18 0 18 0 0 0 0 5 0 0 0 13 0 0 0 42 7
0 0 0 0 0 0 4 0 0 15 29 0 0 0 33 0 21 14 0 0 0 17 0 0 3 0 43 0 0 0 1 19 10 0 1 22 7 0 19 0 6
0 0 0 0 0 0 4 0 0 26 26 24 0 0 0 12 0 24 0 2 0 3 0 0 16 0 35 0 0 0 0 12 0 0 0 22 0 2 0 11 10
0 0 0 0 0 0 3 0 0 23 28 8 0 0 15 2 7 20 0 1 0 9 0 0 10 0 40 0 0 0 0 12 0 0 0 19 1 0 0 0 8
2 0 0 22 0 0 0 3 0 7 0 37 0 0 0 25 0 5 0 0 3 0 15 0 10 0 0 0 0 0 0 0 0 0 0 0 0 0 0 58 0
7 0 6 34 0 0 0 4 0 0 0 24 0 0 0 25 0 0 0 0 12 0 13 0 0 0 0 0 0 0 0 0 0 0 0 0 0 0 0 69 0
4 0 8 25 0 0 0 1 0 0 0 5 0 1 2 14 13 0 0 0 15 0 1 0 0 0 0 0 0 0 0 0 11 0 0 0 0 0 4 43 0
0 0 0 0 0 0 0 0 0 7 14 0 0 0 40 0 25 2 0 0 1 12 0 0 0 0 25 0 0 0 5 7 13 0 0 5 13 0 31 0 0
0 0 0 0 0 0 4 0 0 24 26 22 0 0 0 11 0 22 0 2 0 4 0 0 14 0 35 0 0 0 0 11 0 0 0 20 0 1 0 8 9
5 0 4 29 0 0 0 3 0 0 0 24 0 0 0 23 0 0 0 0 11 0 12 0 0 0 0 0 0 0 0 0 0 0 0 0 0 0 0 64 0
0 0 6 2 2 0 0 0 0 0 6 0 0 1 40 0 32 0 0 0 13 9 0 0 0 0 0 0 0 0 5 0 22 0 0 0 8 0 30 0 0
6 0 9 30 0 0 0 2 0 0 0 10 0 0 0 18 6 0 0 0 15 0 4 1 0 0 0 0 0 0 0 0 6 0 0 0 0 0 0 55 0
0 0 0 0 0 0 5 0 0 16 31 0 0 0 32 0 20 16 0 0 0 17 0 0 4 0 45 0 0 0 0 21 8 0 1 24 7 0 18 0 7
0 0 3 0 0 0 0 0 0 1 12 0 0 0 48 0 31 0 1 0 5 13 0 0 0 0 18 0 0 0 8 1 17 0 0 0 16 0 38 0 0
0 0 0 15 0 0 0 0 0 12 5 28 0 0 0 20 0 8 0 0 3 0 8 0 8 0 4 0 0 0 0 0 0 0 0 1 0 0 0 42 2
0 0 0 0 0 0 8 0 0 29 41 15 0 0 0 5 0 32 0 4 0 8 0 0 17 0 52 0 0 0 0 21 0 0 0 35 0 5 0 0 15
1 0 4 0 0 0 0 0 0 0 7 0 0 0 47 0 27 0 2 0 0 13 0 0 0 0 20 0 0 0 10 8 15 0 2 3 20 0 47 0 0
0 0 6 0 1 0 0 0 0 0 4 0 0 1 40 0 31 0 1 0 11 9 0 0 0 0 1 0 0 0 6 0 21 0 0 0 10 0 33 0 0
0 0 0 0 0 0 6 0 0 24 36 2 0 0 16 0 9 25 0 2 0 12 0 0 11 0 50 0 0 0 0 20 1 0 0 29 0 4 0 0 12
0 0 5 0 0 0 0 0 0 0 7 0 0 0 47 0 30 0 2 0 3 13 0 0 0 0 13 0 0 0 10 2 18 0 0 0 17 0 44 0 0
0 0 0 5 0 0 1 0 0 17 16 18 0 0 2 12 1 13 0 0 2 2 1 0 9 0 20 0 0 0 0 4 0 0 0 8 0 0 0 19 5
0 0 0 11 0 0 2 0 0 21 13 38 0 0 0 21 0 18 0 0 0 0 9 0 16 0 17 0 0 0 0 4 0 0 0 11 0 0 0 40 6
0 0 1 0 0 0 0 0 0 6 14 0 0 0 46 0 26 1 1 0 0 14 0 0 0 0 29 0 0 0 8 10 12 0 1 7 18 0 39 0 0
0 0 0 12 0 0 2 0 0 22 12 41 0 0 0 23 0 19 0 0 0 0 10 0 17 0 17 0 0 0 0 4 0 0 0 12 0 0 0 43 6
7 0 15 1 6 0 0 0 0 0 0 0 0 4 37 0 35 0 0 0 11 8 0 0 0 1 0 0 0 1 9 0 33 0 0 0 7 0 53 0 0
0 0 0 0 0 0 1 0 0 5 14 0 0 0 43 0 23 3 0 0 0 15 0 0 0 0 33 0 0 0 7 18 11 0 3 14 16 0 40 0 0
3 0 2 28 0 0 0 3 0 0 0 29 0 0 0 24 0 0 0 0 10 0 14 0 3 0 0 0 0 0 0 0 0 0 0 0 0 0 0 64 0
0 0 0 0 0 0 5 0 0 22 36 0 0 0 22 0 13 22 0 2 0 14 0 0 9 0 49 0 0 0 0 19 4 0 0 27 1 2 3 0 10
1 0 4 0 0 0 0 0 0 0 6 0 0 0 48 0 27 0 2 0 0 13 0 0 0 0 21 0 0 0 11 9 15 0 2 3 20 0 49 0 0
0 0 0 0 0 0 0 0 0 10 17 0 0 0 35 0 24 4 0 0 5 11 0 0 0 0 23 0 0 0 2 3 12 0 0 3 8 0 21 0 0
7 0 10 31 0 0 0 1 0 0 0 8 0 1 0 17 8 0 0 0 16 0 3 1 0 0 0 0 0 0 0 0 9 0 0 0 0 0 0 53 0
0 0 0 4 0 0 2 0 0 24 20 27 0 0 0 15 0 20 0 1 0 0 4 0 14 0 27 0 0 0 0 7 0 0 0 14 0 0 0 24 7
5 0 7 28 0 0 0 2 0 0 0 13 0 0 0 18 4 0 0 0 14 0 6 0 0 0 0 0 0 0 0 0 4 0 0 0 0 0 0 53 0
0 0 0 0 0 0 7 0 0 28 42 10 0 0 6 2 3 31 0 4 0 11 0 0 15 0 54 0 0 0 0 22 0 0 0 35 0 5 0 0 15
0 0 0 0 0 0 1 0 0 11 22 0 0 0 43 0 25 7 0 0 0 15 0 0 0 0 35 0 0 0 4 12 11 0 0 11 14 0 28 0 1
1 0 2 21 0 0 0 1 0 3 0 23 0 0 0 20 0 0 0 0 9 0 9 0 3 0 0 0 0 0 0 0 0 0 0 0 0 0 0 51 0
0 0 0 0 0 0 2 0 0 13 22 0 0 0 41 0 24 8 0 0 0 14 0 0 1 0 37 0 0 0 3 11 10 0 0 13 13 0 25 0 2
3 0 10 18 3 0 0 0 0 0 0 0 0 2 19 6 24 0 0 0 17 3 0 1 0 1 0 0 0 0 2 0 21 0 0 0 0 0 20 24 0
2 0 9 0 2 0 0 0 0 0 1 0 0 2 43 0 33 0 1 0 7 11 0 0 0 0 0 0 0 0 9 0 24 0 0 0 13 0 46 0 0
0 0 0 0 0 0 4 0 0 13 27 0 0 0 34 0 20 13 0 0 0 16 0 0 3 0 42 0 0 0 2 21 10 0 2 22 9 0 23 0 6
0 0 0 0 0 0 1 0 0 9 19 0 0 0 42 0 24 5 0 0 0 15 0 0 0 0 34 0 0 0 5 14 11 0 1 12 14 0 31 0 1
0 0 0 0 0 0 2 0 0 9 20 0 0 0 41 0 23 7 0 0 0 16 0 0 0 0 36 0 0 0 5 17 11 0 2 15 14 0 32 0 2
5 0 12 26 2 0 0 0 0 0 0 0 0 2 10 11 21 0 0 0 18 0 0 1 0 1 0 0 0 0 1 0 19 0 0 0 0 0 15 38 0
0 0 0 0 0 0 3 0 0 14 28 0 0 0 35 0 22 13 0 0 0 17 0 0 3 0 41 0 0 0 1 19 10 0 1 20 8 0 21 0 6
0 0 0 0 0 0 3 0 0 12 23 0 0 0 37 0 22 10 0 0 0 15 0 0 2 0 39 0 0 0 3 18 9 0 2 18 12 0 26 0 4
0 0 0 0 0 0 1 0 0 7 17 0 0 0 41 0 23 5 0 0 0 15 0 0 0 0 35 0 0 0 6 19 11 0 2 15 15 0 36 0 1
1 0 0 23 0 0 0 3 0 5 0 33 0 0 0 24 0 3 0 0 6 0 13 0 7 0 0 0 0 0 0 0 0 0 0 0 0 0 0 58 0
2 0 6 0 0 0 0 1 0 0 3 0 0 0 46 0 27 0 2 0 0 12 0 0 0 0 16 0 0 0 11 7 15 0 1 1 20 0 50 0 0
0 0 1 18 0 0 0 0 0 5 0 21 0 0 0 18 0 2 0 0 9 0 7 0 4 0 0 0 0 0 0 0 0 0 0 0 0 0 0 46 0
0 0 0 0 0 0 4 0 0 26 29 19 0 0 2 9 0 23 0 2 0 5 0 0 14 0 40 0 0 0 0 12 0 0 0 21 0 1 0 3 10
2 0 4 22 0 0 0 1 0 0 0 15 0 0 0 17 4 0 0 0 12 0 6 0 0 0 0 0 0 0 0 0 3 0 0 0 0 0 0 47 0
0 0 0 0 0 0 3 0 0 25 27 21 0 0 0 10 0 22 0 2 0 4 0 0 14 0 37 0 0 0 0 11 0 0 0 20 0 1 0 7 9
3 0 5 24 0 0 0 1 0 0 0 16 0 0 0 18 3 0 0 0 13 0 6 0 0 0 0 0 0 0 0 0 2 0 0 0 0 0 0 51 0
0 0 0 0 0 0 2 0 0 7 19 0 0 0 39 0 22 6 0 0 0 16 0 0 0 0 37 0 0 0 5 22 11 0 3 19 13 0 34 0 3
0 0 0 16 0 0 0 2 0 14 3 37 0 0 0 22 0 11 0 0 0 0 12 0 12 0 3 1 0 0 0 0 0 0 0 3 0 0 0 49 2
1 0 0 0 0 0 0 0 0 2 9 0 0 0 43 0 22 0 1 0 0 14 0 0 0 0 29 0 0 0 9 18 12 0 4 12 18 0 45 0 0
0 0 1 0 0 0 0 0 0 7 15 0 0 0 47 0 28 1 1 0 2 14 0 0 0 0 28 0 0 0 7 6 14 0 0 4 17 0 36 0 0
0 0 0 0 0 0 0 0 0 8 15 0 0 0 35 0 25 2 0 0 8 10 0 0 0 0 19 0 0 0 2 0 13 0 0 0 8 0 20 0 0
0 0 0 0 0 0 5 0 0 14 31 0 0 0 35 0 22 15 0 0 0 19 0 0 4 0 47 0 0 0 2 25 11 0 2 27 8 1 23 0 8
0 0 0 0 0 0 4 0 0 12 26 0 0 0 35 0 21 12 0 0 0 17 0 0 2 0 41 0 0 0 2 21 11 0 2 21 9 0 24 0 6
0 0 0 0 0 0 7 0 0 30 40 16 0 0 0 6 0 31 0 4 0 8 0 0 17 0 52 0 0 0 0 20 0 0 0 34 0 5 0 0 15
4 0 0 31 0 0 0 5 0 0 0 39 0 0 0 29 0 0 0 0 7 0 19 0 6 0 0 0 0 0 0 0 0 0 0 0 0 0 0 74 0
0 0 1 0 0 0 0 0 0 5 13 0 0 0 45 0 26 0 1 0 0 13 0 0 0 0 26 0 0 0 8 8 13 0 0 5 17 0 38 0 0
1 0 9 0 4 0 0 0 0 0 0 0 0 2 41 0 34 0 1 0 10 10 0 0 0 1 0 0 0 0 8 0 26 0 0 0 9 0 43 0 0
0 0 0 0 0 0 1 0 0 11 21 0 0 0 43 0 25 6 0 0 0 16 0 0 0 0 36 0 0 0 5 14 11 0 1 13 14 0 31 0 1
0 0 0 3 0 0 3 0 0 24 21 25 0 0 0 14 0 20 0 1 0 1 2 0 14 0 29 0 0 0 0 8 0 0 0 16 0 1 0 19 8
0 0 2 0 0 0 0 0 0 2 7 0 0 0 45 0 23 0 2 0 0 13 0 0 0 0 27 0 0 0 10 13 11 0 3 7 21 0 47 0 0
1 0 8 18 1 0 0 0 0 0 0 0 0 2 21 7 25 0 0 0 17 3 0 0 0 1 0 0 0 0 2 0 20 0 0 0 0 0 17 26 0
0 0 0 5 0 0 0 0 0 17 14 18 0 0 3 11 1 12 0 0 3 1 3 0 8 0 19 0 0 0 0 1 0 0 0 6 0 0 0 22 3
8 0 4 37 0 0 0 6 0 0 0 33 0 0 0 29 0 0 1 0 11 0 18 0 0 0 0 0 0 0 0 0 0 0 0 0 0 0 0 79 0
4 0 7 21 0 0 0 0 0 0 0 5 0 0 6 12 13 0 0 0 14 0 1 0 0 0 0 0 0 0 0 0 10 0 0 0 0 0 6 38 0
1 0 6 0 0 0 0 1 0 0 3 0 0 0 47 0 29 0 2 0 1 12 0 0 0 0 11 0 0 0 11 4 18 0 1 0 19 0 50 0 0
4 0 3 28 0 0 0 4 0 0 0 27 0 0 0 23 0 0 0 0 9 0 13 0 1 0 0 0 0 0 0 0 0 0 0 0 0 0 0 62 0
0 0 0 0 0 0 0 0 0 7 15 0 0 0 45 0 25 2 1 0 0 14 0 0 0 0 31 0 0 0 7 11 12 0 1 8 17 0 36 0 0
0 0 0 14 0 0 0 0 0 8 5 15 0 0 3 14 6 3 0 0 9 0 4 0 3 0 2 0 0 0 0 0 1 0 0 0 0 0 0 35 0
2 0 11 5 4 0 0 0 0 0 0 0 0 3 33 0 31 0 0 0 13 8 0 0 0 1 0 0 0 0 6 0 27 0 0 0 4 0 37 0 0
0 0 0 0 0 0 3 0 0 15 27 0 0 0 37 0 22 12 0 0 0 15 0 0 3 0 42 0 0 0 1 16 9 0 0 18 11 0 21 0 4
0 0 0 0 0 0 6 0 0 27 35 16 0 0 0 7 0 28 0 3 0 7 0 0 15 0 46 0 0 0 0 17 0 0 0 29 0 3 0 0 13
0 0 0 0 0 0 1 0 0 6 16 0 0 0 43 0 24 4 0 0 0 16 0 0 0 0 35 0 0 0 6 20 12 0 3 16 16 0 39 0 1
5 0 12 0 2 0 0 2 0 0 0 0 1 2 42 0 31 0 1 0 4 10 0 0 0 0 0 0 0 0 11 0 24 0 0 0 15 0 54 0 0
4 0 10 23 2 0 0 0 0 0 0 0 0 2 13 10 22 0 0 0 17 0 0 0 0 1 0 0 0 0 1 0 18 0 0 0 0 0 15 35 0
0 0 8 0 3 0 0 0 0 0 2 0 0 2 42 0 34 0 1 0 12 9 0 0 0 1 0 0 0 0 7 0 25 0 0 0 10 0 39 0 0
0 0 0 7 0 0 0 0 0 12 12 11 0 0 11 10 9 7 0 0 8 3 1 0 4 0 13 0 0 0 0 0 3 0 0 0 0 0 0 21 1
0 0 2 19 0 0 0 0 0 1 0 16 0 0 0 16 3 0 0 0 11 0 5 0 1 0 0 0 0 0 0 0 1 0 0 0 0 0 0 44 0
4 0 10 24 1 0 0 0 0 0 0 0 0 1 9 11 19 0 0 0 17 0 0 1 0 1 0 0 0 0 1 0 16 0 0 0 0 0 12 39 0
0 0 0 19 0 0 0 1 0 8 0 27 0 0 0 20 0 4 0 0 7 0 10 0 7 0 0 0 0 0 0 0 0 0 0 0 0 0 0 49 0
0 0 0 0 0 0 5 0 0 22 34 0 0 0 22 0 13 22 0 1 0 12 0 0 9 0 47 0 0 0 0 17 3 0 0 25 2 2 3 0 9
1 0 0 23 0 0 0 2 0 14 0 51 0 0 0 31 0 13 0 0 0 0 18 0 17 0 0 1 0 0 0 0 0 0 0 2 0 0 0 68 2
2 0 9 17 2 0 0 0 0 0 0 0 0 2 22 4 26 0 0 0 18 3 0 1 0 1 0 0 0 0 3 0 22 0 0 0 0 0 21 24 0
0 0 2 0 1 0 0 0 0 3 11 0 0 0 41 0 28 0 0 0 8 10 0 0 0 0 14 0 0 0 5 0 16 0 0 0 11 0 30 0 0
3 0 4 26 0 0 0 2 0 0 0 22 0 0 0 21 0 0 0 0 12 0 10 0 0 0 0 0 0 0 0 0 0 0 0 0 0 0 0 57 0
0 0 0 13 0 0 0 0 0 13 7 25 0 0 0 18 0 9 0 0 4 0 7 0 8 0 7 0 0 0 0 0 0 0 0 1 0 0 0 39 2
0 0 0 0 0 0 3 0 0 23 30 6 0 0 16 1 9 20 0 1 0 10 0 0 10 0 42 0 0 0 0 14 0 0 0 21 1 1 0 0 9
2 0 6 20 0 0 0 0 0 0 0 3 0 1 11 11 17 0 0 0 15 0 0 0 0 0 0 0 0 0 1 0 13 0 0 0 0 0 8 34 0
0 0 0 0 0 0 3 0 0 20 30 0 0 0 33 0 19 16 0 0 0 14 0 0 5 0 43 0 0 0 0 14 6 0 0 17 8 0 13 0 6
0 0 0 14 0 0 2 0 0 22 9 46 0 0 0 26 0 20 0 0 0 0 13 0 18 0 13 0 0 0 0 3 0 0 0 11 0 0 0 50 6
0 0 0 0 0 0 0 0 0 13 20 0 0 0 33 0 21 8 0 0 3 10 0 0 2 0 28 0 0 0 2 5 9 0 0 6 8 0 17 0 1
0 0 4 0 0 0 0 0 0 0 9 0 0 0 46 0 31 0 1 0 5 12 0 0 0 0 15 0 0 0 8 1 17 0 0 0 15 0 39 0 0
0 0 0 0 0 0 4 0 0 28 26 31 0 0 0 16 0 26 0 3 0 1 1 0 18 0 36 0 0 0 0 12 0 0 0 23 0 1 0 17 11
0 0 0 17 0 0 1 1 0 17 5 42 0 0 0 25 0 14 0 0 0 0 12 0 15 0 7 0 0 0 0 0 0 0 0 6 0 0 0 52 4
0 0 0 0 0 0 1 0 0 5 15 0 0 0 44 0 24 2 0 0 0 16 0 0 0 0 35 0 0 0 8 21 12 0 4 16 18 0 43 0 1
0 0 0 2 0 0 4 0 0 28 25 33 0 0 0 17 0 26 0 2 0 0 3 0 18 0 34 0 0 0 0 12 0 0 0 22 0 1 0 22 10
7 0 7 33 0 0 0 3 0 0 0 19 0 0 0 23 0 0 0 0 14 0 10 0 0 0 0 0 0 0 0 0 0 0 0 0 0 0 0 65 0
3 0 5 24 0 0 0 0 0 0 0 12 0 0 0 16 7 0 0 0 14 0 4 0 0 0 0 0 0 0 0 0 5 0 0 0 0 0 0 48 0
0 0 0 0 0 0 3 0 0 23 28 15 0 0 7 7 3 21 0 1 0 7 0 0 12 0 37 0 0 0 0 11 0 0 0 19 0 0 0 1 8
5 0 13 22 5 0 0 0 0 0 0 0 0 3 16 6 25 0 0 0 17 3 0 2 0 1 0 0 0 0 2 0 24 0 0 0 0 0 24 26 0
0 0 0 0 0 0 2 0 0 10 20 0 0 0 42 0 24 6 0 0 0 15 0 0 0 0 35 0 0 0 5 14 11 0 1 13 14 0 30 0 1
0 0 0 20 0 0 0 2 0 9 0 34 0 0 0 23 0 7 0 0 4 0 12 0 9 0 0 0 0 0 0 0 0 0 0 0 0 0 0 52 1
0 0 3 0 0 0 0 0 0 3 14 0 0 0 49 0 32 0 1 0 6 13 0 0 0 0 20 0 0 0 8 1 17 0 0 0 16 0 37 0 0
8 0 11 35 0 0 0 2 0 0 0 7 0 1 0 18 8 0 0 0 17 0 3 1 0 1 0 0 0 0 0 0 9 0 0 0 0 0 0 58 0
0 0 0 0 0 0 0 0 0 11 20 0 0 0 40 0 26 5 0 0 2 13 0 0 0 0 30 0 0 0 3 6 12 0 0 6 12 0 25 0 0
3 0 12 4 6 0 0 0 0 0 0 0 0 4 37 0 36 0 0 0 14 9 0 0 0 1 0 0 0 0 7 0 32 0 0 0 5 0 44 0 0
0 0 0 0 0 0 5 0 0 25 37 8 0 0 13 2 7 25 0 3 0 11 0 0 12 0 47 0 0 0 0 16 0 0 0 26 0 3 0 0 11
0 0 0 17 0 0 0 2 0 11 0 35 0 0 0 23 0 9 0 0 2 0 12 0 11 0 0 0 0 0 0 0 0 0 0 0 0 0 0 50 1
0 0 0 4 0 0 4 0 0 27 23 35 0 0 0 19 0 24 0 2 0 0 3 0 19 0 30 0 0 0 0 10 0 0 0 21 0 1 0 27 10
2 0 0 27 0 0 0 4 0 7 0 47 0 0 0 30 0 7 0 0 3 0 20 0 12 0 0 1 0 0 0 0 0 0 0 0 0 0 0 72 0
0 0 0 18 0 0 0 1 0 14 4 38 0 0 0 24 0 12 0 0 1 0 11 0 13 0 3 0 0 0 0 0 0 0 0 4 0 0 0 51 3
0 0 0 0 0 0 6 0 0 26 39 7 0 0 12 0 7 27 0 3 0 11 0 0 13 0 51 0 0 0 0 19 0 0 0 31 0 4 0 0 13
4 0 5 27 0 0 0 2 0 0 0 17 0 0 0 20 0 0 0 0 13 0 8 0 0 0 0 0 0 0 0 0 1 0 0 0 0 0 0 55 0
0 0 0 0 0 0 6 0 0 22 39 0 0 0 22 0 14 24 0 1 0 15 0 0 9 0 50 0 0 0 0 20 4 0 0 29 0 2 2 0 11
0 0 8 0 2 0 0 0 0 0 5 0 0 2 46 0 35 0 1 0 10 11 0 0 0 0 0 0 0 0 8 0 24 0 0 0 12 0 42 0 0
2 0 10 19 3 0 0 0 0 0 0 0 0 2 20 5 25 0 0 0 18 3 0 1 0 1 0 0 0 0 2 0 22 0 0 0 0 0 21 26 0
6 0 9 30 0 0 0 2 0 0 0 10 0 0 0 18 6 0 0 0 15 0 4 0 0 0 0 0 0 0 0 0 6 0 0 0 0 0 0 54 0
8 0 8 34 0 0 0 3 0 0 0 17 0 0 0 22 0 0 0 0 14 0 9 0 0 0 0 0 0 0 0 0 0 0 0 0 0 0 0 65 0
0 0 0 0 0 0 1 0 0 5 14 0 0 0 44 0 23 2 0 0 0 15 0 0 0 0 34 0 0 0 7 18 12 0 3 13 17 0 41 0 0
3 0 10 0 3 0 0 0 0 0 0 0 0 2 41 0 32 0 1 0 7 10 0 0 0 0 0 0 0 0 9 0 25 0 0 0 11 0 47 0 0
6 0 5 32 0 0 0 3 0 0 0 24 0 0 0 24 0 0 0 0 12 0 12 0 0 0 0 0 0 0 0 0 0 0 0 0 0 0 0 66 0
0 0 0 0 0 0 3 0 0 12 24 0 0 0 36 0 21 10 0 0 0 16 0 0 2 0 39 0 0 0 3 19 10 0 2 19 10 0 25 0 5
0 0 0 0 0 0 4 0 0 15 27 0 0 0 36 0 21 13 0 0 0 16 0 0 3 0 42 0 0 0 2 18 9 0 1 19 9 0 21 0 5
7 0 6 35 0 0 0 4 0 0 0 24 0 0 0 25 0 0 0 0 12 0 13 0 0 0 0 0 0 0 0 0 0 0 0 0 0 0 0 71 0
6 0 1 33 0 0 0 6 0 0 0 41 0 0 0 31 0 0 1 0 7 0 21 0 6 0 0 1 0 0 0 0 0 0 0 0 0 0 0 79 0
0 0 0 1 0 0 0 0 0 12 11 9 0 0 10 6 6 7 0 0 3 3 0 0 4 0 15 0 0 0 0 1 1 0 0 4 0 0 0 10 2
0 0 0 0 0 0 5 0 0 19 33 0 0 0 32 0 19 18 0 0 0 16 0 0 6 0 48 0 0 0 0 20 7 0 0 25 7 1 15 0 8
0 0 0 0 0 0 3 0 0 23 26 17 0 0 5 8 1 20 0 1 0 5 0 0 12 0 35 0 0 0 0 10 0 0 0 17 0 0 0 5 8
5 0 14 22 5 0 0 0 0 0 0 0 0 4 21 4 30 0 0 0 19 4 0 2 0 1 0 0 0 0 3 0 28 0 0 0 0 0 28 23 0
0 0 7 0 2 0 0 0 0 0 5 0 0 1 43 0 34 0 1 0 10 11 0 0 0 1 0 0 0 0 7 0 23 0 0 0 11 0 38 0 0
0 0 0 4 0 0 3 0 0 25 21 32 0 0 0 17 0 22 0 1 0 0 4 0 17 0 29 0 0 0 0 9 0 0 0 19 0 0 0 25 9
0 0 4 9 0 0 0 0 0 0 3 0 0 0 24 4 21 0 0 0 13 4 0 0 0 0 0 0 0 0 2 0 13 0 0 0 3 0 15 15 0
8 0 8 35 0 0 0 3 0 0 0 19 0 0 0 24 0 0 0 0 14 0 10 0 0 0 0 0 0 0 0 0 0 0 0 0 0 0 0 69 0
6 0 7 30 0 0 0 3 0 0 0 16 0 0 0 20 0 0 0 0 14 0 8 0 0 0 0 0 0 0 0 0 1 0 0 0 0 0 0 59 0
0 0 0 14 0 0 2 1 0 22 8 48 1 0 0 27 0 20 0 0 0 0 14 0 20 0 12 0 0 0 0 4 0 0 0 12 0 0 0 53 6
0 0 7 0 3 0 0 0 0 0 4 0 0 2 42 0 34 0 1 0 11 10 0 0 0 1 0 0 0 0 6 0 24 0 0 0 9 0 38 0 0
2 0 7 16 2 0 0 0 0 0 0 0 0 1 21 5 24 0 0 0 17 3 0 0 0 1 0 0 0 0 2 0 19 0 0 0 0 0 18 23 0
4 0 6 26 0 0 0 1 0 0 0 14 0 0 0 18 4 0 0 0 14 0 6 0 0 0 0 0 0 0 0 0 3 0 0 0 0 0 0 52 0
0 0 0 0 0 0 4 0 0 12 27 0 0 0 37 0 22 12 0 0 0 18 0 0 2 0 43 0 0 0 3 22 11 0 2 23 10 0 26 0 6
0 0 0 0 0 0 1 0 0 8 18 0 0 0 41 0 22 5 0 0 0 15 0 0 0 0 34 0 0 0 5 17 11 0 2 14 14 0 33 0 2
0 0 0 0 0 0 7 0 0 23 41 0 0 0 19 0 13 26 0 2 0 15 0 0 10 0 53 0 0 0 0 23 4 0 0 33 0 4 0 0 13
1 0 0 0 0 0 0 0 0 3 9 0 0 0 44 0 22 0 1 0 0 13 0 0 0 0 30 0 0 0 9 18 12 0 4 11 19 0 46 0 0
0 0 0 0 0 0 2 0 0 8 18 0 0 0 40 0 22 5 0 0 0 15 0 0 0 0 35 0 0 0 5 18 11 0 2 15 14 0 33 0 2
0 0 0 0 0 0 3 0 0 20 29 0 0 0 28 0 15 16 0 1 0 13 0 0 7 0 42 0 0 0 0 13 5 0 0 17 6 0 9 0 6
0 0 0 16 0 0 0 2 0 13 3 34 0 0 0 22 0 10 0 0 2 0 11 0 11 0 2 0 0 0 0 0 0 0 0 2 0 0 0 48 2
0 0 0 0 0 0 5 0 0 18 32 0 0 0 30 0 18 17 0 1 0 15 0 0 5 0 45 0 0 0 0 18 7 0 0 23 5 1 12 0 8
0 0 3 0 0 0 0 0 0 1 7 0 0 0 45 0 24 0 2 0 0 13 0 0 0 0 25 0 0 0 10 12 12 0 3 6 20 0 46 0 0
2 0 4 0 0 0 0 0 0 0 4 0 0 0 44 0 24 0 2 0 0 12 0 0 0 0 22 0 0 0 11 11 12 0 3 5 20 0 49 0 0
0 0 0 0 0 0 2 0 0 19 27 0 0 0 32 0 18 14 0 0 0 12 0 0 5 0 39 0 0 0 1 11 6 0 0 14 8 0 13 0 4
2 0 0 23 0 0 0 3 0 4 0 33 0 0 0 24 0 3 0 0 6 0 14 0 7 0 0 0 0 0 0 0 0 0 0 0 0 0 0 59 0
0 0 6 11 1 0 0 0 0 0 0 0 0 1 25 4 24 0 0 0 15 4 0 0 0 0 0 0 0 0 3 0 17 0 0 0 2 0 18 17 0
5 1 14 23 5 0 0 0 0 0 0 0 0 4 18 5 27 0 0 0 19 3 0 2 0 1 0 0 0 0 3 0 27 0 0 0 0 0 26 25 0
0 0 0 7 0 0 3 0 0 25 17 37 0 0 0 20 0 21 0 1 0 0 7 0 18 0 24 0 0 0 0 7 0 0 0 16 0 0 0 34 7
4 0 4 28 0 0 0 2 0 0 0 23 0 0 0 22 0 0 0 0 12 0 11 0 0 0 0 0 0 0 0 0 0 0 0 0 0 0 0 62 0
0 0 7 0 2 0 0 0 0 0 3 0 0 1 44 0 32 0 1 0 6 11 0 0 0 0 2 0 0 0 8 0 22 0 0 0 13 0 44 0 0
0 0 0 0 0 0 3 0 0 14 26 0 0 0 38 0 23 11 0 0 0 16 0 0 2 0 39 0 0 0 2 16 10 0 1 17 10 0 23 0 4
0 0 0 14 0 0 1 0 0 21 10 42 0 0 0 24 0 18 0 0 0 0 12 0 17 0 14 0 0 0 0 2 0 0 0 10 0 0 0 48 6
3 0 4 27 0 0 0 2 0 0 0 21 0 0 0 21 0 0 0 0 12 0 10 0 0 0 0 0 0 0 0 0 0 0 0 0 0 0 0 58 0
0 0 4 0 0 0 0 0 0 0 9 0 0 0 46 0 28 0 2 0 3 12 0 0 0 0 18 0 0 0 9 4 15 0 0 0 17 0 41 0 0
0 0 0 0 0 0 0 0 0 9 16 0 0 0 40 0 25 3 0 0 4 11 0 0 0 0 25 0 0 0 4 4 13 0 0 3 12 0 27 0 0
0 0 4 0 0 0 0 0 0 0 7 0 0 0 45 0 28 0 2 0 1 12 0 0 0 0 16 0 0 0 9 5 16 0 1 1 17 0 43 0 0
0 0 0 0 0 0 4 0 0 17 29 0 0 0 35 0 20 15 0 0 0 15 0 0 4 0 44 0 0 0 0 17 8 0 0 20 9 0 18 0 6
0 0 0 5 0 0 2 0 0 21 18 26 0 0 0 15 0 18 0 0 0 0 3 0 13 0 24 0 0 0 0 6 0 0 0 13 0 0 0 23 7
0 0 0 0 0 0 0 0 0 6 14 0 0 0 45 0 25 1 1 0 0 14 0 0 0 0 30 0 0 0 7 10 12 0 1 7 18 0 37 0 0
0 0 0 0 0 0 5 0 0 28 35 18 0 0 1 7 0 28 0 3 0 7 0 0 15 0 47 0 0 0 0 16 0 0 0 28 0 3 0 0 13
0 0 0 0 0 0 3 0 0 10 22 0 0 0 38 0 22 9 0 0 0 16 0 0 1 0 39 0 0 0 4 20 10 0 2 19 12 0 30 0 4
0 0 0 2 0 0 0 0 0 12 13 7 0 0 14 6 9 7 0 0 4 4 0 0 4 0 17 0 0 0 0 1 2 0 0 3 1 0 1 10 2
2 0 11 12 5 0 0 0 0 0 0 0 0 3 30 0 32 0 0 0 16 7 0 1 0 1 0 0 0 0 4 0 28 0 0 0 1 0 33 6 0
4 0 9 0 1 0 0 1 0 0 0 0 0 0 42 0 28 0 2 0 1 11 0 0 0 0 1 0 0 0 11 3 20 0 1 0 16 0 51 0 0
6 0 6 32 0 0 0 3 0 0 0 19 0 0 0 22 0 0 0 0 13 0 9 0 0 0 0 0 0 0 0 0 0 0 0 0 0 0 0 63 0
0 0 0 0 0 0 4 0 0 25 26 25 0 0 0 13 0 23 0 2 0 2 0 0 16 0 34 0 0 0 0 11 0 0 0 21 0 1 0 12 10
1 0 0 21 0 0 0 3 0 9 0 39 0 0 0 25 0 8 0 0 2 0 15 0 10 0 0 0 0 0 0 0 0 0 0 0 0 0 0 58 0
0 0 0 0 0 0 0 0 0 7 18 0 0 0 49 0 30 2 1 0 3 14 0 0 0 0 28 0 0 0 7 5 14 0 0 4 17 0 35 0 0
0 0 0 0 0 0 1 0 0 7 16 0 0 0 42 0 23 4 0 0 0 14 0 0 0 0 34 0 0 0 6 16 11 0 2 13 16 0 36 0 0
3 0 12 9 5 0 0 0 0 0 0 0 0 4 34 0 34 0 0 0 16 7 0 0 0 1 0 0 0 0 5 0 31 0 0 0 3 0 39 0 0
0 0 0 0 0 0 1 0 0 9 19 0 0 0 42 0 24 5 0 0 0 15 0 0 0 0 34 0 0 0 5 15 12 0 1 13 14 0 32 0 1
5 0 3 33 0 0 0 4 0 0 0 32 0 0 0 27 0 0 0 0 11 0 16 0 2 0 0 0 0 0 0 0 0 0 0 0 0 0 0 73 0
0 0 7 0 2 0 0 0 0 0 5 0 0 1 45 0 35 0 1 0 10 11 0 0 0 1 1 0 0 0 7 0 23 0 0 0 12 0 40 0 0
0 0 0 0 0 0 2 0 0 6 16 0 0 0 43 0 23 4 0 0 0 16 0 0 0 0 37 0 0 0 7 22 12 0 4 18 17 0 41 0 2
2 0 2 24 0 0 0 2 0 0 0 25 0 0 0 21 0 0 0 0 9 0 10 0 3 0 0 0 0 0 0 0 0 0 0 0 0 0 0 55 0
0 0 0 0 0 0 0 0 0 6 15 0 0 0 45 0 27 2 1 0 1 13 0 0 0 0 27 0 0 0 6 7 13 0 0 5 16 0 34 0 0
3 0 2 26 0 0 0 3 0 0 0 27 0 0 0 23 0 0 0 0 9 0 13 0 2 0 0 0 0 0 0 0 0 0 0 0 0 0 0 61 0
7 0 9 33 0 0 0 3 0 0 0 13 0 0 0 20 1 0 0 0 15 0 7 1 0 0 0 0 0 0 0 0 4 0 0 0 0 0 0 61 0
9 0 10 37 0 0 0 4 0 0 0 16 0 0 0 23 0 0 0 0 15 0 10 1 0 0 0 0 0 0 0 0 0 0 0 0 0 0 0 68 0
0 0 7 0 2 0 0 0 0 0 5 0 0 1 44 0 34 0 1 0 10 11 0 0 0 0 0 0 0 0 7 0 24 0 0 0 11 0 40 0 0
5 0 0 30 0 0 0 5 0 0 0 46 0 0 0 32 0 1 0 0 4 0 22 0 10 0 0 1 0 0 0 0 0 0 0 0 0 0 0 77 0
0 0 0 0 0 0 0 0 0 5 14 0 0 0 47 0 27 0 1 0 0 14 0 0 0 0 29 0 0 0 8 10 13 0 1 6 19 0 40 0 0
0 0 2 0 0 0 0 0 0 2 9 0 0 0 46 0 25 0 2 0 0 13 0 0 0 0 25 0 0 0 10 10 13 0 2 5 19 0 45 0 0
0 0 0 0 0 0 4 0 0 12 26 0 0 0 35 0 21 12 0 0 0 17 0 0 3 0 43 0 0 0 3 24 10 0 2 24 9 1 26 0 6
0 0 0 0 0 0 4 0 0 13 27 0 0 0 35 0 21 12 0 0 0 17 0 0 2 0 43 0 0 0 2 21 10 0 2 22 9 0 24 0 6
4 0 5 28 0 0 0 2 0 0 0 17 0 0 0 20 0 0 0 0 13 0 8 0 0 0 0 0 0 0 0 0 1 0 0 0 0 0 0 56 0
5 0 6 31 0 0 0 3 0 0 0 20 0 0 0 23 0 0 0 0 13 0 10 0 0 0 0 0 0 0 0 0 0 0 0 0 0 0 0 64 0
1 0 2 21 0 0 0 1 0 1 0 20 0 0 0 19 0 0 0 0 10 0 7 0 2 0 0 0 0 0 0 0 0 0 0 0 0 0 0 48 0
0 0 0 18 0 0 0 0 0 9 1 26 0 0 0 19 0 5 0 0 7 0 9 0 6 0 0 0 0 0 0 0 0 0 0 0 0 0 0 47 0
0 0 0 0 0 0 2 0 0 21 24 15 0 0 7 8 3 18 0 0 0 6 0 0 10 0 32 0 0 0 0 8 0 0 0 14 0 0 0 6 7
0 0 6 4 1 0 0 0 0 0 3 0 0 1 35 0 30 0 0 0 13 7 0 0 0 0 0 0 0 0 4 0 19 0 0 0 7 0 27 1 0
1 0 2 22 0 0 0 2 0 0 0 22 0 0 0 19 0 0 0 0 9 0 8 0 2 0 0 0 0 0 0 0 0 0 0 0 0 0 0 50 0
0 0 0 0 0 0 1 0 0 8 18 0 0 0 40 0 22 5 0 0 0 15 0 0 0 0 34 0 0 0 5 18 11 0 2 15 13 0 33 0 2
8 0 6 35 0 0 0 5 0 0 0 25 0 0 0 26 0 0 0 0 12 0 14 0 0 0 0 0 0 0 0 0 0 0 0 0 0 0 0 71 0
0 0 0 5 0 0 3 0 0 25 21 31 0 0 0 18 0 21 0 1 0 0 3 0 16 0 28 0 0 0 0 8 0 0 0 17 0 0 0 26 8
0 0 0 0 0 0 3 0 0 23 27 11 0 0 12 4 5 19 0 1 0 8 0 0 11 0 38 0 0 0 0 11 0 0 0 17 0 0 0 0 7
3 0 1 27 0 0 0 3 0 0 0 33 0 0 0 26 0 0 0 0 8 0 15 0 5 0 0 0 0 0 0 0 0 0 0 0 0 0 0 64 0
0 0 0 3 0 0 4 0 0 28 24 35 0 0 0 19 0 26 0 2 0 0 3 0 20 0 33 0 0 0 0 11 0 0 0 22 0 1 0 25 11
0 0 0 19 0 0 0 2 0 9 0 34 0 0 0 23 0 7 0 0 3 0 12 0 9 0 0 0 0 0 0 0 0 0 0 0 0 0 0 52 1
4 0 0 28 0 0 0 4 0 0 0 39 0 0 0 28 0 0 0 0 6 0 19 0 7 0 0 0 0 0 0 0 0 0 0 0 0 0 0 70 0
0 0 0 0 0 0 1 0 0 5 14 0 0 0 44 0 24 2 0 0 0 14 0 0 0 0 31 0 0 0 7 14 12 0 2 11 17 0 39 0 0
0 0 0 0 0 0 0 0 0 11 20 0 0 0 42 0 27 5 0 0 5 12 0 0 0 0 29 0 0 0 4 3 13 0 0 4 12 0 25 0 0
3 0 2 27 0 0 0 4 0 0 0 29 0 0 0 24 0 0 0 0 9 0 14 0 3 0 0 0 0 0 0 0 0 0 0 0 0 0 0 62 0
7 0 8 33 0 0 0 2 0 0 0 16 0 0 0 21 0 0 0 0 14 0 8 1 0 0 0 0 0 0 0 0 1 0 0 0 0 0 0 62 0
1 0 0 23 0 0 0 3 0 7 0 39 0 0 0 26 0 6 0 0 4 0 16 0 10 0 0 0 0 0 0 0 0 0 0 0 0 0 0 61 0
5 0 4 31 0 0 0 3 0 0 0 24 0 0 0 24 0 0 0 0 13 0 12 0 0 0 0 0 0 0 0 0 0 0 0 0 0 0 0 66 0
0 0 0 0 0 0 4 0 0 14 28 0 0 0 35 0 21 13 0 0 0 17 0 0 3 0 43 0 0 0 2 20 10 0 1 21 9 0 22 0 6
0 0 1 0 0 0 0 0 0 5 14 0 0 0 47 0 27 1 1 0 0 14 0 0 0 0 28 0 0 0 8 8 13 0 0 5 18 0 38 0 0
0 0 0 0 0 0 4 0 0 20 32 0 0 0 29 0 17 18 0 1 0 14 0 0 6 0 45 0 0 0 0 16 6 0 0 21 5 0 10 0 8
0 0 0 0 0 0 4 0 0 19 34 0 0 0 31 0 19 18 0 0 0 16 0 0 6 0 46 0 0 0 0 18 8 0 0 24 5 0 13 0 8
0 0 0 0 0 0 5 0 0 24 37 7 0 0 16 1 9 25 0 2 0 11 0 0 11 0 48 0 0 0 0 16 0 0 0 26 0 3 0 0 11
0 0 0 0 0 0 6 0 0 19 36 0 0 0 26 0 18 21 0 1 0 16 0 0 7 0 48 0 0 0 0 20 7 0 0 27 2 2 8 0 9
0 0 8 4 2 0 0 0 0 0 0 0 0 1 36 0 32 0 0 0 14 7 0 0 0 1 0 0 0 0 5 0 23 0 0 0 6 0 32 0 0
0 0 0 3 0 0 5 0 0 30 26 38 0 0 0 20 0 28 0 2 0 0 3 0 21 0 34 0 0 0 0 12 0 0 0 24 0 1 0 26 11
0 0 0 0 0 0 3 0 0 21 29 3 0 0 22 0 13 18 0 0 0 11 0 0 8 0 40 0 0 0 0 12 2 0 0 17 3 0 3 0 7
5 0 7 26 0 0 0 1 0 0 0 9 0 0 0 16 8 0 0 0 14 0 3 0 0 0 0 0 0 0 0 0 7 0 0 0 0 0 0 47 0
4 0 14 17 6 0 0 0 0 0 0 0 0 5 31 0 35 0 0 0 19 6 0 1 0 2 0 0 0 0 5 0 34 0 0 0 0 0 36 10 0
3 0 11 12 4 0 0 0 0 0 0 0 0 3 29 0 30 0 0 0 16 6 0 1 0 1 0 0 0 0 4 0 28 0 0 0 1 0 32 8 0
4 0 1 30 0 0 0 4 0 0 0 34 0 0 0 27 0 0 0 0 8 0 17 1 5 0 0 0 0 0 0 0 0 0 0 0 0 0 0 69 0
0 0 6 0 1 0 0 0 0 0 6 0 0 0 46 0 30 0 2 0 4 12 0 0 0 0 11 0 0 0 10 2 18 0 0 0 17 0 45 0 0
3 0 0 26 0 0 0 4 0 5 0 42 0 0 0 28 0 5 0 0 4 0 18 0 10 0 0 0 0 0 0 0 0 0 0 0 0 0 0 66 0
7 0 3 38 0 0 0 6 0 0 0 40 0 0 0 33 0 0 1 0 10 0 22 0 3 0 0 0 0 0 0 0 0 0 0 0 0 0 0 87 0
0 0 0 18 0 0 0 2 0 9 1 29 0 0 0 21 0 6 0 0 4 0 10 0 8 0 0 0 0 0 0 0 0 0 0 0 0 0 0 47 1
0 0 6 0 2 0 0 0 0 0 4 0 0 1 41 0 33 0 1 0 11 10 0 0 0 0 0 0 0 0 6 0 23 0 0 0 9 0 36 0 0
0 0 0 13 0 0 1 1 0 16 7 34 0 0 0 21 0 14 0 0 0 0 10 0 13 0 9 0 0 0 0 1 0 0 0 6 0 0 0 42 4
