0 0 15 0 0 0 0 0 0 0 0 0 0 0 0 0 0 0 0 0 0 0 19 0 0 0 0 0 0 0 0 42 4 0 45 38 0 1 0 51 0
0 0 16 0 0 0 0 0 0 0 0 0 0 0 0 0 0 0 0 0 0 0 19 0 0 0 0 1 0 0 0 46 4 0 46 38 0 1 0 53 0
13 0 7 18 4 0 0 1 6 0 0 0 0 0 1 10 0 0 0 0 0 0 0 0 0 0 0 0 0 18 2 11 0 0 0 0 0 0 0 4 0
0 0 17 12 0 0 0 0 0 0 0 0 0 0 0 0 0 0 0 0 0 0 11 0 0 0 0 0 0 0 0 41 2 0 32 25 0 0 0 40 0
48 0 0 65 15 0 0 15 67 0 0 0 0 0 18 58 0 0 0 9 0 0 0 6 0 0 0 0 0 64 38 0 0 0 0 0 0 0 0 0 0
0 0 17 1 0 0 0 0 0 0 0 0 0 0 0 0 0 0 0 0 0 0 17 0 0 0 0 0 0 0 0 47 4 0 44 36 0 1 0 51 0
0 0 17 13 0 0 0 0 0 0 0 0 0 0 0 0 0 0 0 0 0 0 9 0 0 0 0 0 0 0 0 39 1 0 30 23 0 0 0 38 0
0 0 13 0 0 0 0 0 0 0 0 0 0 0 0 0 0 0 0 0 0 0 24 0 0 0 2 0 0 0 0 37 2 0 52 44 0 3 0 56 3
0 0 16 11 0 0 0 0 0 0 0 0 0 0 0 0 0 0 0 0 0 0 14 0 0 0 0 0 0 0 0 44 2 0 40 31 0 0 0 45 0
23 0 0 33 8 0 0 7 30 1 0 0 0 0 9 26 0 0 0 3 0 0 0 3 0 0 0 0 0 32 15 0 0 0 0 0 0 0 0 0 0
0 0 15 0 0 0 0 0 0 0 0 0 0 0 0 0 0 0 0 0 0 0 21 0 0 0 1 0 0 0 0 44 4 0 50 42 0 1 0 55 0
43 0 0 60 13 0 0 13 61 0 0 0 0 0 17 53 0 0 0 8 0 0 0 6 0 0 0 0 0 59 34 0 0 0 0 0 0 0 0 0 0
15 0 3 19 5 0 0 2 11 0 0 0 0 0 3 13 0 0 0 0 0 0 0 0 0 0 0 0 0 21 4 3 0 0 0 0 0 0 0 0 0
0 0 14 0 0 0 0 0 0 0 0 0 0 0 0 0 0 0 0 0 0 0 21 0 0 0 1 0 0 0 0 42 4 0 50 41 0 1 0 52 1
14 0 4 18 4 0 0 1 9 0 0 0 0 0 2 11 0 0 0 0 0 0 0 0 0 0 0 1 0 19 3 4 0 0 0 0 0 0 0 0 0
0 0 13 0 0 0 0 0 0 0 0 0 0 0 0 0 0 0 0 0 0 0 22 0 0 0 1 0 0 0 0 40 3 0 51 43 0 2 0 54 2
10 0 6 16 3 0 0 0 4 0 0 0 0 0 0 8 0 0 0 0 0 0 0 0 0 0 0 0 0 14 1 12 0 0 2 0 0 0 0 5 0
0 0 13 0 0 0 0 0 0 0 0 0 0 0 0 0 0 0 0 0 0 0 23 0 0 0 2 0 0 0 0 38 3 0 50 42 0 2 0 54 2
0 0 16 1 0 0 0 0 0 0 0 0 0 0 0 0 0 0 0 0 0 0 17 0 0 0 0 0 0 0 0 45 3 0 45 35 0 0 0 49 0
36 0 0 50 11 0 0 11 50 0 0 0 0 0 14 43 0 0 0 6 0 0 0 5 0 0 0 0 0 50 28 0 0 0 0 0 0 0 0 0 0
0 0 16 0 0 0 0 0 0 0 0 0 0 0 0 0 0 0 0 0 0 0 20 0 0 0 0 0 0 0 0 46 4 0 48 39 0 1 0 54 0
37 0 0 52 12 0 0 12 53 0 0 0 0 0 15 46 0 0 0 7 0 0 0 5 0 0 0 0 0 52 30 0 0 0 0 0 0 0 0 0 0
0 0 14 9 0 0 0 0 0 0 0 0 0 0 0 0 0 0 0 0 0 0 7 0 0 0 0 0 0 1 0 31 2 0 23 18 0 1 0 30 0
0 0 14 10 0 0 0 0 0 0 0 0 0 0 0 0 0 0 0 0 0 0 7 0 0 0 0 0 0 0 0 33 2 0 25 19 0 0 0 32 0
0 0 15 2 0 0 0 0 0 0 0 0 0 0 0 0 0 0 0 0 0 0 16 0 0 0 0 0 0 0 0 44 3 0 43 34 0 0 0 48 0
0 0 14 0 0 0 0 0 0 0 0 0 0 0 0 0 0 0 0 0 0 0 24 0 0 0 2 0 0 0 0 39 3 0 51 44 0 2 0 56 2
0 0 14 0 0 0 0 0 0 0 0 0 0 0 0 0 0 0 0 0 0 0 21 0 0 0 0 0 0 0 0 42 3 0 50 41 0 1 0 53 1
11 0 7 16 4 0 0 0 5 0 0 0 0 0 1 9 0 0 0 0 0 0 0 0 0 0 0 0 0 17 2 12 0 0 0 0 0 0 0 4 0
0 0 13 0 0 0 0 0 0 0 0 0 0 0 0 0 0 0 0 0 0 0 23 0 0 0 1 0 0 0 0 39 3 0 51 43 0 2 0 54 3
0 0 15 7 0 0 0 0 0 0 0 0 0 0 0 0 0 0 0 0 0 0 9 0 0 0 0 0 0 0 0 37 2 0 28 23 0 1 0 38 0
34 0 0 47 11 0 0 10 48 0 0 0 0 0 13 41 0 0 0 6 0 0 0 5 0 0 0 0 0 47 27 0 0 0 0 0 0 0 0 0 0
0 0 13 0 0 0 0 0 0 0 0 0 0 0 0 0 0 0 0 0 0 0 24 0 0 0 2 0 0 0 0 39 3 0 51 44 0 3 0 56 2
0 0 15 0 0 0 0 0 0 0 0 0 0 0 0 0 0 0 0 0 0 0 22 0 0 0 1 0 0 0 0 43 4 0 51 43 0 1 0 55 1
0 0 13 0 0 0 0 0 0 0 0 0 0 0 0 0 0 0 0 0 0 0 24 0 0 0 2 0 0 0 0 38 3 0 52 44 0 2 0 55 3
0 0 14 0 0 0 0 0 0 0 0 0 0 0 0 0 0 0 0 0 0 0 20 0 0 0 1 0 0 0 0 41 3 0 49 40 0 1 0 51 1
37 0 0 51 12 0 0 11 51 0 0 0 0 0 14 45 0 0 0 6 0 0 0 5 0 0 0 0 0 51 29 0 0 0 0 0 0 0 0 0 0
32 0 0 45 11 0 0 10 45 0 0 0 0 0 13 38 0 0 0 6 0 0 0 4 0 0 0 0 0 45 25 0 0 0 0 0 0 0 0 0 0
22 0 0 29 7 0 0 6 26 1 0 0 0 0 7 24 0 0 0 3 0 0 0 2 0 0 0 0 0 31 13 0 0 0 0 0 0 0 0 0 0
0 0 13 0 0 0 0 0 0 0 0 0 0 0 0 0 0 0 0 0 0 0 21 0 0 0 1 0 0 0 0 37 2 0 51 42 0 1 0 52 3
0 0 14 0 0 0 0 0 0 0 0 0 0 0 0 0 0 0 0 0 0 0 23 0 0 0 2 0 0 0 0 42 4 0 51 44 0 2 0 56 1
24 0 0 34 8 0 0 7 31 1 0 0 0 0 9 27 0 0 0 4 0 0 0 3 0 0 0 0 0 34 16 0 0 0 0 0 0 0 0 0 0
28 0 0 40 9 0 0 8 38 0 0 0 0 0 11 33 0 0 0 5 0 0 0 3 0 0 0 0 0 39 20 0 0 0 0 0 0 0 0 0 0
0 0 14 0 0 0 0 0 0 0 0 0 0 0 0 0 0 0 0 0 0 0 20 0 0 0 1 0 0 0 0 40 3 0 49 40 0 0 0 51 2
27 0 0 38 9 0 0 8 36 1 0 0 0 0 10 32 0 0 0 5 0 0 0 3 0 0 0 0 0 38 20 0 0 0 0 0 0 0 0 0 0
34 0 0 47 11 0 0 10 47 0 0 0 0 0 13 41 0 0 0 6 0 0 0 4 0 0 0 0 0 47 26 0 0 0 0 0 0 0 0 0 0
58 0 0 79 18 0 0 19 83 0 0 0 0 0 23 72 0 0 0 11 0 0 0 8 0 0 0 0 0 77 48 0 0 0 0 0 0 0 0 0 0
0 0 15 0 0 0 0 0 0 0 0 0 0 0 0 0 0 0 0 0 0 0 17 0 0 0 0 0 0 0 0 42 3 0 44 36 0 0 0 48 0
26 0 0 37 9 0 0 8 35 1 0 0 0 0 10 31 0 0 0 5 0 0 0 3 0 0 0 0 0 38 19 0 0 0 0 0 0 0 0 0 0
0 0 14 0 0 0 0 0 0 0 0 0 0 0 0 0 0 0 0 0 0 0 21 0 0 0 1 0 0 0 0 41 3 0 50 41 0 1 0 53 2
0 0 13 0 0 0 0 0 0 0 0 0 0 0 0 0 0 0 0 0 0 0 24 0 0 0 2 0 0 0 0 38 3 0 51 44 0 2 0 55 3
5 0 12 11 1 0 0 0 0 0 0 0 0 0 0 1 0 0 0 0 0 0 4 0 0 0 0 0 0 7 0 26 1 0 16 12 0 0 0 23 0
0 0 15 0 0 0 0 0 0 0 0 0 0 0 0 0 0 0 0 0 0 0 18 0 0 0 0 0 0 0 0 44 3 0 47 37 0 0 0 50 0
10 0 9 14 3 0 0 0 2 0 0 0 0 0 0 7 0 0 0 0 0 0 0 0 0 0 0 0 0 14 0 15 0 0 5 3 0 0 0 10 0
0 0 17 11 0 0 0 0 0 0 0 0 0 0 0 0 0 0 0 0 0 0 11 0 0 0 0 0 0 0 0 42 2 0 34 26 0 0 0 42 0
25 0 0 35 8 0 0 7 33 1 0 0 0 0 10 29 0 0 0 4 0 0 0 3 0 0 0 0 0 36 18 0 0 0 0 0 0 0 0 0 0
0 0 14 0 0 0 0 0 0 0 0 0 0 0 0 0 0 0 0 0 0 0 20 0 0 0 0 0 0 0 0 42 3 0 48 39 0 1 0 51 0
20 0 0 27 7 0 0 5 22 1 0 0 0 0 7 21 0 0 0 2 0 0 0 2 0 0 0 1 0 29 11 0 0 0 0 0 0 0 0 0 0
0 0 16 0 0 0 0 0 0 0 0 0 0 0 0 0 0 0 0 0 0 0 14 0 0 0 0 1 0 0 0 42 4 0 38 32 0 1 0 48 0
27 0 0 38 9 0 0 8 37 1 0 0 0 0 11 32 0 0 0 5 0 0 0 3 0 0 0 0 0 38 19 0 0 0 0 0 0 0 0 0 0
0 0 14 0 0 0 0 0 0 0 0 0 0 0 0 0 0 0 0 0 0 0 21 0 0 0 1 0 0 0 0 41 3 0 49 40 0 1 0 52 1
0 0 17 5 0 0 0 0 0 0 0 0 0 0 0 0 0 0 0 0 0 0 13 0 0 0 0 0 0 0 0 42 3 0 36 29 0 1 0 44 0
3 0 14 11 0 0 0 0 0 0 0 0 0 0 0 0 0 0 0 0 0 0 6 0 0 0 0 0 0 5 0 31 1 0 22 16 0 0 0 29 0
0 0 18 0 0 0 0 0 0 0 0 0 0 0 0 0 0 0 0 0 0 0 17 0 0 0 0 1 0 0 0 47 4 0 44 36 0 2 0 52 0
0 0 15 0 0 0 0 0 0 0 0 0 0 0 0 0 0 0 0 0 0 0 19 0 0 0 0 0 0 0 0 43 4 0 46 38 0 2 0 52 0
0 0 15 10 0 0 0 0 0 0 0 0 0 0 0 0 0 0 0 0 0 0 8 0 0 0 0 0 0 0 0 35 1 0 27 21 0 0 0 34 0
20 0 0 26 7 0 0 5 21 0 0 0 0 0 6 21 0 0 0 2 0 0 0 1 0 0 0 0 0 28 11 0 0 0 0 0 0 0 0 0 0
10 0 7 14 3 0 0 0 4 0 0 0 0 0 0 8 0 0 0 0 0 0 0 0 0 0 0 0 0 14 0 12 0 0 2 1 0 0 0 7 0
0 0 14 3 0 0 0 0 0 0 0 0 0 0 0 0 0 0 0 0 0 0 11 0 0 0 0 1 0 0 0 37 3 0 32 26 0 1 0 41 0
12 0 6 17 3 0 0 1 7 0 0 0 0 0 1 10 0 0 0 0 0 0 0 0 0 0 0 0 0 18 2 9 0 0 0 0 0 0 0 2 0
0 0 14 0 0 0 0 0 0 0 0 0 0 0 0 0 0 0 0 0 0 0 21 0 0 0 1 0 0 0 0 40 3 0 48 41 0 2 0 52 2
23 0 0 32 8 0 0 6 30 1 0 0 0 0 9 26 0 0 0 4 0 0 0 2 0 0 0 0 0 33 16 0 0 0 0 0 0 0 0 0 0
0 0 13 0 0 0 0 0 0 0 0 0 0 0 0 0 0 0 0 0 0 0 23 0 0 0 2 0 0 0 0 40 4 0 51 44 0 2 0 56 2
0 0 14 0 0 0 0 0 0 0 0 0 0 0 0 0 0 0 0 0 0 0 23 0 0 0 1 0 0 0 0 42 4 0 50 43 0 3 0 56 1
0 0 14 0 0 0 0 0 0 0 0 0 0 0 0 0 0 0 0 0 0 0 20 0 0 0 1 0 0 0 0 40 3 0 48 40 0 1 0 51 1
5 0 13 12 1 0 0 0 0 0 0 0 0 0 0 2 0 0 0 0 0 0 4 0 0 0 0 0 0 8 0 27 1 0 17 13 0 0 0 25 0
13 0 4 18 4 0 0 1 8 0 0 0 0 0 2 11 0 0 0 0 0 0 0 0 0 0 0 0 0 18 3 6 0 0 0 0 0 0 0 0 0
0 0 14 0 0 0 0 0 0 0 0 0 0 0 0 0 0 0 0 0 0 0 25 0 0 0 2 0 0 0 0 37 2 0 53 45 0 3 0 58 3
0 0 17 11 0 0 0 0 0 0 0 0 0 0 0 0 0 0 0 0 0 0 12 0 0 0 0 0 0 0 0 43 2 0 36 27 0 0 0 43 0
14 0 1 20 5 0 0 2 13 0 0 0 0 0 4 14 0 0 0 1 0 0 0 1 0 0 0 0 0 21 6 0 0 0 0 0 0 0 0 0 0
0 0 17 10 0 0 0 0 0 0 0 0 0 0 0 0 0 0 0 0 0 0 12 0 0 0 0 0 0 0 0 43 3 0 36 28 0 0 0 43 0
24 0 0 34 8 0 0 7 32 1 0 0 0 0 9 28 0 0 0 4 0 0 0 3 0 0 0 0 0 35 17 0 0 0 0 0 0 0 0 0 0
0 0 13 0 0 0 0 0 0 0 0 0 0 0 0 0 0 0 0 0 0 0 24 0 0 0 2 0 0 0 0 41 4 0 51 45 0 3 0 58 2
0 0 14 0 0 0 0 0 0 0 0 0 0 0 0 0 0 0 0 0 0 0 22 0 0 0 1 0 0 0 0 41 3 0 50 42 0 2 0 54 1
0 0 14 0 0 0 0 0 0 0 0 0 0 0 0 0 0 0 0 0 0 0 22 0 0 0 1 0 0 0 0 41 4 0 49 42 0 2 0 54 1
0 0 14 0 0 0 0 0 0 0 0 0 0 0 0 0 0 0 0 0 0 0 27 0 0 0 3 0 0 0 0 37 2 0 57 48 0 4 0 62 4
0 0 12 0 0 0 0 0 0 0 0 0 0 0 0 0 0 0 0 0 0 0 25 0 0 0 2 0 0 0 0 38 3 0 51 45 0 3 0 57 3
0 0 14 0 0 0 0 0 0 0 0 0 0 0 0 0 0 0 0 0 0 0 21 0 0 0 1 0 0 0 0 42 3 0 50 42 0 1 0 54 1
0 0 15 0 0 0 0 0 0 0 0 0 0 0 0 0 0 0 0 0 0 0 18 0 0 0 0 0 0 0 0 41 3 0 47 38 0 0 0 49 0
34 0 0 48 11 0 0 10 48 0 0 0 0 0 13 41 0 0 0 6 0 0 0 4 0 0 0 0 0 48 26 0 0 0 0 0 0 0 0 0 0
53 0 0 72 16 0 0 17 75 0 0 0 0 0 20 65 0 0 0 10 0 0 0 8 0 0 0 0 0 71 43 0 0 0 0 0 0 0 0 0 0
0 0 15 0 0 0 0 0 0 0 0 0 0 0 0 0 0 0 0 0 0 0 16 0 0 0 0 0 0 0 0 41 3 0 41 33 0 0 0 45 0
0 0 13 0 0 0 0 0 0 0 0 0 0 0 0 0 0 0 0 0 0 0 26 0 0 0 2 0 0 0 0 37 2 0 54 47 0 4 0 59 4
0 0 18 10 0 0 0 0 0 0 0 0 0 0 0 0 0 0 0 0 0 0 13 0 0 0 0 0 0 0 0 45 3 0 38 30 0 0 0 46 0
24 0 0 33 8 0 0 7 32 1 0 0 0 0 9 27 0 0 0 4 0 0 0 3 0 0 0 0 0 34 17 0 0 0 0 0 0 0 0 0 0
0 0 14 0 0 0 0 0 0 0 0 0 0 0 0 0 0 0 0 0 0 0 23 0 0 0 1 0 0 0 0 40 3 0 51 43 0 2 0 55 2
0 0 14 5 0 0 0 0 0 0 0 0 0 0 0 0 0 0 0 0 0 0 9 0 0 0 0 0 0 0 0 35 3 0 28 23 0 1 0 37 0
0 0 16 3 0 0 0 0 0 0 0 0 0 0 0 0 0 0 0 0 0 0 14 0 0 0 0 0 0 0 0 41 4 0 36 30 0 1 0 45 0
0 0 13 0 0 0 0 0 0 0 0 0 0 0 0 0 0 0 0 0 0 0 22 0 0 0 1 0 0 0 0 39 3 0 51 42 0 2 0 54 2
0 0 14 0 0 0 0 0 0 0 0 0 0 0 0 0 0 0 0 0 0 0 22 0 0 0 1 0 0 0 0 41 4 0 50 43 0 2 0 55 1
0 0 15 0 0 0 0 0 0 0 0 0 0 0 0 0 0 0 0 0 0 0 21 0 0 0 0 0 0 0 0 43 4 0 49 41 0 1 0 54 0
0 0 14 0 0 0 0 0 0 0 0 0 0 0 0 0 0 0 0 0 0 0 22 0 0 0 1 0 0 0 0 42 4 0 51 43 0 2 0 55 1
26 0 0 37 9 0 0 8 35 1 0 0 0 0 10 30 0 0 0 4 0 0 0 3 0 0 0 0 0 37 18 0 0 0 0 0 0 0 0 0 0
0 0 15 0 0 0 0 0 0 0 0 0 0 0 0 0 0 0 0 0 0 0 17 0 0 0 0 0 0 0 0 44 4 0 45 36 0 0 0 49 0
35 0 0 49 11 0 0 11 49 0 0 0 0 0 14 42 0 0 0 6 0 0 0 5 0 0 0 0 0 48 27 0 0 0 0 0 0 0 0 0 0
11 0 9 17 3 0 0 0 4 0 0 0 0 0 0 10 0 0 0 0 0 0 0 0 0 0 0 0 0 16 0 15 0 0 2 0 0 0 0 8 0
0 0 17 5 0 0 0 0 0 0 0 0 0 0 0 0 0 0 0 0 0 0 15 0 0 0 0 0 0 0 0 46 4 0 41 33 0 1 0 48 0
0 0 16 2 0 0 0 0 0 0 0 0 0 0 0 0 0 0 0 0 0 0 14 0 0 0 0 0 0 0 0 42 3 0 38 30 0 2 0 46 0
0 0 13 0 0 0 0 0 0 0 0 0 0 0 0 0 0 0 0 0 0 0 26 0 0 0 3 0 0 0 0 37 3 0 52 47 0 4 0 60 4
8 0 12 14 2 0 0 0 0 0 0 0 0 0 0 5 0 0 0 0 0 0 1 0 0 0 0 0 0 11 0 23 0 0 13 8 0 0 0 19 0
0 0 14 0 0 0 0 0 0 0 0 0 0 0 0 0 0 0 0 0 0 0 22 0 0 0 1 0 0 0 0 42 4 0 51 42 0 2 0 55 1
0 0 14 0 0 0 0 0 0 0 0 0 0 0 0 0 0 0 0 0 0 0 20 0 0 0 1 0 0 0 0 40 3 0 47 40 0 1 0 51 1
0 0 14 0 0 0 0 0 0 0 0 0 0 0 0 0 0 0 0 0 0 0 21 0 0 0 1 0 0 0 0 42 4 0 48 40 0 1 0 52 1
16 0 0 22 6 0 0 3 16 0 0 0 0 0 5 16 0 0 0 1 0 0 0 1 0 0 0 0 0 23 7 0 0 0 0 0 0 0 0 0 0
60 0 0 81 18 0 0 19 85 0 0 0 0 0 23 73 0 0 0 11 0 0 0 9 0 0 0 0 0 79 49 0 0 0 0 0 0 0 0 0 0
0 0 14 0 0 0 0 0 0 0 0 0 0 0 0 0 0 0 0 0 0 0 21 0 0 0 1 0 0 0 0 40 3 0 50 42 0 1 0 52 2
0 0 16 12 0 0 0 0 0 0 0 0 0 0 0 0 0 0 0 0 0 0 9 0 0 0 0 0 0 0 0 39 1 0 31 23 0 0 0 38 0
0 0 16 0 0 0 0 0 0 0 0 0 0 0 0 0 0 0 0 0 0 0 19 0 0 0 0 1 0 0 0 47 4 0 47 39 0 2 0 54 0
0 0 14 0 0 0 0 0 0 0 0 0 0 0 0 0 0 0 0 0 0 0 21 0 0 0 1 0 0 0 0 41 4 0 50 41 0 1 0 53 1
12 0 7 17 4 0 0 1 5 0 0 0 0 0 0 9 0 0 0 0 0 0 0 0 0 0 0 0 0 17 1 11 0 0 0 0 0 0 0 4 0
34 0 0 47 11 0 0 10 47 0 0 0 0 0 13 41 0 0 0 6 0 0 0 4 0 0 0 0 0 47 25 0 0 0 0 0 0 0 0 0 0
0 0 16 0 0 0 0 0 0 0 0 0 0 0 0 0 0 0 0 0 0 0 21 0 0 0 2 1 0 0 0 46 5 0 49 44 0 3 0 59 0
0 0 14 0 0 0 0 0 0 0 0 0 0 0 0 0 0 0 0 0 0 0 18 0 0 0 0 0 0 0 0 42 3 0 47 38 0 0 0 49 0
3 0 14 13 1 0 0 0 0 0 0 0 0 0 0 2 0 0 0 0 0 0 5 0 0 0 0 0 0 5 0 30 1 0 20 15 0 0 0 28 0
26 0 0 37 8 0 0 8 34 1 0 0 0 0 10 31 0 0 0 4 0 0 0 3 0 0 0 0 0 37 18 0 0 0 0 0 0 0 0 0 0
0 0 15 0 0 0 0 0 0 0 0 0 0 0 0 0 0 0 0 0 0 0 19 0 0 0 0 0 0 0 0 41 3 0 46 38 0 1 0 50 0
0 0 12 4 0 0 0 0 0 0 0 0 0 0 0 0 0 0 0 0 0 0 9 0 0 0 0 1 0 0 0 33 3 0 27 23 0 1 0 35 0
12 0 8 17 3 0 0 0 4 0 0 0 0 0 0 9 0 0 0 0 0 0 0 0 0 0 0 0 0 16 0 15 0 0 3 0 0 0 0 8 0
3 0 15 14 1 0 0 0 0 0 0 0 0 0 0 2 0 0 0 0 0 0 5 0 0 0 0 0 0 5 0 32 0 0 23 16 0 0 0 30 0
31 0 0 42 10 0 0 9 42 0 0 0 0 0 12 36 0 0 0 5 0 0 0 4 0 0 0 0 0 42 23 0 0 0 0 0 0 0 0 0 0
0 0 15 0 0 0 0 0 0 0 0 0 0 0 0 0 0 0 0 0 0 0 19 0 0 0 0 0 0 0 0 43 4 0 46 38 0 1 0 51 0
15 0 0 21 5 0 0 3 14 0 0 0 0 0 4 15 0 0 0 1 0 0 0 0 0 0 0 1 0 23 6 0 0 0 0 0 0 0 0 0 0
25 0 0 35 8 0 0 7 33 1 0 0 0 0 10 29 0 0 0 4 0 0 0 3 0 0 0 0 0 35 17 0 0 0 0 0 0 0 0 0 0
0 0 16 0 0 0 0 0 0 0 0 0 0 0 0 0 0 0 0 0 0 0 19 0 0 0 1 1 0 0 0 44 4 0 46 41 0 2 0 55 0
0 0 14 0 0 0 0 0 0 0 0 0 0 0 0 0 0 0 0 0 0 0 21 0 0 0 1 0 0 0 0 42 4 0 49 41 0 2 0 54 1
25 0 0 35 9 0 0 8 34 1 0 0 0 0 10 30 0 0 0 4 0 0 0 3 0 0 0 0 0 36 18 0 0 0 0 0 0 0 0 0 0
0 0 14 0 0 0 0 0 0 0 0 0 0 0 0 0 0 0 0 0 0 0 21 0 0 0 0 0 0 0 0 43 3 0 51 42 0 1 0 54 1
43 0 0 60 13 0 0 14 61 0 0 0 0 0 17 53 0 0 0 8 0 0 0 6 0 0 0 0 0 59 34 0 0 0 0 0 0 0 0 0 0
11 0 9 16 3 0 0 0 2 0 0 0 0 0 0 8 0 0 0 0 0 0 0 0 0 0 0 0 0 16 0 16 0 0 5 2 0 0 0 10 0
0 0 13 0 0 0 0 0 0 0 0 0 0 0 0 0 0 0 0 0 0 0 24 0 0 0 2 0 0 0 0 38 3 0 52 44 0 2 0 55 3
4 0 12 11 1 0 0 0 0 0 0 0 0 0 0 1 0 0 0 0 0 0 4 0 0 0 0 0 0 6 0 25 1 0 18 13 0 0 0 23 0
32 0 0 44 10 0 0 9 44 0 0 0 0 0 12 38 0 0 0 5 0 0 0 4 0 0 0 0 0 44 24 0 0 0 0 0 0 0 0 0 0
16 0 0 21 5 0 0 3 14 0 0 0 0 0 4 15 0 0 0 1 0 0 0 1 0 0 0 0 0 23 7 0 0 0 0 0 0 0 0 0 0
0 0 14 0 0 0 0 0 0 0 0 0 0 0 0 0 0 0 0 0 0 0 18 0 0 0 0 0 0 0 0 40 3 0 46 37 0 0 0 47 1
8 0 10 13 2 0 0 0 0 0 0 0 0 0 0 5 0 0 0 0 0 0 1 0 0 0 0 0 0 10 0 20 0 0 11 7 0 0 0 17 0
0 0 18 3 0 0 0 0 0 0 0 0 0 0 0 0 0 0 0 0 0 0 15 0 0 0 0 0 0 0 0 46 4 0 41 33 0 2 0 50 0
0 0 15 0 0 0 0 0 0 0 0 0 0 0 0 0 0 0 0 0 0 0 21 0 0 0 0 0 0 0 0 43 4 0 49 41 0 1 0 53 1
0 0 15 0 0 0 0 0 0 0 0 0 0 0 0 0 0 0 0 0 0 0 19 0 0 0 0 0 0 0 0 45 4 0 46 38 0 1 0 53 0
0 0 16 7 0 0 0 0 0 0 0 0 0 0 0 0 0 0 0 0 0 0 13 0 0 0 0 0 0 0 0 42 3 0 36 28 0 0 0 43 0
0 0 13 0 0 0 0 0 0 0 0 0 0 0 0 0 0 0 0 0 0 0 21 0 0 0 1 0 0 0 0 40 3 0 50 41 0 1 0 52 1
44 0 0 61 13 0 0 14 62 0 0 0 0 0 17 54 0 0 0 8 0 0 0 6 0 0 0 0 0 60 35 0 0 0 0 0 0 0 0 0 0
1 0 15 12 0 0 0 0 0 0 0 0 0 0 0 0 0 0 0 0 0 0 6 0 0 0 0 0 0 3 0 34 1 0 25 19 0 0 0 32 0
0 0 14 0 0 0 0 0 0 0 0 0 0 0 0 0 0 0 0 0 0 0 20 0 0 0 0 0 0 0 0 42 3 0 49 40 0 0 0 51 1
11 0 5 16 4 0 0 1 7 0 0 0 0 0 2 9 0 0 0 0 0 0 0 0 0 0 0 0 0 16 2 8 0 0 0 0 0 0 0 0 0
0 0 13 0 0 0 0 0 0 0 0 0 0 0 0 0 0 0 0 0 0 0 23 0 0 0 1 0 0 0 0 38 3 0 50 42 0 2 0 53 3
0 0 15 0 0 0 0 0 0 0 0 0 0 0 0 0 0 0 0 0 0 0 21 0 0 0 1 0 0 0 0 43 4 0 48 41 0 2 0 55 0
39 0 0 54 12 0 0 12 55 0 0 0 0 0 15 47 0 0 0 7 0 0 0 6 0 0 0 0 0 53 31 0 0 0 0 0 0 0 0 0 0
10 0 9 16 3 0 0 0 2 0 0 0 0 0 0 7 0 0 0 0 0 0 0 0 0 0 0 0 0 14 0 16 0 0 4 2 0 0 0 10 0
22 0 0 31 7 0 0 6 28 1 0 0 0 0 8 25 0 0 0 3 0 0 0 2 0 0 0 0 0 32 14 0 0 0 0 0 0 0 0 0 0
0 0 15 0 0 0 0 0 0 0 0 0 0 0 0 0 0 0 0 0 0 0 19 0 0 0 0 0 0 0 0 42 4 0 47 38 0 1 0 51 0
56 0 0 76 17 0 0 18 80 0 0 0 0 0 22 69 0 0 0 10 0 0 0 8 0 0 0 0 0 75 46 0 0 0 0 0 0 0 0 0 0
0 0 15 0 0 0 0 0 0 0 0 0 0 0 0 0 0 0 0 0 0 0 20 0 0 0 0 0 0 0 0 42 4 0 47 39 0 2 0 52 0
4 0 13 13 1 0 0 0 0 0 0 0 0 0 0 2 0 0 0 0 0 0 4 0 0 0 0 0 0 7 0 28 1 0 18 14 0 0 0 25 0
0 0 13 0 0 0 0 0 0 0 0 0 0 0 0 0 0 0 0 0 0 0 24 0 0 0 2 0 0 0 0 39 3 0 50 43 0 3 0 56 2
6 0 11 12 1 0 0 0 0 0 0 0 0 0 0 2 0 0 0 0 0 0 3 0 0 0 0 0 0 8 0 25 1 0 15 10 0 0 0 21 0
0 0 14 0 0 0 0 0 0 0 0 0 0 0 0 0 0 0 0 0 0 0 22 0 0 0 1 0 0 0 0 43 4 0 50 43 0 2 0 56 1
0 0 13 0 0 0 0 0 0 0 0 0 0 0 0 0 0 0 0 0 0 0 25 0 0 0 2 0 0 0 0 38 3 0 53 46 0 3 0 58 4
0 0 15 10 0 0 0 0 0 0 0 0 0 0 0 0 0 0 0 0 0 0 10 0 0 0 0 0 0 0 0 37 2 0 31 23 0 0 0 37 0
0 0 15 0 0 0 0 0 0 0 0 0 0 0 0 0 0 0 0 0 0 0 20 0 0 0 0 0 0 0 0 44 4 0 49 40 0 1 0 54 0
0 0 17 0 0 0 0 0 0 0 0 0 0 0 0 0 0 0 0 0 0 0 17 0 0 0 0 0 0 0 0 45 4 0 42 35 0 2 0 50 0
0 0 15 0 0 0 0 0 0 0 0 0 0 0 0 0 0 0 0 0 0 0 20 0 0 0 0 0 0 0 0 44 4 0 47 39 0 1 0 53 0
7 0 7 11 2 0 0 0 0 0 0 0 0 0 0 5 0 0 0 0 0 0 0 0 0 0 0 1 0 10 0 15 0 0 7 5 0 0 0 12 0
0 0 13 0 0 0 0 0 0 0 0 0 0 0 0 0 0 0 0 0 0 0 21 0 0 0 1 0 0 0 0 39 3 0 49 40 0 1 0 51 2
0 0 16 0 0 0 0 0 0 0 0 0 0 0 0 0 0 0 0 0 0 0 18 0 0 0 0 0 0 0 0 44 3 0 46 37 0 0 0 50 0
2 0 15 8 0 0 0 0 0 0 0 0 0 0 0 0 0 0 0 0 0 0 7 0 0 0 0 0 0 2 0 33 2 0 25 20 0 1 0 33 0
0 0 14 0 0 0 0 0 0 0 0 0 0 0 0 0 0 0 0 0 0 0 22 0 0 0 2 0 0 0 0 38 2 0 50 42 0 2 0 54 3
39 0 0 54 12 0 0 12 54 0 0 0 0 0 15 47 0 0 0 7 0 0 0 5 0 0 0 0 0 53 30 0 0 0 0 0 0 0 0 0 0
0 0 14 0 0 0 0 0 0 0 0 0 0 0 0 0 0 0 0 0 0 0 22 0 0 0 1 0 0 0 0 40 4 0 49 41 0 2 0 54 1
0 0 13 0 0 0 0 0 0 0 0 0 0 0 0 0 0 0 0 0 0 0 23 0 0 0 1 0 0 0 0 38 3 0 51 43 0 2 0 55 3
18 0 0 25 6 0 0 4 21 0 0 0 0 0 6 19 0 0 0 2 0 0 0 1 0 0 0 1 0 26 10 0 0 0 0 0 0 0 0 0 0
0 0 13 0 0 0 0 0 0 0 0 0 0 0 0 0 0 0 0 0 0 0 20 0 0 0 1 0 0 0 0 39 2 0 50 41 0 0 0 51 2
7 0 10 11 2 0 0 0 0 0 0 0 0 0 0 3 0 0 0 0 0 0 2 0 0 0 0 0 0 9 0 22 1 0 13 9 0 0 0 19 0
0 0 13 0 0 0 0 0 0 0 0 0 0 0 0 0 0 0 0 0 0 0 24 0 0 0 2 0 0 0 0 38 3 0 52 44 0 2 0 56 3
18 0 0 23 6 0 0 4 19 0 0 0 0 0 6 18 0 0 0 2 0 0 0 1 0 0 0 0 0 26 9 0 0 0 0 0 0 0 0 0 0
0 0 14 0 0 0 0 0 0 0 0 0 0 0 0 0 0 0 0 0 0 0 23 0 0 0 1 0 0 0 0 41 4 0 51 44 0 2 0 56 1
0 0 17 8 0 0 0 0 0 0 0 0 0 0 0 0 0 0 0 0 0 0 14 0 0 0 0 0 0 0 0 46 3 0 40 31 0 0 0 47 0
0 0 13 0 0 0 0 0 0 0 0 0 0 0 0 0 0 0 0 0 0 0 23 0 0 0 1 0 0 0 0 39 3 0 51 43 0 2 0 55 2
17 0 0 22 6 0 0 4 17 0 0 0 0 0 5 17 0 0 0 2 0 0 0 1 0 0 0 0 0 24 8 0 0 0 0 0 0 0 0 0 0
61 0 0 82 19 0 0 19 87 0 0 0 0 0 24 74 0 0 0 11 0 0 0 9 0 0 0 0 0 81 51 0 0 0 0 0 0 0 0 0 0
0 0 17 0 0 0 0 0 0 0 0 0 0 0 0 0 0 0 0 0 0 0 16 0 0 0 0 0 0 0 0 45 4 0 42 34 0 1 0 50 0
0 0 16 9 0 0 0 0 0 0 0 0 0 0 0 0 0 0 0 0 0 0 10 0 0 0 0 0 0 0 0 37 2 0 29 23 0 1 0 37 0
8 0 9 12 1 0 0 0 0 0 0 0 0 0 0 4 0 0 0 0 0 0 1 0 0 0 0 0 0 10 0 18 0 0 9 7 0 0 0 15 0
0 0 16 11 0 0 0 0 0 0 0 0 0 0 0 0 0 0 0 0 0 0 8 0 0 0 0 0 0 0 0 37 2 0 27 21 0 0 0 36 0
0 0 16 2 0 0 0 0 0 0 0 0 0 0 0 0 0 0 0 0 0 0 14 0 0 0 0 0 0 0 0 41 4 0 37 30 0 1 0 45 0
0 0 14 0 0 0 0 0 0 0 0 0 0 0 0 0 0 0 0 0 0 0 25 0 0 0 2 0 0 0 0 35 2 0 52 44 0 3 0 57 3
20 0 0 28 7 0 0 5 23 1 0 0 0 0 7 21 0 0 0 2 0 0 0 1 0 0 0 0 0 28 12 0 0 0 0 0 0 0 0 0 0
29 0 0 40 10 0 0 9 39 0 0 0 0 0 11 34 0 0 0 5 0 0 0 3 0 0 0 0 0 41 21 0 0 0 0 0 0 0 0 0 0
0 0 13 0 0 0 0 0 0 0 0 0 0 0 0 0 0 0 0 0 0 0 24 0 0 0 2 0 0 0 0 40 3 0 52 45 0 3 0 57 3
0 0 14 0 0 0 0 0 0 0 0 0 0 0 0 0 0 0 0 0 0 0 20 0 0 0 0 0 0 0 0 42 3 0 47 39 0 1 0 51 0
0 0 14 0 0 0 0 0 0 0 0 0 0 0 0 0 0 0 0 0 0 0 22 0 0 0 1 0 0 0 0 42 4 0 50 43 0 2 0 55 1
0 0 14 0 0 0 0 0 0 0 0 0 0 0 0 0 0 0 0 0 0 0 21 0 0 0 0 0 0 0 0 41 4 0 49 41 0 1 0 52 1
0 0 14 1 0 0 0 0 0 0 0 0 0 0 0 0 0 0 0 0 0 0 11 0 0 0 0 1 0 0 0 35 3 0 30 25 0 1 0 38 0
0 0 15 0 0 0 0 0 0 0 0 0 0 0 0 0 0 0 0 0 0 0 20 0 0 0 1 0 0 0 0 43 4 0 46 40 0 2 0 53 0
0 0 14 0 0 0 0 0 0 0 0 0 0 0 0 0 0 0 0 0 0 0 22 0 0 0 1 1 0 0 0 42 4 0 50 43 0 2 0 56 1
0 0 13 0 0 0 0 0 0 0 0 0 0 0 0 0 0 0 0 0 0 0 25 0 0 0 2 0 0 0 0 38 2 0 54 45 0 2 0 58 4
0 0 16 10 0 0 0 0 0 0 0 0 0 0 0 0 0 0 0 0 0 0 9 0 0 0 0 0 0 0 0 37 2 0 30 23 0 0 0 37 0
20 0 0 29 7 0 0 5 25 1 0 0 0 0 7 22 0 0 0 3 0 0 0 2 0 0 0 0 0 29 12 0 0 0 0 0 0 0 0 0 0
15 0 1 21 5 0 0 2 13 0 0 0 0 0 4 14 0 0 0 1 0 0 0 0 0 0 0 0 0 22 6 0 0 0 0 0 0 0 0 0 0
29 0 0 40 10 0 0 9 39 0 0 0 0 0 11 34 0 0 0 5 0 0 0 4 0 0 0 0 0 40 22 0 0 0 0 0 0 0 0 0 0
0 0 14 0 0 0 0 0 0 0 0 0 0 0 0 0 0 0 0 0 0 0 26 0 0 0 2 0 0 0 0 38 3 0 54 47 0 3 0 59 3
0 0 13 0 0 0 0 0 0 0 0 0 0 0 0 0 0 0 0 0 0 0 20 0 0 0 1 0 0 0 0 40 2 0 49 40 0 0 0 51 2
0 0 13 0 0 0 0 0 0 0 0 0 0 0 0 0 0 0 0 0 0 0 24 0 0 0 2 0 0 0 0 39 3 0 52 45 0 2 0 56 3
18 0 0 24 6 0 0 4 20 1 0 0 0 0 6 19 0 0 0 2 0 0 0 1 0 0 0 0 0 26 10 0 0 0 0 0 0 0 0 0 0
7 0 9 11 1 0 0 0 0 0 0 0 0 0 0 4 0 0 0 0 0 0 2 0 0 0 0 0 0 10 0 19 1 0 10 7 0 0 0 16 0
28 0 0 40 10 0 0 9 39 1 0 0 0 0 11 34 0 0 0 5 0 0 0 4 0 0 0 0 0 40 22 0 0 0 0 0 0 0 0 0 0
9 0 10 13 2 0 0 0 0 0 0 0 0 0 0 5 0 0 0 0 0 0 0 0 0 0 0 0 0 12 0 20 0 0 10 7 0 0 0 16 0
0 0 17 0 0 0 0 0 0 0 0 0 0 0 0 0 0 0 0 0 0 0 18 0 0 0 1 1 0 0 0 46 4 0 46 40 0 2 0 56 0
11 0 8 16 3 0 0 0 4 0 0 0 0 0 0 8 0 0 0 0 0 0 0 0 0 0 0 0 0 16 0 14 0 0 3 1 0 0 0 7 0
0 0 14 0 0 0 0 0 0 0 0 0 0 0 0 0 0 0 0 0 0 0 22 0 0 0 1 0 0 0 0 43 4 0 52 44 0 1 0 56 1
37 0 0 52 12 0 0 12 52 0 0 0 0 0 15 45 0 0 0 7 0 0 0 5 0 0 0 0 0 52 29 0 0 0 0 0 0 0 0 0 0
0 0 17 8 0 0 0 0 0 0 0 0 0 0 0 0 0 0 0 0 0 0 13 0 0 0 0 0 0 0 0 44 3 0 37 29 0 1 0 44 0
36 0 0 49 11 0 0 11 49 0 0 0 0 0 14 43 0 0 0 6 0 0 0 4 0 0 0 1 0 49 27 0 0 0 0 0 0 0 0 0 0
37 0 0 51 12 0 0 11 51 0 0 0 0 0 14 44 0 0 0 6 0 0 0 5 0 0 0 0 0 51 29 0 0 0 0 0 0 0 0 0 0
0 0 15 0 0 0 0 0 0 0 0 0 0 0 0 0 0 0 0 0 0 0 19 0 0 0 0 0 0 0 0 44 4 0 47 39 0 1 0 51 0
0 0 13 0 0 0 0 0 0 0 0 0 0 0 0 0 0 0 0 0 0 0 23 0 0 0 1 0 0 0 0 40 4 0 50 43 0 2 0 55 2
36 0 0 50 11 0 0 11 50 0 0 0 0 0 14 43 0 0 0 6 0 0 0 5 0 0 0 0 0 49 28 0 0 0 0 0 0 0 0 0 0
0 0 16 6 0 0 0 0 0 0 0 0 0 0 0 0 0 0 0 0 0 0 12 0 0 0 0 0 0 0 0 41 3 0 34 27 0 1 0 43 0
0 0 13 0 0 0 0 0 0 0 0 0 0 0 0 0 0 0 0 0 0 0 24 0 0 0 2 0 0 0 0 39 3 0 51 43 0 3 0 55 3
0 0 14 0 0 0 0 0 0 0 0 0 0 0 0 0 0 0 0 0 0 0 23 0 0 0 1 0 0 0 0 39 3 0 51 43 0 2 0 55 3
0 0 16 12 0 0 0 0 0 0 0 0 0 0 0 0 0 0 0 0 0 0 10 0 0 0 0 0 0 0 0 40 2 0 32 25 0 0 0 39 0
24 0 0 32 8 0 0 6 29 0 0 0 0 0 8 26 0 0 0 3 0 0 0 2 0 0 0 0 0 33 15 0 0 0 0 0 0 0 0 0 0
0 0 13 0 0 0 0 0 0 0 0 0 0 0 0 0 0 0 0 0 0 0 26 0 0 0 3 0 0 0 0 39 3 0 54 48 0 4 0 61 4
0 0 13 0 0 0 0 0 0 0 0 0 0 0 0 0 0 0 0 0 0 0 25 0 0 0 2 0 0 0 0 37 2 0 51 44 0 3 0 56 3
2 0 15 15 1 0 0 0 0 0 0 0 0 0 0 1 0 0 0 0 0 0 6 0 0 0 0 0 0 4 0 35 1 0 24 17 0 0 0 32 0
0 0 14 0 0 0 0 0 0 0 0 0 0 0 0 0 0 0 0 0 0 0 22 0 0 0 1 0 0 0 0 43 4 0 50 43 0 2 0 55 1
0 0 16 0 0 0 0 0 0 0 0 0 0 0 0 0 0 0 0 0 0 0 18 0 0 0 0 1 0 0 0 45 4 0 44 36 0 2 0 52 0
0 0 13 0 0 0 0 0 0 0 0 0 0 0 0 0 0 0 0 0 0 0 24 0 0 0 2 0 0 0 0 39 3 0 50 44 0 3 0 56 2
0 0 14 0 0 0 0 0 0 0 0 0 0 0 0 0 0 0 0 0 0 0 20 0 0 0 0 0 0 0 0 42 3 0 49 40 0 1 0 52 1
47 0 0 64 15 0 0 14 66 0 0 0 0 0 18 56 0 0 0 8 0 0 0 6 0 0 0 0 0 63 37 0 0 0 0 0 0 0 0 0 0
52 0 0 72 16 0 0 16 74 0 0 0 0 0 20 63 0 0 0 9 0 0 0 8 0 0 0 0 0 70 43 0 0 0 0 0 0 0 0 0 0
0 0 15 0 0 0 0 0 0 0 0 0 0 0 0 0 0 0 0 0 0 0 21 0 0 0 2 1 0 0 0 42 4 0 48 43 0 3 0 57 0
0 0 14 0 0 0 0 0 0 0 0 0 0 0 0 0 0 0 0 0 0 0 22 0 0 0 1 0 0 0 0 42 4 0 52 43 0 2 0 55 1
0 0 15 0 0 0 0 0 0 0 0 0 0 0 0 0 0 0 0 0 0 0 16 0 0 0 0 0 0 0 0 41 3 0 43 35 0 0 0 47 0
21 0 0 29 8 0 0 6 25 1 0 0 0 0 7 23 0 0 0 2 0 0 0 2 0 0 0 0 0 30 13 0 0 0 0 0 0 0 0 0 0
29 0 0 41 10 0 0 9 40 0 0 0 0 0 11 34 0 0 0 5 0 0 0 4 0 0 0 0 0 41 22 0 0 0 0 0 0 0 0 0 0
24 0 0 33 8 0 0 7 31 1 0 0 0 0 9 27 0 0 0 4 0 0 0 3 0 0 0 0 0 34 17 0 0 0 0 0 0 0 0 0 0
23 0 0 32 8 0 0 6 30 1 0 0 0 0 9 26 0 0 0 4 0 0 0 3 0 0 0 0 0 32 16 0 0 0 0 0 0 0 0 0 0
0 0 15 0 0 0 0 0 0 0 0 0 0 0 0 0 0 0 0 0 0 0 20 0 0 0 0 0 0 0 0 42 4 0 47 39 0 1 0 51 0
0 0 15 0 0 0 0 0 0 0 0 0 0 0 0 0 0 0 0 0 0 0 22 0 0 0 1 1 0 0 0 44 4 0 50 42 0 2 0 56 0
0 0 13 0 0 0 0 0 0 0 0 0 0 0 0 0 0 0 0 0 0 0 27 0 0 0 3 0 0 0 0 36 2 0 56 48 0 4 0 61 5
24 0 0 33 8 0 0 7 32 1 0 0 0 0 9 28 0 0 0 4 0 0 0 3 0 0 0 0 0 35 17 0 0 0 0 0 0 0 0 0 0
0 0 17 7 0 0 0 0 0 0 0 0 0 0 0 0 0 0 0 0 0 0 15 0 0 0 0 0 0 0 0 45 3 0 41 33 0 0 0 47 0
0 0 13 0 0 0 0 0 0 0 0 0 0 0 0 0 0 0 0 0 0 0 26 0 0 0 2 0 0 0 0 38 3 0 54 47 0 4 0 60 3
31 0 0 44 10 0 0 9 43 0 0 0 0 0 12 37 0 0 0 5 0 0 0 4 0 0 0 0 0 43 23 0 0 0 0 0 0 0 0 0 0
0 0 16 0 0 0 0 0 0 0 0 0 0 0 0 0 0 0 0 0 0 0 18 0 0 0 0 0 0 0 0 45 4 0 46 38 0 1 0 52 0
0 0 17 2 0 0 0 0 0 0 0 0 0 0 0 0 0 0 0 0 0 0 16 0 0 0 0 0 0 0 0 44 4 0 40 33 0 1 0 47 0
13 0 6 18 4 0 0 1 8 0 0 0 0 0 1 12 0 0 0 0 0 0 0 0 0 0 0 0 0 18 3 9 0 0 0 0 0 0 0 1 0
