8 21 0 0 3 0 22 0 16 0 0 29 0 0 0 0 0 0 0 0 0 0 0 0 0 5 9 0 0 0 0 0 0 9 0 0 0 0 19 0 0
0 0 8 0 0 0 0 0 0 0 0 0 0 0 0 0 0 0 0 0 0 0 0 18 0 0 0 0 0 0 0 48 0 0 32 42 0 5 0 43 1
4 19 0 0 1 0 13 0 9 0 0 18 0 0 0 0 0 0 0 0 0 0 1 0 0 2 5 1 0 0 0 0 0 6 0 0 0 0 16 0 0
0 0 10 0 0 0 0 0 0 0 0 0 0 0 0 0 0 0 0 0 0 0 3 10 0 0 0 0 0 1 0 33 0 0 24 35 0 3 0 38 2
10 21 0 0 4 0 26 0 19 0 0 33 0 0 0 0 1 0 0 0 0 0 0 0 0 7 10 0 0 0 0 0 0 10 0 0 0 0 20 0 0
0 1 19 0 0 0 0 0 0 0 0 0 0 0 0 0 0 0 0 0 0 0 4 8 0 0 0 0 0 0 0 21 0 0 17 26 0 0 0 26 1
20 28 0 3 12 0 72 0 49 0 0 81 0 0 0 0 1 0 0 0 0 0 0 0 0 27 24 0 0 0 0 0 0 23 0 0 0 0 33 0 0
0 0 11 0 0 0 0 0 0 0 0 0 0 0 0 0 0 0 0 0 0 0 0 14 0 0 0 0 0 0 0 40 0 0 27 38 0 3 0 39 0
21 28 0 4 13 0 77 0 52 0 0 84 0 0 0 0 0 0 0 0 0 0 0 0 0 28 24 0 0 0 0 0 0 24 0 0 0 0 34 0 0
0 15 4 0 0 0 0 0 0 0 0 3 0 0 0 0 0 0 0 0 0 0 5 0 0 0 0 1 0 0 0 0 0 2 3 7 0 0 10 10 1
12 22 0 0 5 0 33 0 24 0 0 40 0 0 0 0 1 0 0 0 0 0 0 0 0 10 13 0 0 0 0 0 0 12 0 0 0 0 21 0 0
0 0 12 0 0 0 0 0 0 0 0 0 0 0 0 0 0 0 0 0 0 0 0 16 0 0 0 0 0 0 0 43 0 0 30 39 0 4 0 39 0
0 0 15 0 0 0 0 0 0 0 0 0 0 0 0 0 0 0 0 0 0 0 1 13 0 0 0 0 0 0 0 38 0 0 27 37 0 2 0 38 1
11 21 0 0 4 0 27 0 19 0 0 34 0 0 0 0 0 0 0 0 0 0 0 0 0 6 9 1 0 0 0 0 0 11 0 0 0 0 21 0 0
0 0 16 0 0 0 0 0 0 0 0 0 0 0 0 0 0 0 0 0 0 0 0 17 0 0 0 0 0 0 0 44 0 0 30 39 0 2 0 39 0
10 20 0 0 4 0 27 0 19 0 0 34 0 0 0 0 0 0 0 0 0 0 0 0 0 7 9 1 0 0 0 0 0 10 0 0 0 0 20 0 0
0 0 19 0 0 0 0 0 0 0 0 0 0 0 0 0 0 0 0 0 0 0 4 9 0 0 0 0 0 0 0 26 0 0 20 30 0 0 0 29 1
0 0 9 0 0 0 0 0 0 0 0 0 0 0 0 0 0 0 0 0 0 0 0 14 0 0 0 0 0 1 0 40 0 0 28 37 0 4 0 40 0
0 0 10 0 0 0 0 0 0 0 0 0 0 0 0 0 0 0 0 0 0 0 0 18 0 0 0 0 0 0 0 47 0 0 31 41 0 5 0 42 0
0 0 20 0 0 0 0 0 0 0 0 0 0 0 0 0 1 0 0 0 0 0 3 12 0 0 0 0 0 0 0 33 0 0 24 34 0 1 0 34 1
0 0 16 0 0 0 0 0 0 0 0 0 0 0 0 0 0 0 0 0 0 0 0 16 0 0 0 0 0 0 0 41 0 0 28 37 0 2 0 38 0
0 0 15 0 0 0 0 0 0 0 0 0 0 0 0 0 0 0 0 0 0 0 0 17 0 0 0 0 0 0 0 44 0 0 30 39 0 3 0 39 0
12 20 0 0 4 0 27 0 19 0 0 34 0 0 0 0 0 0 0 0 0 0 0 0 0 6 9 1 0 0 0 0 0 11 0 0 0 0 20 0 0
4 18 0 0 1 0 8 0 7 0 0 14 0 0 0 0 0 0 0 0 0 0 2 0 0 0 3 1 0 0 0 0 0 5 0 0 0 0 14 0 0
0 0 7 0 0 0 0 0 0 0 0 0 0 0 0 0 0 0 0 0 0 0 1 11 0 0 0 0 0 1 0 35 0 0 25 36 0 4 0 39 1
11 21 0 0 4 0 27 0 19 0 0 34 0 0 0 0 0 0 0 0 0 0 0 0 0 8 11 0 0 0 0 0 0 10 0 0 0 0 21 0 0
0 0 9 0 0 0 0 0 0 0 0 0 0 0 0 0 0 0 0 0 0 0 4 8 0 0 0 0 0 1 0 30 0 0 22 33 0 3 0 35 2
0 0 11 0 0 0 0 0 0 0 0 0 0 0 0 0 0 0 0 0 0 0 1 13 0 0 0 0 0 1 0 39 0 0 27 38 0 3 0 40 1
0 7 13 0 0 0 0 0 0 0 0 0 0 0 0 0 0 0 0 0 0 0 6 4 0 0 0 0 0 1 0 16 0 0 14 23 0 1 1 24 3
8 21 0 0 3 0 24 0 17 0 0 31 0 0 0 0 1 0 0 0 0 0 0 0 0 7 10 1 0 0 0 0 0 8 0 0 0 0 20 0 0
0 0 9 0 0 0 0 0 0 0 0 0 0 0 0 0 0 0 0 0 0 0 5 7 0 0 0 0 0 2 0 28 0 0 21 32 0 3 0 34 3
14 21 0 0 6 0 39 0 27 0 0 46 0 0 0 0 0 0 0 0 0 0 0 0 0 12 12 1 0 0 0 0 0 14 0 0 0 0 23 0 0
20 27 0 3 11 0 71 0 49 0 0 80 0 0 0 0 0 0 0 0 0 0 0 0 0 26 22 0 0 0 0 0 0 24 0 0 0 0 33 0 0
0 0 18 0 0 0 0 0 0 0 0 0 0 0 0 0 0 0 0 0 0 0 5 10 0 0 0 0 0 0 0 28 0 0 21 32 0 1 0 32 2
7 21 0 0 1 0 18 0 13 0 0 25 0 0 0 0 0 0 0 0 0 0 1 0 0 3 7 1 0 0 0 0 0 8 0 0 0 0 19 0 0
3 16 5 0 0 0 4 0 3 0 0 8 0 0 0 0 0 0 0 0 0 0 4 0 0 0 3 1 0 0 0 0 0 4 0 2 0 0 12 5 0
0 0 15 0 0 0 0 0 0 0 0 0 0 0 0 0 0 0 0 0 0 0 2 12 0 0 0 0 0 0 0 35 0 0 24 35 0 2 0 36 1
10 22 0 0 4 0 26 0 18 0 0 33 0 0 0 0 0 0 0 0 0 0 0 0 0 6 9 1 0 0 0 0 0 10 0 0 0 0 22 0 0
0 0 14 0 0 0 0 0 0 0 0 0 0 0 0 0 0 0 0 0 0 0 0 15 0 0 0 0 0 0 0 42 0 0 28 38 0 3 0 39 0
12 22 0 0 4 0 27 0 20 0 0 35 0 0 0 0 0 0 0 0 0 0 0 0 0 8 12 0 0 0 0 0 0 11 0 0 0 0 20 0 0
10 21 0 0 3 0 25 0 18 0 0 31 0 0 0 0 0 0 0 0 0 0 0 0 0 7 11 0 0 0 0 0 0 9 0 0 0 0 19 0 0
0 0 14 0 0 0 0 0 0 0 0 0 0 0 0 0 0 0 0 0 0 0 2 11 0 0 0 0 0 0 0 34 0 0 24 35 0 2 0 36 1
0 0 20 0 0 0 0 0 0 0 0 0 0 0 0 0 0 0 0 0 0 0 0 24 0 0 0 0 0 0 0 57 0 0 36 45 0 3 0 42 0
16 24 0 2 8 0 50 0 34 0 0 56 0 0 0 0 0 0 0 0 0 0 0 0 0 17 16 0 0 0 0 0 0 16 0 0 0 0 26 0 0
0 0 6 0 0 0 0 0 0 0 0 0 0 0 0 0 0 0 0 0 0 0 0 13 0 0 0 0 0 1 0 39 0 0 28 38 0 4 0 41 1
0 0 19 0 0 0 0 0 0 0 0 0 0 0 0 0 1 0 0 0 0 0 0 17 0 0 0 0 0 0 0 43 0 0 29 38 0 2 0 37 0
0 1 11 0 0 0 0 0 0 0 0 0 0 0 0 0 0 0 0 0 0 0 6 6 0 0 0 0 0 1 0 25 0 0 19 30 0 3 0 32 3
11 17 1 0 1 0 13 0 10 0 0 17 0 0 0 0 0 0 0 0 0 0 0 0 0 2 7 1 0 0 0 0 0 9 0 0 0 0 15 0 0
6 19 0 0 1 0 14 0 10 0 0 20 0 0 0 0 0 0 0 0 0 0 1 0 0 2 6 1 0 0 0 0 0 6 0 0 0 0 16 0 0
14 22 0 0 5 0 37 0 26 0 0 45 0 0 0 0 0 0 0 0 0 0 0 0 0 11 12 1 0 0 0 0 0 14 0 0 0 0 23 0 0
0 0 14 0 0 0 0 0 0 0 0 0 0 0 0 0 0 0 0 0 0 0 4 10 0 0 0 0 0 1 0 31 0 0 23 34 0 2 0 35 2
7 18 0 0 1 0 14 0 10 0 0 19 0 0 0 0 0 0 0 0 0 0 1 0 0 2 5 1 0 0 0 0 0 7 0 0 0 0 16 0 0
0 0 10 0 0 0 0 0 0 0 0 0 0 0 0 0 0 0 0 0 0 0 0 17 0 0 0 0 0 0 0 45 0 0 30 39 0 4 0 41 0
6 18 5 0 0 0 8 0 7 0 0 15 0 0 0 0 0 0 0 0 0 0 2 0 0 1 6 1 0 0 0 0 0 5 0 0 0 0 14 0 0
10 8 14 0 0 0 0 0 0 0 0 0 0 0 0 0 0 0 0 0 0 0 0 4 0 0 6 0 0 0 0 7 0 4 8 11 0 0 4 14 0
0 0 13 0 0 0 0 0 0 0 0 0 0 0 0 0 0 0 0 0 0 0 1 13 0 0 0 0 0 0 0 38 0 0 27 37 0 3 0 39 1
19 28 0 3 11 0 68 0 47 0 0 76 0 0 0 0 1 0 0 0 0 0 0 0 0 25 21 0 0 0 0 0 0 21 0 0 0 0 32 0 0
0 0 18 0 0 0 0 0 0 0 0 0 0 0 0 0 1 0 0 0 0 0 0 20 0 0 0 0 0 0 0 50 0 0 33 41 0 3 0 40 0
20 26 0 3 11 0 68 0 47 0 0 76 0 0 0 0 0 0 0 0 0 0 0 0 0 25 21 0 0 0 0 0 0 22 0 0 0 0 32 0 0
0 0 21 0 0 0 0 0 0 0 0 0 0 0 0 0 0 0 0 0 0 0 0 16 0 0 0 0 0 0 0 40 0 0 27 36 0 1 0 35 0
5 19 0 0 1 0 14 0 11 0 0 21 0 0 0 0 0 0 0 0 0 0 1 0 0 3 6 1 0 0 0 0 0 6 0 0 0 0 17 0 0
13 23 0 0 6 0 37 0 25 0 0 43 0 0 0 0 0 0 0 0 0 0 0 0 0 10 12 1 0 0 0 0 0 13 0 0 0 0 24 0 0
15 23 0 0 6 0 42 0 29 0 0 49 0 0 0 0 0 0 0 0 0 0 0 0 0 13 14 0 0 0 0 0 0 15 0 0 0 0 24 0 0
0 4 9 0 0 0 0 0 0 0 0 0 0 0 0 0 0 0 0 0 0 0 6 5 0 0 0 0 0 2 0 21 0 0 17 27 0 3 0 30 3
0 13 6 0 0 0 0 0 0 0 0 0 0 0 0 0 0 0 0 0 0 0 5 0 0 0 0 1 0 0 0 3 0 1 6 10 0 1 8 13 1
0 7 7 0 0 0 0 0 0 0 0 0 0 0 0 0 0 0 0 0 0 0 6 3 0 0 0 0 0 2 0 17 0 0 14 23 0 2 2 27 3
0 0 17 0 0 0 0 0 0 0 0 0 0 0 0 0 1 0 0 0 0 0 2 13 0 0 0 0 0 0 0 37 0 0 26 36 0 2 0 37 1
0 0 9 0 0 0 0 0 0 0 0 0 0 0 0 0 0 0 0 0 0 0 4 8 0 0 0 0 0 1 0 30 0 0 23 33 0 3 0 37 2
0 0 19 0 0 0 0 0 0 0 0 0 0 0 0 0 0 0 0 0 0 0 0 16 0 0 0 0 0 0 0 41 0 0 28 38 0 1 0 37 0
9 14 9 0 0 0 3 0 4 0 0 7 0 0 0 0 0 0 0 0 0 0 0 0 0 0 6 1 0 0 0 0 0 6 2 3 0 0 10 7 0
0 0 14 0 0 0 0 0 0 0 0 0 0 0 0 0 0 0 0 0 0 0 0 17 0 0 0 0 0 0 0 46 0 0 31 40 0 3 0 40 0
6 0 22 0 0 0 0 0 0 0 0 0 0 0 0 0 0 0 0 0 0 0 1 11 0 0 3 0 0 0 0 24 0 0 19 25 0 0 0 26 0
0 0 14 0 0 0 0 0 0 0 0 0 0 0 0 0 0 0 0 0 0 0 3 10 0 0 0 0 0 1 0 32 0 0 23 34 0 3 0 35 2
2 10 13 0 0 0 0 0 0 0 0 0 0 0 0 0 0 0 0 0 0 0 4 3 0 0 1 0 0 0 0 8 0 0 9 14 0 0 4 16 0
0 0 14 0 0 0 0 0 0 0 0 0 0 0 0 0 0 0 0 0 0 0 3 11 0 0 0 0 0 0 0 34 0 0 25 35 0 3 0 37 1
15 24 0 1 7 0 47 0 32 0 0 54 0 0 0 0 1 0 0 0 0 0 0 0 0 15 15 1 0 0 0 0 0 15 0 0 0 0 26 0 0
9 20 0 0 3 0 22 0 15 0 0 28 0 0 0 0 1 0 0 0 0 0 0 0 0 5 9 0 0 0 0 0 0 8 0 0 0 0 19 0 0
0 0 12 0 0 0 0 0 0 0 0 0 0 0 0 0 0 0 0 0 0 0 0 15 0 0 0 0 0 0 0 41 0 0 29 38 0 3 0 40 0
13 22 0 0 6 0 37 0 25 0 0 43 0 0 0 0 1 0 0 0 0 0 0 0 0 11 13 0 0 0 0 0 0 13 0 0 0 0 23 0 0
12 22 0 0 5 0 35 0 24 0 0 43 0 0 0 0 1 0 0 0 0 0 0 0 0 11 13 1 0 0 0 0 0 12 0 0 0 0 23 0 0
4 17 0 0 0 0 5 0 4 0 0 10 0 0 0 0 0 0 0 0 0 0 3 0 0 0 2 1 0 0 0 0 0 5 0 0 0 0 13 4 0
8 20 0 0 2 0 19 0 14 0 0 25 0 0 0 0 0 0 0 0 0 0 1 0 0 4 7 1 0 0 0 0 0 9 0 0 0 0 18 0 0
13 22 0 0 5 0 36 0 25 0 0 43 0 0 0 0 0 0 0 0 0 0 0 0 0 10 11 1 0 0 0 0 0 13 0 0 0 0 23 0 0
7 19 0 0 3 0 20 0 15 0 0 27 0 0 0 0 0 0 0 0 0 0 0 0 0 5 8 1 0 0 0 0 0 8 0 0 0 0 18 0 0
0 0 9 0 0 0 0 0 0 0 0 0 0 0 0 0 0 0 0 0 0 0 0 14 0 0 0 0 0 1 0 39 0 0 28 37 0 4 0 40 0
6 18 0 0 1 0 13 0 10 0 0 19 0 0 0 0 0 0 0 0 0 0 1 0 0 2 4 1 0 0 0 0 0 6 0 0 0 0 16 0 0
12 22 0 0 6 0 37 0 26 0 0 44 0 0 0 0 1 0 0 0 0 0 0 0 0 11 12 0 0 0 0 0 0 12 0 0 0 0 23 0 0
0 0 17 0 0 0 0 0 0 0 0 0 0 0 0 0 0 0 0 0 0 0 0 18 0 0 0 0 0 0 0 45 0 0 30 39 0 3 0 38 0
0 0 8 0 0 0 0 0 0 0 0 0 0 0 0 0 0 0 0 0 0 0 3 10 0 0 0 0 0 2 0 33 0 0 24 35 0 4 0 39 2
0 0 17 0 0 0 0 0 0 0 0 0 0 0 0 0 0 0 0 0 0 0 3 11 0 0 0 0 0 0 0 34 0 0 24 35 0 2 0 35 2
0 0 14 0 0 0 0 0 0 0 0 0 0 0 0 0 0 0 0 0 0 0 6 8 0 0 0 0 0 1 0 28 0 0 20 32 0 2 0 34 3
2 5 14 0 0 0 0 0 0 0 0 0 0 0 0 0 0 0 0 0 0 0 3 6 0 0 0 0 0 0 0 15 0 0 14 21 0 0 0 23 0
1 0 20 0 0 0 0 0 0 0 0 0 0 0 0 0 0 0 0 0 0 0 3 8 0 0 0 0 0 0 0 21 0 0 18 26 0 0 0 26 1
13 23 0 0 6 0 36 0 25 0 0 42 0 0 0 0 0 0 0 0 0 0 0 0 0 11 13 0 0 0 0 0 0 13 0 0 0 0 23 0 0
1 0 22 0 0 0 0 0 0 0 0 0 0 0 0 0 0 0 0 0 0 0 0 17 0 0 0 0 0 0 0 42 0 0 29 37 0 1 0 36 0
0 0 12 0 0 0 0 0 0 0 0 0 0 0 0 0 0 0 0 0 0 0 0 15 0 0 0 0 0 0 0 40 0 0 28 38 0 3 0 40 0
17 24 0 2 8 0 52 0 36 0 0 59 0 0 0 0 1 0 0 0 0 0 0 0 0 18 17 0 0 0 0 0 0 18 0 0 0 0 27 0 0
7 19 0 0 1 0 13 0 10 0 0 18 0 0 0 0 0 0 0 0 0 0 1 0 0 3 6 0 0 0 0 0 0 7 0 0 0 0 16 0 0
0 0 15 0 0 0 0 0 0 0 0 0 0 0 0 0 0 0 0 0 0 0 0 15 0 0 0 0 0 0 0 41 0 0 28 38 0 3 0 38 0
0 0 17 0 0 0 0 0 0 0 0 0 0 0 0 0 0 0 0 0 0 0 3 11 0 0 0 0 0 0 0 32 0 0 23 33 0 1 0 33 1
0 0 19 0 0 0 0 0 0 0 0 0 0 0 0 0 0 0 0 0 0 0 4 10 0 0 0 0 0 0 0 29 0 0 21 32 0 1 0 31 2
0 0 13 0 0 0 0 0 0 0 0 0 0 0 0 0 0 0 0 0 0 0 0 15 0 0 0 0 0 0 0 41 0 0 28 38 0 3 0 40 0
9 19 0 0 2 0 16 0 11 0 0 22 0 0 0 0 0 0 0 0 0 0 1 0 0 2 6 1 0 0 0 0 0 8 0 0 0 0 17 0 0
0 0 9 0 0 0 0 0 0 0 0 0 0 0 0 0 0 0 0 0 0 0 3 10 0 0 0 0 0 1 0 33 0 0 25 35 0 3 0 39 1
0 14 5 0 0 0 0 0 0 0 0 1 0 0 0 0 0 0 0 0 0 0 5 0 0 0 0 1 0 0 0 1 0 2 4 9 0 1 9 12 2
18 23 0 2 8 0 51 0 35 0 0 58 0 0 0 0 0 0 0 0 0 0 0 0 0 17 16 1 0 0 0 0 0 18 0 0 0 0 27 0 0
0 0 13 0 0 0 0 0 0 0 0 0 0 0 0 0 0 0 0 0 0 0 4 9 0 0 0 0 0 1 0 30 0 0 23 34 0 2 0 35 2
0 0 15 0 0 0 0 0 0 0 0 0 0 0 0 0 0 0 0 0 0 0 0 17 0 0 0 0 0 0 0 45 0 0 30 39 0 3 0 39 0
0 13 6 0 0 0 0 0 0 0 0 0 0 0 0 0 0 0 0 0 0 0 5 0 0 0 0 1 0 0 0 4 0 0 6 11 0 0 7 13 2
0 0 19 0 0 0 0 0 0 0 0 0 0 0 0 0 0 0 0 0 0 0 2 12 0 0 0 0 0 0 0 34 0 0 25 35 0 1 0 34 1
0 0 20 0 0 0 0 0 0 0 0 0 0 0 0 0 0 0 0 0 0 0 2 14 0 0 0 0 0 0 0 36 0 0 26 35 0 1 0 35 0
0 0 9 0 0 0 0 0 0 0 0 0 0 0 0 0 0 0 0 0 0 0 6 7 0 0 0 0 0 2 0 25 0 0 20 31 0 3 0 34 3
18 26 0 2 10 0 60 0 41 0 0 67 0 0 0 0 0 0 0 0 0 0 0 0 0 22 19 0 0 0 0 0 0 19 0 0 0 0 29 0 0
0 0 11 0 0 0 0 0 0 0 0 0 0 0 0 0 0 0 0 0 0 0 0 14 0 0 0 0 0 0 0 40 0 0 28 38 0 3 0 40 0
15 24 0 1 8 0 47 0 33 0 0 54 0 0 0 0 0 0 0 0 0 0 0 0 0 15 15 0 0 0 0 0 0 15 0 0 0 0 25 0 0
0 0 12 0 0 0 0 0 0 0 0 0 0 0 0 0 0 0 0 0 0 0 0 15 0 0 0 0 0 0 0 40 0 0 28 38 0 3 0 40 0
17 24 0 1 8 0 51 0 35 0 0 58 0 0 0 0 0 0 0 0 0 0 0 0 0 17 15 1 0 0 0 0 0 17 0 0 0 0 27 0 0
0 0 19 0 0 0 0 0 0 0 0 0 0 0 0 0 0 0 0 0 0 0 0 22 0 0 0 0 0 0 0 53 0 0 34 43 0 3 0 41 0
7 0 21 0 0 0 0 0 0 0 0 0 0 0 0 0 0 0 0 0 0 0 1 10 0 0 3 0 0 0 0 22 0 0 18 25 0 0 0 26 0
0 2 10 0 0 0 0 0 0 0 0 0 0 0 0 0 0 0 0 0 0 0 6 6 0 0 0 0 0 2 0 24 0 0 18 30 0 2 0 32 4
1 13 5 0 0 0 0 0 0 0 0 4 0 0 0 0 0 0 0 0 0 0 4 0 0 0 1 0 0 0 0 0 0 2 4 7 0 1 9 10 1
17 23 0 1 7 0 47 0 32 0 0 54 0 0 0 0 0 0 0 0 0 0 0 0 0 15 14 1 0 0 0 0 0 17 0 0 0 0 26 0 0
0 0 22 0 0 0 0 0 0 0 0 0 0 0 0 0 0 0 0 0 0 0 0 18 0 0 0 0 0 0 0 44 0 0 29 38 0 1 0 36 0
0 3 16 0 0 0 0 0 0 0 0 0 0 0 0 0 0 0 0 0 0 0 5 7 0 0 0 0 0 0 0 20 0 0 17 26 0 0 0 27 2
0 0 13 0 0 0 0 0 0 0 0 0 0 0 0 0 0 0 0 0 0 0 0 18 0 0 0 0 0 0 0 47 0 0 31 41 0 4 0 41 0
0 0 17 0 0 0 0 0 0 0 0 0 0 0 0 0 0 0 0 0 0 0 5 8 0 0 0 0 0 0 0 25 0 0 20 30 0 1 0 30 2
0 0 16 0 0 0 0 0 0 0 0 0 0 0 0 0 0 0 0 0 0 0 5 9 0 0 0 0 0 1 0 30 0 0 22 34 0 2 0 34 3
7 14 8 0 0 0 3 0 3 0 0 7 0 0 0 0 0 0 0 0 0 0 2 0 0 0 4 1 0 0 0 0 0 4 2 3 0 0 10 7 0
0 0 22 0 0 0 0 0 0 0 0 0 0 0 0 0 0 0 0 0 0 0 2 12 0 0 0 0 0 0 0 32 0 0 23 32 0 0 0 31 0
0 0 9 0 0 0 0 0 0 0 0 0 0 0 0 0 0 0 0 0 0 0 0 14 0 0 0 0 0 1 0 41 0 0 29 38 0 4 0 41 1
0 0 19 0 0 0 0 0 0 0 0 0 0 0 0 0 0 0 0 0 0 0 3 12 0 0 0 0 0 0 0 34 0 0 24 34 0 1 0 34 1
0 0 14 0 0 0 0 0 0 0 0 0 0 0 0 0 0 0 0 0 0 0 1 13 0 0 0 0 0 0 0 37 0 0 26 36 0 2 0 37 1
9 16 4 0 0 0 10 0 8 0 0 15 0 0 0 0 0 0 0 0 0 0 0 0 0 2 7 1 0 0 0 0 0 7 0 0 0 0 14 0 0
3 2 17 0 0 0 0 0 0 0 0 0 0 0 0 0 0 0 0 0 0 0 3 7 0 0 1 0 0 0 0 18 0 0 16 23 0 0 0 25 0
2 15 7 0 0 0 0 0 1 0 0 5 0 0 0 0 0 0 0 0 0 0 4 0 0 0 2 0 0 0 0 0 0 2 2 5 0 0 10 8 1
0 0 16 0 0 0 0 0 0 0 0 0 0 0 0 0 0 0 0 0 0 0 5 9 0 0 0 0 0 0 0 28 0 0 21 31 0 1 0 32 2
3 16 0 0 0 0 4 0 2 0 0 8 0 0 0 0 0 0 0 0 0 0 3 0 0 0 1 0 0 0 0 0 0 4 1 1 0 0 12 7 1
14 21 0 0 5 0 36 0 24 0 0 43 0 0 0 0 0 0 0 0 0 0 0 0 0 10 11 1 0 0 0 0 0 13 0 0 0 0 23 0 0
7 18 0 0 2 0 14 0 10 0 0 20 0 0 0 0 0 0 0 0 0 0 1 0 0 2 5 1 0 0 0 0 0 7 0 0 0 0 16 0 0
0 0 21 0 0 0 0 0 0 0 0 0 0 0 0 0 0 0 0 0 0 0 3 10 0 0 0 0 0 0 0 27 0 0 21 30 0 0 0 29 1
0 0 17 0 0 0 0 0 0 0 0 0 0 0 0 0 0 0 0 0 0 0 1 15 0 0 0 0 0 0 0 41 0 0 28 38 0 2 0 38 0
0 0 10 0 0 0 0 0 0 0 0 0 0 0 0 0 0 0 0 0 0 0 0 15 0 0 0 0 0 0 0 41 0 0 29 39 0 4 0 41 0
6 17 0 0 1 0 9 0 7 0 0 15 0 0 0 0 0 0 0 0 0 0 2 0 0 0 3 1 0 0 0 0 0 6 0 0 0 0 15 0 0
19 26 0 3 10 0 64 0 44 0 0 72 0 0 0 0 0 0 0 0 0 0 0 0 0 23 20 0 0 0 0 0 0 21 0 0 0 0 30 0 0
0 0 12 0 0 0 0 0 0 0 0 0 0 0 0 0 0 0 0 0 0 0 3 11 0 0 0 0 0 1 0 34 0 0 24 36 0 3 0 38 1
23 31 0 5 14 0 88 0 60 0 0 97 0 0 0 0 1 0 0 0 0 0 0 0 0 34 28 0 0 0 0 0 0 28 0 0 0 0 38 0 0
0 1 17 0 0 0 0 0 0 0 0 0 0 0 0 0 0 0 0 0 0 0 5 8 0 0 0 0 0 0 0 24 0 0 19 29 0 0 0 29 2
0 0 19 0 0 0 0 0 0 0 0 0 0 0 0 0 0 0 0 0 0 0 1 14 0 0 0 0 0 0 0 39 0 0 27 37 0 1 0 36 0
15 23 0 1 7 0 46 0 32 0 0 52 0 0 0 0 1 0 0 0 0 0 0 0 0 15 15 1 0 0 0 0 0 15 0 0 0 0 25 0 0
15 23 0 0 6 0 42 0 29 0 0 49 0 0 0 0 0 0 0 0 0 0 0 0 0 13 13 1 0 0 0 0 0 14 0 0 0 0 24 0 0
0 0 11 0 0 0 0 0 0 0 0 0 0 0 0 0 0 0 0 0 0 0 4 9 0 0 0 0 0 1 0 30 0 0 22 33 0 3 0 36 2
0 0 21 0 0 0 0 0 0 0 0 0 0 0 0 0 1 0 0 0 0 0 3 11 0 0 0 0 0 0 0 30 0 0 22 31 0 0 0 31 1
0 0 15 0 0 0 0 0 0 0 0 0 0 0 0 0 0 0 0 0 0 0 1 14 0 0 0 0 0 0 0 39 0 0 27 37 0 2 0 38 1
0 0 8 0 0 0 0 0 0 0 0 0 0 0 0 0 0 0 0 0 0 0 2 10 0 0 0 0 0 1 0 34 0 0 25 35 0 4 0 39 2
0 2 17 0 0 0 0 0 0 0 0 0 0 0 0 0 0 0 0 0 0 0 5 6 0 0 0 0 0 0 0 21 0 0 17 27 0 1 0 27 2
0 0 14 0 0 0 0 0 0 0 0 0 0 0 0 0 0 0 0 0 0 0 3 11 0 0 0 0 0 0 0 34 0 0 25 35 0 2 0 37 1
15 23 0 1 7 0 44 0 31 0 0 51 0 0 0 0 1 0 0 0 0 0 0 0 0 14 15 0 0 0 0 0 0 14 0 0 0 0 24 0 0
0 0 18 0 0 0 0 0 0 0 0 0 0 0 0 0 1 0 0 0 0 0 4 9 0 0 0 0 0 0 0 27 0 0 20 30 0 1 0 30 2
0 0 20 0 0 0 0 0 0 0 0 0 0 0 0 0 1 0 0 0 0 0 4 10 0 0 0 0 0 0 0 30 0 0 22 32 0 1 0 31 2
0 0 18 0 0 0 0 0 0 0 0 0 0 0 0 0 1 0 0 0 0 0 1 14 0 0 0 0 0 0 0 38 0 0 26 36 0 1 0 36 0
0 0 17 0 0 0 0 0 0 0 0 0 0 0 0 0 1 0 0 0 0 0 5 9 0 0 0 0 0 0 0 29 0 0 22 32 0 1 0 32 2
0 11 7 0 0 0 0 0 0 0 0 0 0 0 0 0 0 0 0 0 0 0 5 1 0 0 0 0 0 0 0 8 0 0 9 15 0 1 6 17 2
0 0 18 0 0 0 0 0 0 0 0 0 0 0 0 0 1 0 0 0 0 0 0 18 0 0 0 0 0 0 0 46 0 0 30 39 0 2 0 38 0
5 18 1 0 0 0 7 0 6 0 0 13 0 0 0 0 0 0 0 0 0 0 3 0 0 0 3 1 0 0 0 0 0 5 0 0 0 0 14 1 0
0 0 19 0 0 0 0 0 0 0 0 0 0 0 0 0 0 0 0 0 0 0 1 14 0 0 0 0 0 0 0 37 0 0 26 35 0 1 0 35 0
0 0 13 0 0 0 0 0 0 0 0 0 0 0 0 0 0 0 0 0 0 0 0 16 0 0 0 0 0 0 0 43 0 0 29 39 0 3 0 39 0
0 0 23 0 0 0 0 0 0 0 0 0 0 0 0 0 1 0 0 0 0 0 0 22 0 0 0 0 0 0 0 54 0 0 35 42 0 2 0 39 0
0 5 12 0 0 0 0 0 0 0 0 0 0 0 0 0 0 0 0 0 0 0 6 5 0 0 0 0 0 1 0 20 0 0 16 27 0 2 0 28 3
17 24 0 1 8 0 50 0 34 0 0 57 0 0 0 0 0 0 0 0 0 0 0 0 0 16 15 1 0 0 0 0 0 17 0 0 0 0 27 0 0
0 7 5 0 0 0 0 0 0 0 0 0 0 0 0 0 0 0 0 0 0 0 6 3 0 0 0 0 0 2 0 16 0 0 15 24 0 2 2 28 3
6 1 17 0 0 0 0 0 0 0 0 0 0 0 0 0 0 0 0 0 0 0 2 7 0 0 2 0 0 0 0 15 0 0 15 21 0 0 0 22 0
3 4 16 0 0 0 0 0 0 0 0 0 0 0 0 0 0 0 0 0 0 0 3 6 0 0 0 0 0 0 0 16 0 0 15 21 0 0 0 23 0
6 19 1 0 0 0 11 0 9 0 0 17 0 0 0 0 0 0 0 0 0 0 1 0 0 1 5 1 0 0 0 0 0 6 0 0 0 0 16 0 0
18 24 0 2 8 0 54 0 37 0 0 61 0 0 0 0 0 0 0 0 0 0 0 0 0 18 16 1 0 0 0 0 0 19 0 0 0 0 28 0 0
0 0 12 0 0 0 0 0 0 0 0 0 0 0 0 0 0 0 0 0 0 0 2 12 0 0 0 0 0 1 0 35 0 0 26 36 0 3 0 39 1
4 0 23 0 0 0 0 0 0 0 0 0 0 0 0 0 0 0 0 0 0 0 1 13 0 0 1 0 0 0 0 31 0 0 24 30 0 0 0 31 0
19 26 0 3 11 0 67 0 46 0 0 74 0 0 0 0 1 0 0 0 0 0 0 0 0 24 21 0 0 0 0 0 0 21 0 0 0 0 31 0 0
13 22 0 0 5 0 36 0 25 0 0 43 0 0 0 0 1 0 0 0 0 0 0 0 0 11 12 1 0 0 0 0 0 12 0 0 0 0 23 0 0
2 15 1 0 0 0 0 0 1 0 0 5 0 0 0 0 0 0 0 0 0 0 4 0 0 0 0 0 0 0 0 0 0 4 3 5 0 1 10 9 1
0 2 12 0 0 0 0 0 0 0 0 0 0 0 0 0 0 0 0 0 0 0 6 7 0 0 0 0 0 1 0 23 0 0 18 29 0 2 0 30 2
0 0 17 0 0 0 0 0 0 0 0 0 0 0 0 0 0 0 0 0 0 0 0 17 0 0 0 0 0 0 0 44 0 0 29 39 0 2 0 38 0
2 17 3 0 0 0 3 0 2 0 0 9 0 0 0 0 0 0 0 0 0 0 4 0 0 0 2 1 0 0 0 0 0 4 0 1 0 0 13 6 1
5 19 0 0 1 0 12 0 9 0 0 18 0 0 0 0 0 0 0 0 0 0 1 0 0 2 5 1 0 0 0 0 0 6 0 0 0 0 16 0 0
0 0 13 0 0 0 0 0 0 0 0 0 0 0 0 0 0 0 0 0 0 0 2 13 0 0 0 0 0 0 0 37 0 0 27 37 0 3 0 39 1
0 0 13 0 0 0 0 0 0 0 0 0 0 0 0 0 0 0 0 0 0 0 0 16 0 0 0 0 0 0 0 43 0 0 29 39 0 3 0 39 0
0 0 9 0 0 0 0 0 0 0 0 0 0 0 0 0 0 0 0 0 0 0 0 22 0 0 0 0 0 0 0 58 0 0 37 47 0 6 0 48 1
15 22 0 0 6 0 40 0 28 0 0 46 0 0 0 0 0 0 0 0 0 0 0 0 0 13 14 0 0 0 0 0 0 14 0 0 0 0 23 0 0
0 0 11 0 0 0 0 0 0 0 0 0 0 0 0 0 0 0 0 0 0 0 0 18 0 0 0 0 0 0 0 48 0 0 31 41 0 4 0 42 0
15 22 0 0 6 0 42 0 29 0 0 49 0 0 0 0 0 0 0 0 0 0 0 0 0 13 13 1 0 0 0 0 0 15 0 0 0 0 24 0 0
10 22 0 0 4 0 29 0 21 0 0 36 0 0 0 0 1 0 0 0 0 0 0 0 0 8 11 1 0 0 0 0 0 10 0 0 0 0 21 0 0
0 0 7 0 0 0 0 0 0 0 0 0 0 0 0 0 0 0 0 0 0 0 0 17 0 0 0 0 0 0 0 47 0 0 31 41 0 5 0 43 1
0 12 8 0 0 0 0 0 0 0 0 0 0 0 0 0 0 0 0 0 0 0 5 1 0 0 0 1 0 1 0 7 0 0 8 14 0 0 6 17 1
0 0 13 0 0 0 0 0 0 0 0 0 0 0 0 0 0 0 0 0 0 0 0 18 0 0 0 0 0 0 0 48 0 0 32 41 0 4 0 41 0
0 10 9 0 0 0 0 0 0 0 0 0 0 0 0 0 0 0 0 0 0 0 6 2 0 0 0 1 0 1 0 11 0 0 10 19 0 1 4 21 2
0 0 12 0 0 0 0 0 0 0 0 0 0 0 0 0 0 0 0 0 0 0 4 9 0 0 0 0 0 1 0 30 0 0 22 34 0 2 0 35 2
0 11 5 0 0 0 0 0 0 0 0 0 0 0 0 0 0 0 0 0 0 0 5 1 0 0 0 0 0 0 0 6 0 1 8 14 0 1 6 17 2
9 5 16 0 0 0 0 0 0 0 0 0 0 0 0 0 0 0 0 0 0 0 0 6 0 0 5 0 0 0 0 12 0 2 12 16 0 0 1 19 0
0 0 8 0 0 0 0 0 0 0 0 0 0 0 0 0 0 0 0 0 0 0 0 13 0 0 0 0 0 1 0 39 0 0 27 38 0 4 0 41 1
14 23 0 1 7 0 42 0 29 0 0 49 0 0 0 0 1 0 0 0 0 0 0 0 0 14 15 0 0 0 0 0 0 14 0 0 0 0 24 0 0
0 0 17 0 0 0 0 0 0 0 0 0 0 0 0 0 1 0 0 0 0 0 2 12 0 0 0 0 0 0 0 35 0 0 25 35 0 2 0 36 1
0 0 14 0 0 0 0 0 0 0 0 0 0 0 0 0 0 0 0 0 0 0 0 17 0 0 0 0 0 0 0 44 0 0 29 39 0 3 0 40 0
0 0 19 0 0 0 0 0 0 0 0 0 0 0 0 0 0 0 0 0 0 0 0 16 0 0 0 0 0 0 0 40 0 0 28 37 0 1 0 36 0
0 0 20 0 0 0 0 0 0 0 0 0 0 0 0 0 0 0 0 0 0 0 0 17 0 0 0 0 0 0 0 43 0 0 29 38 0 1 0 37 0
0 0 11 0 0 0 0 0 0 0 0 0 0 0 0 0 0 0 0 0 0 0 0 16 0 0 0 0 0 0 0 43 0 0 29 38 0 4 0 40 0
0 0 17 0 0 0 0 0 0 0 0 0 0 0 0 0 0 0 0 0 0 0 0 17 0 0 0 0 0 0 0 44 0 0 30 39 0 2 0 38 0
16 23 0 1 8 0 46 0 32 0 0 53 0 0 0 0 1 0 0 0 0 0 0 0 0 15 15 0 0 0 0 0 0 16 0 0 0 0 25 0 0
1 0 22 0 0 0 0 0 0 0 0 0 0 0 0 0 0 0 0 0 0 0 0 21 0 0 0 0 0 0 0 51 0 0 33 41 0 2 0 39 0
0 0 16 0 0 0 0 0 0 0 0 0 0 0 0 0 0 0 0 0 0 0 4 10 0 0 0 0 0 0 0 31 0 0 22 34 0 1 0 34 2
7 19 0 0 2 0 16 0 12 0 0 21 0 0 0 0 0 0 0 0 0 0 0 0 0 3 7 0 0 0 0 0 0 7 0 0 0 0 16 0 0
0 0 9 0 0 0 0 0 0 0 0 0 0 0 0 0 0 0 0 0 0 0 3 10 0 0 0 0 0 1 0 33 0 0 24 35 0 3 0 38 2
3 19 2 0 1 0 10 0 8 0 0 17 0 0 0 0 0 0 0 0 0 0 2 0 0 1 5 1 0 0 0 0 0 4 0 0 0 0 15 0 0
0 5 14 0 0 0 0 0 0 0 0 0 0 0 0 0 0 0 0 0 0 0 5 5 0 0 0 0 0 1 0 18 0 0 15 24 0 0 0 25 1
0 0 11 0 0 0 0 0 0 0 0 0 0 0 0 0 0 0 0 0 0 0 0 17 0 0 0 0 0 0 0 44 0 0 29 39 0 4 0 40 0
13 22 0 0 6 0 38 0 26 0 0 45 0 0 0 0 1 0 0 0 0 0 0 0 0 11 12 1 0 0 0 0 0 13 0 0 0 0 23 0 0
0 0 12 0 0 0 0 0 0 0 0 0 0 0 0 0 0 0 0 0 0 0 0 18 0 0 0 0 0 0 0 47 0 0 31 41 0 4 0 41 0
0 0 18 0 0 0 0 0 0 0 0 0 0 0 0 0 1 0 0 0 0 0 0 19 0 0 0 0 0 0 0 48 0 0 31 40 0 2 0 39 0
0 0 19 0 0 0 0 0 0 0 0 0 0 0 0 0 1 0 0 0 0 0 1 14 0 0 0 0 0 0 0 37 0 0 26 35 0 1 0 36 0
16 23 0 1 7 0 45 0 31 0 0 51 0 0 0 0 1 0 0 0 0 0 0 0 0 15 15 0 0 0 0 0 0 15 0 0 0 0 25 0 0
0 9 8 0 0 0 0 0 0 0 0 0 0 0 0 0 0 0 0 0 0 0 6 2 0 0 0 0 0 1 0 14 0 0 13 21 0 2 3 24 3
16 24 0 2 8 0 50 0 34 0 0 57 0 0 0 0 0 0 0 0 0 0 0 0 0 16 16 1 0 0 0 0 0 17 0 0 0 0 27 0 0
4 12 12 0 0 0 0 0 0 0 0 0 0 0 0 0 0 0 0 0 0 0 3 2 0 0 2 1 0 0 0 5 0 1 7 12 0 0 7 14 0
0 0 10 0 0 0 0 0 0 0 0 0 0 0 0 0 0 0 0 0 0 0 0 21 0 0 0 0 0 0 0 54 0 0 35 45 0 5 0 45 0
0 9 12 0 0 0 0 0 0 0 0 0 0 0 0 0 0 0 0 0 0 0 5 3 0 0 0 1 0 0 0 12 0 0 11 19 0 0 3 19 2
0 0 14 0 0 0 0 0 0 0 0 0 0 0 0 0 0 0 0 0 0 0 0 17 0 0 0 0 0 0 0 45 0 0 30 39 0 3 0 39 0
19 26 0 3 11 0 64 0 43 0 0 71 0 0 0 0 0 0 0 0 0 0 0 0 0 23 21 0 0 0 0 0 0 21 0 0 0 0 30 0 0
15 23 0 1 7 0 44 0 30 0 0 51 0 0 0 0 0 0 0 0 0 0 0 0 0 13 14 1 0 0 0 0 0 15 0 0 0 0 25 0 0
0 0 7 0 0 0 0 0 0 0 0 0 0 0 0 0 0 0 0 0 0 0 5 7 0 0 0 0 0 2 0 29 0 0 22 33 0 3 0 37 3
0 0 12 0 0 0 0 0 0 0 0 0 0 0 0 0 0 0 0 0 0 0 3 11 0 0 0 0 0 1 0 34 0 0 25 35 0 3 0 37 1
0 5 12 0 0 0 0 0 0 0 0 0 0 0 0 0 0 0 0 0 0 0 5 5 0 0 0 0 0 1 0 17 0 0 14 23 0 1 0 24 2
17 25 0 2 8 0 53 0 37 0 0 61 0 0 0 0 0 0 0 0 0 0 0 0 0 18 17 1 0 0 0 0 0 18 0 0 0 0 27 0 0
18 24 0 2 8 0 54 0 37 0 0 61 0 0 0 0 0 0 0 0 0 0 0 0 0 18 17 0 0 0 0 0 0 18 0 0 0 0 27 0 0
2 14 4 0 0 0 0 0 0 0 0 1 0 0 0 0 0 0 0 0 0 0 4 0 0 0 0 0 0 0 0 2 0 3 5 9 0 1 9 13 1
0 3 14 0 0 0 0 0 0 0 0 0 0 0 0 0 0 0 0 0 0 0 6 6 0 0 0 0 0 1 0 20 0 0 17 27 0 1 0 27 3
8 20 0 0 3 0 20 0 15 0 0 27 0 0 0 0 0 0 0 0 0 0 0 0 0 4 7 1 0 0 0 0 0 9 0 0 0 0 18 0 0
16 25 0 1 8 0 51 0 36 0 0 59 0 0 0 0 1 0 0 0 0 0 0 0 0 18 17 0 0 0 0 0 0 17 0 0 0 0 27 0 0
0 0 20 0 0 0 0 0 0 0 0 0 0 0 0 0 0 0 0 0 0 0 0 21 0 0 0 0 0 0 0 51 0 0 33 41 0 2 0 39 0
0 0 19 0 0 0 0 0 0 0 0 0 0 0 0 0 0 0 0 0 0 0 0 21 0 0 0 0 0 0 0 52 0 0 33 42 0 2 0 40 0
19 26 0 3 11 0 65 0 44 0 0 72 0 0 0 0 0 0 0 0 0 0 0 0 0 23 20 0 0 0 0 0 0 21 0 0 0 0 30 0 0
12 21 0 0 5 0 32 0 22 0 0 39 0 0 0 0 0 0 0 0 0 0 0 0 0 9 11 0 0 0 0 0 0 12 0 0 0 0 22 0 0
0 0 11 0 0 0 0 0 0 0 0 0 0 0 0 0 0 0 0 0 0 0 5 7 0 0 0 0 0 1 0 28 0 0 21 32 0 3 0 33 3
1 15 5 0 0 0 0 0 1 0 0 5 0 0 0 0 0 0 0 0 0 0 4 0 0 0 1 1 0 0 0 0 0 2 2 5 0 0 11 8 1
11 21 0 0 3 0 22 0 16 0 0 28 0 0 0 0 0 0 0 0 0 0 0 0 0 5 10 0 0 0 0 0 0 10 0 0 0 0 19 0 0
0 0 21 0 0 0 0 0 0 0 0 0 0 0 0 0 0 0 0 0 0 0 0 15 0 0 0 0 0 0 0 37 0 0 27 35 0 1 0 35 0
3 0 22 0 0 0 0 0 0 0 0 0 0 0 0 0 0 0 0 0 0 0 2 12 0 0 1 0 0 0 0 28 0 0 21 29 0 0 0 29 0
0 0 17 0 0 0 0 0 0 0 0 0 0 0 0 0 0 0 0 0 0 0 0 18 0 0 0 0 0 0 0 45 0 0 30 39 0 2 0 39 0
4 19 0 0 1 0 10 0 8 0 0 16 0 0 0 0 0 0 0 0 0 0 2 0 0 0 4 1 0 0 0 0 0 6 0 0 0 0 16 0 0
0 6 14 0 0 0 0 0 0 0 0 0 0 0 0 0 0 0 0 0 0 0 6 5 0 0 0 0 0 0 0 17 0 0 14 24 0 1 0 24 2
0 0 10 0 0 0 0 0 0 0 0 0 0 0 0 0 0 0 0 0 0 0 0 14 0 0 0 0 0 0 0 41 0 0 27 37 0 3 0 39 0
16 25 0 2 9 0 53 0 36 0 0 60 0 0 0 0 1 0 0 0 0 0 0 0 0 18 17 0 0 0 0 0 0 16 0 0 0 0 27 0 0
0 0 22 0 0 0 0 0 0 0 0 0 0 0 0 0 0 0 0 0 0 0 2 12 0 0 0 0 0 0 0 31 0 0 23 32 0 0 0 31 0
17 23 0 1 7 0 47 0 32 0 0 53 0 0 0 0 0 0 0 0 0 0 0 0 0 15 14 1 0 0 0 0 0 17 0 0 0 0 26 0 0
0 0 15 0 0 0 0 0 0 0 0 0 0 0 0 0 0 0 0 0 0 0 0 16 0 0 0 0 0 0 0 43 0 0 29 39 0 3 0 39 0
0 0 10 0 0 0 0 0 0 0 0 0 0 0 0 0 0 0 0 0 0 0 1 13 0 0 0 0 0 1 0 39 0 0 27 37 0 4 0 40 0
0 0 9 0 0 0 0 0 0 0 0 0 0 0 0 0 0 0 0 0 0 0 1 12 0 0 0 0 0 1 0 37 0 0 27 37 0 4 0 40 1
15 22 0 0 6 0 39 0 27 0 0 46 0 0 0 0 0 0 0 0 0 0 0 0 0 12 14 0 0 0 0 0 0 14 0 0 0 0 23 0 0
0 0 12 0 0 0 0 0 0 0 0 0 0 0 0 0 0 0 0 0 0 0 0 21 0 0 0 0 0 0 0 52 0 0 34 43 0 5 0 43 0
