0 0 31 1 0 0 10 6 1 0 0 10 3 0 0 0 0 0 0 0 0 3 0 0 0 0 0 0 0 3 28 3 6 4 0 5 0 0 0 0 10
9 0 0 3 0 0 0 0 0 0 0 0 0 0 0 0 0 0 0 0 0 1 8 0 0 1 2 5 0 0 0 4 0 0 23 6 0 4 1 10 0
0 0 19 0 0 5 5 4 0 0 0 13 9 0 1 1 0 0 0 0 0 0 0 0 0 0 0 0 1 0 17 0 8 6 0 0 0 0 0 0 9
11 0 0 1 0 1 0 0 0 0 0 0 0 0 0 0 0 0 0 0 0 0 12 0 0 0 0 10 0 0 0 6 0 0 31 6 0 6 4 10 0
4 0 18 5 0 0 2 0 0 0 0 0 0 1 0 0 0 0 0 0 0 3 1 0 0 1 2 0 0 4 12 3 0 0 6 8 0 2 0 9 1
0 0 0 0 0 33 0 0 0 2 0 17 17 0 7 3 0 0 0 0 0 0 0 0 0 0 0 4 3 0 0 0 12 7 0 0 0 0 0 0 0
0 0 10 0 0 4 2 2 0 0 0 7 5 0 1 0 0 0 0 0 0 0 0 0 0 0 0 0 0 0 10 1 5 3 0 0 0 0 1 0 5
0 0 37 0 0 4 13 9 1 0 0 23 16 0 0 1 0 0 0 0 0 0 0 1 0 0 0 0 1 0 36 0 14 10 0 0 0 0 0 0 20
0 0 34 1 0 0 10 6 1 0 0 11 3 0 0 0 0 0 0 0 0 3 0 1 0 0 0 0 0 4 31 2 7 5 0 5 0 0 0 0 10
12 0 0 3 0 0 0 0 0 0 0 0 0 0 0 0 0 0 0 0 0 1 11 0 0 1 2 7 0 0 0 6 0 0 29 8 0 6 2 13 0
0 0 33 0 0 0 12 8 1 0 0 17 9 0 0 0 0 0 0 0 0 1 0 1 0 0 0 0 0 2 31 2 10 7 0 0 0 0 0 0 15
0 0 31 0 0 0 10 7 1 0 0 13 6 0 0 0 0 0 0 0 0 1 0 1 0 0 0 0 0 2 29 2 8 6 0 1 0 0 0 0 13
10 0 9 8 0 0 0 0 0 0 0 0 0 0 0 0 0 0 0 0 0 5 10 0 0 4 5 0 0 3 1 8 0 0 23 10 0 6 0 14 0
5 0 15 5 0 0 1 0 0 0 0 0 0 0 0 0 0 0 0 0 0 3 2 0 0 1 2 0 0 3 9 3 0 0 11 9 0 3 0 10 0
10 0 0 0 0 2 0 0 0 0 0 0 0 0 0 0 0 0 0 0 0 1 13 0 0 1 0 12 0 0 0 8 0 0 30 6 0 6 5 9 0
10 0 2 5 0 0 0 0 0 0 0 0 0 0 0 0 0 0 0 0 0 3 8 0 0 2 3 2 0 2 0 6 0 0 23 10 0 5 2 13 0
0 0 26 6 0 0 4 2 0 0 0 3 0 1 0 0 0 0 0 0 0 3 0 0 0 1 2 0 0 5 20 1 2 2 0 8 0 0 0 7 2
6 0 20 9 0 0 1 0 0 0 0 0 0 1 0 0 0 0 0 0 0 4 4 0 0 3 5 0 0 6 12 2 0 0 13 10 0 4 0 12 0
0 0 8 0 0 15 0 1 0 0 0 15 12 0 3 2 0 0 0 0 0 0 0 0 0 0 0 0 2 0 9 0 9 7 0 0 0 0 0 0 6
10 0 13 10 0 0 0 0 0 0 0 0 0 0 0 0 0 0 0 0 0 5 10 0 0 4 6 0 0 4 3 7 0 0 23 11 0 6 0 15 0
12 0 0 4 0 0 0 0 0 0 0 0 0 0 0 0 0 0 0 0 0 4 13 0 0 3 3 5 0 0 0 11 0 0 28 9 0 6 1 13 0
0 0 32 0 0 0 11 8 1 0 0 16 8 0 0 0 0 0 0 0 0 1 0 1 0 0 0 0 0 2 30 2 9 7 0 0 0 0 0 0 14
12 0 0 0 0 1 0 0 0 0 0 0 0 0 0 0 0 0 0 0 0 0 14 0 0 1 0 12 0 0 0 7 0 0 33 7 0 7 6 10 0
4 0 18 6 0 0 2 0 0 0 0 0 0 0 0 0 0 0 0 0 0 4 2 0 0 2 3 0 0 4 12 3 0 0 8 9 0 2 0 10 1
8 0 17 9 0 0 0 0 0 0 0 0 0 0 0 0 0 0 0 0 0 5 6 0 0 3 6 0 0 5 7 4 0 0 18 10 0 4 0 13 0
0 0 31 6 0 0 7 3 0 0 0 5 0 1 0 0 0 0 0 0 0 3 0 0 0 0 1 0 0 6 26 1 4 3 0 9 0 0 0 7 4
11 0 0 5 0 0 0 0 0 0 0 0 0 0 0 0 0 0 0 0 0 4 11 0 0 3 3 4 0 1 0 9 0 0 26 9 0 6 1 13 0
0 0 28 7 0 0 5 1 0 0 0 3 0 1 0 0 0 0 0 0 0 3 0 0 0 1 2 0 0 6 22 1 2 2 0 9 0 0 0 8 2
0 0 29 3 0 0 8 4 0 0 0 8 0 0 0 0 0 0 0 0 0 3 0 0 0 0 0 0 0 4 25 2 5 3 0 6 0 0 0 2 7
10 0 2 7 0 0 0 0 0 0 0 0 0 0 0 0 0 0 0 0 0 5 11 0 0 3 4 2 0 1 0 10 0 0 23 9 0 5 0 13 0
0 0 38 0 0 0 13 8 1 0 0 14 5 0 0 0 0 0 0 0 0 3 0 1 0 0 0 0 0 4 34 2 8 6 0 4 0 0 0 0 13
0 0 31 5 0 0 7 3 0 0 0 6 0 1 0 0 0 0 0 0 0 3 0 0 0 0 1 0 0 6 26 0 4 3 0 9 0 0 0 6 4
10 0 5 7 0 0 0 0 0 0 0 0 0 0 0 0 0 0 0 0 0 5 11 0 0 4 5 0 0 2 0 9 0 0 24 10 0 6 0 13 0
0 0 27 5 0 0 6 3 0 0 0 5 0 1 0 0 0 0 0 0 0 3 0 0 0 1 1 0 0 5 23 1 4 3 0 7 0 0 0 6 4
11 0 0 5 0 0 0 0 0 0 0 0 0 0 0 0 0 0 0 0 0 3 11 0 0 3 3 4 0 1 0 8 0 0 26 9 0 6 1 13 0
12 0 0 0 0 1 0 0 0 0 0 0 0 0 0 0 0 0 0 0 0 1 14 0 0 1 0 11 0 0 0 8 0 0 33 7 0 7 6 11 0
9 0 10 8 0 0 0 0 0 0 0 0 0 0 0 0 0 0 0 0 0 4 9 0 0 4 5 0 0 3 2 6 0 0 20 10 0 5 0 13 0
0 0 26 5 0 0 5 2 0 0 0 3 0 1 0 0 0 0 0 0 0 4 0 0 0 1 2 0 0 5 21 2 2 2 0 8 0 0 0 7 3
4 0 26 10 0 0 2 0 0 0 0 0 0 1 0 0 0 0 0 0 0 4 0 0 0 2 5 0 0 7 17 1 0 1 8 11 0 3 0 12 0
12 0 0 3 0 0 0 0 0 0 0 0 0 0 0 0 0 0 0 0 0 3 14 0 0 3 2 7 0 0 0 11 0 0 28 8 0 7 3 11 0
10 0 12 9 0 0 0 0 0 0 0 0 0 0 0 0 0 0 0 0 0 5 9 0 0 3 5 0 0 4 3 7 0 0 22 11 0 6 0 15 0
0 0 26 1 0 0 7 5 0 0 0 8 2 0 0 0 0 0 0 0 0 3 0 0 0 0 0 0 0 3 23 2 5 3 0 5 0 0 0 1 7
0 0 21 0 0 7 6 4 1 0 0 16 12 0 1 1 0 0 0 0 0 0 0 0 0 0 0 0 1 0 20 0 10 7 0 0 0 0 0 0 11
12 0 0 0 0 4 0 0 0 0 0 0 0 0 0 0 0 0 0 0 0 0 13 0 0 0 0 13 0 0 0 4 0 0 33 5 0 6 6 9 0
6 0 20 10 0 0 0 0 0 0 0 0 0 1 0 0 0 0 0 0 0 4 5 0 0 3 6 0 0 6 10 3 0 0 15 10 0 4 0 13 0
10 0 0 0 0 18 0 0 0 0 0 0 0 0 1 0 0 1 0 0 0 0 16 0 0 0 0 23 0 0 0 0 0 0 42 1 0 5 11 3 0
8 0 13 8 0 0 0 0 0 0 0 0 0 0 0 0 0 0 0 0 0 4 7 0 0 3 5 0 0 4 6 5 0 0 19 10 0 5 0 13 0
8 0 11 8 0 0 0 0 0 0 0 0 0 0 0 0 0 0 0 0 0 4 8 0 0 3 5 0 0 4 4 6 0 0 19 10 0 5 0 13 0
0 0 28 7 0 0 5 1 0 0 0 2 0 1 0 0 0 0 0 0 0 4 0 0 0 1 2 0 0 6 22 1 2 2 0 9 0 0 0 9 2
2 0 25 6 0 0 4 1 0 0 0 0 0 1 0 0 0 0 0 0 0 4 0 0 0 2 3 0 0 5 19 3 0 0 1 10 0 1 0 10 2
10 0 0 0 0 8 0 0 0 0 0 0 0 0 0 0 0 0 0 0 0 0 11 0 0 0 0 11 0 0 0 0 0 0 32 2 0 4 6 8 0
0 0 30 5 0 0 7 3 0 0 0 6 0 1 0 0 0 0 0 0 0 3 0 0 0 0 1 0 0 5 26 1 4 3 0 8 0 0 0 6 4
12 0 0 4 0 0 0 0 0 0 0 0 0 0 0 0 0 0 0 0 0 4 13 0 0 3 3 5 0 0 0 9 0 0 27 9 0 7 2 13 0
10 0 7 8 0 0 0 0 0 0 0 0 0 0 0 0 0 0 0 0 0 5 10 0 0 4 5 0 0 2 0 8 0 0 24 10 0 6 0 13 0
0 0 39 0 0 0 13 9 1 0 0 16 7 0 0 0 0 0 0 0 0 3 0 1 0 0 0 0 0 3 35 2 10 7 0 2 0 0 0 0 15
12 0 0 2 0 0 0 0 0 0 0 0 0 0 0 0 0 0 0 0 0 1 13 0 0 1 1 9 0 0 0 9 0 0 30 7 0 6 4 11 0
12 0 0 3 0 0 0 0 0 0 0 0 0 0 0 0 0 0 0 0 0 3 13 0 0 2 2 8 0 0 0 10 0 0 29 8 0 6 3 11 0
12 0 0 6 0 0 0 0 0 0 0 0 0 0 0 0 0 0 0 0 0 4 11 0 0 3 4 3 0 1 0 8 0 0 28 10 0 6 2 14 0
0 0 31 4 0 0 8 4 0 0 0 8 0 1 0 0 0 0 0 0 0 3 0 0 0 0 0 0 0 5 27 1 5 4 0 7 0 0 0 3 6
11 0 0 0 0 5 0 0 0 0 0 0 0 0 0 0 0 0 0 0 0 0 13 0 0 0 0 14 0 0 0 4 0 0 34 5 0 6 7 8 0
11 0 0 0 0 3 0 0 0 0 0 0 0 0 0 0 0 0 0 0 0 0 14 0 0 1 0 12 0 0 0 8 0 0 33 6 0 6 7 10 0
12 0 0 0 0 0 0 0 0 0 0 0 0 0 0 0 0 0 0 0 0 0 13 0 0 1 0 11 0 0 0 6 0 0 31 7 0 6 5 11 0
11 0 0 4 0 0 0 0 0 0 0 0 0 0 1 0 0 0 0 0 0 4 14 0 0 3 2 6 0 0 0 11 0 0 27 7 0 6 2 11 0
0 0 30 1 0 0 9 5 1 0 0 10 2 0 0 0 0 0 0 0 0 2 0 0 0 0 0 0 0 4 27 2 6 4 0 4 0 0 0 0 9
2 0 23 6 0 0 3 1 0 0 0 1 0 1 0 0 0 0 0 0 0 3 0 0 0 1 2 0 0 5 17 2 2 1 1 9 0 1 0 8 2
0 0 1 0 0 33 0 0 0 1 0 25 24 0 8 4 1 0 0 0 0 0 0 0 0 0 0 0 5 0 4 0 17 11 0 0 0 0 0 0 7
10 0 0 0 0 16 0 0 0 0 0 0 0 0 1 0 0 0 0 0 0 0 15 0 0 0 0 21 0 0 0 0 0 0 40 1 0 5 10 4 0
0 0 0 0 0 24 0 0 0 0 0 17 15 0 5 3 1 0 0 0 0 0 0 0 0 0 0 0 3 0 1 0 11 8 0 0 0 0 0 0 3
6 0 21 9 0 0 1 0 0 0 0 0 0 1 0 0 0 0 0 0 0 5 4 0 0 3 5 0 0 6 13 3 0 0 12 11 0 4 0 12 0
10 0 0 0 0 12 0 0 0 0 0 0 0 0 0 0 0 0 0 0 0 0 13 0 0 0 0 17 0 0 0 0 0 0 37 1 0 5 8 6 0
10 0 9 8 0 0 0 0 0 0 0 0 0 0 0 0 0 0 0 0 0 5 10 0 0 4 5 0 0 3 0 8 0 0 23 10 0 6 0 14 0
13 0 0 2 0 0 0 0 0 0 0 0 0 0 0 0 0 0 0 0 0 1 13 0 0 2 2 9 0 0 0 8 0 0 30 8 0 7 3 12 0
10 0 6 7 0 0 0 0 0 0 0 0 0 0 0 0 0 0 0 0 0 4 9 0 0 3 4 0 0 2 0 7 0 0 23 9 0 6 0 13 0
12 0 0 5 0 0 0 0 0 0 0 0 0 0 0 0 0 0 0 0 0 4 12 0 0 3 3 4 0 1 0 9 0 0 27 10 0 6 1 14 0
0 0 38 0 0 0 14 9 2 0 0 20 11 0 0 1 0 0 0 0 0 1 0 1 0 0 0 0 0 1 36 2 12 9 0 0 0 0 0 0 18
11 0 0 0 0 7 0 0 0 0 0 0 0 0 0 0 0 0 0 0 0 0 14 0 0 0 0 16 0 0 0 3 0 0 36 4 0 5 8 7 0
6 0 19 8 0 0 1 0 0 0 0 0 0 0 0 0 0 0 0 0 0 4 4 0 0 3 4 0 0 5 11 3 0 0 13 10 0 4 0 12 0
7 0 14 9 0 0 0 0 0 0 0 0 0 0 0 0 0 0 0 0 0 5 7 0 0 4 6 0 0 4 5 5 0 0 17 10 0 5 0 12 0
3 0 0 0 0 15 0 0 0 0 0 0 1 0 1 0 0 0 0 0 0 0 3 0 0 0 0 9 0 0 0 0 1 0 16 0 0 1 5 0 0
12 0 0 0 0 3 0 0 0 0 0 0 0 0 0 0 0 0 0 0 0 0 13 0 0 0 0 12 0 0 0 4 0 0 34 6 0 6 5 11 0
0 0 0 0 0 15 0 0 0 0 0 4 4 0 2 0 0 0 0 0 0 0 0 0 0 0 0 6 0 0 0 0 4 2 6 0 0 0 4 0 0
12 0 0 5 0 0 0 0 0 0 0 0 0 0 0 0 0 0 0 0 0 4 13 0 0 3 3 5 0 0 0 10 0 0 27 9 0 6 1 13 0
0 0 43 0 0 7 15 11 2 0 0 29 22 0 0 1 0 0 0 0 0 0 0 2 0 0 0 0 1 0 42 0 18 13 0 0 0 0 0 0 26
7 0 17 9 0 0 0 0 0 0 0 0 0 1 0 0 0 0 0 0 0 5 6 0 0 3 5 0 0 5 8 4 0 0 16 10 0 5 0 13 0
9 0 0 0 0 13 0 0 0 0 0 0 0 0 0 0 0 1 0 0 0 0 11 0 0 0 0 16 0 0 0 0 0 0 34 0 0 4 8 6 0
0 0 28 5 0 0 7 3 0 0 0 5 0 1 0 0 0 0 0 0 0 3 0 0 0 0 1 0 0 5 24 1 4 3 0 7 0 0 0 5 4
10 0 0 0 0 9 0 0 0 0 0 0 0 0 0 0 0 0 0 0 0 0 15 0 0 0 0 17 0 0 0 2 0 0 37 4 0 5 9 6 0
7 0 0 0 0 5 0 0 0 0 0 0 0 0 0 0 0 0 0 0 0 0 7 0 0 0 0 8 0 0 0 1 0 0 22 2 0 3 2 6 0
11 0 0 1 0 1 0 0 0 0 0 0 0 0 0 0 0 0 0 0 0 2 15 0 0 2 1 10 0 0 0 10 0 0 31 7 0 6 5 10 0
9 0 5 7 0 0 0 0 0 0 0 0 0 0 0 0 0 0 0 0 0 5 10 0 0 4 5 0 0 2 0 10 0 0 22 10 0 5 1 13 0
7 0 18 9 0 0 1 0 0 0 0 0 0 0 0 0 0 0 0 0 0 5 6 0 0 3 5 0 0 5 9 4 0 0 16 11 0 5 0 13 0
10 0 8 8 0 0 0 0 0 0 0 0 0 0 0 0 0 0 0 0 0 5 10 0 0 4 5 0 0 3 0 7 0 0 23 10 0 6 0 13 0
0 0 7 0 0 19 0 1 0 0 0 17 15 0 4 2 0 0 0 0 0 0 0 0 0 0 0 0 2 0 9 0 11 8 0 0 0 0 0 0 7
10 0 6 6 0 0 0 0 0 0 0 0 0 0 0 0 0 0 0 0 0 4 9 0 0 2 4 0 0 3 0 7 0 0 22 9 0 5 1 13 0
10 0 9 8 0 0 0 0 0 0 0 0 0 0 0 0 0 0 0 0 0 5 10 0 0 4 5 0 0 3 1 7 0 0 23 11 0 6 0 14 0
7 0 3 3 0 0 0 0 0 0 0 0 0 0 0 0 0 0 0 0 0 1 5 0 0 1 2 2 0 1 0 3 0 0 18 7 0 4 1 11 0
0 0 31 5 0 0 7 3 0 0 0 6 0 1 0 0 0 0 0 0 0 3 0 0 0 0 1 0 0 5 27 1 4 3 0 8 0 0 0 5 5
0 0 24 0 0 5 7 6 1 0 0 17 11 0 0 1 0 0 0 0 0 0 0 0 0 0 0 0 1 0 23 0 10 7 0 0 0 0 0 0 12
11 0 0 0 0 9 0 0 0 0 0 0 0 0 1 0 0 0 0 0 0 0 16 0 0 0 0 17 0 0 0 4 0 0 38 4 0 6 9 7 0
0 0 19 0 0 2 5 4 0 0 0 12 7 0 0 1 0 0 0 0 0 0 0 0 0 0 0 0 0 0 18 1 7 5 0 0 0 0 0 0 8
0 0 33 0 0 0 11 7 2 0 0 14 7 0 0 0 0 0 0 0 0 2 0 1 0 0 0 0 0 2 30 3 8 6 0 1 0 0 0 0 14
11 0 0 0 0 3 0 0 0 0 0 0 0 0 0 0 0 0 0 0 0 0 10 0 0 0 0 11 0 0 0 4 0 0 30 5 0 5 5 10 0
11 0 0 3 0 0 0 0 0 0 0 0 0 0 1 0 0 0 0 0 0 4 15 0 0 3 2 7 0 0 0 13 0 0 30 7 0 6 4 12 0
7 0 11 6 0 0 0 0 0 0 0 0 0 0 0 0 0 0 0 0 0 3 5 0 0 2 3 0 0 3 5 4 0 0 15 8 0 4 0 10 0
0 0 44 0 0 0 17 11 2 0 0 21 9 0 0 0 0 0 0 0 0 2 0 1 0 0 0 0 0 3 42 2 12 9 0 1 0 0 0 0 19
0 0 18 2 0 0 4 2 0 0 0 5 0 0 0 0 0 0 0 0 0 2 0 0 0 0 1 0 0 2 16 2 3 2 0 4 0 0 0 3 4
0 0 28 6 0 0 5 2 0 0 0 2 0 1 0 0 0 0 0 0 0 4 0 0 0 1 2 0 0 6 21 1 2 2 0 9 0 0 0 8 2
0 0 29 0 0 0 9 6 1 0 0 11 4 0 0 0 0 0 0 0 0 2 0 0 0 0 0 0 0 3 27 2 7 5 0 3 0 0 0 0 10
12 0 0 0 0 3 0 0 0 0 0 0 0 0 0 0 0 0 0 0 0 0 13 0 0 0 0 13 0 0 0 5 0 0 34 6 0 6 6 10 0
5 0 22 8 0 0 2 0 0 0 0 0 0 1 0 0 0 0 0 0 0 4 2 0 0 2 4 0 0 5 14 2 0 0 10 11 0 3 0 12 0
0 0 23 0 0 3 6 5 0 0 0 14 9 0 0 1 0 0 0 0 0 1 0 0 0 0 0 0 0 0 21 1 8 6 0 0 0 0 0 0 10
0 0 35 0 0 0 12 8 1 0 0 14 4 0 0 0 0 0 0 0 0 2 0 1 0 0 0 0 0 3 33 2 8 6 0 3 0 0 1 0 13
9 0 11 9 0 0 0 0 0 0 0 0 0 0 0 0 0 0 0 0 0 6 10 0 0 4 6 0 0 4 2 8 0 0 23 11 0 6 0 14 0
11 0 0 0 0 3 0 0 0 0 0 0 0 0 0 0 0 0 0 0 0 0 13 0 0 0 0 13 0 0 0 6 0 0 34 6 0 5 6 10 0
11 0 0 0 0 5 0 0 0 0 0 0 0 0 0 0 0 0 0 0 0 0 13 0 0 0 0 13 0 0 0 5 0 0 33 5 0 6 7 9 0
10 0 0 0 0 11 0 0 0 0 0 0 0 0 0 0 0 0 0 0 0 0 12 0 0 0 0 16 0 0 0 0 0 0 35 2 0 5 8 6 0
13 0 0 2 0 0 0 0 0 0 0 0 0 0 0 0 0 0 0 0 0 1 14 0 0 2 1 10 0 0 0 7 0 0 33 8 0 7 3 12 0
11 0 3 6 0 0 0 0 0 0 0 0 0 0 0 0 0 0 0 0 0 4 10 0 0 3 4 2 0 2 0 8 0 0 25 9 0 6 0 14 0
0 0 28 0 0 1 9 7 1 0 0 17 10 0 0 1 0 0 0 0 0 1 0 1 0 0 0 0 0 0 26 1 10 7 0 0 0 0 0 0 13
2 0 24 7 0 0 3 0 0 0 0 0 0 1 0 0 0 0 0 0 0 4 0 0 0 1 3 0 0 5 17 2 1 1 4 9 0 2 0 10 1
1 0 25 7 0 0 4 1 0 0 0 1 0 1 0 0 0 0 0 0 0 4 0 0 0 1 3 0 0 5 19 1 1 1 1 9 0 0 0 9 2
0 0 29 2 0 0 8 5 0 0 0 8 1 0 0 0 0 0 0 0 0 3 0 0 0 0 0 0 0 4 26 2 5 4 0 6 0 0 0 2 7
7 0 5 4 0 0 0 0 0 0 0 0 0 0 0 0 0 0 0 0 0 2 5 0 0 1 2 1 0 2 1 4 0 0 17 7 0 4 0 11 0
11 0 0 5 0 0 0 0 0 0 0 0 0 0 0 0 0 0 0 0 0 1 11 0 0 2 3 5 0 0 0 6 0 0 28 8 0 6 2 13 0
10 0 0 0 0 15 0 0 0 0 0 0 0 0 0 0 0 0 0 0 0 0 14 0 0 0 0 20 0 0 0 0 0 0 39 1 0 5 10 4 0
6 0 19 9 0 0 1 0 0 0 0 0 0 1 0 0 0 0 0 0 0 4 4 0 0 3 5 0 0 5 11 3 0 0 14 10 0 4 0 12 0
0 0 29 0 0 6 9 7 1 0 0 20 14 0 0 1 0 0 0 0 0 0 0 1 0 0 0 0 1 0 28 0 12 9 0 0 0 0 0 0 16
10 0 0 0 0 12 0 0 0 0 0 0 0 0 0 0 0 0 0 0 0 0 12 0 0 0 0 17 0 0 0 0 0 0 37 2 0 5 9 5 0
0 0 24 6 0 0 4 1 0 0 0 2 0 0 0 0 0 0 0 0 0 4 0 0 0 1 2 0 0 5 18 3 2 1 0 8 0 1 0 8 2
0 0 20 0 0 16 4 4 0 0 0 21 19 0 3 2 0 0 0 0 0 0 0 0 0 0 0 0 3 0 20 0 13 10 0 0 0 0 0 0 13
12 0 0 4 0 0 0 0 0 0 0 0 0 0 0 0 0 0 0 0 0 4 13 0 0 3 3 6 0 0 0 10 0 0 29 9 0 6 2 12 0
12 0 0 5 0 0 0 0 0 0 0 0 0 0 0 0 0 0 0 0 0 3 14 0 0 2 3 6 0 0 0 11 0 0 29 8 0 6 1 13 0
12 0 0 2 0 0 0 0 0 0 0 0 0 0 0 0 0 0 0 0 0 2 14 0 0 1 1 8 0 0 0 9 0 0 30 8 0 7 4 13 0
11 0 2 6 0 0 0 0 0 0 0 0 0 0 0 0 0 0 0 0 0 4 11 0 0 3 4 2 0 1 0 9 0 0 25 10 0 6 1 14 0
10 0 11 8 0 0 0 0 0 0 0 0 0 0 0 0 0 0 0 0 0 4 8 0 0 4 5 0 0 3 3 5 0 0 21 11 0 6 0 14 0
11 0 0 4 0 0 0 0 0 0 0 0 0 0 1 0 0 0 0 0 0 4 13 0 0 3 3 5 0 0 0 11 0 0 26 8 0 6 2 12 0
11 0 0 0 0 4 0 0 0 0 0 0 0 0 0 0 0 0 0 0 0 0 13 0 0 0 0 13 0 0 0 5 0 0 33 6 0 5 7 9 0
12 0 2 6 0 0 0 0 0 0 0 0 0 0 0 0 0 0 0 0 0 4 11 0 0 3 4 2 0 1 0 8 0 0 26 10 0 6 1 15 0
0 0 26 5 0 0 5 2 0 0 0 5 0 1 0 0 0 0 0 0 0 3 0 0 0 0 2 0 0 5 21 1 3 3 0 7 0 0 0 6 3
10 0 0 1 0 1 0 0 0 0 0 0 0 0 0 0 0 0 0 0 0 0 10 0 0 1 1 8 0 0 0 4 0 0 29 6 0 5 4 10 0
7 0 12 6 0 0 0 0 0 0 0 0 0 0 0 0 0 0 0 0 0 4 6 0 0 2 3 0 0 3 6 5 0 0 17 9 0 4 0 12 0
0 0 24 0 0 10 6 5 0 0 0 19 15 0 1 1 0 0 0 0 0 0 0 0 0 0 0 0 2 0 23 0 12 9 0 0 0 0 0 0 14
12 0 0 2 0 0 0 0 0 0 0 0 0 0 0 0 0 0 0 0 0 1 14 0 0 2 1 9 0 0 0 9 0 0 30 7 0 7 4 11 0
0 0 37 0 0 0 13 8 1 0 0 17 8 0 0 0 0 0 0 0 0 2 0 1 0 0 0 0 0 2 34 2 10 8 0 1 0 0 0 0 15
11 0 0 5 0 0 0 0 0 0 0 0 0 0 0 0 0 0 0 0 0 3 11 0 0 3 3 3 0 0 0 7 0 0 26 10 0 6 2 14 0
12 0 0 0 0 1 0 0 0 0 0 0 0 0 0 0 0 0 0 0 0 0 13 0 0 1 0 11 0 0 0 6 0 0 32 7 0 6 5 11 0
0 0 29 0 0 3 9 7 1 0 0 18 12 0 0 1 0 0 0 0 0 0 0 1 0 0 0 0 0 0 27 0 11 8 0 0 0 0 0 0 15
0 0 25 0 0 0 8 6 1 0 0 13 7 0 0 0 0 0 0 0 0 1 0 0 0 0 0 0 0 1 23 2 7 5 0 0 0 0 0 0 11
11 0 1 7 0 0 0 0 0 0 0 0 0 0 0 0 0 0 0 0 0 5 12 0 0 4 5 2 0 1 0 10 0 0 26 9 0 7 1 14 0
11 0 0 0 0 4 0 0 0 0 0 0 0 0 0 0 0 0 0 0 0 0 13 0 0 0 0 13 0 0 0 5 0 0 33 5 0 6 6 9 0
0 0 36 0 0 0 13 9 1 0 0 20 12 0 0 0 0 0 0 0 0 1 0 1 0 0 0 0 0 1 34 2 11 8 0 0 0 0 0 0 18
11 0 0 6 0 0 0 0 0 0 0 0 0 0 0 0 0 0 0 0 0 4 11 0 0 3 4 3 0 1 0 9 0 0 26 9 0 6 1 14 0
7 0 16 9 0 0 0 0 0 0 0 0 0 0 0 0 0 0 0 0 0 5 7 0 0 4 5 0 0 5 6 5 0 0 17 10 0 5 0 13 0
9 0 8 7 0 0 0 0 0 0 0 0 0 0 0 0 0 0 0 0 0 5 9 0 0 3 4 0 0 3 1 7 0 0 21 10 0 5 0 13 0
10 0 0 0 0 17 0 0 0 0 0 0 0 0 1 0 0 0 0 0 0 0 15 0 0 0 0 22 0 0 0 0 0 0 41 1 0 6 11 4 0
11 0 0 3 0 0 0 0 0 0 0 0 0 0 0 0 0 0 0 0 0 3 13 0 0 3 2 7 0 0 0 11 0 0 28 8 0 7 4 11 0
0 0 0 0 0 17 0 0 0 0 0 10 9 0 3 1 0 0 0 0 0 0 0 0 0 0 0 2 1 0 0 0 6 5 0 0 0 0 1 0 0
12 0 0 3 0 0 0 0 0 0 0 0 0 0 0 0 0 0 0 0 0 3 13 0 0 3 2 7 0 0 0 10 0 0 28 8 0 7 2 11 0
11 0 0 6 0 0 0 0 0 0 0 0 0 0 0 0 0 0 0 0 0 5 12 0 0 4 4 2 0 0 0 11 0 0 24 9 0 6 1 13 0
9 0 9 7 0 0 0 0 0 0 0 0 0 0 0 0 0 0 0 0 0 4 7 0 0 3 4 0 0 3 3 5 0 0 20 10 0 5 0 13 0
1 0 27 8 0 0 4 1 0 0 0 0 0 1 0 0 0 0 0 0 0 4 0 0 0 1 3 0 0 6 20 1 1 1 0 10 0 1 0 9 1
0 0 29 0 0 0 10 7 1 0 0 14 7 0 0 0 0 0 0 0 0 1 0 1 0 0 0 0 0 1 27 3 8 6 0 0 0 0 0 0 13
12 0 0 2 0 0 0 0 0 0 0 0 0 0 0 0 0 0 0 0 0 1 13 0 0 2 2 8 0 0 0 8 0 0 30 8 0 7 3 12 0
0 0 35 0 0 0 12 8 1 0 0 15 6 0 0 0 0 0 0 0 0 2 0 1 0 0 0 0 0 2 32 2 9 6 0 2 0 0 0 0 14
0 0 28 5 0 0 6 3 0 0 0 4 0 1 0 0 0 0 0 0 0 3 0 0 0 0 1 0 0 5 24 1 3 2 0 8 0 0 0 6 4
11 0 1 6 0 0 0 0 0 0 0 0 0 0 0 0 0 0 0 0 0 4 11 0 0 3 4 2 0 1 0 10 0 0 24 10 0 5 1 14 0
6 0 21 10 0 0 0 0 0 0 0 0 0 1 0 0 0 0 0 0 0 4 4 0 0 3 6 0 0 6 11 2 0 0 15 11 0 4 0 14 0
0 0 25 5 0 0 5 2 0 0 0 4 0 1 0 0 0 0 0 0 0 3 0 0 0 0 2 0 0 5 21 1 3 2 0 7 0 0 0 7 3
11 0 0 3 0 0 0 0 0 0 0 0 0 0 1 0 0 0 0 0 0 4 15 0 0 3 2 7 0 0 0 13 0 0 28 8 0 6 3 11 0
0 0 33 0 0 0 11 8 1 0 0 16 9 0 0 0 0 0 0 0 0 1 0 1 0 0 0 0 0 1 31 2 9 7 0 0 0 0 0 0 15
1 0 0 0 0 16 0 0 0 0 0 0 2 0 2 0 0 0 0 0 0 0 3 0 0 0 0 10 0 0 0 0 1 0 15 0 0 0 5 0 0
0 0 34 3 0 0 9 5 1 0 0 9 0 0 0 0 0 0 0 0 0 3 0 0 0 0 0 0 0 5 30 1 6 4 0 7 0 0 0 2 7
0 0 21 1 0 0 6 3 0 0 0 7 2 0 0 0 0 0 0 0 0 1 0 0 0 0 0 0 0 2 19 2 4 3 0 3 0 0 0 0 6
0 0 34 0 0 12 10 9 1 0 0 27 22 0 0 2 0 0 0 0 0 0 0 1 0 0 0 0 2 0 33 0 17 12 0 0 0 0 0 0 21
10 0 6 7 0 0 0 0 0 0 0 0 0 0 0 0 0 0 0 0 0 4 10 0 0 3 4 1 0 2 0 9 0 0 23 10 0 6 0 14 0
1 0 25 6 0 0 5 1 0 0 0 2 0 1 0 0 0 0 0 0 0 3 0 0 0 1 2 0 0 5 19 2 2 2 0 9 0 0 0 9 2
9 0 13 8 0 0 0 0 0 0 0 0 0 0 0 0 0 0 0 0 0 5 8 0 0 4 6 0 0 4 4 7 0 0 19 11 0 5 0 13 0
10 0 0 0 0 7 0 0 0 0 0 0 0 0 0 0 0 0 0 0 0 0 13 0 0 0 0 15 0 0 0 2 0 0 34 4 0 5 7 7 0
11 0 0 0 0 6 0 0 0 0 0 0 0 0 0 0 0 0 0 0 0 0 13 0 0 0 0 15 0 0 0 2 0 0 35 4 0 6 7 8 0
0 0 26 3 0 0 6 3 0 0 0 7 0 0 0 0 0 0 0 0 0 2 0 0 0 0 0 0 0 4 22 1 5 4 0 5 0 0 0 3 5
0 0 27 5 0 0 6 3 0 0 0 4 0 1 0 0 0 0 0 0 0 3 0 0 0 0 1 0 0 5 22 1 3 2 0 8 0 0 0 6 3
0 0 0 0 0 11 0 0 0 0 0 4 4 0 2 0 0 0 0 0 0 0 0 0 0 0 0 3 1 0 0 0 4 2 2 0 0 0 2 0 0
8 0 0 0 0 30 0 0 0 1 0 0 0 0 2 0 0 3 0 0 0 0 15 0 0 0 0 28 0 0 0 0 1 0 45 0 0 5 11 0 0
10 0 1 6 0 0 0 0 0 0 0 0 0 0 0 0 0 0 0 0 0 5 11 0 0 4 4 2 0 0 0 10 0 0 23 9 0 6 1 13 0
5 0 19 7 0 0 1 0 0 0 0 0 0 1 0 0 0 0 0 0 0 4 3 0 0 2 4 0 0 5 12 2 0 0 11 10 0 3 0 11 0
0 0 20 0 0 0 5 4 0 0 0 9 4 0 0 0 0 0 0 0 0 1 0 0 0 0 0 0 0 2 18 1 5 4 0 0 0 0 0 0 6
11 0 0 0 0 4 0 0 0 0 0 0 0 0 0 0 0 0 0 0 0 0 12 0 0 0 0 11 0 0 0 4 0 0 31 5 0 5 4 9 0
5 0 22 9 0 0 1 0 0 0 0 0 0 1 0 0 0 0 0 0 0 4 3 0 0 3 5 0 0 6 14 2 0 0 12 10 0 3 0 12 0
0 0 18 0 0 5 5 4 0 0 0 14 9 0 0 1 0 0 0 0 0 0 0 0 0 0 0 0 0 0 18 0 8 6 0 0 0 0 0 0 9
11 0 0 4 0 0 0 0 0 0 0 0 0 0 0 0 0 0 0 0 0 2 10 0 0 2 2 6 0 0 0 6 0 0 27 8 0 6 1 12 0
9 0 0 0 0 17 0 0 0 0 0 0 0 0 1 0 0 1 0 0 0 0 13 0 0 0 0 20 0 0 0 0 0 0 38 0 0 5 9 3 0
12 0 0 2 0 0 0 0 0 0 0 0 0 0 0 0 0 0 0 0 0 3 14 0 0 2 2 8 0 0 0 11 0 0 29 8 0 6 4 11 0
0 0 48 0 0 0 19 12 2 1 0 25 13 0 0 0 0 0 0 0 0 2 0 2 0 0 0 0 0 2 46 1 14 11 0 0 0 0 0 0 23
0 0 25 5 0 0 4 2 0 0 0 2 0 1 0 0 0 0 0 0 0 3 0 0 0 1 2 0 0 5 19 1 2 2 0 8 0 0 0 8 3
2 0 24 7 0 0 4 0 0 0 0 1 0 1 0 0 0 0 0 0 0 3 0 0 0 1 3 0 0 5 18 1 2 2 2 9 0 1 0 9 0
0 0 24 4 0 0 5 2 0 0 0 5 0 0 0 0 0 0 0 0 0 3 0 0 0 0 1 0 0 4 19 2 4 2 0 7 0 0 0 5 4
7 0 19 9 0 0 1 0 0 0 0 0 0 1 0 0 0 0 0 0 0 5 5 0 0 3 5 0 0 5 10 3 0 0 15 11 0 5 0 13 0
2 0 20 6 0 0 3 0 0 0 0 0 0 1 0 0 0 0 0 0 0 3 0 0 0 1 3 0 0 4 15 2 1 1 4 8 0 2 0 9 1
10 0 0 0 0 12 0 0 0 0 0 0 0 0 0 0 0 0 0 0 0 0 15 0 0 0 0 20 0 0 0 0 0 0 39 2 0 6 9 6 0
0 0 33 0 0 0 10 6 1 0 0 11 2 0 0 0 0 0 0 0 0 3 0 0 0 0 0 0 0 4 30 2 7 5 0 5 0 0 0 0 10
0 0 24 0 0 0 6 4 0 0 0 9 3 0 0 0 0 0 0 0 0 2 0 0 0 0 0 0 0 3 21 2 5 4 0 2 0 0 0 0 7
0 0 0 0 0 18 0 0 0 0 0 8 8 0 3 0 0 0 0 0 0 0 0 0 0 0 0 4 1 0 0 0 6 4 0 0 0 0 2 0 0
10 0 2 6 0 0 0 0 0 0 0 0 0 0 0 0 0 0 0 0 0 5 11 0 0 4 4 2 0 1 0 11 0 0 24 10 0 6 1 12 0
10 0 0 1 0 0 0 0 0 0 0 0 0 0 0 0 0 0 0 0 0 2 13 0 0 2 1 8 0 0 0 9 0 0 29 7 0 6 5 10 0
11 0 0 4 0 0 0 0 0 0 0 0 0 0 0 0 0 0 0 0 0 2 11 0 0 2 2 4 0 0 0 7 0 0 27 9 0 6 3 13 0
9 0 0 0 0 13 0 0 0 0 0 0 0 0 0 0 0 0 0 0 0 0 13 0 0 0 0 18 0 0 0 0 0 0 36 1 0 5 9 5 0
12 0 0 6 0 0 0 0 0 0 0 0 0 0 0 0 0 0 0 0 0 4 13 0 0 3 3 4 0 0 0 10 0 0 27 9 0 7 1 13 0
7 0 13 6 0 0 0 0 0 0 0 0 0 0 0 0 0 0 0 0 0 4 5 0 0 2 3 0 0 3 7 5 0 0 14 9 0 4 0 12 0
0 0 30 0 0 0 9 6 1 0 0 11 3 0 0 0 0 0 0 0 0 3 0 0 0 0 0 0 0 3 27 2 6 5 0 4 0 0 0 0 10
3 0 18 5 0 0 2 1 0 0 0 0 0 0 0 0 0 0 0 0 0 3 2 0 0 1 3 0 0 4 11 2 0 0 8 8 0 3 0 9 1
0 0 37 0 0 0 13 9 1 0 0 17 8 0 0 0 0 0 0 0 0 1 0 1 0 0 0 0 0 3 34 2 10 7 0 0 0 0 0 0 15
9 0 9 7 0 0 0 0 0 0 0 0 0 0 0 0 0 0 0 0 0 4 9 0 0 3 4 0 0 3 1 6 0 0 21 10 0 5 0 14 0
9 0 8 7 0 0 0 0 0 0 0 0 0 0 0 0 0 0 0 0 0 4 9 0 0 3 4 0 0 3 1 6 0 0 21 10 0 5 0 13 0
10 0 0 0 0 8 0 0 0 0 0 0 0 0 0 0 0 0 0 0 0 0 11 0 0 0 0 14 0 0 0 1 0 0 34 3 0 5 7 8 0
12 0 0 4 0 0 0 0 0 0 0 0 0 0 0 0 0 0 0 0 0 3 14 0 0 2 2 7 0 0 0 10 0 0 29 8 0 7 2 12 0
7 0 14 7 0 0 0 0 0 0 0 0 0 0 0 0 0 0 0 0 0 4 5 0 0 3 4 0 0 4 6 5 0 0 15 10 0 4 0 12 0
10 0 0 0 0 6 0 0 0 0 0 0 0 0 0 0 0 0 0 0 0 0 11 0 0 0 0 10 0 0 0 1 0 0 30 2 0 5 4 8 0
9 0 9 8 0 0 0 0 0 0 0 0 0 0 0 0 0 0 0 0 0 5 9 0 0 4 5 0 0 3 1 8 0 0 21 10 0 6 0 13 0
1 0 0 0 0 8 0 0 0 0 0 1 1 0 0 0 0 0 0 0 0 0 1 0 0 0 0 5 0 0 0 0 1 1 8 0 0 0 2 1 0
11 0 0 4 0 0 0 0 0 0 0 0 0 0 1 0 0 0 0 0 0 5 14 0 0 3 3 5 0 0 0 12 0 0 28 8 0 6 2 12 0
0 0 30 4 0 0 7 4 0 0 0 6 0 1 0 0 0 0 0 0 0 3 0 0 0 0 1 0 0 5 26 0 4 3 0 8 0 0 0 5 4
9 0 0 0 0 14 0 0 0 0 0 0 0 0 1 0 0 0 0 0 0 0 13 0 0 0 0 18 0 0 0 0 0 0 36 0 0 5 9 4 0
12 0 0 2 0 0 0 0 0 0 0 0 0 0 0 0 0 0 0 0 0 2 14 0 0 2 2 7 0 0 0 9 0 0 29 8 0 7 4 12 0
11 0 0 0 0 1 0 0 0 0 0 0 0 0 0 0 0 0 0 0 0 1 14 0 0 2 0 10 0 0 0 9 0 0 31 7 0 6 5 10 0
0 0 20 0 0 0 6 4 1 0 0 11 6 0 0 1 0 0 0 0 0 1 0 0 0 0 0 0 0 1 19 1 7 5 0 0 0 0 0 0 9
10 0 8 7 0 0 0 0 0 0 0 0 0 0 0 0 0 0 0 0 0 4 9 0 0 3 4 0 0 3 1 6 0 0 23 10 0 5 0 14 0
11 0 0 6 0 0 0 0 0 0 0 0 0 0 0 0 0 0 0 0 0 5 12 0 0 4 4 2 0 1 0 11 0 0 25 10 0 6 1 14 0
13 0 0 3 0 0 0 0 0 0 0 0 0 0 0 0 0 0 0 0 0 3 14 0 0 2 2 8 0 0 0 10 0 0 31 8 0 7 3 12 0
0 0 28 6 0 0 6 3 0 0 0 5 0 1 0 0 0 0 0 0 0 3 0 0 0 0 1 0 0 5 24 1 4 3 0 8 0 0 0 6 3
0 0 32 0 0 0 10 7 1 0 0 11 4 0 0 0 0 0 0 0 0 3 0 1 0 0 0 0 0 3 28 2 7 4 0 4 0 0 0 0 11
11 0 0 2 0 0 0 0 0 0 0 0 0 0 1 0 0 0 0 0 0 3 15 0 0 3 1 8 0 0 0 11 0 0 29 7 0 6 4 10 0
0 0 33 0 0 0 10 6 1 0 0 12 4 0 0 0 0 0 0 0 0 3 0 0 0 0 0 0 0 3 30 2 7 5 0 4 0 0 0 0 11
12 0 0 0 0 3 0 0 0 0 0 0 0 0 0 0 0 0 0 0 0 0 14 0 0 0 0 13 0 0 0 5 0 0 35 6 0 6 6 10 0
0 0 38 0 0 0 13 8 1 0 0 13 3 0 0 0 0 0 0 0 0 3 0 1 0 0 0 0 0 4 34 2 8 6 0 5 0 0 0 0 12
0 0 35 1 0 0 10 6 1 0 0 12 3 0 0 0 0 0 0 0 0 3 0 0 0 0 0 0 0 4 31 1 7 5 0 5 0 0 0 0 10
7 0 0 0 0 7 0 0 0 0 0 0 0 0 0 0 0 0 0 0 0 0 6 0 0 0 0 9 0 0 0 0 0 0 21 1 0 3 3 4 0
4 0 21 8 0 0 2 0 0 0 0 0 0 0 0 0 0 0 0 0 0 4 2 0 0 2 4 0 0 5 13 2 0 0 8 10 0 3 0 10 0
11 0 0 4 0 0 0 0 0 0 0 0 0 0 0 0 0 0 0 0 0 3 12 0 0 3 3 5 0 0 0 10 0 0 26 8 0 6 1 12 0
0 0 38 0 0 0 13 9 2 0 0 17 8 0 0 0 0 0 0 0 0 2 0 1 0 0 0 0 0 2 35 2 10 7 0 0 0 0 0 0 16
11 0 0 2 0 0 0 0 0 0 0 0 0 0 0 0 0 0 0 0 0 2 14 0 0 2 1 8 0 0 0 10 0 0 29 7 0 6 4 11 0
9 0 7 7 0 0 0 0 0 0 0 0 0 0 0 0 0 0 0 0 0 4 8 0 0 3 4 0 0 2 1 7 0 0 22 10 0 6 0 13 0
6 0 11 5 0 0 0 0 0 0 0 0 0 0 0 0 0 0 0 0 0 3 4 0 0 2 2 0 0 3 6 5 0 0 14 9 0 3 0 10 0
11 0 2 6 0 0 0 0 0 0 0 0 0 0 0 0 0 0 0 0 0 4 10 0 0 3 4 2 0 2 0 7 0 0 26 9 0 6 1 14 0
0 0 40 0 0 0 15 10 2 0 0 21 11 0 0 0 0 0 0 0 0 1 0 1 0 0 0 0 0 1 38 2 12 9 0 0 0 0 0 0 19
11 0 0 0 0 7 0 0 0 0 0 0 0 0 0 0 0 0 0 0 0 0 13 0 0 0 0 15 0 0 0 1 0 0 34 4 0 5 6 8 0
4 0 0 0 0 16 0 0 0 0 0 0 0 0 1 0 0 0 0 0 0 0 5 0 0 0 0 11 0 0 0 0 0 0 20 0 0 1 5 1 0
0 0 28 4 0 0 7 4 0 0 0 5 0 1 0 0 0 0 0 0 0 3 0 0 0 0 1 0 0 4 24 1 4 3 0 8 0 0 0 4 5
12 0 0 0 0 6 0 0 0 0 0 0 0 0 0 0 0 0 0 0 0 0 13 0 0 0 0 15 0 0 0 1 0 0 35 4 0 5 7 9 0
0 0 0 0 0 25 0 0 0 1 0 12 11 0 5 2 0 0 0 0 0 0 0 0 0 0 0 4 2 0 0 0 8 5 0 0 0 0 1 0 0
11 0 0 1 0 1 0 0 0 0 0 0 0 0 0 0 0 0 0 0 0 0 12 0 0 1 1 10 0 0 0 5 0 0 31 6 0 5 3 10 0
12 0 0 2 0 0 0 0 0 0 0 0 0 0 0 0 0 0 0 0 0 3 14 0 0 2 1 8 0 0 0 10 0 0 29 8 0 7 4 11 0
0 0 22 0 0 0 6 4 0 0 0 9 4 0 0 0 0 0 0 0 0 2 0 0 0 0 0 0 0 2 19 3 5 4 0 1 0 0 0 0 8
12 0 0 0 0 2 0 0 0 0 0 0 0 0 0 0 0 0 0 0 0 0 13 0 0 1 0 12 0 0 0 5 0 0 33 6 0 6 6 10 0
0 0 29 5 0 0 6 3 0 0 0 5 0 1 0 0 0 0 0 0 0 3 0 0 0 0 1 0 0 5 25 1 4 2 0 9 0 0 0 6 4
5 0 21 9 0 0 1 0 0 0 0 0 0 1 0 0 0 0 0 0 0 4 2 0 0 2 5 0 0 6 13 3 0 0 10 10 0 3 0 12 0
0 0 27 4 0 0 6 3 0 0 0 6 0 1 0 0 0 0 0 0 0 3 0 0 0 0 1 0 0 4 22 2 4 3 0 7 0 0 0 4 5
