34 0 0 32 0 0 0 0 0 0 0 0 0 0 0 0 0 0 0 0 0 0 0 0 0 0 2 41 11 0 0 75 0 35 4 0 0 0 8 0 0
4 0 11 1 0 0 0 0 0 0 0 0 0 0 0 0 0 0 0 0 0 0 7 0 0 0 1 6 0 0 0 31 0 3 8 35 0 0 0 12 0
0 40 16 0 0 0 0 0 0 0 0 0 0 0 0 0 0 0 0 0 0 0 0 0 0 31 0 0 0 0 0 0 0 0 41 38 0 0 0 57 12
0 27 15 0 0 0 0 0 0 0 0 0 0 0 0 0 0 0 0 0 0 0 2 0 0 26 0 0 0 0 0 0 0 0 39 42 0 0 0 48 5
0 33 17 0 0 0 0 0 0 0 0 0 0 0 0 0 0 0 0 0 0 0 0 0 0 28 0 0 0 0 0 0 0 0 42 40 0 0 0 53 8
0 9 16 0 0 0 0 0 0 0 0 0 0 0 0 0 0 0 0 0 0 0 6 0 0 16 0 0 0 0 0 19 0 0 31 45 0 0 0 33 0
29 0 0 27 0 0 0 0 0 0 0 0 0 0 0 0 0 0 0 0 0 0 0 0 0 0 2 36 8 0 0 68 0 30 4 0 0 0 6 0 0
0 60 22 0 0 0 0 0 0 0 0 0 0 0 0 0 0 0 0 0 0 0 0 0 0 35 0 0 1 0 0 0 0 0 37 31 0 0 0 70 25
18 0 0 17 0 0 0 0 0 0 0 0 0 0 0 0 0 0 0 0 0 0 1 0 0 0 1 25 1 0 0 52 0 21 1 0 0 0 2 0 0
0 44 17 0 0 0 0 0 0 0 0 0 0 0 0 0 0 0 0 0 0 0 0 0 0 32 0 0 0 0 0 0 0 0 40 35 0 0 0 60 15
0 23 16 0 0 0 0 0 0 0 0 0 0 0 0 0 0 0 0 0 0 0 4 0 0 24 0 0 0 0 0 1 0 0 37 44 0 0 0 45 3
0 45 17 0 0 0 0 0 0 0 0 0 0 0 0 0 0 0 0 0 0 0 0 0 0 32 0 0 1 0 0 0 0 0 41 36 0 0 0 61 15
0 39 16 0 0 0 0 0 0 0 0 0 0 0 0 0 0 0 0 0 0 0 0 0 0 30 0 0 0 0 0 0 0 0 41 39 0 0 0 58 13
0 41 16 0 0 0 0 0 0 0 0 0 0 0 0 0 0 0 0 0 0 0 0 0 0 31 0 0 0 0 0 0 0 0 42 38 0 0 0 59 12
0 23 16 0 0 0 0 0 0 0 0 0 0 0 0 0 0 0 0 0 0 0 2 0 0 23 0 0 0 0 0 1 0 0 38 43 0 0 0 45 4
25 0 0 24 0 0 0 0 0 0 0 0 0 0 0 0 0 0 0 0 0 0 0 0 0 0 2 33 6 0 0 64 0 28 1 0 0 0 4 0 0
16 0 0 15 0 0 0 0 0 0 0 0 0 0 0 0 0 0 0 0 0 0 2 0 0 0 1 23 0 0 0 49 0 19 0 6 0 0 1 0 0
41 0 0 39 0 0 0 0 0 0 0 0 0 0 0 0 0 0 0 0 0 0 0 0 0 0 2 48 12 0 0 84 0 40 7 0 1 0 12 0 0
0 52 19 0 0 0 0 0 0 0 0 0 0 0 0 0 0 0 0 0 0 0 0 0 0 34 0 0 0 0 0 0 0 0 39 34 0 0 0 66 21
33 0 0 31 0 0 0 0 0 0 0 0 0 0 0 0 0 0 0 0 0 0 0 0 0 0 2 40 9 0 0 72 0 33 5 0 1 0 9 0 0
37 0 0 35 0 0 0 0 0 0 0 0 0 0 0 0 0 0 0 0 0 0 0 0 0 0 2 44 11 0 0 78 0 36 7 0 1 0 11 0 0
38 0 0 35 0 0 0 0 0 0 0 0 0 0 0 0 0 0 0 0 0 0 0 0 0 0 2 43 11 0 0 77 0 37 6 0 1 0 11 0 0
41 0 0 38 0 0 0 0 0 0 0 0 0 0 0 0 0 0 0 0 0 0 0 0 0 0 2 48 12 0 0 82 0 39 8 0 1 0 12 0 0
35 0 0 33 0 0 0 0 0 0 0 0 0 0 0 0 0 0 0 0 0 0 0 0 0 0 2 42 11 0 0 77 0 36 4 0 1 0 8 0 0
1 8 15 0 0 0 0 0 0 0 0 0 0 0 0 0 0 0 0 0 0 0 7 0 0 14 0 0 0 0 0 21 0 0 29 46 0 0 0 31 0
30 0 0 28 0 0 0 0 0 0 0 0 0 0 0 0 0 0 0 0 0 0 0 0 0 0 1 38 9 0 0 70 0 32 4 0 1 0 7 0 0
33 0 0 31 0 0 0 0 0 0 0 0 0 0 0 0 0 0 0 0 0 0 0 0 0 0 2 40 10 0 0 75 0 34 5 0 1 0 8 0 0
38 0 0 36 0 0 0 0 0 0 0 0 0 0 0 0 0 0 0 0 0 0 0 0 0 0 2 45 11 0 0 79 0 38 7 0 1 0 11 0 0
0 37 17 0 0 0 0 0 0 0 0 0 0 0 0 0 0 0 0 0 0 0 0 0 0 29 0 0 0 0 0 0 0 0 41 38 0 0 0 56 10
19 0 0 17 0 0 0 0 0 0 0 0 0 0 0 0 0 0 0 0 0 0 1 0 0 0 2 26 2 0 0 54 0 21 2 2 0 0 2 0 0
29 0 0 27 0 0 0 0 0 0 0 0 0 0 0 0 0 0 0 0 0 0 0 0 0 0 2 36 7 0 0 69 0 30 3 0 0 0 5 0 0
0 36 15 0 0 0 0 0 0 0 0 0 0 0 0 0 0 0 0 0 0 0 1 0 0 30 0 0 0 0 0 0 0 0 41 39 0 0 0 54 9
0 64 24 0 0 0 0 0 0 0 0 0 0 0 0 0 0 0 0 0 0 0 0 0 0 36 0 0 2 0 0 0 0 0 38 32 0 0 0 75 28
3 0 12 1 0 0 0 0 0 0 0 0 0 0 0 0 0 0 0 0 0 0 8 0 0 0 1 7 0 0 0 31 0 3 8 38 0 0 0 13 0
28 0 0 26 0 0 0 0 0 0 0 0 0 0 0 0 0 0 0 0 0 0 0 0 0 0 2 35 7 0 0 68 0 29 3 0 0 0 5 0 0
0 33 15 0 0 0 0 0 0 0 0 0 0 0 0 0 0 0 0 0 0 0 2 0 0 29 0 0 0 0 0 0 0 0 41 40 0 0 0 54 8
2 0 14 0 0 0 0 0 0 0 0 0 0 0 0 0 0 0 0 0 0 0 8 0 0 8 0 3 0 0 0 27 0 0 20 43 0 0 0 22 0
0 43 17 0 0 0 0 0 0 0 0 0 0 0 0 0 0 0 0 0 0 0 0 0 0 31 0 0 0 0 0 0 0 0 40 36 0 0 0 59 14
1 5 15 0 0 0 0 0 0 0 0 0 0 0 0 0 0 0 0 0 0 0 8 0 0 12 0 0 0 0 0 23 0 0 27 45 0 0 0 30 0
4 0 12 2 0 0 0 0 0 0 0 0 0 0 0 0 0 0 0 0 0 0 8 0 0 0 0 8 0 0 0 33 0 3 9 38 0 0 0 13 0
0 82 30 0 0 0 0 0 0 0 0 0 0 0 0 0 0 0 0 0 0 0 0 0 0 40 0 0 5 0 0 0 0 0 40 33 0 1 0 91 36
0 39 16 0 0 0 0 0 0 0 0 0 0 0 0 0 0 0 0 0 0 0 0 0 0 31 0 0 0 0 0 0 0 0 40 37 0 0 0 56 12
37 0 0 35 0 0 0 0 0 0 0 0 0 0 0 0 0 0 0 0 0 0 0 0 0 0 2 43 11 0 0 77 0 37 5 0 1 0 11 0 0
0 58 22 0 0 0 0 0 0 0 0 0 0 0 0 0 0 0 0 0 0 0 0 0 0 34 0 0 0 0 0 0 0 0 36 31 0 0 0 69 26
0 16 15 0 0 0 0 0 0 0 0 0 0 0 0 0 0 0 0 0 0 0 5 0 0 19 0 0 0 0 0 12 0 0 36 45 0 0 0 40 1
0 47 18 0 0 0 0 0 0 0 0 0 0 0 0 0 0 0 0 0 0 0 0 0 0 32 0 0 0 0 0 0 0 0 38 34 0 0 0 61 18
42 0 0 40 0 0 0 0 0 0 0 0 0 0 0 0 0 0 0 0 0 0 0 0 0 0 2 50 12 0 0 85 0 41 7 0 1 0 13 0 0
35 0 0 33 0 0 0 0 0 0 0 0 0 0 0 0 0 0 0 0 0 0 0 0 0 0 2 42 11 0 0 78 0 36 5 0 1 0 9 0 0
36 0 0 34 0 0 0 0 0 0 0 0 0 0 0 0 0 0 0 0 0 0 0 0 0 0 2 42 10 0 0 76 0 36 5 0 1 0 11 0 0
35 0 0 33 0 0 0 0 0 0 0 0 0 0 0 0 0 0 0 0 0 0 0 0 0 0 2 42 10 0 0 77 0 36 5 0 1 0 9 0 0
0 40 16 0 0 0 0 0 0 0 0 0 0 0 0 0 0 0 0 0 0 0 0 0 0 30 0 0 0 0 0 0 0 0 39 35 0 0 0 56 13
22 0 0 21 0 0 0 0 0 0 0 0 0 0 0 0 0 0 0 0 0 0 0 0 0 0 1 30 4 0 0 60 0 25 2 0 0 0 3 0 0
35 0 0 32 0 0 0 0 0 0 0 0 0 0 0 0 0 0 0 0 0 0 0 0 0 0 2 41 11 0 0 76 0 35 5 0 1 0 8 0 0
0 26 15 0 0 0 0 0 0 0 0 0 0 0 0 0 0 0 0 0 0 0 3 0 0 25 0 0 0 0 0 0 0 0 37 41 0 0 0 46 5
37 0 0 35 0 0 0 0 0 0 0 0 0 0 0 0 0 0 0 0 0 0 0 0 0 0 2 44 11 0 0 79 0 37 6 0 1 0 11 0 0
10 0 2 9 0 0 0 0 0 0 0 0 0 0 0 0 0 0 0 0 0 0 5 0 0 0 1 16 0 0 0 40 0 13 0 19 0 0 0 0 0
0 40 16 0 0 0 0 0 0 0 0 0 0 0 0 0 0 0 0 0 0 0 0 0 0 31 0 0 0 0 0 0 0 0 41 38 0 0 0 58 13
0 29 14 0 0 0 0 0 0 0 0 0 0 0 0 0 0 0 0 0 0 0 3 0 0 27 0 0 0 0 0 0 0 0 40 42 0 0 0 50 6
1 6 15 0 0 0 0 0 0 0 0 0 0 0 0 0 0 0 0 0 0 0 6 0 0 13 0 0 0 0 0 22 0 0 29 45 0 0 0 29 0
0 50 19 0 0 0 0 0 0 0 0 0 0 0 0 0 0 0 0 0 0 0 0 0 0 33 0 0 0 0 0 0 0 0 39 34 0 0 0 65 20
2 0 14 0 0 0 0 0 0 0 0 0 0 0 0 0 0 0 0 0 0 0 8 0 0 6 0 4 0 0 0 30 0 0 18 43 0 0 0 20 0
0 20 15 0 0 0 0 0 0 0 0 0 0 0 0 0 0 0 0 0 0 0 4 0 0 22 0 0 0 0 0 5 0 0 37 44 0 0 0 43 3
0 27 15 0 0 0 0 0 0 0 0 0 0 0 0 0 0 0 0 0 0 0 2 0 0 25 0 0 0 0 0 0 0 0 40 42 0 0 0 49 6
0 62 23 0 0 0 0 0 0 0 0 0 0 0 0 0 0 0 0 0 0 0 0 0 0 36 0 0 1 0 0 0 0 0 37 30 0 0 0 72 27
0 19 16 0 0 0 0 0 0 0 0 0 0 0 0 0 0 0 0 0 0 0 3 0 0 22 0 0 0 0 0 8 0 0 38 45 0 0 0 43 1
20 0 0 20 0 0 0 0 0 0 0 0 0 0 0 0 0 0 0 0 0 0 0 0 0 0 1 27 3 0 0 56 0 24 0 0 0 0 2 0 0
4 0 12 0 0 0 0 0 0 0 0 0 0 0 0 0 0 0 0 0 0 0 8 0 0 1 1 7 0 0 0 32 0 3 9 39 0 0 0 14 0
27 0 0 25 0 0 0 0 0 0 0 0 0 0 0 0 0 0 0 0 0 0 0 0 0 0 2 35 8 0 0 67 0 29 3 0 0 0 5 0 0
0 31 16 0 0 0 0 0 0 0 0 0 0 0 0 0 0 0 0 0 0 0 2 0 0 28 0 0 0 0 0 0 0 0 41 42 0 0 0 52 7
0 73 28 0 0 0 0 0 0 0 0 0 0 0 0 0 0 0 0 0 0 0 0 0 0 38 0 0 3 0 0 0 0 0 38 33 0 0 0 83 33
0 15 16 0 0 0 0 0 0 0 0 0 0 0 0 0 0 0 0 0 0 0 4 0 0 19 0 0 0 0 0 12 0 0 34 45 0 0 0 38 2
29 0 0 27 0 0 0 0 0 0 0 0 0 0 0 0 0 0 0 0 0 0 0 0 0 0 2 36 8 0 0 68 0 31 2 0 0 0 5 0 0
3 0 13 0 0 0 0 0 0 0 0 0 0 0 0 0 0 0 0 0 0 0 6 0 0 2 1 5 0 0 0 31 0 1 11 40 0 0 0 15 0
39 0 0 36 0 0 0 0 0 0 0 0 0 0 0 0 0 0 0 0 0 0 0 0 0 0 2 46 11 0 0 79 0 38 7 0 1 0 13 0 0
5 0 11 2 0 0 0 0 0 0 0 0 0 0 0 0 0 0 0 0 0 0 6 0 0 0 1 9 0 0 0 35 0 5 7 35 0 0 0 11 0
0 12 16 0 0 0 0 0 0 0 0 0 0 0 0 0 0 0 0 0 0 0 5 0 0 18 0 0 0 0 0 16 0 0 35 47 0 0 0 36 0
37 0 0 35 0 0 1 0 0 0 0 0 0 0 0 0 0 0 0 0 0 0 0 0 0 0 2 44 12 0 0 80 0 38 5 0 1 0 10 0 0
0 36 17 0 0 0 0 0 0 0 0 0 0 0 0 0 0 0 0 0 0 0 0 0 0 28 0 0 0 0 0 0 0 0 40 38 0 0 0 55 12
0 6 17 0 0 0 0 0 0 0 0 0 0 0 0 0 0 0 0 0 0 0 6 0 0 13 0 0 0 0 0 22 0 0 27 47 0 0 0 29 0
35 0 0 33 0 0 0 0 0 0 0 0 0 0 0 0 0 0 0 0 0 0 0 0 0 0 2 41 11 0 0 76 0 36 4 0 1 0 9 0 0
0 18 15 0 0 0 0 0 0 0 0 0 0 0 0 0 0 0 0 0 0 0 4 0 0 21 0 0 0 0 0 9 0 0 36 46 0 0 0 41 2
33 0 0 31 0 0 0 0 0 0 0 0 0 0 0 0 0 0 0 0 0 0 0 0 0 0 2 39 10 0 0 74 0 35 3 0 0 0 6 0 0
1 0 14 0 0 0 0 0 0 0 0 0 0 0 0 0 0 0 0 0 0 0 7 0 0 4 0 4 0 0 0 28 0 0 15 39 0 0 0 18 0
7 0 7 5 0 0 0 0 0 0 0 0 0 0 0 0 0 0 0 0 0 0 7 0 0 0 1 12 0 0 0 36 0 8 3 29 0 0 0 5 0
30 0 0 28 0 0 0 0 0 0 0 0 0 0 0 0 0 0 0 0 0 0 0 0 0 0 2 37 8 0 0 70 0 31 3 0 0 0 6 0 0
0 7 15 0 0 0 0 0 0 0 0 0 0 0 0 0 0 0 0 0 0 0 7 0 0 13 0 0 0 0 0 17 0 0 25 42 0 0 0 28 0
37 0 0 34 0 0 0 0 0 0 0 0 0 0 0 0 0 0 0 0 0 0 0 0 0 0 2 43 11 0 0 76 0 36 7 0 1 0 11 0 0
20 0 0 19 0 0 0 0 0 0 0 0 0 0 0 0 0 0 0 0 0 0 1 0 0 0 2 27 2 0 0 56 0 23 0 0 0 0 2 0 0
0 29 16 0 0 0 0 0 0 0 0 0 0 0 0 0 0 0 0 0 0 0 2 0 0 27 0 0 0 0 0 0 0 0 40 42 0 0 0 50 6
0 21 17 0 0 0 0 0 0 0 0 0 0 0 0 0 0 0 0 0 0 0 3 0 0 23 0 0 0 0 0 5 0 0 39 46 0 0 0 44 3
0 34 15 0 0 0 0 0 0 0 0 0 0 0 0 0 0 0 0 0 0 0 0 0 0 29 0 0 0 0 0 0 0 0 42 39 0 0 0 54 8
0 43 16 0 0 0 0 0 0 0 0 0 0 0 0 0 0 0 0 0 0 0 0 0 0 31 0 0 0 0 0 0 0 0 41 36 0 0 0 59 14
9 0 3 8 0 0 0 0 0 0 0 0 0 0 0 0 0 0 0 0 0 0 5 0 0 0 1 15 0 0 0 39 0 12 0 22 0 0 0 0 0
0 55 21 0 0 0 0 0 0 0 0 0 0 0 0 0 0 0 0 0 0 0 0 0 0 34 0 0 0 0 0 0 0 0 37 32 0 0 0 66 23
0 58 22 0 0 0 0 0 0 0 0 0 0 0 0 0 0 0 0 0 0 0 0 0 0 35 0 0 1 0 0 0 0 0 38 33 0 0 0 69 25
0 20 16 0 0 0 0 0 0 0 0 0 0 0 0 0 0 0 0 0 0 0 3 0 0 22 0 0 0 0 0 5 0 0 38 45 0 0 0 43 3
39 0 0 36 0 0 0 0 0 0 0 0 0 0 0 0 0 0 0 0 0 0 0 0 0 0 2 45 12 0 0 79 0 37 9 0 1 0 12 0 0
9 0 3 8 0 0 0 0 0 0 0 0 0 0 0 0 0 0 0 0 0 0 5 0 0 0 1 16 0 0 0 41 0 12 1 24 0 0 0 0 0
41 0 0 38 0 0 0 0 0 0 0 0 0 0 0 0 0 0 0 0 0 0 0 0 0 0 2 48 12 0 0 83 0 40 8 0 1 0 12 0 0
30 0 0 28 0 0 0 0 0 0 0 0 0 0 0 0 0 0 0 0 0 0 0 0 0 0 2 38 8 0 0 71 0 32 3 0 0 0 5 0 0
3 0 14 0 0 0 0 0 0 0 0 0 0 0 0 0 0 0 0 0 0 0 7 0 0 4 0 4 0 0 0 30 0 0 15 42 0 0 0 19 0
0 64 24 0 0 0 0 0 0 0 0 0 0 0 0 0 0 0 0 0 0 0 0 0 0 36 0 0 2 0 0 0 0 0 36 32 0 0 0 74 29
32 0 0 30 0 0 0 0 0 0 0 0 0 0 0 0 0 0 0 0 0 0 0 0 0 0 2 39 9 0 0 73 0 33 5 0 1 0 8 0 0
1 2 15 0 0 0 0 0 0 0 0 0 0 0 0 0 0 0 0 0 0 0 7 0 0 10 0 1 0 0 0 24 0 0 22 44 0 0 0 25 0
35 0 0 33 0 0 0 0 0 0 0 0 0 0 0 0 0 0 0 0 0 0 0 0 0 0 2 41 10 0 0 76 0 36 4 0 0 0 10 0 0
0 33 15 0 0 0 0 0 0 0 0 0 0 0 0 0 0 0 0 0 0 0 1 0 0 28 0 0 0 0 0 0 0 0 40 39 0 0 0 52 9
0 60 22 0 0 0 0 0 0 0 0 0 0 0 0 0 0 0 0 0 0 0 0 0 0 35 0 0 1 0 0 0 0 0 36 30 0 0 0 70 26
16 0 0 17 0 0 0 0 0 0 0 0 0 0 0 0 0 0 0 0 0 0 2 0 0 0 1 24 1 0 0 52 0 20 0 7 0 0 0 0 0
37 0 0 35 0 0 0 0 0 0 0 0 0 0 0 0 0 0 0 0 0 0 0 0 0 0 2 44 11 0 0 79 0 38 5 0 1 0 10 0 0
1 5 15 0 0 0 0 0 0 0 0 0 0 0 0 0 0 0 0 0 0 0 7 0 0 11 0 0 0 0 0 23 0 0 26 44 0 0 0 28 0
0 61 23 0 0 0 0 0 0 0 0 0 0 0 0 0 0 0 0 0 0 0 0 0 0 36 0 0 1 0 0 0 0 0 37 31 0 0 0 71 27
31 0 0 30 0 0 0 0 0 0 0 0 0 0 0 0 0 0 0 0 0 0 0 0 0 0 2 39 10 0 0 72 0 32 4 0 1 0 7 0 0
11 0 1 11 0 0 0 0 0 0 0 0 0 0 0 0 0 0 0 0 0 0 5 0 0 0 1 18 0 0 0 44 0 15 0 20 0 0 0 0 0
35 0 0 32 0 0 0 0 0 0 0 0 0 0 0 0 0 0 0 0 0 0 0 0 0 0 2 42 11 0 0 75 0 35 5 0 1 0 9 0 0
40 0 0 36 0 0 0 0 0 0 0 0 0 0 0 0 0 0 0 0 0 0 0 0 0 0 2 46 11 0 0 80 0 38 9 0 1 0 12 0 0
29 0 0 27 0 0 0 0 0 0 0 0 0 0 0 0 0 0 0 0 0 0 0 0 0 0 2 37 8 0 0 69 0 31 3 0 0 0 5 0 0
34 0 0 31 0 0 0 0 0 0 0 0 0 0 0 0 0 0 0 0 0 0 0 0 0 0 1 41 10 0 0 75 0 34 5 0 1 0 7 0 0
2 1 14 0 0 0 0 0 0 0 0 0 0 0 0 0 0 0 0 0 0 0 7 0 0 8 0 2 0 0 0 27 0 0 21 43 0 0 0 24 0
0 23 15 0 0 0 0 0 0 0 0 0 0 0 0 0 0 0 0 0 0 0 3 0 0 23 0 0 0 0 0 1 0 0 39 44 0 0 0 46 4
34 0 0 32 0 0 0 0 0 0 0 0 0 0 0 0 0 0 0 0 0 0 0 0 0 0 2 41 11 0 0 74 0 35 5 0 1 0 9 0 0
39 0 0 36 0 0 0 0 0 0 0 0 0 0 0 0 0 0 0 0 0 0 0 0 0 0 2 45 11 0 0 79 0 38 7 0 1 0 12 0 0
0 25 16 0 0 0 0 0 0 0 0 0 0 0 0 0 0 0 0 0 0 0 2 0 0 24 0 0 0 0 0 0 0 0 38 42 0 0 0 46 6
2 0 14 0 0 0 0 0 0 0 0 0 0 0 0 0 0 0 0 0 0 0 8 0 0 3 0 5 0 0 0 29 0 0 13 40 0 0 0 17 0
2 6 15 0 0 0 0 0 0 0 0 0 0 0 0 0 0 0 0 0 0 0 7 0 0 12 0 0 0 0 0 23 0 0 27 44 0 0 0 30 0
34 0 0 32 0 0 0 0 0 0 0 0 0 0 0 0 0 0 0 0 0 0 0 0 0 0 2 41 10 0 0 75 0 35 5 0 1 0 10 0 0
39 0 0 37 0 0 0 0 0 0 0 0 0 0 0 0 0 0 0 0 0 0 0 0 0 0 2 46 11 0 0 80 0 39 7 0 1 0 12 0 0
35 0 0 33 0 0 0 0 0 0 0 0 0 0 0 0 0 0 0 0 0 0 0 0 0 0 2 42 11 0 0 76 0 36 4 0 1 0 9 0 0
7 0 6 6 0 0 0 0 0 0 0 0 0 0 0 0 0 0 0 0 0 0 7 0 0 0 1 13 0 0 0 37 0 9 2 30 0 0 0 5 0
0 74 27 0 0 0 0 0 0 0 0 0 0 0 0 0 0 0 0 0 0 0 0 0 0 38 0 0 4 0 0 0 0 0 37 32 0 0 0 83 33
0 15 15 0 0 0 0 0 0 0 0 0 0 0 0 0 0 0 0 0 0 0 4 0 0 19 0 0 0 0 0 12 0 0 35 45 0 0 0 39 1
0 64 25 0 0 0 0 0 0 0 0 0 0 0 0 0 0 0 0 0 0 0 0 0 0 35 0 0 1 0 0 0 0 0 36 31 0 0 0 73 29
0 15 16 0 0 0 0 0 0 0 0 0 0 0 0 0 0 0 0 0 0 0 4 0 0 20 0 0 0 0 0 13 0 0 36 46 0 0 0 38 0
0 35 16 0 0 0 0 0 0 0 0 0 0 0 0 0 0 0 0 0 0 0 1 0 0 29 0 0 0 0 0 0 0 0 42 40 0 0 0 55 10
43 0 0 40 0 0 0 0 0 0 0 0 0 0 0 0 0 0 0 0 0 0 0 0 0 0 2 50 12 0 0 86 0 40 9 0 1 0 14 0 0
0 48 18 0 0 0 0 0 0 0 0 0 0 0 0 0 0 0 0 0 0 0 0 0 0 33 0 0 0 0 0 0 0 0 40 35 0 0 0 63 18
0 61 22 0 0 0 0 0 0 0 0 0 0 0 0 0 0 0 0 0 0 0 0 0 0 36 0 0 1 0 0 0 0 0 37 31 0 0 0 71 27
36 0 0 34 0 0 0 0 0 0 0 0 0 0 0 0 0 0 0 0 0 0 0 0 0 0 2 43 10 0 0 76 0 36 6 0 1 0 11 0 0
1 5 16 0 0 0 0 0 0 0 0 0 0 0 0 0 0 0 0 0 0 0 6 0 0 12 0 0 0 0 0 24 0 0 27 46 0 0 0 29 0
31 0 0 28 0 0 0 0 0 0 0 0 0 0 0 0 0 0 0 0 0 0 0 0 0 0 1 38 8 0 0 72 0 31 6 0 1 0 7 0 0
34 0 0 31 0 0 0 0 0 0 0 0 0 0 0 0 0 0 0 0 0 0 0 0 0 0 2 40 10 0 0 74 0 34 6 0 1 0 9 0 0
12 0 0 12 0 0 0 0 0 0 0 0 0 0 0 0 0 0 0 0 0 0 3 0 0 0 1 19 0 0 0 44 0 15 0 15 0 0 0 0 0
32 0 0 29 0 0 0 0 0 0 0 0 0 0 0 0 0 0 0 0 0 0 0 0 0 0 2 38 9 0 0 71 0 33 5 0 1 0 8 0 0
37 0 0 35 0 0 0 0 0 0 0 0 0 0 0 0 0 0 0 0 0 0 0 0 0 0 2 43 10 0 0 78 0 37 5 0 1 0 10 0 0
0 9 16 0 0 0 0 0 0 0 0 0 0 0 0 0 0 0 0 0 0 0 5 0 0 14 0 0 0 0 0 20 0 0 29 45 0 0 0 31 0
32 0 0 30 0 0 0 0 0 0 0 0 0 0 0 0 0 0 0 0 0 0 0 0 0 0 2 39 10 0 0 73 0 33 4 0 0 0 7 0 0
29 0 0 27 0 0 0 0 0 0 0 0 0 0 0 0 0 0 0 0 0 0 0 0 0 0 2 36 8 0 0 69 0 31 2 0 0 0 5 0 0
1 13 16 0 0 0 0 0 0 0 0 0 0 0 0 0 0 0 0 0 0 0 5 0 0 19 0 0 0 0 0 16 0 0 36 46 0 0 0 37 0
0 56 21 0 0 0 0 0 0 0 0 0 0 0 0 0 0 0 0 0 0 0 0 0 0 34 0 0 1 0 0 0 0 0 38 33 0 0 0 67 23
34 0 0 31 0 0 0 0 0 0 0 0 0 0 0 0 0 0 0 0 0 0 0 0 0 0 2 41 10 0 0 76 0 34 4 0 0 0 7 0 0
0 28 16 0 0 0 0 0 0 0 0 0 0 0 0 0 0 0 0 0 0 0 1 0 0 26 0 0 0 0 0 0 0 0 40 41 0 0 0 49 6
0 43 17 0 0 0 0 0 0 0 0 0 0 0 0 0 0 0 0 0 0 0 0 0 0 32 0 0 0 0 0 0 0 0 41 37 0 0 0 60 14
0 61 23 0 0 0 0 0 0 0 0 0 0 0 0 0 0 0 0 0 0 0 0 0 0 35 0 0 1 0 0 0 0 0 35 31 0 0 0 71 27
34 0 0 32 0 0 0 0 0 0 0 0 0 0 0 0 0 0 0 0 0 0 0 0 0 0 2 41 10 0 0 75 0 35 5 0 1 0 9 0 0
36 0 0 33 0 0 0 0 0 0 0 0 0 0 0 0 0 0 0 0 0 0 0 0 0 0 2 42 10 0 0 74 0 35 6 0 1 0 11 0 0
36 0 0 34 0 0 0 0 0 0 0 0 0 0 0 0 0 0 0 0 0 0 0 0 0 0 2 43 10 0 0 77 0 36 6 0 1 0 10 0 0
0 6 15 0 0 0 0 0 0 0 0 0 0 0 0 0 0 0 0 0 0 0 7 0 0 13 0 0 0 0 0 20 0 0 27 45 0 0 0 30 0
0 53 19 0 0 0 0 0 0 0 0 0 0 0 0 0 0 0 0 0 0 0 0 0 0 33 0 0 0 0 0 0 0 0 37 31 0 0 0 64 22
42 0 0 39 0 0 0 0 0 0 0 0 0 0 0 0 0 0 0 0 0 0 0 0 0 0 1 50 12 0 0 84 0 40 9 0 2 0 13 0 0
22 0 0 21 0 0 0 0 0 0 0 0 0 0 0 0 0 0 0 0 0 0 0 0 0 0 1 29 4 0 0 58 0 25 1 0 0 0 3 0 0
0 61 23 0 0 0 0 0 0 0 0 0 0 0 0 0 0 0 0 0 0 0 0 0 0 35 0 0 1 0 0 0 0 0 36 31 0 0 0 72 27
40 0 0 38 0 0 0 0 0 0 0 0 0 0 0 0 0 0 0 0 0 0 0 0 0 0 2 46 12 0 0 81 0 39 6 0 1 0 12 0 0
34 0 0 31 0 0 0 0 0 0 0 0 0 0 0 0 0 0 0 0 0 0 0 0 0 0 2 40 10 0 0 75 0 34 5 0 0 0 8 0 0
40 0 0 37 0 0 0 0 0 0 0 0 0 0 0 0 0 0 0 0 0 0 0 0 0 0 2 47 11 0 0 81 0 38 8 0 1 0 13 0 0
0 31 16 0 0 0 0 0 0 0 0 0 0 0 0 0 0 0 0 0 0 0 1 0 0 27 0 0 0 0 0 0 0 0 40 40 0 0 0 51 8
33 0 0 31 0 0 0 0 0 0 0 0 0 0 0 0 0 0 0 0 0 0 0 0 0 0 2 39 10 0 0 72 0 33 5 0 1 0 8 0 0
4 0 11 0 0 0 0 0 0 0 0 0 0 0 0 0 0 0 0 0 0 0 6 0 0 4 1 4 0 0 0 28 0 0 14 37 0 0 0 19 0
36 0 0 34 0 0 0 0 0 0 0 0 0 0 0 0 0 0 0 0 0 0 0 0 0 0 2 43 10 0 0 77 0 36 7 0 1 0 11 0 0
0 56 20 0 0 0 0 0 0 0 0 0 0 0 0 0 0 0 0 0 0 0 0 0 0 35 0 0 1 0 0 0 0 0 37 32 0 0 0 67 24
36 0 0 33 0 0 0 0 0 0 0 0 0 0 0 0 0 0 0 0 0 0 0 0 0 0 2 42 11 0 0 75 0 35 6 0 1 0 10 0 0
37 0 0 35 0 0 0 0 0 0 0 0 0 0 0 0 0 0 0 0 0 0 0 0 0 0 2 44 11 0 0 78 0 37 6 0 1 0 11 0 0
36 0 0 34 0 0 0 0 0 0 0 0 0 0 0 0 0 0 0 0 0 0 0 0 0 0 2 43 10 0 0 76 0 36 6 0 1 0 10 0 0
34 0 0 32 0 0 0 0 0 0 0 0 0 0 0 0 0 0 0 0 0 0 0 0 0 0 2 40 10 0 0 75 0 34 5 0 1 0 8 0 0
0 42 17 0 0 0 0 0 0 0 0 0 0 0 0 0 0 0 0 0 0 0 0 0 0 31 0 0 0 0 0 0 0 0 40 36 0 0 0 58 14
40 0 0 37 0 0 0 0 0 0 0 0 0 0 0 0 0 0 0 0 0 0 0 0 0 0 2 47 12 0 0 82 0 39 7 0 1 0 12 0 0
0 33 15 0 0 0 0 0 0 0 0 0 0 0 0 0 0 0 0 0 0 0 1 0 0 28 0 0 0 0 0 0 0 0 40 40 0 0 0 53 9
35 0 0 33 0 0 0 0 0 0 0 0 0 0 0 0 0 0 0 0 0 0 0 0 0 0 2 42 10 0 0 75 0 36 5 0 1 0 10 0 0
35 0 0 32 0 0 0 0 0 0 0 0 0 0 0 0 0 0 0 0 0 0 0 0 0 0 2 41 10 0 0 74 0 35 4 0 1 0 10 0 0
0 75 28 0 0 0 0 0 0 0 0 0 0 0 0 0 0 0 0 0 0 0 0 0 0 38 0 0 4 0 0 0 0 0 38 32 0 0 0 84 33
31 0 0 29 0 0 0 0 0 0 0 0 0 0 0 0 0 0 0 0 0 0 0 0 0 0 2 38 9 0 0 71 0 32 5 0 1 0 7 0 0
39 0 0 37 0 0 0 0 0 0 0 0 0 0 0 0 0 0 0 0 0 0 0 0 0 0 2 46 11 0 0 82 0 39 6 0 1 0 11 0 0
0 58 21 0 0 0 0 0 0 0 0 0 0 0 0 0 0 0 0 0 0 0 0 0 0 35 0 0 1 0 0 0 0 0 36 31 0 0 0 68 25
0 62 24 0 0 0 0 0 0 0 0 0 0 0 0 0 0 0 0 0 0 0 0 0 0 35 0 0 1 0 0 0 0 0 36 32 0 0 0 72 28
4 0 9 4 0 0 0 0 0 0 0 0 0 0 0 0 0 0 0 0 0 0 7 0 0 0 1 10 0 0 0 33 0 7 2 31 0 0 0 6 0
45 0 0 43 0 0 0 0 0 0 0 0 0 0 0 0 0 0 0 0 0 0 0 0 0 0 2 54 13 0 0 90 0 43 10 0 1 0 15 0 0
0 47 18 0 0 0 0 0 0 0 0 0 0 0 0 0 0 0 0 0 0 0 0 0 0 33 0 0 0 0 0 0 0 0 40 35 0 0 0 62 17
0 66 25 0 0 0 0 0 0 0 0 0 0 0 0 0 0 0 0 0 0 0 0 0 0 36 0 0 2 0 0 0 0 0 36 31 0 0 0 76 30
0 20 15 0 0 0 0 0 0 0 0 0 0 0 0 0 0 0 0 0 0 0 4 0 0 22 0 0 0 0 0 8 0 0 38 45 0 0 0 44 2
4 0 10 3 0 0 0 0 0 0 0 0 0 0 0 0 0 0 0 0 0 0 6 0 0 0 0 9 0 0 0 31 0 6 3 32 0 0 0 7 0
5 0 9 4 0 0 0 0 0 0 0 0 0 0 0 0 0 0 0 0 0 0 6 0 0 0 1 10 0 0 0 34 0 6 4 30 0 0 0 7 0
0 18 16 0 0 0 0 0 0 0 0 0 0 0 0 0 0 0 0 0 0 0 3 0 0 20 0 0 0 0 0 10 0 0 37 46 0 0 0 42 2
0 32 15 0 0 0 0 0 0 0 0 0 0 0 0 0 0 0 0 0 0 0 1 0 0 27 0 0 0 0 0 0 0 0 41 39 0 0 0 53 8
0 62 23 0 0 0 0 0 0 0 0 0 0 0 0 0 0 0 0 0 0 0 0 0 0 35 0 0 1 0 0 0 0 0 36 30 0 0 0 71 28
35 0 0 33 0 0 0 0 0 0 0 0 0 0 0 0 0 0 0 0 0 0 0 0 0 0 2 42 10 0 0 77 0 36 6 0 1 0 10 0 0
1 7 15 0 0 0 0 0 0 0 0 0 0 0 0 0 0 0 0 0 0 0 6 0 0 13 0 0 0 0 0 22 0 0 29 45 0 0 0 31 0
0 26 17 0 0 0 0 0 0 0 0 0 0 0 0 0 0 0 0 0 0 0 2 0 0 25 0 0 0 0 0 0 0 0 40 43 0 0 0 47 5
11 0 1 10 0 0 0 0 0 0 0 0 0 0 0 0 0 0 0 0 0 0 4 0 0 0 1 18 0 0 0 43 0 14 0 19 0 0 0 0 0
44 0 0 42 0 0 0 0 0 0 0 0 0 0 0 0 0 0 0 0 0 0 0 0 0 0 2 52 13 0 0 89 0 42 9 0 1 0 14 0 0
0 65 25 0 0 0 0 0 0 0 0 0 0 0 0 0 0 0 0 0 0 0 0 0 0 37 0 0 2 0 0 0 0 0 37 32 0 0 0 76 29
2 0 13 0 0 0 0 0 0 0 0 0 0 0 0 0 0 0 0 0 0 0 8 0 0 7 0 3 0 0 0 26 0 0 19 41 0 0 0 21 0
34 0 0 30 0 0 0 0 0 0 0 0 0 0 0 0 0 0 0 0 0 0 0 0 0 0 2 40 9 0 0 74 0 34 4 0 0 0 8 0 0
1 5 16 0 0 0 0 0 0 0 0 0 0 0 0 0 0 0 0 0 0 0 7 0 0 11 0 0 0 0 0 24 0 0 24 45 0 0 0 27 0
34 0 0 31 0 0 0 0 0 0 0 0 0 0 0 0 0 0 0 0 0 0 0 0 0 0 2 40 10 0 0 73 0 34 5 0 1 0 9 0 0
0 66 24 0 0 0 0 0 0 0 0 0 0 0 0 0 0 0 0 0 0 0 0 0 0 36 0 0 2 0 0 0 0 0 37 31 0 0 0 75 29
39 0 0 38 0 0 0 0 0 0 0 0 0 0 0 0 0 0 0 0 0 0 0 0 0 0 2 46 12 0 0 82 0 39 7 0 1 0 12 0 0
30 0 0 28 0 0 0 0 0 0 0 0 0 0 0 0 0 0 0 0 0 0 0 0 0 0 2 36 9 0 0 68 0 31 3 0 0 0 6 0 0
1 0 14 0 0 0 0 0 0 0 0 0 0 0 0 0 0 0 0 0 0 0 8 0 0 6 0 3 0 0 0 26 0 0 16 42 0 0 0 20 0
0 64 24 0 0 0 0 0 0 0 0 0 0 0 0 0 0 0 0 0 0 0 0 0 0 36 0 0 1 0 0 0 0 0 36 31 0 0 0 73 28
0 30 15 0 0 0 0 0 0 0 0 0 0 0 0 0 0 0 0 0 0 0 2 0 0 27 0 0 0 0 0 0 0 0 40 41 0 0 0 51 6
3 0 14 0 0 0 0 0 0 0 0 0 0 0 0 0 0 0 0 0 0 0 7 0 0 3 0 6 0 0 0 31 0 1 11 40 0 0 0 16 0
0 58 22 0 0 0 0 0 0 0 0 0 0 0 0 0 0 0 0 0 0 0 0 0 0 34 0 0 0 0 0 0 0 0 36 31 0 0 0 68 26
9 0 4 7 0 0 0 0 0 0 0 0 0 0 0 0 0 0 0 0 0 0 6 0 0 0 1 14 0 0 0 38 0 10 2 23 0 0 0 2 0
3 0 13 0 0 0 0 0 0 0 0 0 0 0 0 0 0 0 0 0 0 0 8 0 0 1 0 6 0 0 0 31 0 2 10 39 0 0 0 15 0
28 0 0 26 0 0 0 0 0 0 0 0 0 0 0 0 0 0 0 0 0 0 0 0 0 0 2 35 7 0 0 67 0 29 3 0 0 0 5 0 0
16 0 0 15 0 0 0 0 0 0 0 0 0 0 0 0 0 0 0 0 0 0 3 0 0 0 1 24 0 0 0 51 0 20 0 8 0 0 0 0 0
0 18 16 0 0 0 0 0 0 0 0 0 0 0 0 0 0 0 0 0 0 0 4 0 0 21 0 0 0 0 0 8 0 0 36 44 0 0 0 40 2
0 44 17 0 0 0 0 0 0 0 0 0 0 0 0 0 0 0 0 0 0 0 0 0 0 31 0 0 0 0 0 0 0 0 41 35 0 0 0 61 15
36 0 0 34 0 0 0 0 0 0 0 0 0 0 0 0 0 0 0 0 0 0 0 0 0 0 2 42 10 0 0 76 0 35 6 0 1 0 10 0 0
42 0 0 39 0 0 0 0 0 0 0 0 0 0 0 0 0 0 0 0 0 0 0 0 0 0 2 49 12 0 0 83 0 39 9 0 1 0 13 0 0
41 0 0 38 0 0 0 0 0 0 0 0 0 0 0 0 0 0 0 0 0 0 0 0 0 0 2 48 12 0 0 84 0 40 8 0 1 0 12 0 0
9 0 3 8 0 0 0 0 0 0 0 0 0 0 0 0 0 0 0 0 0 0 5 0 0 0 1 16 0 0 0 40 0 12 1 23 0 0 0 0 0
47 0 0 44 0 0 1 0 0 0 0 0 0 0 1 0 0 0 0 0 0 0 0 0 0 0 2 54 13 0 0 90 0 43 11 0 2 0 16 0 0
0 24 16 0 0 0 0 0 0 0 0 0 0 0 0 0 0 0 0 0 0 0 3 0 0 24 0 0 0 0 0 0 0 0 38 42 0 0 0 45 4
0 31 15 0 0 0 0 0 0 0 0 0 0 0 0 0 0 0 0 0 0 0 1 0 0 27 0 0 0 0 0 0 0 0 41 39 0 0 0 52 7
1 0 15 0 0 0 0 0 0 0 0 0 0 0 0 0 0 0 0 0 0 0 6 0 0 5 0 3 0 0 0 27 0 0 16 42 0 0 0 20 0
2 1 16 0 0 0 0 0 0 0 0 0 0 0 0 0 0 0 0 0 0 0 6 0 0 9 0 2 0 0 0 28 0 0 23 44 0 0 0 24 0
0 59 22 0 0 0 0 0 0 0 0 0 0 0 0 0 0 0 0 0 0 0 0 0 0 35 0 0 1 0 0 0 0 0 37 32 0 0 0 69 25
43 0 0 40 0 0 0 0 0 0 0 0 0 0 0 0 0 0 0 0 0 0 0 0 0 0 2 50 12 0 0 85 0 41 8 0 2 0 13 0 0
0 7 15 0 0 0 0 0 0 0 0 0 0 0 0 0 0 0 0 0 0 0 6 0 0 14 0 0 0 0 0 20 0 0 28 44 0 0 0 30 0
0 39 17 0 0 0 0 0 0 0 0 0 0 0 0 0 0 0 0 0 0 0 0 0 0 30 0 0 0 0 0 0 0 0 41 39 0 0 0 57 12
18 0 0 17 0 0 0 0 0 0 0 0 0 0 0 0 0 0 0 0 0 0 2 0 0 0 1 26 1 0 0 54 0 21 0 7 0 0 1 0 0
0 17 13 0 0 0 0 0 0 0 0 0 0 0 0 0 0 0 0 0 0 0 4 0 0 20 0 0 0 0 0 9 0 0 35 42 0 0 0 39 2
5 0 9 3 0 0 0 0 0 0 0 0 0 0 0 0 0 0 0 0 0 0 6 0 0 0 1 9 0 0 0 33 0 5 7 32 0 0 0 9 0
33 0 0 30 0 0 0 0 0 0 0 0 0 0 0 0 0 0 0 0 0 0 0 0 0 0 2 40 10 0 0 73 0 34 5 0 0 0 7 0 0
35 0 0 32 0 0 0 0 0 0 0 0 0 0 0 0 0 0 0 0 0 0 0 0 0 0 2 42 11 0 0 77 0 36 4 0 1 0 8 0 0
1 5 15 0 0 0 0 0 0 0 0 0 0 0 0 0 0 0 0 0 0 0 7 0 0 12 0 0 0 0 0 23 0 0 26 46 0 0 0 29 0
0 50 18 0 0 0 0 0 0 0 0 0 0 0 0 0 0 0 0 0 0 0 0 0 0 34 0 0 0 0 0 0 0 0 39 33 0 0 0 64 19
0 60 21 0 0 0 0 0 0 0 0 0 0 0 0 0 0 0 0 0 0 0 0 0 0 36 0 0 1 0 0 0 0 0 38 32 0 0 0 70 25
0 22 16 0 0 0 0 0 0 0 0 0 0 0 0 0 0 0 0 0 0 0 3 0 0 23 0 0 0 0 0 3 0 0 38 43 0 0 0 44 3
0 16 16 0 0 0 0 0 0 0 0 0 0 0 0 0 0 0 0 0 0 0 5 0 0 20 0 0 0 0 0 11 0 0 36 46 0 0 0 40 0
0 53 20 0 0 0 0 0 0 0 0 0 0 0 0 0 0 0 0 0 0 0 0 0 0 34 0 0 0 0 0 0 0 0 38 33 0 0 0 65 22
0 22 16 0 0 0 0 0 0 0 0 0 0 0 0 0 0 0 0 0 0 0 3 0 0 24 0 0 0 0 0 2 0 0 39 44 0 0 0 45 3
35 0 0 33 0 0 0 0 0 0 0 0 0 0 0 0 0 0 0 0 0 0 0 0 0 0 2 42 11 0 0 76 0 35 6 0 1 0 8 0 0
32 0 0 29 0 0 0 0 0 0 0 0 0 0 0 0 0 0 0 0 0 0 0 0 0 0 2 39 10 0 0 72 0 32 4 0 1 0 7 0 0
0 30 15 0 0 0 0 0 0 0 0 0 0 0 0 0 0 0 0 0 0 0 2 0 0 27 0 0 0 0 0 0 0 0 40 41 0 0 0 51 7
0 29 16 0 0 0 0 0 0 0 0 0 0 0 0 0 0 0 0 0 0 0 1 0 0 26 0 0 0 0 0 0 0 0 41 41 0 0 0 50 6
40 0 0 37 0 0 0 0 0 0 0 0 0 0 0 0 0 0 0 0 0 0 0 0 0 0 2 46 12 0 0 81 0 38 8 0 1 0 12 0 0
0 51 19 0 0 0 0 0 0 0 0 0 0 0 0 0 0 0 0 0 0 0 0 0 0 33 0 0 0 0 0 0 0 0 37 32 0 0 0 63 20
38 0 0 35 0 0 0 0 0 0 0 0 0 0 0 0 0 0 0 0 0 0 0 0 0 0 2 44 11 0 0 78 0 37 7 0 1 0 11 0 0
0 10 16 0 0 0 0 0 0 0 0 0 0 0 0 0 0 0 0 0 0 0 6 0 0 16 0 0 0 0 0 19 0 0 32 47 0 0 0 34 0
0 68 26 0 0 0 0 0 0 0 0 0 0 0 0 0 0 0 0 0 0 0 0 0 0 37 0 0 2 0 0 0 0 0 37 31 0 0 0 78 31
39 0 0 37 0 0 0 0 0 0 0 0 0 0 0 0 0 0 0 0 0 0 0 0 0 0 2 46 12 0 0 81 0 38 7 0 1 0 12 0 0
35 0 0 33 0 0 0 0 0 0 0 0 0 0 0 0 0 0 0 0 0 0 0 0 0 0 2 42 11 0 0 76 0 36 4 0 1 0 8 0 0
32 0 0 29 0 0 0 0 0 0 0 0 0 0 0 0 0 0 0 0 0 0 0 0 0 0 2 39 9 0 0 72 0 33 5 0 1 0 8 0 0
0 37 16 0 0 0 0 0 0 0 0 0 0 0 0 0 0 0 0 0 0 0 0 0 0 28 0 0 0 0 0 0 0 0 40 39 0 0 0 55 12
0 57 21 0 0 0 0 0 0 0 0 0 0 0 0 0 0 0 0 0 0 0 0 0 0 35 0 0 0 0 0 0 0 0 37 32 0 0 0 68 25
0 22 17 0 0 0 0 0 0 0 0 0 0 0 0 0 0 0 0 0 0 0 2 0 0 22 0 0 0 0 0 4 0 0 39 44 0 0 0 45 4
