0 0 20 0 0 0 0 0 0 0 0 0 0 0 0 0 0 0 0 0 0 0 0 0 0 0 0 0 4 0 0 46 0 0 31 35 0 29 0 24 0
0 0 27 0 0 0 0 0 0 0 0 0 0 0 0 0 0 0 0 0 0 0 0 0 0 0 0 0 4 0 0 43 0 0 30 35 0 25 0 19 0
9 0 0 52 33 6 0 0 0 0 11 0 0 0 0 0 0 0 0 0 40 0 7 0 0 0 0 0 0 0 0 0 22 0 0 0 1 0 0 0 6
0 0 25 0 0 0 0 0 0 0 0 0 0 0 0 0 0 0 0 0 0 0 0 0 0 0 0 0 4 0 0 43 0 0 31 36 0 26 0 21 0
0 0 19 0 0 0 0 0 0 0 0 0 0 0 0 0 0 0 0 0 0 0 0 0 0 0 0 0 4 0 0 48 0 0 31 36 0 31 0 25 0
0 0 29 0 0 0 0 0 0 0 0 0 0 0 0 0 0 0 0 0 0 0 0 0 0 0 0 0 4 0 0 42 0 0 30 35 0 24 1 18 0
0 0 34 0 0 2 0 0 0 0 0 0 0 0 0 0 0 0 0 0 0 0 0 0 0 0 0 0 2 0 0 28 0 0 27 30 0 15 1 11 3
0 0 21 0 0 0 0 0 0 0 0 0 0 0 0 0 0 0 0 0 0 0 0 0 0 0 0 0 4 0 0 46 0 0 31 36 0 29 0 24 0
0 0 33 0 0 1 0 0 0 0 0 0 0 0 0 0 0 0 0 0 0 0 0 0 0 0 0 0 2 0 0 32 0 0 30 33 0 18 1 14 2
0 0 32 7 0 4 0 0 0 0 0 0 0 0 0 0 0 0 0 0 0 0 0 0 0 1 0 0 1 0 0 15 0 0 23 24 0 8 0 7 5
0 0 25 0 0 0 0 0 0 0 0 0 0 0 0 0 0 0 0 0 0 0 0 0 0 0 0 0 4 0 0 44 0 0 30 35 0 27 0 21 0
11 0 0 61 42 7 0 0 0 0 15 0 0 0 0 0 0 0 0 0 53 0 9 0 0 0 0 0 0 0 0 0 29 0 0 0 1 0 0 0 5
2 0 21 21 7 5 0 0 0 0 0 0 0 0 0 0 0 0 0 0 4 0 2 0 0 1 0 0 0 0 0 0 3 0 10 8 0 0 0 0 7
9 0 0 53 35 6 0 0 0 0 12 0 0 0 0 0 0 0 0 0 43 0 8 0 0 0 0 0 0 0 0 0 24 0 0 0 1 0 0 0 5
1 0 30 15 2 5 0 0 0 0 0 0 0 0 0 0 0 0 0 0 0 0 1 0 0 1 0 0 0 0 0 8 0 0 18 19 0 3 0 2 7
9 0 0 50 32 5 0 0 0 0 10 0 0 0 0 0 0 0 0 0 39 0 8 0 0 0 0 0 0 0 0 0 21 0 0 0 0 0 0 0 6
0 0 23 0 0 0 0 0 0 0 0 0 0 0 0 0 0 0 0 0 0 0 0 0 0 0 0 0 4 0 0 41 0 0 29 34 0 24 0 19 0
0 0 33 0 0 2 0 0 0 0 0 0 0 0 0 0 0 0 0 0 0 0 0 0 0 0 0 0 1 0 0 23 0 0 26 29 0 13 1 10 4
0 0 18 0 0 0 0 0 0 0 0 0 0 0 0 0 0 0 0 0 0 0 0 0 0 0 0 0 5 0 0 51 0 0 31 37 0 33 0 26 0
7 0 0 47 29 5 0 0 0 0 9 0 0 0 0 0 0 0 0 0 35 0 8 0 0 0 0 0 0 0 0 0 19 0 0 0 0 0 0 0 6
0 0 31 6 0 3 0 0 0 0 0 0 0 0 0 0 0 0 0 0 0 0 0 0 0 0 0 0 0 0 0 17 0 0 22 24 0 9 1 7 5
7 0 0 42 25 5 0 0 0 0 7 0 0 0 0 0 0 0 0 0 30 0 7 0 0 0 0 0 0 0 0 0 15 0 0 0 0 0 0 0 6
0 0 26 0 0 0 0 0 0 0 0 0 0 0 0 0 0 0 0 0 0 0 0 0 0 0 0 0 4 0 0 41 0 0 30 34 0 24 0 18 0
0 0 33 0 0 0 0 0 0 0 0 0 0 0 0 0 0 0 0 0 0 0 0 0 0 0 0 0 3 0 0 33 0 0 31 35 0 18 1 16 2
1 0 29 15 2 4 0 0 0 0 0 0 0 0 0 0 0 0 0 0 0 0 0 0 0 1 0 0 0 0 0 7 0 0 17 18 0 3 0 2 7
10 0 0 55 37 6 0 0 0 0 12 0 0 0 0 0 0 0 0 0 45 0 8 0 0 0 0 0 0 0 0 0 25 0 0 0 1 0 0 0 5
0 0 33 6 0 4 0 0 0 0 0 0 0 0 0 0 0 0 0 0 0 0 0 0 0 1 0 0 0 0 0 16 0 0 26 28 0 8 0 9 6
0 1 29 0 0 0 0 0 0 0 0 0 0 0 0 0 0 0 0 0 0 0 0 0 0 0 0 0 4 0 0 38 0 0 28 33 0 21 1 15 0
0 0 31 0 0 0 0 0 0 0 0 0 0 0 0 0 0 0 0 0 0 0 0 0 0 0 0 0 3 0 0 37 0 0 30 35 0 21 1 16 0
0 0 30 12 0 5 0 0 0 0 0 0 0 0 0 0 0 0 0 0 0 0 0 0 0 1 0 0 0 0 0 9 0 0 21 22 0 4 0 6 7
0 0 15 0 0 0 0 0 0 0 0 0 0 0 0 0 0 0 0 0 0 0 0 0 0 0 0 0 5 0 0 54 0 0 31 38 0 35 0 28 0
0 0 30 0 0 0 0 0 0 0 0 0 0 0 0 0 0 0 0 0 0 0 0 0 0 0 0 0 4 0 0 36 0 0 32 36 0 20 0 18 1
0 0 29 0 0 0 0 0 0 0 0 0 0 0 0 0 0 0 0 0 0 0 0 0 0 0 0 0 3 0 0 40 0 0 31 36 0 23 1 18 0
0 0 23 0 0 0 0 0 0 0 0 0 0 0 0 0 0 0 0 0 0 0 0 0 0 0 0 0 4 0 0 43 0 0 31 35 0 26 0 21 0
2 0 27 24 7 7 0 0 0 0 0 0 0 0 0 0 0 0 0 0 4 0 2 0 0 1 0 0 0 0 0 0 2 0 14 13 0 0 0 0 9
0 0 20 0 0 0 0 0 0 0 0 0 0 0 0 0 0 0 0 0 0 0 0 0 0 0 0 0 4 0 0 45 0 0 30 35 0 28 0 23 0
0 0 32 0 0 2 0 0 0 0 0 0 0 0 0 0 0 0 0 0 0 0 0 0 0 0 0 0 3 0 0 30 0 0 28 31 0 16 0 12 3
3 0 16 26 11 5 0 0 0 0 0 0 0 0 0 0 0 0 0 0 9 0 3 0 0 1 0 0 0 0 0 0 5 0 4 1 0 0 0 0 7
0 0 27 0 0 0 0 0 0 0 0 0 0 0 0 0 0 0 0 0 0 0 0 0 0 0 0 0 4 0 0 40 0 0 30 35 0 23 0 18 0
0 0 29 0 0 0 0 0 0 0 0 0 0 0 0 0 0 0 0 0 0 0 0 0 0 0 0 0 4 0 0 41 0 0 30 35 0 24 1 17 0
8 0 0 44 26 5 0 0 0 0 8 0 0 0 0 0 0 0 0 0 31 0 7 0 0 0 0 0 0 0 0 0 16 0 0 0 0 0 0 0 7
0 0 25 0 0 0 0 0 0 0 0 0 0 0 0 0 0 0 0 0 0 0 0 0 0 0 0 0 3 0 0 42 0 0 30 35 0 25 0 20 0
0 1 29 0 0 0 0 0 0 0 0 0 0 0 0 0 0 0 0 0 0 0 0 0 0 0 0 0 4 0 0 38 0 0 28 32 0 22 1 15 0
0 0 32 0 0 0 0 0 0 0 0 0 0 0 0 0 0 0 0 0 0 0 0 0 0 0 0 0 3 0 0 34 0 0 31 35 0 19 1 16 1
0 0 18 0 0 0 0 0 0 0 0 0 0 0 0 0 0 0 0 0 0 0 0 0 0 0 0 0 4 0 0 47 0 0 30 35 0 30 0 24 0
0 1 30 0 0 0 0 0 0 0 0 0 0 0 0 0 0 0 0 0 0 0 0 0 0 0 0 0 4 0 0 40 0 0 28 33 0 23 1 15 0
0 0 26 0 0 0 0 0 0 0 0 0 0 0 0 0 0 0 0 0 0 0 0 0 0 0 0 0 4 0 0 43 0 0 29 34 0 25 0 19 0
0 0 19 0 0 0 0 0 0 0 0 0 0 0 0 0 0 0 0 0 0 0 0 0 0 0 0 0 4 0 0 45 0 0 29 34 0 28 0 23 0
6 0 0 39 22 6 0 0 0 0 5 0 0 0 0 0 0 0 0 0 25 0 7 0 0 0 0 0 0 0 0 0 12 0 0 0 0 0 0 0 8
0 1 29 0 0 0 0 0 0 0 0 0 0 0 0 0 0 0 0 0 0 0 0 0 0 0 0 0 4 0 0 38 0 0 30 34 0 22 0 16 0
0 0 34 0 0 1 0 0 0 0 0 0 0 0 0 0 0 0 0 0 0 0 0 0 0 0 0 0 2 0 0 31 0 0 29 33 0 17 1 14 2
5 0 5 36 18 6 0 0 0 0 3 0 0 0 0 0 0 0 0 0 20 0 6 0 0 0 0 0 0 0 0 0 9 0 0 0 0 0 0 0 8
0 0 23 0 0 0 0 0 0 0 0 0 0 0 0 0 0 0 0 0 0 0 0 0 0 0 0 0 4 0 0 44 0 0 30 35 0 27 0 22 0
14 0 0 69 48 7 0 0 0 0 18 0 0 0 0 0 0 0 0 0 62 0 10 0 0 0 0 0 0 0 0 0 35 0 0 0 2 0 0 0 4
10 0 0 57 39 6 0 0 0 0 14 0 0 0 0 0 0 0 0 0 49 0 9 0 0 0 0 0 0 0 0 0 27 0 0 0 1 0 0 0 5
0 1 26 0 0 0 0 0 0 0 0 0 0 0 0 0 0 0 0 0 0 0 0 0 0 0 0 0 4 0 0 41 0 0 29 34 0 25 1 18 0
0 0 20 0 0 0 0 0 0 0 0 0 0 0 0 0 0 0 0 0 0 0 0 0 0 0 0 0 4 0 0 49 0 0 32 37 0 31 0 26 0
6 0 0 38 19 5 0 0 0 0 4 0 0 0 0 0 0 0 0 0 22 0 6 0 0 0 0 0 0 0 0 0 11 0 0 0 0 0 0 0 8
0 0 33 0 0 1 0 0 0 0 0 0 0 0 0 0 0 0 0 0 0 0 0 0 0 0 0 0 2 0 0 28 0 0 28 31 0 16 1 12 3
7 0 0 45 28 5 0 0 0 0 9 0 0 0 0 0 0 0 0 0 33 0 7 0 0 0 0 0 0 0 0 0 18 0 0 0 0 0 0 0 6
0 0 30 12 1 4 0 0 0 0 0 0 0 0 0 0 0 0 0 0 0 0 0 0 0 1 0 0 0 0 0 10 0 0 20 20 0 4 0 5 6
0 0 34 0 0 2 0 0 0 0 0 0 0 0 0 0 0 0 0 0 0 0 0 0 0 0 0 0 2 0 0 29 0 0 29 33 0 16 0 13 3
1 0 26 13 2 4 0 0 0 0 0 0 0 0 0 0 0 0 0 0 0 0 1 0 0 0 0 0 0 0 0 8 0 0 16 16 0 3 0 2 6
0 0 19 0 0 0 0 0 0 0 0 0 0 0 0 0 0 0 0 0 0 0 0 0 0 0 0 0 4 0 0 48 0 0 32 37 0 30 0 26 0
4 0 16 29 12 6 0 0 0 0 0 0 0 0 0 0 0 0 0 0 11 0 4 0 0 1 0 0 0 0 0 0 5 0 3 0 0 0 0 0 8
0 0 23 0 0 0 0 0 0 0 0 0 0 0 0 0 0 0 0 0 0 0 0 0 0 0 0 0 4 0 0 41 0 0 29 33 0 25 0 20 0
0 0 22 0 0 0 0 0 0 0 0 0 0 0 0 0 0 0 0 0 0 0 0 0 0 0 0 0 4 0 0 42 0 0 29 34 0 26 0 21 0
3 0 20 28 11 6 0 0 0 0 0 0 0 0 0 0 0 0 0 0 9 0 3 0 0 1 0 0 0 0 0 0 4 0 7 4 0 0 0 0 8
0 0 20 0 0 0 0 0 0 0 0 0 0 0 0 0 0 0 0 0 0 0 0 0 0 0 0 0 4 0 0 47 0 0 30 36 0 30 0 24 0
0 0 28 0 0 0 0 0 0 0 0 0 0 0 0 0 0 0 0 0 0 0 0 0 0 0 0 0 4 0 0 39 0 0 30 34 0 22 0 17 0
0 0 25 0 0 0 0 0 0 0 0 0 0 0 0 0 0 0 0 0 0 0 0 0 0 0 0 0 4 0 0 44 0 0 31 36 0 26 0 21 0
4 0 18 29 11 6 0 0 0 0 0 0 0 0 0 0 0 0 0 0 10 0 4 0 0 1 0 0 0 0 0 0 5 0 5 2 0 0 0 0 8
0 0 18 0 0 0 0 0 0 0 0 0 0 0 0 0 0 0 0 0 0 0 0 0 0 0 0 0 4 0 0 49 0 0 31 36 0 31 0 25 0
4 0 8 33 15 6 0 0 0 0 2 0 0 0 0 0 0 0 0 0 16 0 5 0 0 1 0 0 0 0 0 0 8 0 0 0 0 0 0 0 8
0 0 23 0 0 0 0 0 0 0 0 0 0 0 0 0 0 0 0 0 0 0 0 0 0 0 0 0 4 0 0 44 0 0 30 35 0 27 0 21 0
0 0 28 0 0 0 0 0 0 0 0 0 0 0 0 0 0 0 0 0 0 0 0 0 0 0 0 0 4 0 0 41 0 0 30 35 0 24 1 18 0
6 0 0 39 21 5 0 0 0 0 5 0 0 0 0 0 0 0 0 0 25 0 7 0 0 0 0 0 0 0 0 0 12 0 0 0 0 0 0 0 7
7 0 0 42 25 5 0 0 0 0 7 0 0 0 0 0 0 0 0 0 30 0 7 0 0 0 0 0 0 0 0 0 16 0 0 0 0 0 0 0 6
0 0 24 0 0 0 0 0 0 0 0 0 0 0 0 0 0 0 0 0 0 0 0 0 0 0 0 0 4 0 0 41 0 0 30 34 0 25 0 20 0
0 0 23 0 0 0 0 0 0 0 0 0 0 0 0 0 0 0 0 0 0 0 0 0 0 0 0 0 4 0 0 42 0 0 29 34 0 25 0 20 0
0 0 30 8 0 4 0 0 0 0 0 0 0 0 0 0 0 0 0 0 0 0 0 0 0 0 0 0 0 0 0 13 0 0 23 24 0 6 0 8 5
0 1 28 0 0 0 0 0 0 0 0 0 0 0 0 0 0 0 0 0 0 0 0 0 0 0 0 0 3 0 0 37 0 0 28 32 0 21 1 16 0
0 0 18 0 0 0 0 0 0 0 0 0 0 0 0 0 0 0 0 0 0 0 0 0 0 0 0 0 4 0 0 48 0 0 31 36 0 30 0 25 0
0 0 29 0 0 0 0 0 0 0 0 0 0 0 0 0 0 0 0 0 0 0 0 0 0 0 0 0 4 0 0 39 0 0 30 35 0 22 1 17 0
0 0 19 0 0 0 0 0 0 0 0 0 0 0 0 0 0 0 0 0 0 0 0 0 0 0 0 0 5 0 0 50 0 0 33 38 0 32 0 27 0
0 0 23 0 0 0 0 0 0 0 0 0 0 0 0 0 0 0 0 0 0 0 0 0 0 0 0 0 4 0 0 45 0 0 30 35 0 28 0 21 0
1 0 28 19 4 5 0 0 0 0 0 0 0 0 0 0 0 0 0 0 0 0 0 0 0 1 0 0 0 0 0 3 1 0 16 16 0 0 0 2 7
0 0 29 0 0 0 0 0 0 0 0 0 0 0 0 0 0 0 0 0 0 0 0 0 0 0 0 0 3 0 0 39 0 0 29 34 0 23 1 17 0
0 0 27 0 0 0 0 0 0 0 0 0 0 0 0 0 0 0 0 0 0 0 0 0 0 0 0 0 4 0 0 40 0 0 30 34 0 23 1 18 0
0 0 25 0 0 0 0 0 0 0 0 0 0 0 0 0 0 0 0 0 0 0 0 0 0 0 0 0 4 0 0 44 0 0 30 35 0 26 0 20 0
3 0 19 30 12 7 0 0 0 0 0 0 0 0 0 0 0 0 0 0 11 0 4 0 0 1 0 0 0 0 0 0 5 0 5 2 0 0 0 0 9
0 0 26 0 0 0 0 0 0 0 0 0 0 0 0 0 0 0 0 0 0 0 0 0 0 0 0 0 4 0 0 43 0 0 32 36 0 25 0 21 0
0 0 35 0 0 3 0 0 0 0 0 0 0 0 0 0 0 0 0 0 0 0 0 0 0 0 0 0 1 0 0 24 0 0 29 32 0 13 0 12 5
0 0 26 0 0 0 0 0 0 0 0 0 0 0 0 0 0 0 0 0 0 0 0 0 0 0 0 0 4 0 0 41 0 0 29 34 0 24 0 19 0
0 0 32 0 0 0 0 0 0 0 0 0 0 0 0 0 0 0 0 0 0 0 0 0 0 0 0 0 3 0 0 34 0 0 30 34 0 19 1 15 2
0 0 28 0 0 0 0 0 0 0 0 0 0 0 0 0 0 0 0 0 0 0 0 0 0 0 0 0 4 0 0 40 0 0 29 34 0 23 1 16 0
0 0 29 9 0 3 0 0 0 0 0 0 0 0 0 0 0 0 0 0 0 0 0 0 0 0 0 0 0 0 0 12 0 0 20 20 0 6 0 5 5
0 0 15 0 0 0 0 0 0 0 0 0 0 0 0 0 0 0 0 0 0 0 0 0 0 0 1 0 5 0 0 56 0 0 33 40 0 36 0 29 0
0 0 23 0 0 0 0 0 0 0 0 0 0 0 0 0 0 0 0 0 0 0 0 0 0 0 0 0 4 0 0 45 0 0 30 35 0 27 0 22 0
0 0 32 14 1 6 0 0 0 0 0 0 0 0 0 0 0 0 0 0 0 0 1 0 0 1 0 0 0 0 0 10 0 0 21 22 0 4 0 4 7
7 0 0 40 22 5 0 0 0 0 5 0 0 0 0 0 0 0 0 0 26 0 7 0 0 0 0 0 0 0 0 0 12 0 0 0 0 0 0 0 8
6 0 0 39 21 5 0 0 0 0 4 0 0 0 0 0 0 0 0 0 23 0 6 0 0 0 0 0 0 0 0 0 12 0 0 0 0 0 0 0 7
0 0 16 0 0 0 0 0 0 0 0 0 0 0 0 0 0 0 0 0 0 0 0 0 0 0 1 0 5 0 0 54 0 0 33 39 0 35 0 29 0
0 0 19 0 0 0 0 0 0 0 0 0 0 0 0 0 0 0 0 0 0 0 0 0 0 0 0 0 4 0 0 49 0 0 31 36 0 31 0 24 0
0 0 23 0 0 0 0 0 0 0 0 0 0 0 0 0 0 0 0 0 0 0 0 0 0 0 0 0 4 0 0 43 0 0 29 34 0 26 0 20 0
0 0 19 0 0 0 0 0 0 0 0 0 0 0 0 0 0 0 0 0 0 0 0 0 0 0 0 0 4 0 0 48 0 0 31 36 0 30 0 25 0
0 0 28 0 0 0 0 0 0 0 0 0 0 0 0 0 0 0 0 0 0 0 0 0 0 0 0 0 4 0 0 41 0 0 31 35 0 24 0 18 0
11 0 0 62 42 7 0 0 0 0 15 0 0 0 0 0 0 0 0 0 52 0 9 0 0 0 0 0 0 0 0 0 29 0 0 0 1 0 0 0 5
0 0 33 0 0 2 0 0 0 0 0 0 0 0 0 0 0 0 0 0 0 0 0 0 0 0 0 0 1 0 0 23 0 0 25 28 0 13 1 10 4
9 0 0 52 34 6 0 0 0 0 11 0 0 0 0 0 0 0 0 0 41 0 8 0 0 0 0 0 0 0 0 0 23 0 0 0 1 0 0 0 6
0 0 33 0 0 2 0 0 0 0 0 0 0 0 0 0 0 0 0 0 0 0 0 0 0 0 0 0 2 0 0 26 0 0 27 30 0 14 0 11 4
0 1 31 0 0 0 0 0 0 0 0 0 0 0 0 0 0 0 0 0 0 0 0 0 0 0 0 0 3 0 0 35 0 0 28 33 0 20 1 14 1
0 0 16 0 0 0 0 0 0 0 0 0 0 0 0 0 0 0 0 0 0 0 0 0 0 0 0 0 5 0 0 49 0 0 30 36 0 32 0 25 0
7 0 0 43 26 4 0 0 0 0 8 0 0 0 0 0 0 0 0 0 30 0 6 0 0 0 0 0 0 0 0 0 16 0 0 0 0 0 0 0 6
12 0 0 64 43 7 0 0 0 0 16 0 0 0 0 0 0 0 0 0 53 0 9 0 0 0 0 0 0 0 0 0 31 0 0 0 1 0 0 0 5
0 0 35 0 0 1 0 0 0 0 0 0 0 0 0 0 0 0 0 0 0 0 0 0 0 0 0 0 2 0 0 29 0 0 30 34 0 16 1 14 3
0 0 18 0 0 0 0 0 0 0 0 0 0 0 0 0 0 0 0 0 0 0 0 0 0 0 0 0 4 0 0 51 0 0 32 37 0 33 0 26 0
8 0 0 43 25 5 0 0 0 0 7 0 0 0 0 0 0 0 0 0 30 0 8 0 0 0 0 0 0 0 0 0 15 0 0 0 0 0 0 0 7
0 0 17 0 0 0 0 0 0 0 0 0 0 0 0 0 0 0 0 0 0 0 0 0 0 0 0 0 5 0 0 51 0 0 31 37 0 33 0 26 0
8 0 0 48 30 5 0 0 0 0 10 0 0 0 0 0 0 0 0 0 36 0 8 0 0 0 0 0 0 0 0 0 19 0 0 0 0 0 0 0 6
0 0 34 0 0 3 0 0 0 0 0 0 0 0 0 0 0 0 0 0 0 0 0 0 0 0 0 0 1 0 0 26 0 0 30 33 0 14 0 13 4
0 0 25 0 0 0 0 0 0 0 0 0 0 0 0 0 0 0 0 0 0 0 0 0 0 0 0 0 4 0 0 42 0 0 29 34 0 25 0 19 0
0 0 23 0 0 0 0 0 0 0 0 0 0 0 0 0 0 0 0 0 0 0 0 0 0 0 0 0 4 0 0 43 0 0 30 35 0 25 0 21 0
0 0 19 0 0 0 0 0 0 0 0 0 0 0 0 0 0 0 0 0 0 0 0 0 0 0 0 0 4 0 0 48 0 0 31 36 0 31 0 25 0
5 0 2 37 19 5 0 0 0 0 3 0 0 0 0 0 0 0 0 0 20 0 6 0 0 0 0 0 0 0 0 0 10 0 0 0 0 0 0 0 8
0 0 26 0 0 0 0 0 0 0 0 0 0 0 0 0 0 0 0 0 0 0 0 0 0 0 0 0 4 0 0 40 0 0 28 33 0 23 0 17 0
0 0 19 0 0 0 0 0 0 0 0 0 0 0 0 0 0 0 0 0 0 0 0 0 0 0 0 0 4 0 0 47 0 0 31 36 0 30 0 24 0
0 0 32 0 0 0 0 0 0 0 0 0 0 0 0 0 0 0 0 0 0 0 0 0 0 0 0 0 3 0 0 36 0 0 31 36 0 20 1 16 1
0 0 18 0 0 0 0 0 0 0 0 0 0 0 0 0 0 0 0 0 0 0 0 0 0 0 0 0 4 0 0 47 0 0 30 35 0 30 0 25 0
0 0 15 0 0 0 0 0 0 0 0 0 0 0 0 0 0 0 0 0 0 0 0 0 0 0 1 0 5 0 0 55 0 0 32 39 0 36 0 28 0
0 0 29 8 0 3 0 0 0 0 0 0 0 0 0 0 0 0 0 0 0 0 0 0 0 1 0 0 0 0 0 14 0 0 20 21 0 7 0 5 5
0 1 30 0 0 0 0 0 0 0 0 0 0 0 0 0 0 0 0 0 0 0 0 0 0 0 0 0 3 0 0 38 0 0 30 35 0 21 1 17 0
1 0 30 19 4 6 0 0 0 0 0 0 0 0 0 0 0 0 0 0 1 0 1 0 0 1 0 0 0 0 0 2 0 0 18 18 0 0 0 2 8
0 0 30 2 0 2 0 0 0 0 0 0 0 0 0 0 0 0 0 0 0 0 0 0 0 0 0 0 1 0 0 21 0 0 23 24 0 11 0 8 4
0 0 21 0 0 0 0 0 0 0 0 0 0 0 0 0 0 0 0 0 0 0 0 0 0 0 0 0 4 0 0 47 0 0 31 36 0 30 0 24 0
4 0 4 34 16 5 0 0 0 0 3 0 0 0 0 0 0 0 0 0 18 0 5 0 0 0 0 0 0 0 0 0 9 0 0 0 0 0 0 0 8
0 0 23 0 0 0 0 0 0 0 0 0 0 0 0 0 0 0 0 0 0 0 0 0 0 0 0 0 4 0 0 44 0 0 30 35 0 27 0 21 0
0 0 24 0 0 0 0 0 0 0 0 0 0 0 0 0 0 0 0 0 0 0 0 0 0 0 0 0 4 0 0 43 0 0 31 35 0 26 0 21 0
8 0 0 50 33 5 0 0 0 0 11 0 0 0 0 0 0 0 0 0 39 0 7 0 0 0 0 0 0 0 0 0 22 0 0 0 1 0 0 0 6
0 0 22 0 0 0 0 0 0 0 0 0 0 0 0 0 0 0 0 0 0 0 0 0 0 0 0 0 4 0 0 45 0 0 32 36 0 28 0 23 0
8 0 0 45 29 5 0 0 0 0 9 0 0 0 0 0 0 0 0 0 35 0 7 0 0 0 0 0 0 0 0 0 19 0 0 0 0 0 0 0 6
2 0 25 20 5 5 0 0 0 0 0 0 0 0 0 0 0 0 0 0 3 0 1 0 0 1 0 0 0 0 0 0 2 0 13 12 0 0 0 0 7
0 0 22 0 0 0 0 0 0 0 0 0 0 0 0 0 0 0 0 0 0 0 0 0 0 0 0 0 4 0 0 44 0 0 31 35 0 27 0 23 0
13 0 0 70 49 8 0 0 0 0 18 0 0 0 0 0 0 0 0 0 61 0 10 0 0 0 0 0 0 0 0 0 35 0 0 0 2 0 0 0 4
0 0 15 0 0 0 0 0 0 0 0 0 0 0 0 0 0 0 0 0 0 0 0 0 0 0 1 0 5 0 0 56 0 0 32 39 0 37 0 29 0
0 0 19 0 0 0 0 0 0 0 0 0 0 0 0 0 0 0 0 0 0 0 0 0 0 0 0 0 4 0 0 45 0 0 31 35 0 29 0 24 0
0 0 19 0 0 0 0 0 0 0 0 0 0 0 0 0 0 0 0 0 0 0 0 0 0 0 0 0 4 0 0 47 0 0 30 35 0 29 0 24 0
10 0 0 54 36 6 0 0 0 0 12 0 0 0 0 0 0 0 0 0 44 0 8 0 0 0 0 0 0 0 0 0 25 0 0 0 1 0 0 0 5
0 0 21 0 0 0 0 0 0 0 0 0 0 0 0 0 0 0 0 0 0 0 0 0 0 0 0 0 4 0 0 47 0 0 31 36 0 29 0 24 0
0 0 36 3 0 4 0 0 0 0 0 0 0 0 0 0 0 0 0 0 0 0 0 0 0 1 0 0 1 0 0 22 0 0 30 32 0 11 0 11 6
3 0 15 30 13 6 0 0 0 0 1 0 0 0 0 0 0 0 0 0 12 0 4 0 0 1 0 0 0 0 0 0 6 0 3 0 0 0 0 0 9
7 0 0 39 21 5 0 0 0 0 5 0 0 0 0 0 0 0 0 0 24 0 7 0 0 0 0 0 0 0 0 0 13 0 0 0 0 0 0 0 7
0 0 19 0 0 0 0 0 0 0 0 0 0 0 0 0 0 0 0 0 0 0 0 0 0 0 0 0 4 0 0 49 0 0 32 38 0 31 0 26 0
7 0 0 43 25 5 0 0 0 0 7 0 0 0 0 0 0 0 0 0 30 0 7 0 0 0 0 0 0 0 0 0 16 0 0 0 0 0 0 0 6
0 0 25 0 0 0 0 0 0 0 0 0 0 0 0 0 0 0 0 0 0 0 0 0 0 0 0 0 4 0 0 44 0 0 31 36 0 26 0 20 0
0 0 25 0 0 0 0 0 0 0 0 0 0 0 0 0 0 0 0 0 0 0 0 0 0 0 0 0 4 0 0 42 0 0 28 33 0 24 0 18 0
5 0 6 37 18 6 0 0 0 0 3 0 0 0 0 0 0 0 0 0 19 0 6 0 0 0 0 0 0 0 0 0 9 0 0 0 0 0 0 0 9
0 0 18 0 0 0 0 0 0 0 0 0 0 0 0 0 0 0 0 0 0 0 0 0 0 0 0 0 4 0 0 49 0 0 30 35 0 31 0 25 0
0 0 25 0 0 0 0 0 0 0 0 0 0 0 0 0 0 0 0 0 0 0 0 0 0 0 0 0 4 0 0 41 0 0 28 33 0 24 0 18 0
0 0 16 0 0 0 0 0 0 0 0 0 0 0 0 0 0 0 0 0 0 0 0 0 0 0 1 0 5 0 0 54 0 0 32 39 0 35 0 28 0
0 0 26 0 0 0 0 0 0 0 0 0 0 0 0 0 0 0 0 0 0 0 0 0 0 0 0 0 4 0 0 41 0 0 29 34 0 24 0 18 0
0 0 32 5 0 3 0 0 0 0 0 0 0 0 0 0 0 0 0 0 0 0 0 0 0 1 0 0 1 0 0 18 0 0 23 25 0 10 1 7 5
0 0 20 0 0 0 0 0 0 0 0 0 0 0 0 0 0 0 0 0 0 0 0 0 0 0 0 0 4 0 0 45 0 0 31 35 0 28 0 23 0
7 0 0 42 25 5 0 0 0 0 7 0 0 0 0 0 0 0 0 0 30 0 7 0 0 0 0 0 0 0 0 0 16 0 0 0 0 0 0 0 6
0 0 35 0 0 3 0 0 0 0 0 0 0 0 0 0 0 0 0 0 0 0 0 0 0 0 0 0 2 0 0 24 0 0 30 33 0 13 0 13 5
0 0 20 0 0 0 0 0 0 0 0 0 0 0 0 0 0 0 0 0 0 0 0 0 0 0 0 0 4 0 0 46 0 0 30 35 0 29 0 23 0
6 0 2 39 19 6 0 0 0 0 4 0 0 0 0 0 0 0 0 0 21 0 6 0 0 1 0 0 0 0 0 0 10 0 0 0 0 0 0 0 8
0 0 14 0 0 0 0 0 0 0 0 0 0 0 0 0 0 0 0 0 0 0 0 0 0 0 1 0 6 0 0 58 0 0 33 41 0 38 0 30 0
7 0 0 47 30 5 0 0 0 0 9 0 0 0 0 0 0 0 0 0 36 0 7 0 0 0 0 0 0 0 0 0 19 0 0 0 0 0 0 0 6
10 0 0 56 37 6 0 0 0 0 13 0 0 0 0 0 0 0 0 0 45 0 8 0 0 0 0 0 0 0 0 0 25 0 0 0 1 0 0 0 5
0 0 23 0 0 0 0 0 0 0 0 0 0 0 0 0 0 0 0 0 0 0 0 0 0 0 0 0 4 0 0 44 0 0 30 35 0 27 0 22 0
1 0 27 13 1 3 0 0 0 0 0 0 0 0 0 0 0 0 0 0 0 0 0 0 0 0 0 0 0 0 0 8 1 0 17 16 0 3 0 2 6
0 0 23 0 0 0 0 0 0 0 0 0 0 0 0 0 0 0 0 0 0 0 0 0 0 0 0 0 4 0 0 44 0 0 31 35 0 26 0 22 0
7 0 0 47 30 5 0 0 0 0 10 0 0 0 0 0 0 0 0 0 37 0 7 0 0 0 0 0 0 0 0 0 20 0 0 0 0 0 0 0 6
0 0 27 0 0 0 0 0 0 0 0 0 0 0 0 0 0 0 0 0 0 0 0 0 0 0 0 0 4 0 0 40 0 0 29 34 0 23 1 17 0
0 0 22 0 0 0 0 0 0 0 0 0 0 0 0 0 0 0 0 0 0 0 0 0 0 0 0 0 4 0 0 44 0 0 30 35 0 27 0 22 0
0 0 34 0 0 3 0 0 0 0 0 0 0 0 0 0 0 0 0 0 0 0 0 0 0 0 0 0 1 0 0 25 0 0 28 31 0 13 1 12 4
0 0 33 5 0 4 0 0 0 0 0 0 0 0 0 0 0 0 0 0 0 0 0 0 0 0 0 0 2 0 0 18 0 0 26 28 0 9 0 9 6
0 0 24 0 0 0 0 0 0 0 0 0 0 0 0 0 0 0 0 0 0 0 0 0 0 0 0 0 4 0 0 44 0 0 32 36 0 26 0 22 0
0 0 24 0 0 0 0 0 0 0 0 0 0 0 0 0 0 0 0 0 0 0 0 0 0 0 0 0 4 0 0 43 0 0 31 35 0 26 0 22 0
0 0 19 0 0 0 0 0 0 0 0 0 0 0 0 0 0 0 0 0 0 0 0 0 0 0 0 0 4 0 0 47 0 0 30 35 0 30 0 24 0
0 0 34 0 0 2 0 0 0 0 0 0 0 0 0 0 0 0 0 0 0 0 0 0 0 0 0 0 2 0 0 27 0 0 29 32 0 15 0 12 4
0 0 24 0 0 0 0 0 0 0 0 0 0 0 0 0 0 0 0 0 0 0 0 0 0 0 0 0 4 0 0 42 0 0 30 35 0 25 0 20 0
5 0 11 32 15 6 0 0 0 0 2 0 0 0 0 0 0 0 0 0 15 0 5 0 0 0 0 0 0 0 0 0 7 0 0 0 0 0 0 0 8
8 0 0 49 31 5 0 0 0 0 10 0 0 0 0 0 0 0 0 0 38 0 8 0 0 0 0 0 0 0 0 0 20 0 0 0 0 0 0 0 6
0 0 22 0 0 0 0 0 0 0 0 0 0 0 0 0 0 0 0 0 0 0 0 0 0 0 0 0 4 0 0 42 0 0 30 34 0 26 0 21 0
0 0 25 0 0 0 0 0 0 0 0 0 0 0 0 0 0 0 0 0 0 0 0 0 0 0 0 0 4 0 0 42 0 0 30 34 0 25 0 20 0
8 0 0 48 31 5 0 0 0 0 10 0 0 0 0 0 0 0 0 0 37 0 7 0 0 0 0 0 0 0 0 0 20 0 0 0 0 0 0 0 6
0 0 25 0 0 0 0 0 0 0 0 0 0 0 0 0 0 0 0 0 0 0 0 0 0 0 0 0 4 0 0 44 0 0 30 35 0 26 0 20 0
1 0 23 24 8 6 0 0 0 0 0 0 0 0 0 0 0 0 0 0 6 0 2 0 0 1 0 0 0 0 0 0 3 0 11 9 0 0 0 0 8
6 0 0 38 20 5 0 0 0 0 4 0 0 0 0 0 0 0 0 0 23 0 6 0 0 0 0 0 0 0 0 0 11 0 0 0 0 0 0 0 7
7 0 0 43 26 5 0 0 0 0 7 0 0 0 0 0 0 0 0 0 32 0 8 0 0 0 0 0 0 0 0 0 17 0 0 0 0 0 0 0 6
6 0 0 40 21 5 0 0 0 0 5 0 0 0 0 0 0 0 0 0 24 0 6 0 0 0 0 0 0 0 0 0 12 0 0 0 0 0 0 0 7
7 0 0 42 26 4 0 0 0 0 8 0 0 0 0 0 0 0 0 0 30 0 6 0 0 0 0 0 0 0 0 0 16 0 0 0 0 0 0 0 6
7 0 0 41 23 5 0 0 0 0 6 0 0 0 0 0 0 0 0 0 28 0 7 0 0 0 0 0 0 0 0 0 14 0 0 0 0 0 0 0 7
0 0 21 0 0 0 0 0 0 0 0 0 0 0 0 0 0 0 0 0 0 0 0 0 0 0 0 0 4 0 0 46 0 0 31 36 0 29 0 24 0
0 0 27 0 0 0 0 0 0 0 0 0 0 0 0 0 0 0 0 0 0 0 0 0 0 0 0 0 4 0 0 40 0 0 30 35 0 23 0 18 0
11 0 0 58 39 6 0 0 0 0 14 0 0 0 0 0 0 0 0 0 50 0 9 0 0 0 0 0 0 0 0 0 27 0 0 0 1 0 0 0 5
0 0 24 0 0 0 0 0 0 0 0 0 0 0 0 0 0 0 0 0 0 0 0 0 0 0 0 0 4 0 0 42 0 0 29 33 0 25 0 19 0
0 0 27 0 0 0 0 0 0 0 0 0 0 0 0 0 0 0 0 0 0 0 0 0 0 0 0 0 4 0 0 38 0 0 30 34 0 22 0 17 0
4 0 16 27 10 5 0 0 0 0 0 0 0 0 0 0 0 0 0 0 10 0 3 0 0 1 0 0 0 0 0 0 5 0 3 0 0 0 0 0 7
0 0 14 0 0 0 0 0 0 0 0 0 0 0 0 0 0 0 0 0 0 0 0 0 0 0 1 0 5 0 0 53 0 0 31 38 0 35 0 28 0
7 0 0 45 28 5 0 0 0 0 9 0 0 0 0 0 0 0 0 0 33 0 7 0 0 0 0 0 0 0 0 0 18 0 0 0 0 0 0 0 7
0 0 18 0 0 0 0 0 0 0 0 0 0 0 0 0 0 0 0 0 0 0 0 0 0 0 0 0 4 0 0 48 0 0 30 35 0 30 0 24 0
7 0 0 40 22 5 0 0 0 0 5 0 0 0 0 0 0 0 0 0 24 0 6 0 0 0 0 0 0 0 0 0 13 0 0 0 0 0 0 0 7
0 0 22 0 0 0 0 0 0 0 0 0 0 0 0 0 0 0 0 0 0 0 0 0 0 0 0 0 4 0 0 45 0 0 31 35 0 28 0 23 0
3 0 15 31 13 6 0 0 0 0 1 0 0 0 0 0 0 0 0 0 13 0 5 0 0 1 0 0 0 0 0 0 6 0 2 0 0 0 0 0 9
0 0 22 0 0 0 0 0 0 0 0 0 0 0 0 0 0 0 0 0 0 0 0 0 0 0 0 0 4 0 0 43 0 0 30 34 0 26 0 22 0
0 0 15 0 0 0 0 0 0 0 0 0 0 0 0 0 0 0 0 0 0 0 0 0 0 0 0 0 5 0 0 53 0 0 30 37 0 35 0 27 0
0 1 28 0 0 0 0 0 0 0 0 0 0 0 0 0 0 0 0 0 0 0 0 0 0 0 0 0 4 0 0 39 0 0 28 33 0 22 1 15 0
0 0 20 0 0 0 0 0 0 0 0 0 0 0 0 0 0 0 0 0 0 0 0 0 0 0 0 0 4 0 0 46 0 0 31 36 0 29 0 23 0
4 0 6 33 16 6 0 0 0 0 2 0 0 0 0 0 0 0 0 0 17 0 6 0 0 0 0 0 0 0 0 0 8 0 0 0 0 0 0 0 8
0 1 31 0 0 0 0 0 0 0 0 0 0 0 0 0 0 0 0 0 0 0 0 0 0 0 0 0 3 0 0 32 0 0 26 30 0 18 1 11 2
0 0 25 0 0 0 0 0 0 0 0 0 0 0 0 0 0 0 0 0 0 0 0 0 0 0 0 0 4 0 0 42 0 0 29 34 0 25 0 19 0
8 0 0 48 30 5 0 0 0 0 10 0 0 0 0 0 0 0 0 0 36 0 7 0 0 0 0 0 0 0 0 0 20 0 0 0 0 0 0 0 6
0 0 31 6 0 3 0 0 0 0 0 0 0 0 0 0 0 0 0 0 0 0 0 0 0 0 0 0 1 0 0 17 0 0 22 24 0 9 1 7 5
4 0 11 30 13 6 0 0 0 0 1 0 0 0 0 0 0 0 0 0 14 0 4 0 0 0 0 0 0 0 0 0 6 0 0 0 0 0 0 0 8
7 0 0 40 22 5 0 0 0 0 5 0 0 0 0 0 0 0 0 0 26 0 7 0 0 0 0 0 0 0 0 0 13 0 0 0 0 0 0 0 7
9 0 0 51 32 6 0 0 0 0 11 0 0 0 0 0 0 0 0 0 39 0 8 0 0 0 0 0 0 0 0 0 21 0 0 0 1 0 0 0 6
4 0 13 31 13 5 0 0 0 0 1 0 0 0 0 0 0 0 0 0 13 0 4 0 0 0 0 0 0 0 0 0 6 0 1 0 0 0 0 0 8
8 0 0 49 31 5 0 0 0 0 10 0 0 0 0 0 0 0 0 0 37 0 7 0 0 0 0 0 0 0 0 0 20 0 0 0 1 0 0 0 6
5 0 10 34 16 6 0 0 0 0 2 0 0 0 0 0 0 0 0 0 16 0 5 0 0 1 0 0 0 0 0 0 7 0 0 0 0 0 0 0 8
0 0 31 0 0 0 0 0 0 0 0 0 0 0 0 0 0 0 0 0 0 0 0 0 0 0 0 0 3 0 0 34 0 0 27 31 0 19 1 13 1
1 0 26 18 4 4 0 0 0 0 0 0 0 0 0 0 0 0 0 0 1 0 1 0 0 1 0 0 0 0 0 2 1 0 14 13 0 0 0 0 7
0 1 28 0 0 0 0 0 0 0 0 0 0 0 0 0 0 0 0 0 0 0 0 0 0 0 0 0 4 0 0 40 0 0 29 34 0 23 1 17 0
0 0 32 7 0 3 0 0 0 0 0 0 0 0 0 0 0 0 0 0 0 0 0 0 0 0 0 0 0 0 0 17 0 0 23 25 0 8 1 6 6
0 0 21 0 0 0 0 0 0 0 0 0 0 0 0 0 0 0 0 0 0 0 0 0 0 0 0 0 4 0 0 45 0 0 31 36 0 28 0 23 0
0 0 13 0 0 0 0 0 0 0 0 0 0 0 0 0 0 0 0 0 0 0 0 0 0 0 1 0 6 0 0 61 0 0 34 42 0 40 0 32 0
0 0 34 0 0 1 0 0 0 0 0 0 0 0 0 0 0 0 0 0 0 0 0 0 0 0 0 0 2 0 0 30 0 0 30 34 0 17 0 14 3
0 0 32 2 0 1 0 0 0 0 0 0 0 0 0 0 0 0 0 0 0 0 0 0 0 0 0 0 1 0 0 21 0 0 23 25 0 12 1 8 4
7 0 0 45 29 5 0 0 0 0 9 0 0 0 0 0 0 0 0 0 35 0 8 0 0 0 0 0 0 0 0 0 19 0 0 0 0 0 0 0 6
0 0 34 0 0 1 0 0 0 0 0 0 0 0 0 0 0 0 0 0 0 0 0 0 0 0 0 0 2 0 0 32 0 0 30 34 0 18 1 14 2
0 0 20 0 0 0 0 0 0 0 0 0 0 0 0 0 0 0 0 0 0 0 0 0 0 0 0 0 4 0 0 47 0 0 32 37 0 30 0 25 0
2 0 18 24 9 5 0 0 0 0 0 0 0 0 0 0 0 0 0 0 7 0 3 0 0 1 0 0 0 0 0 0 4 0 7 5 0 0 0 0 8
0 0 33 0 0 1 0 0 0 0 0 0 0 0 0 0 0 0 0 0 0 0 0 0 0 0 0 0 2 0 0 30 0 0 29 32 0 17 1 13 3
0 0 33 0 0 0 0 0 0 0 0 0 0 0 0 0 0 0 0 0 0 0 0 0 0 0 0 0 3 0 0 34 0 0 31 35 0 19 1 15 2
5 0 0 37 19 5 0 0 0 0 4 0 0 0 0 0 0 0 0 0 22 0 6 0 0 0 0 0 0 0 0 0 11 0 0 0 0 0 0 0 8
0 0 26 0 0 0 0 0 0 0 0 0 0 0 0 0 0 0 0 0 0 0 0 0 0 0 0 0 4 0 0 41 0 0 31 35 0 24 0 19 0
0 0 20 0 0 0 0 0 0 0 0 0 0 0 0 0 0 0 0 0 0 0 0 0 0 0 0 0 4 0 0 47 0 0 30 35 0 29 0 24 0
0 0 34 0 0 1 0 0 0 0 0 0 0 0 0 0 0 0 0 0 0 0 0 0 0 0 0 0 1 0 0 26 0 0 27 31 0 14 1 11 4
3 0 14 31 13 6 0 0 0 0 1 0 0 0 0 0 0 0 0 0 13 0 4 0 0 1 0 0 0 0 0 0 6 0 2 0 0 0 0 0 9
0 0 16 0 0 0 0 0 0 0 0 0 0 0 0 0 0 0 0 0 0 0 0 0 0 0 0 0 5 0 0 52 0 0 31 37 0 34 0 27 0
3 0 21 29 11 7 0 0 0 0 0 0 0 0 0 0 0 0 0 0 10 0 4 0 0 1 0 0 0 0 0 0 4 0 7 5 0 0 0 0 9
0 1 29 0 0 0 0 0 0 0 0 0 0 0 0 0 0 0 0 0 0 0 0 0 0 0 0 0 3 0 0 37 0 0 28 32 0 21 1 15 0
3 0 15 29 12 5 0 0 0 0 1 0 0 0 0 0 0 0 0 0 11 0 3 0 0 0 0 0 0 0 0 0 6 0 3 0 0 0 0 0 8
0 0 16 0 0 0 0 0 0 0 0 0 0 0 0 0 0 0 0 0 0 0 0 0 0 0 0 0 5 0 0 52 0 0 31 37 0 34 0 27 0
8 0 0 46 28 5 0 0 0 0 9 0 0 0 0 0 0 0 0 0 34 0 7 0 0 0 0 0 0 0 0 0 18 0 0 0 0 0 0 0 6
9 0 0 50 32 5 0 0 0 0 11 0 0 0 0 0 0 0 0 0 40 0 8 0 0 0 0 0 0 0 0 0 22 0 0 0 0 0 0 0 5
7 0 0 46 28 5 0 0 0 0 9 0 0 0 0 0 0 0 0 0 34 0 7 0 0 0 0 0 0 0 0 0 18 0 0 0 0 0 0 0 6
0 1 31 0 0 0 0 0 0 0 0 0 0 0 0 0 0 0 0 0 0 0 0 0 0 0 0 0 3 0 0 30 0 0 27 30 0 16 1 13 2
4 0 13 28 12 4 0 0 0 0 1 0 0 0 0 0 0 0 0 0 11 0 3 0 0 0 0 0 0 0 0 0 6 0 2 0 0 0 0 0 7
0 0 26 0 0 0 0 0 0 0 0 0 0 0 0 0 0 0 0 0 0 0 0 0 0 0 0 0 4 0 0 41 0 0 29 33 0 24 1 18 0
0 0 32 0 0 1 0 0 0 0 0 0 0 0 0 0 0 0 0 0 0 0 0 0 0 0 0 0 2 0 0 26 0 0 26 28 0 14 1 10 3
0 0 29 11 0 5 0 0 0 0 0 0 0 0 0 0 0 0 0 0 0 0 1 0 0 1 0 0 0 0 0 10 0 0 20 21 0 5 0 4 6
9 0 0 50 32 5 0 0 0 0 10 0 0 0 0 0 0 0 0 0 39 0 7 0 0 0 0 0 0 0 0 0 21 0 0 0 0 0 0 0 6
5 0 1 37 19 5 0 0 0 0 4 0 0 0 0 0 0 0 0 0 21 0 6 0 0 1 0 0 0 0 0 0 10 0 0 0 0 0 0 0 8
