18 0 0 0 0 10 0 3 0 0 0 0 0 0 0 0 0 0 0 0 0 0 0 0 0 0 1 0 20 0 0 0 0 7 0 0 0 21 0 0 0
0 0 6 4 0 0 0 0 0 0 0 0 0 0 0 0 0 0 0 0 0 0 1 0 0 0 0 0 0 0 0 11 0 0 36 36 0 0 0 30 5
0 0 7 9 0 0 0 0 0 0 0 0 0 0 0 0 0 0 0 0 0 0 2 0 0 0 0 0 0 3 0 26 0 0 28 28 0 0 0 51 0
30 0 0 0 0 18 0 6 0 0 0 0 0 0 0 0 0 0 0 0 0 0 0 0 0 0 3 2 33 0 0 0 0 13 0 0 0 37 0 0 0
17 0 0 0 0 10 0 2 0 0 0 0 0 0 0 0 0 0 0 0 0 0 0 0 0 0 1 0 19 0 0 0 0 7 0 0 0 20 0 0 0
25 0 0 0 0 16 0 5 0 0 0 0 0 0 0 0 0 0 0 0 0 0 0 0 0 0 2 1 28 0 0 0 0 11 0 0 0 31 0 0 0
28 0 0 0 0 18 0 5 0 0 0 0 0 0 0 0 0 0 0 0 0 0 0 0 0 0 3 2 31 0 0 0 0 12 0 0 0 35 0 0 0
2 0 4 1 0 0 0 0 0 0 0 0 0 0 0 0 0 0 0 0 0 0 2 0 0 0 0 0 0 0 0 9 0 0 25 27 0 0 0 22 3
33 0 0 0 0 22 0 7 0 0 0 0 0 0 0 0 0 0 0 0 0 0 0 0 0 0 3 3 38 0 0 0 0 16 0 0 0 43 0 0 0
35 0 0 0 0 23 0 7 0 0 0 0 0 0 0 0 0 0 0 0 0 0 0 0 0 0 3 3 39 0 0 0 0 16 0 0 0 45 0 0 0
8 0 5 0 0 4 0 0 0 0 0 0 0 0 0 0 0 0 0 0 0 0 0 0 0 0 0 0 9 0 0 0 0 2 16 15 0 5 0 0 3
0 0 8 6 0 0 0 0 0 0 0 0 0 0 0 0 0 0 0 0 0 0 1 0 0 0 0 0 0 0 0 15 0 0 39 37 0 0 0 34 5
0 0 8 8 0 0 0 0 0 0 0 0 0 0 0 0 0 0 0 0 0 0 2 0 0 0 0 0 0 2 0 22 0 0 30 30 0 0 0 45 1
0 0 9 8 0 0 0 0 0 0 0 0 0 0 0 0 0 0 0 0 0 0 1 0 0 0 0 0 0 2 0 21 0 0 35 33 0 0 0 42 3
6 0 3 0 0 0 0 0 0 0 0 0 0 0 0 0 0 0 0 0 0 0 1 0 0 0 0 0 3 0 0 5 0 0 24 25 0 0 0 15 3
27 0 0 0 0 17 0 5 0 0 0 0 0 0 0 0 0 0 0 0 0 0 0 0 0 0 2 2 30 0 0 0 0 12 0 0 0 34 0 0 0
2 0 6 1 0 0 0 0 0 0 0 0 0 0 0 0 0 0 0 0 0 0 0 0 0 0 0 0 1 0 0 3 0 0 33 31 0 0 0 14 6
0 0 10 11 0 0 0 0 0 0 0 0 0 0 0 0 0 0 0 0 0 0 1 0 0 0 0 0 0 3 0 24 2 0 32 28 0 0 0 46 1
1 0 7 2 0 0 0 0 0 0 0 0 0 0 0 0 0 0 0 0 0 0 0 0 0 0 0 0 0 0 0 4 0 0 35 32 0 0 0 16 6
0 0 10 11 0 0 0 0 0 0 0 0 0 0 0 0 0 0 0 0 0 0 0 0 0 0 0 0 0 4 0 25 2 0 32 27 0 0 0 46 0
12 0 2 0 0 5 0 0 0 0 0 0 0 0 0 0 0 0 0 0 0 0 0 0 0 0 0 0 12 0 0 0 0 4 8 6 0 9 0 0 2
17 0 0 0 0 10 0 2 0 0 0 0 0 0 0 0 0 0 0 0 0 0 0 0 0 0 1 0 19 0 0 0 0 7 0 0 0 19 0 0 0
9 0 3 0 0 3 0 0 0 0 0 0 0 0 0 0 0 0 0 0 0 0 0 0 0 0 0 0 9 0 0 0 0 2 14 14 0 5 0 0 2
0 0 8 8 0 0 0 0 0 0 0 0 0 0 0 0 0 0 0 0 0 0 1 0 0 0 0 0 0 2 0 21 0 0 35 33 0 0 0 42 3
0 0 8 10 0 0 0 0 0 0 0 0 0 0 0 0 0 0 0 0 0 0 2 0 0 0 0 0 0 3 0 26 1 0 29 28 0 0 0 48 0
13 0 1 0 0 7 0 1 0 0 0 0 0 0 0 0 0 0 0 0 0 0 0 0 0 0 0 0 15 0 0 0 0 5 0 0 0 13 0 0 0
0 0 10 11 0 0 0 0 0 0 0 0 0 0 0 0 0 0 0 0 0 0 0 0 0 0 0 0 0 3 0 24 1 0 34 29 0 0 0 45 1
0 0 10 12 0 0 0 0 0 0 0 0 0 0 0 0 0 0 0 0 0 0 1 0 0 0 0 0 0 4 0 26 2 0 33 28 0 0 0 47 0
27 0 0 0 0 17 0 5 0 0 0 0 0 0 0 0 0 0 0 0 0 0 0 0 0 0 3 2 30 0 0 0 0 12 0 0 0 34 0 0 0
14 0 1 0 0 9 0 1 0 0 0 0 0 0 0 0 0 0 0 0 0 0 0 0 0 0 0 0 17 0 0 0 0 7 0 0 0 17 0 0 0
0 0 10 9 0 0 0 0 0 0 0 0 0 0 0 0 0 0 0 0 0 0 0 0 0 0 0 0 0 2 0 19 0 0 39 34 0 0 0 40 4
10 0 3 0 0 6 0 0 0 0 0 0 0 0 0 0 0 0 0 0 0 0 0 0 0 0 0 0 11 0 0 0 0 4 8 6 0 9 0 0 2
0 0 9 5 0 0 0 0 0 0 0 0 0 0 0 0 0 0 0 0 0 0 1 0 0 0 0 0 0 0 0 12 0 0 42 39 0 0 0 30 6
8 0 3 0 0 0 0 0 0 0 0 0 0 0 0 0 0 0 0 0 0 0 1 0 0 0 0 0 6 0 0 2 0 0 18 18 0 2 0 9 2
0 0 9 11 0 0 0 0 0 0 0 0 0 0 0 0 0 0 0 0 0 0 1 0 0 0 0 0 0 4 0 25 1 0 31 28 0 0 0 48 0
0 0 12 9 0 0 0 0 0 0 0 0 0 0 0 0 0 0 0 0 0 0 0 0 0 1 0 0 0 1 0 17 0 0 43 36 0 0 0 35 5
26 0 0 0 0 16 0 5 0 0 0 0 0 0 0 0 0 0 0 0 0 0 0 0 0 0 2 1 29 0 0 0 0 11 0 0 0 32 0 0 0
0 0 9 10 0 0 0 0 0 0 0 0 0 0 0 0 0 0 0 0 0 0 1 0 0 0 0 0 0 3 0 23 1 0 33 30 0 0 0 44 1
0 0 10 12 0 0 0 0 0 0 0 0 0 0 0 0 0 0 0 0 0 0 1 0 0 0 0 0 0 4 0 26 2 0 31 27 0 0 0 48 0
0 0 11 12 0 0 0 0 0 0 0 0 0 0 0 0 0 0 0 0 0 0 0 1 0 0 0 0 0 4 0 24 2 0 34 28 0 0 0 45 1
0 0 10 14 0 0 0 0 0 0 0 0 0 0 0 0 0 0 0 0 0 0 3 1 0 0 0 0 0 5 0 32 3 0 27 23 0 0 0 56 0
0 0 8 10 0 0 0 0 0 0 0 0 0 0 0 0 0 0 0 0 0 0 1 0 0 0 0 0 0 3 0 24 1 0 31 30 0 0 0 47 1
0 0 9 3 0 0 0 0 0 0 0 0 0 0 0 0 0 0 0 0 0 0 0 0 0 0 0 0 0 0 0 8 0 0 40 37 0 0 0 23 6
0 0 7 5 0 0 0 0 0 0 0 0 0 0 0 0 0 0 0 0 0 0 1 0 0 0 0 0 0 0 0 16 0 0 35 36 0 0 0 37 4
0 0 8 12 0 0 0 0 0 0 0 0 0 0 0 0 0 0 0 0 0 0 3 0 0 0 0 0 0 5 0 29 2 0 27 25 0 0 0 53 0
0 0 7 6 0 0 0 0 0 0 0 0 0 0 0 0 0 0 0 0 0 0 1 0 0 0 0 0 0 1 0 20 0 0 32 34 0 0 0 42 3
22 0 0 0 0 14 0 4 0 0 0 0 0 0 0 0 0 0 0 0 0 0 0 0 0 0 2 1 25 0 0 0 0 10 0 0 0 27 0 0 0
21 0 0 0 0 13 0 3 0 0 0 0 0 0 0 0 0 0 0 0 0 0 0 0 0 0 2 1 23 0 0 0 0 9 0 0 0 26 0 0 0
0 0 6 5 0 0 0 0 0 0 0 0 0 0 0 0 0 0 0 0 0 0 1 0 0 0 0 0 0 1 0 20 0 0 31 33 0 0 0 42 3
0 0 7 4 0 0 0 0 0 0 0 0 0 0 0 0 0 0 0 0 0 0 2 0 0 0 0 0 0 0 0 14 0 0 35 36 0 0 0 32 4
30 0 0 0 0 19 0 6 0 0 0 0 0 0 0 0 0 0 0 0 0 0 0 0 0 0 3 2 33 0 0 0 0 13 0 0 0 38 0 0 0
29 0 0 0 0 18 0 6 0 0 0 0 0 0 0 0 0 0 0 0 0 0 0 0 0 0 3 2 33 0 0 0 0 13 0 0 0 37 0 0 0
24 0 0 0 0 14 0 4 0 0 0 0 0 0 0 0 0 0 0 0 0 0 0 0 0 0 2 1 26 0 0 0 0 10 0 0 0 29 0 0 0
18 0 0 0 0 10 0 2 0 0 0 0 0 0 0 0 0 0 0 0 0 0 0 0 0 0 1 0 19 0 0 0 0 7 0 0 0 21 0 0 0
0 0 9 10 0 0 0 0 0 0 0 0 0 0 0 0 0 0 0 0 0 0 1 0 0 0 0 0 0 3 0 23 1 0 32 28 0 0 0 45 1
20 0 0 0 0 12 0 3 0 0 0 0 0 0 0 0 0 0 0 0 0 0 0 0 0 0 2 1 22 0 0 0 0 8 0 0 0 23 0 0 0
32 0 0 0 0 20 0 6 0 0 0 0 0 0 0 0 0 0 0 0 0 0 0 0 0 0 3 2 35 0 0 0 0 14 0 0 0 40 0 0 0
0 0 7 6 0 0 0 0 0 0 0 0 0 0 0 0 0 0 0 0 0 0 1 0 0 0 0 0 0 1 0 18 0 0 35 35 0 0 0 39 4
0 0 5 4 0 0 0 0 0 0 0 0 0 0 0 0 0 0 0 0 0 0 2 0 0 0 0 0 0 0 0 13 0 0 34 34 0 0 0 31 4
33 0 0 0 0 21 0 7 0 0 0 0 0 0 0 0 0 0 0 0 0 0 0 0 0 0 3 2 37 0 0 0 0 15 0 0 0 42 0 0 0
27 0 0 0 0 18 0 5 0 0 0 0 0 0 0 0 0 0 0 0 0 0 0 0 0 0 2 2 31 0 0 0 0 13 0 0 0 35 0 0 0
19 0 0 0 0 11 0 3 0 0 0 0 0 0 0 0 0 0 0 0 0 0 0 0 0 0 1 0 20 0 0 0 0 8 0 0 0 22 0 0 0
8 0 4 0 0 2 0 0 0 0 0 0 0 0 0 0 0 0 0 0 0 0 0 0 0 0 0 0 6 0 0 0 0 0 22 22 0 1 0 7 4
0 0 7 6 0 0 0 0 0 0 0 0 0 0 0 0 0 0 0 0 0 0 1 0 0 0 0 0 0 1 0 18 0 0 35 35 0 0 0 38 4
0 0 5 5 0 0 0 0 0 0 0 0 0 0 0 0 0 0 0 0 0 0 2 0 0 0 0 0 0 0 0 16 0 0 34 36 0 0 0 37 4
0 0 7 6 0 0 0 0 0 0 0 0 0 0 0 0 0 0 0 0 0 0 1 0 0 0 0 0 0 0 0 16 0 0 37 37 0 0 0 37 5
0 0 9 8 0 0 0 0 0 0 0 0 0 0 0 0 0 0 0 0 0 0 0 0 0 0 0 0 0 2 0 20 0 0 34 32 0 0 0 41 3
11 0 2 0 0 7 0 0 0 0 0 0 0 0 0 0 0 0 0 0 0 0 0 0 0 0 0 0 13 0 0 0 0 5 3 3 0 11 0 0 1
0 0 7 6 0 0 0 0 0 0 0 0 0 0 0 0 0 0 0 0 0 0 1 0 0 0 0 0 0 1 0 19 0 0 32 33 0 0 0 42 3
5 0 4 0 0 0 0 0 0 0 0 0 0 0 0 0 0 0 0 0 0 0 1 0 0 0 0 0 2 0 0 5 0 0 27 28 0 0 0 16 4
0 0 10 12 0 0 0 0 0 0 0 0 0 0 0 0 0 0 0 0 0 0 1 0 0 0 0 0 0 4 0 27 2 0 31 27 0 0 0 49 0
0 0 7 5 0 0 0 0 0 0 0 0 0 0 0 0 0 0 0 0 0 0 1 0 0 0 0 0 0 1 0 19 0 0 32 34 0 0 0 41 3
0 0 5 2 0 0 0 0 0 0 0 0 0 0 0 0 0 0 0 0 0 0 1 0 0 0 0 0 0 0 0 13 0 0 31 33 0 0 0 31 4
0 0 5 3 0 0 0 0 0 0 0 0 0 0 0 0 0 0 0 0 0 0 2 0 0 0 0 0 0 0 0 13 0 0 33 34 0 0 0 32 4
9 0 3 0 0 2 0 0 0 0 0 0 0 0 0 0 0 0 0 0 0 0 1 0 0 0 0 0 8 0 0 0 0 1 16 16 0 4 0 3 2
0 0 9 7 0 0 0 0 0 0 0 0 0 0 0 0 0 0 0 0 0 0 1 0 0 0 0 0 0 1 0 19 0 0 36 34 0 0 0 40 4
0 0 9 10 0 0 0 0 0 0 0 0 0 0 0 0 0 0 0 0 0 0 1 0 0 0 0 0 0 3 0 24 1 0 32 29 0 0 0 46 1
0 0 7 7 0 0 0 0 0 0 0 0 0 0 0 0 0 0 0 0 0 0 1 0 0 0 0 0 0 2 0 21 0 0 30 31 0 0 0 43 2
0 0 8 8 0 0 0 0 0 0 0 0 0 0 0 0 0 0 0 0 0 0 1 0 0 0 0 0 0 1 0 20 0 0 36 34 0 0 0 43 3
0 0 8 10 0 0 0 0 0 0 0 0 0 0 0 0 0 0 0 0 0 0 2 0 0 0 0 0 0 3 0 25 1 0 30 28 0 0 0 48 0
0 0 8 7 0 0 0 0 0 0 0 0 0 0 0 0 0 0 0 0 0 0 1 0 0 0 0 0 0 1 0 20 0 0 35 34 0 0 0 41 4
36 0 0 0 0 24 0 7 0 0 0 0 0 0 0 0 0 0 0 0 0 0 0 0 0 0 3 3 40 0 0 0 0 17 0 0 0 46 0 0 0
0 0 8 3 0 0 0 0 0 0 0 0 0 0 0 0 0 0 0 0 0 0 1 0 0 0 0 0 0 0 0 7 0 0 38 35 0 0 0 21 6
6 0 4 0 0 0 0 0 0 0 0 0 0 0 0 0 0 0 0 0 0 0 0 0 0 0 0 0 4 0 0 3 0 0 27 26 0 0 0 13 4
0 0 9 11 0 0 0 0 0 0 0 0 0 0 0 0 0 0 0 0 0 0 2 0 0 0 0 0 0 4 0 27 2 0 28 26 0 0 0 50 0
0 0 9 11 0 0 0 0 0 0 0 0 0 0 0 0 0 0 0 0 0 0 1 0 0 0 0 0 0 4 0 26 2 0 31 27 0 0 0 48 0
13 0 1 0 0 6 0 1 0 0 0 0 0 0 0 0 0 0 0 0 0 0 0 0 0 0 0 0 13 0 0 0 0 4 1 1 0 12 0 0 1
0 0 9 10 0 0 0 0 0 0 0 0 0 0 0 0 0 0 0 0 0 0 1 0 0 0 0 0 0 3 0 23 1 0 32 29 0 0 0 45 1
22 0 0 0 0 13 0 4 0 0 0 0 0 0 0 0 0 0 0 0 0 0 0 0 0 0 2 1 25 0 0 0 0 9 0 0 0 27 0 0 0
18 0 0 0 0 10 0 2 0 0 0 0 0 0 0 0 0 0 0 0 0 0 0 0 0 0 1 0 19 0 0 0 0 7 0 0 0 20 0 0 0
0 0 8 9 0 0 0 0 0 0 0 0 0 0 0 0 0 0 0 0 0 0 2 0 0 0 0 0 0 3 0 24 1 0 31 30 0 0 0 48 1
18 0 0 0 0 12 0 3 0 0 0 0 0 0 0 0 0 0 0 0 0 0 0 0 0 0 1 0 21 0 0 0 0 8 0 0 0 22 0 0 0
0 0 7 5 0 0 0 0 0 0 0 0 0 0 0 0 0 0 0 0 0 0 1 0 0 0 0 0 0 1 0 18 0 0 35 36 0 0 0 39 4
6 0 5 0 0 1 0 0 0 0 0 0 0 0 0 0 0 0 0 0 0 0 0 0 0 0 0 0 4 0 0 2 0 0 25 24 0 0 0 10 4
0 0 10 10 0 0 0 0 0 0 0 0 0 0 0 0 0 0 0 0 0 0 0 0 0 0 0 0 0 2 0 22 1 0 36 32 0 0 0 43 3
19 0 0 0 0 11 0 3 0 0 0 0 0 0 0 0 0 0 0 0 0 0 0 0 0 0 1 0 21 0 0 0 0 8 0 0 0 22 0 0 0
14 0 0 0 0 10 0 2 0 0 0 0 0 0 0 0 0 0 0 0 0 0 0 0 0 0 1 0 18 0 0 0 0 7 0 0 0 18 0 0 0
11 0 2 0 0 5 0 0 0 0 0 0 0 0 0 0 0 0 0 0 0 0 0 0 0 0 0 0 12 0 0 0 0 3 9 8 0 9 0 0 1
0 0 6 5 0 0 0 0 0 0 0 0 0 0 0 0 0 0 0 0 0 0 2 0 0 0 0 0 0 0 0 16 0 0 35 36 0 0 0 37 4
0 0 7 6 0 0 0 0 0 0 0 0 0 0 0 0 0 0 0 0 0 0 1 0 0 0 0 0 0 1 0 18 0 0 34 34 0 0 0 41 3
0 0 8 7 0 0 0 0 0 0 0 0 0 0 0 0 0 0 0 0 0 0 1 0 0 0 0 0 0 2 0 21 0 0 33 33 0 0 0 43 3
0 0 7 7 0 0 0 0 0 0 0 0 0 0 0 0 0 0 0 0 0 0 1 0 0 0 0 0 0 1 0 20 0 0 33 33 0 0 0 42 3
19 0 0 0 0 12 0 3 0 0 0 0 0 0 0 0 0 0 0 0 0 0 0 0 0 0 2 1 22 0 0 0 0 8 0 0 0 24 0 0 0
19 0 0 0 0 11 0 3 0 0 0 0 0 0 0 0 0 0 0 0 0 0 0 0 0 0 1 0 21 0 0 0 0 8 0 0 0 22 0 0 0
22 0 0 0 0 13 0 4 0 0 0 0 0 0 0 0 0 0 0 0 0 0 0 0 0 0 2 1 24 0 0 0 0 9 0 0 0 26 0 0 0
27 0 0 0 0 16 0 5 0 0 0 0 0 0 0 0 0 0 0 0 0 0 0 0 0 0 2 1 29 0 0 0 0 11 0 0 0 33 0 0 0
29 0 0 0 0 19 0 6 0 0 0 0 0 0 0 0 0 0 0 0 0 0 0 0 0 0 3 2 33 0 0 0 0 13 0 0 0 37 0 0 0
35 0 0 0 0 23 0 7 0 0 0 0 0 0 0 0 0 0 0 0 0 0 0 0 0 0 3 3 39 0 0 0 0 15 0 0 0 44 0 0 0
6 0 5 0 0 3 0 0 0 0 0 0 0 0 0 0 0 0 0 0 0 0 0 0 0 0 0 0 7 0 0 0 0 1 20 18 0 3 0 1 4
11 0 2 0 0 4 0 0 0 0 0 0 0 0 0 0 0 0 0 0 0 0 0 0 0 0 0 0 11 0 0 0 0 3 7 7 0 9 0 0 1
0 0 7 9 0 0 0 0 0 0 0 0 0 0 0 0 0 0 0 0 0 0 2 0 0 0 0 0 0 3 0 26 1 0 27 27 0 0 0 49 0
0 0 10 11 0 0 0 0 0 0 0 0 0 0 0 0 0 0 0 0 0 0 1 0 0 0 0 0 0 4 0 26 2 0 31 27 0 0 0 48 0
0 0 9 12 0 0 0 0 0 0 0 0 0 0 0 0 0 0 0 0 0 0 2 1 0 0 0 0 0 4 0 29 2 0 28 25 0 0 0 52 0
8 0 4 0 0 3 0 0 0 0 0 0 0 0 0 0 0 0 0 0 0 0 0 0 0 0 0 0 8 0 0 0 0 1 17 17 0 3 0 1 3
17 0 0 0 0 10 0 2 0 0 0 0 0 0 0 0 0 0 0 0 0 0 0 0 0 0 1 0 19 0 0 0 0 7 0 0 0 20 0 0 0
0 0 11 8 0 0 0 0 0 0 0 0 0 0 0 0 0 0 0 0 0 0 0 0 0 0 0 0 0 1 0 17 0 0 39 34 0 0 0 37 4
0 0 7 5 0 0 0 0 0 0 0 0 0 0 0 0 0 0 0 0 0 0 2 0 0 0 0 0 0 0 0 15 0 0 36 36 0 0 0 35 4
18 0 0 0 0 11 0 3 0 0 0 0 0 0 0 0 0 0 0 0 0 0 0 0 0 0 1 0 21 0 0 0 0 8 0 0 0 22 0 0 0
0 0 7 7 0 0 0 0 0 0 0 0 0 0 0 0 0 0 0 0 0 0 2 0 0 0 0 0 0 2 0 22 0 0 31 32 0 0 0 46 2
30 0 0 0 0 18 0 6 0 0 0 0 0 0 0 0 0 0 0 0 0 0 0 0 0 0 3 2 33 0 0 0 0 13 0 0 0 37 0 0 0
14 0 1 0 0 5 0 1 0 0 0 0 0 0 0 0 0 0 0 0 0 0 0 0 0 0 1 0 13 0 0 0 0 3 0 0 0 12 0 0 0
2 0 5 2 0 0 0 0 0 0 0 0 0 0 0 0 0 0 0 0 0 0 1 0 0 0 0 0 0 0 0 8 0 0 33 33 0 0 0 23 5
20 0 0 0 0 12 0 3 0 0 0 0 0 0 0 0 0 0 0 0 0 0 0 0 0 0 2 1 22 0 0 0 0 9 0 0 0 24 0 0 0
31 0 0 0 0 19 0 6 0 0 0 0 0 0 0 0 0 0 0 0 0 0 0 0 0 0 3 2 34 0 0 0 0 13 0 0 0 38 0 0 0
7 0 4 0 0 1 0 0 0 0 0 0 0 0 0 0 0 0 0 0 0 0 0 0 0 0 0 0 6 0 0 1 0 0 23 22 0 1 0 7 4
15 0 0 0 0 8 0 1 0 0 0 0 0 0 0 0 0 0 0 0 0 0 0 0 0 0 1 0 16 0 0 0 0 6 0 0 0 16 0 0 0
0 0 7 9 0 0 0 0 0 0 0 0 0 0 0 0 0 0 0 0 0 0 2 0 0 0 0 0 0 3 0 25 1 0 27 27 0 0 0 48 0
10 0 3 0 0 7 0 1 0 0 0 0 0 0 0 0 0 0 0 0 0 0 0 0 0 0 1 0 13 0 0 0 0 5 0 0 0 12 0 0 0
0 0 6 4 0 0 0 0 0 0 0 0 0 0 0 0 0 0 0 0 0 0 2 0 0 0 0 0 0 0 0 11 0 0 38 37 0 0 0 29 6
0 0 5 2 0 0 0 0 0 0 0 0 0 0 0 0 0 0 0 0 0 0 2 0 0 0 0 0 0 0 0 13 0 0 30 32 0 0 0 31 4
0 0 6 6 0 0 0 0 0 0 0 0 0 0 0 0 0 0 0 0 0 0 1 0 0 0 0 0 0 1 0 18 0 0 33 34 0 0 0 40 4
11 0 3 0 0 6 0 0 0 0 0 0 0 0 0 0 0 0 0 0 0 0 0 0 0 0 0 0 11 0 0 0 0 4 7 6 0 9 0 0 2
2 0 5 2 0 0 0 0 0 0 0 0 0 0 0 0 0 0 0 0 0 0 2 0 0 0 0 0 0 0 0 8 0 0 31 31 0 0 0 23 4
22 0 0 0 0 13 0 4 0 0 0 0 0 0 0 0 0 0 0 0 0 0 0 0 0 0 2 1 24 0 0 0 0 9 0 0 0 26 0 0 0
0 0 10 13 0 0 0 0 0 0 0 0 0 0 0 0 0 0 0 0 0 0 2 1 0 0 0 0 0 5 0 30 3 0 28 23 0 0 0 52 0
0 0 7 7 0 0 0 0 0 0 0 0 0 0 0 0 0 0 0 0 0 0 1 0 0 0 0 0 0 2 0 20 0 0 33 33 0 0 0 43 3
0 0 7 4 0 0 0 0 0 0 0 0 0 0 0 0 0 0 0 0 0 0 1 0 0 0 0 0 0 0 0 11 0 0 37 37 0 0 0 29 5
0 0 8 9 0 0 0 0 0 0 0 0 0 0 0 0 0 0 0 0 0 0 1 0 0 0 0 0 0 3 0 24 1 0 30 28 0 0 0 47 0
0 0 7 6 0 0 0 0 0 0 0 0 0 0 0 0 0 0 0 0 0 0 2 0 0 0 0 0 0 1 0 19 0 0 35 35 0 0 0 40 4
16 0 0 0 0 8 0 1 0 0 0 0 0 0 0 0 0 0 0 0 0 0 0 0 0 0 1 0 16 0 0 0 0 6 0 0 0 16 0 0 0
0 0 9 5 0 0 0 0 0 0 0 0 0 0 0 0 0 0 0 0 0 0 0 0 0 0 0 0 0 0 0 11 0 0 42 38 0 0 0 28 6
26 0 0 0 0 16 0 5 0 0 0 0 0 0 0 0 0 0 0 0 0 0 0 0 0 0 2 1 29 0 0 0 0 11 0 0 0 32 0 0 0
18 0 0 0 0 12 0 3 0 0 0 0 0 0 0 0 0 0 0 0 0 0 0 0 0 0 2 0 22 0 0 0 0 9 0 0 0 23 0 0 0
0 0 8 7 0 0 0 0 0 0 0 0 0 0 0 0 0 0 0 0 0 0 1 0 0 0 0 0 0 1 0 17 0 0 38 36 0 0 0 38 4
0 0 5 4 0 0 0 0 0 0 0 0 0 0 0 0 0 0 0 0 0 0 2 0 0 0 0 0 0 0 0 14 0 0 33 35 0 0 0 35 4
17 0 0 0 0 10 0 2 0 0 0 0 0 0 0 0 0 0 0 0 0 0 0 0 0 0 1 0 19 0 0 0 0 7 0 0 0 20 0 0 0
31 0 0 0 0 19 0 6 0 0 0 0 0 0 0 0 0 0 0 0 0 0 0 0 0 0 3 2 34 0 0 0 0 14 0 0 0 39 0 0 0
0 0 9 8 0 0 0 0 0 0 0 0 0 0 0 0 0 0 0 0 0 0 1 0 0 0 0 0 0 1 0 18 0 0 38 35 0 0 0 39 4
16 0 0 0 0 10 0 2 0 0 0 0 0 0 0 0 0 0 0 0 0 0 0 0 0 0 1 0 19 0 0 0 0 7 0 0 0 19 0 0 0
16 0 0 0 0 9 0 2 0 0 0 0 0 0 0 0 0 0 0 0 0 0 0 0 0 0 1 0 18 0 0 0 0 8 0 0 0 19 0 0 0
19 0 0 0 0 11 0 3 0 0 0 0 0 0 0 0 0 0 0 0 0 0 0 0 0 0 1 1 21 0 0 0 0 8 0 0 0 22 0 0 0
0 0 9 8 0 0 0 0 0 0 0 0 0 0 0 0 0 0 0 0 0 0 1 0 0 0 0 0 0 2 0 21 0 0 35 33 0 0 0 43 2
0 0 11 12 0 0 0 0 0 0 0 0 0 0 0 0 0 0 0 0 0 0 0 0 0 0 0 0 0 4 0 25 2 0 32 27 0 0 0 47 0
19 0 0 0 0 12 0 3 0 0 0 0 0 0 0 0 0 0 0 0 0 0 0 0 0 0 1 0 23 0 0 0 0 9 0 0 0 24 0 0 0
0 0 11 5 0 0 0 0 0 0 0 0 0 0 0 0 0 0 0 0 0 0 0 0 0 0 0 0 0 0 0 10 0 0 45 39 0 0 0 27 7
0 0 5 4 0 0 0 0 0 0 0 0 0 0 0 0 0 0 0 0 0 0 2 0 0 0 0 0 0 0 0 13 0 0 35 36 0 0 0 33 5
19 0 0 0 0 11 0 3 0 0 0 0 0 0 0 0 0 0 0 0 0 0 0 0 0 0 1 0 21 0 0 0 0 8 0 0 0 23 0 0 0
35 0 0 0 0 24 0 7 0 0 0 0 0 0 0 0 0 0 0 0 0 0 0 0 0 0 3 3 40 0 0 0 0 16 0 0 0 45 0 0 0
0 0 7 3 0 0 0 0 0 0 0 0 0 0 0 0 0 0 0 0 0 0 1 0 0 0 0 0 0 0 0 6 0 0 37 35 0 0 0 21 6
25 0 0 0 0 15 0 4 0 0 0 0 0 0 0 0 0 0 0 0 0 0 0 0 0 0 2 1 27 0 0 0 0 10 0 0 0 30 0 0 0
0 0 10 11 0 0 0 0 0 0 0 0 0 0 0 0 0 0 0 0 0 0 0 0 0 0 0 0 0 3 0 23 1 0 33 29 0 0 0 44 1
0 0 8 6 0 0 0 0 0 0 0 0 0 0 0 0 0 0 0 0 0 0 1 0 0 0 0 0 0 0 0 16 0 0 39 37 0 0 0 35 5
0 0 7 5 0 0 0 0 0 0 0 0 0 0 0 0 0 0 0 0 0 0 1 0 0 0 0 0 0 0 0 14 0 0 38 37 0 0 0 33 5
0 0 8 7 0 0 0 0 0 0 0 0 0 0 0 0 0 0 0 0 0 0 1 0 0 0 0 0 0 1 0 19 0 0 36 35 0 0 0 40 4
0 0 9 12 0 0 0 0 0 0 0 0 0 0 0 0 0 0 0 0 0 0 2 0 0 0 0 0 0 4 0 28 2 0 28 25 0 0 0 51 0
0 0 9 11 0 0 0 0 0 0 0 0 0 0 0 0 0 0 0 0 0 0 0 0 0 0 0 0 0 3 0 24 2 0 33 29 0 0 0 46 1
0 0 5 4 0 0 0 0 0 0 0 0 0 0 0 0 0 0 0 0 0 0 2 0 0 0 0 0 0 0 0 13 0 0 34 35 0 0 0 32 4
0 0 10 12 0 0 0 0 0 0 0 0 0 0 0 0 0 0 0 0 0 0 1 1 0 0 0 0 0 4 0 27 2 0 31 26 0 0 0 49 0
41 0 0 0 0 27 0 9 0 0 0 0 0 0 0 0 0 0 0 0 0 0 0 0 0 0 4 4 46 0 0 0 0 19 0 0 0 53 0 0 0
11 0 2 0 0 4 0 0 0 0 0 0 0 0 0 0 0 0 0 0 0 0 0 0 0 0 0 0 10 0 0 0 0 2 11 11 0 7 0 0 2
0 0 8 9 0 0 0 0 0 0 0 0 0 0 0 0 0 0 0 0 0 0 2 0 0 0 0 0 0 3 0 24 1 0 30 29 0 0 0 46 1
0 0 8 11 0 0 0 0 0 0 0 0 0 0 0 0 0 0 0 0 0 0 2 0 0 0 0 0 0 4 0 27 1 0 29 28 0 0 0 50 0
0 0 8 7 0 0 0 0 0 0 0 0 0 0 0 0 0 0 0 0 0 0 1 0 0 0 0 0 0 2 0 20 0 0 33 32 0 0 0 42 3
0 0 9 9 0 0 0 0 0 0 0 0 0 0 0 0 0 0 0 0 0 0 0 0 0 0 0 0 0 2 0 20 0 0 35 32 0 0 0 41 3
0 0 7 8 0 0 0 0 0 0 0 0 0 0 0 0 0 0 0 0 0 0 2 0 0 0 0 0 0 3 0 23 1 0 29 29 0 0 0 46 1
25 0 0 0 0 16 0 5 0 0 0 0 0 0 0 0 0 0 0 0 0 0 0 0 0 0 2 1 29 0 0 0 0 11 0 0 0 31 0 0 0
0 0 9 12 0 0 0 0 0 0 0 0 0 0 0 0 0 0 0 0 0 0 2 0 0 0 0 0 0 4 0 27 2 0 29 26 0 0 0 50 0
0 0 7 7 0 0 0 0 0 0 0 0 0 0 0 0 0 0 0 0 0 0 1 0 0 0 0 0 0 2 0 24 0 0 30 30 0 0 0 47 1
4 0 6 0 0 2 0 0 0 0 0 0 0 0 0 0 0 0 0 0 0 0 0 0 0 0 0 0 4 0 0 2 0 0 29 27 0 0 0 10 5
0 0 10 10 0 0 0 0 0 0 0 0 0 0 0 0 0 0 0 0 0 0 0 0 0 0 0 0 0 2 0 20 0 0 37 32 0 0 0 40 3
0 0 6 5 0 0 0 0 0 0 0 0 0 0 0 0 0 0 0 0 0 0 2 0 0 0 0 0 0 0 0 17 0 0 35 36 0 0 0 38 4
0 0 7 6 0 0 0 0 0 0 0 0 0 0 0 0 0 0 0 0 0 0 1 0 0 0 0 0 0 0 0 16 0 0 37 37 0 0 0 36 5
0 0 7 5 0 0 0 0 0 0 0 0 0 0 0 0 0 0 0 0 0 0 2 0 0 0 0 0 0 0 0 13 0 0 39 38 0 0 0 33 5
0 0 9 10 0 0 0 0 0 0 0 0 0 0 0 0 0 0 0 0 0 0 1 0 0 0 0 0 0 3 0 24 1 0 32 30 0 0 0 47 1
14 0 1 0 0 7 0 1 0 0 0 0 0 0 0 0 0 0 0 0 0 0 0 0 0 0 1 0 15 0 0 0 0 6 0 0 0 15 0 0 0
6 0 4 0 0 0 0 0 0 0 0 0 0 0 0 0 0 0 0 0 0 0 1 0 0 0 0 0 3 0 0 3 0 0 27 27 0 0 0 13 5
0 0 9 12 0 0 0 0 0 0 0 0 0 0 0 0 0 0 0 0 0 0 1 0 0 0 0 0 0 4 0 26 2 0 30 26 0 0 0 48 0
24 0 0 0 0 15 0 4 0 0 0 0 0 0 0 0 0 0 0 0 0 0 0 0 0 0 2 1 27 0 0 0 0 11 0 0 0 30 0 0 0
10 0 2 0 0 3 0 0 0 0 0 0 0 0 0 0 0 0 0 0 0 0 1 0 0 0 0 0 9 0 0 0 0 1 13 14 0 5 0 0 2
0 0 8 9 0 0 0 0 0 0 0 0 0 0 0 0 0 0 0 0 0 0 2 0 0 0 0 0 0 3 0 26 1 0 29 29 0 0 0 50 0
0 0 8 8 0 0 0 0 0 0 0 0 0 0 0 0 0 0 0 0 0 0 1 0 0 0 0 0 0 1 0 19 0 0 36 35 0 0 0 41 4
1 0 7 2 0 0 0 0 0 0 0 0 0 0 0 0 0 0 0 0 0 0 0 0 0 0 0 0 1 0 0 5 0 0 34 31 0 0 0 16 5
0 0 10 8 0 0 0 0 0 0 0 0 0 0 0 0 0 0 0 0 0 0 1 0 0 0 0 0 0 1 0 18 0 0 38 34 0 0 0 38 4
28 0 0 0 0 18 0 6 0 0 0 0 0 0 0 0 0 0 0 0 0 0 0 0 0 0 3 2 31 0 0 0 0 12 0 0 0 35 0 0 0
0 0 10 10 0 0 0 0 0 0 0 0 0 0 0 0 0 0 0 0 0 0 0 0 0 0 0 0 0 3 0 22 1 0 34 30 0 0 0 43 2
22 0 0 0 0 15 0 4 0 0 0 0 0 0 0 0 0 0 0 0 0 0 0 0 0 0 2 1 26 0 0 0 0 11 0 0 0 28 0 0 0
18 0 0 0 0 12 0 3 0 0 0 0 0 0 0 0 0 0 0 0 0 0 0 0 0 0 1 1 22 0 0 0 0 9 0 0 0 24 0 0 0
14 0 2 0 0 7 0 1 0 0 0 0 0 0 0 0 0 0 0 0 0 0 0 0 0 0 0 0 14 0 0 0 0 4 5 4 0 12 0 0 1
14 0 1 0 0 7 0 1 0 0 0 0 0 0 0 0 0 0 0 0 0 0 0 0 0 0 0 0 15 0 0 0 0 5 0 0 0 14 0 0 0
5 0 4 0 0 0 0 0 0 0 0 0 0 0 0 0 0 0 0 0 0 0 1 0 0 0 0 0 2 0 0 6 0 0 28 28 0 0 0 19 4
0 0 9 10 0 0 0 0 0 0 0 0 0 0 0 0 0 0 0 0 0 0 0 0 0 0 0 0 0 3 0 22 1 0 33 30 0 0 0 44 2
30 0 0 0 0 19 0 6 0 0 0 0 0 0 0 0 0 0 0 0 0 0 0 0 0 0 3 2 33 0 0 0 0 13 0 0 0 37 0 0 0
0 0 10 8 0 0 0 0 0 0 0 0 0 0 0 0 0 0 0 0 0 0 0 0 0 0 0 0 0 1 0 20 0 0 39 35 0 0 0 40 4
0 0 12 9 0 0 0 0 0 0 0 0 0 0 0 0 0 0 0 0 0 0 0 0 0 0 0 0 0 1 0 18 0 0 40 34 0 0 0 37 5
19 0 0 0 0 12 0 3 0 0 0 0 0 0 0 0 0 0 0 0 0 0 0 0 0 0 2 0 22 0 0 0 0 8 0 0 0 24 0 0 0
36 0 0 0 0 23 0 7 0 0 0 0 0 0 0 0 0 0 0 0 0 0 0 0 0 0 3 3 40 0 0 0 0 16 0 0 0 46 0 0 0
10 0 3 0 0 3 0 0 0 0 0 0 0 0 0 0 0 0 0 0 0 0 0 0 0 0 0 0 9 0 0 0 0 2 14 13 0 5 0 0 2
15 0 0 0 0 10 0 2 0 0 0 0 0 0 0 0 0 0 0 0 0 0 0 0 0 0 1 0 18 0 0 0 0 7 0 0 0 18 0 0 0
0 0 10 9 0 0 0 0 0 0 0 0 0 0 0 0 0 0 0 0 0 0 0 0 0 0 0 0 0 2 0 20 1 0 37 32 0 0 0 40 4
11 0 3 0 0 4 0 0 0 0 0 0 0 0 0 0 0 0 0 0 0 0 0 0 0 0 0 0 10 0 0 0 0 2 12 11 0 7 0 0 2
21 0 0 0 0 13 0 4 0 0 0 0 0 0 0 0 0 0 0 0 0 0 0 0 0 0 2 1 25 0 0 0 0 9 0 0 0 26 0 0 0
0 0 11 7 0 0 0 0 0 0 0 0 0 0 0 0 0 0 0 0 0 0 0 0 0 1 0 0 0 0 0 13 0 0 44 38 0 0 0 30 6
5 0 3 1 0 0 0 0 0 0 0 0 0 0 0 0 0 0 0 0 0 0 1 0 0 0 0 0 2 0 0 5 0 0 28 27 0 0 0 17 4
0 0 8 8 0 0 0 0 0 0 0 0 0 0 0 0 0 0 0 0 0 0 1 0 0 0 0 0 0 2 0 21 0 0 34 33 0 0 0 42 3
23 0 0 0 0 14 0 4 0 0 0 0 0 0 0 0 0 0 0 0 0 0 0 0 0 0 2 1 26 0 0 0 0 11 0 0 0 29 0 0 0
0 0 6 4 0 0 0 0 0 0 0 0 0 0 0 0 0 0 0 0 0 0 2 0 0 0 0 0 0 0 0 14 0 0 35 36 0 0 0 34 4
0 0 10 8 0 0 0 0 0 0 0 0 0 0 0 0 0 0 0 0 0 0 0 0 0 0 0 0 0 1 0 18 0 0 39 35 0 0 0 39 4
0 0 8 5 0 0 0 0 0 0 0 0 0 0 0 0 0 0 0 0 0 0 1 0 0 0 0 0 0 0 0 15 0 0 37 36 0 0 0 35 5
22 0 0 0 0 14 0 4 0 0 0 0 0 0 0 0 0 0 0 0 0 0 0 0 0 0 2 1 25 0 0 0 0 10 0 0 0 28 0 0 0
28 0 0 0 0 16 0 5 0 0 0 0 0 0 0 0 0 0 0 0 0 0 0 0 0 0 3 2 30 0 0 0 0 12 0 0 0 34 0 0 0
0 0 8 7 0 0 0 0 0 0 0 0 0 0 0 0 0 0 0 0 0 0 1 0 0 0 0 0 0 1 0 18 0 0 38 37 0 0 0 39 4
25 0 0 0 0 17 0 5 0 0 0 0 0 0 0 0 0 0 0 0 0 0 0 0 0 0 2 1 29 0 0 0 0 12 0 0 0 32 0 0 0
0 0 9 10 0 0 0 0 0 0 0 0 0 0 0 0 0 0 0 0 0 0 1 0 0 0 0 0 0 3 0 22 1 0 35 31 0 0 0 44 2
0 0 7 5 0 0 0 0 0 0 0 0 0 0 0 0 0 0 0 0 0 0 1 0 0 0 0 0 0 0 0 15 0 0 36 36 0 0 0 36 5
0 0 8 6 0 0 0 0 0 0 0 0 0 0 0 0 0 0 0 0 0 0 1 0 0 0 0 0 0 0 0 16 0 0 39 38 0 0 0 36 5
0 0 5 2 0 0 0 0 0 0 0 0 0 0 0 0 0 0 0 0 0 0 2 0 0 0 0 0 0 0 0 11 0 0 31 32 0 0 0 27 4
0 0 10 12 0 0 0 0 0 0 0 0 0 0 0 0 0 0 0 0 0 0 0 0 0 0 0 0 0 4 0 24 2 0 34 28 0 0 0 45 1
0 0 12 14 0 0 0 0 0 0 0 0 0 0 0 0 0 0 0 0 0 0 0 2 0 1 0 0 0 5 0 26 3 0 33 24 0 0 0 47 0
0 0 7 6 0 0 0 0 0 0 0 0 0 0 0 0 0 0 0 0 0 0 2 0 0 0 0 0 0 0 0 16 0 0 37 37 0 0 0 37 4
0 0 6 5 0 0 0 0 0 0 0 0 0 0 0 0 0 0 0 0 0 0 2 0 0 0 0 0 0 0 0 16 0 0 33 35 0 0 0 38 3
0 0 10 12 0 0 0 0 0 0 0 0 0 0 0 0 0 0 0 0 0 0 1 0 0 0 0 0 0 4 0 26 2 0 31 26 0 0 0 48 0
0 0 10 13 0 0 0 0 0 0 0 0 0 0 0 0 0 0 0 0 0 0 1 1 0 0 0 0 0 5 0 28 3 0 30 26 0 0 0 51 0
28 0 0 0 0 18 0 5 0 0 0 0 0 0 0 0 0 0 0 0 0 0 0 0 0 0 2 2 31 0 0 0 0 13 0 0 0 35 0 0 0
0 0 10 11 0 0 0 0 0 0 0 0 0 0 0 0 0 0 0 0 0 0 1 1 0 0 0 0 0 4 0 26 2 0 30 26 0 0 0 47 0
0 0 7 10 0 0 0 0 0 0 0 0 0 0 0 0 0 0 0 0 0 0 2 0 0 0 0 0 0 4 0 26 1 0 27 26 0 0 0 49 0
0 0 11 13 0 0 0 0 0 0 0 0 0 0 0 0 0 0 0 0 0 0 0 1 0 0 0 0 0 4 0 25 2 0 32 26 0 0 0 46 0
0 0 8 7 0 0 0 0 0 0 0 0 0 0 0 0 0 0 0 0 0 0 1 0 0 0 0 0 0 1 0 17 0 0 40 38 0 0 0 38 5
0 0 6 5 0 0 0 0 0 0 0 0 0 0 0 0 0 0 0 0 0 0 2 0 0 0 0 0 0 0 0 15 0 0 34 35 0 0 0 37 4
0 0 10 4 0 0 0 0 0 0 0 0 0 0 0 0 0 0 0 0 0 0 0 0 0 0 0 0 0 0 0 8 0 0 43 39 0 0 0 24 7
0 0 9 12 0 0 0 0 0 0 0 0 0 0 0 0 0 0 0 0 0 0 2 1 0 0 0 0 0 4 0 28 2 0 28 25 0 0 0 51 0
0 0 10 10 0 0 0 0 0 0 0 0 0 0 0 0 0 0 0 0 0 0 0 0 0 0 0 0 0 3 0 22 1 0 34 29 0 0 0 42 2
18 0 0 0 0 10 0 2 0 0 0 0 0 0 0 0 0 0 0 0 0 0 0 0 0 0 1 0 19 0 0 0 0 7 0 0 0 20 0 0 0
0 0 9 8 0 0 0 0 0 0 0 0 0 0 0 0 0 0 0 0 0 0 0 0 0 0 0 0 0 1 0 19 0 0 37 33 0 0 0 40 4
12 0 1 0 0 2 0 0 0 0 0 0 0 0 0 0 0 0 0 0 0 0 1 0 0 0 0 0 9 0 0 0 0 1 9 9 0 7 0 0 1
0 0 8 6 0 0 0 0 0 0 0 0 0 0 0 0 0 0 0 0 0 0 1 0 0 0 0 0 0 0 0 14 0 0 39 38 0 0 0 35 5
0 0 10 9 0 0 0 0 0 0 0 0 0 0 0 0 0 0 0 0 0 0 0 0 0 0 0 0 0 2 0 20 0 0 37 34 0 0 0 41 4
0 0 5 4 0 0 0 0 0 0 0 0 0 0 0 0 0 0 0 0 0 0 2 0 0 0 0 0 0 0 0 14 0 0 34 36 0 0 0 35 4
17 0 0 0 0 11 0 3 0 0 0 0 0 0 0 0 0 0 0 0 0 0 0 0 0 0 1 0 20 0 0 0 0 8 0 0 0 21 0 0 0
0 0 6 3 0 0 0 0 0 0 0 0 0 0 0 0 0 0 0 0 0 0 1 0 0 0 0 0 0 0 0 10 0 0 36 36 0 0 0 28 5
4 0 3 1 0 0 0 0 0 0 0 0 0 0 0 0 0 0 0 0 0 0 1 0 0 0 0 0 0 0 0 7 0 0 28 29 0 0 0 22 4
21 0 0 0 0 12 0 3 0 0 0 0 0 0 0 0 0 0 0 0 0 0 0 0 0 0 2 1 23 0 0 0 0 9 0 0 0 25 0 0 0
12 0 3 0 0 5 0 0 0 0 0 0 0 0 0 0 0 0 0 0 0 0 0 0 0 0 0 0 11 0 0 0 0 3 9 8 0 9 0 0 2
0 0 9 11 0 0 0 0 0 0 0 0 0 0 0 0 0 0 0 0 0 0 0 0 0 0 0 0 0 3 0 24 1 0 34 30 0 0 0 47 2
0 0 5 4 0 0 0 0 0 0 0 0 0 0 0 0 0 0 0 0 0 0 2 0 0 0 0 0 0 0 0 13 0 0 34 35 0 0 0 33 4
23 0 0 0 0 14 0 4 0 0 0 0 0 0 0 0 0 0 0 0 0 0 0 0 0 0 2 1 25 0 0 0 0 10 0 0 0 28 0 0 0
0 0 7 6 0 0 0 0 0 0 0 0 0 0 0 0 0 0 0 0 0 0 2 0 0 0 0 0 0 0 0 15 0 0 38 38 0 0 0 35 5
