0 0 40 0 0 0 0 0 0 0 0 0 0 0 0 0 0 0 0 0 0 0 0 0 0 0 0 20 0 0 0 93 0 0 25 23 6 0 0 0 47
0 0 34 0 0 0 0 0 0 0 0 0 0 0 0 0 0 0 0 0 0 0 0 0 0 0 0 14 0 0 0 84 0 0 22 25 4 0 0 0 42
11 0 0 5 15 0 0 0 0 0 0 0 0 0 0 0 0 0 0 0 0 0 37 0 0 24 6 0 0 0 0 0 0 12 0 30 0 28 0 43 0
0 0 49 0 0 0 0 0 0 0 0 0 0 0 0 0 0 0 0 0 0 0 0 0 0 0 0 23 0 0 0 101 0 0 26 31 6 0 0 0 50
22 0 0 12 19 0 0 0 0 0 0 0 0 0 0 0 0 0 0 0 0 0 42 0 0 30 7 0 0 0 0 0 0 15 0 1 0 31 0 35 0
0 0 35 0 0 0 0 0 0 0 0 0 0 0 0 0 0 0 0 0 0 0 0 0 0 0 0 17 0 0 0 88 0 0 24 21 5 0 0 0 44
0 0 24 0 0 0 0 0 0 0 0 0 0 0 0 0 0 0 0 0 0 0 0 0 0 0 0 1 0 0 0 62 0 0 18 54 0 0 0 6 26
0 0 33 0 0 0 0 0 0 0 0 0 0 0 0 0 0 0 0 0 0 0 0 0 0 0 0 14 0 0 0 85 0 0 23 25 4 0 0 0 42
9 0 0 4 13 0 0 0 0 0 0 0 0 0 0 0 0 0 0 0 0 0 33 0 0 21 5 0 0 0 0 0 0 10 0 32 0 25 0 43 0
0 0 38 0 0 0 0 0 0 0 0 0 0 0 0 0 0 0 0 0 0 0 0 0 0 0 0 18 0 0 0 89 0 0 24 23 5 0 0 0 45
0 0 38 0 0 0 0 0 0 0 0 0 0 0 0 0 0 0 0 0 0 0 0 0 0 0 0 19 0 0 0 91 0 0 25 21 6 0 0 0 46
33 0 0 20 22 0 0 0 0 0 0 0 0 0 0 0 0 0 0 0 0 0 46 0 0 36 9 0 0 3 0 0 0 20 0 0 0 34 0 32 0
0 0 17 0 0 0 0 0 0 0 0 0 0 0 0 0 0 0 0 0 0 0 0 0 0 0 0 0 0 0 0 50 0 0 17 62 0 4 0 21 17
14 0 0 7 16 0 0 0 0 0 0 0 0 0 0 0 0 0 0 0 0 0 37 0 0 25 6 0 0 0 0 0 0 12 0 19 0 28 0 39 0
25 0 0 14 19 0 0 0 0 0 0 0 0 0 0 0 0 0 0 0 0 0 42 0 0 31 7 0 0 1 0 0 0 16 0 0 0 32 0 33 0
0 0 15 0 0 0 0 0 0 0 0 0 0 0 0 0 0 0 0 0 0 0 6 0 0 2 0 0 1 0 0 41 0 1 14 63 0 7 0 29 13
34 0 0 21 21 0 0 0 0 0 0 0 0 0 0 0 0 0 0 0 0 0 47 0 0 36 9 0 0 4 0 0 0 20 0 0 0 34 0 31 0
0 0 34 0 0 0 0 0 0 0 0 0 0 0 0 0 0 0 0 0 0 0 0 0 0 0 0 16 0 0 0 86 0 0 23 19 5 0 0 0 44
0 0 22 0 0 0 0 0 0 0 0 0 0 0 0 0 0 0 0 0 0 0 0 0 0 0 0 0 0 0 0 60 0 0 18 54 0 0 0 9 24
0 0 40 0 0 0 0 0 0 0 0 0 0 0 0 0 0 0 0 0 0 0 0 0 0 0 0 20 0 0 0 92 0 0 25 21 6 0 0 0 46
17 0 0 9 18 0 0 0 0 0 0 0 0 0 0 0 0 0 0 0 0 0 42 0 0 28 7 0 0 0 0 0 0 14 0 15 0 31 0 39 0
0 0 32 0 0 0 0 0 0 0 0 0 0 0 0 0 0 0 0 0 0 0 0 0 0 0 0 9 0 0 0 81 0 0 21 39 1 0 0 0 38
0 0 32 0 0 0 0 0 0 0 0 0 0 0 0 0 0 0 0 0 0 0 0 0 0 0 0 11 0 0 0 81 0 0 22 34 2 0 0 0 39
11 0 0 5 14 0 0 0 0 0 0 0 0 0 0 0 0 0 0 0 0 0 35 0 0 22 6 0 0 0 0 0 0 11 0 27 0 26 0 42 0
0 0 37 0 0 0 0 0 0 0 0 0 0 0 0 0 0 0 0 0 0 0 0 0 0 0 0 18 0 0 0 89 0 0 24 20 6 0 0 0 45
3 0 0 0 10 0 0 0 0 0 0 0 0 0 0 0 0 0 0 0 0 0 27 0 0 16 3 0 0 0 0 0 0 8 3 47 0 21 0 42 0
0 0 33 0 0 0 0 0 0 0 0 0 0 0 0 0 0 0 0 0 0 0 0 0 0 0 0 12 0 0 0 82 0 0 22 28 3 0 0 0 40
21 0 0 11 20 0 0 0 0 0 0 0 0 0 0 0 0 0 0 0 0 0 43 0 0 30 7 0 0 0 0 0 0 15 0 6 0 33 0 38 0
16 0 0 8 18 0 0 0 0 0 0 0 0 0 0 0 0 0 0 0 0 0 40 0 0 27 6 0 0 0 0 0 0 13 0 17 0 30 0 39 0
19 0 0 10 19 0 0 0 0 0 0 0 0 0 0 0 0 0 0 0 0 0 41 0 0 29 7 0 0 0 0 0 0 14 0 10 0 31 0 37 0
33 0 0 20 22 0 0 0 0 0 0 0 0 0 0 0 0 0 0 0 0 0 47 0 0 37 10 0 0 3 0 0 0 20 0 0 0 35 0 33 0
26 0 0 15 20 0 0 0 0 0 0 0 0 0 0 0 0 0 0 0 0 0 43 0 0 32 8 0 0 1 0 0 0 16 0 0 0 32 0 33 0
18 0 0 10 18 0 0 0 0 0 0 0 0 0 0 0 0 0 0 0 0 0 42 0 0 29 7 0 0 0 0 0 0 14 0 11 0 32 0 39 0
0 0 14 0 0 0 0 0 0 0 0 0 0 0 0 0 0 0 0 0 0 0 5 0 0 1 0 0 1 0 0 40 0 0 14 59 0 6 0 26 13
0 0 18 0 0 0 0 0 0 0 0 0 0 0 0 0 0 0 0 0 0 0 0 0 0 0 0 0 0 0 0 49 0 0 16 62 0 3 0 22 18
25 0 0 15 20 0 0 0 0 0 0 0 0 0 0 0 0 0 0 0 0 0 44 0 0 32 8 0 0 1 0 0 0 16 0 0 0 33 0 34 0
29 0 0 17 20 0 0 0 0 0 0 0 0 0 0 0 0 0 0 0 0 0 45 0 0 34 9 0 0 2 0 0 0 18 0 0 0 33 0 34 0
15 0 0 8 17 0 0 0 0 0 0 0 0 0 0 0 0 0 0 0 0 0 40 0 0 27 6 0 0 0 0 0 0 13 0 19 0 30 0 39 0
17 0 0 10 18 0 0 0 0 0 0 0 0 0 0 0 0 0 0 0 0 0 41 0 0 28 7 0 0 0 0 0 0 13 0 11 0 30 0 38 0
15 0 0 8 18 0 0 0 0 0 0 0 0 0 0 0 0 0 0 0 0 0 41 0 0 27 7 0 0 0 0 0 0 14 0 19 0 30 0 42 0
31 0 0 18 21 0 0 0 0 0 0 0 0 0 0 0 0 0 0 0 0 0 45 0 0 35 9 0 0 3 0 0 0 19 0 0 0 34 0 33 0
0 0 36 0 0 0 0 0 0 0 0 0 0 0 0 0 0 0 0 0 0 0 0 0 0 0 0 18 0 0 0 90 0 0 24 21 6 0 0 0 45
22 0 0 13 19 0 0 0 0 0 0 0 0 0 0 0 0 0 0 0 0 0 43 0 0 31 8 0 0 0 0 0 0 16 0 0 0 32 0 37 0
0 0 35 0 0 0 0 0 0 0 0 0 0 0 0 0 0 0 0 0 0 0 0 0 0 0 0 16 0 0 0 87 0 0 24 24 5 0 0 0 44
13 0 0 7 17 0 0 0 0 0 0 0 0 0 0 0 0 0 0 0 0 0 40 0 0 26 6 0 0 0 0 0 0 13 0 24 0 30 0 41 0
0 0 44 0 0 0 0 0 0 0 0 0 0 0 0 0 0 0 0 0 0 0 0 0 0 0 0 21 0 0 0 95 0 0 26 27 6 0 0 0 47
21 0 0 12 19 0 0 0 0 0 0 0 0 0 0 0 0 0 0 0 0 0 42 0 0 30 7 0 0 0 0 0 0 15 0 3 0 32 0 36 0
33 0 0 20 22 0 0 0 0 0 0 0 0 0 0 0 0 0 0 0 0 0 47 0 0 37 10 0 0 4 0 0 0 21 0 0 0 35 0 34 0
0 0 35 0 0 0 0 0 0 0 0 0 0 0 0 0 0 0 0 0 0 0 0 0 0 0 0 15 0 0 0 87 0 0 23 27 4 0 0 0 43
0 0 33 0 0 0 0 0 0 0 0 0 0 0 0 0 0 0 0 0 0 0 0 0 0 0 0 12 0 0 0 84 0 0 23 31 3 0 0 0 40
20 0 0 12 19 0 0 0 0 0 0 0 0 0 0 0 0 0 0 0 0 0 42 0 0 30 7 0 0 0 0 0 0 15 0 3 0 32 0 39 0
0 0 37 0 0 0 0 0 0 0 0 0 0 0 0 0 0 0 0 0 0 0 0 0 0 0 0 17 0 0 0 89 0 0 24 22 5 0 0 0 44
0 0 38 0 0 0 0 0 0 0 0 0 0 0 0 0 0 0 0 0 0 0 0 0 0 0 0 18 0 0 0 89 0 0 24 22 5 0 0 0 45
0 0 25 0 0 0 0 0 0 0 0 0 0 0 0 0 0 0 0 0 0 0 0 0 0 0 0 1 0 0 0 66 0 0 20 56 0 0 0 5 27
16 0 0 9 18 0 0 0 0 0 0 0 0 0 0 0 0 0 0 0 0 0 41 0 0 28 7 0 0 0 0 0 0 14 0 16 0 31 0 40 0
0 0 33 0 0 0 0 0 0 0 0 0 0 0 0 0 0 0 0 0 0 0 0 0 0 0 0 13 0 0 0 86 0 0 23 28 3 0 0 0 41
0 0 30 0 0 0 0 0 0 0 0 0 0 0 0 0 0 0 0 0 0 0 0 0 0 0 0 6 0 0 0 76 0 0 21 44 0 0 0 0 35
0 0 43 0 0 0 0 0 0 0 0 0 0 0 0 0 0 0 0 0 0 0 0 0 0 0 0 20 0 0 0 94 0 0 25 29 5 0 0 0 47
17 0 0 9 18 0 0 0 0 0 0 0 0 0 0 0 0 0 0 0 0 0 41 0 0 28 7 0 0 0 0 0 0 13 0 15 0 31 0 40 0
21 0 0 12 19 0 0 0 0 0 0 0 0 0 0 0 0 0 0 0 0 0 43 0 0 30 7 0 0 0 0 0 0 15 0 4 0 32 0 38 0
5 0 0 0 10 0 0 0 0 0 0 0 0 0 0 0 0 0 0 0 0 0 27 0 0 16 3 0 0 0 0 0 0 8 3 43 0 21 0 40 0
0 0 28 0 0 0 0 0 0 0 0 0 0 0 0 0 0 0 0 0 0 0 0 0 0 0 0 4 0 0 0 75 0 0 23 51 0 0 0 0 32
16 0 0 9 17 0 0 0 0 0 0 0 0 0 0 0 0 0 0 0 0 0 40 0 0 27 7 0 0 0 0 0 0 13 0 16 0 30 0 40 0
0 0 38 0 0 0 0 0 0 0 0 0 0 0 0 0 0 0 0 0 0 0 0 0 0 0 0 18 0 0 0 90 0 0 24 23 5 0 0 0 45
0 0 40 0 0 0 0 0 0 0 0 0 0 0 0 0 0 0 0 0 0 0 0 0 0 0 0 19 0 0 0 92 0 0 25 24 5 0 0 0 46
0 0 33 0 0 0 0 0 0 0 0 0 0 0 0 0 0 0 0 0 0 0 0 0 0 0 0 14 0 0 0 84 0 0 22 24 4 0 0 0 42
9 0 0 3 14 0 0 0 0 0 0 0 0 0 0 0 0 0 0 0 0 0 34 0 0 21 5 0 0 0 0 0 0 10 0 32 0 25 0 41 0
0 0 10 0 2 0 0 0 0 0 0 0 0 0 0 0 0 0 0 0 0 0 13 0 0 6 0 0 1 0 0 27 0 3 11 61 0 12 0 35 6
30 0 0 18 20 0 0 0 0 0 0 0 0 0 0 0 0 0 0 0 0 0 44 0 0 34 8 0 0 3 0 0 0 18 0 0 0 33 0 31 0
0 0 35 0 0 0 0 0 0 0 0 0 0 0 0 0 0 0 0 0 0 0 0 0 0 0 0 17 0 0 0 87 0 0 24 19 6 0 0 0 44
0 0 37 0 0 0 0 0 0 0 0 0 0 0 0 0 0 0 0 0 0 0 0 0 0 0 0 18 0 0 0 88 0 0 24 22 5 0 0 0 44
32 0 0 20 21 0 0 0 0 0 0 0 0 0 0 0 0 0 0 0 0 0 47 0 0 36 10 0 0 3 0 0 0 20 0 0 0 35 0 35 0
22 0 0 13 19 0 0 0 0 0 0 0 0 0 0 0 0 0 0 0 0 0 43 0 0 31 8 0 0 0 0 0 0 15 0 3 0 33 0 39 0
0 0 32 0 0 0 0 0 0 0 0 0 0 0 0 0 0 0 0 0 0 0 0 0 0 0 0 11 0 0 0 82 0 0 22 31 2 0 0 0 39
0 0 33 0 0 0 0 0 0 0 0 0 0 0 0 0 0 0 0 0 0 0 0 0 0 0 0 12 0 0 0 83 0 0 22 31 3 0 0 0 40
0 0 34 0 0 0 0 0 0 0 0 0 0 0 0 0 0 0 0 0 0 0 0 0 0 0 0 16 0 0 0 86 0 0 23 22 5 0 0 0 44
0 0 32 0 0 0 0 0 0 0 0 0 0 0 0 0 0 0 0 0 0 0 0 0 0 0 0 11 0 0 0 82 0 0 22 32 2 0 0 0 39
0 0 4 0 6 0 0 0 0 0 0 0 0 0 0 0 0 0 0 0 0 0 20 0 0 11 1 0 1 0 0 13 0 6 8 58 0 17 0 40 0
24 0 0 14 19 0 0 0 0 0 0 0 0 0 0 0 0 0 0 0 0 0 43 0 0 31 8 0 0 1 0 0 0 16 0 0 0 33 0 36 0
29 0 0 17 20 0 0 0 0 0 0 0 0 0 0 0 0 0 0 0 0 0 44 0 0 33 8 0 0 2 0 0 0 18 0 0 0 33 0 33 0
0 0 35 0 0 0 0 0 0 0 0 0 0 0 0 0 0 0 0 0 0 0 0 0 0 0 0 15 0 0 0 86 0 0 23 25 4 0 0 0 43
0 0 8 0 3 0 0 0 0 0 0 0 0 0 0 0 0 0 0 0 0 0 13 0 0 6 0 0 0 0 0 26 0 3 11 58 0 12 0 32 4
0 0 36 0 0 0 0 0 0 0 0 0 0 0 0 0 0 0 0 0 0 0 0 0 0 0 0 17 0 0 0 88 0 0 23 23 5 0 0 0 45
0 0 15 0 0 0 0 0 0 0 0 0 0 0 0 0 0 0 0 0 0 0 5 0 0 1 0 0 1 0 0 41 0 0 15 62 0 7 0 27 13
0 0 38 0 0 0 0 0 0 0 0 0 0 0 0 0 0 0 0 0 0 0 0 0 0 0 0 19 0 0 0 90 0 0 24 21 6 0 0 0 45
12 0 0 6 15 0 0 0 0 0 0 0 0 0 0 0 0 0 0 0 0 0 37 0 0 24 6 0 0 0 0 0 0 12 0 24 0 27 0 41 0
0 0 27 0 0 0 0 0 0 0 0 0 0 0 0 0 0 0 0 0 0 0 0 0 0 0 0 4 0 0 0 70 0 0 20 49 0 0 0 0 31
0 0 34 0 0 0 0 0 0 0 0 0 0 0 0 0 0 0 0 0 0 0 0 0 0 0 0 14 0 0 0 85 0 0 23 24 4 0 0 0 42
0 0 40 0 0 0 0 0 0 0 0 0 0 0 0 0 0 0 0 0 0 0 0 0 0 0 0 20 0 0 0 93 0 0 25 23 5 0 0 0 47
8 0 0 2 15 0 0 0 0 0 0 0 0 0 0 0 0 0 0 0 0 0 37 0 0 23 5 0 0 0 0 0 0 12 2 43 0 28 0 49 0
0 0 36 0 0 0 0 0 0 0 0 0 0 0 0 0 0 0 0 0 0 0 0 0 0 0 0 16 0 0 0 89 0 0 24 26 5 0 0 0 44
2 0 0 0 8 0 0 0 0 0 0 0 0 0 0 0 0 0 0 0 0 0 25 0 0 15 3 0 0 0 0 0 0 7 5 49 0 20 0 42 0
16 0 0 9 18 0 0 0 0 0 0 0 0 0 0 0 0 0 0 0 0 0 40 0 0 27 6 0 0 0 0 0 0 13 0 15 0 30 0 38 0
19 0 0 10 18 0 0 0 0 0 0 0 0 0 0 0 0 0 0 0 0 0 41 0 0 28 7 0 0 0 0 0 0 14 0 10 0 31 0 38 0
0 0 35 0 0 0 0 0 0 0 0 0 0 0 0 0 0 0 0 0 0 0 0 0 0 0 0 17 0 0 0 87 0 0 24 20 5 0 0 0 44
0 0 33 0 0 0 0 0 0 0 0 0 0 0 0 0 0 0 0 0 0 0 0 0 0 0 0 15 0 0 0 85 0 0 23 24 4 0 0 0 42
0 0 19 0 0 0 0 0 0 0 0 0 0 0 0 0 0 0 0 0 0 0 0 0 0 0 0 0 1 0 0 54 0 0 18 60 0 2 0 19 20
20 0 0 11 18 0 0 0 0 0 0 0 0 0 0 0 0 0 0 0 0 0 41 0 0 28 7 0 0 0 0 0 0 14 0 4 0 31 0 34 0
7 0 0 2 13 0 0 0 0 0 0 0 0 0 0 0 0 0 0 0 0 0 32 0 0 20 4 0 0 0 0 0 0 10 2 39 0 25 0 42 0
26 0 0 15 20 0 0 0 0 0 0 0 0 0 0 0 0 0 0 0 0 0 45 0 0 33 9 0 0 1 0 0 0 17 0 0 0 33 0 36 0
0 0 38 0 0 0 0 0 0 0 0 0 0 0 0 0 0 0 0 0 0 0 0 0 0 0 0 18 0 0 0 89 0 0 24 24 5 0 0 0 45
21 0 0 12 19 0 0 0 0 0 0 0 0 0 0 0 0 0 0 0 0 0 41 0 0 29 7 0 0 0 0 0 0 14 0 2 0 31 0 34 0
20 0 0 11 19 0 0 0 0 0 0 0 0 0 0 0 0 0 0 0 0 0 42 0 0 30 7 0 0 0 0 0 0 14 0 6 0 32 0 38 0
0 0 39 0 0 0 0 0 0 0 0 0 0 0 0 0 0 0 0 0 0 0 0 0 0 0 0 19 0 0 0 92 0 0 25 23 5 0 0 0 46
0 0 32 0 0 0 0 0 0 0 0 0 0 0 0 0 0 0 0 0 0 0 0 0 0 0 0 11 0 0 0 83 0 0 22 33 2 0 0 0 39
0 0 36 0 0 0 0 0 0 0 0 0 0 0 0 0 0 0 0 0 0 0 0 0 0 0 0 17 0 0 0 88 0 0 24 21 5 0 0 0 45
0 0 36 0 0 0 0 0 0 0 0 0 0 0 0 0 0 0 0 0 0 0 0 0 0 0 0 17 0 0 0 88 0 0 24 21 5 0 0 0 45
0 0 39 0 0 0 0 0 0 0 0 0 0 0 0 0 0 0 0 0 0 0 0 0 0 0 0 19 0 0 0 90 0 0 25 21 5 0 0 0 46
0 0 37 0 0 0 0 0 0 0 0 0 0 0 0 0 0 0 0 0 0 0 0 0 0 0 0 18 0 0 0 88 0 0 24 18 6 0 0 0 45
0 0 4 0 5 0 0 0 0 0 0 0 0 0 0 0 0 0 0 0 0 0 18 0 0 10 1 0 1 0 0 15 0 5 8 58 0 16 0 40 0
0 0 17 0 0 0 0 0 0 0 0 0 0 0 0 0 0 0 0 0 0 0 1 0 0 0 0 0 0 0 0 47 0 0 16 60 0 4 0 21 16
0 0 33 0 0 0 0 0 0 0 0 0 0 0 0 0 0 0 0 0 0 0 0 0 0 0 0 12 0 0 0 82 0 0 22 30 3 0 0 0 40
18 0 0 10 18 0 0 0 0 0 0 0 0 0 0 0 0 0 0 0 0 0 42 0 0 28 7 0 0 0 0 0 0 14 0 13 0 31 0 39 0
0 0 27 0 0 0 0 0 0 0 0 0 0 0 0 0 0 0 0 0 0 0 0 0 0 0 0 3 0 0 0 69 0 0 20 50 0 0 0 0 30
21 0 0 12 19 0 0 0 0 0 0 0 0 0 0 0 0 0 0 0 0 0 43 0 0 30 7 0 0 0 0 0 0 15 0 6 0 32 0 39 0
0 0 19 0 0 0 0 0 0 0 0 0 0 0 0 0 0 0 0 0 0 0 0 0 0 0 0 0 0 0 0 53 0 0 17 59 0 1 0 17 20
0 0 40 0 0 0 0 0 0 0 0 0 0 0 0 0 0 0 0 0 0 0 0 0 0 0 0 19 0 0 0 91 0 0 25 25 5 0 0 0 46
0 0 38 0 0 0 0 0 0 0 0 0 0 0 0 0 0 0 0 0 0 0 0 0 0 0 0 18 0 0 0 89 0 0 24 22 5 0 0 0 45
30 0 0 18 21 0 0 0 0 0 0 0 0 0 0 0 0 0 0 0 0 0 45 0 0 35 9 0 0 2 0 0 0 19 0 0 0 34 0 34 0
0 0 7 0 4 0 0 0 0 0 0 0 0 0 0 0 0 0 0 0 0 0 16 0 0 9 0 0 1 0 0 23 0 4 12 60 0 15 0 36 2
15 0 0 8 18 0 0 0 0 0 0 0 0 0 0 0 0 0 0 0 0 0 41 0 0 27 7 0 0 0 0 0 0 14 0 20 0 31 0 41 0
7 0 0 2 13 0 0 0 0 0 0 0 0 0 0 0 0 0 0 0 0 0 33 0 0 20 4 0 0 0 0 0 0 10 2 42 0 25 0 45 0
0 0 35 0 0 0 0 0 0 0 0 0 0 0 0 0 0 0 0 0 0 0 0 0 0 0 0 15 0 0 0 86 0 0 22 28 4 0 0 0 42
6 0 0 1 12 0 0 0 0 0 0 0 0 0 0 0 0 0 0 0 0 0 30 0 0 18 3 0 0 0 0 0 0 9 4 42 0 23 0 41 0
0 0 38 0 0 0 0 0 0 0 0 0 0 0 0 0 0 0 0 0 0 0 0 0 0 0 0 19 0 0 0 90 0 0 25 21 5 0 0 0 45
12 0 0 6 17 0 0 0 0 0 0 0 0 0 0 0 0 0 0 0 0 0 39 0 0 25 6 0 0 0 0 0 0 12 0 27 0 29 0 41 0
0 0 32 0 0 0 0 0 0 0 0 0 0 0 0 0 0 0 0 0 0 0 0 0 0 0 0 10 0 0 0 84 0 0 23 34 2 0 0 0 40
0 0 38 0 0 0 0 0 0 0 0 0 0 0 0 0 0 0 0 0 0 0 0 0 0 0 0 19 0 0 0 90 0 0 24 20 6 0 0 0 45
0 0 33 0 0 0 0 0 0 0 0 0 0 0 0 0 0 0 0 0 0 0 0 0 0 0 0 14 0 0 0 86 0 0 23 25 4 0 0 0 42
0 0 33 0 0 0 0 0 0 0 0 0 0 0 0 0 0 0 0 0 0 0 0 0 0 0 0 13 0 0 0 84 0 0 23 29 3 0 0 0 41
7 0 0 1 13 0 0 0 0 0 0 0 0 0 0 0 0 0 0 0 0 0 33 0 0 20 4 0 0 0 0 0 0 10 3 43 0 25 0 45 0
0 0 27 0 0 0 0 0 0 0 0 0 0 0 0 0 0 0 0 0 0 0 0 0 0 0 0 5 0 0 0 71 0 0 20 46 0 0 0 0 32
24 0 0 14 19 0 0 0 0 0 0 0 0 0 0 0 0 0 0 0 0 0 43 0 0 31 8 0 0 1 0 0 0 16 0 0 0 32 0 35 0
0 0 34 0 0 0 0 0 0 0 0 0 0 0 0 0 0 0 0 0 0 0 0 0 0 0 0 16 0 0 0 87 0 0 23 22 5 0 0 0 44
0 0 32 0 0 0 0 0 0 0 0 0 0 0 0 0 0 0 0 0 0 0 0 0 0 0 0 11 0 0 0 82 0 0 22 33 2 0 0 0 39
22 0 0 12 19 0 0 0 0 0 0 0 0 0 0 0 0 0 0 0 0 0 43 0 0 30 7 0 0 0 0 0 0 15 0 2 0 32 0 37 0
26 0 0 15 19 0 0 0 0 0 0 0 0 0 0 0 0 0 0 0 0 0 42 0 0 31 7 0 0 1 0 0 0 16 0 0 0 32 0 32 0
0 0 35 0 0 0 0 0 0 0 0 0 0 0 0 0 0 0 0 0 0 0 0 0 0 0 0 17 0 0 0 87 0 0 23 20 5 0 0 0 44
0 0 10 0 2 0 0 0 0 0 0 0 0 0 0 0 0 0 0 0 0 0 10 0 0 4 0 0 1 0 0 34 0 1 14 60 0 10 0 31 9
0 0 33 0 0 0 0 0 0 0 0 0 0 0 0 0 0 0 0 0 0 0 0 0 0 0 0 14 0 0 0 84 0 0 23 24 4 0 0 0 42
2 0 0 0 9 0 0 0 0 0 0 0 0 0 0 0 0 0 0 0 0 0 25 0 0 14 2 0 0 0 0 1 0 7 6 52 0 20 0 42 0
0 0 38 0 0 0 0 0 0 0 0 0 0 0 0 0 0 0 0 0 0 0 0 0 0 0 0 18 0 0 0 90 0 0 24 21 5 0 0 0 46
0 0 31 0 0 0 0 0 0 0 0 0 0 0 0 0 0 0 0 0 0 0 0 0 0 0 0 8 0 0 0 79 0 0 21 39 1 0 0 0 37
0 0 39 0 0 0 0 0 0 0 0 0 0 0 0 0 0 0 0 0 0 0 0 0 0 0 0 19 0 0 0 91 0 0 24 23 5 0 0 0 46
0 0 41 0 0 0 0 0 0 0 0 0 0 0 0 0 0 0 0 0 0 0 0 0 0 0 0 20 0 0 0 94 0 0 25 25 5 0 0 0 47
4 0 0 0 10 0 0 0 0 0 0 0 0 0 0 0 0 0 0 0 0 0 28 0 0 17 3 0 0 0 0 0 0 9 3 47 0 22 0 44 0
17 0 0 9 18 0 0 0 0 0 0 0 0 0 0 0 0 0 0 0 0 0 42 0 0 28 7 0 0 0 0 0 0 13 0 15 0 31 0 39 0
26 0 0 15 20 0 0 0 0 0 0 0 0 0 0 0 0 0 0 0 0 0 45 0 0 33 8 0 0 1 0 0 0 17 0 0 0 34 0 37 0
0 0 35 0 0 0 0 0 0 0 0 0 0 0 0 0 0 0 0 0 0 0 0 0 0 0 0 16 0 0 0 86 0 0 24 21 5 0 0 0 44
0 0 21 0 0 0 0 0 0 0 0 0 0 0 0 0 0 0 0 0 0 0 0 0 0 0 0 0 0 0 0 62 0 0 20 59 0 0 0 11 23
28 0 0 17 21 0 0 0 0 0 0 0 0 0 0 0 0 0 0 0 0 0 45 0 0 34 9 0 0 2 0 0 0 18 0 0 0 34 0 35 0
20 0 0 11 19 0 0 0 0 0 0 0 0 0 0 0 0 0 0 0 0 0 42 0 0 29 7 0 0 0 0 0 0 14 0 4 0 31 0 36 0
22 0 0 13 19 0 0 0 0 0 0 0 0 0 0 0 0 0 0 0 0 0 42 0 0 30 7 0 0 0 0 0 0 15 0 0 0 32 0 36 0
0 0 29 0 0 0 0 0 0 0 0 0 0 0 0 0 0 0 0 0 0 0 0 0 0 0 0 7 0 0 0 77 0 0 22 40 0 0 0 0 35
0 0 38 0 0 0 0 0 0 0 0 0 0 0 0 0 0 0 0 0 0 0 0 0 0 0 0 18 0 0 0 92 0 0 25 23 5 0 0 0 47
26 0 0 16 20 0 0 0 0 0 0 0 0 0 0 0 0 0 0 0 0 0 44 0 0 33 9 0 0 2 0 0 0 17 0 0 0 33 0 36 0
5 0 0 1 11 0 0 0 0 0 0 0 0 0 0 0 0 0 0 0 0 0 28 0 0 17 3 0 0 0 0 0 0 9 2 42 0 22 0 42 0
0 0 42 0 0 0 0 0 0 0 0 0 0 0 0 0 0 0 0 0 0 0 0 0 0 0 0 21 0 0 0 95 0 0 25 23 6 0 0 0 48
0 0 34 0 0 0 0 0 0 0 0 0 0 0 0 0 0 0 0 0 0 0 0 0 0 0 0 15 0 0 0 85 0 0 23 24 4 0 0 0 42
18 0 0 10 19 0 0 0 0 0 0 0 0 0 0 0 0 0 0 0 0 0 42 0 0 29 7 0 0 0 0 0 0 14 0 12 0 32 0 39 0
0 0 37 0 0 0 0 0 0 0 0 0 0 0 0 0 0 0 0 0 0 0 0 0 0 0 0 18 0 0 0 89 0 0 24 20 5 0 0 0 45
15 0 0 8 17 0 0 0 0 0 0 0 0 0 0 0 0 0 0 0 0 0 40 0 0 26 6 0 0 0 0 0 0 13 0 20 0 30 0 38 0
27 0 0 16 19 0 0 0 0 0 0 0 0 0 0 0 0 0 0 0 0 0 42 0 0 32 8 0 0 2 0 0 0 17 0 0 0 31 0 31 0
26 0 0 15 20 0 0 0 0 0 0 0 0 0 0 0 0 0 0 0 0 0 44 0 0 33 8 0 0 1 0 0 0 17 0 0 0 34 0 35 0
15 0 0 8 18 0 0 0 0 0 0 0 0 0 0 0 0 0 0 0 0 0 41 0 0 27 7 0 0 0 0 0 0 13 0 19 0 30 0 41 0
0 0 11 0 1 0 0 0 0 0 0 0 0 0 0 0 0 0 0 0 0 0 11 0 0 5 0 0 1 0 0 32 0 2 13 62 0 11 0 32 8
9 0 0 3 15 0 0 0 0 0 0 0 0 0 0 0 0 0 0 0 0 0 36 0 0 23 5 0 0 0 0 0 0 11 1 38 0 28 0 46 0
17 0 0 9 18 0 0 0 0 0 0 0 0 0 0 0 0 0 0 0 0 0 40 0 0 27 7 0 0 0 0 0 0 14 0 15 0 30 0 39 0
0 0 39 0 0 0 0 0 0 0 0 0 0 0 0 0 0 0 0 0 0 0 0 0 0 0 0 19 0 0 0 90 0 0 24 23 5 0 0 0 45
0 0 35 0 0 0 0 0 0 0 0 0 0 0 0 0 0 0 0 0 0 0 0 0 0 0 0 17 0 0 0 87 0 0 23 19 6 0 0 0 45
0 0 35 0 0 0 0 0 0 0 0 0 0 0 0 0 0 0 0 0 0 0 0 0 0 0 0 16 0 0 0 87 0 0 24 22 5 0 0 0 43
23 0 0 13 18 0 0 0 0 0 0 0 0 0 0 0 0 0 0 0 0 0 41 0 0 30 8 0 0 0 0 0 0 15 0 0 0 32 0 36 0
18 0 0 10 19 0 0 0 0 0 0 0 0 0 0 0 0 0 0 0 0 0 43 0 0 29 7 0 0 0 0 0 0 14 0 12 0 32 0 39 0
0 0 33 0 0 0 0 0 0 0 0 0 0 0 0 0 0 0 0 0 0 0 0 0 0 0 0 14 0 0 0 84 0 0 23 27 4 0 0 0 41
0 0 30 0 0 0 0 0 0 0 0 0 0 0 0 0 0 0 0 0 0 0 0 0 0 0 0 8 0 0 0 81 0 0 24 37 1 0 0 0 37
0 0 31 0 0 0 0 0 0 0 0 0 0 0 0 0 0 0 0 0 0 0 0 0 0 0 0 8 0 0 0 79 0 0 22 41 0 0 0 0 37
1 0 0 0 8 0 0 0 0 0 0 0 0 0 0 0 0 0 0 0 0 0 24 0 0 14 2 0 1 0 0 4 0 7 7 56 0 20 0 44 0
0 0 38 0 0 0 0 0 0 0 0 0 0 0 0 0 0 0 0 0 0 0 0 0 0 0 0 18 0 0 0 89 0 0 24 23 5 0 0 0 45
30 0 0 18 21 0 0 0 0 0 0 0 0 0 0 0 0 0 0 0 0 0 45 0 0 35 9 0 0 3 0 0 0 19 0 0 0 34 0 34 0
0 0 30 0 0 0 0 0 0 0 0 0 0 0 0 0 0 0 0 0 0 0 0 0 0 0 0 7 0 0 0 78 0 0 22 43 0 0 0 0 35
0 0 31 0 0 0 0 0 0 0 0 0 0 0 0 0 0 0 0 0 0 0 0 0 0 0 0 7 0 0 0 80 0 0 22 43 0 0 0 0 36
0 0 33 0 0 0 0 0 0 0 0 0 0 0 0 0 0 0 0 0 0 0 0 0 0 0 0 12 0 0 0 83 0 0 22 30 3 0 0 0 40
0 0 38 0 0 0 0 0 0 0 0 0 0 0 0 0 0 0 0 0 0 0 0 0 0 0 0 19 0 0 0 92 0 0 26 23 5 0 0 0 46
0 0 36 0 0 0 0 0 0 0 0 0 0 0 0 0 0 0 0 0 0 0 0 0 0 0 0 16 0 0 0 88 0 0 24 25 4 0 0 0 44
9 0 0 3 14 0 0 0 0 0 0 0 0 0 0 0 0 0 0 0 0 0 35 0 0 22 5 0 0 0 0 0 0 11 0 35 0 26 0 43 0
21 0 0 12 18 0 0 0 0 0 0 0 0 0 0 0 0 0 0 0 0 0 41 0 0 29 7 0 0 0 0 0 0 14 0 2 0 31 0 36 0
20 0 0 11 19 0 0 0 0 0 0 0 0 0 0 0 0 0 0 0 0 0 42 0 0 30 7 0 0 0 0 0 0 15 0 7 0 32 0 38 0
13 0 0 7 17 0 0 0 0 0 0 0 0 0 0 0 0 0 0 0 0 0 41 0 0 27 7 0 0 0 0 0 0 13 0 24 0 30 0 43 0
3 0 0 0 9 0 0 0 0 0 0 0 0 0 0 0 0 0 0 0 0 0 26 0 0 15 2 0 1 0 0 0 0 7 6 49 0 21 0 42 0
12 0 0 6 16 0 0 0 0 0 0 0 0 0 0 0 0 0 0 0 0 0 39 0 0 25 6 0 0 0 0 0 0 12 0 27 0 28 0 44 0
0 0 33 0 0 0 0 0 0 0 0 0 0 0 0 0 0 0 0 0 0 0 0 0 0 0 0 14 0 0 0 85 0 0 24 26 4 0 0 0 42
0 0 38 0 0 0 0 0 0 0 0 0 0 0 0 0 0 0 0 0 0 0 0 0 0 0 0 19 0 0 0 90 0 0 24 20 5 0 0 0 46
0 0 29 0 0 0 0 0 0 0 0 0 0 0 0 0 0 0 0 0 0 0 0 0 0 0 0 7 0 0 0 76 0 0 21 42 0 0 0 0 35
0 0 44 0 0 0 0 0 0 0 0 0 0 0 0 0 0 0 0 0 0 0 0 0 0 0 0 21 0 0 0 95 0 0 25 26 6 0 0 0 48
0 0 40 0 0 0 0 0 0 0 0 0 0 0 0 0 0 0 0 0 0 0 0 0 0 0 0 20 0 0 0 92 0 0 25 22 6 0 0 0 47
27 0 0 16 20 0 0 0 0 0 0 0 0 0 0 0 0 0 0 0 0 0 43 0 0 33 8 0 0 2 0 0 0 17 0 0 0 33 0 34 0
0 0 42 0 0 0 0 0 0 0 0 0 0 0 0 0 0 0 0 0 0 0 0 0 0 0 0 20 0 0 0 93 0 0 25 25 6 0 0 0 46
0 0 39 0 0 0 0 0 0 0 0 0 0 0 0 0 0 0 0 0 0 0 0 0 0 0 0 19 0 0 0 90 0 0 24 23 5 0 0 0 45
0 0 7 0 4 0 0 0 0 0 0 0 0 0 0 0 0 0 0 0 0 0 16 0 0 9 0 0 1 0 0 20 0 4 10 58 0 14 0 37 2
0 0 28 0 0 0 0 0 0 0 0 0 0 0 0 0 0 0 0 0 0 0 0 0 0 0 0 5 0 0 0 75 0 0 21 43 0 0 0 0 33
0 0 12 0 1 0 0 0 0 0 0 0 0 0 0 0 0 0 0 0 0 0 8 0 0 3 0 0 0 0 0 35 0 1 13 60 0 8 0 29 9
0 0 35 0 0 0 0 0 0 0 0 0 0 0 0 0 0 0 0 0 0 0 0 0 0 0 0 16 0 0 0 87 0 0 24 21 5 0 0 0 44
0 0 39 0 0 0 0 0 0 0 0 0 0 0 0 0 0 0 0 0 0 0 0 0 0 0 0 19 0 0 0 92 0 0 25 22 6 0 0 0 46
0 0 39 0 0 0 0 0 0 0 0 0 0 0 0 0 0 0 0 0 0 0 0 0 0 0 0 19 0 0 0 90 0 0 25 24 5 0 0 0 45
30 0 0 18 21 0 0 0 0 0 0 0 0 0 0 0 0 0 0 0 0 0 46 0 0 35 9 0 0 2 0 0 0 19 0 0 0 34 0 34 0
0 0 29 0 0 0 0 0 0 0 0 0 0 0 0 0 0 0 0 0 0 0 0 0 0 0 0 8 0 0 0 75 0 0 20 37 1 0 0 0 35
0 0 8 0 4 0 0 0 0 0 0 0 0 0 0 0 0 0 0 0 0 0 14 0 0 7 0 0 1 0 0 27 0 3 12 61 0 14 0 35 4
0 0 26 0 0 0 0 0 0 0 0 0 0 0 0 0 0 0 0 0 0 0 0 0 0 0 0 3 0 0 0 71 0 0 21 51 0 0 0 0 30
21 0 0 12 19 0 0 0 0 0 0 0 0 0 0 0 0 0 0 0 0 0 43 0 0 30 7 0 0 0 0 0 0 15 0 6 0 33 0 39 0
16 0 0 9 19 0 0 0 0 0 0 0 0 0 0 0 0 0 0 0 0 0 42 0 0 28 6 0 0 0 0 0 0 14 0 19 0 32 0 40 0
0 0 39 0 0 0 0 0 0 0 0 0 0 0 0 0 0 0 0 0 0 0 0 0 0 0 0 19 0 0 0 92 0 0 25 24 5 0 0 0 46
27 0 0 16 20 0 0 0 0 0 0 0 0 0 0 0 0 0 0 0 0 0 45 0 0 33 9 0 0 1 0 0 0 17 0 0 0 34 0 36 0
0 0 35 0 0 0 0 0 0 0 0 0 0 0 0 0 0 0 0 0 0 0 0 0 0 0 0 16 0 0 0 86 0 0 23 23 5 0 0 0 44
0 0 20 0 0 0 0 0 0 0 0 0 0 0 0 0 0 0 0 0 0 0 0 0 0 0 0 0 0 0 0 54 0 0 18 62 0 3 0 19 19
0 0 13 0 0 0 0 0 0 0 0 0 0 0 0 0 0 0 0 0 0 0 8 0 0 3 0 0 1 0 0 40 0 1 15 66 0 9 0 33 12
0 0 23 0 0 0 0 0 0 0 0 0 0 0 0 0 0 0 0 0 0 0 0 0 0 0 0 0 0 0 0 62 0 0 19 57 0 0 0 8 25
0 0 34 0 0 0 0 0 0 0 0 0 0 0 0 0 0 0 0 0 0 0 0 0 0 0 0 14 0 0 0 85 0 0 22 26 4 0 0 0 42
0 0 1 0 7 0 0 0 0 0 0 0 0 0 0 0 0 0 0 0 0 0 22 0 0 12 1 0 1 0 0 7 0 6 7 52 0 18 0 38 0
4 0 0 0 11 0 0 0 0 0 0 0 0 0 0 0 0 0 0 0 0 0 31 0 0 19 4 0 0 0 0 0 0 10 4 50 0 24 0 48 0
24 0 0 14 19 0 0 0 0 0 0 0 0 0 0 0 0 0 0 0 0 0 42 0 0 30 7 0 0 1 0 0 0 15 0 0 0 32 0 34 0
0 0 13 0 1 0 0 0 0 0 0 0 0 0 0 0 0 0 0 0 0 0 7 0 0 3 0 0 1 0 0 42 0 1 17 64 0 9 0 28 12
0 0 36 0 0 0 0 0 0 0 0 0 0 0 0 0 0 0 0 0 0 0 0 0 0 0 0 18 0 0 0 88 0 0 23 20 6 0 0 0 45
13 0 0 7 17 0 0 0 0 0 0 0 0 0 0 0 0 0 0 0 0 0 39 0 0 25 6 0 0 0 0 0 0 12 0 23 0 29 0 41 0
0 0 31 0 0 0 0 0 0 0 0 0 0 0 0 0 0 0 0 0 0 0 0 0 0 0 0 9 0 0 0 80 0 0 22 37 1 0 0 0 37
0 0 42 0 0 0 0 0 0 0 0 0 0 0 0 0 0 0 0 0 0 0 0 0 0 0 0 21 0 0 0 94 0 0 25 26 6 0 0 0 47
23 0 0 14 20 0 0 0 0 0 0 0 0 0 0 0 0 0 0 0 0 0 44 0 0 32 8 0 0 0 0 0 0 16 0 0 0 34 0 39 0
0 0 39 0 0 0 0 0 0 0 0 0 0 0 0 0 0 0 0 0 0 0 0 0 0 0 0 19 0 0 0 90 0 0 24 23 5 0 0 0 45
25 0 0 15 20 0 0 0 0 0 0 0 0 0 0 0 0 0 0 0 0 0 44 0 0 32 8 0 0 1 0 0 0 17 0 0 0 33 0 36 0
0 0 33 0 0 0 0 0 0 0 0 0 0 0 0 0 0 0 0 0 0 0 0 0 0 0 0 14 0 0 0 84 0 0 23 25 4 0 0 0 41
20 0 0 11 19 0 0 0 0 0 0 0 0 0 0 0 0 0 0 0 0 0 42 0 0 29 7 0 0 0 0 0 0 15 0 5 0 32 0 37 0
0 0 4 0 6 0 0 0 0 0 0 0 0 0 0 0 0 0 0 0 0 0 20 0 0 11 0 0 1 0 0 18 0 5 12 62 0 17 0 39 0
13 0 0 6 17 0 0 0 0 0 0 0 0 0 0 0 0 0 0 0 0 0 40 0 0 26 6 0 0 0 0 0 0 13 0 26 0 29 0 42 0
0 0 35 0 0 0 0 0 0 0 0 0 0 0 0 0 0 0 0 0 0 0 0 0 0 0 0 17 0 0 0 87 0 0 24 20 5 0 0 0 44
0 0 21 0 0 0 0 0 0 0 0 0 0 0 0 0 0 0 0 0 0 0 0 0 0 0 0 0 0 0 0 59 0 0 18 57 0 0 0 12 23
0 0 38 0 0 0 0 0 0 0 0 0 0 0 0 0 0 0 0 0 0 0 0 0 0 0 0 19 0 0 0 90 0 0 24 22 5 0 0 0 46
0 0 39 0 0 0 0 0 0 0 0 0 0 0 0 0 0 0 0 0 0 0 0 0 0 0 0 19 0 0 0 90 0 0 24 23 5 0 0 0 45
14 0 0 7 17 0 0 0 0 0 0 0 0 0 0 0 0 0 0 0 0 0 40 0 0 26 6 0 0 0 0 0 0 13 0 24 0 30 0 42 0
26 0 0 15 20 0 0 0 0 0 0 0 0 0 0 0 0 0 0 0 0 0 44 0 0 33 8 0 0 1 0 0 0 17 0 0 0 34 0 37 0
0 0 36 0 0 0 0 0 0 0 0 0 0 0 0 0 0 0 0 0 0 0 0 0 0 0 0 15 0 0 0 86 0 0 23 27 4 0 0 0 43
22 0 0 12 19 0 0 0 0 0 0 0 0 0 0 0 0 0 0 0 0 0 42 0 0 30 7 0 0 0 0 0 0 15 0 1 0 32 0 36 0
28 0 0 16 20 0 0 0 0 0 0 0 0 0 0 0 0 0 0 0 0 0 43 0 0 33 8 0 0 2 0 0 0 17 0 0 0 33 0 33 0
19 0 0 11 19 0 0 0 0 0 0 0 0 0 0 0 0 0 0 0 0 0 43 0 0 29 7 0 0 0 0 0 0 14 0 9 0 32 0 39 0
0 0 36 0 0 0 0 0 0 0 0 0 0 0 0 0 0 0 0 0 0 0 0 0 0 0 0 18 0 0 0 88 0 0 24 19 6 0 0 0 45
20 0 0 11 18 0 0 0 0 0 0 0 0 0 0 0 0 0 0 0 0 0 41 0 0 29 7 0 0 0 0 0 0 14 0 4 0 31 0 36 0
27 0 0 16 20 0 0 0 0 0 0 0 0 0 0 0 0 0 0 0 0 0 44 0 0 33 8 0 0 2 0 0 0 17 0 0 0 33 0 35 0
4 0 0 0 11 0 0 0 0 0 0 0 0 0 0 0 0 0 0 0 0 0 29 0 0 17 3 0 0 0 0 0 0 9 3 46 0 23 0 44 0
0 0 15 0 0 0 0 0 0 0 0 0 0 0 0 0 0 0 0 0 0 0 6 0 0 2 0 0 1 0 0 42 0 0 15 64 0 8 0 28 13
11 0 0 4 15 0 0 0 0 0 0 0 0 0 0 0 0 0 0 0 0 0 35 0 0 22 4 0 0 0 0 0 0 10 2 30 0 27 0 38 0
0 0 5 0 5 0 0 0 0 0 0 0 0 0 0 0 0 0 0 0 0 0 19 0 0 10 0 0 1 0 0 20 0 5 11 64 0 17 0 42 0
3 0 0 0 10 0 0 0 0 0 0 0 0 0 0 0 0 0 0 0 0 0 28 0 0 17 3 0 0 0 0 0 0 8 7 53 0 23 0 46 0
0 0 38 0 0 0 0 0 0 0 0 0 0 0 0 0 0 0 0 0 0 0 0 0 0 0 0 18 0 0 0 90 0 0 23 24 5 0 0 0 45
2 0 0 0 8 0 0 0 0 0 0 0 0 0 0 0 0 0 0 0 0 0 25 0 0 15 2 0 0 0 0 2 0 7 6 53 0 20 0 43 0
6 0 0 1 11 0 0 0 0 0 0 0 0 0 0 0 0 0 0 0 0 0 30 0 0 18 4 0 0 0 0 0 0 9 0 38 0 23 0 42 0
28 0 0 17 20 0 0 0 0 0 0 0 0 0 0 0 0 0 0 0 0 0 45 0 0 34 9 0 0 2 0 0 0 18 0 0 0 34 0 35 0
0 0 40 0 0 0 0 0 0 0 0 0 0 0 0 0 0 0 0 0 0 0 0 0 0 0 0 19 0 0 0 92 0 0 25 23 5 0 0 0 46
0 0 39 0 0 0 0 0 0 0 0 0 0 0 0 0 0 0 0 0 0 0 0 0 0 0 0 18 0 0 0 91 0 0 24 25 5 0 0 0 45
