21 0 19 5 0 0 0 0 0 0 0 0 0 0 0 0 0 0 0 0 0 0 0 0 0 0 0 8 7 0 0 14 0 0 54 91 0 0 0 68 0
0 0 4 8 0 0 0 0 0 0 0 0 0 0 0 0 0 0 0 0 0 0 0 0 0 0 0 0 0 0 0 30 0 0 82 87 0 0 0 82 2
39 0 24 0 0 0 0 0 0 0 0 0 0 0 0 0 0 0 0 0 0 0 0 6 0 0 2 0 8 0 0 1 0 2 0 0 0 0 3 0 0
21 0 15 9 0 0 0 0 0 0 0 0 0 0 0 0 0 0 0 0 0 0 0 0 0 0 0 6 7 0 0 6 0 0 41 82 0 0 0 59 0
0 0 2 10 0 0 0 0 0 0 0 0 0 0 0 0 0 0 0 0 0 0 0 0 0 0 0 0 0 0 0 26 0 0 72 79 0 0 0 82 0
0 0 10 5 0 0 0 0 0 0 0 0 0 0 0 0 0 0 0 0 0 0 0 0 0 0 0 1 0 0 0 39 0 0 84 92 0 0 0 82 6
4 0 21 5 0 0 0 0 0 0 0 0 0 0 0 0 0 0 0 0 0 0 0 0 0 0 0 9 7 0 0 21 0 0 69 104 0 0 0 79 0
0 0 13 0 0 0 0 0 0 0 0 0 0 0 0 0 0 0 0 0 0 0 0 0 0 0 0 5 0 1 0 46 0 0 88 103 0 0 0 88 9
0 0 17 2 0 0 0 0 0 0 0 0 0 0 0 0 0 0 0 0 0 0 0 0 0 0 0 4 1 0 0 38 0 0 75 92 0 0 0 75 7
0 0 17 7 0 0 0 0 0 0 0 0 0 0 0 0 0 0 0 0 0 0 0 0 0 0 0 5 5 0 0 25 0 0 66 97 0 0 0 77 0
0 0 3 12 0 0 0 0 0 0 0 0 0 0 0 0 0 0 0 0 0 0 0 0 0 0 0 0 0 0 0 21 0 0 55 83 0 0 0 75 0
17 0 19 9 0 0 0 0 0 0 0 0 0 0 0 0 0 0 0 0 0 0 0 0 0 0 0 9 9 0 0 9 0 0 56 97 0 0 0 69 0
6 0 23 4 0 0 0 0 0 0 0 0 0 0 0 0 0 0 0 0 0 0 0 0 0 0 0 10 8 0 0 21 0 0 71 106 0 0 0 82 0
0 0 8 2 0 0 0 0 0 0 0 0 0 0 0 0 0 0 0 0 0 0 0 0 0 0 0 1 0 0 0 42 0 0 94 91 0 0 0 87 6
28 0 26 0 5 2 0 0 0 1 0 2 2 0 0 0 0 1 6 1 2 0 0 15 0 7 7 0 16 3 0 0 3 4 0 0 1 6 7 0 3
22 0 18 7 0 0 0 0 0 0 0 0 0 0 0 0 0 0 0 0 0 0 0 0 0 0 0 8 8 0 0 9 0 0 51 91 0 0 0 66 0
9 0 11 13 0 0 0 0 0 0 0 0 0 0 0 0 0 0 0 0 0 0 0 0 0 0 0 3 4 0 0 8 0 0 43 84 0 0 0 67 0
0 0 20 5 0 0 0 0 0 0 0 0 0 0 0 0 0 0 0 0 0 0 0 0 0 0 0 6 5 0 0 28 0 0 72 99 0 0 0 78 1
0 0 14 4 0 0 0 0 0 0 0 0 0 0 0 0 0 0 0 0 0 0 0 0 0 0 0 3 0 0 0 38 0 0 74 91 0 0 0 76 7
0 0 10 0 0 0 0 0 0 0 0 0 2 0 0 0 0 0 0 0 0 0 0 0 0 0 0 4 0 3 0 52 0 0 99 108 0 0 0 97 10
36 0 26 0 0 0 0 0 0 0 0 0 0 0 0 0 0 0 2 0 0 0 0 8 0 2 3 0 12 0 0 0 0 4 0 0 0 3 3 0 0
0 0 8 4 0 0 0 0 0 0 0 0 0 0 0 0 0 0 0 0 0 0 0 0 0 0 0 1 0 0 0 40 0 0 90 91 0 0 0 85 6
3 0 16 10 0 0 0 0 0 0 0 0 0 0 0 0 0 0 0 0 0 0 0 0 0 0 0 5 6 0 0 15 0 0 56 92 0 0 0 71 0
22 1 9 0 10 6 2 1 0 3 2 7 7 0 2 2 1 3 18 3 3 2 5 17 1 19 8 0 12 6 2 0 5 5 0 0 3 15 11 0 7
8 0 23 3 0 0 0 0 0 0 0 0 0 0 0 0 0 0 0 0 0 0 0 0 0 0 0 10 8 0 0 21 0 0 69 104 0 0 0 80 0
0 0 11 9 0 0 0 0 0 0 0 0 0 0 0 0 0 0 0 0 0 0 40 0 0 0 0 0 0 0 0 2 0 1 10 43 0 0 0 49 1
21 1 12 0 10 6 2 1 0 3 2 6 6 0 2 2 0 3 16 3 3 1 5 16 1 17 8 0 13 6 2 0 5 4 0 0 3 12 10 0 6
0 0 12 11 0 0 0 0 0 0 0 0 0 0 0 0 0 0 0 0 0 0 0 0 0 0 0 2 1 0 0 22 0 0 57 94 0 0 0 78 0
43 0 18 3 0 0 0 0 0 0 0 0 0 0 0 0 0 0 0 0 0 0 0 0 0 0 0 1 4 0 0 3 0 2 7 24 0 0 0 24 0
0 0 21 7 0 0 0 0 0 0 0 0 0 0 0 0 0 0 0 0 0 0 0 0 0 0 0 8 7 0 0 21 0 0 70 104 0 0 0 79 0
0 0 13 7 0 0 0 0 0 0 0 0 0 0 0 0 0 0 0 0 0 0 0 0 0 0 0 3 0 0 0 33 0 0 71 98 0 0 0 82 4
8 0 9 10 0 0 0 0 0 0 0 0 0 0 0 0 0 0 0 0 0 0 17 0 0 0 0 0 0 0 0 0 0 0 13 55 0 0 0 48 0
0 0 15 6 0 0 0 0 0 0 0 0 0 0 0 0 0 0 0 0 0 0 0 0 0 0 0 4 2 0 0 30 0 0 67 93 0 0 0 77 3
0 0 16 0 0 0 0 0 0 0 0 0 0 0 0 0 0 0 0 0 0 0 0 0 0 0 0 5 0 0 0 45 0 0 85 98 0 0 0 83 8
0 0 20 7 0 0 0 0 0 0 0 0 0 0 0 0 0 0 0 0 0 0 0 0 0 0 0 8 7 0 0 20 0 0 67 102 0 0 0 78 0
0 0 11 4 0 0 0 0 0 0 0 0 0 0 0 0 0 0 0 0 0 0 0 0 0 0 0 1 0 0 0 38 0 0 74 91 0 0 0 78 6
42 0 17 6 0 0 0 0 0 0 0 0 0 0 0 0 0 0 0 0 0 0 0 0 0 0 0 4 4 0 0 6 0 1 22 55 0 0 0 43 0
19 2 9 0 3 4 2 0 0 1 1 6 1 0 2 1 1 2 15 1 2 1 21 9 0 14 4 0 5 1 1 0 3 5 0 0 2 9 10 0 5
29 0 26 0 7 2 1 0 0 1 1 2 3 0 1 1 0 1 7 2 2 0 0 16 0 8 8 0 17 4 0 0 4 4 0 0 2 7 7 0 3
0 0 10 4 0 0 0 0 0 0 0 0 0 0 0 0 0 0 0 0 0 0 0 0 0 0 0 1 0 0 0 39 0 0 76 89 0 0 0 79 7
40 0 26 0 0 0 0 0 0 0 0 0 0 0 0 0 0 0 0 0 0 0 0 5 0 1 2 0 10 0 0 1 0 2 0 0 0 2 2 0 0
25 0 23 0 5 3 1 0 0 1 1 2 2 0 0 1 0 1 8 2 2 0 1 13 0 8 7 0 15 3 0 0 3 4 0 0 2 6 6 0 3
20 0 14 10 0 0 0 0 0 0 0 0 0 0 0 0 0 0 0 0 0 0 0 0 0 0 0 6 7 0 0 6 0 0 42 83 0 0 0 60 0
14 1 9 0 1 3 1 0 0 0 0 4 0 0 1 1 1 1 12 1 1 0 24 5 0 10 3 0 2 0 1 0 2 4 0 0 1 5 8 0 5
0 0 4 10 0 0 0 0 0 0 0 0 0 0 0 0 0 0 0 0 0 0 0 0 0 0 0 0 0 0 0 26 0 0 63 79 0 0 0 75 1
6 0 16 9 0 0 0 0 0 0 0 0 0 0 0 0 0 0 0 0 0 0 0 0 0 0 0 6 7 0 0 12 0 0 51 87 0 0 0 67 0
38 0 16 7 0 0 0 0 0 0 0 0 0 0 0 0 0 0 0 0 0 0 0 0 0 0 0 5 5 0 0 8 0 0 33 69 0 0 0 52 0
26 2 7 0 19 9 3 1 1 4 4 9 12 0 4 3 1 4 25 6 4 3 4 18 2 28 11 0 13 13 2 0 6 6 0 0 4 22 17 0 9
0 0 10 7 0 0 0 0 0 0 0 0 0 0 0 0 0 0 0 0 0 0 0 0 0 0 0 2 0 0 0 26 0 0 63 91 0 0 0 74 2
27 3 0 0 21 12 3 1 0 6 5 12 13 0 5 3 3 5 30 5 4 4 12 19 2 35 13 0 10 13 3 0 6 7 0 0 5 26 22 0 12
23 1 14 0 0 1 1 0 0 0 1 2 0 0 0 0 0 1 4 0 1 0 1 14 0 6 4 0 12 0 0 0 1 2 0 0 0 4 5 0 0
20 0 19 8 0 0 0 0 0 0 0 0 0 0 0 0 0 0 0 0 0 0 0 0 0 0 0 9 8 0 0 10 0 0 55 95 0 0 0 69 0
36 0 15 10 0 0 0 0 0 0 0 0 0 0 0 0 0 0 0 0 0 0 0 0 0 0 0 6 7 0 0 1 0 0 33 76 0 0 0 54 0
29 3 5 0 26 12 4 2 1 6 5 11 17 0 5 3 1 6 31 8 5 4 0 21 3 36 15 0 15 19 3 0 8 6 0 0 5 28 23 0 11
42 0 14 9 0 0 0 0 0 0 0 0 0 0 0 0 0 0 0 0 0 0 0 0 0 0 0 5 4 0 0 1 0 0 22 64 0 0 0 46 0
0 0 10 7 0 0 0 0 0 0 0 0 0 0 0 0 0 0 0 0 0 0 0 0 0 0 0 2 0 0 0 33 0 0 71 94 0 0 0 77 5
0 0 7 8 0 0 0 0 0 0 0 0 0 0 0 0 0 0 0 0 0 0 0 0 0 0 0 0 0 0 0 31 0 0 71 86 0 0 0 77 4
26 1 14 0 1 2 1 0 0 0 1 4 0 0 0 0 0 2 10 1 2 0 3 10 0 9 4 0 10 0 0 0 2 2 0 0 0 6 5 0 0
0 0 13 10 0 0 0 0 0 0 0 0 0 0 0 0 0 0 0 0 0 0 0 0 0 0 0 3 2 0 0 23 0 0 62 97 0 0 0 77 0
41 0 20 3 0 0 0 0 0 0 0 0 0 0 0 0 0 0 0 0 0 0 0 1 0 0 0 0 6 0 0 0 0 1 0 4 0 1 0 6 0
0 0 19 2 0 0 0 0 0 0 0 0 0 0 0 0 0 0 0 0 0 0 0 0 0 0 0 6 3 0 0 35 0 0 76 96 0 0 0 78 4
0 0 9 9 0 0 0 0 0 0 0 0 0 0 0 0 0 0 0 0 0 0 32 0 0 0 0 0 0 0 0 4 0 0 14 51 0 0 0 56 1
0 0 13 0 0 0 0 0 0 0 0 0 0 0 0 0 0 0 0 0 0 0 0 0 0 0 0 4 0 1 0 47 0 0 88 97 0 0 0 85 10
0 0 12 0 0 0 0 0 0 0 0 0 0 0 0 0 0 0 0 0 0 0 0 0 0 0 0 3 0 1 0 44 0 0 81 96 0 0 0 83 9
0 0 1 11 0 0 0 0 0 0 0 0 0 0 0 0 0 0 0 0 0 0 0 0 0 0 0 0 0 0 0 20 0 0 58 71 0 0 0 75 0
0 0 7 8 0 0 0 0 0 0 0 0 0 0 0 0 0 0 0 0 0 0 0 0 0 0 0 0 0 0 0 30 0 0 67 85 0 0 0 76 3
0 0 13 1 0 0 0 0 0 0 0 0 0 0 0 0 0 0 0 0 0 0 0 0 0 0 0 3 0 0 0 41 0 0 78 95 0 0 0 80 8
0 0 19 3 0 0 0 0 0 0 0 0 0 0 0 0 0 0 0 0 0 0 0 0 0 0 0 6 4 0 0 33 0 0 76 97 0 0 0 78 3
0 0 12 11 0 0 0 0 0 0 0 0 0 0 0 0 0 0 0 0 0 0 26 0 0 0 0 0 0 0 0 2 0 0 17 64 0 0 0 55 0
0 0 6 6 0 0 0 0 0 0 0 0 0 0 0 0 0 0 0 0 0 0 0 0 0 0 0 0 0 0 0 35 0 0 87 89 0 0 0 84 4
0 0 10 1 0 0 0 0 0 0 0 0 0 0 0 0 0 0 0 0 0 0 0 0 0 0 0 2 0 0 0 44 0 0 91 96 0 0 0 86 7
0 0 23 0 0 0 0 0 0 0 0 0 0 0 0 0 0 0 0 0 0 0 0 0 0 0 0 7 4 0 0 37 0 0 79 99 0 0 0 81 3
0 0 5 11 0 0 0 0 0 0 0 0 0 0 0 0 0 0 0 0 0 0 0 0 0 0 0 0 0 0 0 23 0 0 58 82 0 0 0 77 0
7 0 17 9 0 0 0 0 0 0 0 0 0 0 0 0 0 0 0 0 0 0 0 0 0 0 0 7 7 0 0 14 0 0 57 96 0 0 0 73 0
0 0 19 0 0 0 0 0 0 0 0 0 0 0 0 0 0 0 0 0 0 0 0 0 0 0 0 6 2 0 0 41 0 0 79 96 0 0 0 80 6
0 0 12 10 0 0 0 0 0 0 0 0 0 0 0 0 0 0 0 0 0 0 0 0 0 0 0 3 2 0 0 19 0 0 56 94 0 0 0 75 0
0 0 24 0 0 0 0 0 0 0 0 0 0 0 0 0 0 0 0 0 0 0 0 0 0 0 0 9 6 0 0 33 0 0 79 103 0 0 0 83 0
30 0 15 10 0 0 0 0 0 0 0 0 0 0 0 0 0 0 0 0 0 0 0 0 0 0 0 6 6 0 0 1 0 0 31 74 0 0 0 52 0
0 0 25 0 0 0 0 0 0 0 0 0 0 0 0 0 0 0 0 0 0 0 0 0 0 0 0 10 7 0 0 32 0 0 77 103 0 0 0 84 0
0 0 12 10 0 0 0 0 0 0 0 0 0 0 0 0 0 0 0 0 0 0 0 0 0 0 0 3 2 0 0 21 0 0 60 95 0 0 0 77 0
15 0 13 11 0 0 0 0 0 0 0 0 0 0 0 0 0 0 0 0 0 0 0 0 0 0 0 4 5 0 0 4 0 0 35 72 0 0 0 57 0
22 0 18 6 0 0 0 0 0 0 0 0 0 0 0 0 0 0 0 0 0 0 0 0 0 0 0 7 7 0 0 12 0 0 49 88 0 0 0 67 0
0 0 9 2 0 0 0 0 0 0 0 0 0 0 0 0 0 0 0 0 0 0 0 0 0 0 0 2 0 0 0 43 0 0 90 94 0 0 0 85 8
0 0 16 8 0 0 0 0 0 0 0 0 0 0 0 0 0 0 0 0 0 0 48 0 0 0 0 0 0 0 0 9 0 1 14 47 0 0 0 54 4
0 0 23 1 0 0 0 0 0 0 0 0 0 0 0 0 0 0 0 0 0 0 0 0 0 0 0 9 6 0 0 30 0 0 76 104 0 0 0 84 0
31 0 27 0 2 1 0 0 0 0 0 1 0 0 0 0 0 0 5 1 1 0 1 10 0 5 5 0 14 1 0 0 2 4 0 0 0 4 4 0 1
0 0 16 0 0 0 0 0 0 0 0 0 0 0 0 0 0 0 0 0 0 0 0 0 0 0 0 5 0 0 0 43 0 0 81 98 0 0 0 82 7
34 0 13 10 0 0 0 0 0 0 0 0 0 0 0 0 0 0 0 0 0 0 0 0 0 0 0 5 5 0 0 0 0 0 25 67 0 0 0 46 0
0 0 0 11 0 0 0 0 0 0 0 0 0 0 0 0 0 0 0 0 0 0 0 0 0 0 0 0 0 0 0 21 0 0 59 72 0 0 0 77 0
24 1 14 0 0 0 1 0 0 0 0 1 0 0 0 0 0 0 5 0 0 0 8 4 0 3 1 0 6 0 0 0 0 0 0 0 0 2 3 0 0
0 0 12 5 0 0 0 0 0 0 0 0 0 0 0 0 0 0 0 0 0 0 0 0 0 0 0 2 0 0 0 35 0 0 73 92 0 0 0 77 6
0 0 9 10 0 0 0 0 0 0 0 0 0 0 0 0 0 0 0 0 0 0 0 0 0 0 0 1 0 0 0 28 0 0 63 94 0 0 0 81 1
0 0 11 1 0 0 0 0 0 0 0 0 0 0 0 0 0 0 0 0 0 0 0 0 0 0 0 2 0 0 0 44 0 0 88 95 0 0 0 84 8
32 5 0 0 32 14 4 3 1 8 6 14 20 0 8 4 2 7 37 9 6 6 3 23 3 44 18 0 14 23 4 0 9 6 0 0 6 35 28 0 14
0 0 10 7 0 0 0 0 0 0 0 0 0 0 0 0 0 0 0 0 0 0 0 0 0 0 0 1 0 0 0 35 0 0 75 93 0 0 0 80 5
0 0 8 7 0 0 0 0 0 0 0 0 0 0 0 0 0 0 0 0 0 0 0 0 0 0 0 0 0 0 0 33 0 0 77 88 0 0 0 79 4
0 0 24 3 0 0 0 0 0 0 0 0 0 0 0 0 0 0 0 0 0 0 0 0 0 0 0 11 8 0 0 25 0 0 76 109 0 0 0 84 0
6 0 9 13 0 0 0 0 0 0 0 0 0 0 0 0 0 0 0 0 0 0 16 0 0 0 0 0 0 0 0 2 0 0 23 76 0 0 0 62 0
0 0 10 5 0 0 0 0 0 0 0 0 0 0 0 0 0 0 0 0 0 0 0 0 0 0 0 1 0 0 0 37 0 0 77 92 0 0 0 80 6
39 0 24 0 0 0 0 0 0 0 0 0 0 0 0 0 0 0 4 0 0 0 0 7 0 4 3 0 12 0 0 0 0 3 0 0 0 5 2 0 0
24 0 17 0 2 2 1 0 0 0 0 2 0 0 0 0 0 1 7 0 1 0 6 10 0 8 5 0 10 1 0 0 2 3 0 0 0 6 6 0 4
36 0 20 0 0 0 0 0 0 0 0 0 0 0 0 0 0 0 3 0 0 0 0 5 0 3 2 0 11 0 0 0 0 2 0 0 0 3 2 0 0
0 0 17 1 0 0 0 0 0 0 0 0 0 0 0 0 0 0 0 0 0 0 0 0 0 0 0 4 1 0 0 39 0 0 75 91 0 0 0 75 7
21 1 15 0 8 5 2 0 0 2 2 5 6 0 2 2 0 3 14 3 2 1 4 18 0 15 7 0 14 5 1 0 4 5 0 0 3 12 9 0 6
0 0 1 12 0 0 0 0 0 0 0 0 0 0 0 0 0 0 0 0 0 0 0 0 0 0 0 0 0 0 0 20 0 0 54 77 0 0 0 74 0
0 0 22 1 0 0 0 0 0 0 0 0 0 0 0 0 0 0 0 0 0 0 0 0 0 0 0 8 5 0 0 34 0 0 78 101 0 0 0 81 2
0 0 3 11 0 0 0 0 0 0 0 0 0 0 0 0 0 0 0 0 0 0 0 0 0 0 0 0 0 0 0 22 0 0 57 79 0 0 0 76 0
42 0 14 8 0 0 0 0 0 0 0 0 0 0 0 0 0 0 0 0 0 0 0 0 0 0 0 4 5 0 0 0 0 0 18 53 0 0 0 37 0
10 1 11 5 0 0 0 0 0 0 0 0 0 0 0 0 0 0 1 0 0 0 22 0 0 0 0 0 0 0 1 0 0 0 0 10 0 0 2 11 0
1 0 13 9 0 0 0 0 0 0 0 0 0 0 0 0 0 0 0 0 0 0 0 0 0 0 0 4 4 0 0 17 0 0 56 91 0 0 0 70 0
0 0 2 13 0 0 0 0 0 0 0 0 0 0 0 0 0 0 0 0 0 0 0 0 0 0 0 0 0 0 0 16 0 0 47 77 0 0 0 72 0
15 0 18 9 0 0 0 0 0 0 0 0 0 0 0 0 0 0 0 0 0 0 0 0 0 0 0 8 9 0 0 9 0 0 52 93 0 0 0 69 0
0 0 17 2 0 0 0 0 0 0 0 0 0 0 0 0 0 0 0 0 0 0 0 0 0 0 0 3 1 0 0 40 0 0 76 90 0 0 0 76 7
0 0 18 0 0 0 0 0 0 0 0 0 0 0 0 0 0 0 0 0 0 0 0 0 0 0 0 5 1 0 0 44 0 0 82 98 0 0 0 83 8
0 0 1 12 0 0 0 0 0 0 0 0 0 0 0 0 0 0 0 0 0 0 1 0 0 0 0 0 0 0 0 21 0 0 51 72 0 0 0 76 0
22 2 12 0 14 7 3 1 1 3 3 7 9 0 3 3 1 3 18 5 3 2 3 19 2 20 9 0 15 10 2 0 5 5 0 0 4 15 13 0 8
0 0 20 5 0 0 0 0 0 0 0 0 0 0 0 0 0 0 0 0 0 0 0 0 0 0 0 7 6 0 0 24 0 0 70 99 0 0 0 77 0
16 0 17 10 0 0 0 0 0 0 0 0 0 0 0 0 0 0 0 0 0 0 0 0 0 0 0 7 8 0 0 8 0 0 49 91 0 0 0 67 0
0 0 5 9 0 0 0 0 0 0 0 0 0 0 0 0 0 0 0 0 0 0 0 0 0 0 0 0 0 0 0 30 0 0 74 83 0 0 0 79 3
0 0 11 5 0 0 0 0 0 0 0 0 0 0 0 0 0 0 0 0 0 0 0 0 0 0 0 0 0 0 0 37 0 0 77 90 0 0 0 79 6
0 0 12 5 0 0 0 0 0 0 0 0 0 0 0 0 0 0 0 0 0 0 0 0 0 0 0 1 0 0 0 37 0 0 74 89 0 0 0 78 6
15 0 12 13 0 0 0 0 0 0 0 0 0 0 0 0 0 0 0 0 0 0 0 0 0 0 0 3 3 0 0 3 0 0 32 80 0 0 0 64 0
43 0 18 5 0 0 0 0 0 0 0 0 0 0 0 0 0 0 1 0 0 0 0 0 0 0 0 2 5 0 0 0 0 0 0 20 0 1 0 16 0
42 0 13 8 0 0 0 0 0 0 0 0 0 0 0 0 0 0 0 0 0 0 0 0 0 0 0 3 3 0 0 0 0 0 13 46 0 0 0 33 0
0 0 16 6 0 0 0 0 0 0 0 0 0 0 0 0 0 0 0 0 0 0 0 0 0 0 0 4 3 0 0 29 0 0 68 96 0 0 0 78 3
0 0 21 4 0 0 0 0 0 0 0 0 0 0 0 0 0 0 0 0 0 0 0 0 0 0 0 7 6 0 0 28 0 0 72 100 0 0 0 80 0
0 0 18 5 0 0 0 0 0 0 0 0 0 0 0 0 0 0 0 0 0 0 0 0 0 0 0 6 5 0 0 25 0 0 66 96 0 0 0 76 0
0 0 20 6 0 0 0 0 0 0 0 0 0 0 0 0 0 0 0 0 0 0 0 0 0 0 0 8 7 0 0 22 0 0 70 102 0 0 0 79 0
13 0 17 9 0 0 0 0 0 0 0 0 0 0 0 0 0 0 0 0 0 0 0 0 0 0 0 7 7 0 0 11 0 0 53 93 0 0 0 67 0
43 0 14 8 0 0 0 0 0 0 0 0 0 0 0 0 0 0 0 0 0 0 0 0 0 0 0 4 5 0 0 1 0 0 22 60 0 0 0 43 0
0 0 6 10 0 0 0 0 0 0 0 0 0 0 0 0 0 0 0 0 0 0 0 0 0 0 0 0 0 0 0 26 0 0 60 83 0 0 0 78 1
0 0 17 7 0 0 0 0 0 0 0 0 0 0 0 0 0 0 0 0 0 0 0 0 0 0 0 6 5 0 0 22 0 0 66 98 0 0 0 76 0
0 0 14 3 0 0 0 0 0 0 0 0 0 0 0 0 0 0 0 0 0 0 0 0 0 0 0 2 0 0 0 40 0 0 76 92 0 0 0 78 7
36 0 15 7 0 0 0 0 0 0 0 0 0 0 0 0 0 0 0 0 0 0 0 0 0 0 0 5 4 0 0 8 0 0 31 70 0 0 0 54 0
0 0 16 3 0 0 0 0 0 0 0 0 0 0 0 0 0 0 0 0 0 0 0 0 0 0 0 4 1 0 0 35 0 0 71 90 0 0 0 75 5
33 0 31 0 4 0 0 0 0 0 0 0 1 0 0 0 0 0 3 1 1 0 0 13 0 4 7 0 16 3 0 0 3 4 0 0 1 5 6 0 2
42 0 22 1 0 0 0 0 0 0 0 0 0 0 0 0 0 0 0 0 0 0 0 0 0 0 1 0 6 0 0 0 0 1 0 0 0 1 1 0 0
38 8 0 0 48 23 6 4 1 12 9 22 29 1 12 5 6 11 58 12 8 10 11 26 6 70 24 0 8 33 6 0 11 9 0 0 7 55 44 0 22
0 0 12 1 0 0 0 0 0 0 0 0 0 0 0 0 0 0 0 0 0 0 0 0 0 0 0 2 0 0 0 41 0 0 79 92 0 0 0 79 8
20 0 18 10 0 0 0 0 0 0 0 0 0 0 0 0 0 0 0 0 0 0 0 0 0 0 0 8 9 0 0 6 0 0 51 94 0 0 0 67 0
0 0 22 5 0 0 0 0 0 0 0 0 0 0 0 0 0 0 0 0 0 0 0 0 0 0 0 9 8 0 0 23 0 0 72 106 0 0 0 81 0
10 0 20 7 0 0 0 0 0 0 0 0 0 0 0 0 0 0 0 0 0 0 0 0 0 0 0 8 8 0 0 15 0 0 60 98 0 0 0 73 0
0 0 6 11 0 0 0 0 0 0 0 0 0 0 0 0 0 0 0 0 0 0 28 0 0 0 0 0 0 0 0 16 0 0 38 72 0 0 0 78 0
0 0 10 11 0 0 0 0 0 0 0 0 0 0 0 0 0 0 0 0 0 0 0 0 0 0 0 1 0 0 0 21 0 0 54 90 0 0 0 76 0
0 0 13 9 0 0 0 0 0 0 0 0 0 0 0 0 0 0 0 0 0 0 0 0 0 0 0 3 3 0 0 24 0 0 61 94 0 0 0 77 1
0 0 20 2 0 0 0 0 0 0 0 0 0 0 0 0 0 0 0 0 0 0 0 0 0 0 0 7 4 0 0 34 0 0 77 101 0 0 0 80 4
0 0 11 0 0 0 0 0 0 0 0 0 0 0 0 0 0 0 0 0 0 0 0 0 0 0 0 3 0 1 0 44 0 0 85 97 0 0 0 85 9
0 0 16 8 0 0 0 0 0 0 0 0 0 0 0 0 0 0 0 0 0 0 0 0 0 0 0 5 5 0 0 21 0 0 62 98 0 0 0 76 0
29 0 18 6 0 0 0 0 0 0 0 0 0 0 0 0 0 0 0 0 0 0 0 0 0 0 0 7 6 0 0 11 0 0 44 81 0 0 0 62 0
25 1 10 0 17 8 2 1 1 4 3 7 11 0 3 2 1 4 21 5 3 2 2 18 2 24 11 0 14 12 2 0 5 5 0 0 4 19 16 0 9
0 0 13 0 0 0 0 0 0 0 0 0 0 0 0 0 0 0 0 0 0 0 0 0 0 0 0 3 0 1 0 45 0 0 84 94 0 0 0 82 9
0 0 2 12 0 0 0 0 0 0 0 0 0 0 0 0 0 0 0 0 0 0 11 0 0 0 0 0 0 0 0 11 0 0 35 74 0 0 0 72 0
0 0 18 0 0 0 0 0 0 0 0 0 0 0 0 0 0 0 0 0 0 0 0 0 0 0 0 5 2 0 0 42 0 0 80 96 0 0 0 81 7
0 0 18 3 0 0 0 0 0 0 0 0 0 0 0 0 0 0 0 0 0 0 0 0 0 0 0 5 3 0 0 35 0 0 75 96 0 0 0 78 5
0 0 20 2 0 0 0 0 0 0 0 0 0 0 0 0 0 0 0 0 0 0 0 0 0 0 0 6 3 0 0 35 0 0 76 95 0 0 0 77 5
0 0 10 0 0 0 0 0 0 0 0 0 0 0 0 0 0 0 0 0 0 0 0 0 0 0 0 3 0 1 0 47 0 0 90 98 0 0 0 87 10
1 0 26 0 0 0 0 0 0 0 0 0 0 0 0 0 0 0 0 0 0 0 0 0 0 0 0 11 7 0 0 33 0 0 78 108 0 0 0 88 0
22 1 11 1 0 0 1 0 0 0 0 1 0 0 0 0 0 0 5 0 0 0 6 5 0 3 1 0 6 0 1 0 0 0 0 0 0 1 3 0 0
11 0 8 13 0 0 0 0 0 0 0 0 0 0 0 0 0 0 0 0 0 0 1 0 0 0 0 1 0 0 0 4 0 0 29 73 0 0 0 61 0
0 0 6 8 0 0 0 0 0 0 0 0 0 0 0 0 0 0 0 0 0 0 0 0 0 0 0 0 0 0 0 31 0 0 74 84 0 0 0 79 3
0 0 11 1 0 0 0 0 0 0 0 0 0 0 0 0 0 0 0 0 0 0 0 0 0 0 0 2 0 0 0 44 0 0 86 94 0 0 0 83 9
0 0 13 2 0 0 0 0 0 0 0 0 0 0 0 0 0 0 0 0 0 0 0 0 0 0 0 2 0 0 0 39 0 0 74 89 0 0 0 76 8
18 0 20 6 0 0 0 0 0 0 0 0 0 0 0 0 0 0 0 0 0 0 0 0 0 0 0 9 8 0 0 13 0 0 58 97 0 0 0 72 0
0 0 21 0 0 0 0 0 0 0 0 0 0 0 0 0 0 0 0 0 0 0 0 0 0 0 0 7 3 0 0 42 0 0 83 100 0 0 0 83 5
31 0 15 7 0 0 0 0 0 0 0 0 0 0 0 0 0 0 0 0 0 0 0 0 0 0 0 6 6 0 0 5 0 0 37 76 0 0 0 55 0
0 0 5 3 0 0 0 0 0 0 0 0 0 0 0 0 0 0 0 0 0 0 0 0 0 0 0 1 0 0 0 40 0 0 99 92 0 0 0 89 5
0 0 14 7 0 0 0 0 0 0 0 0 0 0 0 0 0 0 0 0 0 0 51 0 0 0 0 0 0 0 0 5 0 2 4 29 0 0 0 39 5
0 0 13 10 0 0 0 0 0 0 0 0 0 0 0 0 0 0 0 0 0 0 45 0 0 0 0 0 0 0 0 13 0 0 25 64 0 0 0 71 2
0 0 10 12 0 0 0 0 0 0 0 0 0 0 0 0 0 0 0 0 0 0 0 0 0 0 0 2 1 0 0 21 0 0 57 94 0 0 0 80 0
0 0 17 3 0 0 0 0 0 0 0 0 0 0 0 0 0 0 0 0 0 0 0 0 0 0 0 5 2 0 0 37 0 0 78 96 0 0 0 78 6
20 1 12 0 1 2 1 0 0 0 0 3 0 0 0 0 0 1 11 1 1 0 14 8 0 9 3 0 5 0 1 0 2 3 0 0 0 6 7 0 3
33 0 18 5 0 0 0 0 0 0 0 0 0 0 0 0 0 0 0 0 0 0 0 0 0 0 0 6 6 0 0 14 0 0 43 77 0 0 0 61 0
29 2 10 0 21 9 3 2 1 5 4 9 13 0 5 3 1 5 26 7 4 3 1 20 2 29 13 0 15 15 3 0 7 5 0 0 4 24 18 0 9
1 0 24 2 0 0 0 0 0 0 0 0 0 0 0 0 0 0 0 0 0 0 0 0 0 0 0 10 7 0 0 27 0 0 74 105 0 0 0 83 0
0 0 10 3 0 0 0 0 0 0 0 0 0 0 0 0 0 0 0 0 0 0 0 0 0 0 0 1 0 0 0 40 0 0 81 93 0 0 0 81 7
0 0 17 3 0 0 0 0 0 0 0 0 0 0 0 0 0 0 0 0 0 0 0 0 0 0 0 4 1 0 0 37 0 0 76 91 0 0 0 76 6
27 0 16 11 0 0 0 0 0 0 0 0 0 0 0 0 0 0 0 0 0 0 0 0 0 0 0 7 7 0 0 2 0 0 38 83 0 0 0 59 0
36 0 13 9 0 0 0 0 0 0 0 0 0 0 0 0 0 0 0 0 0 0 0 0 0 0 0 4 5 0 0 0 0 0 22 60 0 0 0 42 0
0 0 15 8 0 0 0 0 0 0 0 0 0 0 0 0 0 0 0 0 0 0 0 0 0 0 0 4 3 0 0 26 0 0 65 94 0 0 0 76 1
6 0 22 5 0 0 0 0 0 0 0 0 0 0 0 0 0 0 0 0 0 0 0 0 0 0 0 9 8 0 0 19 0 0 66 103 0 0 0 79 0
0 0 9 5 0 0 0 0 0 0 0 0 0 0 0 0 0 0 0 0 0 0 0 0 0 0 0 1 0 0 0 38 0 0 85 92 0 0 0 83 6
34 0 27 0 0 0 0 0 0 0 0 0 0 0 0 0 0 0 2 0 0 0 0 7 0 2 4 0 12 0 0 0 1 3 0 0 0 2 2 0 0
29 4 0 0 19 11 4 0 0 5 4 13 10 1 6 3 3 4 36 4 5 4 33 13 0 38 9 0 1 9 2 0 4 11 0 0 6 24 24 0 12
32 0 12 7 0 0 0 0 0 0 0 0 0 0 0 0 0 0 0 0 0 0 0 0 0 0 0 3 4 0 0 0 0 0 8 37 0 0 0 26 0
13 0 18 8 0 0 0 0 0 0 0 0 0 0 0 0 0 0 0 0 0 0 0 0 0 0 0 7 7 0 0 13 0 0 57 96 0 0 0 72 0
0 0 8 10 0 0 0 0 0 0 0 0 0 0 0 0 0 0 0 0 0 0 0 0 0 0 0 0 0 0 0 27 0 0 62 94 0 0 0 81 1
0 0 5 0 0 0 0 0 0 0 0 0 1 0 0 0 0 0 0 0 0 0 0 0 0 0 0 2 0 1 0 47 0 0 111 96 0 0 0 93 8
39 0 22 0 0 0 0 0 0 0 0 0 0 0 0 0 0 0 3 0 0 0 0 3 0 3 1 0 9 0 0 0 0 3 0 0 0 3 2 0 0
4 0 7 13 0 0 0 0 0 0 0 0 0 0 0 0 0 0 0 0 0 0 3 0 0 0 0 0 0 0 0 6 0 0 31 76 0 0 0 67 0
26 2 12 0 21 9 3 2 1 5 4 9 13 0 4 3 0 5 25 7 4 3 1 19 2 28 13 0 16 16 3 0 7 5 0 0 5 21 18 0 9
0 0 0 11 0 0 0 0 0 0 0 0 0 0 0 0 0 0 0 0 0 0 0 0 0 0 0 0 0 0 0 23 0 0 76 83 0 0 0 86 0
34 0 15 8 0 0 0 0 0 0 0 0 0 0 0 0 0 0 0 0 0 0 0 0 0 0 0 6 6 0 0 5 0 0 31 72 0 0 0 52 0
0 0 15 0 0 0 0 0 0 0 0 0 0 0 0 0 0 0 0 0 0 0 0 0 0 0 0 3 0 0 0 42 0 0 78 91 0 0 0 77 8
0 0 13 2 0 0 0 0 0 0 0 0 0 0 0 0 0 0 0 0 0 0 0 0 0 0 0 2 0 0 0 41 0 0 80 94 0 0 0 79 8
15 1 13 0 0 1 2 0 0 0 0 3 0 0 0 0 0 1 10 0 1 0 23 5 0 7 2 0 4 0 1 0 1 4 0 0 1 3 6 0 3
0 0 7 10 0 0 0 0 0 0 0 0 0 0 0 0 0 0 0 0 0 0 29 0 0 0 0 0 0 0 0 6 0 0 19 57 0 0 0 62 1
7 0 15 7 0 0 0 0 0 0 0 0 0 0 0 0 0 0 0 0 0 0 0 0 0 0 0 6 5 0 0 16 0 0 58 91 0 0 0 69 0
0 0 12 1 0 0 0 0 0 0 0 0 0 0 0 0 0 0 0 0 0 0 0 0 0 0 0 2 0 0 0 43 0 0 81 94 0 0 0 82 8
0 0 21 0 0 0 0 0 0 0 0 0 0 0 0 0 0 0 0 0 0 0 0 0 0 0 0 8 3 0 0 39 0 0 81 103 0 0 0 84 4
0 0 17 3 0 0 1 0 0 0 0 0 0 0 1 0 0 0 2 0 0 0 50 0 0 0 0 0 0 0 0 0 0 4 0 2 1 0 1 15 5
0 0 6 12 0 0 0 0 0 0 0 0 0 0 0 0 0 0 0 0 0 0 0 0 0 0 0 0 0 0 0 18 0 0 51 82 0 0 0 75 0
0 0 24 1 0 0 0 0 0 0 0 0 0 0 0 0 0 0 0 0 0 0 0 0 0 0 0 10 7 0 0 28 0 0 75 104 0 0 0 83 0
0 0 15 5 0 0 0 0 0 0 0 0 0 0 0 0 0 0 0 0 0 0 0 0 0 0 0 4 2 0 0 30 0 0 67 92 0 0 0 76 4
0 0 6 12 0 0 0 0 0 0 0 0 0 0 0 0 0 0 0 0 0 0 36 0 0 0 0 0 0 0 0 16 0 0 37 78 0 0 0 83 0
0 0 13 9 0 0 0 0 0 0 0 0 0 0 0 0 0 0 0 0 0 0 0 0 0 0 0 3 3 0 0 21 0 0 60 92 0 0 0 74 0
0 0 14 0 0 0 0 0 0 0 0 0 0 0 0 0 0 0 0 0 0 0 0 0 0 0 0 5 0 1 0 47 0 0 89 104 0 0 0 89 9
0 0 8 10 0 0 0 0 0 0 0 0 0 0 0 0 0 0 0 0 0 0 32 0 0 0 0 0 0 0 0 13 0 0 27 69 0 0 0 72 1
34 0 28 0 0 0 0 0 0 0 0 0 0 0 0 0 0 0 4 0 1 0 0 9 0 3 5 0 14 0 0 0 1 3 0 0 0 4 2 0 0
0 0 6 10 0 0 0 0 0 0 0 0 0 0 0 0 0 0 0 0 0 0 33 0 0 0 0 0 0 0 0 12 0 0 30 71 0 0 0 73 0
35 7 0 0 35 19 5 2 1 9 8 20 22 2 10 5 5 9 53 8 7 8 26 22 3 59 18 0 6 20 4 0 9 12 0 0 8 45 36 0 16
23 1 12 0 0 0 2 0 0 0 1 3 0 0 0 1 0 1 9 0 1 0 5 7 0 7 3 0 9 0 1 0 2 1 0 0 0 4 3 0 0
0 0 4 13 0 0 0 0 0 0 0 0 0 0 0 0 0 0 0 0 0 0 0 0 0 0 0 0 0 0 0 17 0 0 49 77 0 0 0 77 0
0 0 8 3 0 0 0 0 0 0 0 0 0 0 0 0 0 0 0 0 0 0 0 0 0 0 0 1 0 0 0 41 0 0 91 94 0 0 0 86 6
0 0 4 13 0 0 0 0 0 0 0 0 0 0 0 0 0 0 0 0 0 0 4 0 0 0 0 0 0 0 0 9 0 0 34 77 0 0 0 67 0
23 0 19 8 0 0 0 0 0 0 0 0 0 0 0 0 0 0 0 0 0 0 0 0 0 0 0 8 9 0 0 10 0 0 51 94 0 0 0 68 0
2 0 20 7 0 0 0 0 0 0 0 0 0 0 0 0 0 0 0 0 0 0 0 0 0 0 0 8 7 0 0 18 0 0 65 102 0 0 0 77 0
2 0 20 6 0 0 0 0 0 0 0 0 0 0 0 0 0 0 0 0 0 0 0 0 0 0 0 8 7 0 0 20 0 0 66 100 0 0 0 76 0
0 0 17 3 0 0 0 0 0 0 0 0 0 0 0 0 0 0 0 0 0 0 0 0 0 0 0 4 1 0 0 36 0 0 73 92 0 0 0 76 5
2 0 18 8 0 0 0 0 0 0 0 0 0 0 0 0 0 0 0 0 0 0 0 0 0 0 0 7 7 0 0 17 0 0 62 100 0 0 0 76 0
0 0 3 10 0 0 0 0 0 0 0 0 0 0 0 0 0 0 0 0 0 0 0 0 0 0 0 0 0 0 0 28 0 0 73 83 0 0 0 80 1
0 0 15 2 0 0 0 0 0 0 0 0 0 0 0 0 0 0 0 0 0 0 0 0 0 0 0 3 0 0 0 42 0 0 79 92 0 0 0 78 9
30 5 0 0 30 15 4 2 1 7 6 14 18 0 7 3 4 7 37 7 5 6 8 23 4 44 16 0 12 20 4 0 8 7 0 0 6 34 28 0 14
37 0 20 0 0 0 0 0 0 0 0 0 0 0 0 0 0 0 1 0 0 0 0 3 0 2 0 0 7 0 0 0 0 2 0 0 0 2 2 0 0
29 3 0 0 19 11 2 1 0 5 4 12 12 0 5 3 3 5 30 5 4 4 14 19 2 34 11 0 9 11 2 0 6 8 0 0 5 25 21 0 10
0 0 15 1 0 0 0 0 0 0 0 0 0 0 0 0 0 0 0 0 0 0 0 0 0 0 0 3 0 0 0 41 0 0 76 89 0 0 0 77 8
0 0 11 7 0 0 0 0 0 0 0 0 0 0 0 0 0 0 0 0 0 0 0 0 0 0 0 1 0 0 0 33 0 0 71 93 0 0 0 80 4
45 0 15 5 0 0 0 0 0 0 0 0 0 0 0 0 0 0 1 0 0 0 0 0 0 1 0 2 4 0 0 0 0 1 5 28 0 1 0 23 0
0 0 8 8 0 0 0 0 0 0 0 0 0 0 0 0 0 0 0 0 0 0 0 0 0 0 0 0 0 0 0 30 0 0 66 88 0 0 0 77 4
0 0 7 6 0 0 0 0 0 0 0 0 0 0 0 0 0 0 0 0 0 0 0 0 0 0 0 0 0 0 0 35 0 0 84 89 0 0 0 83 4
0 0 19 0 0 0 0 0 0 0 0 0 0 0 0 0 0 0 0 0 0 0 0 0 0 0 0 7 2 0 0 43 0 0 82 100 0 0 0 84 7
0 0 3 8 0 0 0 0 0 0 0 0 0 0 0 0 0 0 0 0 0 0 0 0 0 0 0 0 0 0 0 30 0 0 82 86 0 0 0 83 2
0 0 8 8 0 0 0 0 0 0 0 0 0 0 0 0 0 0 0 0 0 0 0 0 0 0 0 0 0 0 0 32 0 0 72 87 0 0 0 78 4
0 0 14 2 0 0 0 0 0 0 0 0 0 0 0 0 0 0 0 0 0 0 0 0 0 0 0 3 0 0 0 40 0 0 76 90 0 0 0 76 7
26 0 19 0 7 4 2 0 0 1 1 4 4 0 1 1 0 2 12 3 2 0 1 12 0 12 7 0 14 5 0 0 4 4 0 0 2 9 8 0 4
41 0 19 0 0 0 0 0 0 0 0 0 0 0 0 0 0 0 2 0 0 0 0 3 0 3 0 0 6 0 0 0 0 2 0 0 0 2 2 0 0
0 0 17 5 0 0 0 0 0 0 0 0 0 0 0 0 0 0 0 0 0 0 0 0 0 0 0 5 4 0 0 30 0 0 71 97 0 0 0 77 2
0 0 15 8 0 0 0 0 0 0 0 0 0 0 0 0 0 0 0 0 0 0 0 0 0 0 0 4 4 0 0 23 0 0 63 93 0 0 0 73 1
0 0 10 11 0 0 0 0 0 0 0 0 0 0 0 0 0 0 0 0 0 0 23 0 0 0 0 0 0 0 0 3 0 0 18 62 0 0 0 57 1
24 0 15 10 0 0 0 0 0 0 0 0 0 0 0 0 0 0 0 0 0 0 0 0 0 0 0 6 7 0 0 3 0 0 36 77 0 0 0 55 0
0 0 11 2 0 0 0 0 0 0 0 0 0 0 0 0 0 0 0 0 0 0 0 0 0 0 0 1 0 0 0 41 0 0 81 92 0 0 0 82 8
28 3 2 0 13 8 3 0 0 4 3 10 6 0 4 2 2 3 28 3 3 2 23 12 0 28 8 0 6 7 1 0 4 9 0 0 4 20 18 0 10
0 0 12 2 0 0 0 0 0 0 0 0 0 0 0 0 0 0 0 0 0 0 0 0 0 0 0 2 0 0 0 42 0 0 83 95 0 0 0 82 8
0 0 14 4 0 0 0 0 0 0 0 0 0 0 0 0 0 0 0 0 0 0 0 0 0 0 0 3 0 0 0 37 0 0 74 91 0 0 0 76 7
2 0 13 11 0 0 0 0 0 0 0 0 0 0 0 0 0 0 0 0 0 0 0 0 0 0 0 4 4 0 0 15 0 0 54 93 0 0 0 71 0
0 0 10 7 0 0 0 0 0 0 0 0 0 0 0 0 0 0 0 0 0 0 0 0 0 0 0 1 0 0 0 34 0 0 73 92 0 0 0 78 5
0 0 12 7 0 0 0 0 0 0 0 0 0 0 0 0 0 0 0 0 0 0 0 0 0 0 0 2 0 0 0 28 0 0 62 90 0 0 0 74 3
21 0 11 12 0 0 0 0 0 0 0 0 0 0 0 0 0 0 0 0 0 0 0 0 0 0 0 4 5 0 0 1 0 0 32 73 0 0 0 56 0
0 0 9 0 0 0 0 0 0 0 0 0 0 0 0 0 0 0 0 0 0 0 0 0 0 0 0 3 0 1 0 46 0 0 92 97 0 0 0 87 9
0 0 25 0 0 0 0 0 0 0 0 0 0 0 0 0 0 0 0 0 0 0 0 0 0 0 0 10 7 0 0 33 0 0 82 109 0 0 0 87 0
0 0 17 2 0 0 0 0 0 0 0 0 0 0 0 0 0 0 0 0 0 0 0 0 0 0 0 4 2 0 0 37 0 0 76 92 0 0 0 77 6
42 0 13 7 0 0 0 0 0 0 0 0 0 0 0 0 0 0 0 0 0 0 0 0 0 0 0 3 4 0 0 0 0 0 17 52 0 0 0 38 0
0 0 17 7 0 0 0 0 0 0 0 0 0 0 0 0 0 0 0 0 0 0 0 0 0 0 0 6 5 0 0 25 0 0 68 98 0 0 0 77 0
0 0 13 4 0 0 0 0 0 0 0 0 0 0 0 0 0 0 0 0 0 0 0 0 0 0 0 2 0 0 0 40 0 0 77 92 0 0 0 79 7
42 0 17 3 0 0 0 0 0 0 0 0 0 0 0 0 0 0 0 0 0 0 0 0 0 0 0 0 4 0 0 1 0 2 1 16 0 0 1 17 0
0 0 10 5 0 0 0 0 0 0 0 0 0 0 0 0 0 0 0 0 0 0 0 0 0 0 0 1 0 0 0 37 0 0 73 91 0 0 0 78 7
20 0 19 5 0 0 0 0 0 0 0 0 0 0 0 0 0 0 0 0 0 0 0 0 0 0 0 8 7 0 0 14 0 0 56 92 0 0 0 71 0
