7 0 15 0 5 0 0 0 0 0 0 0 0 0 0 0 0 0 0 0 0 0 5 0 0 0 0 0 0 0 0 12 0 0 26 29 0 0 0 31 0
0 0 0 0 2 0 0 0 0 0 0 0 0 0 0 0 0 0 0 0 13 0 0 5 0 0 8 3 0 0 0 0 0 0 0 0 0 4 0 0 5
6 0 14 0 5 0 0 0 0 0 0 0 0 0 0 0 0 0 0 0 0 0 5 0 0 0 0 0 0 0 0 10 0 0 21 23 0 2 0 27 0
5 0 17 0 6 0 0 0 0 0 0 0 0 0 0 0 0 0 0 0 0 0 4 0 0 0 0 0 0 0 0 12 0 0 29 30 0 1 0 31 0
1 0 1 1 0 0 0 0 0 0 0 0 0 0 0 0 0 0 0 0 4 0 5 2 0 0 1 0 0 0 0 4 0 1 0 4 0 1 0 8 0
0 0 2 4 0 0 0 0 0 0 0 0 0 0 0 0 0 0 0 0 8 0 6 5 0 0 3 0 0 1 0 3 1 0 0 1 0 0 0 5 2
15 0 10 13 0 0 0 0 0 0 0 0 0 0 0 0 0 0 0 0 0 0 8 0 0 2 0 0 0 0 0 14 1 4 9 28 0 3 0 36 0
7 0 17 0 5 0 0 0 0 0 0 0 0 0 0 0 0 0 0 0 0 0 4 0 0 0 0 0 0 0 0 12 0 0 29 31 0 0 0 32 0
7 0 16 0 5 0 0 0 0 0 0 0 0 0 0 0 0 0 0 0 0 0 5 0 0 0 0 0 0 0 0 12 0 0 28 30 0 1 0 32 0
12 0 12 13 0 0 0 0 0 0 0 0 0 0 0 0 0 0 0 0 0 0 11 0 0 0 0 0 0 0 0 15 0 4 8 26 0 0 0 35 0
4 0 21 0 7 0 0 0 0 0 0 0 0 0 0 0 0 0 0 0 0 0 2 0 0 0 0 0 0 0 0 12 0 0 37 34 0 0 0 31 0
12 0 12 0 2 0 0 0 0 0 0 0 0 0 0 0 0 0 0 0 0 0 6 0 0 2 0 0 0 0 0 12 0 3 18 28 0 0 0 33 0
5 0 18 0 6 0 0 0 0 0 0 0 0 0 0 0 0 0 0 0 0 0 4 0 0 0 0 0 0 0 0 12 0 0 31 31 0 1 0 31 0
0 0 12 0 4 0 0 0 0 0 0 0 0 0 0 0 0 0 0 0 0 0 0 0 0 0 4 0 0 1 0 2 0 0 10 3 0 3 0 0 2
0 0 0 5 0 0 0 0 0 0 0 0 0 0 0 0 0 0 0 0 39 0 0 21 0 0 19 9 0 1 0 0 1 0 0 0 0 6 0 0 12
9 0 12 0 3 0 0 0 0 0 0 0 0 0 0 0 0 0 0 0 0 0 6 0 0 1 0 0 0 0 0 11 0 2 17 24 0 2 0 29 0
13 0 12 15 0 0 0 0 0 0 0 0 0 0 0 0 0 0 0 0 0 0 10 0 0 0 0 0 0 0 0 15 0 4 7 26 0 1 0 36 0
8 0 10 0 3 0 0 0 0 0 0 0 0 0 0 0 0 0 0 0 0 0 6 0 0 1 0 0 0 0 0 12 0 2 17 25 0 1 0 30 0
15 0 15 22 0 0 0 0 0 0 0 0 0 0 0 0 0 0 0 0 0 0 9 0 0 1 0 0 0 0 0 17 1 5 7 30 0 0 0 39 0
14 0 12 4 1 0 0 0 0 0 0 0 0 0 0 0 0 0 0 0 0 0 7 0 0 2 0 0 0 0 0 15 0 5 16 30 0 0 0 37 0
0 0 0 4 0 0 0 0 0 0 0 0 0 0 0 0 0 0 0 0 15 0 3 8 0 0 6 2 0 0 0 0 1 0 0 0 0 2 0 0 4
0 0 0 5 0 0 0 0 0 0 0 0 0 0 0 0 0 0 0 0 9 0 5 5 0 0 3 1 0 1 0 1 0 0 0 0 0 2 0 1 2
16 0 12 15 0 0 0 0 0 0 0 0 0 0 0 0 0 0 0 0 0 0 8 0 0 1 0 0 0 0 0 16 0 5 11 30 0 1 0 39 0
0 0 0 5 0 0 0 0 0 0 0 0 0 0 0 0 0 0 0 0 37 0 0 21 0 0 18 9 0 0 0 0 1 0 0 0 0 6 0 0 12
0 0 0 4 0 0 0 0 0 0 0 0 0 0 0 0 0 0 0 0 23 0 0 13 0 0 10 5 0 1 0 0 1 0 0 0 0 4 0 0 7
12 0 12 1 2 0 0 0 0 0 0 0 0 0 0 0 0 0 0 0 0 0 6 0 0 2 0 0 0 0 0 13 0 3 16 27 0 1 0 33 0
7 0 8 7 0 0 0 0 0 0 0 0 0 0 0 0 0 0 0 0 0 0 12 1 0 0 0 0 1 0 0 11 0 3 3 16 0 0 0 26 0
14 0 18 17 0 0 0 0 0 0 0 0 0 0 0 0 0 0 0 0 0 0 15 0 0 0 0 0 3 1 0 19 0 5 8 29 0 0 0 42 0
0 0 0 6 0 0 0 0 0 0 0 1 0 0 0 0 0 0 0 0 56 0 0 31 0 0 29 14 0 1 0 0 1 0 0 0 0 8 0 0 19
15 0 12 15 0 0 0 0 0 0 0 0 0 0 0 0 0 0 0 0 0 0 9 0 0 1 0 0 0 0 0 15 0 5 10 29 0 1 0 38 0
11 0 8 8 0 0 0 0 0 0 0 0 0 0 0 0 0 0 0 0 0 0 8 0 0 0 0 0 0 0 0 13 0 3 9 25 0 2 0 33 0
14 0 10 10 0 0 0 0 0 0 0 0 0 0 0 0 0 0 0 0 0 0 8 0 0 2 0 0 0 0 0 15 0 5 12 29 0 1 0 37 0
15 0 15 20 0 0 0 0 0 0 0 0 0 0 0 0 0 0 0 0 0 0 10 0 0 0 0 0 1 0 0 17 0 5 7 29 0 0 0 39 0
14 0 10 8 1 0 0 0 0 0 0 0 0 0 0 0 0 0 0 0 0 0 7 0 0 2 0 0 0 0 0 14 0 4 12 28 0 2 0 36 0
4 0 23 0 8 0 0 0 0 0 0 0 0 0 0 0 0 0 0 0 0 0 0 0 0 0 0 0 0 0 0 12 0 0 41 38 0 0 0 33 0
10 0 11 11 0 0 0 0 0 0 0 0 0 0 0 0 0 0 0 0 0 0 12 0 0 0 0 0 1 0 0 13 0 4 4 20 0 0 0 32 0
0 0 0 4 0 0 0 0 0 0 0 0 0 0 0 0 0 0 0 0 31 0 0 17 0 0 15 7 0 1 0 0 1 0 0 0 0 4 0 0 11
14 0 12 17 0 0 0 0 0 0 0 0 0 0 0 0 0 0 0 0 0 0 10 0 0 1 0 0 0 0 0 15 1 5 7 28 0 2 0 37 0
0 0 0 4 0 0 0 0 0 0 0 0 0 0 0 0 0 0 0 0 28 0 0 16 0 0 14 6 0 0 0 0 1 0 0 0 0 4 0 0 9
12 0 13 12 0 0 0 0 0 0 0 0 0 0 0 0 0 0 0 0 0 0 13 0 0 0 0 0 1 0 0 15 0 4 7 24 0 0 0 37 0
5 0 19 0 6 0 0 0 0 0 0 0 0 0 0 0 0 0 0 0 0 0 2 0 0 0 0 0 0 0 0 12 0 0 34 33 0 0 0 31 0
14 0 13 16 0 0 0 0 0 0 0 0 0 0 0 0 0 0 0 0 0 0 9 0 0 1 0 0 0 0 0 15 0 5 8 27 0 1 0 37 0
0 0 0 3 0 0 0 0 0 0 0 0 0 0 0 0 0 0 0 0 13 0 1 7 0 0 6 2 0 0 0 0 1 0 0 0 0 4 0 0 3
13 0 15 17 0 0 0 0 0 0 0 0 0 0 0 0 0 0 0 0 0 0 11 0 0 0 0 0 1 0 0 16 0 5 7 27 0 0 0 37 0
0 0 0 7 0 0 0 0 0 0 0 0 0 0 0 0 0 0 0 0 56 0 0 30 0 0 29 14 0 0 0 0 1 0 0 0 0 9 0 0 19
14 0 12 15 0 0 0 0 0 0 0 0 0 0 0 0 0 0 0 0 0 0 8 0 0 1 0 0 0 0 0 15 0 4 8 27 0 1 0 35 0
12 0 17 0 3 0 0 0 0 0 0 0 0 0 0 0 0 0 0 0 0 0 5 0 0 2 0 0 0 0 0 13 0 3 27 34 0 0 0 38 0
14 0 15 18 0 0 0 0 0 0 0 0 0 0 0 0 0 0 0 0 0 0 10 0 0 0 0 0 1 0 0 17 0 5 7 28 0 0 0 38 0
13 0 12 16 0 0 0 0 0 0 0 0 0 0 0 0 0 0 0 0 0 0 10 0 0 1 0 0 0 0 0 15 0 5 7 27 0 1 0 36 0
15 0 17 23 0 0 0 0 0 0 0 0 0 0 0 0 0 0 0 0 0 0 10 0 0 0 0 0 1 0 0 19 0 6 8 30 0 0 0 40 0
12 0 15 13 0 0 0 0 0 0 0 0 0 0 0 0 0 0 0 0 0 0 13 0 0 0 0 0 2 0 0 17 0 5 7 26 0 0 0 38 0
10 0 14 0 4 0 0 0 0 0 0 0 0 0 0 0 0 0 0 0 0 0 5 0 0 1 0 0 0 0 0 11 0 1 22 28 0 1 0 32 0
6 0 18 0 5 0 0 0 0 0 0 0 0 0 0 0 0 0 0 0 0 0 3 0 0 0 0 0 0 0 0 12 0 0 30 31 0 0 0 31 0
9 0 11 0 3 0 0 0 0 0 0 0 0 0 0 0 0 0 0 0 0 0 6 0 0 1 0 0 0 0 0 11 0 1 18 25 0 2 0 29 0
11 0 13 0 3 0 0 0 0 0 0 0 0 0 0 0 0 0 0 0 0 0 5 0 0 1 0 0 0 0 0 12 0 2 21 28 0 1 0 33 0
15 0 12 17 0 0 0 0 0 0 0 0 0 0 0 0 0 0 0 0 0 0 9 0 0 1 0 0 0 0 0 15 1 5 7 28 0 2 0 37 0
17 0 15 18 0 0 0 0 0 0 0 0 0 0 0 0 0 0 0 0 0 0 9 0 0 2 0 0 0 0 0 18 0 6 12 33 0 0 0 42 0
10 0 9 9 0 0 0 0 0 0 0 0 0 0 0 0 0 0 0 0 0 0 10 0 0 1 0 0 0 0 0 12 0 3 5 20 0 1 0 31 0
0 0 1 0 2 0 0 0 0 0 0 0 0 0 0 0 0 0 0 0 11 0 0 4 0 0 8 2 0 1 0 0 0 0 0 0 0 3 0 0 5
4 0 12 0 5 0 0 0 0 0 0 0 0 0 0 0 0 0 0 0 0 0 3 0 0 0 1 0 0 0 0 9 0 0 18 18 0 2 0 19 0
10 0 15 0 4 0 0 0 0 0 0 0 0 0 0 0 0 0 0 0 0 0 5 0 0 1 0 0 0 0 0 12 0 1 24 29 0 0 0 33 0
13 0 11 2 2 0 0 0 0 0 0 0 0 0 0 0 0 0 0 0 0 0 7 0 0 2 0 0 0 0 0 12 0 3 15 27 0 2 0 34 0
7 0 16 0 5 0 0 0 0 0 0 0 0 0 0 0 0 0 0 0 0 0 5 0 0 0 0 0 0 0 0 12 0 0 26 29 0 0 0 30 0
8 0 15 0 5 0 0 0 0 0 0 0 0 0 0 0 0 0 0 0 0 0 5 0 0 0 0 0 0 0 0 11 0 0 26 29 0 1 0 33 0
7 0 21 0 6 0 0 0 0 0 0 0 0 0 0 0 0 0 0 0 0 0 1 0 0 0 0 0 0 0 0 13 0 0 39 39 0 0 0 35 0
8 0 16 0 5 0 0 0 0 0 0 0 0 0 0 0 0 0 0 0 0 0 5 0 0 1 0 0 0 0 0 11 0 0 26 30 0 0 0 32 0
0 0 4 0 3 0 0 0 0 0 0 0 0 0 0 0 0 0 0 0 8 0 0 1 0 0 8 2 0 1 0 0 0 0 1 0 0 4 0 0 4
13 0 13 15 0 0 0 0 0 0 0 0 0 0 0 0 0 0 0 0 0 0 12 0 0 0 0 0 1 0 0 15 0 5 7 27 0 0 0 38 0
0 0 0 6 0 0 0 0 0 0 0 0 0 0 0 0 0 0 0 0 59 0 0 33 0 0 29 15 0 1 0 0 1 0 0 0 0 8 0 0 20
13 0 15 16 0 0 0 0 0 0 0 0 0 0 0 0 0 0 0 0 0 0 12 0 0 0 0 0 1 0 0 16 0 5 8 28 0 0 0 38 0
8 0 17 0 5 0 0 0 0 0 0 0 0 0 0 0 0 0 0 0 0 0 4 0 0 0 0 0 0 0 0 12 0 0 29 31 0 0 0 33 0
15 0 12 8 1 0 0 0 0 0 0 0 0 0 0 0 0 0 0 0 0 0 7 0 0 2 0 0 0 0 0 15 0 5 15 31 0 0 0 39 0
10 0 15 10 0 0 0 0 0 0 0 0 0 0 0 0 0 0 0 0 0 0 16 0 0 0 0 0 3 2 0 16 0 4 6 21 0 0 0 35 0
15 0 12 16 0 0 0 0 0 0 0 0 0 0 0 0 0 0 0 0 0 0 9 0 0 1 0 0 0 0 0 15 0 4 8 29 0 2 0 37 0
6 0 17 0 5 0 0 0 0 0 0 0 0 0 0 0 0 0 0 0 0 0 4 0 0 0 0 0 0 0 0 12 0 0 30 31 0 0 0 31 0
10 0 14 0 4 0 0 0 0 0 0 0 0 0 0 0 0 0 0 0 0 0 5 0 0 1 0 0 0 0 0 11 0 1 22 28 0 1 0 32 0
10 0 13 12 0 0 0 0 0 0 0 0 0 0 0 0 0 0 0 0 0 0 14 0 0 0 0 0 2 1 0 15 0 4 5 21 0 0 0 34 0
6 0 12 0 4 0 0 0 0 0 0 0 0 0 0 0 0 0 0 0 0 0 4 0 0 0 0 0 0 0 0 11 0 0 18 21 0 2 0 24 0
6 0 18 0 5 0 0 0 0 0 0 0 0 0 0 0 0 0 0 0 0 0 3 0 0 0 0 0 0 0 0 12 0 0 32 32 0 0 0 31 0
11 0 13 0 3 0 0 0 0 0 0 0 0 0 0 0 0 0 0 0 0 0 6 0 0 1 0 0 0 0 0 13 0 2 20 28 0 0 0 34 0
15 0 16 20 0 0 0 0 0 0 0 0 0 0 0 0 0 0 0 0 0 0 11 0 0 0 0 0 1 0 0 19 0 5 8 30 0 0 0 41 0
11 0 9 2 2 0 0 0 0 0 0 0 0 0 0 0 0 0 0 0 0 0 8 0 0 1 0 0 0 0 0 13 0 3 13 26 0 2 0 33 0
13 0 9 10 0 0 0 0 0 0 0 0 0 0 0 0 0 0 0 0 0 0 8 0 0 1 0 0 0 0 0 13 0 4 9 26 0 3 0 34 0
9 0 11 7 0 0 0 0 0 0 0 0 0 0 0 0 0 0 0 0 0 0 10 0 0 0 0 0 0 0 0 13 0 3 7 20 0 0 0 30 0
7 0 18 0 5 0 0 0 0 0 0 0 0 0 0 0 0 0 0 0 0 0 3 0 0 0 0 0 0 0 0 12 0 0 31 32 0 0 0 33 0
3 0 6 5 0 0 0 0 0 0 0 0 0 0 0 0 0 0 0 0 3 0 10 3 0 0 0 0 0 1 0 8 0 2 1 9 0 0 0 17 0
13 0 11 12 0 0 0 0 0 0 0 0 0 0 0 0 0 0 0 0 0 0 9 0 0 1 0 0 0 0 0 14 0 4 9 26 0 2 0 35 0
13 0 12 5 1 0 0 0 0 0 0 0 0 0 0 0 0 0 0 0 0 0 6 0 0 2 0 0 0 0 0 13 0 4 15 29 0 2 0 35 0
14 0 11 15 0 0 0 0 0 0 0 0 0 0 0 0 0 0 0 0 0 0 8 0 0 2 0 0 0 0 0 14 1 5 9 28 0 1 0 36 0
11 0 13 0 3 0 0 0 0 0 0 0 0 0 0 0 0 0 0 0 0 0 6 0 0 1 0 0 0 0 0 12 0 2 19 27 0 0 0 33 0
7 0 6 7 0 0 0 0 0 0 0 0 0 0 0 0 0 0 0 0 0 0 9 1 0 0 0 0 0 0 0 10 0 2 4 16 0 2 0 24 0
3 0 13 0 5 0 0 0 0 0 0 0 0 0 0 0 0 0 0 0 0 0 2 0 0 0 1 0 0 0 0 7 0 0 20 18 0 3 0 18 0
10 0 12 0 3 0 0 0 0 0 0 0 0 0 0 0 0 0 0 0 0 0 6 0 0 1 0 0 0 0 0 11 0 2 19 27 0 2 0 32 0
0 0 0 3 0 0 0 0 0 0 0 0 0 0 0 0 0 0 0 0 32 0 0 17 0 0 17 8 0 0 0 0 1 0 0 0 0 6 0 0 10
14 0 10 12 0 0 0 0 0 0 0 0 0 0 0 0 0 0 0 0 0 0 8 0 0 1 0 0 0 0 0 15 0 5 11 29 0 2 0 36 0
12 0 13 0 2 0 0 0 0 0 0 0 0 0 0 0 0 0 0 0 0 0 6 0 0 2 0 0 0 0 0 12 0 3 17 27 0 1 0 34 0
15 0 14 17 0 0 0 0 0 0 0 0 0 0 0 0 0 0 0 0 0 0 10 0 0 0 0 0 0 0 0 16 0 5 8 29 0 1 0 39 0
0 0 0 4 0 0 0 0 0 0 0 0 0 0 0 0 0 0 0 0 27 0 0 14 0 0 14 6 0 0 0 0 1 0 0 0 0 5 0 0 9
15 0 14 16 0 0 0 0 0 0 0 0 0 0 0 0 0 0 0 0 0 0 9 0 0 1 0 0 0 0 0 16 0 5 9 29 0 1 0 38 0
0 0 0 0 2 0 0 0 0 0 0 0 0 0 0 0 0 0 0 0 15 0 0 7 0 0 9 3 0 0 0 0 0 0 0 0 0 4 0 0 5
7 0 14 0 5 0 0 0 0 0 0 0 0 0 0 0 0 0 0 0 0 0 5 0 0 0 0 0 0 0 0 11 0 0 26 28 0 2 0 31 0
15 0 17 19 0 0 0 0 0 0 0 0 0 0 0 0 0 0 0 0 0 0 11 0 0 0 0 0 2 0 0 18 0 5 8 29 0 0 0 40 0
14 0 10 13 0 0 0 0 0 0 0 0 0 0 0 0 0 0 0 0 0 0 8 0 0 1 0 0 0 0 0 13 1 4 8 26 0 2 0 34 0
16 0 14 14 0 0 0 0 0 0 0 0 0 0 0 0 0 0 0 0 0 0 8 0 0 2 0 0 0 0 0 17 0 5 12 30 0 0 0 41 0
13 0 10 6 1 0 0 0 0 0 0 0 0 0 0 0 0 0 0 0 0 0 7 0 0 2 0 0 0 0 0 13 0 4 13 28 0 2 0 35 0
0 0 0 4 0 0 0 0 0 0 0 0 0 0 0 0 0 0 0 0 33 0 0 18 0 0 16 8 0 1 0 0 1 0 0 0 0 5 0 0 11
12 0 10 2 2 0 0 0 0 0 0 0 0 0 0 0 0 0 0 0 0 0 7 0 0 1 0 0 0 0 0 13 0 3 14 26 0 2 0 33 0
15 0 13 7 1 0 0 0 0 0 0 0 0 0 0 0 0 1 0 0 0 0 7 0 0 2 0 0 0 0 0 15 0 5 17 32 0 0 0 39 0
0 0 0 3 0 0 0 0 0 0 0 0 0 0 0 0 0 0 0 0 19 0 2 11 0 0 9 3 0 0 0 0 1 0 0 0 0 2 0 0 5
3 0 9 6 0 0 0 0 0 0 0 0 0 0 0 0 0 0 0 0 0 0 13 1 0 0 0 0 2 1 0 11 0 2 3 11 0 0 0 21 0
0 0 4 0 3 0 0 0 0 0 0 0 0 0 0 0 0 0 0 0 8 0 0 1 0 0 8 2 0 0 0 0 0 0 1 0 0 4 0 0 4
0 0 0 6 0 0 0 0 0 0 0 0 0 0 0 0 0 0 0 0 48 0 0 28 0 0 24 11 0 0 0 0 2 0 0 0 0 8 0 0 15
0 0 0 3 0 0 0 0 0 0 0 0 0 0 0 0 0 0 0 0 8 0 5 4 0 0 3 1 0 0 0 1 0 0 0 0 0 1 0 2 1
0 0 0 5 0 0 0 0 0 0 0 0 0 0 0 0 0 0 0 0 40 0 0 21 0 0 21 10 0 1 0 0 1 0 0 0 0 7 0 0 13
0 0 7 0 4 0 0 0 0 0 0 0 0 0 0 0 0 0 0 0 3 0 0 0 0 0 5 0 0 1 0 0 0 0 7 1 0 3 0 0 2
14 0 10 14 0 0 0 0 0 0 0 0 0 0 0 0 0 0 0 0 0 0 9 0 0 1 0 0 0 0 0 14 1 4 8 27 0 3 0 35 0
14 0 10 11 0 0 0 0 0 0 0 0 0 0 0 0 0 0 0 0 0 0 8 0 0 2 0 0 0 0 0 14 0 4 11 27 0 1 0 35 0
0 0 0 5 0 0 0 0 0 0 0 0 0 0 0 0 0 0 0 0 46 0 0 26 0 0 23 10 0 0 0 0 1 0 0 0 0 7 0 0 15
10 0 15 0 4 0 0 0 0 0 0 0 0 0 0 0 0 0 0 0 0 0 5 0 0 1 0 0 0 0 0 12 0 2 24 29 0 0 0 34 0
15 0 14 16 0 0 0 0 0 0 0 0 0 0 0 0 0 0 0 0 0 0 8 0 0 1 0 0 0 0 0 17 0 5 10 30 0 0 0 39 0
9 0 13 8 0 0 0 0 0 0 0 0 0 0 0 0 0 0 0 0 0 0 13 0 0 0 0 0 1 1 0 15 0 3 8 23 0 0 0 34 0
9 0 14 0 4 0 0 0 0 0 0 0 0 0 0 0 0 0 0 0 0 0 5 0 0 1 0 0 0 0 0 12 0 1 22 28 0 1 0 32 0
8 0 9 7 0 0 0 0 0 0 0 0 0 0 0 0 0 0 0 0 0 0 10 0 0 0 0 0 0 0 0 11 0 3 4 17 0 1 0 26 0
7 0 14 0 5 0 0 0 0 0 0 0 0 0 0 0 0 0 0 0 0 0 5 0 0 0 0 0 0 0 0 12 0 0 25 28 0 1 0 31 0
0 0 0 6 0 0 0 0 0 0 0 0 0 0 0 0 0 0 0 0 45 0 0 25 0 0 23 11 0 1 0 0 1 0 0 0 0 7 0 0 14
8 0 10 5 0 0 0 0 0 0 0 0 0 0 0 0 0 0 0 0 0 0 12 0 0 0 0 0 1 1 0 13 0 3 5 16 0 0 0 28 0
0 0 0 10 0 0 0 0 0 0 0 0 0 0 0 0 0 0 0 0 73 0 0 40 0 0 38 19 0 0 0 0 2 0 0 0 0 12 0 0 24
14 0 12 15 0 0 0 0 0 0 0 0 0 0 0 0 0 0 0 0 0 0 10 0 0 1 0 0 0 0 0 15 0 5 8 28 0 1 0 37 0
14 0 11 16 0 0 0 0 0 0 0 0 0 0 0 0 0 0 0 0 0 0 9 0 0 1 0 0 0 0 0 14 1 4 7 27 0 2 0 35 0
11 0 13 9 0 0 0 0 0 0 0 0 0 0 0 0 0 0 0 0 0 0 13 0 0 0 0 0 1 0 0 15 0 4 7 23 0 0 0 35 0
13 0 11 9 0 0 0 0 0 0 0 0 0 0 0 0 0 0 0 0 0 0 10 0 0 1 0 0 0 0 0 13 0 4 8 25 0 2 0 35 0
10 0 11 10 0 0 0 0 0 0 0 0 0 0 0 0 0 0 0 0 0 0 13 0 0 0 0 0 1 0 0 15 0 4 5 21 0 0 0 33 0
0 0 0 1 1 0 0 0 0 0 0 0 0 0 0 0 0 0 0 0 29 0 0 15 0 0 16 7 0 0 0 0 0 0 0 0 0 6 0 0 10
14 0 12 15 0 0 0 0 0 0 0 0 0 0 0 0 0 0 0 0 0 0 10 0 0 1 0 0 0 0 0 15 0 4 8 28 0 2 0 37 0
16 0 14 17 0 0 0 0 0 0 0 0 0 0 0 0 0 0 0 0 0 0 8 0 0 1 0 0 0 0 0 18 0 6 11 31 0 0 0 40 0
14 0 11 14 0 0 0 0 0 0 0 0 0 0 0 0 0 0 0 0 0 0 10 0 0 1 0 0 0 0 0 15 0 4 8 28 0 2 0 37 0
13 0 11 13 0 0 0 0 0 0 0 0 0 0 0 0 0 0 0 0 0 0 10 0 0 1 0 0 0 0 0 14 0 4 7 25 0 1 0 34 0
11 0 14 12 0 0 0 0 0 0 0 0 0 0 0 0 0 0 0 0 0 0 14 0 0 0 0 0 2 1 0 16 0 4 6 23 0 0 0 36 0
9 0 14 0 4 0 0 0 0 0 0 0 0 0 0 0 0 0 0 0 0 0 5 0 0 1 0 0 0 0 0 12 0 1 24 28 0 0 0 32 0
9 0 12 7 0 0 0 0 0 0 0 0 0 0 0 0 0 0 0 0 0 0 13 0 0 0 0 0 1 1 0 14 0 4 5 19 0 0 0 31 0
0 0 0 5 0 0 0 0 0 0 0 0 0 0 0 0 0 0 0 0 42 0 0 23 0 0 21 10 0 0 0 0 1 0 0 0 0 7 0 0 13
7 0 16 0 5 0 0 0 0 0 0 0 0 0 0 0 0 0 0 0 0 0 4 0 0 0 0 0 0 0 0 12 0 0 27 30 0 0 0 31 0
0 0 0 5 0 0 0 0 0 0 0 0 0 0 0 0 0 0 0 0 37 0 0 20 0 0 19 9 0 0 0 0 1 0 0 0 0 7 0 0 12
13 0 10 13 0 0 0 0 0 0 0 0 0 0 0 0 0 0 0 0 0 0 9 0 0 1 0 0 0 0 0 14 0 4 7 25 0 2 0 34 0
11 0 14 0 4 0 0 0 0 0 0 0 0 0 0 0 0 0 0 0 0 0 5 0 0 1 0 0 0 0 0 12 0 2 23 29 0 0 0 33 0
12 0 15 12 0 0 0 0 0 0 0 0 0 0 0 0 0 0 0 0 0 0 13 0 0 0 0 0 1 0 0 16 0 5 7 25 0 0 0 38 0
10 0 12 0 3 0 0 0 0 0 0 0 0 0 0 0 0 0 0 0 0 0 6 0 0 1 0 0 0 0 0 12 0 2 18 27 0 2 0 31 0
12 0 15 14 0 0 0 0 0 0 0 0 0 0 0 0 0 0 0 0 0 0 12 0 0 0 0 0 1 0 0 16 0 5 8 26 0 0 0 37 0
13 0 11 14 0 0 0 0 0 0 0 0 0 0 0 0 0 0 0 0 0 0 10 0 0 0 0 0 0 0 0 14 0 4 6 26 0 1 0 35 0
0 0 0 3 0 0 0 0 0 0 0 0 0 0 0 0 0 0 0 0 15 0 5 9 0 0 6 1 0 0 0 0 1 0 0 0 0 2 0 0 3
13 0 13 1 2 0 0 0 0 0 0 0 0 0 0 0 0 0 0 0 0 0 6 0 0 2 0 0 0 0 0 13 0 4 18 29 0 0 0 35 0
8 0 16 0 5 0 0 0 0 0 0 0 0 0 0 0 0 0 0 0 0 0 4 0 0 0 0 0 0 0 0 12 0 0 28 31 0 0 0 31 0
0 0 0 5 0 0 0 0 0 0 0 0 0 0 0 0 0 0 0 0 37 0 0 20 0 0 19 9 0 0 0 0 1 0 0 0 0 7 0 0 12
7 0 16 0 5 0 0 0 0 0 0 0 0 0 0 0 0 0 0 0 0 0 5 0 0 0 0 0 0 0 0 12 0 0 28 30 0 1 0 32 0
14 0 12 6 1 0 0 0 0 0 0 0 0 0 0 0 0 0 0 0 0 0 7 0 0 2 0 0 0 0 0 15 0 5 15 30 0 0 0 38 0
12 0 13 13 0 0 0 0 0 0 0 0 0 0 0 0 0 0 0 0 0 0 11 0 0 0 0 0 0 0 0 15 0 4 7 24 0 0 0 36 0
12 0 10 2 2 0 0 0 0 0 0 0 0 0 0 0 0 0 0 0 0 0 7 0 0 2 0 0 0 0 0 13 0 3 14 26 0 2 0 33 0
6 0 19 0 6 0 0 0 0 0 0 0 0 0 0 0 0 0 0 0 0 0 2 0 0 0 0 0 0 0 0 12 0 0 34 33 0 0 0 31 0
6 0 15 0 5 0 0 0 0 0 0 0 0 0 0 0 0 0 0 0 0 0 5 0 0 0 0 0 0 0 0 12 0 0 26 28 0 2 0 29 0
9 0 14 0 4 0 0 0 0 0 0 0 0 0 0 0 0 0 0 0 0 0 4 0 0 1 0 0 0 0 0 12 0 1 25 29 0 0 0 31 0
3 0 7 6 0 0 0 0 0 0 0 0 0 0 0 0 0 0 0 0 3 0 12 3 0 0 0 0 1 1 0 8 0 2 2 10 0 0 0 18 0
0 0 0 0 1 0 0 0 0 0 0 0 0 0 0 0 0 0 0 0 27 0 0 13 0 0 16 7 0 0 0 0 0 0 0 0 0 6 0 0 9
7 0 19 0 5 0 0 0 0 0 0 0 0 0 0 0 0 0 0 0 0 0 4 0 0 0 0 0 0 0 0 12 0 0 31 32 0 0 0 33 0
11 0 8 7 0 0 0 0 0 0 0 0 0 0 0 0 0 0 0 0 0 0 8 0 0 1 0 0 0 0 0 12 0 3 9 24 0 2 0 31 0
10 0 11 0 3 0 0 0 0 0 0 0 0 0 0 0 0 0 0 0 0 0 6 0 0 1 0 0 0 0 0 12 0 2 18 27 0 2 0 33 0
0 0 0 0 1 0 0 0 0 0 0 0 0 0 0 0 0 0 0 0 13 0 0 6 0 0 7 2 0 0 0 0 0 0 0 0 0 3 0 0 4
14 0 11 15 0 0 0 0 0 0 0 0 0 0 0 0 0 0 0 0 0 0 8 0 0 1 0 0 0 0 0 15 1 4 9 29 0 2 0 36 0
6 0 12 6 0 0 0 0 0 0 0 0 0 0 0 0 0 0 0 0 0 0 14 0 0 0 0 0 2 2 0 13 0 3 4 15 0 0 0 26 0
5 0 16 0 5 0 0 0 0 0 0 0 0 0 0 0 0 0 0 0 0 0 4 0 0 0 0 0 0 0 0 11 0 0 25 26 0 1 0 28 0
5 0 7 4 0 0 0 0 0 0 0 0 0 0 0 0 0 0 0 0 0 0 8 0 0 0 0 0 0 0 0 9 0 2 2 12 0 1 0 19 0
2 0 21 0 8 0 0 0 0 0 0 0 0 0 0 0 0 0 0 0 0 0 1 0 0 0 2 0 0 0 0 12 0 0 39 35 0 2 0 30 0
0 0 0 0 2 0 0 0 0 0 0 0 0 0 0 0 0 0 0 0 16 0 0 6 0 0 11 4 0 0 0 0 0 0 0 0 0 5 0 0 6
0 0 0 2 0 0 0 0 0 0 0 0 0 0 0 0 0 0 0 0 22 0 0 11 0 0 11 5 0 0 0 0 1 0 0 0 0 4 0 0 7
12 0 11 1 2 0 0 0 0 0 0 0 0 0 0 0 0 0 0 0 0 0 6 0 0 2 0 0 0 0 0 12 0 3 15 27 0 2 0 33 0
12 0 13 13 0 0 0 0 0 0 0 0 0 0 0 0 0 0 0 0 0 0 12 0 0 0 0 0 1 0 0 16 0 4 8 26 0 0 0 37 0
5 0 19 0 6 0 0 0 0 0 0 0 0 0 0 0 0 0 0 0 0 0 3 0 0 0 0 0 0 0 0 12 0 0 34 33 0 0 0 32 0
6 0 16 0 5 0 0 0 0 0 0 0 0 0 0 0 0 0 0 0 0 0 4 0 0 0 0 0 0 0 0 12 0 0 27 29 0 0 0 30 0
1 0 14 0 5 0 0 0 0 0 0 0 0 0 0 0 0 0 0 0 0 0 1 0 0 0 2 0 0 0 0 6 0 0 16 13 0 2 0 12 0
15 0 15 19 0 0 0 0 0 0 0 0 0 0 0 0 0 0 0 0 0 0 10 0 0 0 0 0 1 0 0 18 0 6 9 31 0 0 0 41 0
0 0 0 4 0 0 0 0 0 0 0 0 0 0 0 0 0 0 0 0 8 0 5 5 0 0 3 0 0 0 0 2 1 0 0 3 0 3 0 6 0
12 0 13 0 2 0 0 0 0 0 0 0 0 0 0 0 0 0 0 0 0 0 6 0 0 2 0 0 0 0 0 13 0 3 18 28 0 0 0 35 0
0 0 0 3 0 0 0 0 0 0 0 0 0 0 0 0 0 0 0 0 22 0 0 11 0 0 11 5 0 1 0 0 1 0 0 0 0 5 0 0 8
6 0 17 0 5 0 0 0 0 0 0 0 0 0 0 0 0 0 0 0 0 0 4 0 0 0 0 0 0 0 0 12 0 0 29 30 0 0 0 31 0
8 0 18 0 5 0 0 0 0 0 0 0 0 0 0 0 0 0 0 0 0 0 4 0 0 0 0 0 0 0 0 13 0 0 30 33 0 0 0 33 0
0 0 0 4 0 0 0 0 0 0 0 0 0 0 0 0 0 0 0 0 25 0 0 14 0 0 12 5 0 0 0 0 1 0 0 0 0 5 0 0 8
14 0 13 15 0 0 0 0 0 0 0 0 0 0 0 0 0 0 0 0 0 0 11 0 0 0 0 0 0 0 0 15 0 4 8 28 0 1 0 38 0
13 0 8 10 0 0 0 0 0 0 0 0 0 0 0 0 0 0 0 0 0 0 8 0 0 1 0 0 0 0 0 13 0 4 8 25 0 2 0 33 0
13 0 12 15 0 0 0 0 0 0 0 0 0 0 0 0 0 0 0 0 0 0 9 0 0 1 0 0 0 0 0 15 0 4 7 25 0 1 0 35 0
15 0 11 15 0 0 0 0 0 0 0 0 0 0 0 0 0 0 0 0 0 0 8 0 0 1 0 0 0 0 0 15 0 5 10 29 0 1 0 37 0
0 0 5 4 0 0 0 0 0 0 0 0 0 0 0 0 0 0 0 0 6 0 8 3 0 0 1 0 1 1 0 5 0 1 0 4 0 0 0 9 1
4 0 13 0 5 0 0 0 0 0 0 0 0 0 0 0 0 0 0 0 0 0 3 0 0 0 0 0 0 1 0 8 0 0 16 15 0 1 0 18 0
11 0 11 11 0 0 0 0 0 0 0 0 0 0 0 0 0 0 0 0 0 0 11 0 0 0 0 0 0 0 0 14 0 4 7 23 0 0 0 34 0
13 0 9 9 0 0 0 0 0 0 0 0 0 0 0 0 0 0 0 0 0 0 8 0 0 1 0 0 0 0 0 13 0 3 9 25 0 2 0 34 0
0 0 0 9 0 0 0 0 0 0 0 1 0 0 0 0 0 0 0 0 67 0 0 38 0 0 34 16 0 0 0 0 2 0 0 0 0 11 0 0 21
9 0 12 8 0 0 0 0 0 0 0 0 0 0 0 0 0 0 0 0 0 0 14 0 0 0 0 0 1 1 0 15 0 4 6 21 0 0 0 34 0
13 0 9 8 1 0 0 0 0 0 0 0 0 0 0 0 0 0 0 0 0 0 8 0 0 2 0 0 0 0 0 13 0 4 10 26 0 2 0 34 0
11 0 12 0 3 0 0 0 0 0 0 0 0 0 0 0 0 0 0 0 0 0 5 0 0 1 0 0 0 0 0 12 0 2 18 27 0 2 0 32 0
8 0 10 0 3 0 0 0 0 0 0 0 0 0 0 0 0 0 0 0 0 0 6 0 0 0 0 0 0 0 0 11 0 1 16 23 0 1 0 29 0
14 0 12 16 0 0 0 0 0 0 0 0 0 0 0 0 0 0 0 0 0 0 9 0 0 1 0 0 0 0 0 14 0 4 7 26 0 1 0 35 0
11 0 8 0 2 0 0 0 0 0 0 0 0 0 0 0 0 0 0 0 0 0 7 0 0 1 0 0 0 0 0 12 0 2 13 25 0 3 0 32 0
11 0 11 10 0 0 0 0 0 0 0 0 0 0 0 0 0 0 0 0 0 0 12 0 0 0 0 0 0 0 0 15 0 3 6 22 0 0 0 35 0
13 0 11 3 2 0 0 0 0 0 0 0 0 0 0 0 0 0 0 0 0 0 6 0 0 2 0 0 0 0 0 12 0 3 15 27 0 2 0 34 0
12 0 9 9 0 0 0 0 0 0 0 0 0 0 0 0 0 0 0 0 0 0 9 0 0 1 0 0 0 0 0 13 0 3 8 24 0 3 0 34 0
13 0 9 7 1 0 0 0 0 0 0 0 0 0 0 0 0 0 0 0 0 0 8 0 0 1 0 0 0 0 0 14 0 4 12 27 0 2 0 35 0
3 0 7 0 3 0 0 0 0 0 0 0 0 0 0 0 0 0 0 0 0 0 5 0 0 0 0 0 0 0 0 7 0 1 9 12 0 0 0 16 0
0 0 0 0 0 0 0 0 0 0 0 0 0 0 0 0 0 0 0 0 18 0 0 10 0 0 9 3 0 0 0 0 1 0 0 0 0 3 0 0 5
9 0 7 3 0 0 0 0 0 0 0 0 0 0 0 0 0 0 0 0 0 0 8 0 0 0 0 0 0 0 0 11 0 2 9 22 0 2 0 30 0
9 0 14 0 4 0 0 0 0 0 0 0 0 0 0 0 0 0 0 0 0 0 5 0 0 1 0 0 0 0 0 12 0 1 23 29 0 0 0 32 0
12 0 11 0 3 0 0 0 0 0 0 0 0 0 0 0 0 0 0 0 0 0 6 0 0 1 0 0 0 0 0 13 0 3 17 27 0 1 0 34 0
7 0 15 0 5 0 0 0 0 0 0 0 0 0 0 0 0 0 0 0 0 0 5 0 0 0 0 0 0 0 0 12 0 0 26 29 0 1 0 32 0
13 0 13 14 0 0 0 0 0 0 0 0 0 0 0 0 0 0 0 0 0 0 11 0 0 0 0 0 0 0 0 15 0 4 7 26 0 0 0 36 0
9 0 13 0 4 0 0 0 0 0 0 0 0 0 0 0 0 0 0 0 0 0 6 0 0 0 0 0 0 0 0 12 0 1 21 27 0 1 0 31 0
8 0 15 0 4 0 0 0 0 0 0 0 0 0 0 0 0 0 0 0 0 0 4 0 0 1 0 0 0 0 0 12 0 0 26 30 0 0 0 32 0
0 0 8 0 4 0 0 0 0 0 0 0 0 0 0 0 0 0 0 0 2 0 0 0 0 0 5 0 0 0 0 0 0 0 9 3 0 3 0 0 2
10 0 11 9 0 0 0 0 0 0 0 0 0 0 0 0 0 0 0 0 0 0 11 0 0 0 0 0 0 0 0 14 0 4 6 21 0 0 0 33 0
7 0 15 0 5 0 0 0 0 0 0 0 0 0 0 0 0 0 0 0 0 0 5 0 0 0 0 0 0 0 0 12 0 0 26 29 0 1 0 32 0
6 0 16 0 6 0 0 0 0 0 0 0 0 0 0 0 0 0 0 0 0 0 4 0 0 0 0 0 0 0 0 12 0 0 30 31 0 1 0 32 0
10 0 12 9 0 0 0 0 0 0 0 0 0 0 0 0 0 0 0 0 0 0 12 0 0 0 0 0 1 1 0 14 0 4 5 20 0 0 0 32 0
13 0 10 9 0 0 0 0 0 0 0 0 0 0 0 0 0 0 0 0 0 0 9 0 0 2 0 0 0 0 0 13 0 4 9 25 0 2 0 34 0
14 0 11 13 0 0 0 0 0 0 0 0 0 0 0 0 0 0 0 0 0 0 9 0 0 1 0 0 0 0 0 14 0 4 8 27 0 2 0 36 0
12 0 11 13 0 0 0 0 0 0 0 0 0 0 0 0 0 0 0 0 0 0 11 0 0 0 0 0 0 0 0 15 0 4 7 25 0 1 0 35 0
5 0 18 0 6 0 0 0 0 0 0 0 0 0 0 0 0 0 0 0 0 0 4 0 0 0 0 0 0 0 0 12 0 0 31 31 0 1 0 32 0
0 0 0 13 0 0 0 0 0 0 0 2 0 0 0 0 1 1 0 0 104 0 0 58 0 0 53 26 0 0 0 0 3 0 0 0 0 16 0 0 34
14 0 13 2 2 0 0 0 0 0 0 0 0 0 0 0 0 1 0 0 0 0 6 0 0 2 0 0 0 0 0 13 0 4 18 30 0 0 0 37 0
14 0 13 16 0 0 0 0 0 0 0 0 0 0 0 0 0 0 0 0 0 0 10 0 0 0 0 0 0 0 0 16 0 5 8 27 0 1 0 37 0
0 0 0 3 0 0 0 0 0 0 0 0 0 0 0 0 0 0 0 0 22 0 0 12 0 0 11 4 0 0 0 0 1 0 0 0 0 4 0 0 6
14 0 11 13 0 0 0 0 0 0 0 0 0 0 0 0 0 0 0 0 0 0 9 0 0 1 0 0 0 0 0 14 0 4 8 27 0 2 0 35 0
15 0 13 16 0 0 0 0 0 0 0 0 0 0 0 0 0 0 0 0 0 0 9 0 0 1 0 0 0 0 0 16 0 5 8 29 0 1 0 39 0
3 0 6 0 3 0 0 0 0 0 0 0 0 0 0 0 0 0 0 0 0 0 4 0 0 0 0 0 0 0 0 6 0 1 6 9 0 2 0 13 0
13 0 15 15 0 0 0 0 0 0 0 0 0 0 0 0 0 0 0 0 0 0 12 0 0 0 0 0 1 0 0 17 0 5 9 29 0 0 0 39 0
11 0 10 0 2 0 0 0 0 0 0 0 0 0 0 0 0 0 0 0 0 0 6 0 0 1 0 0 0 0 0 12 0 2 16 27 0 2 0 32 0
15 0 12 7 1 0 0 0 0 0 0 0 0 0 0 0 0 1 0 0 0 0 7 0 0 2 0 0 0 0 0 15 0 5 15 30 0 0 0 38 0
12 0 14 12 0 0 0 0 0 0 0 0 0 0 0 0 0 0 0 0 0 0 13 0 0 0 0 0 1 0 0 16 0 4 7 24 0 0 0 37 0
0 0 0 1 1 0 0 0 0 0 0 0 0 0 0 0 0 0 0 0 12 0 0 6 0 0 6 2 0 0 0 0 0 0 0 0 0 3 0 0 4
6 0 18 0 6 0 0 0 0 0 0 0 0 0 0 0 0 0 0 0 0 0 4 0 0 0 0 0 0 0 0 12 0 0 31 32 0 0 0 32 0
11 0 13 0 4 0 0 0 0 0 0 0 0 0 0 0 0 0 0 0 0 0 6 0 0 1 0 0 0 0 0 12 0 2 20 28 0 1 0 33 0
0 0 0 4 0 0 0 0 0 0 0 0 0 0 0 0 0 0 0 0 28 0 0 16 0 0 14 6 0 0 0 0 1 0 0 0 0 4 0 0 9
9 0 14 0 4 0 0 0 0 0 0 0 0 0 0 0 0 0 0 0 0 0 5 0 0 0 0 0 0 0 0 12 0 1 22 28 0 1 0 32 0
8 0 14 0 5 0 0 0 0 0 0 0 0 0 0 0 0 0 0 0 0 0 5 0 0 0 0 0 0 0 0 12 0 0 25 29 0 1 0 32 0
9 0 9 8 0 0 0 0 0 0 0 0 0 0 0 0 0 0 0 0 0 0 11 0 0 0 0 0 0 0 0 13 0 3 5 19 0 0 0 30 0
12 0 8 7 1 0 0 0 0 0 0 0 0 0 0 0 0 0 0 0 0 0 8 0 0 1 0 0 0 0 0 13 0 3 10 26 0 2 0 33 0
1 0 16 0 6 0 0 0 0 0 0 0 0 0 0 0 0 0 0 0 0 0 1 0 0 0 2 0 0 0 0 8 0 0 20 17 0 2 0 15 0
9 0 15 0 4 0 0 0 0 0 0 0 0 0 0 0 0 0 0 0 0 0 5 0 0 1 0 0 0 0 0 12 0 1 24 29 0 0 0 33 0
7 0 15 0 5 0 0 0 0 0 0 0 0 0 0 0 0 0 0 0 0 0 5 0 0 0 0 0 0 0 0 12 0 0 27 30 0 1 0 32 0
4 0 19 0 6 0 0 0 0 0 0 0 0 0 0 0 0 0 0 0 0 0 3 0 0 0 0 0 0 0 0 12 0 0 33 32 0 1 0 31 0
15 0 12 9 0 0 0 0 0 0 0 0 0 0 0 0 0 0 0 0 0 0 8 0 0 2 0 0 0 0 0 15 0 5 14 30 0 0 0 39 0
14 0 11 14 0 0 0 0 0 0 0 0 0 0 0 0 0 0 0 0 0 0 9 0 0 1 0 0 0 0 0 15 1 4 8 27 0 2 0 36 0
14 0 9 9 1 0 0 0 0 0 0 0 0 0 0 0 0 0 0 0 0 0 7 0 0 2 0 0 0 0 0 13 0 4 11 27 0 2 0 34 0
0 0 0 5 0 0 0 0 0 0 0 0 0 0 0 0 0 0 0 0 37 0 0 21 0 0 18 8 0 1 0 0 1 0 0 0 0 6 0 0 11
0 0 0 3 0 0 0 0 0 0 0 0 0 0 0 0 0 0 0 0 27 0 0 15 0 0 13 6 0 1 0 0 1 0 0 0 0 3 0 0 9
11 0 11 0 3 0 0 0 0 0 0 0 0 0 0 0 0 0 0 0 0 0 6 0 0 1 0 0 0 0 0 12 0 2 17 28 0 2 0 33 0
11 0 15 10 0 0 0 0 0 0 0 0 0 0 0 0 0 0 0 0 0 0 13 0 0 0 0 0 0 0 0 16 0 4 8 25 0 0 0 37 0
0 0 0 6 0 0 0 0 0 0 0 0 0 0 0 0 0 0 0 0 47 0 0 27 0 0 23 11 0 0 0 0 1 0 0 0 0 8 0 0 14
7 0 16 0 5 0 0 0 0 0 0 0 0 0 0 0 0 0 0 0 0 0 5 0 0 0 0 0 0 0 0 12 0 0 27 30 0 1 0 32 0
1 0 5 4 0 0 0 0 0 0 0 0 0 0 0 0 0 0 0 0 5 0 10 3 0 0 0 0 1 1 0 6 0 1 0 6 0 0 0 12 1
15 0 12 16 0 0 0 0 0 0 0 0 0 0 0 0 0 0 0 0 0 0 8 0 0 1 0 0 0 0 0 15 0 5 10 29 0 1 0 38 0
