0 8 32 19 0 0 0 0 0 0 0 0 0 0 0 1 0 0 0 0 0 0 3 0 0 0 0 0 0 0 0 43 0 3 31 0 0 5 0 0 4
0 6 31 20 0 0 0 0 0 0 0 0 0 0 0 3 0 0 0 0 0 0 4 0 0 0 1 0 0 0 0 41 0 2 25 0 0 6 0 0 3
7 0 0 0 0 0 0 0 0 0 0 0 0 0 0 0 0 0 0 0 0 0 0 0 0 0 0 0 0 0 0 0 0 1 3 82 0 0 0 37 0
1 6 13 1 0 0 0 0 0 0 0 0 0 0 0 0 0 0 0 0 0 0 1 0 0 0 0 0 0 0 0 20 0 3 32 50 0 0 0 25 1
0 5 31 22 0 0 0 0 0 0 0 0 0 0 0 4 0 0 0 0 0 0 4 0 0 0 2 0 0 0 0 40 0 1 20 0 0 7 0 0 3
9 0 0 0 0 0 0 0 0 0 0 0 0 0 0 0 0 0 0 0 0 0 0 0 0 0 0 0 0 0 0 0 0 0 0 89 0 0 0 39 0
0 7 31 17 0 0 0 0 0 0 0 0 0 0 0 0 0 0 0 0 0 0 3 0 0 0 0 0 0 0 0 41 0 3 32 0 0 5 0 4 4
0 1 25 22 0 0 0 0 0 0 0 0 0 0 0 7 0 0 0 0 0 0 4 0 0 1 4 0 0 0 0 27 0 0 6 0 0 6 0 0 1
0 7 33 21 0 0 0 0 0 0 0 0 0 0 0 2 0 0 0 0 0 0 4 0 0 0 0 0 0 0 0 45 0 2 29 0 0 6 0 0 4
4 3 2 0 0 0 0 0 0 0 0 0 0 0 0 0 0 0 0 0 0 0 0 0 0 0 0 0 0 0 0 7 0 2 23 65 0 0 0 30 0
0 2 27 22 0 0 0 0 0 0 0 0 0 0 0 7 0 0 0 0 0 0 4 0 0 0 4 0 0 0 0 31 0 0 9 0 0 7 0 0 2
0 7 26 12 0 0 0 0 0 0 0 0 0 0 0 0 0 0 0 0 0 0 2 0 0 0 0 0 0 0 0 36 0 3 35 15 0 2 0 14 3
10 0 0 0 0 0 0 0 0 0 0 0 0 0 0 0 0 0 0 0 0 0 0 0 0 0 0 0 0 0 0 0 0 0 0 92 0 0 0 41 0
12 0 0 0 0 0 0 0 0 0 0 0 0 0 0 0 0 0 0 0 0 0 0 0 0 0 0 0 0 0 0 0 0 0 0 100 0 0 0 45 0
12 0 0 0 0 0 0 0 0 0 0 0 0 0 0 0 0 0 0 0 0 0 0 0 0 0 0 0 0 0 0 0 0 0 0 106 0 0 0 49 0
8 0 0 0 0 0 0 0 0 0 0 0 0 0 0 0 0 0 0 0 0 0 0 0 0 0 0 0 0 0 0 0 0 0 1 85 0 0 0 38 0
11 0 0 0 0 0 0 0 0 0 0 0 0 0 0 0 0 0 0 0 0 0 0 0 0 0 0 0 0 0 0 0 0 0 0 97 0 0 0 44 0
1 6 14 2 0 0 0 0 0 0 0 0 0 0 0 0 0 0 0 0 0 0 0 0 0 0 0 0 0 0 0 22 0 3 33 48 0 0 0 26 2
0 6 15 3 0 0 0 0 0 0 0 0 0 0 0 0 0 0 0 0 0 0 1 0 0 0 0 0 0 0 0 22 0 4 35 48 0 0 0 26 1
0 3 29 23 0 0 0 0 0 0 0 0 0 0 0 6 0 0 0 0 0 0 3 0 0 0 3 0 0 0 0 34 0 0 15 0 0 7 0 0 2
9 0 0 0 0 0 0 0 0 0 0 0 0 0 0 0 0 0 0 0 0 0 0 0 0 0 0 0 0 0 0 0 0 0 0 89 0 0 0 40 0
0 0 26 23 0 0 0 0 0 0 0 0 0 0 0 9 0 0 0 0 0 0 5 0 0 1 5 1 0 0 0 26 0 0 3 0 0 7 0 0 1
7 0 0 0 0 0 0 0 0 0 0 0 0 0 0 0 0 0 0 0 0 0 0 0 0 0 0 0 0 0 0 0 0 1 3 81 0 0 0 37 0
0 1 25 22 0 0 0 0 0 0 0 0 0 0 0 8 0 0 0 0 0 0 4 0 0 1 5 1 0 0 0 27 0 0 4 0 0 7 0 0 1
0 3 29 23 0 0 0 0 0 0 0 0 0 0 0 6 0 0 0 0 0 0 4 0 0 0 3 0 0 0 0 34 0 0 15 0 0 7 0 0 2
0 7 28 13 0 0 0 0 0 0 0 0 0 0 0 0 0 0 0 0 0 0 3 0 0 0 0 0 0 0 0 38 0 3 35 10 0 3 0 12 3
0 0 22 23 0 0 0 0 0 0 0 0 0 0 0 12 0 0 0 0 0 0 6 0 0 4 8 2 0 1 0 15 0 0 0 0 0 6 0 0 0
0 4 28 20 0 0 0 0 0 0 0 0 0 0 0 5 0 0 0 0 0 0 3 0 0 0 2 0 0 0 0 35 0 0 18 0 0 6 0 0 3
6 0 0 0 0 0 0 0 0 0 0 0 0 0 0 0 0 0 0 0 0 0 0 0 0 0 0 0 0 0 0 0 0 1 9 78 0 0 0 37 0
0 0 25 23 0 0 0 0 0 0 0 0 0 0 0 9 0 0 0 0 0 0 4 0 0 2 5 1 0 0 0 25 0 0 1 0 0 6 0 0 1
2 4 7 0 0 0 0 0 0 0 0 0 0 0 0 0 0 0 0 0 0 0 0 0 0 0 0 0 0 0 0 12 0 3 30 65 0 0 0 31 0
0 3 27 20 0 0 0 0 0 0 0 0 0 0 0 5 0 0 0 0 0 0 3 0 0 0 2 0 0 0 0 32 0 0 15 0 0 6 0 0 2
11 0 0 0 0 0 0 0 0 0 0 0 0 0 0 0 0 0 0 0 0 0 0 0 0 0 0 0 0 0 0 0 0 0 0 93 0 0 0 41 0
0 1 26 22 0 0 0 0 0 0 0 0 0 0 0 7 0 0 0 0 0 0 4 0 0 1 5 1 0 0 0 29 0 0 6 0 0 7 0 0 2
7 0 0 0 0 0 0 0 0 0 0 0 0 0 0 0 0 0 0 0 0 0 0 0 0 0 0 0 0 0 0 0 0 0 3 82 0 0 0 37 0
10 0 0 0 0 0 0 0 0 0 0 0 0 0 0 0 0 0 0 0 0 0 0 0 0 0 0 0 0 0 0 0 0 0 0 90 0 0 0 40 0
0 5 33 23 0 0 0 0 0 0 0 0 0 0 0 4 0 0 0 0 0 0 4 0 0 0 2 0 0 0 0 41 0 1 23 0 0 7 0 0 4
0 3 28 22 0 0 0 0 0 0 0 0 0 0 0 6 0 0 0 0 0 0 4 0 0 0 3 0 0 0 0 33 0 0 13 0 0 7 0 0 3
2 5 9 0 0 0 0 0 0 0 0 0 0 0 0 0 0 0 0 0 0 0 0 0 0 0 0 0 0 0 0 16 0 3 29 56 0 0 0 29 1
5 1 0 0 0 0 0 0 0 0 0 0 0 0 0 0 0 0 0 0 0 0 0 0 0 0 0 0 0 0 0 0 0 2 16 73 0 0 0 34 0
0 2 28 22 0 0 0 0 0 0 0 0 0 0 0 6 0 0 0 0 0 0 4 0 0 0 4 0 0 0 0 31 0 0 11 0 0 7 0 0 2
0 2 26 21 0 0 0 0 0 0 0 0 0 0 0 6 0 0 0 0 0 0 4 0 0 0 3 0 0 0 0 31 0 0 10 0 0 6 0 0 2
0 7 21 7 0 0 0 0 0 0 0 0 0 0 0 0 0 0 0 0 0 0 1 0 0 0 0 0 0 0 0 31 0 4 39 35 0 0 0 23 2
5 1 0 0 0 0 0 0 0 0 0 0 0 0 0 0 0 0 0 0 0 0 0 0 0 0 0 0 0 0 0 0 0 2 16 74 0 0 0 34 0
1 5 11 0 0 0 0 0 0 0 0 0 0 0 0 0 0 0 0 0 0 0 0 0 0 0 0 0 0 0 0 18 0 3 31 54 0 0 0 28 1
0 6 14 2 0 0 0 0 0 0 0 0 0 0 0 0 0 0 0 0 0 0 0 0 0 0 0 0 0 0 0 22 0 3 33 47 0 0 0 26 1
6 0 0 0 0 0 0 0 0 0 0 0 0 0 0 0 0 0 0 0 0 0 0 0 0 0 0 0 0 0 0 0 0 1 7 79 0 0 0 36 0
0 8 28 13 0 0 0 0 0 0 0 0 0 0 0 0 0 0 0 0 0 0 2 0 0 0 0 0 0 0 0 38 0 4 42 20 0 2 0 16 3
0 3 29 22 0 0 0 0 0 0 0 0 0 0 0 5 0 0 0 0 0 0 4 0 0 0 3 0 0 0 0 36 0 0 16 0 0 7 0 0 3
8 0 0 0 0 0 0 0 0 0 0 0 0 0 0 0 0 0 0 0 0 0 0 0 0 0 0 0 0 0 0 0 0 0 0 87 0 0 0 39 0
4 3 0 0 0 0 0 0 0 0 0 0 0 0 0 0 0 0 0 0 0 0 0 0 0 0 0 0 0 0 0 5 0 2 22 68 0 0 0 32 0
0 3 29 22 0 0 0 0 0 0 0 0 0 0 0 6 0 0 0 0 0 0 4 0 0 0 3 0 0 0 0 35 0 0 14 0 0 7 0 0 3
0 3 30 23 0 0 0 0 0 0 0 0 0 0 0 6 0 0 0 0 0 0 4 0 0 0 3 0 0 0 0 36 0 0 14 0 0 7 0 0 3
0 2 29 24 0 0 0 0 0 0 0 0 0 0 0 7 0 0 0 0 0 0 4 0 0 0 4 0 0 0 0 32 0 0 11 0 0 7 0 0 2
0 5 32 23 0 0 0 0 0 0 0 0 0 0 0 4 0 0 0 0 0 0 4 0 0 0 2 0 0 0 0 41 0 1 23 0 0 7 0 0 3
7 0 0 0 0 0 0 0 0 0 0 0 0 0 0 0 0 0 0 0 0 0 0 0 0 0 0 0 0 0 0 0 0 1 3 78 0 0 0 36 0
0 8 30 16 0 0 0 0 0 0 0 0 0 0 0 0 0 0 0 0 0 0 3 0 0 0 0 0 0 0 0 41 0 4 39 6 0 4 0 9 3
4 3 1 0 0 0 0 0 0 0 0 0 0 0 0 0 0 0 0 0 0 0 0 0 0 0 0 0 0 0 0 5 0 3 22 71 0 0 0 33 0
0 2 28 23 0 0 0 0 0 0 0 0 0 0 0 6 0 0 0 0 0 0 4 0 0 0 3 0 0 0 0 33 0 0 12 0 0 7 0 0 2
0 3 27 21 0 0 0 0 0 0 0 0 0 0 0 6 0 0 0 0 0 0 3 0 0 0 3 0 0 0 0 31 0 0 12 0 0 7 0 0 2
0 6 34 24 0 0 0 0 0 0 0 0 0 0 0 4 0 0 0 0 0 0 4 0 0 0 1 0 0 0 0 44 0 2 26 0 0 7 0 0 4
0 7 22 8 0 0 0 0 0 0 0 0 0 0 0 0 0 0 0 0 0 0 1 0 0 0 0 0 0 0 0 30 0 4 36 33 0 1 0 20 2
8 0 0 0 0 0 0 0 0 0 0 0 0 0 0 0 0 0 0 0 0 0 0 0 0 0 0 0 0 0 0 0 0 0 0 86 0 0 0 39 0
0 8 30 17 0 0 0 0 0 0 0 0 0 0 0 0 0 0 0 0 0 0 3 0 0 0 0 0 0 0 0 42 0 3 36 0 0 4 0 6 3
10 0 0 0 0 0 0 0 0 0 0 0 0 0 0 0 0 0 0 0 0 0 0 0 0 0 0 0 0 0 0 0 0 0 0 92 0 0 0 41 0
11 0 0 0 0 0 0 0 0 0 0 0 0 0 0 0 0 0 0 0 0 0 0 0 0 0 0 0 0 0 0 0 0 0 0 100 0 0 0 45 0
0 2 27 22 0 0 0 0 0 0 0 0 0 0 0 7 0 0 0 0 0 0 4 0 0 1 4 0 0 0 0 30 0 0 9 0 0 7 0 0 2
11 0 0 0 0 0 0 0 0 0 0 0 0 0 0 0 0 0 0 0 0 0 0 0 0 0 0 0 0 0 0 0 0 0 0 97 0 0 0 44 0
11 0 0 0 0 0 0 0 0 0 0 0 0 0 0 0 0 0 0 0 0 0 0 0 0 0 0 0 0 0 0 0 0 0 0 100 0 0 0 45 0
7 0 0 0 0 0 0 0 0 0 0 0 0 0 0 0 0 0 0 0 0 0 0 0 0 0 0 0 0 0 0 0 0 0 1 83 0 0 0 37 0
2 5 10 0 0 0 0 0 0 0 0 0 0 0 0 0 0 0 0 0 0 0 0 0 0 0 0 0 0 0 0 16 0 3 32 57 0 0 0 28 1
0 7 33 22 0 0 0 0 0 0 0 0 0 0 0 3 0 0 0 0 0 0 4 0 0 0 1 0 0 0 0 44 0 2 27 0 0 7 0 0 4
0 7 35 23 0 0 0 0 0 0 0 0 0 0 0 3 0 0 0 0 0 0 4 0 0 0 1 0 0 0 0 45 0 3 30 0 0 7 0 0 4
10 0 0 0 0 0 0 0 0 0 0 0 0 0 0 0 0 0 0 0 0 0 0 0 0 0 0 0 0 0 0 0 0 0 0 92 0 0 0 41 0
11 0 0 0 0 0 0 0 0 0 0 0 0 0 0 0 0 0 0 0 0 0 0 0 0 0 0 0 0 0 0 0 0 0 0 98 0 0 0 44 0
12 0 0 0 0 0 0 0 0 0 0 0 0 0 0 0 0 0 0 0 0 0 0 0 0 0 0 0 0 0 0 0 0 0 0 106 0 0 0 48 0
6 0 0 0 0 0 0 0 0 0 0 0 0 0 0 0 0 0 0 0 0 0 0 0 0 0 0 0 0 0 0 0 0 1 9 79 0 0 0 36 0
10 0 0 0 0 0 0 0 0 0 0 0 0 0 0 0 0 0 0 0 0 0 0 0 0 0 0 0 0 0 0 0 0 0 0 91 0 0 0 40 0
0 7 34 22 0 0 0 0 0 0 0 0 0 0 0 2 0 0 0 0 0 0 4 0 0 0 1 0 0 0 0 44 0 2 29 0 0 7 0 0 4
0 4 30 22 0 0 0 0 0 0 0 0 0 0 0 5 0 0 0 0 0 0 4 0 0 0 2 0 0 0 0 36 0 0 18 0 0 7 0 0 3
0 5 33 24 0 0 0 0 0 0 0 0 0 0 0 5 0 0 0 0 0 0 4 0 0 0 2 0 0 0 0 42 0 1 22 0 0 8 0 0 3
0 6 32 23 0 0 0 0 0 0 0 0 0 0 0 4 0 0 0 0 0 0 4 0 0 0 1 0 0 0 0 41 0 1 24 0 0 7 0 0 4
2 4 6 0 0 0 0 0 0 0 0 0 0 0 0 0 0 0 0 0 0 0 0 0 0 0 0 0 0 0 0 14 0 3 26 58 0 0 0 29 1
11 0 0 0 0 0 0 0 0 0 0 0 0 0 0 0 0 0 0 0 0 0 0 0 0 0 0 0 0 0 0 0 0 0 0 98 0 0 0 44 0
0 2 27 22 0 0 0 0 0 0 0 0 0 0 0 6 0 0 0 0 0 0 4 0 0 0 4 0 0 0 0 31 0 0 11 0 0 7 0 0 2
10 0 0 0 0 0 0 0 0 0 0 0 0 0 0 0 0 0 0 0 0 0 0 0 0 0 0 0 0 0 0 0 0 0 0 94 0 0 0 42 0
4 3 0 0 0 0 0 0 0 0 0 0 0 0 0 0 0 0 0 0 0 0 0 0 0 0 0 0 0 0 0 5 0 2 21 70 0 0 0 32 0
0 7 22 8 0 0 0 0 0 0 0 0 0 0 0 0 0 0 0 0 0 0 1 0 0 0 0 0 0 0 0 31 0 4 38 32 0 1 0 20 3
4 2 0 0 0 0 0 0 0 0 0 0 0 0 0 0 0 0 0 0 0 0 0 0 0 0 0 0 0 0 0 4 0 2 19 67 0 0 0 32 0
0 6 34 24 0 0 0 0 0 0 0 0 0 0 0 4 0 0 0 0 0 0 4 0 0 0 2 0 0 0 0 43 0 1 24 0 0 8 0 0 4
0 6 35 25 0 0 0 0 0 0 0 0 0 0 0 4 0 0 0 0 0 0 4 0 0 0 2 0 0 0 0 43 0 2 26 0 0 8 0 0 4
0 6 17 4 0 0 0 0 0 0 0 0 0 0 0 0 0 0 0 0 0 0 1 0 0 0 0 0 0 0 0 25 0 3 34 45 0 0 0 24 2
1 6 16 3 0 0 0 0 0 0 0 0 0 0 0 0 0 0 0 0 0 0 1 0 0 0 0 0 0 0 0 23 0 3 32 46 0 0 0 25 2
0 7 20 6 0 0 0 0 0 0 0 0 0 0 0 0 0 0 0 0 0 0 1 0 0 0 0 0 0 0 0 28 0 4 37 38 0 0 0 22 2
0 7 25 11 0 0 0 0 0 0 0 0 0 0 0 0 0 0 0 0 0 0 2 0 0 0 0 0 0 0 0 35 0 3 37 21 0 2 0 15 3
9 0 0 0 0 0 0 0 0 0 0 0 0 0 0 0 0 0 0 0 0 0 0 0 0 0 0 0 0 0 0 0 0 0 0 85 0 0 0 38 0
10 0 0 0 0 0 0 0 0 0 0 0 0 0 0 0 0 0 0 0 0 0 0 0 0 0 0 0 0 0 0 0 0 0 0 93 0 0 0 42 0
0 6 32 23 0 0 0 0 0 0 0 0 0 0 0 4 0 0 0 0 0 0 4 0 0 0 1 0 0 0 0 41 0 1 23 0 0 7 0 0 4
7 0 0 0 0 0 0 0 0 0 0 0 0 0 0 0 0 0 0 0 0 0 0 0 0 0 0 0 0 0 0 0 0 1 4 82 0 0 0 37 0
10 0 0 0 0 0 0 0 0 0 0 0 0 0 0 0 0 0 0 0 0 0 0 0 0 0 0 0 0 0 0 0 0 0 0 90 0 0 0 40 0
0 7 23 9 0 0 0 0 0 0 0 0 0 0 0 0 0 0 0 0 0 0 2 0 0 0 0 0 0 0 0 32 0 4 38 32 0 1 0 20 2
10 0 0 0 0 0 0 0 0 0 0 0 0 0 0 0 0 0 0 0 0 0 0 0 0 0 0 0 0 0 0 0 0 0 0 91 0 0 0 41 0
0 5 33 24 0 0 0 0 0 0 0 0 0 0 0 5 0 0 0 0 0 0 4 0 0 0 2 0 0 0 0 40 0 1 22 0 0 7 0 0 3
10 0 0 0 0 0 0 0 0 0 0 0 0 0 0 0 0 0 0 0 0 0 0 0 0 0 0 0 0 0 0 0 0 0 0 90 0 0 0 40 0
0 3 29 23 0 0 0 0 0 0 0 0 0 0 0 6 0 0 0 0 0 0 4 0 0 0 3 0 0 0 0 34 0 0 13 0 0 7 0 0 3
0 8 31 18 0 0 0 0 0 0 0 0 0 0 0 0 0 0 0 0 0 0 3 0 0 0 0 0 0 0 0 43 0 4 37 0 0 4 0 5 4
0 3 29 23 0 0 0 0 0 0 0 0 0 0 0 6 0 0 0 0 0 0 4 0 0 0 3 0 0 0 0 34 0 0 15 0 0 7 0 0 2
0 4 30 22 0 0 0 0 0 0 0 0 0 0 0 5 0 0 0 0 0 0 3 0 0 0 3 0 0 0 0 36 0 0 16 0 0 7 0 0 3
0 6 33 23 0 0 0 0 0 0 0 0 0 0 0 4 0 0 0 0 0 0 4 0 0 0 1 0 0 0 0 43 0 1 25 0 0 7 0 0 4
3 4 6 0 0 0 0 0 0 0 0 0 0 0 0 0 0 0 0 0 0 0 0 0 0 0 0 0 0 0 0 13 0 3 28 63 0 0 0 31 0
0 7 34 23 0 0 0 0 0 0 0 0 0 0 0 3 0 0 0 0 0 0 4 0 0 0 1 0 0 0 0 45 0 2 29 0 0 7 0 0 4
11 0 0 0 0 0 0 0 0 0 0 0 0 0 0 0 0 0 0 0 0 0 0 0 0 0 0 0 0 0 0 0 0 0 0 92 0 0 0 42 0
2 5 8 0 0 0 0 0 0 0 0 0 0 0 0 0 0 0 0 0 0 0 0 0 0 0 0 0 0 0 0 15 0 3 29 58 0 0 0 29 1
6 0 0 0 0 0 0 0 0 0 0 0 0 0 0 0 0 0 0 0 0 0 0 0 0 0 0 0 0 0 0 0 0 1 8 75 0 0 0 35 0
5 2 0 0 0 0 0 0 0 0 0 0 0 0 0 0 0 0 0 0 0 0 0 0 0 0 0 0 0 0 0 0 0 2 18 75 0 0 0 35 0
12 0 0 0 0 0 0 0 0 0 0 0 0 0 0 0 0 0 0 0 0 0 0 0 0 0 0 0 0 0 0 0 0 0 0 100 0 0 0 45 0
0 2 28 22 0 0 0 0 0 0 0 0 0 0 0 6 0 0 0 0 0 0 3 0 0 0 3 0 0 0 0 31 0 0 13 0 0 7 0 0 2
0 9 32 18 0 0 0 0 0 0 0 0 0 0 0 0 0 0 0 0 0 0 3 0 0 0 0 0 0 0 0 42 0 4 40 0 0 4 0 6 4
0 7 30 16 0 0 0 0 0 0 0 0 0 0 0 0 0 0 0 0 0 0 3 0 0 0 0 0 0 0 0 40 0 3 33 0 0 4 0 5 3
0 3 30 23 0 0 0 0 0 0 0 0 0 0 0 6 0 0 0 0 0 0 4 0 0 0 3 0 0 0 0 36 0 0 16 0 0 7 0 0 3
4 3 0 0 0 0 0 0 0 0 0 0 0 0 0 0 0 0 0 0 0 0 0 0 0 0 0 0 0 0 0 6 0 2 21 66 0 0 0 32 0
5 2 0 0 0 0 0 0 0 0 0 0 0 0 0 0 0 0 0 0 0 0 0 0 0 0 0 0 0 0 0 1 0 2 17 71 0 0 0 33 0
0 1 25 22 0 0 0 0 0 0 0 0 0 0 0 8 0 0 0 0 0 0 4 0 0 1 4 0 0 0 0 26 0 0 5 0 0 6 0 0 1
5 1 0 0 0 0 0 0 0 0 0 0 0 0 0 0 0 0 0 0 0 0 0 0 0 0 0 0 0 0 0 0 0 2 17 74 0 0 0 34 0
0 6 33 23 0 0 0 0 0 0 0 0 0 0 0 4 0 0 0 0 0 0 4 0 0 0 2 0 0 0 0 41 0 1 24 0 0 7 0 0 4
1 6 12 0 0 0 0 0 0 0 0 0 0 0 0 0 0 0 0 0 0 0 0 0 0 0 0 0 0 0 0 19 0 3 32 53 0 0 0 27 1
5 1 0 0 0 0 0 0 0 0 0 0 0 0 0 0 0 0 0 0 0 0 0 0 0 0 0 0 0 0 0 0 0 2 14 74 0 0 0 34 0
0 3 29 24 0 0 0 0 0 0 0 0 0 0 0 6 0 0 0 0 0 0 4 0 0 0 3 0 0 0 0 34 0 0 13 0 0 7 0 0 3
0 4 31 23 0 0 0 0 0 0 0 0 0 0 0 5 0 0 0 0 0 0 4 0 0 0 2 0 0 0 0 39 0 0 19 0 0 7 0 0 3
0 7 34 22 0 0 0 0 0 0 0 0 0 0 0 3 0 0 0 0 0 0 4 0 0 0 1 0 0 0 0 44 0 2 29 0 0 7 0 0 4
0 3 29 23 0 0 0 0 0 0 0 0 0 0 0 6 0 0 0 0 0 0 4 0 0 0 3 0 0 0 0 34 0 0 13 0 0 7 0 0 3
0 8 29 14 0 0 0 0 0 0 0 0 0 0 0 0 0 0 0 0 0 0 2 0 0 0 0 0 0 0 0 39 0 4 38 9 0 3 0 11 3
0 7 22 9 0 0 0 0 0 0 0 0 0 0 0 0 0 0 0 0 0 0 2 0 0 0 0 0 0 0 0 31 0 4 38 31 0 1 0 18 2
0 8 22 8 0 0 0 0 0 0 0 0 0 0 0 0 0 0 0 0 0 0 1 0 0 0 0 0 0 0 0 31 0 4 39 34 0 1 0 22 2
0 3 29 22 0 0 0 0 0 0 0 0 0 0 0 6 0 0 0 0 0 0 4 0 0 0 3 0 0 0 0 35 0 0 14 0 0 7 0 0 3
0 8 34 21 0 0 0 0 0 0 0 0 0 0 0 1 0 0 0 0 0 0 4 0 0 0 0 0 0 0 0 44 0 3 35 0 0 6 0 0 4
11 0 0 0 0 0 0 0 0 0 0 0 0 0 0 0 0 0 0 0 0 0 0 0 0 0 0 0 0 0 0 0 0 0 0 100 0 0 0 45 0
0 1 25 21 0 0 0 0 0 0 0 0 0 0 0 7 0 0 0 0 0 0 4 0 0 1 4 1 0 0 0 27 0 0 6 0 0 6 0 0 1
0 7 34 22 0 0 0 0 0 0 0 0 0 0 0 2 0 0 0 0 0 0 4 0 0 0 0 0 0 0 0 45 0 2 30 0 0 7 0 0 4
0 7 19 5 0 0 0 0 0 0 0 0 0 0 0 0 0 0 0 0 0 0 1 0 0 0 0 0 0 0 0 27 0 4 37 42 0 0 0 24 2
10 0 0 0 0 0 0 0 0 0 0 0 0 0 0 0 0 0 0 0 0 0 0 0 0 0 0 0 0 0 0 0 0 0 0 92 0 0 0 40 0
0 4 30 22 0 0 0 0 0 0 0 0 0 0 0 5 0 0 0 0 0 0 4 0 0 0 2 0 0 0 0 36 0 0 18 0 0 7 0 0 3
5 2 0 0 0 0 0 0 0 0 0 0 0 0 0 0 0 0 0 0 0 0 0 0 0 0 0 0 0 0 0 0 0 2 17 76 0 0 0 35 0
6 0 0 0 0 0 0 0 0 0 0 0 0 0 0 0 0 0 0 0 0 0 0 0 0 0 0 0 0 0 0 0 0 1 6 78 0 0 0 36 0
0 8 26 12 0 0 0 0 0 0 0 0 0 0 0 0 0 0 0 0 0 0 2 0 0 0 0 0 0 0 0 38 0 4 38 18 0 2 0 15 3
0 1 26 22 0 0 0 0 0 0 0 0 0 0 0 7 0 0 0 0 0 0 4 0 0 0 4 0 0 0 0 28 0 0 8 0 0 7 0 0 2
12 0 0 0 0 0 0 0 0 0 0 0 0 0 0 0 0 0 0 0 0 0 0 0 0 0 0 0 0 0 0 0 0 0 0 102 0 0 0 47 0
0 7 23 10 0 0 0 0 0 0 0 0 0 0 0 0 0 0 0 0 0 0 2 0 0 0 0 0 0 0 0 32 0 4 37 27 0 1 0 18 2
0 7 35 23 0 0 0 0 0 0 0 0 0 0 0 3 0 0 0 0 0 0 4 0 0 0 1 0 0 0 0 44 0 2 28 0 0 7 0 0 4
1 6 16 3 0 0 0 0 0 0 0 0 0 0 0 0 0 0 0 0 0 0 1 0 0 0 0 0 0 0 0 23 0 3 31 44 0 0 0 24 2
11 0 0 0 0 0 0 0 0 0 0 0 0 0 0 0 0 0 0 0 0 0 0 0 0 0 0 0 0 0 0 0 0 0 0 97 0 0 0 43 0
0 1 27 23 0 0 0 0 0 0 0 0 0 0 0 7 0 0 0 0 0 0 4 0 0 1 5 1 0 0 0 29 0 0 7 0 0 7 0 0 2
0 6 35 25 0 0 0 0 0 0 0 0 0 0 0 4 0 0 0 0 0 0 4 0 0 0 2 0 0 0 0 45 0 2 26 0 0 8 0 0 4
0 6 33 23 0 0 0 0 0 0 0 0 0 0 0 4 0 0 0 0 0 0 4 0 0 0 1 0 0 0 0 42 0 1 25 0 0 7 0 0 4
0 3 27 20 0 0 0 0 0 0 0 0 0 0 0 5 0 0 0 0 0 0 3 0 0 0 2 0 0 0 0 34 0 0 14 0 0 7 0 0 3
0 9 33 18 0 0 0 0 0 0 0 0 0 0 0 0 0 0 0 0 0 0 3 0 0 0 0 0 0 0 0 46 0 4 40 2 0 4 0 9 4
0 8 31 17 0 0 0 0 0 0 0 0 0 0 0 0 0 0 0 0 0 0 3 0 0 0 0 0 0 0 0 40 0 3 36 0 0 4 0 5 4
0 3 28 20 0 0 0 0 0 0 0 0 0 0 0 5 0 0 0 0 0 0 3 0 0 0 2 0 0 0 0 34 0 0 16 0 0 6 0 0 3
2 5 12 1 0 0 0 0 0 0 0 0 0 0 0 0 0 0 0 0 0 0 0 0 0 0 0 0 0 0 0 20 0 3 30 52 0 0 0 27 1
0 6 33 22 0 0 0 0 0 0 0 0 0 0 0 3 0 0 0 0 0 0 4 0 0 0 1 0 0 0 0 43 0 2 26 0 0 7 0 0 4
0 6 32 22 0 0 0 0 0 0 0 0 0 0 0 3 0 0 0 0 0 0 3 0 0 0 1 0 0 0 0 42 0 2 24 0 0 7 0 0 4
1 5 10 0 0 0 0 0 0 0 0 0 0 0 0 0 0 0 0 0 0 0 0 0 0 0 0 0 0 0 0 16 0 3 31 57 0 0 0 29 1
1 6 16 2 0 0 0 0 0 0 0 0 0 0 0 0 0 0 0 0 0 0 1 0 0 0 0 0 0 0 0 23 0 3 33 49 0 0 0 27 1
11 0 0 0 0 0 0 0 0 0 0 0 0 0 0 0 0 0 0 0 0 0 0 0 0 0 0 0 0 0 0 0 0 0 0 98 0 0 0 44 0
8 0 0 0 0 0 0 0 0 0 0 0 0 0 0 0 0 0 0 0 0 0 0 0 0 0 0 0 0 0 0 0 0 0 0 83 0 0 0 38 0
1 6 14 2 0 0 0 0 0 0 0 0 0 0 0 0 0 0 0 0 0 0 1 0 0 0 0 0 0 0 0 22 0 3 33 49 0 0 0 26 1
0 2 27 22 0 0 0 0 0 0 0 0 0 0 0 6 0 0 0 0 0 0 4 0 0 0 4 0 0 0 0 30 0 0 10 0 0 7 0 0 2
0 3 30 24 0 0 0 0 0 0 0 0 0 0 0 6 0 0 0 0 0 0 4 0 0 0 3 0 0 0 0 34 0 0 15 0 0 7 0 0 3
0 8 31 17 0 0 0 0 0 0 0 0 0 0 0 1 0 0 0 0 0 0 3 0 0 0 0 0 0 0 0 42 0 3 33 0 0 5 0 5 3
9 0 0 0 0 0 0 0 0 0 0 0 0 0 0 0 0 0 0 0 0 0 0 0 0 0 0 0 0 0 0 0 0 0 0 90 0 0 0 40 0
0 4 31 23 0 0 0 0 0 0 0 0 0 0 0 6 0 0 0 0 0 0 4 0 0 0 3 0 0 0 0 37 0 0 18 0 0 7 0 0 3
0 4 30 23 0 0 0 0 0 0 0 0 0 0 0 6 0 0 0 0 0 0 4 0 0 0 2 0 0 0 0 38 0 0 17 0 0 8 0 0 3
7 0 0 0 0 0 0 0 0 0 0 0 0 0 0 0 0 0 0 0 0 0 0 0 0 0 0 0 0 0 0 0 0 1 3 80 0 0 0 37 0
0 7 34 23 0 0 0 0 0 0 0 0 0 0 0 3 0 0 0 0 0 0 4 0 0 0 1 0 0 0 0 44 0 2 27 0 0 7 0 0 4
9 0 0 0 0 0 0 0 0 0 0 0 0 0 0 0 0 0 0 0 0 0 0 0 0 0 0 0 0 0 0 0 0 0 0 89 0 0 0 40 0
1 6 15 2 0 0 0 0 0 0 0 0 0 0 0 0 0 0 0 0 0 0 1 0 0 0 0 0 0 0 0 21 0 4 35 52 0 0 0 27 1
11 0 0 0 0 0 0 0 0 0 0 0 0 0 0 0 0 0 0 0 0 0 0 0 0 0 0 0 0 0 0 0 0 0 0 94 0 0 0 42 0
11 0 0 0 0 0 0 0 0 0 0 0 0 0 0 0 0 0 0 0 0 0 0 0 0 0 0 0 0 0 0 0 0 0 0 95 0 0 0 43 0
0 1 27 22 0 0 0 0 0 0 0 0 0 0 0 7 0 0 0 0 0 0 4 0 0 0 4 0 0 0 0 29 0 0 9 0 0 7 0 0 2
10 0 0 0 0 0 0 0 0 0 0 0 0 0 0 0 0 0 0 0 0 0 0 0 0 0 0 0 0 0 0 0 0 0 0 91 0 0 0 41 0
0 6 35 23 0 0 0 0 0 0 0 0 0 0 0 4 0 0 0 0 0 0 4 0 0 0 1 0 0 0 0 45 0 2 28 0 0 7 0 0 4
0 6 34 23 0 0 0 0 0 0 0 0 0 0 0 4 0 0 0 0 0 0 4 0 0 0 1 0 0 0 0 44 0 2 27 0 0 7 0 0 4
1 6 13 2 0 0 0 0 0 0 0 0 0 0 0 0 0 0 0 0 0 0 0 0 0 0 0 0 0 0 0 22 0 3 32 50 0 0 0 27 1
0 5 33 24 0 0 0 0 0 0 0 0 0 0 0 5 0 0 0 0 0 0 4 0 0 0 2 0 0 0 0 41 0 1 22 0 0 8 0 0 3
0 5 31 22 0 0 0 0 0 0 0 0 0 0 0 5 0 0 0 0 0 0 4 0 0 0 2 0 0 0 0 38 0 0 20 0 0 7 0 0 3
2 5 10 0 0 0 0 0 0 0 0 0 0 0 0 0 0 0 0 0 0 0 0 0 0 0 0 0 0 0 0 17 0 3 31 57 0 0 0 28 1
12 0 0 0 0 0 0 0 0 0 0 0 0 0 0 0 0 0 0 0 0 0 0 0 0 0 0 0 0 0 0 0 0 0 0 101 0 0 0 46 0
0 8 27 13 0 0 0 0 0 0 0 0 0 0 0 0 0 0 0 0 0 0 2 0 0 0 0 0 0 0 0 37 0 4 40 17 0 2 0 14 3
8 0 0 0 0 0 0 0 0 0 0 0 0 0 0 0 0 0 0 0 0 0 0 0 0 0 0 0 0 0 0 0 0 0 0 84 0 0 0 38 0
2 5 7 0 0 0 0 0 0 0 0 0 0 0 0 0 0 0 0 0 0 0 0 0 0 0 0 0 0 0 0 13 0 3 30 63 0 0 0 32 1
0 7 22 8 0 0 0 0 0 0 0 0 0 0 0 0 0 0 0 0 0 0 1 0 0 0 0 0 0 0 0 30 0 3 35 29 0 1 0 18 2
10 0 0 0 0 0 0 0 0 0 0 0 0 0 0 0 0 0 0 0 0 0 0 0 0 0 0 0 0 0 0 0 0 0 0 91 0 0 0 40 0
0 8 33 20 0 0 0 0 0 0 0 0 0 0 0 1 0 0 0 0 0 0 4 0 0 0 0 0 0 0 0 44 0 3 33 0 0 6 0 0 4
11 0 0 0 0 0 0 0 0 0 0 0 0 0 0 0 0 0 0 0 0 0 0 0 0 0 0 0 0 0 0 0 0 0 0 99 0 0 0 44 0
0 2 26 21 0 0 0 0 0 0 0 0 0 0 0 6 0 0 0 0 0 0 4 0 0 0 4 0 0 0 0 29 0 0 8 0 0 7 0 0 2
0 7 23 10 0 0 0 0 0 0 0 0 0 0 0 0 0 0 0 0 0 0 2 0 0 0 0 0 0 0 0 33 0 4 37 25 0 2 0 17 3
9 0 0 0 0 0 0 0 0 0 0 0 0 0 0 0 0 0 0 0 0 0 0 0 0 0 0 0 0 0 0 0 0 0 0 89 0 0 0 40 0
8 0 0 0 0 0 0 0 0 0 0 0 0 0 0 0 0 0 0 0 0 0 0 0 0 0 0 0 0 0 0 0 0 0 0 84 0 0 0 38 0
0 4 30 23 0 0 0 0 0 0 0 0 0 0 0 5 0 0 0 0 0 0 4 0 0 0 3 0 0 0 0 36 0 0 17 0 0 7 0 0 3
10 0 0 0 0 0 0 0 0 0 0 0 0 0 0 0 0 0 0 0 0 0 0 0 0 0 0 0 0 0 0 0 0 0 0 94 0 0 0 42 0
7 0 0 0 0 0 0 0 0 0 0 0 0 0 0 0 0 0 0 0 0 0 0 0 0 0 0 0 0 0 0 0 0 1 5 79 0 0 0 36 0
9 0 0 0 0 0 0 0 0 0 0 0 0 0 0 0 0 0 0 0 0 0 0 0 0 0 0 0 0 0 0 0 0 0 0 91 0 0 0 40 0
0 8 33 19 0 0 0 0 0 0 0 0 0 0 0 1 0 0 0 0 0 0 3 0 0 0 0 0 0 0 0 44 0 3 33 0 0 5 0 1 4
0 8 35 24 0 0 0 0 0 0 0 0 0 0 0 2 0 0 0 0 0 0 4 0 0 0 1 0 0 0 0 47 0 3 31 0 0 7 0 0 4
0 7 35 24 0 0 0 0 0 0 0 0 0 0 0 3 0 0 0 0 0 0 4 0 0 0 1 0 0 0 0 44 0 2 28 0 0 7 0 0 4
0 6 32 22 0 0 0 0 0 0 0 0 0 0 0 4 0 0 0 0 0 0 4 0 0 0 1 0 0 0 0 40 0 1 24 0 0 7 0 0 3
0 6 16 4 0 0 0 0 0 0 0 0 0 0 0 0 0 0 0 0 0 0 1 0 0 0 0 0 0 0 0 24 0 4 35 44 0 0 0 24 2
0 6 17 5 0 0 0 0 0 0 0 0 0 0 0 0 0 0 0 0 0 0 1 0 0 0 0 0 0 0 0 26 0 3 33 40 0 0 0 22 2
0 4 31 22 0 0 0 0 0 0 0 0 0 0 0 5 0 0 0 0 0 0 4 0 0 0 2 0 0 0 0 38 0 0 20 0 0 7 0 0 3
0 8 34 21 0 0 0 0 0 0 0 0 0 0 0 1 0 0 0 0 0 0 4 0 0 0 0 0 0 0 0 45 0 3 33 0 0 6 0 0 4
0 2 26 21 0 0 0 0 0 0 0 0 0 0 0 6 0 0 0 0 0 0 3 0 0 0 3 0 0 0 0 32 0 0 12 0 0 6 0 0 2
0 2 29 23 0 0 0 0 0 0 0 0 0 0 0 6 0 0 0 0 0 0 4 0 0 0 3 0 0 0 0 33 0 0 13 0 0 7 0 0 2
4 2 0 0 0 0 0 0 0 0 0 0 0 0 0 0 0 0 0 0 0 0 0 0 0 0 0 0 0 0 0 3 0 2 20 71 0 0 0 32 0
0 7 33 21 0 0 0 0 0 0 0 0 0 0 0 2 0 0 0 0 0 0 3 0 0 0 0 0 0 0 0 45 0 3 30 0 0 7 0 0 4
10 0 0 0 0 0 0 0 0 0 0 0 0 0 0 0 0 0 0 0 0 0 0 0 0 0 0 0 0 0 0 0 0 0 0 91 0 0 0 41 0
0 7 34 22 0 0 0 0 0 0 0 0 0 0 0 2 0 0 0 0 0 0 4 0 0 0 0 0 0 0 0 46 0 2 29 0 0 7 0 0 4
10 0 0 0 0 0 0 0 0 0 0 0 0 0 0 0 0 0 0 0 0 0 0 0 0 0 0 0 0 0 0 0 0 0 0 89 0 0 0 40 0
6 0 0 0 0 0 0 0 0 0 0 0 0 0 0 0 0 0 0 0 0 0 0 0 0 0 0 0 0 0 0 0 0 1 11 80 0 0 0 36 0
0 4 31 24 0 0 0 0 0 0 0 0 0 0 0 6 0 0 0 0 0 0 4 0 0 0 3 0 0 0 0 37 0 0 17 0 0 8 0 0 3
9 0 0 0 0 0 0 0 0 0 0 0 0 0 0 0 0 0 0 0 0 0 0 0 0 0 0 0 0 0 0 0 0 0 0 88 0 0 0 39 0
0 6 17 5 0 0 0 0 0 0 0 0 0 0 0 0 0 0 0 0 0 0 1 0 0 0 0 0 0 0 0 25 0 3 34 38 0 0 0 21 2
6 0 0 0 0 0 0 0 0 0 0 0 0 0 0 0 0 0 0 0 0 0 0 0 0 0 0 0 0 0 0 0 0 1 8 79 0 0 0 36 0
11 0 0 0 0 0 0 0 0 0 0 0 0 0 0 0 0 0 0 0 0 0 0 0 0 0 0 0 0 0 0 0 0 0 0 95 0 0 0 42 0
2 5 10 0 0 0 0 0 0 0 0 0 0 0 0 0 0 0 0 0 0 0 0 0 0 0 0 0 0 0 0 17 0 3 30 54 0 0 0 28 1
0 2 26 22 0 0 0 0 0 0 0 0 0 0 0 7 0 0 0 0 0 0 4 0 0 0 4 0 0 0 0 29 0 0 9 0 0 7 0 0 2
10 0 0 0 0 0 0 0 0 0 0 0 0 0 0 0 0 0 0 0 0 0 0 0 0 0 0 0 0 0 0 0 0 0 0 92 0 0 0 41 0
4 3 0 0 0 0 0 0 0 0 0 0 0 0 0 0 0 0 0 0 0 0 0 0 0 0 0 0 0 0 0 4 0 2 21 69 0 0 0 32 0
11 0 0 0 0 0 0 0 0 0 0 0 0 0 0 0 0 0 0 0 0 0 0 0 0 0 0 0 0 0 0 0 0 0 0 98 0 0 0 44 0
9 0 0 0 0 0 0 0 0 0 0 0 0 0 0 0 0 0 0 0 0 0 0 0 0 0 0 0 0 0 0 0 0 0 0 87 0 0 0 39 0
0 8 25 11 0 0 0 0 0 0 0 0 0 0 0 0 0 0 0 0 0 0 2 0 0 0 0 0 0 0 0 35 0 4 40 26 0 2 0 17 3
3 4 6 0 0 0 0 0 0 0 0 0 0 0 0 0 0 0 0 0 0 0 0 0 0 0 0 0 0 0 0 11 0 3 27 61 0 0 0 29 0
9 0 0 0 0 0 0 0 0 0 0 0 0 0 0 0 0 0 0 0 0 0 0 0 0 0 0 0 0 0 0 0 0 0 0 89 0 0 0 40 0
0 8 29 15 0 0 0 0 0 0 0 0 0 0 0 0 0 0 0 0 0 0 2 0 0 0 0 0 0 0 0 41 0 4 41 10 0 3 0 12 3
3 4 6 0 0 0 0 0 0 0 0 0 0 0 0 0 0 0 0 0 0 0 0 0 0 0 0 0 0 0 0 14 0 3 26 59 0 0 0 30 0
11 0 0 0 0 0 0 0 0 0 0 0 0 0 0 0 0 0 0 0 0 0 0 0 0 0 0 0 0 0 0 0 0 0 0 97 0 0 0 44 0
0 0 22 22 0 0 0 0 0 0 0 0 0 0 0 10 0 0 0 0 0 0 5 0 0 2 6 1 0 0 0 20 0 0 0 0 0 6 0 0 0
0 1 26 23 0 0 0 0 0 0 0 0 0 0 0 8 0 0 0 0 0 0 4 0 0 1 5 1 0 0 0 27 0 0 5 0 0 6 0 0 1
0 5 30 20 0 0 0 0 0 0 0 0 0 0 0 3 0 0 0 0 0 0 4 0 0 0 1 0 0 0 0 37 0 1 21 0 0 6 0 0 3
10 0 0 0 0 0 0 0 0 0 0 0 0 0 0 0 0 0 0 0 0 0 0 0 0 0 0 0 0 0 0 0 0 0 0 92 0 0 0 41 0
0 5 32 24 0 0 0 0 0 0 0 0 0 0 0 5 0 0 0 0 0 0 4 0 0 0 2 0 0 0 0 40 0 0 20 0 0 8 0 0 3
0 4 28 21 0 0 0 0 0 0 0 0 0 0 0 5 0 0 0 0 0 0 3 0 0 0 2 0 0 0 0 33 0 0 17 0 0 6 0 0 3
0 5 32 23 0 0 0 0 0 0 0 0 0 0 0 4 0 0 0 0 0 0 4 0 0 0 2 0 0 0 0 41 0 1 22 0 0 7 0 0 4
9 0 0 0 0 0 0 0 0 0 0 0 0 0 0 0 0 0 0 0 0 0 0 0 0 0 0 0 0 0 0 0 0 0 0 87 0 0 0 39 0
0 6 17 4 0 0 0 0 0 0 0 0 0 0 0 0 0 0 0 0 0 0 2 0 0 0 0 0 0 0 0 25 0 3 35 43 0 0 0 23 1
0 2 28 23 0 0 0 0 0 0 0 0 0 0 0 7 0 0 0 0 0 0 4 0 0 0 4 0 0 0 0 32 0 0 10 0 0 7 0 0 2
0 1 25 21 0 0 0 0 0 0 0 0 0 0 0 7 0 0 0 0 0 0 4 0 0 0 4 0 0 0 0 28 0 0 8 0 0 6 0 0 1
0 3 28 23 0 0 0 0 0 0 0 0 0 0 0 6 0 0 0 0 0 0 4 0 0 0 3 0 0 0 0 33 0 0 13 0 0 7 0 0 2
7 0 0 0 0 0 0 0 0 0 0 0 0 0 0 0 0 0 0 0 0 0 0 0 0 0 0 0 0 0 0 0 0 0 0 83 0 0 0 38 0
0 7 18 5 0 0 0 0 0 0 0 0 0 0 0 0 0 0 0 0 0 0 1 0 0 0 0 0 0 0 0 26 0 4 36 41 0 0 0 23 2
0 9 37 23 0 0 0 0 0 0 0 0 0 0 0 1 0 0 0 0 0 0 3 0 0 0 0 0 0 0 0 49 0 3 36 0 0 7 0 0 5
0 8 27 12 0 0 0 0 0 0 0 0 0 0 0 0 0 0 0 0 0 0 2 0 0 0 0 0 0 0 0 37 0 4 42 22 0 2 0 17 3
6 0 0 0 0 0 0 0 0 0 0 0 0 0 0 0 0 0 0 0 0 0 0 0 0 0 0 0 0 0 0 0 0 1 5 77 0 0 0 36 0
1 6 11 0 0 0 0 0 0 0 0 0 0 0 0 0 0 0 0 0 0 0 0 0 0 0 0 0 0 0 0 19 0 3 31 51 0 0 0 27 1
11 0 0 0 0 0 0 0 0 0 0 0 0 0 0 0 0 0 0 0 0 0 0 0 0 0 0 0 0 0 0 0 0 0 0 94 0 0 0 42 0
0 7 34 22 0 0 0 0 0 0 0 0 0 0 0 2 0 0 0 0 0 0 4 0 0 0 0 0 0 0 0 45 0 3 30 0 0 7 0 0 4
0 6 32 21 0 0 0 0 0 0 0 0 0 0 0 4 0 0 0 0 0 0 4 0 0 0 1 0 0 0 0 41 0 1 24 0 0 7 0 0 3
