0 0 0 0 1 0 0 0 0 0 0 0 0 0 0 0 0 0 0 0 0 0 0 17 0 0 0 0 0 0 0 0 20 25 0 19 16 0 0 4 0
10 0 0 0 0 0 1 0 0 0 0 0 0 0 0 0 18 1 1 0 1 0 0 0 0 7 0 0 11 3 0 9 7 6 0 8 6 0 5 21 1
2 0 0 0 0 0 0 0 0 0 0 0 0 0 0 0 9 0 0 0 0 0 0 15 0 0 0 0 5 2 0 2 18 20 0 17 12 0 0 10 0
18 0 0 0 0 18 0 1 0 0 0 0 0 0 0 0 19 0 0 0 4 0 0 0 0 32 0 0 14 4 0 15 0 0 1 0 0 0 8 22 4
0 0 0 0 0 0 0 0 0 0 0 0 0 0 0 0 6 0 0 0 0 0 0 15 0 0 0 0 2 2 0 0 22 23 0 19 14 0 1 9 0
0 0 0 0 9 0 0 0 0 0 0 0 0 0 0 0 0 0 0 0 0 0 0 22 0 0 0 0 0 0 0 0 14 21 0 15 12 0 0 0 0
0 0 0 0 1 0 0 0 0 0 0 0 0 0 0 0 2 0 0 0 0 0 0 18 0 0 0 0 0 0 0 0 20 24 0 19 14 0 0 4 0
7 0 0 0 0 2 0 0 0 0 0 0 0 0 0 0 11 0 0 0 1 0 0 0 0 7 0 0 7 2 0 4 3 1 0 2 3 0 3 11 2
0 0 0 0 1 0 0 0 0 0 0 0 0 0 0 0 1 0 0 0 0 0 0 18 0 0 1 0 0 0 0 0 21 26 0 20 15 0 0 4 0
4 0 0 0 0 1 0 0 0 0 0 0 0 0 0 0 5 0 0 0 0 0 0 3 0 3 0 0 3 1 0 3 2 3 0 3 3 0 1 5 0
0 0 0 0 1 0 0 0 0 0 0 0 0 0 0 0 0 0 0 0 0 0 0 16 0 0 1 0 0 0 0 0 20 25 0 18 15 0 0 3 0
0 0 0 0 1 0 0 0 0 0 0 0 0 0 0 0 1 0 0 0 0 0 0 18 0 0 0 0 0 1 0 0 20 24 0 19 13 0 0 3 0
0 0 0 0 18 0 0 14 0 0 3 0 0 0 0 0 0 0 0 0 0 0 0 18 0 0 0 0 0 0 0 0 0 4 0 1 2 0 0 0 0
1 0 0 0 0 0 0 0 0 0 0 0 0 0 0 0 7 0 0 0 0 0 0 15 0 0 0 0 3 3 0 1 24 26 0 22 15 0 1 10 0
0 0 0 0 3 0 0 0 0 0 0 0 0 0 0 0 3 1 0 0 0 0 0 23 0 0 0 0 1 0 0 0 17 23 0 18 13 0 0 2 0
0 0 0 0 0 0 0 0 0 0 0 0 0 0 0 0 1 0 0 0 0 0 0 16 0 0 1 0 0 0 0 0 21 25 0 19 15 0 0 5 0
0 0 0 0 0 0 0 0 0 0 0 0 0 0 0 0 1 0 0 0 0 0 0 16 0 0 0 0 0 0 0 0 20 24 0 19 15 0 0 5 0
0 0 0 0 9 0 0 0 0 0 0 0 0 0 0 0 0 0 0 0 0 0 0 21 0 0 0 0 0 0 0 0 10 17 0 12 10 0 0 0 0
0 0 0 0 3 0 0 0 0 0 0 0 0 0 0 0 1 0 0 0 0 0 0 21 0 0 0 0 0 0 0 0 19 25 0 19 15 0 0 2 0
2 0 0 0 6 28 0 49 0 0 12 0 0 0 0 0 0 0 0 0 0 0 0 0 0 32 0 0 0 0 0 2 0 0 0 0 0 0 4 0 2
0 0 0 0 18 3 0 23 0 0 6 0 0 0 0 0 0 0 0 0 0 0 0 9 0 0 0 0 0 0 0 0 0 0 0 0 0 0 0 0 0
2 0 0 0 0 0 0 0 0 0 0 0 0 0 0 0 4 0 0 0 0 0 0 7 0 0 0 0 2 0 0 1 6 6 0 6 5 0 1 3 0
0 0 0 0 3 0 0 0 0 0 0 0 0 0 0 0 0 0 0 0 0 0 0 20 0 0 0 0 0 0 0 0 19 25 0 19 15 0 0 2 0
0 0 0 0 5 0 0 0 0 0 0 0 0 0 0 0 0 0 0 0 0 0 0 20 0 0 0 0 0 0 0 0 18 25 0 18 15 0 0 0 0
8 0 0 0 0 17 0 20 0 0 2 0 0 0 0 0 4 0 0 0 1 0 0 0 0 23 0 0 3 1 0 6 0 0 0 0 0 0 5 3 3
12 0 0 0 0 6 0 0 0 0 0 0 0 0 0 0 16 0 1 0 2 0 0 0 0 16 0 0 11 3 0 11 0 0 0 0 0 0 5 19 2
0 0 0 0 13 0 0 2 0 0 0 0 0 0 0 0 0 0 0 0 0 0 0 23 0 0 0 0 0 0 0 0 8 15 0 10 9 0 0 0 0
4 0 0 0 0 0 0 0 0 0 0 0 0 0 0 0 10 0 0 0 0 0 0 10 0 0 0 0 5 2 0 3 13 16 0 14 10 0 1 11 0
0 0 0 0 9 0 0 0 0 0 0 0 0 0 0 0 0 0 0 0 0 0 0 24 0 0 0 0 0 0 0 0 14 21 0 16 12 0 0 0 0
7 0 0 0 0 0 1 0 0 0 0 0 0 0 0 0 17 1 1 0 0 0 0 6 0 0 0 0 10 3 0 7 16 16 0 16 11 0 3 19 0
0 0 0 0 1 0 0 0 0 0 0 0 0 0 0 0 0 0 0 0 0 0 0 17 0 0 0 0 0 0 0 0 20 25 0 19 15 0 0 3 0
2 0 0 0 0 0 0 0 0 0 0 0 0 0 0 0 8 0 0 0 0 0 0 13 0 0 0 0 4 2 0 3 19 21 0 18 13 0 0 10 0
0 0 0 0 16 14 0 37 0 0 10 0 0 0 0 0 0 0 0 0 0 0 0 0 0 13 0 0 0 0 0 0 0 0 0 0 0 0 0 0 0
0 0 0 0 1 0 0 0 0 0 0 0 0 0 0 0 0 0 0 0 0 0 0 18 0 0 0 0 0 0 0 0 20 26 0 19 16 0 0 4 0
0 0 0 0 0 0 0 0 0 0 0 0 0 0 0 0 3 0 0 0 0 0 0 19 0 0 0 0 1 1 0 0 22 26 0 21 14 0 0 5 0
0 0 0 0 3 0 0 0 0 0 0 0 0 0 0 0 0 0 0 0 0 0 0 20 0 0 0 0 0 0 0 0 18 24 0 18 15 0 0 2 0
15 0 0 0 0 13 0 0 0 0 0 0 0 0 0 0 17 1 0 0 3 0 0 0 0 25 0 0 13 3 0 12 0 0 1 0 0 0 7 20 3
0 0 0 0 8 0 0 0 0 0 0 0 0 0 0 1 0 0 0 0 0 0 0 23 0 0 0 0 0 0 0 0 14 22 0 16 13 0 0 0 0
0 0 0 0 14 1 0 15 0 0 3 0 0 0 0 0 0 0 0 0 0 0 0 12 0 0 0 0 0 0 0 0 0 0 0 0 0 0 0 0 0
0 0 0 0 6 0 0 0 0 0 0 0 0 0 0 0 0 0 0 0 0 0 0 21 0 0 0 0 0 0 0 0 16 22 0 16 13 0 0 0 0
3 0 0 0 2 8 0 14 0 0 2 0 0 0 0 0 1 0 0 0 0 0 0 0 0 10 0 0 0 0 0 2 0 0 0 0 0 0 1 0 1
9 0 0 0 0 24 0 27 0 0 3 0 0 0 0 0 3 0 0 0 2 0 0 0 0 32 0 0 3 2 0 6 0 0 0 0 0 0 7 2 4
0 0 0 0 3 0 0 0 0 0 0 0 0 0 0 0 3 1 0 0 0 0 0 21 0 0 0 0 1 0 0 0 15 20 0 16 12 0 0 2 0
0 0 0 0 16 0 0 7 0 0 0 0 0 0 0 0 0 1 0 0 0 0 0 23 0 0 0 0 0 0 0 0 5 12 0 7 6 0 0 0 0
0 0 0 0 6 0 0 0 0 0 0 0 0 0 0 0 0 0 0 0 0 0 0 21 0 0 0 0 0 0 0 0 17 24 0 18 14 0 0 0 0
0 0 0 0 6 0 0 0 0 0 0 0 0 0 0 0 1 1 0 0 0 0 0 23 0 0 0 0 0 0 0 0 14 21 0 16 12 0 0 0 0
5 0 0 0 0 0 0 0 0 0 0 0 0 0 0 0 12 0 0 0 0 0 0 10 0 0 0 0 7 3 0 5 18 19 0 18 13 0 2 15 0
0 0 0 0 17 0 0 12 0 0 2 0 0 0 0 0 0 0 0 0 0 0 0 20 0 0 0 0 0 0 0 0 0 7 0 3 3 0 0 0 0
0 0 0 0 9 0 0 0 0 0 0 0 0 0 0 0 0 0 0 0 0 0 0 22 0 0 0 0 0 0 0 0 13 21 0 14 13 0 0 0 0
0 0 0 0 0 0 0 0 0 0 0 0 0 0 0 0 1 0 0 0 0 0 0 15 0 0 1 0 0 0 0 0 21 24 0 19 15 0 0 5 0
0 0 0 0 16 8 0 28 0 0 8 0 0 0 0 0 0 0 0 0 0 0 0 0 0 5 0 0 0 0 0 0 0 0 0 0 0 0 0 0 0
0 0 0 0 5 0 0 0 0 0 0 0 0 0 0 1 1 1 0 0 0 0 0 24 0 0 0 0 0 0 0 0 18 25 0 19 14 0 0 0 0
0 0 0 0 1 0 0 0 0 0 0 0 0 0 0 0 0 0 0 0 0 0 0 15 0 0 1 0 0 0 0 0 19 24 0 18 15 0 0 4 0
0 0 0 0 13 0 0 2 0 0 0 0 0 0 0 0 0 0 0 0 0 0 0 23 0 0 0 0 0 0 0 0 8 15 0 10 9 0 0 0 0
0 0 0 0 2 0 0 0 0 0 0 0 0 0 0 0 0 0 0 0 0 0 0 19 0 0 0 0 0 0 0 0 20 25 0 19 16 0 0 3 0
0 0 0 0 13 12 0 32 0 0 8 0 0 0 0 0 0 0 0 0 0 0 0 0 0 11 0 0 0 0 0 0 0 0 0 0 0 0 0 0 0
0 0 0 0 0 0 0 0 0 0 0 0 0 0 0 0 3 0 0 0 0 0 0 19 0 0 0 0 1 1 0 0 19 24 0 19 14 0 0 5 0
0 0 0 0 0 0 0 0 0 0 0 0 0 0 0 0 0 0 0 0 0 0 0 17 0 0 1 0 0 0 0 0 21 26 0 19 16 0 0 4 0
0 0 0 0 9 0 0 0 0 0 0 0 0 0 0 0 0 0 0 0 0 0 0 23 0 0 0 0 0 0 0 0 14 21 0 15 13 0 0 0 0
1 0 0 0 0 0 0 0 0 0 0 0 0 0 0 0 7 0 0 0 0 0 0 16 0 0 0 0 3 2 0 1 22 24 0 20 14 0 1 10 0
0 0 0 0 0 0 1 0 0 0 0 0 0 0 0 0 6 0 0 0 0 0 0 20 0 0 0 0 2 2 0 0 21 25 0 20 14 0 0 7 0
0 0 0 0 2 0 0 0 0 0 0 0 0 0 0 0 0 0 0 0 0 0 0 17 0 0 0 0 0 0 0 0 19 24 0 18 15 0 0 3 0
0 0 0 0 0 0 0 0 0 0 0 0 0 0 0 0 1 0 0 0 0 0 0 13 0 0 1 0 0 0 0 0 22 26 0 20 16 0 0 6 0
0 0 0 0 5 0 0 0 0 0 0 0 0 0 0 0 1 0 0 0 0 0 0 24 0 0 0 0 0 0 0 0 18 25 0 19 14 0 0 0 0
0 0 0 0 21 4 0 26 0 0 7 0 0 0 0 0 0 0 0 0 0 0 1 9 0 0 0 0 0 0 0 0 0 0 0 0 0 0 0 0 0
0 0 0 0 12 0 0 5 0 0 0 0 0 0 0 0 0 0 0 0 0 0 0 19 0 0 0 0 0 0 0 0 5 11 0 7 6 0 0 0 0
0 0 0 0 0 0 0 0 0 0 0 0 0 0 0 0 4 0 0 0 0 0 0 15 0 0 0 0 1 2 0 0 23 25 0 20 15 0 0 8 0
0 0 0 0 8 0 0 0 0 0 0 0 0 0 0 0 0 0 0 0 0 0 0 23 0 0 0 0 0 0 0 0 14 21 0 16 13 0 0 0 0
0 0 0 0 5 0 0 0 0 0 0 0 0 0 0 0 0 0 0 0 0 0 0 20 0 0 0 0 0 0 0 0 17 23 0 17 14 0 0 0 0
0 0 0 0 18 11 0 34 0 0 10 0 0 0 0 0 0 0 0 0 0 0 0 0 0 8 0 0 0 0 0 0 0 0 0 0 0 0 0 0 0
2 0 0 0 3 7 0 12 0 0 1 0 0 0 0 0 1 0 0 0 0 0 0 0 0 8 0 0 0 0 0 1 0 0 0 0 0 0 0 0 1
0 0 0 0 0 0 0 0 0 0 0 0 0 0 0 0 0 0 0 0 0 0 0 14 0 0 1 0 0 0 0 0 22 26 0 19 16 0 0 5 0
0 0 0 0 0 0 0 0 0 0 0 0 0 0 0 0 1 0 0 0 0 0 0 16 0 0 0 0 0 0 0 0 20 25 0 18 15 0 0 4 0
0 0 0 0 1 0 0 0 0 0 0 0 0 0 0 0 4 0 0 0 0 0 0 22 0 0 0 0 2 1 0 0 20 25 0 20 15 0 0 4 0
6 0 0 0 0 0 0 0 0 0 0 0 0 0 0 0 12 0 0 0 0 0 0 7 0 0 0 0 7 2 0 5 13 14 0 13 10 0 2 14 1
4 0 1 0 0 0 1 0 0 0 0 0 0 0 0 0 13 0 0 0 0 0 0 11 0 0 0 0 6 4 0 4 23 23 0 21 14 0 3 16 0
0 0 0 0 11 0 0 0 0 0 0 0 0 0 0 0 0 1 0 0 0 0 0 24 0 0 0 0 0 0 0 0 11 20 0 13 11 0 0 0 0
2 0 0 0 0 0 0 0 0 0 0 0 0 0 0 0 8 0 0 0 0 0 0 15 0 0 0 0 4 2 0 2 21 23 0 20 14 0 1 10 0
0 0 0 0 1 0 0 0 0 0 0 0 0 0 0 0 0 0 0 0 0 0 0 17 0 0 0 0 0 0 0 0 19 24 0 18 15 0 0 3 0
0 0 0 0 15 9 0 29 0 0 7 0 0 0 0 0 0 0 0 0 0 0 0 0 0 7 0 0 0 0 0 0 0 0 0 0 0 0 0 0 0
0 0 0 0 6 0 0 0 0 0 0 0 0 0 0 0 0 0 0 0 0 0 0 22 0 0 0 0 0 0 0 0 15 22 0 16 13 0 0 0 0
0 0 0 0 4 0 0 0 0 0 0 0 0 0 0 0 2 0 0 0 0 0 0 17 0 0 0 0 1 0 0 0 11 16 0 12 9 0 0 0 0
0 0 0 0 15 6 0 24 0 0 6 0 0 0 0 0 0 0 0 0 0 0 0 2 0 4 0 0 0 0 0 0 0 0 0 0 0 0 0 0 0
0 0 0 0 15 0 0 11 0 0 2 0 0 0 0 0 0 0 0 0 0 0 0 16 0 0 0 0 0 0 0 0 0 5 0 2 4 0 0 0 0
7 0 0 0 0 0 1 0 0 0 0 0 0 0 0 0 18 1 0 0 0 0 0 8 0 0 0 0 10 4 0 7 20 19 0 19 12 0 4 21 1
1 0 0 0 0 0 0 0 0 0 0 0 0 0 0 0 7 0 0 0 0 0 0 17 0 0 0 0 3 2 0 1 20 23 0 20 14 0 0 8 0
0 0 0 0 0 0 0 0 0 0 0 0 0 0 0 0 5 0 0 0 0 0 0 18 0 0 0 0 2 2 0 0 19 23 0 19 14 0 0 7 0
0 0 0 0 5 0 0 0 0 0 0 0 0 0 0 0 0 0 0 0 0 0 0 22 0 0 0 0 0 0 0 0 16 24 0 18 14 0 0 0 0
0 0 0 0 12 0 0 0 0 0 0 0 0 0 0 0 0 0 0 0 0 0 0 22 0 0 0 0 0 0 0 0 10 17 0 12 10 0 0 0 0
0 0 0 0 12 0 0 1 0 0 0 0 0 0 0 0 0 1 0 0 0 0 0 22 0 0 0 0 0 0 0 0 8 15 0 10 9 0 0 0 0
11 0 0 0 0 15 0 9 0 0 0 0 0 0 0 0 10 0 0 0 2 0 0 0 0 25 0 0 8 2 0 9 0 0 0 0 0 0 5 12 4
0 0 0 0 17 3 0 21 0 0 5 0 0 0 0 0 0 0 0 0 0 0 0 10 0 0 0 0 0 0 0 0 0 0 0 0 0 0 0 0 0
0 0 0 0 3 0 0 0 0 0 0 0 0 0 0 0 1 0 0 0 0 0 0 21 0 0 0 0 0 0 0 0 18 25 0 19 14 0 0 2 0
0 0 0 0 0 0 0 0 0 0 0 0 0 0 0 0 4 0 0 0 0 0 0 16 0 0 0 0 1 1 0 0 22 25 0 20 15 0 0 7 0
4 0 0 0 1 26 0 40 0 0 8 0 0 0 0 0 0 0 0 0 0 0 0 0 0 30 0 0 0 0 0 4 0 0 0 0 0 0 5 0 3
0 0 0 0 0 0 0 0 0 0 0 0 0 0 0 0 5 0 0 0 0 0 0 19 0 0 0 0 2 1 0 0 20 24 0 20 15 0 0 6 0
20 0 0 0 0 30 0 17 0 0 0 0 0 0 0 0 16 0 0 0 6 0 0 0 0 45 0 0 13 4 0 16 0 0 1 0 0 0 11 18 5
0 0 0 0 1 0 0 0 0 0 0 0 0 0 0 0 0 0 0 0 0 0 0 18 0 0 1 0 0 0 0 0 20 25 0 19 15 0 0 3 0
0 0 0 0 7 0 0 0 0 0 0 0 0 0 0 0 0 0 0 0 0 0 0 23 0 0 0 0 0 0 0 0 15 22 0 16 13 0 0 0 0
0 0 0 0 8 0 0 0 0 0 0 0 0 0 0 0 0 0 0 0 0 0 0 23 0 0 0 0 0 0 0 0 15 23 0 17 13 0 0 0 0
4 0 0 0 2 33 0 51 0 0 11 0 0 0 0 0 0 0 0 0 0 0 0 0 0 38 0 0 0 0 0 5 0 0 0 0 0 0 6 0 3
0 0 0 0 16 12 0 34 0 0 10 0 0 0 0 0 0 0 0 0 0 0 0 0 0 10 0 0 0 0 0 0 0 0 0 0 0 0 0 0 0
0 0 0 0 0 0 0 0 0 0 0 0 0 0 0 0 3 0 0 0 0 0 0 14 0 0 1 0 1 1 0 0 23 24 0 20 15 0 0 7 0
0 0 0 0 17 0 0 11 0 0 2 0 0 0 0 0 0 0 0 0 0 0 0 18 0 0 0 0 0 0 0 0 1 7 0 3 5 0 0 0 0
0 0 0 0 2 0 0 0 0 0 0 0 0 0 0 0 1 0 0 0 0 0 0 18 0 0 0 0 0 0 0 0 18 24 0 18 14 0 0 2 0
0 0 0 0 13 1 0 15 0 0 3 0 0 0 0 0 0 0 0 0 0 0 0 11 0 0 0 0 0 0 0 0 0 0 0 0 0 0 0 0 0
0 0 0 0 0 0 0 0 0 0 0 0 0 0 0 0 5 0 0 0 0 0 0 19 0 0 0 0 2 1 0 0 21 24 0 20 15 0 0 7 0
12 0 0 0 0 25 0 23 0 0 1 0 0 0 0 0 7 0 0 0 3 0 0 0 0 34 0 0 6 2 0 10 0 0 0 0 0 0 8 7 4
0 0 0 0 20 17 0 45 0 0 13 0 0 0 0 0 0 0 0 0 0 0 1 0 0 14 1 0 0 0 0 0 0 0 0 0 0 0 0 0 0
0 0 0 0 0 0 0 0 0 0 0 0 0 0 0 0 1 0 0 0 0 0 0 15 0 0 0 0 0 0 0 0 21 25 0 19 15 0 0 5 0
0 0 0 0 21 4 0 27 0 0 7 0 0 0 0 0 0 0 0 0 0 0 0 8 0 0 0 0 0 0 0 0 0 0 0 0 0 0 0 0 0
0 0 0 0 18 0 0 11 0 0 2 0 0 0 0 0 0 1 0 0 0 0 0 21 0 0 0 0 0 0 0 0 1 7 0 4 4 0 0 0 0
0 0 0 0 16 10 0 31 0 0 9 0 0 0 0 0 0 0 0 0 0 0 0 0 0 8 0 0 0 0 0 0 0 0 0 0 0 0 0 0 0
0 0 0 0 0 0 0 0 0 0 0 0 0 0 0 0 0 0 0 0 0 0 0 15 0 0 1 0 0 0 0 0 22 25 0 19 15 0 0 5 0
0 0 0 0 8 0 0 0 0 0 0 0 0 0 0 0 0 0 0 0 1 0 0 21 0 0 0 0 0 0 0 0 14 22 0 16 14 0 0 0 0
0 0 0 0 2 0 0 0 0 0 0 0 0 0 0 0 0 0 0 0 0 0 0 17 0 0 1 0 0 0 0 0 19 24 0 18 15 0 0 3 0
0 0 0 0 10 0 0 0 0 0 0 0 0 0 0 0 0 0 0 0 0 0 0 25 0 0 0 0 0 0 0 0 13 22 0 16 12 0 0 0 0
0 0 0 0 0 0 0 0 0 0 0 0 0 0 0 0 5 0 0 0 0 0 0 16 0 0 0 0 2 1 0 0 21 24 0 20 15 0 0 8 0
1 0 0 0 0 0 0 0 0 0 0 0 0 0 0 0 6 0 0 0 0 0 0 18 0 0 0 0 2 2 0 0 22 24 0 20 15 0 0 8 0
0 0 0 0 6 0 0 0 0 0 0 0 0 0 0 0 0 0 0 0 0 0 0 21 0 0 0 0 0 0 0 0 13 19 0 14 11 0 0 0 0
6 0 0 0 0 0 0 0 0 0 0 0 0 0 0 0 13 0 0 0 1 0 0 5 0 1 0 0 7 3 0 5 11 12 0 11 9 0 2 14 0
0 0 0 0 1 0 0 0 0 0 0 0 0 0 0 0 0 0 0 0 0 0 0 15 0 0 0 0 0 0 0 0 20 25 0 18 16 0 0 4 0
0 0 0 0 2 0 0 0 0 0 0 0 0 0 0 0 0 0 0 0 0 0 0 18 0 0 0 0 0 0 0 0 20 25 0 19 15 0 0 3 0
2 0 0 0 6 33 0 57 0 0 14 0 0 0 0 0 0 0 0 0 0 0 0 0 0 37 0 0 0 0 0 2 0 0 0 0 0 0 4 0 3
0 0 0 0 17 0 0 15 0 0 3 0 0 0 0 0 0 0 0 0 0 0 0 15 0 0 0 0 0 0 0 0 0 1 0 0 1 0 0 0 0
0 0 0 0 8 0 0 0 0 0 0 0 0 0 0 0 0 0 0 0 0 0 0 22 0 0 0 0 0 0 0 0 13 21 0 15 13 0 0 0 0
17 0 0 0 0 8 0 0 0 0 0 0 0 0 0 0 25 1 1 0 4 0 0 0 0 23 0 0 17 4 0 16 0 0 1 0 0 0 7 30 4
6 0 0 0 0 19 0 24 0 0 4 0 0 0 0 0 1 0 0 0 1 0 0 0 0 24 0 0 2 1 0 5 0 0 0 0 0 0 5 0 3
0 0 0 0 0 0 0 0 0 0 0 0 0 0 0 0 6 0 0 0 0 0 0 18 0 0 0 0 2 2 0 0 19 23 0 19 14 0 0 6 0
15 0 0 0 0 18 0 10 0 0 0 0 0 0 0 0 13 0 1 0 3 0 0 0 0 30 0 0 10 2 0 11 0 0 0 0 0 0 7 14 4
0 0 0 0 8 0 0 0 0 0 0 0 0 0 0 0 0 0 0 0 0 0 0 22 0 0 0 0 0 0 0 0 14 22 0 16 13 0 0 0 0
0 0 0 0 2 0 0 0 0 0 0 0 0 0 0 0 1 0 0 0 0 0 0 20 0 0 0 0 0 0 0 0 19 25 0 19 15 0 0 3 0
9 0 0 0 0 30 0 38 0 0 6 0 0 0 0 0 0 0 0 0 2 0 0 0 0 37 0 0 1 1 0 6 0 0 0 0 0 0 7 0 4
0 0 0 0 1 0 0 0 0 0 0 0 0 0 0 0 1 0 0 0 0 0 0 18 0 0 0 0 0 0 0 0 19 25 0 18 15 0 0 3 0
0 0 0 0 21 21 0 54 0 0 16 0 0 0 0 0 0 0 0 0 0 0 0 0 0 19 1 0 0 0 0 0 0 0 0 0 0 0 0 0 0
7 0 0 0 0 30 0 41 0 0 7 0 0 0 0 0 0 0 0 0 1 0 0 0 0 36 0 0 0 1 0 6 0 0 0 0 0 0 6 0 4
0 0 0 0 9 0 0 7 0 0 1 0 0 0 0 0 0 0 0 0 0 0 0 12 0 0 0 0 0 0 0 0 3 5 0 4 2 0 0 0 0
0 0 0 0 0 0 0 0 0 0 0 0 0 0 0 0 1 0 0 0 0 0 0 15 0 0 1 0 0 0 0 0 22 25 0 20 15 0 0 5 0
0 0 0 0 17 0 0 13 0 0 2 0 0 0 0 0 0 0 0 0 0 0 0 17 0 0 0 0 0 0 0 0 0 4 0 1 2 0 0 0 0
8 0 0 0 0 15 0 16 0 0 1 0 0 0 0 0 5 0 0 0 1 0 0 0 0 21 0 0 4 1 0 6 0 0 0 0 0 0 5 5 3
0 0 0 0 0 0 0 0 0 0 0 0 0 0 0 0 1 0 0 0 0 0 0 17 0 0 1 0 0 0 0 0 20 25 0 19 15 0 0 4 0
0 0 0 0 17 0 0 14 0 0 3 0 0 0 0 0 0 0 0 0 0 0 0 16 0 0 0 0 0 0 0 0 0 2 0 0 2 0 0 0 0
0 0 0 0 6 0 0 0 0 0 0 0 0 0 0 0 0 0 0 0 0 0 0 20 0 0 0 0 0 0 0 0 17 22 0 17 13 0 0 0 0
0 0 0 0 4 0 0 0 0 0 0 0 0 0 0 0 0 0 0 0 0 0 0 19 0 0 0 0 0 0 0 0 17 24 0 17 15 0 0 1 0
1 0 0 0 0 0 0 0 0 0 0 0 0 0 0 0 6 0 0 0 0 0 0 14 0 0 0 0 3 2 0 1 22 24 0 20 15 0 1 10 0
0 0 0 0 14 0 0 11 0 0 2 0 0 0 0 0 0 0 0 0 0 0 0 14 0 0 0 0 0 0 0 0 0 4 0 2 2 0 0 0 0
0 0 0 0 17 0 0 10 0 0 2 0 0 0 0 0 0 0 0 0 0 0 0 19 0 0 0 0 0 0 0 0 1 7 0 3 4 0 0 0 0
0 0 0 0 13 0 0 3 0 0 0 0 0 0 0 0 0 0 0 0 0 0 0 21 0 0 0 0 0 0 0 0 7 13 0 8 7 0 0 0 0
13 0 0 0 0 0 1 0 0 0 0 0 0 0 0 0 22 1 1 0 2 0 0 0 0 12 0 0 14 4 0 12 5 2 0 7 5 0 6 26 2
7 0 0 0 0 0 1 0 0 0 0 0 0 0 0 0 18 1 1 0 0 0 0 4 0 0 0 0 10 4 0 8 19 18 0 18 12 0 4 21 1
0 0 0 0 21 5 0 29 0 0 8 0 0 0 0 0 0 0 0 0 0 0 1 8 0 0 0 0 0 0 0 0 0 0 0 0 0 0 0 0 0
0 0 0 0 0 0 0 0 0 0 0 0 0 0 0 0 4 0 0 0 0 0 0 16 0 0 0 0 1 2 0 0 22 24 0 20 15 0 0 7 0
0 0 0 0 6 0 0 0 0 0 0 0 0 0 0 0 0 0 0 0 0 0 0 21 0 0 0 0 0 0 0 0 16 23 0 17 13 0 0 0 0
0 0 0 0 0 0 0 0 0 0 0 0 0 0 0 0 4 0 0 0 0 0 0 17 0 0 0 0 1 2 0 0 22 25 0 21 15 0 0 7 0
0 0 0 0 1 0 0 0 0 0 0 0 0 0 0 0 2 0 0 0 0 0 0 20 0 0 0 0 1 0 0 0 20 25 0 19 15 0 0 4 0
0 0 0 0 2 0 0 0 0 0 0 0 0 0 0 0 3 0 0 0 0 0 0 21 0 0 0 0 1 0 0 0 19 24 0 19 14 0 0 4 0
9 0 0 0 0 4 0 0 0 0 0 0 0 0 0 0 13 0 0 0 1 0 0 0 0 11 0 0 8 2 0 7 0 0 0 0 0 0 5 14 2
0 0 0 0 4 0 0 0 0 0 0 0 0 0 0 0 0 0 0 0 0 0 0 19 0 0 0 0 0 0 0 0 17 24 0 17 15 0 0 1 0
3 0 0 0 0 0 0 0 0 0 0 0 0 0 0 0 10 0 0 0 0 0 0 12 0 0 0 0 5 2 0 3 15 18 0 16 12 0 0 11 0
0 0 0 0 10 30 0 57 0 0 14 0 0 0 0 0 0 0 0 0 0 0 0 0 0 32 1 0 0 0 0 1 0 0 0 0 0 0 3 0 2
1 0 0 0 8 28 0 50 0 0 12 0 0 0 0 0 0 0 0 0 0 0 0 0 0 30 0 0 0 0 0 3 0 0 0 0 0 0 2 0 2
0 0 0 0 3 0 0 0 0 0 0 0 0 0 0 0 0 0 0 0 0 0 0 18 0 0 1 0 0 0 0 0 19 24 0 18 15 0 0 2 0
0 0 0 0 3 0 0 0 0 0 0 0 0 0 0 0 1 0 0 0 0 0 0 21 0 0 0 0 0 0 0 0 19 24 0 19 14 0 0 2 0
0 0 0 0 11 8 0 23 0 0 5 0 0 0 0 0 0 0 0 0 0 0 0 0 0 8 0 0 0 0 0 0 0 0 0 0 0 0 0 0 0
10 0 0 0 0 26 0 29 0 0 4 0 0 0 0 0 4 0 0 0 2 0 0 0 0 34 0 0 4 2 0 7 0 0 0 0 0 0 7 2 4
0 0 0 0 3 0 0 0 0 0 0 0 0 0 0 0 0 0 0 0 0 0 0 21 0 0 0 0 0 0 0 0 18 25 0 19 15 0 0 2 0
0 0 0 0 0 0 0 0 0 0 0 0 0 0 0 0 0 0 0 0 0 0 0 15 0 0 1 0 0 0 0 0 20 24 0 18 15 0 0 4 0
0 0 0 0 0 0 0 0 0 0 0 0 0 0 0 0 2 0 0 0 0 0 0 17 0 0 0 0 0 1 0 0 21 25 0 20 15 0 0 5 0
0 0 0 0 1 0 0 0 0 0 0 0 0 0 0 0 0 0 0 0 0 0 0 16 0 0 0 0 0 0 0 0 20 25 0 19 15 0 0 4 0
10 0 0 0 0 0 1 0 0 0 0 0 0 0 0 0 21 1 1 0 1 0 0 0 0 3 0 0 12 4 0 10 16 14 0 16 10 0 5 25 2
0 0 0 0 6 0 0 0 0 0 0 0 0 0 0 0 0 0 0 0 0 0 0 23 0 0 0 0 0 0 0 0 16 22 0 17 13 0 0 0 0
0 0 0 0 10 0 0 3 0 0 0 0 0 0 0 0 0 0 0 0 0 0 0 18 0 0 0 0 0 0 0 0 7 11 0 8 7 0 0 0 0
1 0 0 0 0 0 0 0 0 0 0 0 0 0 0 0 5 0 0 0 0 0 0 11 0 0 0 0 3 1 0 1 9 12 0 10 7 0 1 5 0
0 0 0 0 21 12 0 40 0 0 12 0 0 0 0 0 0 0 0 0 0 0 0 0 0 8 0 0 0 0 0 0 0 0 0 0 0 0 0 0 0
1 0 0 0 0 0 0 0 0 0 0 0 0 0 0 0 6 0 0 0 0 0 0 14 0 0 0 0 2 2 0 0 24 25 0 21 15 0 1 10 0
12 0 0 0 0 44 0 56 0 0 9 0 0 0 0 0 0 0 0 0 3 0 0 0 0 54 0 0 1 2 1 9 0 0 0 0 0 0 10 0 6
0 0 0 0 20 14 0 41 0 0 12 0 0 0 0 0 0 0 0 0 0 0 0 0 0 10 0 0 0 0 0 0 0 0 0 0 0 0 0 0 0
0 0 0 0 3 0 0 0 0 0 0 0 0 0 0 0 0 0 0 0 0 0 0 19 0 0 0 0 0 0 0 0 18 24 0 18 14 0 0 2 0
0 0 0 0 4 0 0 0 0 0 0 0 0 0 0 0 2 0 0 0 0 0 0 17 0 0 0 0 0 0 0 0 12 15 0 12 9 0 0 1 0
0 0 0 0 1 0 0 0 0 0 0 0 0 0 0 0 0 0 0 0 0 0 0 16 0 0 0 0 0 0 0 0 19 24 0 18 15 0 0 3 0
4 0 0 0 0 0 0 0 0 0 0 0 0 0 0 0 7 0 0 0 0 0 0 3 0 3 0 0 4 1 0 4 3 4 0 5 4 0 1 7 0
0 0 0 0 21 1 0 21 0 0 5 0 0 0 0 0 0 0 0 0 0 0 0 14 0 0 0 0 0 0 0 0 0 0 0 0 0 0 0 0 0
6 0 0 0 0 0 1 0 0 0 0 0 0 0 0 0 15 1 0 0 0 0 0 8 0 0 0 0 8 3 0 6 17 17 0 17 11 0 2 17 0
22 0 0 0 0 54 0 52 0 0 5 1 0 0 0 0 8 0 0 0 7 0 0 0 0 72 0 0 9 5 2 17 0 0 0 0 0 0 16 7 8
0 0 0 0 0 0 0 0 0 0 0 0 0 0 0 0 3 0 0 0 0 0 0 18 0 0 0 0 1 1 0 0 21 25 0 20 15 0 0 6 0
0 0 0 0 1 0 0 0 0 0 0 0 0 0 0 0 2 0 0 0 0 0 0 19 0 0 0 0 0 0 0 0 20 25 0 19 15 0 0 4 0
4 0 0 0 0 0 0 0 0 0 0 0 0 0 0 0 9 0 0 0 0 0 0 7 0 0 0 0 5 2 0 3 8 9 0 9 6 0 1 8 0
0 0 0 0 1 0 0 0 0 0 0 0 0 0 0 0 0 0 0 0 0 0 0 15 0 0 1 0 0 0 0 0 20 24 0 18 15 0 0 4 0
0 0 0 0 0 0 0 0 0 0 0 0 0 0 0 0 4 0 0 0 0 0 0 17 0 0 0 0 1 1 0 0 21 25 0 20 15 0 0 6 0
2 0 0 0 0 0 0 0 0 0 0 0 0 0 0 0 9 0 0 0 0 0 0 14 0 0 0 0 4 3 0 3 22 24 0 21 15 0 1 12 0
0 0 0 0 15 9 0 29 0 0 8 0 0 0 0 0 0 0 0 0 0 0 0 0 0 7 0 0 0 0 0 0 0 0 0 0 0 0 0 0 0
13 0 0 0 0 24 0 20 0 0 0 0 0 0 0 0 8 0 0 0 3 0 0 0 0 34 0 0 7 2 0 10 0 0 0 0 0 0 8 9 4
9 0 0 0 0 36 0 50 0 0 9 0 0 0 0 0 0 0 0 0 2 0 0 0 0 43 0 0 0 1 0 7 0 0 0 0 0 0 7 0 5
9 0 0 0 0 9 0 2 0 0 0 0 0 0 0 0 10 0 0 0 2 0 0 0 0 16 0 0 8 2 0 7 0 0 0 0 0 0 5 12 3
0 0 0 0 4 0 0 0 0 0 0 0 0 0 0 0 0 0 0 0 0 0 0 21 0 0 0 0 0 0 0 0 18 24 0 18 14 0 0 1 0
0 0 0 0 4 0 0 0 0 0 0 0 0 0 0 0 0 0 0 0 0 0 0 19 0 0 0 0 0 0 0 0 17 22 0 17 14 0 0 1 0
0 0 0 0 3 0 0 0 0 0 0 0 0 0 0 0 1 0 0 0 0 0 0 20 0 0 0 0 0 0 0 0 17 24 0 18 15 0 0 2 0
6 0 0 0 0 0 1 0 0 0 0 0 0 0 0 0 16 0 1 0 0 0 0 6 0 0 0 0 9 4 0 7 21 19 0 19 12 0 5 19 1
0 0 0 0 3 0 0 0 0 0 0 0 0 0 0 0 1 0 0 0 0 0 0 20 0 0 0 0 0 0 0 0 18 23 0 18 14 0 0 2 0
0 0 0 0 4 0 0 0 0 0 0 0 0 0 0 0 0 0 0 0 0 0 0 20 0 0 0 0 0 0 0 0 18 24 0 18 15 0 0 1 0
0 0 0 0 18 1 0 19 0 0 5 0 0 0 0 0 0 0 0 0 0 0 0 13 0 0 0 0 0 0 0 0 0 0 0 0 0 0 0 0 0
0 0 0 0 6 0 0 0 0 0 0 0 0 0 0 0 0 0 0 0 0 0 0 21 0 0 0 0 0 0 0 0 17 23 0 17 14 0 0 0 0
0 0 0 0 1 0 0 0 0 0 0 0 0 0 0 0 1 0 0 0 0 0 0 18 0 0 0 0 0 0 0 0 20 24 0 19 15 0 0 4 0
0 0 0 0 0 0 0 0 0 0 0 0 0 0 0 0 5 0 0 0 0 0 0 20 0 0 0 0 2 1 0 0 20 24 0 20 14 0 0 6 0
0 0 0 0 18 0 0 13 0 0 2 0 0 0 0 0 0 0 0 0 0 0 0 19 0 0 0 0 0 0 0 0 0 5 0 2 4 0 0 0 0
0 0 0 0 10 0 0 0 0 0 0 0 0 0 0 0 0 0 0 0 0 0 0 21 0 0 0 0 0 0 0 0 11 17 0 12 10 0 0 0 0
0 0 0 0 0 0 0 0 0 0 0 0 0 0 0 0 3 0 0 0 0 0 0 19 0 0 0 0 1 1 0 0 20 25 0 20 15 0 0 5 0
0 0 0 0 12 0 0 1 0 0 0 0 0 0 0 0 0 0 0 0 0 0 0 21 0 0 0 0 0 0 0 0 8 15 0 10 9 0 0 0 0
7 0 0 0 0 10 0 8 0 0 0 0 0 0 0 0 6 0 0 0 1 0 0 0 0 15 0 0 5 1 0 6 0 0 0 0 0 0 4 6 2
0 0 0 0 1 0 0 0 0 0 0 0 0 0 0 0 1 0 0 0 0 0 0 19 0 0 0 0 0 1 0 0 21 25 0 20 15 0 0 4 0
0 0 0 0 0 0 0 0 0 0 0 0 0 0 0 0 0 0 0 0 0 0 0 15 0 0 1 0 0 0 0 0 21 26 0 19 16 0 0 5 0
0 0 0 0 1 0 0 0 0 0 0 0 0 0 0 0 3 0 0 0 0 0 0 19 0 0 0 0 1 1 0 0 18 22 0 18 14 0 0 4 0
7 0 0 0 0 22 0 28 0 0 4 0 0 0 0 0 1 0 0 0 1 0 0 0 0 27 0 0 1 2 0 5 0 0 0 0 0 0 5 0 4
0 0 0 0 18 0 0 13 0 0 3 0 0 0 0 0 0 0 0 0 0 0 0 18 0 0 0 0 0 0 0 0 0 5 0 2 3 0 0 0 0
0 0 0 0 1 0 0 0 0 0 0 0 0 0 0 0 3 0 0 0 0 0 0 20 0 0 0 0 1 1 0 0 19 24 0 19 14 0 0 4 0
0 0 0 0 1 0 0 0 0 0 0 0 0 0 0 0 1 0 0 0 0 0 0 17 0 0 0 0 0 0 0 0 20 24 0 18 15 0 0 4 0
0 0 0 0 2 0 0 0 0 0 0 0 0 0 0 0 3 0 0 0 0 0 0 18 0 0 0 0 2 0 0 0 14 19 0 15 12 0 0 3 0
0 0 0 0 17 0 0 7 0 0 0 0 0 0 0 0 0 0 0 0 0 0 0 22 0 0 0 0 0 0 0 0 4 12 0 7 7 0 0 0 0
12 0 0 0 0 0 0 0 0 0 0 0 0 0 0 0 21 1 1 0 1 0 0 0 0 10 0 0 13 4 0 11 6 3 0 7 5 0 5 24 2
0 0 0 0 18 0 0 11 0 0 2 0 0 0 0 0 0 0 0 0 0 0 0 21 0 0 0 0 0 0 0 0 1 8 0 4 4 0 0 0 0
0 0 0 0 2 0 0 0 0 0 0 0 0 0 0 0 0 0 0 0 0 0 0 19 0 0 0 0 0 0 0 0 19 25 0 19 15 0 0 2 0
0 0 0 0 5 0 0 0 0 0 0 0 0 0 0 0 0 0 0 0 0 0 0 22 0 0 0 0 0 0 0 0 18 24 0 18 14 0 0 0 0
0 0 0 0 3 0 0 0 0 0 0 0 0 0 0 0 0 0 0 0 0 0 0 16 0 0 0 0 0 0 0 0 18 23 0 17 14 0 0 2 0
0 0 0 0 17 2 0 21 0 0 5 0 0 0 0 0 0 0 0 0 0 0 0 10 0 0 0 0 0 0 0 0 0 0 0 0 0 0 0 0 0
2 0 0 0 0 0 1 0 0 0 0 0 0 0 0 0 9 0 0 0 0 0 0 19 0 0 0 0 4 2 0 1 21 23 0 20 13 0 0 9 0
0 0 0 0 4 0 0 0 0 0 0 0 0 0 0 0 0 0 0 0 0 0 0 20 0 0 0 0 0 0 0 0 18 24 0 18 14 0 0 0 0
0 0 0 0 10 0 0 0 0 0 0 0 0 0 0 0 0 0 0 0 0 0 0 23 0 0 0 0 0 0 0 0 11 19 0 13 11 0 0 0 0
0 0 0 0 18 0 0 12 0 0 2 0 0 0 0 0 0 0 0 0 0 0 0 20 0 0 0 0 0 0 0 0 0 6 0 2 4 0 0 0 0
0 0 0 0 1 0 0 0 0 0 0 0 0 0 0 0 2 0 0 0 0 0 0 19 0 0 0 0 1 1 0 0 19 24 0 19 15 0 0 4 0
0 0 0 0 0 0 0 0 0 0 0 0 0 0 0 0 0 0 0 0 0 0 0 16 0 0 1 0 0 0 0 0 21 25 0 19 15 0 0 4 0
0 0 0 0 0 0 0 0 0 0 0 0 0 0 0 0 2 0 0 0 0 0 0 19 0 0 0 0 0 1 0 0 22 26 0 20 15 0 0 4 0
2 0 1 0 0 0 1 0 0 0 0 0 0 0 0 0 9 0 0 0 0 0 0 16 0 0 0 0 3 3 0 1 23 23 0 21 13 0 2 11 0
6 0 0 0 0 0 1 0 0 0 0 0 0 0 0 0 14 0 0 0 0 0 0 7 0 0 0 0 8 3 0 6 17 17 0 17 12 0 3 17 1
0 0 0 0 0 0 0 0 0 0 0 0 0 0 0 0 1 0 0 0 0 0 0 18 0 0 0 0 1 0 0 0 21 26 0 20 16 0 0 4 0
3 0 0 0 0 0 0 0 0 0 0 0 0 0 0 0 10 0 0 0 0 0 0 15 0 0 0 0 5 3 0 3 19 22 0 19 13 0 1 12 0
7 0 0 0 0 35 0 51 0 0 10 0 0 0 0 0 0 0 0 0 1 0 0 0 0 42 0 0 0 0 0 6 0 0 0 0 0 0 7 0 4
0 0 0 0 17 0 0 15 0 0 3 0 0 0 0 0 0 0 0 0 0 0 0 15 0 0 0 0 0 0 0 0 0 2 0 0 1 0 0 0 0
0 0 0 0 2 0 0 0 0 0 0 0 0 0 0 0 0 0 0 0 0 0 0 19 0 0 0 0 0 0 0 0 19 25 0 19 15 0 0 3 0
14 0 0 0 0 35 0 35 0 0 4 0 0 0 0 0 6 0 0 0 4 0 0 0 0 46 0 0 5 3 0 10 0 0 0 0 0 0 10 4 5
0 0 0 0 0 0 0 0 0 0 0 0 0 0 0 0 5 0 0 0 0 0 0 17 0 0 0 0 2 1 0 0 23 26 0 21 16 0 0 8 0
13 0 0 0 0 0 1 0 0 0 0 0 0 0 0 0 22 1 1 0 2 0 0 0 0 11 0 0 14 4 0 12 6 3 0 7 5 0 6 26 2
0 0 0 0 2 0 0 0 0 0 0 0 0 0 0 0 1 0 0 0 0 0 0 20 0 0 0 0 0 0 0 0 19 25 0 19 15 0 0 3 0
0 0 0 0 0 0 0 0 0 0 0 0 0 0 0 0 4 0 0 0 0 0 0 16 0 0 1 0 1 1 0 0 24 26 0 21 16 0 0 8 0
0 0 0 0 0 0 0 0 0 0 0 0 0 0 0 0 4 0 0 0 0 0 0 17 0 0 0 0 1 1 0 0 20 24 0 20 14 0 0 6 0
5 0 0 0 0 0 1 0 0 0 0 0 0 0 0 0 13 0 0 0 0 0 0 10 0 0 0 0 7 3 0 4 18 18 0 17 12 0 3 15 0
0 0 0 0 10 14 0 32 0 0 8 0 0 0 0 0 0 0 0 0 0 0 0 0 0 15 0 0 0 0 0 0 0 0 0 0 0 0 0 0 0
0 0 0 0 18 9 0 32 0 0 9 0 0 0 0 0 0 0 0 0 0 0 0 0 0 6 0 0 0 0 0 0 0 0 0 0 0 0 0 0 0
0 0 0 0 4 0 0 0 0 0 0 0 0 0 0 0 0 0 0 0 0 0 0 21 0 0 0 0 0 0 0 0 18 23 0 18 13 0 0 1 0
0 0 0 0 1 0 0 0 0 0 0 0 0 0 0 0 1 0 0 0 0 0 0 19 0 0 0 0 0 0 0 0 20 25 0 19 15 0 0 4 0
2 0 1 0 0 0 0 0 0 0 0 0 0 0 0 0 8 0 0 0 0 0 0 17 0 0 0 0 4 2 0 2 21 24 0 20 15 0 0 10 0
0 0 0 0 3 0 0 0 0 0 0 0 0 0 0 0 1 0 0 0 0 0 0 21 0 0 0 0 0 0 0 0 18 25 0 19 14 0 0 2 0
0 0 0 0 6 0 0 0 0 0 0 0 0 0 0 0 0 0 0 0 0 0 0 21 0 0 0 0 0 0 0 0 15 23 0 17 14 0 0 0 0
0 0 0 0 16 10 0 31 0 0 9 0 0 0 0 0 0 0 0 0 0 0 0 0 0 8 0 0 0 0 0 0 0 0 0 0 0 0 0 0 0
0 0 0 0 8 0 0 0 0 0 0 0 0 0 0 1 0 1 0 0 0 0 0 25 0 0 0 0 0 0 0 0 14 21 0 16 12 0 0 0 0
0 0 0 0 0 0 0 0 0 0 0 0 0 0 0 0 1 0 0 0 0 0 0 15 0 0 1 0 0 1 0 0 23 26 0 20 15 0 0 6 0
0 0 0 0 1 0 0 0 0 0 0 0 0 0 0 0 0 0 0 0 0 0 0 17 0 0 0 0 0 0 0 0 20 25 0 19 15 0 0 4 0
