0 0 0 14 0 0 0 0 0 0 0 0 0 0 0 0 0 0 0 0 0 0 0 16 0 0 0 42 4 0 0 10 0 0 0 0 0 0 0 0 34
0 0 9 0 0 0 0 0 0 0 0 0 0 0 0 0 0 0 0 0 0 0 5 0 0 0 0 0 0 0 0 22 0 0 42 31 0 3 0 32 0
3 0 0 12 0 0 0 0 0 0 0 5 0 0 0 0 0 0 0 0 0 0 0 42 0 0 0 68 5 0 0 0 0 0 0 0 0 0 4 0 56
0 0 6 15 0 0 0 0 0 0 0 0 0 0 0 0 0 0 0 0 0 0 4 1 0 2 0 10 2 0 0 22 0 0 7 24 0 0 0 22 9
0 0 6 16 0 0 0 0 0 0 0 0 0 0 0 0 0 0 0 0 0 0 4 3 0 2 0 9 1 0 0 20 0 0 6 22 0 0 0 21 8
0 0 8 9 0 0 0 0 0 0 0 0 0 0 0 0 0 0 0 0 0 0 5 0 0 0 0 0 0 0 0 21 0 0 29 24 0 1 0 27 0
0 0 8 8 0 0 0 0 0 0 0 0 0 0 0 0 0 0 0 0 0 0 6 0 0 1 0 0 0 0 0 22 0 0 31 27 0 2 0 29 0
1 0 0 13 0 0 0 0 0 0 0 1 0 0 0 0 0 0 0 0 0 0 0 25 0 0 0 48 4 0 0 0 0 0 0 0 0 0 0 0 38
0 0 8 1 0 0 0 0 0 0 0 0 0 0 0 0 0 0 0 0 0 0 5 0 0 0 0 0 0 0 0 20 0 0 35 25 0 2 0 29 0
0 0 5 14 0 0 0 0 0 0 0 0 0 0 0 0 0 0 0 0 0 0 3 2 0 2 0 15 2 0 0 22 0 0 2 23 0 0 0 19 13
3 0 0 15 0 0 0 0 0 0 0 3 0 0 0 0 0 0 0 0 0 0 0 40 0 0 0 66 5 0 0 0 0 0 0 0 0 0 4 0 55
0 0 8 0 0 0 0 0 0 0 0 0 0 0 0 0 0 0 0 0 0 0 6 0 0 0 0 0 0 0 0 22 0 0 38 27 0 3 0 31 0
0 0 0 14 0 0 0 0 0 0 0 0 0 0 0 0 0 0 0 0 0 0 0 20 0 0 0 43 4 0 0 6 0 0 0 0 0 0 0 0 34
0 0 7 14 0 0 0 0 0 0 0 0 0 0 0 0 0 0 0 0 0 0 5 0 0 2 0 4 1 0 0 23 0 0 13 25 0 0 0 25 3
3 0 0 13 0 0 0 0 0 0 0 5 0 0 0 0 0 0 0 0 0 0 0 47 0 0 0 74 5 0 0 0 0 0 0 0 0 0 5 0 61
0 0 9 0 0 0 0 0 0 0 0 0 0 0 0 0 0 0 0 0 0 0 5 0 0 0 0 0 0 0 0 21 0 0 45 32 0 3 0 32 0
3 0 0 13 0 0 0 0 0 0 0 4 0 0 0 0 0 0 0 0 0 0 0 42 0 0 0 67 5 0 0 0 0 0 0 0 0 0 4 0 55
0 0 8 5 0 0 0 0 0 0 0 0 0 0 0 0 0 0 0 0 0 0 6 0 0 0 0 0 0 0 0 22 0 0 33 25 0 2 0 29 0
1 0 0 14 0 0 0 0 0 0 0 0 0 0 0 0 0 0 0 0 0 0 0 25 0 0 0 49 4 0 0 0 0 0 0 0 0 0 0 0 39
0 0 7 14 0 0 0 0 0 0 0 0 0 0 0 0 0 0 0 0 0 0 4 0 0 2 0 5 1 0 0 23 0 0 12 26 0 0 0 25 5
1 0 0 13 0 0 0 0 0 0 0 1 0 0 0 0 0 0 0 0 0 0 0 23 0 0 0 46 4 0 0 1 0 0 0 0 0 0 0 0 36
3 0 0 15 0 0 0 0 0 0 0 2 0 0 0 0 0 0 0 0 0 0 0 36 0 0 0 60 5 0 0 0 0 0 0 0 0 0 2 0 48
0 0 10 0 0 0 0 0 0 0 0 0 0 0 0 0 0 0 0 0 0 0 5 0 0 0 0 0 0 0 0 23 0 0 52 40 0 3 0 36 0
0 0 9 0 0 0 0 0 0 0 0 0 0 0 0 0 0 0 0 0 0 0 6 0 0 0 0 0 0 0 0 23 0 0 42 31 0 3 0 33 0
0 0 6 14 0 0 0 0 0 0 0 0 0 0 0 0 0 0 0 0 0 0 3 0 0 2 0 11 1 0 0 22 0 0 9 24 0 0 0 22 9
1 0 9 0 0 0 0 0 0 0 0 0 0 0 0 0 0 0 0 0 0 0 5 0 0 0 0 0 0 0 0 23 0 0 47 35 0 3 0 34 0
0 0 8 2 0 0 0 0 0 0 0 0 0 0 0 0 0 0 0 0 0 0 6 0 0 0 0 0 0 0 0 23 0 0 36 26 0 2 0 30 0
0 0 5 14 0 0 0 0 0 0 0 0 0 0 0 0 0 0 0 0 0 0 3 2 0 2 0 13 2 0 0 21 0 0 5 22 0 0 0 20 11
0 0 10 0 0 0 0 0 0 0 0 0 0 0 0 0 0 0 0 0 0 0 6 0 0 0 0 0 0 0 0 24 0 0 41 31 0 3 0 33 0
0 0 8 13 0 0 0 0 0 0 0 0 0 0 0 0 0 0 0 0 0 0 5 0 0 1 0 0 0 0 0 21 0 0 22 25 0 0 0 27 0
0 0 8 3 0 0 0 0 0 0 0 0 0 0 0 0 0 0 0 0 0 0 6 0 0 0 0 0 0 0 0 23 0 0 35 27 0 2 0 30 0
0 0 6 16 0 0 0 0 0 0 0 0 0 0 0 0 0 0 0 0 0 0 3 1 0 2 0 11 2 0 0 23 0 0 8 24 0 0 0 22 9
0 0 1 13 0 0 0 0 0 0 0 0 0 0 0 0 0 0 0 0 0 0 0 11 0 1 0 33 3 0 0 16 0 0 0 8 0 0 0 3 28
0 0 9 0 0 0 0 0 0 0 0 0 0 0 0 0 0 0 0 0 0 0 5 0 0 0 0 0 0 0 0 23 0 0 47 36 0 3 0 35 0
0 0 9 0 0 0 0 0 0 0 0 0 0 0 0 0 0 0 0 0 0 0 6 0 0 0 0 0 0 0 0 23 0 0 39 29 0 2 0 31 0
0 0 7 13 0 0 0 0 0 0 0 0 0 0 0 0 0 0 0 0 0 0 5 0 0 2 0 2 0 0 0 23 0 0 17 26 0 0 0 26 3
0 0 6 15 0 0 0 0 0 0 0 0 0 0 0 0 0 0 0 0 0 0 4 1 0 2 0 7 1 0 0 22 0 0 10 24 0 0 0 23 6
0 0 9 0 0 0 0 0 0 0 0 0 0 0 0 0 0 0 0 0 0 0 5 0 0 0 0 0 0 0 0 21 0 0 43 29 0 3 0 32 0
0 0 3 14 0 0 0 0 0 0 0 0 0 0 0 0 0 0 0 0 0 0 2 5 0 2 0 23 3 0 0 20 0 0 0 19 0 0 0 14 19
0 0 4 13 0 0 0 0 0 0 0 0 0 0 0 0 0 0 0 0 0 0 2 5 0 2 0 24 3 0 0 22 0 0 0 20 0 0 0 14 20
0 0 8 6 0 0 0 0 0 0 0 0 0 0 0 0 0 0 0 0 0 0 6 0 0 0 0 0 0 0 0 21 0 0 32 26 0 1 0 28 0
0 0 1 14 0 0 0 0 0 0 0 0 0 0 0 0 0 0 0 0 0 0 0 11 0 1 0 35 4 0 0 18 0 0 0 11 0 0 0 4 29
0 0 5 15 0 0 0 0 0 0 0 0 0 0 0 0 0 0 0 0 0 0 3 3 0 2 0 14 1 0 0 20 0 0 3 21 0 0 0 18 11
0 0 8 14 0 0 0 0 0 0 0 0 0 0 0 0 0 0 0 0 0 0 5 0 0 2 0 0 0 0 0 20 0 0 17 23 0 0 0 25 0
0 0 2 13 0 0 0 0 0 0 0 0 0 0 0 0 0 0 0 0 0 0 0 9 0 1 0 31 4 0 0 18 0 0 0 12 0 0 0 6 26
0 0 7 13 0 0 0 0 0 0 0 0 0 0 0 0 0 0 0 0 0 0 5 0 0 2 0 1 0 0 0 22 0 0 16 25 0 0 0 25 1
0 0 10 0 0 0 0 0 0 0 0 0 0 0 0 0 0 0 0 0 0 0 6 0 0 0 0 0 0 0 0 23 0 0 43 32 0 3 0 33 0
0 0 7 3 0 0 0 0 0 0 0 0 0 0 0 0 0 0 0 0 0 0 5 0 0 0 0 0 0 0 0 21 0 0 33 25 0 2 0 28 0
0 0 9 0 0 0 0 0 0 0 0 0 0 0 0 0 0 0 0 0 0 0 6 0 0 0 0 0 0 0 0 23 0 0 40 29 0 3 0 32 0
0 0 8 12 0 0 0 0 0 0 0 0 0 0 0 0 0 0 0 0 0 0 6 0 0 1 0 0 0 0 0 21 0 0 24 25 0 1 0 27 0
0 0 7 10 0 0 0 0 0 0 0 0 0 0 0 0 0 0 0 0 0 0 5 0 0 1 0 0 0 0 0 21 0 0 27 24 0 1 0 27 0
0 0 8 9 0 0 0 0 0 0 0 0 0 0 0 0 0 0 0 0 0 0 5 0 0 0 0 0 0 0 0 22 0 0 28 25 0 1 0 28 0
0 0 2 13 0 0 0 0 0 0 0 0 0 0 0 0 0 0 0 0 0 0 0 7 0 1 0 28 3 0 0 19 0 0 0 16 0 0 0 10 23
0 0 4 14 0 0 0 0 0 0 0 0 0 0 0 0 0 0 0 0 0 0 2 5 0 1 0 17 2 0 0 21 0 0 0 19 0 0 0 14 13
0 0 9 0 0 0 0 0 0 0 0 0 0 0 0 0 0 0 0 0 0 0 5 0 0 0 0 0 0 0 0 23 0 0 49 38 0 3 0 35 0
0 0 9 0 0 0 0 0 0 0 0 0 0 0 0 0 0 0 0 0 0 0 5 0 0 0 0 0 0 0 0 22 0 0 44 32 0 3 0 32 0
0 0 10 0 0 0 0 0 0 0 0 0 0 0 0 0 0 0 0 0 0 0 6 0 0 0 0 0 0 0 0 24 0 0 48 37 0 3 0 36 0
0 0 4 14 0 0 0 0 0 0 0 0 0 0 0 0 0 0 0 0 0 0 2 4 0 2 0 20 2 0 0 21 0 0 0 19 0 0 0 15 17
0 0 8 8 0 0 0 0 0 0 0 0 0 0 0 0 0 0 0 0 0 0 6 0 0 1 0 0 0 0 0 21 0 0 30 26 0 1 0 28 0
0 0 8 4 0 0 0 0 0 0 0 0 0 0 0 0 0 0 0 0 0 0 6 0 0 0 0 0 0 0 0 22 0 0 33 25 0 2 0 29 0
0 0 8 8 0 0 0 0 0 0 0 0 0 0 0 0 0 0 0 0 0 0 6 0 0 1 0 0 0 0 0 21 0 0 30 24 0 2 0 28 0
0 0 7 15 0 0 0 0 0 0 0 0 0 0 0 0 0 0 0 0 0 0 4 0 0 2 0 5 1 0 0 22 0 0 12 25 0 0 0 24 5
0 0 7 13 0 0 0 0 0 0 0 0 0 0 0 0 0 0 0 0 0 0 5 0 0 2 0 4 1 0 0 24 0 0 14 27 0 0 0 25 4
1 0 0 15 0 0 0 0 0 0 0 0 0 0 0 0 0 0 0 0 0 0 0 22 0 0 0 46 4 0 0 4 0 0 0 0 0 0 0 0 37
2 0 0 14 0 0 0 0 0 0 0 1 0 0 0 0 0 0 0 0 0 0 0 28 0 0 0 52 5 0 0 0 0 0 0 0 0 0 1 0 42
2 0 0 15 0 0 0 0 0 0 0 1 0 0 0 0 0 0 0 0 0 0 0 29 0 0 0 54 4 0 0 0 0 0 0 0 0 0 1 0 43
0 0 2 13 0 0 0 0 0 0 0 0 0 0 0 0 0 0 0 0 0 0 0 8 0 1 0 29 3 0 0 19 0 0 0 14 0 0 0 8 24
0 0 8 9 0 0 0 0 0 0 0 0 0 0 0 0 0 0 0 0 0 0 5 0 0 0 0 0 0 0 0 21 0 0 28 24 0 1 0 27 0
0 0 7 9 0 0 0 0 0 0 0 0 0 0 0 0 0 0 0 0 0 0 5 0 0 0 0 0 0 0 0 21 0 0 28 25 0 1 0 27 0
0 0 8 12 0 0 0 0 0 0 0 0 0 0 0 0 0 0 0 0 0 0 5 0 0 1 0 0 0 0 0 24 0 0 19 25 0 1 0 26 0
0 0 3 14 0 0 0 0 0 0 0 0 0 0 0 0 0 0 0 0 0 0 1 6 0 2 0 23 2 0 0 19 0 0 0 18 0 0 0 13 20
0 0 9 0 0 0 0 0 0 0 0 0 0 0 0 0 0 0 0 0 0 0 6 0 0 0 0 0 0 0 0 22 0 0 39 29 0 2 0 31 0
0 0 6 13 0 0 0 0 0 0 0 0 0 0 0 0 0 0 0 0 0 0 4 0 0 1 0 4 1 0 0 22 0 0 16 23 0 0 0 23 4
1 0 0 14 0 0 0 0 0 0 0 1 0 0 0 0 0 0 0 0 0 0 0 23 0 0 0 46 4 0 0 0 0 0 0 0 0 0 0 0 36
0 0 0 14 0 0 0 0 0 0 0 0 0 0 0 0 0 0 0 0 0 0 0 15 0 0 0 38 4 0 0 14 0 0 0 0 0 0 0 0 30
0 0 5 14 0 0 0 0 0 0 0 0 0 0 0 0 0 0 0 0 0 0 2 3 0 1 0 16 2 0 0 20 0 0 2 19 0 0 0 17 13
0 0 8 0 0 0 0 0 0 0 0 0 0 0 0 0 0 0 0 0 0 0 5 0 0 0 0 0 0 0 0 21 0 0 36 26 0 2 0 29 0
0 0 8 9 0 0 0 0 0 0 0 0 0 0 0 0 0 0 0 0 0 0 6 0 0 1 0 0 0 0 0 21 0 0 28 25 0 1 0 28 0
0 0 3 14 0 0 0 0 0 0 0 0 0 0 0 0 0 0 0 0 0 0 1 7 0 1 0 26 3 0 0 21 0 0 0 17 0 0 0 11 22
0 0 9 0 0 0 0 0 0 0 0 0 0 0 0 0 0 0 0 0 0 0 6 0 0 0 0 0 0 0 0 22 0 0 41 30 0 3 0 32 0
0 0 4 15 0 0 0 0 0 0 0 0 0 0 0 0 0 0 0 0 0 0 2 5 0 2 0 19 2 0 0 21 0 0 0 21 0 0 0 15 16
0 0 7 13 0 0 0 0 0 0 0 0 0 0 0 0 0 0 0 0 0 0 5 0 0 1 0 0 0 0 0 22 0 0 23 24 0 0 0 27 0
0 0 9 0 0 0 0 0 0 0 0 0 0 0 0 0 0 0 0 0 0 0 6 0 0 0 0 0 0 0 0 21 0 0 43 30 0 3 0 32 0
0 0 9 0 0 0 0 0 0 0 0 0 0 0 0 0 0 0 0 0 0 0 5 0 0 0 0 0 0 0 0 23 0 0 47 36 0 3 0 34 0
0 0 3 14 0 0 0 0 0 0 0 0 0 0 0 0 0 0 0 0 0 0 1 6 0 2 0 24 3 0 0 20 0 0 0 17 0 0 0 12 20
0 0 3 14 0 0 0 0 0 0 0 0 0 0 0 0 0 0 0 0 0 0 1 7 0 1 0 26 3 0 0 19 0 0 0 14 0 0 0 9 22
0 0 9 0 0 0 0 0 0 0 0 0 0 0 0 0 0 0 0 0 0 0 5 0 0 0 0 0 0 0 0 22 0 0 44 34 0 3 0 32 0
0 0 8 7 0 0 0 0 0 0 0 0 0 0 0 0 0 0 0 0 0 0 6 0 0 1 0 0 0 0 0 22 0 0 30 26 0 2 0 28 0
0 0 8 11 0 0 0 0 0 0 0 0 0 0 0 0 0 0 0 0 0 0 6 0 0 1 0 0 0 0 0 22 0 0 25 24 0 1 0 27 0
0 0 0 15 0 0 0 0 0 0 0 0 0 0 0 0 0 0 0 0 0 0 0 19 0 0 0 43 4 0 0 8 0 0 0 0 0 0 0 0 36
3 0 0 15 0 0 0 0 0 0 0 2 0 0 0 0 0 0 0 0 0 0 0 37 0 0 0 62 5 0 0 0 0 0 0 0 0 0 2 0 50
0 0 9 1 0 0 0 0 0 0 0 0 0 0 0 0 0 0 0 0 0 0 6 0 0 0 0 0 0 0 0 23 0 0 35 28 0 2 0 30 0
0 0 8 11 0 0 0 0 0 0 0 0 0 0 0 0 0 0 0 0 0 0 6 0 0 1 0 0 0 0 0 20 0 0 27 25 0 1 0 27 0
0 0 8 12 0 0 0 0 0 0 0 0 0 0 0 0 0 0 0 0 0 0 6 0 0 1 0 0 0 0 0 22 0 0 25 26 0 1 0 28 0
2 0 0 14 0 0 0 0 0 0 0 1 0 0 0 0 0 0 0 0 0 0 0 28 0 0 0 52 5 0 0 0 0 0 0 0 0 0 1 0 42
0 0 9 0 0 0 0 0 0 0 0 0 0 0 0 0 0 0 0 0 0 0 6 0 0 0 0 0 0 0 0 23 0 0 40 30 0 3 0 32 0
2 0 9 0 0 0 0 0 0 0 0 0 0 0 0 0 0 0 0 0 0 0 4 0 0 0 0 0 0 0 0 22 0 0 55 43 0 3 0 36 0
0 0 3 14 0 0 0 0 0 0 0 0 0 0 0 0 0 0 0 0 0 0 1 5 0 2 0 25 3 0 0 21 0 0 0 20 0 0 0 14 22
0 0 9 0 0 0 0 0 0 0 0 0 0 0 0 0 0 0 0 0 0 0 5 0 0 0 0 0 0 0 0 22 0 0 38 28 0 3 0 30 0
0 0 8 5 0 0 0 0 0 0 0 0 0 0 0 0 0 0 0 0 0 0 6 0 0 0 0 0 0 0 0 21 0 0 33 25 0 1 0 28 0
0 0 6 14 0 0 0 0 0 0 0 0 0 0 0 0 0 0 0 0 0 0 3 1 0 2 0 13 2 0 0 23 0 0 5 24 0 0 0 21 11
0 0 10 0 0 0 0 0 0 0 0 0 0 0 0 0 0 0 0 0 0 0 5 0 0 0 0 0 0 0 0 24 0 0 52 41 0 3 0 37 0
0 0 8 10 0 0 0 0 0 0 0 0 0 0 0 0 0 0 0 0 0 0 6 0 0 1 0 0 0 0 0 22 0 0 27 29 0 0 0 29 0
1 0 0 15 0 0 0 0 0 0 0 0 0 0 0 0 0 0 0 0 0 0 0 26 0 0 0 50 4 0 0 0 0 0 0 0 0 0 0 0 40
0 0 2 14 0 0 0 0 0 0 0 0 0 0 0 0 0 0 0 0 0 0 1 8 0 1 0 28 3 0 0 18 0 0 0 14 0 0 0 8 23
0 0 9 0 0 0 0 0 0 0 0 0 0 0 0 0 0 0 0 0 0 0 5 0 0 0 0 0 0 0 0 21 0 0 43 32 0 3 0 32 0
0 0 0 14 0 0 0 0 0 0 0 0 0 0 0 0 0 0 0 0 0 0 0 14 0 0 0 36 3 0 0 14 0 0 0 3 0 0 0 0 29
0 0 0 14 0 0 0 0 0 0 0 0 0 0 0 0 0 0 0 0 0 0 0 15 0 0 0 39 4 0 0 12 0 0 0 0 0 0 0 0 31
0 0 6 14 0 0 0 0 0 0 0 0 0 0 0 0 0 0 0 0 0 0 4 0 0 2 0 8 1 0 0 23 0 0 11 25 0 0 0 23 7
0 0 5 15 0 0 0 0 0 0 0 0 0 0 0 0 0 0 0 0 0 0 2 4 0 2 0 16 2 0 0 21 0 0 1 21 0 0 0 17 13
0 0 9 0 0 0 0 0 0 0 0 0 0 0 0 0 0 0 0 0 0 0 5 0 0 0 0 0 0 0 0 22 0 0 42 31 0 3 0 32 0
2 0 0 14 0 0 0 0 0 0 0 2 0 0 0 0 0 0 0 0 0 0 0 32 0 0 0 56 5 0 0 0 0 0 0 0 0 0 2 0 45
0 0 5 15 0 0 0 0 0 0 0 0 0 0 0 0 0 0 0 0 0 0 3 2 0 2 0 14 2 0 0 21 0 0 3 24 0 0 0 20 12
0 0 8 13 0 0 0 0 0 0 0 0 0 0 0 0 0 0 0 0 0 0 5 0 0 2 0 0 0 0 0 22 0 0 20 26 0 0 0 27 0
0 0 7 14 0 0 0 0 0 0 0 0 0 0 0 0 0 0 0 0 0 0 5 0 0 2 0 0 0 0 0 22 0 0 17 26 0 0 0 25 0
0 0 4 14 0 0 0 0 0 0 0 0 0 0 0 0 0 0 0 0 0 0 2 4 0 1 0 18 2 0 0 23 0 0 0 20 0 0 0 16 15
2 0 0 14 0 0 0 0 0 0 0 1 0 0 0 0 0 0 0 0 0 0 0 28 0 0 0 52 4 0 0 0 0 0 0 0 0 0 1 0 41
0 0 0 14 0 0 0 0 0 0 0 0 0 0 0 0 0 0 0 0 0 0 0 15 0 0 0 39 4 0 0 13 0 0 0 0 0 0 0 0 31
2 0 0 15 0 0 0 0 0 0 0 1 0 0 0 0 0 0 0 0 0 0 0 31 0 0 0 56 5 0 0 0 0 0 0 0 0 0 1 0 45
3 0 0 14 0 0 0 0 0 0 0 3 0 0 0 0 0 0 0 0 0 0 0 39 0 0 0 64 5 0 0 0 0 0 0 0 0 0 3 0 52
0 0 4 14 0 0 0 0 0 0 0 0 0 0 0 0 0 0 0 0 0 0 2 5 0 1 0 20 2 0 0 22 0 0 0 20 0 0 0 15 17
0 0 10 0 0 0 0 0 0 0 0 0 0 0 0 0 0 0 0 0 0 0 6 0 0 0 0 0 0 0 0 24 0 0 44 34 0 3 0 34 0
0 0 8 4 0 0 0 0 0 0 0 0 0 0 0 0 0 0 0 0 0 0 6 0 0 0 0 0 0 0 0 22 0 0 34 27 0 2 0 30 0
0 0 4 15 0 0 0 0 0 0 0 0 0 0 0 0 0 0 0 0 0 0 2 4 0 2 0 17 2 0 0 20 0 0 0 20 0 0 0 16 14
0 0 8 7 0 0 0 0 0 0 0 0 0 0 0 0 0 0 0 0 0 0 5 0 0 0 0 0 0 0 0 22 0 0 31 24 0 2 0 28 0
0 0 0 13 0 0 0 0 0 0 0 0 0 0 0 0 0 0 0 0 0 0 0 15 0 0 0 39 4 0 0 13 0 0 0 0 0 0 0 0 31
0 0 2 14 0 0 0 0 0 0 0 0 0 0 0 0 0 0 0 0 0 0 1 8 0 1 0 30 3 0 0 17 0 0 0 15 0 0 0 8 26
0 0 7 9 0 0 0 0 0 0 0 0 0 0 0 0 0 0 0 0 0 0 5 0 0 1 0 0 0 0 0 21 0 0 26 25 0 0 0 26 0
0 0 0 14 0 0 0 0 0 0 0 0 0 0 0 0 0 0 0 0 0 0 0 14 0 0 0 37 4 0 0 14 0 0 0 2 0 0 0 0 30
0 0 8 15 0 0 0 0 0 0 0 0 0 0 0 0 0 0 0 0 0 0 5 0 0 1 0 0 0 0 0 22 0 0 20 25 0 0 0 27 0
0 0 8 10 0 0 0 0 0 0 0 0 0 0 0 0 0 0 0 0 0 0 5 0 0 1 0 0 0 0 0 23 0 0 25 26 0 1 0 28 0
0 0 7 14 0 0 0 0 0 0 0 0 0 0 0 0 0 0 0 0 0 0 5 0 0 2 0 0 0 0 0 21 0 0 18 25 0 0 0 25 0
3 0 0 14 0 0 0 0 0 0 0 3 0 0 0 0 0 0 0 0 0 0 0 38 0 0 0 63 5 0 0 0 0 0 0 0 0 0 3 0 52
0 0 7 5 0 0 0 0 0 0 0 0 0 0 0 0 0 0 0 0 0 0 5 0 0 0 0 0 0 0 0 20 0 0 32 25 0 2 0 28 0
0 0 8 8 0 0 0 0 0 0 0 0 0 0 0 0 0 0 0 0 0 0 6 0 0 0 0 0 0 0 0 22 0 0 30 26 0 1 0 29 0
0 0 9 0 0 0 0 0 0 0 0 0 0 0 0 0 0 0 0 0 0 0 5 0 0 0 0 0 0 0 0 22 0 0 42 30 0 3 0 32 0
1 0 0 14 0 0 0 0 0 0 0 1 0 0 0 0 0 0 0 0 0 0 0 27 0 0 0 51 4 0 0 0 0 0 0 0 0 0 1 0 41
1 0 0 14 0 0 0 0 0 0 0 0 0 0 0 0 0 0 0 0 0 0 0 22 0 0 0 46 4 0 0 2 0 0 0 0 0 0 0 0 37
0 0 8 0 0 0 0 0 0 0 0 0 0 0 0 0 0 0 0 0 0 0 5 0 0 0 0 0 0 0 0 21 0 0 35 24 0 3 0 28 0
1 0 10 0 0 0 0 0 0 0 0 0 0 0 0 0 0 0 0 0 0 0 5 0 0 0 0 0 0 0 0 23 0 0 52 39 0 3 0 36 0
1 0 9 0 0 0 0 0 0 0 0 0 0 0 0 0 0 0 0 0 0 0 5 0 0 0 0 0 0 0 0 23 0 0 48 36 0 3 0 35 0
0 0 6 14 0 0 0 0 0 0 0 0 0 0 0 0 0 0 0 0 0 0 4 0 0 2 0 8 1 0 0 22 0 0 10 24 0 0 0 23 7
0 0 9 0 0 0 0 0 0 0 0 0 0 0 0 0 0 0 0 0 0 0 5 0 0 0 0 0 0 0 0 22 0 0 42 31 0 4 0 32 0
0 0 9 0 0 0 0 0 0 0 0 0 0 0 0 0 0 0 0 0 0 0 5 0 0 0 0 0 0 0 0 21 0 0 48 36 0 3 0 34 0
0 0 0 13 0 0 0 0 0 0 0 0 0 0 0 0 0 0 0 0 0 0 0 16 0 0 0 40 4 0 0 11 0 0 0 0 0 0 0 0 32
0 0 9 0 0 0 0 0 0 0 0 0 0 0 0 0 0 0 0 0 0 0 6 0 0 0 0 0 0 0 0 23 0 0 44 34 0 3 0 33 0
0 0 8 9 0 0 0 0 0 0 0 0 0 0 0 0 0 0 0 0 0 0 6 0 0 0 0 0 0 0 0 21 0 0 30 26 0 1 0 28 0
0 0 9 12 0 0 0 0 0 0 0 0 0 0 0 0 0 0 0 0 0 0 6 0 0 1 0 0 0 0 0 23 0 0 26 24 0 1 0 28 0
0 0 8 7 0 0 0 0 0 0 0 0 0 0 0 0 0 0 0 0 0 0 6 0 0 0 0 0 0 0 0 23 0 0 31 28 0 1 0 30 0
1 0 10 0 0 0 0 0 0 0 0 0 0 0 0 0 0 0 0 0 0 0 5 0 0 0 0 0 0 0 0 22 0 0 55 42 0 3 0 36 0
0 0 7 10 0 0 0 0 0 0 0 0 0 0 0 0 0 0 0 0 0 0 5 0 0 1 0 0 0 0 0 21 0 0 24 25 0 0 0 27 0
0 0 1 14 0 0 0 0 0 0 0 0 0 0 0 0 0 0 0 0 0 0 0 10 0 1 0 28 3 0 0 17 0 0 0 10 0 0 0 5 22
3 0 0 14 0 0 0 0 0 0 0 3 0 0 0 0 0 0 0 0 0 0 0 37 0 0 0 62 5 0 0 0 0 0 0 0 0 0 3 0 50
0 0 7 11 0 0 0 0 0 0 0 0 0 0 0 0 0 0 0 0 0 0 5 0 0 1 0 0 0 0 0 22 0 0 23 27 0 0 0 28 0
3 0 0 15 0 0 0 0 0 0 0 4 0 0 0 0 0 0 0 0 0 0 0 44 0 0 0 72 5 0 0 0 0 0 0 0 0 0 4 0 59
4 0 0 12 0 0 0 0 0 0 0 6 0 0 0 0 0 0 0 0 0 2 0 52 0 0 0 79 5 0 0 0 0 0 0 0 0 0 6 0 65
0 0 9 0 0 0 0 0 0 0 0 0 0 0 0 0 0 0 0 0 0 0 5 0 0 0 0 0 0 0 0 23 0 0 44 33 0 3 0 33 0
0 0 8 2 0 0 0 0 0 0 0 0 0 0 0 0 0 0 0 0 0 0 6 0 0 0 0 0 0 0 0 24 0 0 35 28 0 3 0 31 0
2 0 0 14 0 0 0 0 0 0 0 1 0 0 0 0 0 0 0 0 0 0 0 29 0 0 0 53 4 0 0 0 0 0 0 0 0 0 1 0 42
0 0 8 3 0 0 0 0 0 0 0 0 0 0 0 0 0 0 0 0 0 0 6 0 0 0 0 0 0 0 0 20 0 0 35 25 0 2 0 29 0
0 0 8 2 0 0 0 0 0 0 0 0 0 0 0 0 0 0 0 0 0 0 6 0 0 0 0 0 0 0 0 21 0 0 35 25 0 2 0 29 0
0 0 0 14 0 0 0 0 0 0 0 0 0 0 0 0 0 0 0 0 0 0 0 13 0 1 0 37 4 0 0 14 0 0 0 7 0 0 0 0 31
0 0 10 0 0 0 0 0 0 0 0 0 0 0 0 0 0 0 0 0 0 0 5 0 0 0 0 0 0 0 0 22 0 0 45 33 0 3 0 32 0
0 0 8 14 0 0 0 0 0 0 0 0 0 0 0 0 0 0 0 0 0 0 5 0 0 1 0 0 0 0 0 22 0 0 19 24 0 0 0 26 0
0 0 6 15 0 0 0 0 0 0 0 0 0 0 0 0 0 0 0 0 0 0 4 1 0 2 0 8 1 0 0 22 0 0 10 25 0 0 0 23 7
0 0 8 4 0 0 0 0 0 0 0 0 0 0 0 0 0 0 0 0 0 0 6 0 0 0 0 0 0 0 0 23 0 0 30 27 0 2 0 29 0
2 0 0 14 0 0 0 0 0 0 0 2 0 0 0 0 0 0 0 0 0 0 0 34 0 0 0 58 5 0 0 0 0 0 0 0 0 0 2 0 46
0 0 9 1 0 0 0 0 0 0 0 0 0 0 0 0 0 0 0 0 0 0 6 0 0 0 0 0 0 0 0 20 0 0 38 26 0 2 0 30 0
0 0 6 14 0 0 0 0 0 0 0 0 0 0 0 0 0 0 0 0 0 0 4 2 0 2 0 13 2 0 0 23 0 0 4 25 0 0 0 21 11
0 0 9 0 0 0 0 0 0 0 0 0 0 0 0 0 0 0 0 0 0 0 5 0 0 0 0 0 0 0 0 22 0 0 41 31 0 3 0 32 0
0 0 8 8 0 0 0 0 0 0 0 0 0 0 0 0 0 0 0 0 0 0 6 0 0 1 0 0 0 0 0 21 0 0 29 25 0 1 0 28 0
2 0 0 13 0 0 0 0 0 0 0 3 0 0 0 0 0 0 0 0 0 0 0 36 0 0 0 59 5 0 0 0 0 0 0 0 0 0 3 0 48
0 0 8 2 0 0 0 0 0 0 0 0 0 0 0 0 0 0 0 0 0 0 5 0 0 0 0 0 0 0 0 21 0 0 33 24 0 2 0 27 0
1 0 0 15 0 0 0 0 0 0 0 0 0 0 0 0 0 0 0 0 0 0 0 20 0 0 0 44 4 0 0 6 0 0 0 0 0 0 0 0 35
2 0 0 15 0 0 0 0 0 0 0 1 0 0 0 0 0 0 0 0 0 0 0 26 0 0 0 50 4 0 0 0 0 0 0 0 0 0 0 0 40
0 0 8 13 0 0 0 0 0 0 0 0 0 0 0 0 0 0 0 0 0 0 6 0 0 1 0 0 0 0 0 22 0 0 23 25 0 1 0 28 0
1 0 9 0 0 0 0 0 0 0 0 0 0 0 0 0 0 0 0 0 0 0 5 0 0 0 0 0 0 0 0 23 0 0 49 38 0 3 0 34 0
0 0 9 0 0 0 0 0 0 0 0 0 0 0 0 0 0 0 0 0 0 0 5 0 0 0 0 0 0 0 0 22 0 0 41 30 0 3 0 31 0
0 0 0 14 0 0 0 0 0 0 0 0 0 0 0 0 0 0 0 0 0 0 0 16 0 0 0 39 3 0 0 12 0 0 0 0 0 0 0 0 31
0 0 9 0 0 0 0 0 0 0 0 0 0 0 0 0 0 0 0 0 0 0 4 0 0 0 0 0 0 0 0 22 0 0 51 39 0 3 0 35 0
0 0 8 7 0 0 0 0 0 0 0 0 0 0 0 0 0 0 0 0 0 0 6 0 0 0 0 0 0 0 0 21 0 0 30 26 0 1 0 28 0
0 0 9 0 0 0 0 0 0 0 0 0 0 0 0 0 0 0 0 0 0 0 6 0 0 0 0 0 0 0 0 24 0 0 42 32 0 3 0 33 0
1 0 0 13 0 0 0 0 0 0 0 1 0 0 0 0 0 0 0 0 0 0 0 23 0 0 0 46 4 0 0 1 0 0 0 0 0 0 0 0 36
0 0 8 0 0 0 0 0 0 0 0 0 0 0 0 0 0 0 0 0 0 0 6 0 0 0 0 0 0 0 0 22 0 0 37 28 0 2 0 30 0
0 0 5 14 0 0 0 0 0 0 0 0 0 0 0 0 0 0 0 0 0 0 3 3 0 2 0 15 2 0 0 22 0 0 2 22 0 0 0 18 13
0 0 1 14 0 0 0 0 0 0 0 0 0 0 0 0 0 0 0 0 0 0 0 11 0 0 0 32 3 0 0 18 0 0 0 8 0 0 0 2 26
0 0 5 14 0 0 0 0 0 0 0 0 0 0 0 0 0 0 0 0 0 0 3 3 0 2 0 16 2 0 0 21 0 0 1 21 0 0 0 18 14
0 0 10 0 0 0 0 0 0 0 0 0 0 0 0 0 0 0 0 0 0 0 5 0 0 0 0 0 0 0 0 22 0 0 43 32 0 3 0 32 0
0 0 0 15 0 0 0 0 0 0 0 0 0 0 0 0 0 0 0 0 0 0 0 20 0 0 0 45 4 0 0 6 0 0 0 0 0 0 0 0 37
0 0 10 0 0 0 0 0 0 0 0 0 0 0 0 0 0 0 0 0 0 0 6 0 0 0 0 0 0 0 0 23 0 0 36 26 0 3 0 31 0
3 0 0 14 0 0 0 0 0 0 0 3 0 0 0 0 0 0 0 0 0 0 0 37 0 0 0 63 5 0 0 0 0 0 0 0 0 0 3 0 51
0 0 8 11 0 0 0 0 0 0 0 0 0 0 0 0 0 0 0 0 0 0 6 0 0 1 0 0 0 0 0 22 0 0 26 25 0 1 0 28 0
0 0 7 13 0 0 0 0 0 0 0 0 0 0 0 0 0 0 0 0 0 0 5 0 0 1 0 0 0 0 0 23 0 0 20 25 0 0 0 26 0
0 0 7 10 0 0 0 0 0 0 0 0 0 0 0 0 0 0 0 0 0 0 5 0 0 1 0 0 0 0 0 22 0 0 25 25 0 1 0 27 0
0 0 6 15 0 0 0 0 0 0 0 0 0 0 0 0 0 0 0 0 0 0 4 0 0 2 0 11 1 0 0 23 0 0 8 25 0 0 0 22 10
0 0 7 10 0 0 0 0 0 0 0 0 0 0 0 0 0 0 0 0 0 0 5 0 0 0 0 0 0 0 0 22 0 0 27 24 0 1 0 27 0
0 0 7 15 0 0 0 0 0 0 0 0 0 0 0 0 0 0 0 0 0 0 4 1 0 2 0 8 1 0 0 23 0 0 9 26 0 0 0 24 7
0 0 6 14 0 0 0 0 0 0 0 0 0 0 0 0 0 0 0 0 0 0 4 0 0 2 0 9 1 0 0 23 0 0 10 26 0 0 0 23 8
0 0 1 14 0 0 0 0 0 0 0 0 0 0 0 0 0 0 0 0 0 0 0 11 0 1 0 32 3 0 0 17 0 0 0 9 0 0 0 3 26
3 0 0 13 0 0 0 0 0 0 0 4 0 0 0 0 0 0 0 0 0 0 0 42 0 0 0 68 5 0 0 0 0 0 0 0 0 0 4 0 55
0 0 6 14 0 0 0 0 0 0 0 0 0 0 0 0 0 0 0 0 0 0 4 0 0 2 0 10 2 0 0 23 0 0 8 25 0 0 0 22 9
0 0 5 15 0 0 0 0 0 0 0 0 0 0 0 0 0 0 0 0 0 0 3 3 0 2 0 14 2 0 0 21 0 0 3 21 0 0 0 18 12
0 0 7 12 0 0 0 0 0 0 0 0 0 0 0 0 0 0 0 0 0 0 5 0 0 1 0 0 0 0 0 22 0 0 18 25 0 0 0 25 1
0 0 5 15 0 0 0 0 0 0 0 0 0 0 0 0 0 0 0 0 0 0 3 3 0 2 0 14 2 0 0 22 0 0 2 21 0 0 0 18 11
0 0 4 14 0 0 0 0 0 0 0 0 0 0 0 0 0 0 0 0 0 0 2 4 0 1 0 20 3 0 0 21 0 0 0 20 0 0 0 15 17
0 0 9 0 0 0 0 0 0 0 0 0 0 0 0 0 0 0 0 0 0 0 5 0 0 0 0 0 0 0 0 22 0 0 41 29 0 3 0 31 0
3 0 0 14 0 0 0 0 0 0 0 3 0 0 0 0 0 0 0 0 0 0 0 40 0 0 0 66 5 0 0 0 0 0 0 0 0 0 4 0 54
1 0 0 14 0 0 0 0 0 0 0 0 0 0 0 0 0 0 0 0 0 0 0 24 0 0 0 48 4 0 0 0 0 0 0 0 0 0 0 0 38
0 0 7 15 0 0 0 0 0 0 0 0 0 0 0 0 0 0 0 0 0 0 4 0 0 2 0 5 1 0 0 22 0 0 13 25 0 0 0 24 4
0 0 0 13 0 0 0 0 0 0 0 0 0 0 0 0 0 0 0 0 0 0 0 12 0 0 0 34 3 0 0 16 0 0 0 5 0 0 0 0 27
0 0 8 1 0 0 0 0 0 0 0 0 0 0 0 0 0 0 0 0 0 0 6 0 0 0 0 0 0 0 0 22 0 0 37 27 0 2 0 30 0
0 0 8 13 0 0 0 0 0 0 0 0 0 0 0 0 0 0 0 0 0 0 6 0 0 1 0 0 0 0 0 22 0 0 24 26 0 1 0 28 0
0 0 5 15 0 0 0 0 0 0 0 0 0 0 0 0 0 0 0 0 0 0 3 3 0 2 0 15 2 0 0 22 0 0 3 23 0 0 0 19 13
0 0 10 0 0 0 0 0 0 0 0 0 0 0 0 0 0 0 0 0 0 0 5 0 0 0 0 0 0 0 0 23 0 0 48 37 0 3 0 34 0
1 0 0 13 0 0 0 0 0 0 0 1 0 0 0 0 0 0 0 0 0 0 0 22 0 0 0 45 4 0 0 3 0 0 0 0 0 0 0 0 36
0 0 6 14 0 0 0 0 0 0 0 0 0 0 0 0 0 0 0 0 0 0 3 2 0 2 0 12 2 0 0 23 0 0 5 24 0 0 0 21 11
0 0 8 8 0 0 0 0 0 0 0 0 0 0 0 0 0 0 0 0 0 0 6 0 0 1 0 0 0 0 0 23 0 0 30 27 0 1 0 29 0
0 0 9 0 0 0 0 0 0 0 0 0 0 0 0 0 0 0 0 0 0 0 5 0 0 0 0 0 0 0 0 22 0 0 44 33 0 3 0 33 0
0 0 9 0 0 0 0 0 0 0 0 0 0 0 0 0 0 0 0 0 0 0 6 0 0 0 0 0 0 0 0 22 0 0 40 29 0 3 0 31 0
0 0 8 0 0 0 0 0 0 0 0 0 0 0 0 0 0 0 0 0 0 0 5 0 0 0 0 0 0 0 0 22 0 0 38 28 0 3 0 30 0
3 0 0 13 0 0 0 0 0 0 0 5 0 0 0 0 0 0 0 0 0 0 0 45 0 0 0 71 5 0 0 0 0 0 0 0 0 0 5 0 59
2 0 0 15 0 0 0 0 0 0 0 2 0 0 0 0 0 0 0 0 0 0 0 33 0 0 0 58 5 0 0 0 0 0 0 0 0 0 2 0 47
0 0 8 11 0 0 0 0 0 0 0 0 0 0 0 0 0 0 0 0 0 0 6 0 0 1 0 0 0 0 0 22 0 0 26 26 0 1 0 28 0
0 0 9 0 0 0 0 0 0 0 0 0 0 0 0 0 0 0 0 0 0 0 5 0 0 0 0 0 0 0 0 23 0 0 42 31 0 3 0 32 0
0 0 9 0 0 0 0 0 0 0 0 0 0 0 0 0 0 0 0 0 0 0 5 0 0 0 0 0 0 0 0 22 0 0 43 31 0 3 0 31 0
1 0 0 14 0 0 0 0 0 0 0 0 0 0 0 0 0 0 0 0 0 0 0 22 0 0 0 47 4 0 0 1 0 0 0 0 0 0 0 0 37
0 0 10 0 0 0 0 0 0 0 0 0 0 0 0 0 0 0 0 0 0 0 5 0 0 0 0 0 0 0 0 22 0 0 48 36 0 3 0 34 0
3 0 0 16 0 0 0 0 0 0 0 2 0 0 0 0 0 0 0 0 0 0 0 36 0 0 0 62 5 0 0 0 0 0 0 0 0 0 2 0 50
0 0 0 13 0 0 0 0 0 0 0 0 0 0 0 0 0 0 0 0 0 0 0 17 0 0 0 40 4 0 0 10 0 0 0 0 0 0 0 0 32
0 0 8 0 0 0 0 0 0 0 0 0 0 0 0 0 0 0 0 0 0 0 6 0 0 0 0 0 0 0 0 22 0 0 37 27 0 2 0 30 0
4 0 0 13 0 0 0 0 0 0 0 6 0 0 0 0 0 0 0 0 0 2 0 53 0 0 0 80 5 0 0 0 0 0 0 0 0 0 6 0 67
0 0 8 13 0 0 0 0 0 0 0 0 0 0 0 0 0 0 0 0 0 0 5 0 0 1 0 0 0 0 0 22 0 0 22 25 0 0 0 27 0
0 0 9 1 0 0 0 0 0 0 0 0 0 0 0 0 0 0 0 0 0 0 6 0 0 0 0 0 0 0 0 23 0 0 36 29 0 2 0 31 0
0 0 1 14 0 0 0 0 0 0 0 0 0 0 0 0 0 0 0 0 0 0 0 10 0 0 0 30 3 0 0 19 0 0 0 11 0 0 0 5 24
0 0 1 13 0 0 0 0 0 0 0 0 0 0 0 0 0 0 0 0 0 0 0 11 0 1 0 33 4 0 0 18 0 0 0 10 0 0 0 3 27
1 0 0 14 0 0 0 0 0 0 0 0 0 0 0 0 0 0 0 0 0 0 0 19 0 0 0 42 4 0 0 8 0 0 0 0 0 0 0 0 33
0 0 7 14 0 0 0 0 0 0 0 0 0 0 0 0 0 0 0 0 0 0 5 0 0 2 0 1 0 0 0 22 0 0 17 25 0 0 0 25 0
2 0 0 15 0 0 0 0 0 0 0 1 0 0 0 0 0 0 0 0 0 0 0 31 0 0 0 56 5 0 0 0 0 0 0 0 0 0 1 0 45
0 0 9 0 0 0 0 0 0 0 0 0 0 0 0 0 0 0 0 0 0 0 5 0 0 0 0 0 0 0 0 21 0 0 44 32 0 3 0 32 0
2 0 0 15 0 0 0 0 0 0 0 2 0 0 0 0 0 0 0 0 0 0 0 33 0 0 0 56 5 0 0 0 0 0 0 0 0 0 2 0 45
0 0 7 13 0 0 0 0 0 0 0 0 0 0 0 0 0 0 0 0 0 0 5 0 0 2 0 0 0 0 0 23 0 0 18 25 0 0 0 26 1
0 0 9 0 0 0 0 0 0 0 0 0 0 0 0 0 0 0 0 0 0 0 6 0 0 0 0 0 0 0 0 23 0 0 40 31 0 3 0 33 0
0 0 8 7 0 0 0 0 0 0 0 0 0 0 0 0 0 0 0 0 0 0 5 0 0 0 0 0 0 0 0 21 0 0 30 24 0 1 0 27 0
0 0 7 14 0 0 0 0 0 0 0 0 0 0 0 0 0 0 0 0 0 0 4 0 0 2 0 3 1 0 0 23 0 0 15 26 0 0 0 25 3
0 0 8 4 0 0 0 0 0 0 0 0 0 0 0 0 0 0 0 0 0 0 6 0 0 0 0 0 0 0 0 22 0 0 33 25 0 2 0 28 0
0 0 9 0 0 0 0 0 0 0 0 0 0 0 0 0 0 0 0 0 0 0 6 0 0 0 0 0 0 0 0 22 0 0 39 28 0 3 0 31 0
0 0 8 6 0 0 0 0 0 0 0 0 0 0 0 0 0 0 0 0 0 0 6 0 0 0 0 0 0 0 0 20 0 0 32 25 0 1 0 28 0
0 0 5 14 0 0 0 0 0 0 0 0 0 0 0 0 0 0 0 0 0 0 2 3 0 2 0 16 2 0 0 23 0 0 2 21 0 0 0 18 13
0 0 8 12 0 0 0 0 0 0 0 0 0 0 0 0 0 0 0 0 0 0 5 0 0 1 0 0 0 0 0 23 0 0 24 26 0 1 0 28 0
0 0 10 0 0 0 0 0 0 0 0 0 0 0 0 0 0 0 0 0 0 0 6 0 0 0 0 0 0 0 0 23 0 0 43 31 0 3 0 34 0
0 0 9 0 0 0 0 0 0 0 0 0 0 0 0 0 0 0 0 0 0 0 5 0 0 0 0 0 0 0 0 22 0 0 41 30 0 3 0 32 0
0 0 10 0 0 0 0 0 0 0 0 0 0 0 0 0 0 0 0 0 0 0 5 0 0 0 0 0 0 0 0 23 0 0 53 41 0 3 0 37 0
0 0 8 13 0 0 0 0 0 0 0 0 0 0 0 0 0 0 0 0 0 0 5 0 0 1 0 0 0 0 0 22 0 0 21 23 0 1 0 26 0
0 0 7 14 0 0 0 0 0 0 0 0 0 0 0 0 0 0 0 0 0 0 4 0 0 2 0 4 1 0 0 23 0 0 15 26 0 0 0 25 4
0 0 5 15 0 0 0 0 0 0 0 0 0 0 0 0 0 0 0 0 0 0 3 3 0 2 0 15 2 0 0 22 0 0 2 20 0 0 0 17 12
0 0 0 14 0 0 0 0 0 0 0 0 0 0 0 0 0 0 0 0 0 0 0 21 0 0 0 45 4 0 0 5 0 0 0 0 0 0 0 0 36
