9 0 4 0 0 0 0 0 5 0 0 0 0 0 0 0 0 1 0 0 0 0 0 0 0 0 0 0 0 0 0 0 5 0 18 15 0 0 0 36 1
0 0 20 12 0 0 0 0 0 0 0 0 0 0 0 0 0 0 0 0 0 0 11 0 0 0 0 0 0 0 0 15 0 0 2 17 0 11 0 0 4
0 0 22 15 0 0 0 0 0 0 0 0 0 0 0 0 0 0 0 0 0 0 13 0 0 0 0 0 1 0 0 20 0 0 0 13 0 14 0 0 4
16 0 0 0 0 0 0 0 5 0 0 0 0 0 0 0 0 3 0 0 0 0 0 0 0 0 0 0 0 0 0 0 8 0 20 2 0 0 0 52 0
16 0 0 0 0 0 0 0 5 0 0 0 0 0 0 0 0 3 0 0 0 0 0 0 0 0 0 0 0 0 0 0 8 0 21 5 0 0 0 52 0
0 0 22 16 0 0 0 0 0 0 0 0 0 0 0 0 0 0 0 0 0 0 14 0 0 0 0 0 1 0 0 22 0 0 0 11 0 17 0 0 4
13 0 0 0 0 0 0 0 5 0 0 0 0 0 0 0 0 2 0 0 0 0 0 0 0 0 0 0 0 0 0 0 7 0 21 10 0 0 0 46 0
17 0 0 0 0 0 0 0 5 0 0 0 0 0 0 0 0 4 0 0 0 0 0 0 0 0 0 0 0 0 0 0 8 0 22 0 0 0 0 55 0
0 0 18 15 0 0 0 0 0 0 0 0 0 0 0 0 0 0 0 0 0 0 11 0 0 0 0 0 2 0 0 22 0 0 0 1 0 19 0 0 3
16 0 0 0 0 0 0 0 5 0 0 0 0 0 0 0 0 3 0 0 0 0 0 0 0 0 0 0 0 0 0 0 8 0 21 5 0 0 0 51 0
19 0 0 0 0 0 0 0 4 0 0 0 0 0 0 0 0 6 0 0 0 0 0 0 1 0 0 0 0 0 0 0 10 0 21 0 0 0 0 61 0
4 0 9 3 0 0 0 0 2 0 0 0 0 0 0 0 0 0 0 0 0 0 4 0 0 0 0 0 0 0 0 3 3 0 14 14 0 1 0 22 2
17 0 0 0 0 0 0 0 5 0 0 0 0 0 0 0 0 3 0 0 0 0 0 0 0 0 0 0 0 0 0 0 8 0 22 4 0 0 0 54 0
18 0 0 0 0 0 0 0 4 0 0 0 0 0 0 0 0 5 0 0 0 0 0 0 1 0 0 0 0 0 0 0 9 0 19 0 0 0 0 55 0
0 0 22 16 0 0 0 0 0 0 0 0 0 0 0 0 0 0 0 0 0 0 14 0 0 0 0 0 1 0 0 22 0 0 0 12 0 16 0 0 4
0 0 23 17 0 0 0 0 0 0 0 0 0 0 0 0 0 0 0 0 0 0 14 0 0 0 0 0 1 0 0 23 0 0 0 12 0 17 0 0 4
16 0 0 0 0 0 0 0 5 0 0 0 0 0 0 0 0 3 0 0 0 0 0 0 0 0 0 0 0 0 0 0 8 0 21 5 0 0 0 50 0
14 0 0 0 0 0 0 0 5 0 0 0 0 0 0 0 0 3 0 0 0 0 0 0 0 0 0 0 0 0 0 0 7 0 19 6 0 0 0 47 0
0 0 22 15 0 0 0 0 0 0 0 0 0 0 0 0 0 0 0 0 0 0 13 0 0 0 0 0 1 0 0 20 0 0 0 15 0 14 0 0 4
18 0 0 0 0 0 0 0 4 0 0 0 0 0 0 0 0 5 0 0 0 0 0 0 1 0 0 0 0 0 0 0 9 0 21 0 0 0 0 58 0
14 0 0 0 0 0 0 0 5 0 0 0 0 0 0 0 0 3 0 0 0 0 0 0 0 0 0 0 0 0 0 0 7 0 21 7 0 0 0 49 0
0 0 23 16 0 0 0 0 0 0 0 0 0 0 0 0 0 0 0 0 0 0 14 0 0 0 0 0 1 0 0 22 0 0 0 12 0 16 0 0 4
0 0 22 16 0 0 0 0 0 0 0 0 0 0 0 0 0 0 0 0 0 0 14 0 0 0 0 0 1 0 0 22 0 0 0 12 0 17 0 0 4
0 0 23 16 0 0 0 0 0 0 0 0 0 0 0 0 0 0 0 0 0 0 14 0 0 0 0 0 1 0 0 22 0 0 0 13 0 16 0 0 4
11 0 2 0 0 0 0 0 4 0 0 0 0 0 0 0 0 1 0 0 0 0 0 0 0 0 0 0 0 0 0 0 5 0 19 13 0 0 0 39 1
15 0 0 0 0 0 0 0 5 0 0 0 0 0 0 0 0 3 0 0 0 0 0 0 0 0 0 0 0 0 0 0 8 0 21 6 0 0 0 50 0
0 0 23 16 0 0 0 0 0 0 0 0 0 0 0 0 0 0 0 0 0 0 14 0 0 0 0 0 1 0 0 22 0 0 0 11 0 17 0 0 4
19 0 0 0 0 0 0 0 4 0 0 0 0 0 0 0 0 6 0 0 0 0 0 0 1 0 0 0 0 0 0 0 10 0 22 0 0 0 0 61 0
0 0 21 13 0 0 0 0 0 0 0 0 0 0 0 0 0 0 0 0 0 0 12 0 0 0 0 0 0 0 0 17 0 0 1 16 0 12 0 0 4
5 0 11 4 0 0 0 0 3 0 0 0 0 0 0 0 0 0 0 0 0 0 5 0 0 0 0 0 0 0 0 4 3 0 15 18 0 3 0 23 3
15 0 0 0 0 0 0 0 5 0 0 0 0 0 0 0 0 2 0 0 0 0 0 0 0 0 0 0 0 0 0 0 7 0 21 7 0 0 0 49 0
0 0 21 15 0 0 0 0 0 0 0 0 0 0 0 0 0 0 0 0 0 0 13 0 0 0 0 0 2 0 0 22 0 0 0 8 0 18 0 0 4
0 0 15 7 0 0 0 0 1 0 0 0 0 0 0 0 0 0 0 0 0 0 8 0 0 0 0 0 0 0 0 10 0 0 10 16 0 6 0 8 3
15 0 0 0 0 0 0 0 5 0 0 0 0 0 0 0 0 2 0 0 0 0 0 0 0 0 0 0 0 0 0 0 8 0 20 6 0 0 0 49 0
0 0 14 7 0 0 0 0 1 0 0 0 0 0 0 0 0 0 0 0 0 0 8 0 0 0 0 0 0 0 0 9 0 0 9 15 0 6 0 7 3
12 0 0 0 0 0 0 0 5 0 0 0 0 0 0 0 0 1 0 0 0 0 0 0 0 0 0 0 0 0 0 0 6 0 20 13 0 0 0 42 0
12 0 1 0 0 0 0 0 5 0 0 0 0 0 0 0 0 1 0 0 0 0 0 0 0 0 0 0 0 0 0 0 6 0 19 12 0 0 0 41 0
1 0 15 7 0 0 0 0 2 0 0 0 0 0 0 0 0 0 0 0 0 0 7 0 0 0 0 0 0 0 0 8 1 0 11 18 0 5 0 12 3
0 0 21 14 0 0 0 0 0 0 0 0 0 0 0 0 0 0 0 0 0 0 13 0 0 0 0 0 1 0 0 20 0 0 0 13 0 14 0 0 4
17 0 0 0 0 0 0 0 5 0 0 0 0 0 0 0 0 4 0 0 0 0 0 0 0 0 0 0 0 0 0 0 8 0 21 0 0 0 0 54 0
17 0 0 0 0 0 0 0 4 0 0 0 0 0 0 0 0 5 0 0 0 0 0 0 0 0 0 0 0 0 0 0 9 0 19 0 0 0 0 54 0
0 0 23 17 0 0 0 0 0 0 0 0 0 0 0 0 0 0 0 0 0 0 14 0 0 0 0 0 1 0 0 23 0 0 0 13 0 17 0 0 4
17 0 0 0 0 0 0 0 5 0 0 0 0 0 0 0 0 4 0 0 0 0 0 0 0 0 0 0 0 0 0 0 9 0 21 0 0 0 0 54 0
0 0 24 17 0 0 0 0 0 0 0 0 0 0 0 0 0 0 0 0 0 0 15 0 0 0 0 0 1 0 0 22 0 0 0 14 0 16 0 0 4
0 0 19 12 0 0 0 0 0 0 0 0 0 0 0 0 0 0 0 0 0 0 10 0 0 0 0 0 0 0 0 15 0 0 2 13 0 10 0 0 3
18 0 0 0 0 0 0 0 4 0 0 0 0 0 0 0 0 5 0 0 0 0 0 0 1 0 0 0 0 0 0 0 9 0 20 0 0 0 0 56 0
18 0 0 0 0 0 0 0 4 0 0 0 0 0 0 0 0 5 0 0 0 0 0 0 0 0 0 0 0 0 0 0 9 0 21 0 0 0 0 56 0
16 0 0 0 0 0 0 0 5 0 0 0 0 0 0 0 0 4 0 0 0 0 0 0 0 0 0 0 0 0 0 0 8 0 20 0 0 0 0 52 0
0 0 23 16 0 0 0 0 0 0 0 0 0 0 0 0 0 0 0 0 0 0 14 0 0 0 0 0 1 0 0 22 0 0 0 12 0 16 0 0 4
15 0 0 0 0 0 0 0 5 0 0 0 0 0 0 0 0 3 0 0 0 0 0 0 0 0 0 0 0 0 0 0 8 0 20 5 0 0 0 50 0
0 0 23 16 0 0 0 0 0 0 0 0 0 0 0 0 0 0 0 0 0 0 14 0 0 0 0 0 1 0 0 22 0 0 0 13 0 16 0 0 4
0 0 22 16 0 0 0 0 0 0 0 0 0 0 0 0 0 0 0 0 0 0 14 0 0 0 0 0 1 0 0 23 0 0 0 11 0 17 0 0 4
4 0 13 5 0 0 0 0 2 0 0 0 0 0 0 0 0 0 0 0 0 0 7 0 0 0 0 0 0 0 0 6 2 0 12 18 0 4 0 19 3
0 0 24 17 0 0 0 0 0 0 0 0 0 0 0 0 0 0 0 0 0 0 14 0 0 0 0 0 1 0 0 23 0 0 0 13 0 17 0 0 4
0 0 19 15 0 0 0 0 0 0 0 0 0 0 0 0 0 0 0 0 0 0 12 0 0 0 0 0 2 0 0 22 0 0 0 4 0 18 0 0 3
15 0 0 0 0 0 0 0 5 0 0 0 0 0 0 0 0 2 0 0 0 0 0 0 0 0 0 0 0 0 0 0 7 0 20 5 0 0 0 48 0
19 0 0 0 0 0 0 0 3 0 0 0 0 0 0 0 0 6 0 0 0 0 0 0 1 0 0 0 0 0 0 0 9 0 20 0 0 0 0 60 0
0 0 22 15 0 0 0 0 0 0 0 0 0 0 0 0 0 0 0 0 0 0 14 0 0 0 0 0 1 0 0 22 0 0 0 10 0 17 0 0 4
0 0 23 16 0 0 0 0 0 0 0 0 0 0 0 0 0 0 0 0 0 0 14 0 0 0 0 0 1 0 0 23 0 0 0 12 0 17 0 0 4
16 0 0 0 0 0 0 0 5 0 0 0 0 0 0 0 0 4 0 0 0 0 0 0 0 0 0 0 0 0 0 0 8 0 20 0 0 0 0 52 0
12 0 0 0 0 0 0 0 5 0 0 0 0 0 0 0 0 1 0 0 0 0 0 0 0 0 0 0 0 0 0 0 6 0 19 11 0 0 0 41 0
19 0 0 0 0 0 0 0 4 0 0 0 0 0 0 0 0 6 0 0 0 0 0 0 1 0 0 0 0 0 0 0 9 0 21 0 0 0 0 59 0
14 0 0 0 0 0 0 0 5 0 0 0 0 0 0 0 0 2 0 0 0 0 0 0 0 0 0 0 0 0 0 0 7 0 20 10 0 0 0 46 0
8 0 5 0 0 0 0 0 4 0 0 0 0 0 0 0 0 1 0 0 0 0 1 0 0 0 0 0 0 0 0 0 4 0 17 14 0 0 0 33 1
0 0 23 16 0 0 0 0 0 0 0 0 0 0 0 0 0 0 0 0 0 0 14 0 0 0 0 0 1 0 0 22 0 0 0 12 0 16 0 0 4
0 0 22 16 0 0 0 0 0 0 0 0 0 0 0 0 0 0 0 0 0 0 14 0 0 0 0 0 1 0 0 22 0 0 0 10 0 17 0 0 4
14 0 0 0 0 0 0 0 5 0 0 0 0 0 0 0 0 2 0 0 0 0 0 0 0 0 0 0 0 0 0 0 7 0 20 8 0 0 0 46 0
14 0 0 0 0 0 0 0 5 0 0 0 0 0 0 0 0 2 0 0 0 0 0 0 0 0 0 0 0 0 0 0 7 0 21 10 0 0 0 47 0
0 0 18 10 0 0 0 0 0 0 0 0 0 0 0 0 0 0 0 0 0 0 10 0 0 0 0 0 0 0 0 13 0 0 5 16 0 9 0 0 4
0 0 23 16 0 0 0 0 0 0 0 0 0 0 0 0 0 0 0 0 0 0 14 0 0 0 0 0 2 0 0 23 0 0 0 11 0 17 0 0 4
12 0 0 0 0 0 0 0 4 0 0 0 0 0 0 0 0 1 0 0 0 0 0 0 0 0 0 0 0 0 0 0 6 0 18 11 0 0 0 39 0
0 0 19 15 0 0 0 0 0 0 0 0 0 0 0 0 0 0 0 0 0 0 12 0 0 0 0 0 2 0 0 22 0 0 0 3 0 18 0 0 3
18 0 0 0 0 0 0 0 4 0 0 0 0 0 0 0 0 5 0 0 0 0 0 0 0 0 0 0 0 0 0 0 9 0 21 0 0 0 0 58 0
18 0 0 0 0 0 0 0 4 0 0 0 0 0 0 0 0 5 0 0 0 0 0 0 1 0 0 0 0 0 0 0 9 0 21 0 0 0 0 58 0
18 0 0 0 0 0 0 0 4 0 0 0 0 0 0 0 0 5 0 0 0 0 0 0 1 0 0 0 0 0 0 0 9 0 20 0 0 0 0 57 0
0 0 22 16 0 0 0 0 0 0 0 0 0 0 0 0 0 0 0 0 0 0 14 0 0 0 0 0 2 0 0 22 0 0 0 10 0 17 0 0 4
18 0 0 0 0 0 0 0 4 0 0 0 0 0 0 0 0 5 0 0 0 0 0 0 0 0 0 0 0 0 0 0 9 0 21 0 0 0 0 57 0
0 0 20 13 0 0 0 0 0 0 0 0 0 0 0 0 0 0 0 0 0 0 12 0 0 0 0 0 0 0 0 17 0 0 0 15 0 12 0 0 4
0 0 21 15 0 0 0 0 0 0 0 0 0 0 0 0 0 0 0 0 0 0 13 0 0 0 0 0 1 0 0 20 0 0 0 12 0 14 0 0 4
0 0 22 15 0 0 0 0 0 0 0 0 0 0 0 0 0 0 0 0 0 0 14 0 0 0 0 0 1 0 0 21 0 0 0 13 0 16 0 0 4
0 0 22 16 0 0 0 0 0 0 0 0 0 0 0 0 0 0 0 0 0 0 14 0 0 0 0 0 2 0 0 22 0 0 0 10 0 17 0 0 4
19 0 0 0 0 0 0 0 3 0 0 0 0 0 0 0 0 6 0 0 0 0 0 0 1 0 0 0 0 0 0 0 9 0 19 0 0 0 0 57 0
0 0 21 15 0 0 0 0 0 0 0 0 0 0 0 0 0 0 0 0 0 0 13 0 0 0 0 0 1 0 0 22 0 0 0 8 0 17 0 0 4
0 0 21 12 0 0 0 0 0 0 0 0 0 0 0 0 0 0 0 0 0 0 11 0 0 0 0 0 0 0 0 15 0 0 4 17 0 10 0 0 4
1 0 15 7 0 0 0 0 2 0 0 0 0 0 0 0 0 0 0 0 0 0 7 0 0 0 0 0 0 0 0 8 1 0 10 17 0 5 0 11 3
18 0 0 0 0 0 0 0 4 0 0 0 0 0 0 0 0 5 0 0 0 0 0 0 0 0 0 0 0 0 0 0 9 0 21 0 0 0 0 58 0
16 0 0 0 0 0 0 0 5 0 0 0 0 0 0 0 0 3 0 0 0 0 0 0 0 0 0 0 0 0 0 0 8 0 21 3 0 0 0 52 0
8 0 8 1 0 0 0 0 4 0 0 0 0 0 0 0 0 0 0 0 0 0 3 0 0 0 0 0 0 0 0 1 4 0 17 18 0 0 0 32 2
17 0 0 0 0 0 0 0 4 0 0 0 0 0 0 0 0 4 0 0 0 0 0 0 0 0 0 0 0 0 0 0 8 0 21 0 0 0 0 55 0
19 0 0 0 0 0 0 0 4 0 0 0 0 0 0 0 0 6 0 0 0 0 0 0 1 0 0 0 0 0 0 0 9 0 21 0 0 0 0 59 0
3 0 13 5 0 0 0 0 2 0 0 0 0 0 0 0 0 0 0 0 0 0 6 0 0 0 0 0 0 0 0 6 2 0 13 17 0 4 0 18 3
0 0 24 17 0 0 0 0 0 0 0 0 0 0 0 0 0 0 0 0 0 0 15 0 0 0 0 0 1 0 0 23 0 0 0 13 0 17 0 0 4
13 0 0 0 0 0 0 0 5 0 0 0 0 0 0 0 0 1 0 0 0 0 0 0 0 0 0 0 0 0 0 0 7 0 20 11 0 0 0 45 0
12 0 0 0 0 0 0 0 5 0 0 0 0 0 0 0 0 1 0 0 0 0 0 0 0 0 0 0 0 0 0 0 6 0 20 11 0 0 0 41 0
0 0 21 15 0 0 0 0 0 0 0 0 0 0 0 0 0 0 0 0 0 0 13 0 0 0 0 0 2 0 0 22 0 0 0 7 0 17 0 0 4
11 0 1 0 0 0 0 0 5 0 0 0 0 0 0 0 0 2 0 0 0 0 0 0 0 0 0 0 0 0 0 0 6 0 20 12 0 0 0 41 0
18 0 0 0 0 0 0 0 3 0 0 0 0 0 0 0 0 6 0 0 0 0 0 0 1 0 0 0 0 0 0 0 9 0 19 0 0 0 0 57 0
0 0 23 16 0 0 0 0 0 0 0 0 0 0 0 0 0 0 0 0 0 0 14 0 0 0 0 0 1 0 0 22 0 0 0 12 0 16 0 0 4
14 0 0 0 0 0 0 0 6 0 0 0 0 0 0 0 0 2 0 0 0 0 0 0 0 0 0 0 0 0 0 0 7 0 19 9 0 0 0 47 0
19 0 0 0 0 0 0 0 3 0 0 0 0 0 0 0 0 7 0 0 0 0 0 0 2 0 0 0 0 0 0 0 9 0 20 0 0 0 0 59 0
0 0 23 16 0 0 0 0 0 0 0 0 0 0 0 0 0 0 0 0 0 0 14 0 0 0 0 0 1 0 0 22 0 0 0 11 0 17 0 0 4
18 0 0 0 0 0 0 0 4 0 0 0 0 0 0 0 0 5 0 0 0 0 0 0 0 0 0 0 0 0 0 0 9 0 21 0 0 0 0 58 0
18 0 0 0 0 0 0 0 4 0 0 0 0 0 0 0 0 5 0 0 0 0 0 0 0 0 0 0 0 0 0 0 9 0 21 0 0 0 0 58 0
0 0 23 16 0 0 0 0 0 0 0 0 0 0 0 0 0 0 0 0 0 0 14 0 0 0 0 0 1 0 0 23 0 0 0 13 0 17 0 0 4
19 0 0 0 0 0 0 0 4 0 0 0 0 0 0 0 0 6 0 0 0 0 0 0 1 0 0 0 0 0 0 0 9 0 22 0 0 0 0 60 0
19 0 0 0 0 0 0 0 3 0 0 0 0 0 0 0 0 6 0 0 0 0 0 0 2 0 0 0 0 0 0 0 9 0 18 0 0 0 0 58 0
19 0 0 0 0 0 0 0 3 0 0 0 0 0 0 0 0 7 0 0 0 0 0 0 2 0 0 0 0 0 0 0 10 0 18 0 0 0 0 58 0
0 0 23 16 0 0 0 0 0 0 0 0 0 0 0 0 0 0 0 0 0 0 14 0 0 0 0 0 1 0 0 22 0 0 0 11 0 17 0 0 4
18 0 0 0 0 0 0 0 4 0 0 0 0 0 0 0 0 6 0 0 0 0 0 0 1 0 0 0 0 0 0 0 9 0 20 0 0 0 0 58 0
0 0 22 16 0 0 0 0 0 0 0 0 0 0 0 0 0 0 0 0 0 0 14 0 0 0 0 0 1 0 0 22 0 0 0 11 0 17 0 0 4
15 0 0 0 0 0 0 0 5 0 0 0 0 0 0 0 0 3 0 0 0 0 0 0 0 0 0 0 0 0 0 0 7 0 20 6 0 0 0 49 0
0 0 22 16 0 0 0 0 0 0 0 0 0 0 0 0 0 0 0 0 0 0 14 0 0 0 0 0 1 0 0 22 0 0 0 9 0 17 0 0 4
0 0 22 16 0 0 0 0 0 0 0 0 0 0 0 0 0 0 0 0 0 0 14 0 0 0 0 0 1 0 0 22 0 0 0 11 0 17 0 0 4
0 0 19 15 0 0 0 0 0 0 0 0 0 0 0 0 0 0 0 0 0 0 12 0 0 0 0 0 2 0 0 22 0 0 0 4 0 18 0 0 3
9 0 8 0 0 0 0 0 4 0 0 0 0 0 0 0 0 0 0 0 0 0 2 0 0 0 0 0 0 0 0 0 5 0 18 18 0 0 0 32 2
0 0 24 16 0 0 0 0 0 0 0 0 0 0 0 0 0 0 0 0 0 0 14 0 0 0 0 0 1 0 0 22 0 0 0 14 0 16 0 0 4
0 0 23 16 0 0 0 0 0 0 0 0 0 0 0 0 0 0 0 0 0 0 13 0 0 0 0 0 1 0 0 22 0 0 0 14 0 16 0 0 4
18 0 0 0 0 0 0 0 4 0 0 0 0 0 0 0 0 5 0 0 0 0 0 0 1 0 0 0 0 0 0 0 9 0 20 0 0 0 0 57 0
9 0 6 0 0 0 0 0 4 0 0 0 0 0 0 0 0 0 0 0 0 0 1 0 0 0 0 0 0 0 0 0 5 0 19 16 0 0 0 35 2
0 0 20 15 0 0 0 0 0 0 0 0 0 0 0 0 0 0 0 0 0 0 13 0 0 0 0 0 1 0 0 21 0 0 0 7 0 17 0 0 3
18 0 0 0 0 0 0 0 4 0 0 0 0 0 0 0 0 5 0 0 0 0 0 0 1 0 0 0 0 0 0 0 9 0 21 0 0 0 0 57 0
16 0 0 0 0 0 0 0 5 0 0 0 0 0 0 0 0 3 0 0 0 0 0 0 0 0 0 0 0 0 0 0 8 0 22 5 0 0 0 53 0
0 0 20 11 0 0 0 0 0 0 0 0 0 0 0 0 0 0 0 0 0 0 11 0 0 0 0 0 0 0 0 15 0 0 4 18 0 10 0 0 4
0 0 18 10 0 0 0 0 1 0 0 0 0 0 0 0 0 0 0 0 0 0 10 0 0 0 0 0 0 0 0 13 0 0 6 17 0 8 0 0 4
1 0 18 9 0 0 0 0 1 0 0 0 0 0 0 0 0 0 0 0 0 0 9 0 0 0 0 0 0 0 0 11 1 0 9 20 0 8 0 8 4
10 0 2 0 0 0 0 0 5 0 0 0 0 0 0 0 0 1 0 0 0 0 0 0 0 0 0 0 0 0 0 0 6 0 19 13 0 0 0 39 1
19 0 0 0 0 0 0 0 4 0 0 0 0 0 0 0 0 6 0 0 0 0 0 0 1 0 0 0 0 0 0 0 9 0 21 0 0 0 0 58 0
19 0 0 0 0 0 0 0 4 0 0 0 0 0 0 0 0 6 0 0 0 0 0 0 1 0 0 0 0 0 0 0 9 0 21 0 0 0 0 59 0
0 0 24 17 0 0 0 0 0 0 0 0 0 0 0 0 0 0 0 0 0 0 15 0 0 0 0 0 1 0 0 22 0 0 0 16 0 16 0 0 5
0 0 20 15 0 0 0 0 0 0 0 0 0 0 0 0 0 0 0 0 0 0 13 0 0 0 0 0 2 0 0 22 0 0 0 6 0 18 0 0 3
18 0 0 0 0 0 0 0 5 0 0 0 0 0 0 0 0 5 0 0 0 0 0 0 0 0 0 0 0 0 0 0 9 0 22 0 0 0 0 59 0
0 0 21 13 0 0 0 0 0 0 0 0 0 0 0 0 0 0 0 0 0 0 13 0 0 0 0 0 0 0 0 17 0 0 0 17 0 12 0 0 4
7 0 10 2 0 0 0 0 3 0 0 0 0 0 0 0 0 0 0 0 0 0 4 0 0 0 0 0 0 0 0 2 4 0 16 18 0 1 0 28 3
19 0 0 0 0 0 0 0 3 0 0 0 0 0 0 0 0 7 0 0 0 0 0 0 2 0 0 0 0 0 0 0 9 0 20 0 0 0 0 59 0
0 0 22 16 0 0 0 0 0 0 0 0 0 0 0 0 0 0 0 0 0 0 14 0 0 0 0 0 2 0 0 23 0 0 0 9 0 18 0 0 4
0 0 23 15 0 0 0 0 0 0 0 0 0 0 0 0 0 0 0 0 0 0 14 0 0 0 0 0 1 0 0 21 0 0 0 14 0 15 0 0 4
12 0 0 0 0 0 0 0 5 0 0 0 0 0 0 0 0 2 0 0 0 0 0 0 0 0 0 0 0 0 0 0 6 0 20 11 0 0 0 42 0
0 0 20 15 0 0 0 0 0 0 0 0 0 0 0 0 0 0 0 0 0 0 13 0 0 0 0 0 1 0 0 22 0 0 0 6 0 18 0 0 3
0 0 15 6 0 0 0 0 2 0 0 0 0 0 0 0 0 0 0 0 0 0 7 0 0 0 0 0 0 0 0 9 1 0 11 17 0 5 0 11 3
0 0 16 8 0 0 0 0 1 0 0 0 0 0 0 0 0 0 0 0 0 0 8 0 0 0 0 0 0 0 0 10 0 0 9 18 0 6 0 8 4
0 0 22 16 0 0 0 0 0 0 0 0 0 0 0 0 0 0 0 0 0 0 13 0 0 0 0 0 2 0 0 22 0 0 0 9 0 17 0 0 4
16 0 0 0 0 0 0 0 6 0 0 0 0 0 0 0 0 2 0 0 0 0 0 0 0 0 0 0 0 0 0 0 8 0 22 8 0 0 0 52 0
19 0 0 0 0 0 0 0 4 0 0 0 0 0 0 0 0 6 0 0 0 0 0 0 1 0 0 0 0 0 0 0 9 0 20 0 0 0 0 58 0
19 0 0 0 0 0 0 0 4 0 0 0 0 0 0 0 0 6 0 0 0 0 0 0 1 0 0 0 0 0 0 0 9 0 21 0 0 0 0 59 0
0 0 21 15 0 0 0 0 0 0 0 0 0 0 0 0 0 0 0 0 0 0 13 0 0 0 0 0 1 0 0 22 0 0 0 8 0 17 0 0 4
0 0 20 15 0 0 0 0 0 0 0 0 0 0 0 0 0 0 0 0 0 0 13 0 0 0 0 0 2 0 0 22 0 0 0 7 0 18 0 0 4
11 0 3 0 0 0 0 0 4 0 0 0 0 0 0 0 0 1 0 0 0 0 0 0 0 0 0 0 0 0 0 0 6 0 19 13 0 0 0 39 1
15 0 0 0 0 0 0 0 5 0 0 0 0 0 0 0 0 3 0 0 0 0 0 0 0 0 0 0 0 0 0 0 8 0 20 3 0 0 0 50 0
4 0 10 3 0 0 0 0 3 0 0 0 0 0 0 0 0 0 0 0 0 0 4 0 0 0 0 0 0 0 0 3 3 0 14 16 0 2 0 23 2
17 0 0 0 0 0 0 0 5 0 0 0 0 0 0 0 0 4 0 0 0 0 0 0 0 0 0 0 0 0 0 0 9 0 22 0 0 0 0 56 0
2 0 14 6 0 0 0 0 2 0 0 0 0 0 0 0 0 0 0 0 0 0 7 0 0 0 0 0 0 0 0 7 1 0 12 17 0 5 0 15 3
19 0 0 0 0 0 0 0 3 0 0 0 0 0 0 0 0 6 0 0 0 0 0 0 1 0 0 0 0 0 0 0 9 0 20 0 0 0 0 59 0
0 0 23 15 0 0 0 0 0 0 0 0 0 0 0 0 0 0 0 0 0 0 14 0 0 0 0 0 1 0 0 20 0 0 0 15 0 14 0 0 4
20 0 0 0 0 0 0 0 3 0 0 0 0 0 0 0 0 6 0 0 0 0 0 0 1 0 0 0 0 0 0 0 9 0 20 0 0 0 0 60 0
0 0 16 8 0 0 0 0 1 0 0 0 0 0 0 0 0 0 0 0 0 0 9 0 0 0 0 0 0 0 0 11 0 0 8 16 0 7 0 5 3
17 0 0 0 0 0 0 0 5 0 0 0 0 0 0 0 0 3 0 0 0 0 0 0 0 0 0 0 0 0 0 0 8 0 22 4 0 0 0 53 0
0 0 20 12 0 0 0 0 0 0 0 0 0 0 0 0 0 0 0 0 0 0 12 0 0 0 0 0 0 0 0 15 0 0 3 18 0 11 0 0 4
0 0 21 15 0 0 0 0 0 0 0 0 0 0 0 0 0 0 0 0 0 0 13 0 0 0 0 0 2 0 0 22 0 0 0 7 0 18 0 0 4
15 0 0 0 0 0 0 0 5 0 0 0 0 0 0 0 0 2 0 0 0 0 0 0 0 0 0 0 0 0 0 0 7 0 21 8 0 0 0 48 0
6 0 11 3 0 0 0 0 3 0 0 0 0 0 0 0 0 0 0 0 0 0 5 0 0 0 0 0 0 0 0 3 3 0 15 18 0 2 0 26 3
14 0 0 0 0 0 0 0 6 0 0 0 0 0 0 0 0 2 0 0 0 0 0 0 0 0 0 0 0 0 0 0 7 0 21 9 0 0 0 49 0
0 0 22 16 0 0 0 0 0 0 0 0 0 0 0 0 0 0 0 0 0 0 14 0 0 0 0 0 1 0 0 23 0 0 0 10 0 17 0 0 4
0 0 19 10 0 0 0 0 1 0 0 0 0 0 0 0 0 0 0 0 0 0 10 0 0 0 0 0 0 0 0 14 0 0 6 18 0 9 0 0 4
0 0 21 15 0 0 0 0 0 0 0 0 0 0 0 0 0 0 0 0 0 0 13 0 0 0 0 0 2 0 0 22 0 0 0 8 0 17 0 0 4
17 0 0 0 0 0 0 0 5 0 0 0 0 0 0 0 0 4 0 0 0 0 0 0 0 0 0 0 0 0 0 0 8 0 22 0 0 0 0 55 0
17 0 0 0 0 0 0 0 5 0 0 0 0 0 0 0 0 4 0 0 0 0 0 0 0 0 0 0 0 0 0 0 8 0 21 0 0 0 0 54 0
0 0 23 16 0 0 0 0 0 0 0 0 0 0 0 0 0 0 0 0 0 0 14 0 0 0 0 0 1 0 0 22 0 0 0 13 0 15 0 0 4
1 0 15 7 0 0 0 0 2 0 0 0 0 0 0 0 0 0 0 0 0 0 8 0 0 0 0 0 0 0 0 9 1 0 10 18 0 6 0 11 3
16 0 0 0 0 0 0 0 5 0 0 0 0 0 0 0 0 3 0 0 0 0 0 0 0 0 0 0 0 0 0 0 8 0 21 5 0 0 0 52 0
17 0 0 0 0 0 0 0 5 0 0 0 0 0 0 0 0 4 0 0 0 0 0 0 0 0 0 0 0 0 0 0 8 0 20 0 0 0 0 54 0
0 0 22 16 0 0 0 0 0 0 0 0 0 0 0 0 0 0 0 0 0 0 14 0 0 0 0 0 2 0 0 23 0 0 0 10 0 18 0 0 4
17 0 0 0 0 0 0 0 5 0 0 0 0 0 0 0 0 4 0 0 0 0 0 0 0 0 0 0 0 0 0 0 8 0 22 0 0 0 0 54 0
16 0 0 0 0 0 0 0 5 0 0 0 0 0 0 0 0 3 0 0 0 0 0 0 0 0 0 0 0 0 0 0 8 0 21 5 0 0 0 52 0
0 0 20 15 0 0 0 0 0 0 0 0 0 0 0 0 0 0 0 0 0 0 13 0 0 0 0 0 2 0 0 22 0 0 0 5 0 19 0 0 3
19 0 0 0 0 0 0 0 4 0 0 0 0 0 0 0 0 6 0 0 0 0 0 0 1 0 0 0 0 0 0 0 9 0 21 0 0 0 0 60 0
18 0 0 0 0 0 0 0 4 0 0 0 0 0 0 0 0 5 0 0 0 0 0 0 1 0 0 0 0 0 0 0 9 0 19 0 0 0 0 56 0
0 0 23 15 0 0 0 0 0 0 0 0 0 0 0 0 0 0 0 0 0 0 14 0 0 0 0 0 1 0 0 21 0 0 0 14 0 16 0 0 4
0 0 22 16 0 0 0 0 0 0 0 0 0 0 0 0 0 0 0 0 0 0 14 0 0 0 0 0 2 0 0 22 0 0 0 10 0 17 0 0 4
16 0 0 0 0 0 0 0 5 0 0 0 0 0 0 0 0 3 0 0 0 0 0 0 0 0 0 0 0 0 0 0 8 0 21 6 0 0 0 50 0
17 0 0 0 0 0 0 0 4 0 0 0 0 0 0 0 0 4 0 0 0 0 0 0 0 0 0 0 0 0 0 0 8 0 20 0 0 0 0 54 0
1 0 16 9 0 0 0 0 1 0 0 0 0 0 0 0 0 0 0 0 0 0 9 0 0 0 0 0 0 0 0 10 1 0 8 18 0 7 0 7 3
0 0 19 11 0 0 0 0 0 0 0 0 0 0 0 0 0 0 0 0 0 0 10 0 0 0 0 0 0 0 0 14 0 0 5 16 0 9 0 0 4
0 0 22 16 0 0 0 0 0 0 0 0 0 0 0 0 0 0 0 0 0 0 14 0 0 0 0 0 1 0 0 22 0 0 0 10 0 17 0 0 4
18 0 0 0 0 0 0 0 4 0 0 0 0 0 0 0 0 5 0 0 0 0 0 0 0 0 0 0 0 0 0 0 9 0 22 0 0 0 0 59 0
0 0 23 16 0 0 0 0 0 0 0 0 0 0 0 0 0 0 0 0 0 0 14 0 0 0 0 0 1 0 0 22 0 0 0 13 0 16 0 0 4
18 0 0 0 0 0 0 0 4 0 0 0 0 0 0 0 0 6 0 0 0 0 0 0 1 0 0 0 0 0 0 0 9 0 21 0 0 0 0 58 0
16 0 0 0 0 0 0 0 5 0 0 0 0 0 0 0 0 3 0 0 0 0 0 0 0 0 0 0 0 0 0 0 8 0 21 5 0 0 0 51 0
0 0 17 10 0 0 0 0 1 0 0 0 0 0 0 0 0 0 0 0 0 0 9 0 0 0 0 0 0 0 0 12 0 0 6 16 0 8 0 0 3
5 0 11 4 0 0 0 0 3 0 0 0 0 0 0 0 0 0 0 0 0 0 5 0 0 0 0 0 0 0 0 4 3 0 14 18 0 3 0 24 3
0 0 22 15 0 0 0 0 0 0 0 0 0 0 0 0 0 0 0 0 0 0 14 0 0 0 0 0 1 0 0 22 0 0 0 11 0 16 0 0 4
17 0 0 0 0 0 0 0 5 0 0 0 0 0 0 0 0 4 0 0 0 0 0 0 0 0 0 0 0 0 0 0 8 0 22 3 0 0 0 54 0
17 0 0 0 0 0 0 0 5 0 0 0 0 0 0 0 0 4 0 0 0 0 0 0 0 0 0 0 0 0 0 0 8 0 21 0 0 0 0 54 0
15 0 0 0 0 0 0 0 5 0 0 0 0 0 0 0 0 2 0 0 0 0 0 0 0 0 0 0 0 0 0 0 7 0 20 7 0 0 0 48 0
16 0 0 0 0 0 0 0 5 0 0 0 0 0 0 0 0 3 0 0 0 0 0 0 0 0 0 0 0 0 0 0 8 0 21 6 0 0 0 51 0
17 0 0 0 0 0 0 0 5 0 0 0 0 0 0 0 0 3 0 0 0 0 0 0 0 0 0 0 0 0 0 0 8 0 21 2 0 0 0 54 0
4 0 11 4 0 0 0 0 2 0 0 0 0 0 0 0 0 0 0 0 0 0 5 0 0 0 0 0 0 0 0 4 3 0 14 16 0 3 0 22 3
0 0 22 16 0 0 0 0 0 0 0 0 0 0 0 0 0 0 0 0 0 0 14 0 0 0 0 0 1 0 0 22 0 0 0 12 0 16 0 0 4
0 0 23 15 0 0 0 0 0 0 0 0 0 0 0 0 0 0 0 0 0 0 14 0 0 0 0 0 1 0 0 20 0 0 0 17 0 15 0 0 4
18 0 0 0 0 0 0 0 5 0 0 0 0 0 0 0 0 5 0 0 0 0 0 0 0 0 0 0 0 0 0 0 9 0 22 0 0 0 0 57 0
2 0 14 6 0 0 0 0 2 0 0 0 0 0 0 0 0 0 0 0 0 0 7 0 0 0 0 0 0 0 0 7 2 0 12 17 0 5 0 16 3
13 0 0 0 0 0 0 0 5 0 0 0 0 0 0 0 0 2 0 0 0 0 0 0 0 0 0 0 0 0 0 0 6 0 20 9 0 0 0 44 0
12 0 0 0 0 0 0 0 5 0 0 0 0 0 0 0 0 0 0 0 0 0 0 0 0 0 0 0 0 0 0 0 6 0 18 12 0 0 0 39 0
0 0 22 16 0 0 0 0 0 0 0 0 0 0 0 0 0 0 0 0 0 0 14 0 0 0 0 0 1 0 0 23 0 0 0 10 0 17 0 0 4
0 0 22 16 0 0 0 0 0 0 0 0 0 0 0 0 0 0 0 0 0 0 14 0 0 0 0 0 1 0 0 23 0 0 0 10 0 17 0 0 4
17 0 0 0 0 0 0 0 5 0 0 0 0 0 0 0 0 3 0 0 0 0 0 0 0 0 0 0 0 0 0 0 8 0 21 4 0 0 0 53 0
0 0 17 8 0 0 0 0 1 0 0 0 0 0 0 0 0 0 0 0 0 0 9 0 0 0 0 0 0 0 0 11 0 0 8 17 0 7 0 5 4
17 0 0 0 0 0 0 0 4 0 0 0 0 0 0 0 0 5 0 0 0 0 0 0 0 0 0 0 0 0 0 0 8 0 19 0 0 0 0 54 0
0 0 18 14 0 0 0 0 0 0 0 0 0 0 0 0 0 0 0 0 0 0 11 0 0 0 0 0 2 0 0 22 0 0 0 1 0 18 0 0 3
18 0 0 0 0 0 0 0 4 0 0 0 0 0 0 0 0 5 0 0 0 0 0 0 0 0 0 0 0 0 0 0 9 0 20 0 0 0 0 56 0
16 0 0 0 0 0 0 0 5 0 0 0 0 0 0 0 0 3 0 0 0 0 0 0 0 0 0 0 0 0 0 0 8 0 22 4 0 0 0 54 0
0 0 19 11 0 0 0 0 0 0 0 0 0 0 0 0 0 0 0 0 0 0 11 0 0 0 0 0 0 0 0 14 0 0 5 17 0 10 0 0 4
0 0 20 13 0 0 0 0 0 0 0 0 0 0 0 0 0 0 0 0 0 0 12 0 0 0 0 0 0 0 0 17 0 0 0 15 0 12 0 0 4
0 0 23 16 0 0 0 0 0 0 0 0 0 0 0 0 0 0 0 0 0 0 14 0 0 0 0 0 1 0 0 22 0 0 0 11 0 17 0 0 4
18 0 0 0 0 0 0 0 4 0 0 0 0 0 0 0 0 5 0 0 0 0 0 0 0 0 0 0 0 0 0 0 9 0 21 0 0 0 0 58 0
17 0 0 0 0 0 0 0 4 0 0 0 0 0 0 0 0 4 0 0 0 0 0 0 0 0 0 0 0 0 0 0 8 0 20 0 0 0 0 54 0
0 0 19 11 0 0 0 0 0 0 0 0 0 0 0 0 0 0 0 0 0 0 10 0 0 0 0 0 0 0 0 15 0 0 3 15 0 10 0 0 4
0 0 20 15 0 0 0 0 0 0 0 0 0 0 0 0 0 0 0 0 0 0 13 0 0 0 0 0 2 0 0 22 0 0 0 7 0 18 0 0 4
0 0 22 15 0 0 0 0 0 0 0 0 0 0 0 0 0 0 0 0 0 0 13 0 0 0 0 0 1 0 0 20 0 0 0 14 0 14 0 0 4
10 0 3 0 0 0 0 0 5 0 0 0 0 0 0 0 0 1 0 0 0 0 0 0 0 0 0 0 0 0 0 0 5 0 20 14 0 0 0 39 1
17 0 0 0 0 0 0 0 5 0 0 0 0 0 0 0 0 4 0 0 0 0 0 0 0 0 0 0 0 0 0 0 9 0 22 1 0 0 0 55 0
0 0 20 15 0 0 0 0 0 0 0 0 0 0 0 0 0 0 0 0 0 0 13 0 0 0 0 0 2 0 0 22 0 0 0 7 0 18 0 0 4
0 0 22 16 0 0 0 0 0 0 0 0 0 0 0 0 0 0 0 0 0 0 14 0 0 0 0 0 1 0 0 23 0 0 0 11 0 18 0 0 4
16 0 0 0 0 0 0 0 5 0 0 0 0 0 0 0 0 3 0 0 0 0 0 0 0 0 0 0 0 0 0 0 8 0 21 7 0 0 0 51 0
16 0 0 0 0 0 0 0 5 0 0 0 0 0 0 0 0 4 0 0 0 0 0 0 0 0 0 0 0 0 0 0 8 0 20 0 0 0 0 52 0
0 0 21 13 0 0 0 0 0 0 0 0 0 0 0 0 0 0 0 0 0 0 12 0 0 0 0 0 0 0 0 18 0 0 0 15 0 12 0 0 4
13 0 0 0 0 0 0 0 5 0 0 0 0 0 0 0 0 2 0 0 0 0 0 0 0 0 0 0 0 0 0 0 7 0 21 10 0 0 0 47 0
11 0 1 0 0 0 0 0 5 0 0 0 0 0 0 0 0 2 0 0 0 0 0 0 0 0 0 0 0 0 0 0 6 0 20 13 0 0 0 41 1
20 0 0 0 0 0 0 0 4 0 0 0 0 0 0 0 0 7 0 0 0 0 0 0 1 0 0 0 0 0 0 0 10 0 21 0 0 0 0 61 0
0 0 22 16 0 0 0 0 0 0 0 0 0 0 0 0 0 0 0 0 0 0 14 0 0 0 0 0 1 0 0 22 0 0 0 10 0 16 0 0 4
18 0 0 0 0 0 0 0 4 0 0 0 0 0 0 0 0 5 0 0 0 0 0 0 1 0 0 0 0 0 0 0 9 0 21 0 0 0 0 59 0
8 0 6 0 0 0 0 0 4 0 0 0 0 0 0 0 0 1 0 0 0 0 1 0 0 0 0 0 0 0 0 0 5 0 18 16 0 0 0 34 2
2 0 14 6 0 0 0 0 2 0 0 0 0 0 0 0 0 0 0 0 0 0 7 0 0 0 0 0 0 0 0 7 2 0 12 18 0 5 0 15 3
19 0 0 0 0 0 0 0 3 0 0 0 0 0 0 0 0 7 0 0 0 0 0 0 2 0 0 0 0 0 0 0 10 0 18 0 0 0 0 60 0
18 0 0 0 0 0 0 0 4 0 0 0 0 0 0 0 0 5 0 0 0 0 0 0 1 0 0 0 0 0 0 0 9 0 20 0 0 0 0 56 0
16 0 0 0 0 0 0 0 5 0 0 0 0 0 0 0 0 3 0 0 0 0 0 0 0 0 0 0 0 0 0 0 8 0 22 4 0 0 0 54 0
18 0 0 0 0 0 0 0 4 0 0 0 0 0 0 0 0 6 0 0 0 0 0 0 1 0 0 0 0 0 0 0 9 0 20 0 0 0 0 58 0
15 0 0 0 0 0 0 0 5 0 0 0 0 0 0 0 0 2 0 0 0 0 0 0 0 0 0 0 0 0 0 0 7 0 20 7 0 0 0 47 0
0 0 20 15 0 0 0 0 0 0 0 0 0 0 0 0 0 0 0 0 0 0 13 0 0 0 0 0 1 0 0 21 0 0 0 8 0 16 0 0 4
18 0 0 0 0 0 0 0 4 0 0 0 0 0 0 0 0 5 0 0 0 0 0 0 0 0 0 0 0 0 0 0 9 0 22 0 0 0 0 58 0
14 0 0 0 0 0 0 0 5 0 0 0 0 0 0 0 0 2 0 0 0 0 0 0 0 0 0 0 0 0 0 0 7 0 20 7 0 0 0 47 0
0 0 23 16 0 0 0 0 0 0 0 0 0 0 0 0 0 0 0 0 0 0 14 0 0 0 0 0 1 0 0 22 0 0 0 13 0 16 0 0 4
17 0 0 0 0 0 0 0 5 0 0 0 0 0 0 0 0 5 0 0 0 0 0 0 0 0 0 0 0 0 0 0 9 0 21 0 0 0 0 56 0
0 0 22 16 0 0 0 0 0 0 0 0 0 0 0 0 0 0 0 0 0 0 14 0 0 0 0 0 2 0 0 22 0 0 0 9 0 18 0 0 4
16 0 0 0 0 0 0 0 5 0 0 0 0 0 0 0 0 4 0 0 0 0 0 0 0 0 0 0 0 0 0 0 8 0 21 1 0 0 0 52 0
0 0 24 16 0 0 0 0 0 0 0 0 0 0 0 0 0 0 0 0 0 0 15 0 0 0 0 0 1 0 0 22 0 0 0 15 0 16 0 0 5
19 0 0 0 0 0 0 0 3 0 0 0 0 0 0 0 0 6 0 0 0 0 0 0 1 0 0 0 0 0 0 0 9 0 20 0 0 0 0 60 0
0 0 23 16 0 0 0 0 0 0 0 0 0 0 0 0 0 0 0 0 0 0 14 0 0 0 0 0 1 0 0 22 0 0 0 13 0 16 0 0 4
19 0 0 0 0 0 0 0 3 0 0 0 0 0 0 0 0 6 0 0 0 0 0 0 2 0 0 0 0 0 0 0 9 0 18 0 0 0 0 57 0
17 0 0 0 0 0 0 0 5 0 0 0 0 0 0 0 0 4 0 0 0 0 0 0 0 0 0 0 0 0 0 0 8 0 22 1 0 0 0 54 0
0 0 21 12 0 0 0 0 0 0 0 0 0 0 0 0 0 0 0 0 0 0 12 0 0 0 0 0 0 0 0 16 0 0 2 18 0 11 0 0 4
18 0 0 0 0 0 0 0 4 0 0 0 0 0 0 0 0 5 0 0 0 0 0 0 0 0 0 0 0 0 0 0 9 0 21 0 0 0 0 56 0
0 0 20 15 0 0 0 0 0 0 0 0 0 0 0 0 0 0 0 0 0 0 13 0 0 0 0 0 2 0 0 22 0 0 0 5 0 19 0 0 3
0 0 18 15 0 0 0 0 0 0 0 0 0 0 0 0 0 0 0 0 0 0 12 0 0 0 0 0 2 0 0 22 0 0 0 1 0 19 0 0 3
17 0 0 0 0 0 0 0 5 0 0 0 0 0 0 0 0 3 0 0 0 0 0 0 0 0 0 0 0 0 0 0 8 0 22 3 0 0 0 55 0
18 0 0 0 0 0 0 0 5 0 0 0 0 0 0 0 0 5 0 0 0 0 0 0 0 0 0 0 0 0 0 0 9 0 22 0 0 0 0 58 0
9 0 3 0 0 0 0 0 4 0 0 0 0 0 0 0 0 1 0 0 0 0 0 0 0 0 0 0 0 0 0 0 5 0 17 12 0 0 0 35 1
