0 0 11 0 0 0 0 0 0 0 0 0 0 0 0 0 0 0 0 0 0 0 0 0 0 0 6 0 0 0 9 24 0 0 59 36 0 0 0 44 0
0 0 14 0 0 0 0 0 0 0 0 0 0 0 0 0 0 0 0 0 0 0 0 2 0 1 3 0 0 0 2 24 0 0 52 37 0 0 0 47 0
0 0 11 0 0 0 0 0 0 0 0 0 0 0 0 0 0 0 0 0 0 0 0 0 0 0 5 0 0 0 8 24 0 0 58 36 0 0 0 43 0
0 0 24 0 0 0 0 0 0 0 0 0 0 0 0 0 0 0 0 0 0 0 1 0 0 0 7 0 0 0 6 17 0 0 42 27 0 0 0 56 0
0 0 11 0 0 0 0 0 0 0 0 0 0 0 0 0 0 0 0 0 0 0 0 2 0 1 3 0 1 0 1 26 0 0 56 40 0 0 0 46 0
0 0 28 6 0 0 0 0 0 0 0 0 0 0 0 0 0 0 0 0 0 0 5 0 0 0 11 2 0 0 7 3 0 0 19 8 0 0 0 54 0
32 1 20 8 3 0 0 0 0 0 0 0 21 0 0 0 0 0 0 0 2 20 9 0 0 0 3 23 0 0 2 0 0 0 0 0 0 0 0 11 28
0 0 8 0 0 0 0 0 0 0 0 0 0 0 0 0 0 0 0 0 0 0 0 2 0 0 5 0 0 0 3 27 0 0 62 42 0 0 0 44 0
0 1 13 0 0 0 0 0 0 0 0 0 0 0 0 0 0 0 0 0 0 0 0 2 0 0 4 0 0 0 3 25 0 0 56 38 0 0 0 48 0
0 0 21 0 0 0 0 0 0 0 0 0 0 0 0 0 0 0 0 0 0 0 0 1 0 0 6 0 0 0 4 19 0 0 46 31 0 0 0 55 0
71 2 0 16 11 0 1 0 0 0 4 0 58 0 0 0 0 12 0 0 0 58 14 0 0 0 0 37 0 0 0 0 0 1 0 0 0 0 0 0 58
0 0 8 0 0 0 0 0 0 0 0 0 0 0 0 0 0 0 0 0 0 0 0 3 0 1 3 0 1 0 1 28 0 0 60 43 0 0 0 45 0
0 0 22 0 0 0 0 0 0 0 0 0 0 0 0 0 0 0 0 0 0 0 0 0 0 0 8 0 0 0 9 15 0 0 40 22 0 0 0 50 0
0 0 20 0 0 0 0 0 0 0 0 0 0 0 0 0 0 0 0 0 0 0 0 0 0 0 6 0 0 0 8 19 0 0 48 29 0 0 0 51 0
21 0 22 3 2 0 0 0 0 0 0 0 9 0 0 0 0 0 0 0 0 7 7 0 0 0 5 20 0 0 8 0 0 0 0 0 0 0 0 23 22
0 0 28 5 0 0 0 0 0 0 0 0 0 0 0 0 0 0 0 0 0 0 5 0 0 0 10 0 0 0 6 5 0 0 22 11 0 0 0 55 0
61 1 1 15 9 0 1 0 0 0 3 0 49 0 0 0 0 7 0 0 1 49 13 0 0 0 0 35 0 0 0 0 0 1 0 0 0 0 0 0 50
72 2 0 15 11 0 1 0 0 0 4 0 58 0 0 0 0 13 0 0 1 58 14 0 0 0 0 37 0 0 0 0 0 0 0 0 0 0 0 0 59
70 3 0 18 10 0 1 0 0 0 5 0 60 1 0 0 0 13 0 0 1 60 15 0 0 1 0 37 0 1 0 0 0 2 0 0 0 0 0 0 57
0 0 25 2 0 0 0 0 0 0 0 0 0 0 0 0 0 0 0 0 0 0 2 1 0 0 7 0 0 0 3 13 0 0 33 22 0 0 0 57 0
0 0 21 0 0 0 0 0 0 0 0 0 0 0 0 0 0 0 0 0 0 0 0 1 0 0 5 0 0 0 3 20 0 0 45 30 0 0 0 54 0
0 0 24 0 0 0 0 0 0 0 0 0 0 0 0 0 0 0 0 0 0 0 1 0 0 0 8 0 0 0 6 14 0 0 40 24 0 0 0 57 0
0 0 13 0 0 0 0 0 0 0 0 0 0 0 0 0 0 0 0 0 0 0 0 2 0 1 4 0 0 0 3 24 0 0 54 38 0 0 0 47 0
0 0 10 0 0 0 0 0 0 0 0 0 0 0 0 0 0 0 0 0 0 0 0 2 0 0 5 0 0 0 4 26 0 0 58 39 0 0 0 45 0
0 0 16 0 0 0 0 0 0 0 0 0 0 0 0 0 0 0 0 0 0 0 0 0 0 0 6 0 0 0 8 21 0 0 52 32 0 0 0 48 0
0 0 11 0 0 0 0 0 0 0 0 0 0 0 0 0 0 0 0 0 0 0 0 1 0 0 5 0 0 0 6 25 0 0 58 37 0 0 0 44 0
0 0 21 0 0 0 0 0 0 0 0 0 0 0 0 0 0 0 0 0 0 0 0 0 0 0 7 0 0 0 7 17 0 0 44 27 0 0 0 52 0
0 0 12 0 0 0 0 0 0 0 0 0 0 0 0 0 0 0 0 0 0 0 0 2 0 1 4 0 0 0 2 24 0 0 53 37 0 0 0 46 0
0 0 18 0 0 0 0 0 0 0 0 0 0 0 0 0 0 0 0 0 0 0 0 0 0 0 5 0 0 0 7 21 0 0 50 32 0 0 0 51 0
0 0 16 0 0 0 0 0 0 0 0 0 0 0 0 0 0 0 0 0 0 0 0 1 0 0 5 0 0 0 5 22 0 0 52 35 0 0 0 50 0
0 0 15 0 0 0 0 0 0 0 0 0 0 0 0 0 0 0 0 0 0 0 0 1 0 0 5 0 0 0 5 23 0 0 53 35 0 0 0 48 0
0 0 18 0 0 0 0 0 0 0 0 0 0 0 0 0 0 0 0 0 0 0 0 2 0 1 3 0 1 0 1 22 0 0 47 34 0 0 0 52 0
0 0 12 0 0 0 0 0 0 0 0 0 0 0 0 0 0 0 0 0 0 0 0 0 0 0 6 0 0 0 8 23 0 0 58 35 0 0 0 45 0
0 0 14 0 0 0 0 0 0 0 0 0 0 0 0 0 0 0 0 0 0 0 0 2 0 1 3 0 0 0 1 24 0 0 50 36 0 0 0 48 0
0 0 15 0 0 0 0 0 0 0 0 0 0 0 0 0 0 0 0 0 0 0 0 2 0 1 4 0 0 0 2 23 0 0 50 35 0 0 0 48 0
80 2 0 12 13 0 1 0 0 0 5 0 64 0 0 0 0 17 0 0 0 65 14 0 0 2 0 40 0 0 0 0 0 0 0 0 0 0 0 0 67
13 0 29 8 0 0 0 0 0 0 0 0 8 0 0 0 0 0 0 0 1 6 7 0 0 0 10 13 0 0 5 0 0 0 2 0 0 0 0 44 11
0 0 24 0 0 0 0 0 0 0 0 0 0 0 0 0 0 0 0 0 0 0 4 0 0 0 8 5 0 0 11 6 0 0 23 8 0 0 0 43 1
0 0 24 0 0 0 0 0 0 0 0 0 0 0 0 0 0 0 0 0 0 0 1 1 0 0 7 0 0 0 4 17 0 0 42 28 0 0 0 58 0
0 0 14 0 0 0 0 0 0 0 0 0 0 0 0 0 0 0 0 0 0 0 0 0 0 0 6 0 0 0 7 22 0 0 53 33 0 0 0 47 0
0 0 13 0 0 0 0 0 0 0 0 0 0 0 0 0 0 0 0 0 0 0 0 1 0 0 4 0 0 0 4 24 0 0 54 36 0 0 0 46 0
0 0 8 0 0 0 0 0 0 0 0 0 0 0 0 0 0 0 0 0 0 0 0 2 0 1 3 0 0 0 2 27 0 0 60 41 0 0 0 43 0
0 0 18 0 0 0 0 0 0 0 0 0 0 0 0 0 0 0 0 0 0 0 0 3 0 1 3 0 1 0 0 23 0 0 47 35 0 0 0 53 0
0 0 16 0 0 0 0 0 0 0 0 0 0 0 0 0 0 0 0 0 0 0 0 0 0 0 6 0 0 0 7 21 0 0 53 32 0 0 0 49 0
0 0 0 0 0 0 0 0 0 0 0 0 0 0 1 0 0 0 0 0 0 0 0 5 0 1 2 0 1 0 1 36 0 1 77 55 0 0 0 36 0
80 3 0 17 12 0 1 0 0 0 5 0 67 0 0 0 0 18 0 0 0 68 15 0 0 2 0 40 0 0 0 0 0 1 0 0 0 0 0 0 66
0 0 0 0 0 0 0 0 0 0 0 0 0 0 0 1 0 0 0 0 0 0 0 8 0 2 0 0 4 0 0 40 0 1 80 64 0 2 0 49 0
0 0 18 0 0 0 0 0 0 0 0 0 0 0 0 0 0 0 0 0 0 0 0 1 0 0 6 0 0 0 5 20 0 0 48 32 0 0 0 51 0
0 0 22 0 0 0 0 0 0 0 0 0 0 0 0 0 0 0 0 0 0 0 0 0 0 0 7 0 0 0 9 16 0 0 41 22 0 0 0 50 0
64 1 0 13 9 0 1 0 0 0 3 0 49 0 0 0 0 8 0 0 1 49 13 0 0 0 0 35 0 0 0 0 0 0 0 0 0 0 0 0 52
70 1 0 14 11 0 1 0 0 0 4 0 56 0 0 0 0 12 0 0 0 56 14 0 0 0 0 37 0 0 0 0 0 0 0 0 0 0 0 0 58
0 0 14 0 0 0 0 0 0 0 0 0 0 0 0 0 0 0 0 0 0 0 0 1 0 0 6 0 0 0 7 23 0 0 55 35 0 0 0 47 0
55 2 6 15 7 0 1 0 0 0 3 0 44 0 0 0 0 5 0 0 1 44 12 0 0 0 0 33 0 0 0 0 0 1 0 0 0 0 0 0 45
0 0 12 0 0 0 0 0 0 0 0 0 0 0 0 0 0 0 0 0 0 0 0 1 0 0 5 0 0 0 5 24 0 0 57 38 0 0 0 46 0
0 0 15 0 0 0 0 0 0 0 0 0 0 0 0 0 0 0 0 0 0 0 0 0 0 0 6 0 0 0 9 22 0 0 54 32 0 0 0 47 0
66 1 0 14 10 0 1 0 0 0 4 0 52 0 0 0 0 9 0 0 1 53 13 0 0 0 0 36 0 0 0 0 0 1 0 0 0 0 0 0 54
83 3 0 18 12 0 1 0 0 0 5 0 70 0 0 0 0 18 0 0 0 70 16 0 0 2 0 42 0 0 0 0 0 1 0 0 0 0 0 0 68
0 0 27 4 0 0 0 0 0 0 0 0 0 0 0 0 0 0 0 0 0 0 2 0 0 0 7 0 0 0 5 6 0 0 18 10 0 0 0 48 0
72 2 0 16 11 0 1 0 0 0 4 0 59 0 0 0 0 13 0 0 1 58 14 0 0 0 0 38 0 0 0 0 0 1 0 0 0 0 0 0 59
0 0 6 0 0 0 0 0 0 0 0 0 0 0 0 0 0 0 0 0 0 0 0 2 0 1 5 0 0 0 5 29 0 0 65 44 0 0 0 43 0
0 0 5 0 0 0 0 0 0 0 0 0 0 0 0 0 0 0 0 0 0 0 0 2 0 1 4 0 0 0 5 29 0 0 67 44 0 0 0 41 0
0 1 10 0 0 0 0 0 0 0 0 0 0 0 0 0 0 0 0 0 0 0 0 0 0 0 5 0 0 0 8 25 0 0 60 37 0 0 0 44 0
0 0 27 4 0 0 0 0 0 0 0 0 0 0 0 0 0 0 0 0 0 0 3 0 0 0 10 2 0 0 8 4 0 0 20 9 0 0 0 51 0
0 0 24 0 0 0 0 0 0 0 0 0 0 0 0 0 0 0 0 0 0 0 1 0 0 0 8 0 0 0 9 15 0 0 40 22 0 0 0 54 0
0 0 13 0 0 0 0 0 0 0 0 0 0 0 0 0 0 0 0 0 0 0 0 0 0 0 5 0 0 0 7 24 0 0 55 34 0 0 0 46 0
0 0 16 0 0 0 0 0 0 0 0 0 0 0 0 0 0 0 0 0 0 0 0 3 0 1 3 0 1 0 0 23 0 0 48 37 0 0 0 52 0
0 0 14 0 0 0 0 0 0 0 0 0 0 0 0 0 0 0 0 0 0 0 0 3 0 2 2 0 1 0 0 25 0 0 52 39 0 1 0 51 0
0 1 22 0 0 0 0 0 0 0 0 0 0 0 0 0 0 0 0 0 0 0 2 0 0 0 6 0 0 0 9 10 0 0 28 13 0 0 0 43 0
0 0 13 0 0 0 0 0 0 0 0 0 0 0 0 0 0 0 0 0 0 0 0 2 0 0 5 0 0 0 3 24 0 0 53 37 0 0 0 48 0
32 1 18 8 4 0 0 0 0 0 0 0 21 0 0 0 0 0 0 0 2 20 8 0 0 0 2 23 0 0 3 0 0 0 0 0 0 0 0 7 29
0 0 12 0 0 0 0 0 0 0 0 0 0 0 0 0 0 0 0 0 0 0 0 1 0 0 4 0 0 0 4 24 0 0 55 36 0 0 0 44 0
17 0 25 10 0 0 0 0 0 0 0 0 14 0 0 0 0 0 0 0 1 12 8 0 0 0 10 15 0 0 3 0 0 0 0 0 0 0 0 34 15
0 0 7 0 0 0 0 0 0 0 0 0 0 0 0 0 0 0 0 0 0 0 0 2 0 0 4 0 0 0 3 28 0 0 63 42 0 0 0 43 0
74 2 0 17 11 0 1 0 0 0 5 0 62 0 0 0 0 14 0 0 0 62 15 0 0 1 0 38 0 1 0 0 0 1 0 0 0 0 0 0 60
0 0 24 2 0 0 0 0 0 0 0 0 0 0 0 0 0 0 0 0 0 0 3 1 0 0 7 0 0 0 4 14 0 0 35 22 0 0 0 56 0
0 0 26 0 0 0 0 0 0 0 0 0 0 0 0 0 0 0 0 0 0 0 2 0 0 0 7 0 0 0 4 12 0 0 32 19 0 0 0 57 0
7 0 29 9 0 0 0 0 0 0 0 0 6 0 0 0 0 0 0 0 1 4 7 0 0 0 10 7 0 0 4 0 0 0 6 1 0 0 0 49 3
33 1 18 8 4 0 0 0 0 0 0 0 21 0 0 0 0 0 0 0 1 20 8 0 0 0 3 24 0 0 4 0 0 0 0 0 0 0 0 7 31
0 0 25 0 0 0 0 0 0 0 0 0 0 0 0 0 0 0 0 0 0 0 1 0 0 0 7 0 0 0 6 14 0 0 36 22 0 0 0 56 0
54 1 7 11 8 0 0 0 0 0 2 0 39 0 0 0 0 3 0 0 1 39 11 0 0 0 0 33 0 0 0 0 0 0 0 0 0 0 0 0 47
0 0 26 5 0 0 0 0 0 0 0 0 0 0 0 0 0 0 0 0 0 0 3 2 0 0 8 0 0 1 2 8 0 0 24 16 0 0 0 58 0
9 0 24 2 0 0 0 0 0 0 0 0 3 0 0 0 0 0 0 0 0 0 4 0 0 0 6 11 0 0 7 1 0 0 8 0 0 0 0 32 10
0 0 13 0 0 0 0 0 0 0 0 0 0 0 0 0 0 0 0 0 0 0 0 2 0 1 4 0 0 0 4 24 0 0 55 38 0 0 0 47 0
79 2 0 16 12 0 1 0 0 0 5 0 65 0 0 0 0 16 0 0 0 66 15 0 0 1 0 40 0 0 0 0 0 1 0 0 0 0 0 0 65
46 1 14 10 6 0 0 0 0 0 1 0 31 0 0 0 0 0 0 0 2 31 10 0 0 0 1 30 0 0 1 0 0 0 0 0 0 0 0 0 40
32 0 24 13 3 0 0 0 0 0 0 0 24 0 0 0 0 0 0 0 2 23 10 0 0 0 9 24 0 0 2 0 0 0 0 0 0 0 0 23 26
45 0 16 13 5 0 0 0 0 0 1 0 34 0 0 0 0 0 0 0 2 33 11 0 0 0 3 30 0 0 0 0 0 0 0 0 0 0 0 0 38
15 1 24 6 0 0 0 0 0 0 0 0 9 0 0 0 0 0 0 0 1 8 7 0 0 0 6 13 0 0 4 0 0 0 0 0 0 0 0 30 14
0 0 28 3 0 0 0 0 0 0 0 0 0 0 0 0 0 0 0 0 0 0 4 0 0 0 9 0 0 0 6 9 0 0 30 17 0 0 0 58 0
0 0 18 0 0 0 0 0 0 0 0 0 0 0 0 0 0 0 0 0 0 0 0 1 0 0 4 0 0 0 4 21 0 0 47 31 0 0 0 49 0
10 0 25 6 0 0 0 0 0 0 0 0 6 0 0 0 0 0 0 0 0 4 6 0 0 0 6 10 0 0 5 0 0 0 3 0 0 0 0 35 9
0 0 9 0 0 0 0 0 0 0 0 0 0 0 0 0 0 0 0 0 0 0 0 0 0 1 5 0 0 0 8 26 0 0 62 38 0 0 0 42 0
0 0 24 0 0 0 0 0 0 0 0 0 0 0 0 0 0 0 0 0 0 0 1 1 0 0 7 0 0 0 2 16 0 0 38 26 0 0 0 57 0
0 0 0 0 0 0 0 0 0 0 0 0 0 0 0 0 0 0 0 0 0 0 0 2 0 0 5 0 0 0 8 32 0 0 75 48 0 0 0 36 0
57 1 7 15 7 0 1 0 0 0 3 0 44 0 0 0 0 4 0 0 2 44 13 0 0 0 0 34 0 0 0 0 0 1 0 0 0 0 0 0 46
0 0 27 3 0 0 0 0 0 0 0 0 0 0 0 0 0 0 0 0 0 0 4 0 0 0 10 0 0 0 8 8 0 0 27 14 0 0 0 55 0
0 0 2 0 0 0 0 0 0 0 0 0 0 0 0 0 0 0 0 0 0 0 0 2 0 0 5 0 0 0 5 30 0 0 69 45 0 0 0 38 0
51 1 10 14 7 0 0 0 0 0 2 0 39 0 0 0 0 3 0 0 2 39 11 0 0 0 0 31 0 0 0 0 0 0 0 0 0 0 0 0 42
60 1 3 14 8 0 1 0 0 0 3 0 47 0 0 0 0 6 0 0 1 47 12 0 0 0 0 34 0 0 0 0 0 0 0 0 0 0 0 0 49
0 0 14 0 0 0 0 0 0 0 0 0 0 0 0 0 0 0 0 0 0 0 0 0 0 0 6 0 0 0 7 22 0 0 55 34 0 0 0 47 0
0 0 15 0 0 0 0 0 0 0 0 0 0 0 0 0 0 0 0 0 0 0 0 4 0 1 3 0 1 0 0 24 0 0 50 39 0 0 0 52 0
0 0 25 2 0 0 0 0 0 0 0 0 0 0 0 0 0 0 0 0 0 0 4 0 0 0 9 5 0 0 8 3 0 0 17 6 0 0 0 44 2
93 3 0 16 14 0 1 0 0 0 6 0 76 0 0 0 0 23 0 0 0 77 16 0 0 3 0 44 0 0 0 0 0 0 0 0 0 0 0 0 77
55 1 7 13 8 0 0 0 0 0 2 0 42 0 0 0 0 5 0 0 2 42 12 0 0 0 0 32 0 0 0 0 0 0 0 0 0 0 0 0 45
73 2 0 16 11 0 1 0 0 0 4 0 60 0 0 0 0 13 0 0 0 60 14 0 0 0 0 39 0 0 0 0 0 1 0 0 0 0 0 0 60
0 0 1 0 0 0 0 0 0 0 0 0 0 0 0 0 0 0 0 0 0 0 0 3 0 1 4 0 0 0 4 33 0 0 73 48 0 0 0 40 0
0 0 7 0 0 0 0 0 0 0 0 0 0 0 0 0 0 0 0 0 0 0 0 1 0 0 4 0 0 0 5 28 0 0 63 41 0 0 0 41 0
0 0 21 0 0 0 0 0 0 0 0 0 0 0 0 0 0 0 0 0 0 0 0 0 0 0 8 0 0 0 12 17 0 0 46 24 0 0 0 51 0
0 0 16 0 0 0 0 0 0 0 0 0 0 0 0 0 0 0 0 0 0 0 0 1 0 0 5 0 0 0 5 22 0 0 52 34 0 0 0 49 0
0 0 15 0 0 0 0 0 0 0 0 0 0 0 0 0 0 0 0 0 0 0 0 0 0 0 6 0 0 0 9 22 0 0 54 33 0 0 0 48 0
11 0 28 7 0 0 0 0 0 0 0 0 5 0 0 0 0 0 0 0 1 4 4 0 0 0 9 11 0 0 5 0 0 0 3 0 0 0 0 42 8
68 2 0 15 10 0 1 0 0 0 4 0 56 0 0 0 0 13 0 0 0 56 13 0 0 1 0 35 0 0 0 0 0 1 0 0 0 0 0 0 55
0 0 21 0 0 0 0 0 0 0 0 0 0 0 0 0 0 0 0 0 0 0 0 0 0 0 6 0 0 0 9 16 0 0 41 23 0 0 0 49 0
43 1 14 10 5 0 0 0 0 0 1 0 31 0 0 0 0 1 0 0 2 31 10 0 0 0 1 28 0 0 0 0 0 0 0 0 0 0 0 0 37
0 0 22 0 0 0 0 0 0 0 0 0 0 0 0 0 0 0 0 0 0 0 0 1 0 0 6 0 0 0 4 18 0 0 45 29 0 0 0 56 0
0 0 13 0 0 0 0 0 0 0 0 0 0 0 0 0 0 0 0 0 0 0 0 1 0 0 5 0 0 0 6 23 0 0 56 35 0 0 0 46 0
65 1 0 14 9 0 1 0 0 0 3 0 52 0 0 0 0 9 0 0 1 51 13 0 0 0 0 35 0 0 0 0 0 0 0 0 0 0 0 0 53
64 2 0 15 9 0 1 0 0 0 4 0 52 0 0 0 0 10 0 0 1 52 13 0 0 0 0 35 0 0 0 0 0 1 0 0 0 0 0 0 52
0 0 28 7 0 0 0 0 0 0 0 0 0 0 0 0 0 0 0 0 1 0 7 0 0 0 11 2 0 0 6 2 0 0 18 8 0 0 0 55 0
0 0 16 0 0 0 0 0 0 0 0 0 0 0 0 0 0 0 0 0 0 0 0 0 0 0 6 0 0 0 7 21 0 0 52 33 0 0 0 49 0
0 0 18 0 0 0 0 0 0 0 0 0 0 0 0 0 0 0 0 0 0 0 0 0 0 0 7 0 0 0 11 19 0 0 51 29 0 0 0 49 0
0 0 13 0 0 0 0 0 0 0 0 0 0 0 0 0 0 0 0 0 0 0 0 1 0 0 6 0 0 0 7 23 0 0 55 34 0 0 0 46 0
0 0 26 1 0 0 0 0 0 0 0 0 0 0 0 0 0 0 0 0 0 0 3 0 0 0 9 2 0 0 9 5 0 0 22 10 0 0 0 49 0
16 0 27 9 0 0 0 0 0 0 0 0 11 0 0 0 0 0 0 0 1 9 7 0 0 0 10 14 0 0 4 0 0 0 0 0 0 0 0 40 12
0 0 25 0 0 0 0 0 0 0 0 0 0 0 0 0 0 0 0 0 0 0 2 0 0 0 8 0 0 0 6 12 0 0 35 21 0 0 0 56 0
95 3 0 18 15 0 2 0 0 0 6 0 79 0 0 0 0 23 0 0 0 81 17 0 0 3 0 47 0 0 0 0 0 1 0 0 0 0 0 0 79
0 0 10 0 0 0 0 0 0 0 0 0 0 0 0 0 0 0 0 0 0 0 0 2 0 1 3 0 0 0 2 28 0 0 60 42 0 0 0 46 0
0 0 14 0 0 0 0 0 0 0 0 0 0 0 0 0 0 0 0 0 0 0 0 4 0 2 3 0 2 0 0 26 0 0 52 42 0 1 0 52 0
0 0 3 0 0 0 0 0 0 0 0 0 0 0 0 0 0 0 0 0 0 0 0 5 0 2 1 0 2 0 0 34 0 1 69 52 0 1 0 45 0
0 0 19 0 0 0 0 0 0 0 0 0 0 0 0 0 0 0 0 0 0 0 0 1 0 1 3 0 0 0 4 22 0 0 48 33 0 0 0 52 0
18 0 28 10 0 0 0 0 0 0 0 0 12 0 0 0 0 0 0 0 1 10 7 0 0 0 11 15 0 0 5 0 0 0 0 0 0 0 0 41 14
0 0 15 0 0 0 0 0 0 0 0 0 0 0 0 0 0 0 0 0 0 0 0 1 0 0 4 0 0 0 4 23 0 0 52 33 0 0 0 48 0
24 0 23 7 2 0 0 0 0 0 0 0 14 0 0 0 0 0 0 0 1 13 7 0 0 0 6 20 0 0 5 0 0 0 0 0 0 0 0 22 23
0 0 27 2 0 0 0 0 0 0 0 0 0 0 0 0 0 0 0 0 0 0 1 2 0 0 6 0 0 0 2 14 0 0 34 23 0 0 0 60 0
0 0 14 0 0 0 0 0 0 0 0 0 0 0 0 0 0 0 0 0 0 0 0 1 0 0 5 0 0 0 4 23 0 0 53 36 0 0 0 47 0
0 0 4 0 0 0 0 0 0 0 0 0 0 0 0 0 0 0 0 0 0 0 0 5 0 2 2 0 2 0 0 33 0 1 68 53 0 1 0 47 0
100 3 0 19 15 0 2 0 0 0 7 0 84 0 0 1 0 25 0 0 0 85 18 0 0 4 0 48 0 0 0 0 0 1 0 0 0 0 0 0 83
0 0 19 0 0 0 0 0 0 0 0 0 0 0 0 0 0 0 0 0 0 0 0 0 0 0 6 0 0 0 9 20 0 0 50 30 0 0 0 52 0
0 0 7 0 0 0 0 0 0 0 0 0 0 0 0 0 0 0 0 0 0 0 0 1 0 0 5 0 0 0 6 27 0 0 64 41 0 0 0 41 0
0 0 26 4 0 0 0 0 0 0 0 0 0 0 0 0 0 0 0 0 0 0 4 0 0 0 8 2 0 0 6 4 0 0 17 8 0 0 0 46 0
0 0 22 0 0 0 0 0 0 0 0 0 0 0 0 0 0 0 0 0 0 0 0 0 0 0 7 0 0 0 6 17 0 0 41 25 0 0 0 53 0
67 1 0 17 9 0 1 0 0 0 4 0 54 0 0 0 0 9 0 0 2 54 14 0 0 0 0 36 0 0 0 0 0 1 0 0 0 0 0 0 54
17 0 25 7 0 0 0 0 0 0 0 0 10 0 0 0 0 0 0 0 1 8 6 0 0 0 7 14 0 0 4 0 0 0 0 0 0 0 0 31 14
0 0 12 0 0 0 0 0 0 0 0 0 0 0 0 0 0 0 0 0 0 0 0 4 0 1 3 0 1 0 0 27 0 0 56 41 0 1 0 48 0
72 2 0 12 11 0 0 0 0 0 4 0 57 0 0 0 0 14 0 0 0 57 14 0 0 1 0 37 0 0 0 0 0 0 0 0 0 0 0 0 61
44 1 14 9 6 0 0 0 0 0 1 0 30 0 0 0 0 1 0 0 2 30 10 0 0 0 0 28 0 0 0 0 0 0 0 0 0 0 0 0 38
0 1 9 0 0 0 0 0 0 0 0 0 0 0 0 0 0 0 0 0 0 0 0 1 0 0 5 0 0 0 5 26 0 0 59 38 0 0 0 43 0
0 0 12 0 0 0 0 0 0 0 0 0 0 0 0 0 0 0 0 0 0 0 0 3 0 2 2 0 1 0 0 28 0 0 56 43 0 0 0 49 0
0 1 9 0 0 0 0 0 0 0 0 0 0 0 0 0 0 0 0 0 0 0 0 1 0 0 4 0 0 0 8 26 0 0 61 37 0 0 0 41 0
76 2 0 16 11 0 1 0 0 0 5 0 63 0 0 0 0 15 0 0 0 63 14 0 0 1 0 39 0 0 0 0 0 1 0 0 0 0 0 0 62
60 1 3 15 8 0 1 0 0 0 3 0 48 0 0 0 0 6 0 0 1 48 13 0 0 0 0 34 0 0 0 0 0 1 0 0 0 0 0 0 49
61 1 0 13 9 0 0 0 0 0 3 0 47 0 0 0 0 8 0 0 1 48 12 0 0 0 0 34 0 0 0 0 0 0 0 0 0 0 0 0 52
0 0 24 0 0 0 0 0 0 0 0 0 0 0 0 0 0 0 0 0 0 0 3 0 0 0 8 3 0 0 11 7 0 0 26 10 0 0 0 45 0
0 0 15 0 0 0 0 0 0 0 0 0 0 0 0 0 0 0 0 0 0 0 0 3 0 1 2 0 1 0 0 24 0 0 48 37 0 1 0 51 0
94 3 0 17 14 0 1 0 0 0 6 0 78 0 0 0 0 23 0 0 0 79 17 0 0 3 0 45 0 0 0 0 0 0 0 0 0 0 0 0 77
81 2 0 15 12 0 1 0 0 0 5 0 66 0 0 0 0 17 0 0 0 66 15 0 0 1 0 41 0 0 0 0 0 0 0 0 0 0 0 0 67
65 1 0 12 10 0 0 0 0 0 3 0 49 0 0 0 0 8 0 0 1 49 13 0 0 0 0 36 0 0 0 0 0 0 0 0 0 0 0 0 54
0 0 12 0 0 0 0 0 0 0 0 0 0 0 0 0 0 0 0 0 0 0 0 2 0 1 3 0 0 0 1 26 0 0 55 39 0 0 0 46 0
0 0 10 0 0 0 0 0 0 0 0 0 0 0 0 0 0 0 0 0 0 0 0 0 0 0 6 0 0 0 8 24 0 0 59 37 0 0 0 43 0
0 1 12 0 0 0 0 0 0 0 0 0 0 0 0 0 0 0 0 0 0 0 0 0 0 0 5 0 0 0 9 24 0 0 58 34 0 0 0 44 0
0 0 21 0 0 0 0 0 0 0 0 0 0 0 0 0 0 0 0 0 0 0 0 1 0 0 5 0 0 0 4 18 0 0 44 30 0 0 0 55 0
0 0 15 0 0 0 0 0 0 0 0 0 0 0 0 0 0 0 0 0 0 0 0 1 0 0 5 0 0 0 4 23 0 0 53 36 0 0 0 49 0
0 0 5 0 0 0 0 0 0 0 0 0 0 0 0 0 0 0 0 0 0 0 0 1 0 1 5 0 0 0 7 29 0 0 67 43 0 0 0 40 0
0 0 15 0 0 0 0 0 0 0 0 0 0 0 0 0 0 0 0 0 0 0 0 3 0 1 3 0 1 0 0 24 0 0 50 37 0 0 0 49 0
47 1 14 11 6 0 0 0 0 0 1 0 32 0 0 0 0 0 0 0 2 33 10 0 0 0 1 31 0 0 0 0 0 0 0 0 0 0 0 0 40
0 0 5 0 0 0 0 0 0 0 0 0 0 0 0 0 0 0 0 0 0 0 0 3 0 1 3 0 1 0 2 31 0 0 67 47 0 0 0 44 0
0 0 12 0 0 0 0 0 0 0 0 0 0 0 0 0 0 0 0 0 0 0 0 1 0 1 3 0 0 0 4 25 0 0 55 37 0 0 0 45 0
0 0 26 4 0 0 0 0 0 0 0 0 0 0 0 0 0 0 0 0 0 0 5 0 0 0 9 3 0 0 7 4 0 0 17 7 0 0 0 48 0
54 1 8 12 8 0 0 0 0 0 2 0 40 0 0 0 0 4 0 0 2 41 11 0 0 0 0 33 0 0 0 0 0 0 0 0 0 0 0 0 45
0 0 16 0 0 0 0 0 0 0 0 0 0 0 0 0 0 0 0 0 0 0 0 1 0 0 5 0 0 0 6 21 0 0 51 33 0 0 0 49 0
33 0 21 11 3 0 0 0 0 0 0 0 24 0 0 0 0 0 0 0 2 23 9 0 0 0 6 24 0 0 2 0 0 0 0 0 0 0 0 15 28
68 2 0 16 10 0 1 0 0 0 4 0 56 0 0 0 0 11 0 0 1 55 14 0 0 0 0 36 0 0 0 0 0 1 0 0 0 0 0 0 55
0 0 23 0 0 0 0 0 0 0 0 0 0 0 0 0 0 0 0 0 0 0 1 0 0 0 6 0 0 0 9 12 0 0 33 17 0 0 0 47 0
0 0 7 0 0 0 0 0 0 0 0 0 0 0 0 0 0 0 0 0 0 0 0 1 0 0 5 0 0 0 6 27 0 0 61 39 0 0 0 41 0
0 0 15 0 0 0 0 0 0 0 0 0 0 0 0 0 0 0 0 0 0 0 0 2 0 1 3 0 1 0 0 24 0 0 51 38 0 0 0 50 0
0 0 2 0 0 0 0 0 0 0 0 0 0 0 0 0 0 0 0 0 0 0 0 3 0 1 4 0 0 0 3 32 0 0 71 48 0 0 0 41 0
0 0 16 0 0 0 0 0 0 0 0 0 0 0 0 0 0 0 0 0 0 0 0 1 0 0 5 0 0 0 4 22 0 0 51 34 0 0 0 49 0
0 0 5 0 0 0 0 0 0 0 0 0 0 0 0 0 0 0 0 0 0 0 0 2 0 1 4 0 0 0 5 29 0 0 65 44 0 0 0 40 0
21 0 25 10 1 0 0 0 0 0 0 0 14 0 0 0 0 0 0 0 1 14 8 0 0 0 9 17 0 0 4 0 0 0 0 0 0 0 0 33 17
69 1 0 15 10 0 1 0 0 0 4 0 55 0 0 0 0 11 0 0 1 55 13 0 0 0 0 37 0 0 0 0 0 1 0 0 0 0 0 0 57
0 1 23 2 0 0 0 0 0 0 0 0 0 0 0 0 0 0 0 0 0 0 1 2 0 0 6 0 1 0 0 15 0 0 34 25 0 1 0 57 0
0 0 12 0 0 0 0 0 0 0 0 0 0 0 0 0 0 0 0 0 0 0 0 2 0 0 4 0 0 0 3 26 0 0 57 38 0 0 0 47 0
51 1 7 13 7 0 0 0 0 0 2 0 40 0 0 0 0 5 0 0 2 40 11 0 0 0 0 31 0 0 0 0 0 0 0 0 0 0 0 0 43
67 2 0 17 9 0 1 0 0 0 4 0 56 1 0 0 0 11 0 0 1 56 14 0 0 0 0 36 0 1 0 0 0 2 0 0 0 0 0 0 54
38 2 17 10 4 0 0 0 0 0 1 0 27 0 0 0 0 0 0 0 2 27 10 0 0 0 2 26 0 0 0 0 0 0 0 0 0 0 0 2 33
0 0 20 0 0 0 0 0 0 0 0 0 0 0 0 0 0 0 0 0 0 0 0 1 0 0 6 0 0 0 4 21 0 0 49 34 0 0 0 55 0
65 2 0 13 10 0 0 0 0 0 4 0 51 0 0 0 0 10 0 0 1 52 12 0 0 0 0 34 0 0 0 0 0 1 0 0 0 0 0 0 53
54 1 8 15 7 0 1 0 0 0 3 0 42 0 0 0 0 3 0 0 2 42 12 0 0 0 0 33 0 0 0 0 0 1 0 0 0 0 0 0 44
0 0 17 0 0 0 0 0 0 0 0 0 0 0 0 0 0 0 0 0 0 0 0 1 0 0 6 0 0 0 6 21 0 0 50 33 0 0 0 49 0
20 0 24 5 2 0 0 0 0 0 0 0 10 0 0 0 0 0 0 0 0 8 6 0 0 0 6 18 0 0 7 0 0 0 0 0 0 0 0 26 20
0 0 11 0 0 0 0 0 0 0 0 0 0 0 0 0 0 0 0 0 0 0 0 4 0 2 1 0 2 0 0 27 0 0 54 42 0 1 0 49 0
78 3 0 14 12 0 1 0 0 0 5 0 63 0 0 0 0 17 0 0 0 64 14 0 0 2 0 38 0 0 0 0 0 0 0 0 0 0 0 0 64
0 1 13 0 0 0 0 0 0 0 0 0 0 0 0 0 0 0 0 0 0 0 0 0 0 0 6 0 0 0 8 24 0 0 57 34 0 0 0 46 0
0 0 19 0 0 0 0 0 0 0 0 0 0 0 0 0 0 0 0 0 0 0 0 0 0 0 7 0 0 0 9 18 0 0 48 28 0 0 0 51 0
15 0 28 9 0 0 0 0 0 0 0 0 10 0 0 0 0 0 0 0 1 8 7 0 0 0 11 13 0 0 4 0 0 0 0 0 0 0 0 42 12
0 1 11 0 0 0 0 0 0 0 0 0 0 0 0 0 0 0 0 0 0 0 0 2 0 0 3 0 0 0 3 26 0 0 56 39 0 0 0 47 0
0 0 3 0 0 0 0 0 0 0 0 0 0 0 0 0 0 0 0 0 0 0 0 1 0 0 6 0 0 0 7 28 0 0 67 42 0 0 0 38 0
45 1 15 13 5 0 0 0 0 0 1 0 33 0 0 0 0 0 0 0 2 33 11 0 0 0 3 30 0 0 0 0 0 0 0 0 0 0 0 0 38
66 1 0 12 11 0 1 0 0 0 4 0 52 0 0 0 0 11 0 0 0 52 13 0 0 0 0 35 0 0 0 0 0 0 0 0 0 0 0 0 56
0 0 26 1 0 0 0 0 0 0 0 0 0 0 0 0 0 0 0 0 0 0 1 0 0 0 8 0 0 0 4 11 0 0 31 20 0 0 0 59 0
37 1 16 9 5 0 0 0 0 0 0 0 25 0 0 0 0 0 0 0 2 25 9 0 0 0 2 27 0 0 2 0 0 0 0 0 0 0 0 0 34
0 0 14 0 0 0 0 0 0 0 0 0 0 0 0 0 0 0 0 0 0 0 0 4 0 2 3 0 1 0 0 26 0 0 53 42 0 1 0 53 0
0 0 23 0 0 0 0 0 0 0 0 0 0 0 0 0 0 0 0 0 0 0 0 2 0 0 5 0 1 0 1 18 0 0 40 29 0 0 0 57 0
0 0 25 0 0 0 0 0 0 0 0 0 0 0 0 0 0 0 0 0 0 0 1 0 0 0 7 0 0 0 5 13 0 0 34 22 0 0 0 56 0
26 1 22 10 2 0 0 0 0 0 0 0 19 0 0 0 0 0 0 0 2 18 8 0 0 0 6 20 0 0 3 0 0 0 0 0 0 0 0 21 23
52 1 8 11 8 0 0 0 0 0 2 0 37 0 0 0 0 3 0 0 1 37 11 0 0 0 0 32 0 0 0 0 0 0 0 0 0 0 0 0 45
45 0 13 9 6 0 0 0 0 0 1 0 30 0 0 0 0 1 0 0 2 30 10 0 0 0 0 30 0 0 2 0 0 0 0 0 0 0 0 0 40
0 0 4 0 0 0 0 0 0 0 0 0 0 0 0 0 0 0 0 0 0 0 0 5 0 1 1 0 2 0 0 33 0 0 67 50 0 1 0 45 0
40 1 18 13 4 0 0 0 0 0 0 0 29 0 0 0 0 0 0 0 2 28 10 0 0 0 4 26 0 0 0 0 0 0 0 0 0 0 0 5 32
46 1 14 10 6 0 0 0 0 0 1 0 31 0 0 0 0 0 0 0 2 32 10 0 0 0 1 31 0 0 0 0 0 0 0 0 0 0 0 0 40
63 1 2 13 9 0 1 0 0 0 3 0 48 0 0 0 0 7 0 0 1 48 13 0 0 0 0 36 0 0 0 0 0 0 0 0 0 0 0 0 52
0 0 19 0 0 0 0 0 0 0 0 0 0 0 0 0 0 0 0 0 0 0 0 0 0 0 5 0 0 0 9 18 0 0 45 26 0 0 0 47 0
58 2 3 12 8 0 0 0 0 0 3 0 44 0 0 0 0 7 0 0 1 44 12 0 0 0 0 33 0 0 0 0 0 0 0 0 0 0 0 0 48
75 2 0 16 11 0 1 0 0 0 4 0 61 0 0 0 0 14 0 0 0 61 14 0 0 0 0 39 0 0 0 0 0 1 0 0 0 0 0 0 61
0 0 23 0 0 0 0 0 0 0 0 0 0 0 0 0 0 0 0 0 0 0 2 0 0 0 7 5 0 0 10 6 0 0 24 9 0 0 0 41 1
0 0 0 0 0 0 0 0 0 0 0 0 0 0 0 0 0 0 0 0 0 0 0 3 0 0 5 0 0 0 5 34 0 0 77 50 0 0 0 37 0
9 0 27 8 0 0 0 0 0 0 0 0 5 0 0 0 0 0 0 0 1 4 6 0 0 0 10 10 0 0 5 0 0 0 5 0 0 0 0 45 7
49 1 13 13 6 0 0 0 0 0 1 0 36 0 0 0 0 1 0 0 2 36 11 0 0 0 1 31 0 0 0 0 0 0 0 0 0 0 0 0 40
51 1 12 10 7 0 0 0 0 0 1 0 35 0 0 0 0 1 0 0 2 36 11 0 0 0 0 32 0 0 0 0 0 0 0 0 0 0 0 0 44
27 0 21 11 3 0 0 0 0 0 0 0 20 0 0 0 0 0 0 0 1 19 8 0 0 0 6 20 0 0 3 0 0 0 0 0 0 0 0 19 23
0 0 15 0 0 0 0 0 0 0 0 0 0 0 0 0 0 0 0 0 0 0 0 2 0 1 4 0 1 0 1 23 0 0 51 37 0 0 0 49 0
57 1 4 12 8 0 0 0 0 0 2 0 42 0 0 0 0 5 0 0 1 43 11 0 0 0 0 33 0 0 0 0 0 0 0 0 0 0 0 0 48
0 0 14 0 0 0 0 0 0 0 0 0 0 0 0 0 0 0 0 0 0 0 0 2 0 1 4 0 0 0 3 23 0 0 52 36 0 0 0 47 0
0 0 15 0 0 0 0 0 0 0 0 0 0 0 0 0 0 0 0 0 0 0 0 0 0 0 6 0 0 0 6 22 0 0 52 33 0 0 0 47 0
0 0 8 0 0 0 0 0 0 0 0 0 0 0 0 0 0 0 0 0 0 0 0 1 0 0 4 0 0 0 7 27 0 0 61 38 0 0 0 41 0
0 0 18 0 0 0 0 0 0 0 0 0 0 0 0 0 0 0 0 0 0 0 0 0 0 0 5 0 0 0 7 21 0 0 50 31 0 0 0 50 0
0 0 9 0 0 0 0 0 0 0 0 0 0 0 0 0 0 0 0 0 0 0 0 4 0 2 2 0 1 0 0 29 0 0 62 46 0 0 0 48 0
0 0 15 0 0 0 0 0 0 0 0 0 0 0 0 0 0 0 0 0 0 0 0 0 0 0 5 0 0 0 7 23 0 0 55 35 0 0 0 48 0
63 1 0 14 9 0 1 0 0 0 3 0 49 0 0 0 0 8 0 0 1 49 13 0 0 0 0 36 0 0 0 0 0 0 0 0 0 0 0 0 53
2 0 25 5 0 0 0 0 0 0 0 0 1 0 0 0 0 0 0 0 1 0 5 0 0 0 8 6 0 0 6 1 0 0 11 2 0 0 0 42 2
48 0 14 13 6 0 0 0 0 0 1 0 34 0 0 0 0 0 0 0 2 35 10 0 0 0 3 31 0 0 0 0 0 0 0 0 0 0 0 0 40
0 0 20 0 0 0 0 0 0 0 0 0 0 0 0 0 0 0 0 0 0 0 0 0 0 0 6 0 0 0 8 20 0 0 47 28 0 0 0 51 0
58 1 4 15 8 0 1 0 0 0 3 0 46 0 0 0 0 6 0 0 1 46 12 0 0 0 0 34 0 0 0 0 0 1 0 0 0 0 0 0 48
0 0 17 0 0 0 0 0 0 0 0 0 0 0 0 0 0 0 0 0 0 0 0 0 0 0 6 0 0 0 9 20 0 0 50 30 0 0 0 48 0
0 0 16 0 0 0 0 0 0 0 0 0 0 0 0 0 0 0 0 0 0 0 0 2 0 1 4 0 0 0 2 23 0 0 50 36 0 0 0 51 0
0 0 12 0 0 0 0 0 0 0 0 0 0 0 0 0 0 0 0 0 0 0 0 1 0 0 4 0 0 0 5 25 0 0 56 37 0 0 0 46 0
72 2 0 15 11 0 1 0 0 0 4 0 59 0 0 0 0 13 0 0 0 59 14 0 0 1 0 37 0 0 0 0 0 1 0 0 0 0 0 0 59
0 0 12 0 0 0 0 0 0 0 0 0 0 0 0 0 0 0 0 0 0 0 0 3 0 1 4 0 1 0 2 25 0 0 55 39 0 0 0 47 0
0 0 29 6 0 0 0 0 0 0 0 0 0 0 0 0 0 0 0 0 0 0 4 0 0 0 10 1 0 0 5 4 0 0 18 9 0 0 0 55 0
0 0 5 0 0 0 0 0 0 0 0 0 0 0 0 0 0 0 0 0 0 0 0 1 0 0 5 0 0 0 6 28 0 0 65 41 0 0 0 40 0
2 0 27 5 0 0 0 0 0 0 0 0 1 0 0 0 0 0 0 0 1 0 5 0 0 0 9 5 0 0 5 2 0 0 12 5 0 0 0 46 1
24 0 22 5 3 0 0 0 0 0 0 0 13 0 0 0 0 0 0 0 1 11 7 0 0 0 4 20 0 0 6 0 0 0 0 0 0 0 0 17 24
7 0 27 7 0 0 0 0 0 0 0 0 3 0 0 0 0 0 0 0 1 3 6 0 0 0 11 9 0 0 7 0 0 0 6 0 0 0 0 45 7
0 0 8 0 0 0 0 0 0 0 0 0 0 0 0 0 0 0 0 0 0 0 0 0 0 0 5 0 0 0 9 26 0 0 61 37 0 0 0 40 0
0 0 23 0 0 0 0 0 0 0 0 0 0 0 0 0 0 0 0 0 0 0 1 0 0 0 9 0 0 0 11 11 0 0 34 17 0 0 0 49 0
0 0 10 0 0 0 0 0 0 0 0 0 0 0 0 0 0 0 0 0 0 0 0 3 0 1 3 0 1 0 1 27 0 0 58 42 0 0 0 46 0
72 2 0 17 11 0 1 0 0 0 5 0 60 0 0 0 0 13 0 0 0 61 14 0 0 0 0 38 0 1 0 0 0 2 0 0 0 0 0 0 58
72 2 0 15 11 0 1 0 0 0 4 0 59 0 0 0 0 13 0 0 0 59 14 0 0 0 0 38 0 0 0 0 0 1 0 0 0 0 0 0 59
0 1 5 0 0 0 0 0 0 0 0 0 0 0 0 0 0 0 0 0 0 0 0 1 0 0 5 0 0 0 8 28 0 0 67 42 0 0 0 40 0
44 1 14 12 5 0 0 0 0 0 1 0 33 0 0 0 0 0 0 0 2 32 10 0 0 0 2 28 0 0 0 0 0 0 0 0 0 0 0 0 37
64 1 1 13 9 0 0 0 0 0 3 0 48 0 0 0 0 7 0 0 1 48 12 0 0 0 0 37 0 0 0 0 0 0 0 0 0 0 0 0 54
39 1 20 12 4 0 0 0 0 0 0 0 28 0 0 0 0 0 0 0 2 27 9 0 0 0 4 27 0 0 0 0 0 0 0 0 0 0 0 6 33
0 0 16 0 0 0 0 0 0 0 0 0 0 0 0 0 0 0 0 0 0 0 0 0 0 0 6 0 0 0 7 21 0 0 52 32 0 0 0 49 0
0 0 11 0 0 0 0 0 0 0 0 0 0 0 0 0 0 0 0 0 0 0 0 0 0 0 5 0 0 0 9 24 0 0 58 35 0 0 0 45 0
0 0 11 0 0 0 0 0 0 0 0 0 0 0 0 0 0 0 0 0 0 0 0 1 0 1 4 0 0 0 3 25 0 0 56 38 0 0 0 44 0
0 0 5 0 0 0 0 0 0 0 0 0 0 0 0 0 0 0 0 0 0 0 0 2 0 1 5 0 0 0 5 30 0 0 67 45 0 0 0 42 0
