9 0 2 0 0 0 0 0 0 0 0 0 0 0 0 0 0 0 0 0 0 0 22 0 0 0 0 15 6 15 0 0 3 1 58 41 0 0 0 38 17
0 0 0 43 0 0 0 0 0 0 0 0 0 0 0 0 0 0 0 0 0 0 0 0 6 0 13 0 0 0 0 70 0 0 0 0 0 27 12 0 0
5 0 5 0 0 0 0 0 0 0 0 0 0 0 0 0 0 0 0 0 0 0 18 0 0 0 0 13 5 13 0 0 2 0 51 42 0 0 0 31 16
6 0 4 0 0 0 0 0 0 0 0 0 0 0 0 0 0 0 0 0 0 0 20 0 0 0 0 13 5 13 0 0 2 1 54 40 0 0 0 35 15
0 0 1 46 0 0 0 0 0 0 0 0 0 0 0 0 0 0 0 0 0 0 0 0 7 0 16 0 0 0 0 77 0 0 0 0 0 26 13 0 0
12 0 1 0 0 0 0 0 0 0 0 0 0 0 0 0 0 0 0 0 0 0 24 0 0 0 0 18 7 18 0 0 4 0 64 39 0 0 0 43 19
23 0 0 0 0 0 0 0 0 0 0 0 0 0 0 0 0 0 0 0 0 0 33 0 0 0 0 26 8 27 0 0 9 0 81 34 0 0 0 58 24
0 0 1 46 0 0 0 0 0 0 0 0 0 0 0 0 0 0 0 0 0 0 0 0 7 0 17 0 0 0 0 78 0 0 0 0 0 26 13 0 0
0 0 5 35 0 0 0 0 0 0 0 0 0 0 0 0 0 0 0 0 0 0 16 0 4 0 5 0 0 0 0 58 0 0 22 0 0 28 8 20 0
24 0 0 0 0 0 0 0 0 0 0 0 0 0 0 0 0 0 0 0 0 0 32 0 0 0 0 26 8 27 0 0 9 0 80 35 0 0 0 57 25
1 0 6 0 0 0 0 0 0 0 0 0 0 0 0 0 0 0 0 0 0 0 18 0 0 0 0 9 4 9 0 0 0 0 48 42 0 1 0 30 13
3 0 6 0 0 0 0 0 0 0 0 0 0 0 0 0 0 0 0 0 0 0 18 0 0 0 0 11 4 11 0 0 1 0 51 42 0 0 0 31 14
21 0 0 0 0 0 0 0 0 0 0 0 0 0 0 0 0 0 0 0 0 0 31 0 0 0 0 26 8 26 0 0 8 0 79 38 0 0 0 55 25
9 0 3 0 0 0 0 0 0 0 0 0 0 0 0 0 0 0 0 0 0 0 22 0 0 0 0 16 6 16 0 0 3 1 59 42 0 0 0 38 18
8 0 3 0 0 0 0 0 0 0 0 0 0 0 0 0 0 0 0 0 0 0 22 0 0 0 0 14 5 14 0 0 2 1 57 39 0 0 0 37 15
5 0 5 0 0 0 0 0 0 0 0 0 0 0 0 0 0 0 0 0 0 0 20 0 0 0 0 13 5 13 0 0 2 1 53 42 0 0 0 34 16
0 0 2 48 0 0 0 0 0 0 0 0 0 0 0 0 0 0 0 0 0 0 0 0 8 0 17 0 0 0 0 81 0 0 0 0 0 27 13 0 0
30 0 0 0 0 0 0 0 0 0 0 0 0 0 0 0 0 0 0 0 0 0 41 0 0 0 0 30 9 31 0 0 11 0 93 29 0 0 0 70 27
19 0 0 0 0 0 0 0 0 0 0 0 0 0 0 0 0 0 0 0 0 0 29 0 0 0 0 23 8 24 0 0 7 1 74 37 0 0 0 51 23
8 0 3 0 0 0 0 0 0 0 0 0 0 0 0 0 0 0 0 0 0 0 20 0 0 0 0 16 5 15 0 0 4 0 56 40 0 0 0 36 17
9 0 3 0 0 0 0 0 0 0 0 0 0 0 0 0 0 0 0 0 0 0 21 0 0 0 0 17 6 16 0 0 4 0 59 41 0 0 0 38 18
0 0 7 28 0 0 0 0 0 0 0 0 0 0 0 0 0 0 0 0 0 0 16 0 3 0 2 0 0 0 0 50 0 0 27 4 0 25 6 22 0
0 0 5 36 0 0 0 0 0 0 0 0 0 0 0 0 0 0 0 0 0 0 14 0 4 0 5 0 0 0 0 60 0 0 17 0 0 28 8 16 0
0 0 2 42 0 0 0 0 0 0 0 0 0 0 0 0 0 0 0 0 0 0 0 0 6 0 12 0 0 0 0 70 0 0 0 0 0 26 12 0 0
23 0 0 0 0 0 0 0 0 0 0 0 0 0 0 0 0 0 0 0 0 0 32 0 0 0 0 26 8 27 0 0 9 0 80 36 0 0 0 57 25
0 0 2 40 0 0 0 0 0 0 0 0 0 0 0 0 0 0 0 0 0 0 0 0 6 0 12 0 0 0 0 67 0 0 0 0 0 25 11 0 0
16 0 0 0 0 0 0 0 0 0 0 0 0 0 0 0 0 0 0 0 0 0 24 0 0 0 0 22 7 22 0 0 6 0 67 39 0 0 0 44 21
5 0 5 0 0 0 0 0 0 0 0 0 0 0 0 0 0 0 0 0 0 0 21 0 0 0 0 14 5 14 0 0 2 1 56 45 0 0 0 35 17
0 0 9 17 0 0 0 0 0 0 0 0 0 0 0 0 0 0 0 0 0 0 14 0 2 0 0 0 0 0 0 36 0 0 29 23 0 18 2 19 0
0 0 4 49 0 0 0 0 0 0 0 0 0 0 0 0 0 0 0 0 0 0 0 0 7 0 20 0 0 0 0 87 0 0 0 0 0 24 14 0 0
0 0 9 0 0 0 0 0 0 0 0 0 0 0 0 0 0 0 0 0 0 0 16 0 0 0 0 5 2 5 0 8 0 0 41 42 0 6 0 25 10
6 0 4 0 0 0 0 0 0 0 0 0 0 0 0 0 0 0 0 0 0 0 20 0 0 0 0 14 5 14 0 0 2 0 55 42 0 0 0 35 16
0 0 9 18 0 0 0 0 0 0 0 0 0 0 0 0 0 0 0 0 0 0 14 0 2 0 0 0 0 0 0 37 0 0 30 22 0 19 3 20 0
25 0 0 0 0 0 0 0 0 0 0 0 0 0 0 0 0 0 0 0 0 0 34 0 0 0 0 28 9 28 0 0 9 1 83 33 0 0 0 60 26
0 0 2 48 0 0 0 0 0 0 0 0 0 0 0 0 0 0 0 0 0 0 0 0 8 0 17 0 0 0 0 83 0 0 0 0 0 26 14 0 0
17 0 0 0 0 0 0 0 0 0 0 0 0 0 0 0 0 0 0 0 0 0 28 0 0 0 0 22 8 22 0 0 6 1 71 36 0 0 0 49 21
0 0 1 46 0 0 0 0 0 0 0 0 0 0 0 0 0 0 0 0 0 0 0 0 7 0 17 0 0 0 0 79 0 0 0 0 0 25 13 0 0
0 0 9 15 0 0 0 0 0 0 0 0 0 0 0 0 0 0 0 0 0 0 15 0 1 0 0 0 0 0 0 32 0 0 31 26 0 16 1 20 1
22 0 0 0 0 0 0 0 0 0 0 0 0 0 0 0 0 0 0 0 0 0 32 0 0 0 0 26 8 26 0 0 9 0 80 36 0 0 0 56 25
19 0 0 0 0 0 0 0 0 0 0 0 0 0 0 0 0 0 0 0 0 0 29 0 0 0 0 24 8 24 0 0 7 0 73 37 0 0 0 51 23
0 0 11 13 0 0 0 0 0 0 0 0 0 0 0 0 0 0 0 0 0 0 15 0 1 0 0 0 0 0 0 32 0 0 33 30 0 16 1 21 2
0 0 9 24 0 0 0 0 0 0 0 0 0 0 0 0 0 0 0 0 0 0 16 0 3 0 0 0 0 0 0 45 0 0 29 11 0 23 5 21 0
19 0 0 0 0 0 0 0 0 0 0 0 0 0 0 0 0 0 0 0 0 0 28 0 0 0 0 23 8 24 0 0 7 0 73 37 0 0 0 50 23
0 0 10 9 0 0 0 0 0 0 0 0 0 0 0 0 0 0 0 0 0 0 13 0 1 0 0 0 0 0 0 26 0 0 31 32 0 13 0 18 4
13 0 1 0 0 0 0 0 0 0 0 0 0 0 0 0 0 0 0 0 0 0 24 0 0 0 0 20 7 20 0 0 5 1 65 42 0 0 0 42 21
19 0 0 0 0 0 0 0 0 0 0 0 0 0 0 0 0 0 0 0 0 0 31 0 0 0 0 23 7 23 0 0 7 1 76 37 0 0 0 53 23
27 0 0 0 0 0 0 0 0 0 0 0 0 0 0 0 0 0 0 0 0 0 35 0 0 0 0 28 8 30 0 0 10 0 86 32 0 0 0 63 26
28 0 0 0 0 0 0 0 0 0 0 0 0 0 0 0 0 0 0 0 0 0 41 0 0 1 0 29 8 31 0 0 11 0 93 32 0 0 0 71 27
0 0 0 41 0 0 0 0 0 0 0 0 0 0 0 0 0 0 0 0 0 0 0 0 5 0 11 0 0 0 0 65 0 0 0 0 0 27 11 0 0
2 0 5 0 0 0 0 0 0 0 0 0 0 0 0 0 0 0 0 0 0 0 18 0 0 0 0 10 4 9 0 0 1 1 47 40 0 0 0 30 12
0 0 2 46 0 0 0 0 0 0 0 0 0 0 0 0 0 0 0 0 0 0 0 0 7 0 17 0 0 0 0 79 0 0 0 0 0 26 13 0 0
0 0 9 0 0 0 0 0 0 0 0 0 0 0 0 0 0 0 0 0 0 0 16 0 0 0 0 6 2 6 0 7 0 0 41 40 0 6 0 25 10
0 0 7 28 0 0 0 0 0 0 0 0 0 0 0 0 0 0 0 0 0 0 17 0 3 0 2 0 0 0 0 48 0 0 28 7 0 25 5 22 0
0 0 4 51 0 0 0 0 0 0 0 0 0 0 0 0 1 0 0 0 0 0 0 0 7 0 23 0 0 0 0 94 0 0 0 0 0 24 16 0 0
18 0 0 0 0 0 0 0 0 0 0 0 0 0 0 0 0 0 0 0 0 0 29 0 0 0 0 22 8 22 0 0 7 1 73 38 0 0 0 51 22
0 0 9 29 0 0 0 0 0 0 0 0 0 0 0 0 0 0 0 0 0 0 16 0 4 0 1 0 0 0 0 51 0 0 27 6 0 26 6 21 0
18 0 0 0 0 0 0 0 0 0 0 0 0 0 0 0 0 0 0 0 0 0 27 0 0 0 0 24 8 25 0 0 7 0 73 41 0 0 0 49 24
0 0 6 27 0 0 0 0 0 0 0 0 0 0 0 0 0 0 0 0 0 0 15 0 3 0 2 0 0 0 0 46 0 0 25 3 0 24 6 20 0
0 0 2 40 0 0 0 0 0 0 0 0 0 0 0 0 0 0 0 0 0 0 6 0 5 0 9 0 0 0 0 64 0 0 0 0 0 28 10 3 0
0 0 2 44 0 0 0 0 0 0 0 0 0 0 0 0 0 0 0 0 0 0 0 0 7 0 14 0 0 0 0 74 0 0 0 0 0 26 12 0 0
0 0 4 34 0 0 0 0 0 0 0 0 0 0 0 0 0 0 0 0 0 0 14 0 4 0 5 0 0 0 0 56 0 0 19 0 0 27 8 18 0
23 0 0 0 0 0 0 0 0 0 0 0 0 0 0 0 0 0 0 0 0 0 31 0 0 0 0 27 8 27 0 0 9 0 80 37 0 0 0 56 25
0 0 8 22 0 0 0 0 0 0 0 0 0 0 0 0 0 0 0 0 0 0 16 0 3 0 0 0 0 0 0 41 0 0 31 20 0 21 3 21 0
0 0 9 25 0 0 0 0 0 0 0 0 0 0 0 0 0 0 0 0 0 0 15 0 3 0 0 0 0 0 0 45 0 0 27 10 0 23 5 20 0
13 0 1 0 0 0 0 0 0 0 0 0 0 0 0 0 0 0 0 0 0 0 25 0 0 0 0 20 7 21 0 0 5 0 67 41 0 0 0 44 21
0 0 4 36 0 0 0 0 0 0 0 0 0 0 0 0 0 0 0 0 0 0 11 0 4 0 6 0 0 0 0 59 0 0 11 0 0 28 9 13 0
28 0 0 0 0 0 0 0 0 0 0 0 0 0 0 0 0 0 0 0 0 0 35 0 0 0 0 29 9 30 0 0 10 0 86 32 0 0 0 62 27
0 0 3 36 0 0 0 0 0 0 0 0 0 0 0 0 0 0 0 0 0 0 12 0 4 0 7 0 0 0 0 58 0 0 12 0 0 27 9 13 0
16 0 0 0 0 0 0 0 0 0 0 0 0 0 0 0 0 0 0 0 0 0 26 0 0 0 0 22 7 22 0 0 6 0 70 40 0 0 0 47 22
1 0 8 0 0 0 0 0 0 0 0 0 0 0 0 0 0 0 0 0 0 0 18 0 0 0 0 10 3 9 0 0 0 0 48 43 0 1 0 29 13
13 0 0 0 0 0 0 0 0 0 0 0 0 0 0 0 0 0 0 0 0 0 23 0 0 0 0 19 6 19 0 0 5 1 63 39 0 0 0 41 20
32 0 0 0 0 0 0 0 0 0 0 0 0 0 0 0 0 0 0 0 0 0 43 0 0 1 0 29 8 31 0 0 12 0 95 25 0 0 0 74 27
0 0 5 51 0 0 0 0 0 0 0 0 0 0 0 0 1 0 0 0 0 0 0 0 7 0 25 0 0 0 0 95 0 0 0 0 0 22 16 0 0
14 0 0 0 0 0 0 0 0 0 0 0 0 0 0 0 0 0 0 0 0 0 27 0 0 0 0 20 7 20 0 0 6 1 68 39 0 0 0 47 20
0 0 12 5 0 0 0 0 0 0 0 0 0 0 0 0 0 0 0 0 0 0 14 0 0 0 0 2 1 2 0 20 0 0 35 39 0 11 0 21 6
0 0 1 39 0 0 0 0 0 0 0 0 0 0 0 0 0 0 0 0 0 0 6 0 5 0 9 0 0 0 0 63 0 0 0 0 0 27 10 2 0
23 0 0 0 0 0 0 0 0 0 0 0 0 0 0 0 0 0 0 0 0 0 31 0 0 0 0 27 8 27 0 0 9 0 79 36 0 0 0 56 25
1 0 7 0 0 0 0 0 0 0 0 0 0 0 0 0 0 0 0 0 0 0 18 0 0 0 0 9 4 9 0 0 0 1 46 40 0 2 0 29 12
23 0 0 0 0 0 0 0 0 0 0 0 0 0 0 0 0 0 0 0 0 0 31 0 0 0 0 27 8 27 0 0 9 0 78 36 0 0 0 55 25
0 0 4 54 0 0 0 0 0 0 0 0 0 0 0 0 1 0 0 0 0 0 0 0 6 0 27 0 0 0 0 101 0 0 0 0 0 24 17 0 0
0 0 7 0 0 0 0 0 0 0 0 0 0 0 0 0 0 0 0 0 0 0 16 0 0 0 0 6 3 6 0 2 0 1 42 38 0 3 0 26 10
28 0 0 0 0 0 0 0 0 0 0 0 0 0 0 0 0 0 0 0 0 0 38 0 0 0 0 29 9 30 0 0 10 0 90 33 0 0 0 66 27
0 0 10 15 0 0 0 0 0 0 0 0 0 0 0 0 0 0 0 0 0 0 15 0 1 0 0 0 0 0 0 33 0 0 31 27 0 17 2 20 2
0 0 1 44 0 0 0 0 0 0 0 0 0 0 0 0 0 0 0 0 0 0 0 0 6 0 14 0 0 0 0 73 0 0 0 0 0 27 12 0 0
0 0 4 33 0 0 0 0 0 0 0 0 0 0 0 0 0 0 0 0 0 0 14 0 4 0 5 0 0 0 0 55 0 0 18 0 0 27 8 17 0
25 0 0 0 0 0 0 0 0 0 0 0 0 0 0 0 0 0 0 0 0 0 34 0 0 0 0 27 8 28 0 0 9 0 83 32 0 0 0 61 25
26 0 0 0 0 0 0 0 0 0 0 0 0 0 0 0 0 0 0 0 0 0 36 0 0 0 0 28 8 29 0 0 9 0 87 35 0 0 0 63 26
0 0 8 21 0 0 0 0 0 0 0 0 0 0 0 0 0 0 0 0 0 0 15 0 2 0 0 0 0 0 0 41 0 0 29 18 0 21 3 20 0
21 0 0 0 0 0 0 0 0 0 0 0 0 0 0 0 0 0 0 0 0 0 29 0 0 0 0 25 8 25 0 0 8 0 74 36 0 0 0 52 23
24 0 0 0 0 0 0 0 0 0 0 0 0 0 0 0 0 0 0 0 0 0 33 0 0 0 0 27 8 27 0 0 9 0 82 36 0 0 0 59 25
20 0 0 0 0 0 0 0 0 0 0 0 0 0 0 0 0 0 0 0 0 0 30 0 0 0 0 25 8 25 0 0 8 1 76 37 0 0 0 53 24
17 0 0 0 0 0 0 0 0 0 0 0 0 0 0 0 0 0 0 0 0 0 25 0 0 0 0 23 7 23 0 0 7 0 69 40 0 0 0 46 22
21 0 0 0 0 0 0 0 0 0 0 0 0 0 0 0 0 0 0 0 0 0 31 0 0 0 0 26 8 26 0 0 8 0 79 38 0 0 0 54 25
0 0 8 0 0 0 0 0 0 0 0 0 0 0 0 0 0 0 0 0 0 0 16 0 0 0 0 6 3 6 0 5 0 1 41 38 0 4 0 26 10
20 0 0 0 0 0 0 0 0 0 0 0 0 0 0 0 0 0 0 0 0 0 29 0 0 0 0 23 8 23 0 0 7 1 72 35 0 0 0 50 22
0 0 0 47 0 0 0 0 0 0 0 0 0 0 0 0 0 0 0 0 0 0 0 0 7 0 15 0 0 0 0 78 0 0 0 0 0 27 13 0 0
0 0 7 22 0 0 0 0 0 0 0 0 0 0 0 0 0 0 0 0 0 0 15 0 2 0 0 0 0 0 0 40 0 0 27 13 0 21 4 19 0
4 0 5 0 0 0 0 0 0 0 0 0 0 0 0 0 0 0 0 0 0 0 17 0 0 0 0 11 4 11 0 0 1 0 47 39 0 0 0 29 13
0 0 8 1 0 0 0 0 0 0 0 0 0 0 0 0 0 0 0 0 0 0 16 0 0 0 0 5 2 5 0 10 0 0 39 38 0 7 0 24 9
0 0 5 50 0 0 0 0 0 0 0 0 0 0 0 0 1 0 0 0 0 0 0 0 7 0 22 0 0 0 0 92 0 0 0 0 0 24 15 0 0
0 0 9 16 0 0 0 0 0 0 0 0 0 0 0 0 0 0 0 0 0 0 15 0 1 0 0 0 0 0 0 34 0 0 32 26 0 18 2 21 1
0 0 4 50 0 0 0 0 0 0 0 0 0 0 0 0 1 0 0 0 0 0 0 0 7 0 23 0 0 0 0 93 0 0 0 0 0 24 15 0 0
30 0 0 0 0 0 0 0 0 0 0 0 0 0 0 0 0 0 0 0 0 0 39 0 0 1 0 31 9 32 0 0 11 0 93 32 0 0 0 69 28
21 0 0 0 0 0 0 0 0 0 0 0 0 0 0 0 0 0 0 0 0 0 32 0 0 0 0 25 8 26 0 0 8 0 79 36 0 0 0 56 24
0 0 4 34 0 0 0 0 0 0 0 0 0 0 0 0 0 0 0 0 0 0 13 0 4 0 5 0 0 0 0 56 0 0 17 0 0 27 8 15 0
0 0 5 31 0 0 0 0 0 0 0 0 0 0 0 0 0 0 0 0 0 0 13 0 4 0 4 0 0 0 0 53 0 0 19 0 0 25 7 16 0
0 0 1 48 0 0 0 0 0 0 0 0 0 0 0 0 0 0 0 0 0 0 0 0 7 0 16 0 0 0 0 81 0 0 0 0 0 28 14 0 0
0 0 1 43 0 0 0 0 0 0 0 0 0 0 0 0 0 0 0 0 0 0 0 0 6 0 13 0 0 0 0 70 0 0 0 0 0 26 12 0 0
8 0 3 0 0 0 0 0 0 0 0 0 0 0 0 0 0 0 0 0 0 0 20 0 0 0 0 14 5 14 0 0 3 0 53 40 0 0 0 34 16
16 0 0 0 0 0 0 0 0 0 0 0 0 0 0 0 0 0 0 0 0 0 26 0 0 0 0 21 7 22 0 0 6 0 69 39 0 0 0 47 21
0 0 0 42 0 0 0 0 0 0 0 0 0 0 0 0 0 0 0 0 0 0 0 0 6 0 12 0 0 0 0 68 0 0 0 0 0 27 12 0 0
0 0 3 37 0 0 0 0 0 0 0 0 0 0 0 0 0 0 0 0 0 0 11 0 4 0 6 0 0 0 0 59 0 0 10 0 0 28 9 12 0
19 0 0 0 0 0 0 0 0 0 0 0 0 0 0 0 0 0 0 0 0 0 28 0 0 0 0 23 8 24 0 0 7 0 72 36 0 0 0 50 22
0 0 9 12 0 0 0 0 0 0 0 0 0 0 0 0 0 0 0 0 0 0 13 0 1 0 0 0 0 0 0 29 0 0 29 30 0 15 1 17 2
0 0 5 54 0 0 0 0 0 0 0 0 0 0 0 0 1 0 0 0 0 0 0 0 7 0 26 0 0 0 0 100 0 0 0 0 0 24 16 0 0
25 0 0 0 0 0 0 0 0 0 0 0 0 0 0 0 0 0 0 0 0 0 34 0 0 1 0 26 8 27 0 0 9 0 82 33 0 0 0 60 25
0 0 0 44 0 0 0 0 0 0 0 0 0 0 0 0 0 0 0 0 0 0 0 0 6 0 13 0 0 0 0 72 0 0 0 0 0 27 12 0 0
22 0 0 0 0 0 0 0 0 0 0 0 0 0 0 0 0 0 0 0 0 0 32 0 0 0 0 27 8 27 0 0 9 0 81 37 0 0 0 57 25
0 0 2 37 0 0 0 0 0 0 0 0 0 0 0 0 0 0 0 0 0 0 8 0 4 0 8 0 0 0 0 59 0 0 3 0 0 27 9 7 0
16 0 0 0 0 0 0 0 0 0 0 0 0 0 0 0 0 0 0 0 0 0 28 0 0 0 0 23 8 23 0 0 7 1 73 42 0 0 0 49 23
8 0 3 0 0 0 0 0 0 0 0 0 0 0 0 0 0 0 0 0 0 0 22 0 0 0 0 15 6 15 0 0 3 1 58 41 0 0 0 38 17
0 0 4 35 0 0 0 0 0 0 0 0 0 0 0 0 0 0 0 0 0 0 14 0 4 0 5 0 0 0 0 57 0 0 18 0 0 28 8 18 0
24 0 0 0 0 0 0 0 0 0 0 0 0 0 0 0 0 0 0 0 0 0 31 0 0 0 0 25 8 26 0 0 9 0 77 32 0 0 0 56 23
11 0 1 0 0 0 0 0 0 0 0 0 0 0 0 0 0 0 0 0 0 0 21 0 0 0 0 16 6 17 0 0 4 1 58 39 0 0 0 38 18
0 0 3 49 0 0 0 0 0 0 0 0 0 0 0 0 0 0 0 0 0 0 0 0 7 0 18 0 0 0 0 86 0 0 0 0 0 26 14 0 0
6 0 4 0 0 0 0 0 0 0 0 0 0 0 0 0 0 0 0 0 0 0 19 0 0 0 0 13 5 13 0 0 2 1 53 41 0 0 0 33 15
0 0 4 49 0 0 0 0 0 0 0 0 0 0 0 0 0 0 0 0 0 0 0 0 6 0 21 0 0 0 0 88 0 0 0 0 0 24 14 0 0
0 0 8 29 0 0 0 0 0 0 0 0 0 0 0 0 0 0 0 0 0 0 15 0 4 0 2 0 0 0 0 50 0 0 25 5 0 25 6 19 0
17 0 0 0 0 0 0 0 0 0 0 0 0 0 0 0 0 0 0 0 0 0 24 0 0 0 0 21 7 21 0 0 6 1 65 36 0 0 0 44 20
11 0 0 0 0 0 0 0 0 0 0 0 0 0 0 0 0 0 0 0 0 0 23 0 0 0 0 17 6 16 0 0 4 1 59 39 0 0 0 39 18
0 0 4 51 0 0 0 0 0 0 0 0 0 0 0 0 1 0 0 0 0 0 0 0 6 0 25 0 0 0 0 95 0 0 0 0 0 23 16 0 0
0 0 10 13 0 0 0 0 0 0 0 0 0 0 0 0 0 0 0 0 0 0 14 0 1 0 0 0 0 0 0 31 0 0 31 30 0 15 1 19 2
17 0 0 0 0 0 0 0 0 0 0 0 0 0 0 0 0 0 0 0 0 0 27 0 0 0 0 22 8 22 0 0 6 1 70 38 0 0 0 48 21
24 0 0 0 0 0 0 0 0 0 0 0 0 0 0 0 0 0 0 0 0 0 35 0 0 0 0 27 8 28 0 0 9 0 85 35 0 0 0 61 26
0 0 3 48 0 0 0 0 0 0 0 0 0 0 0 0 0 0 0 0 0 0 0 0 7 0 18 0 0 0 0 85 0 0 0 0 0 26 14 0 0
11 0 1 0 0 0 0 0 0 0 0 0 0 0 0 0 0 0 0 0 0 0 21 0 0 0 0 17 6 17 0 0 4 0 59 39 0 0 0 38 18
31 0 0 0 0 0 0 0 0 0 0 0 0 0 0 0 0 0 0 0 0 0 45 0 0 1 0 32 9 33 0 0 12 0 100 32 0 0 0 76 29
29 0 0 0 0 0 0 0 0 0 0 0 0 0 0 0 0 0 0 0 0 0 39 0 0 0 0 30 9 31 0 0 11 0 92 33 0 0 0 68 28
2 0 7 0 0 0 0 0 0 0 0 0 0 0 0 0 0 0 0 0 0 0 18 0 0 0 0 10 4 10 0 0 1 0 48 41 0 0 0 29 13
0 0 1 44 0 0 0 0 0 0 0 0 0 0 0 0 0 0 0 0 0 0 0 0 6 0 13 0 0 0 0 71 0 0 0 0 0 27 12 0 0
0 0 4 48 0 0 0 0 0 0 0 0 0 0 0 0 0 0 0 0 0 0 0 0 7 0 17 0 0 0 0 84 0 0 0 0 0 26 14 0 0
0 0 6 32 0 0 0 0 0 0 0 0 0 0 0 0 0 0 0 0 0 0 15 0 4 0 3 0 0 0 0 54 0 0 21 1 0 27 7 18 0
23 0 0 0 0 0 0 0 0 0 0 0 0 0 0 0 0 0 0 0 0 0 30 0 0 0 0 26 8 27 0 0 9 0 78 36 0 0 0 54 25
15 0 0 0 0 0 0 0 0 0 0 0 0 0 0 0 0 0 0 0 0 0 24 0 0 0 0 21 7 21 0 0 6 0 66 40 0 0 0 44 21
0 0 10 0 0 0 0 0 0 0 0 0 0 0 0 0 0 0 0 0 0 0 15 0 0 0 0 6 2 6 0 6 0 0 41 41 0 6 0 24 10
0 0 10 5 0 0 0 0 0 0 0 0 0 0 0 0 0 0 0 0 0 0 15 0 0 0 0 2 1 2 0 19 0 0 35 37 0 11 0 21 6
20 0 0 0 0 0 0 0 0 0 0 0 0 0 0 0 0 0 0 0 0 0 31 0 0 0 0 26 8 26 0 0 8 0 79 39 0 0 0 55 25
0 0 1 50 0 0 0 0 0 0 0 0 0 0 0 0 0 0 0 0 0 0 0 0 8 0 17 0 0 0 0 84 0 0 0 0 0 28 14 0 0
23 0 0 0 0 0 0 0 0 0 0 0 0 0 0 0 0 0 0 0 0 0 31 0 0 0 0 26 8 26 0 0 9 0 78 36 0 0 0 55 25
0 0 4 34 0 0 0 0 0 0 0 0 0 0 0 0 0 0 0 0 0 0 14 0 4 0 6 0 0 0 0 56 0 0 17 0 0 27 8 16 0
22 0 0 0 0 0 0 0 0 0 0 0 0 0 0 0 0 0 0 0 0 0 32 0 0 0 0 27 8 27 0 0 9 0 81 38 0 0 0 57 25
22 0 0 0 0 0 0 0 0 0 0 0 0 0 0 0 0 0 0 0 0 0 32 0 0 0 0 26 8 27 0 0 8 0 81 38 0 0 0 57 25
0 0 10 14 0 0 0 0 0 0 0 0 0 0 0 0 0 0 0 0 0 0 15 0 1 0 0 0 0 0 0 32 0 0 32 28 0 16 1 20 1
0 0 7 0 0 0 0 0 0 0 0 0 0 0 0 0 0 0 0 0 0 0 16 0 0 0 0 9 3 9 0 0 0 0 44 40 0 1 0 26 12
14 0 0 0 0 0 0 0 0 0 0 0 0 0 0 0 0 0 0 0 0 0 26 0 0 0 0 20 7 20 0 0 5 1 68 40 0 0 0 46 21
0 0 2 38 0 0 0 0 0 0 0 0 0 0 0 0 0 0 0 0 0 0 7 0 5 0 8 0 0 0 0 61 0 0 1 0 0 27 10 6 0
7 0 3 0 0 0 0 0 0 0 0 0 0 0 0 0 0 0 0 0 0 0 21 0 0 0 0 15 5 15 0 0 3 1 56 41 0 0 0 36 17
0 0 10 16 0 0 0 0 0 0 0 0 0 0 0 0 0 0 0 0 0 0 15 0 1 0 0 0 0 0 0 34 0 0 32 25 0 18 2 21 0
21 0 0 0 0 0 0 0 0 0 0 0 0 0 0 0 0 0 0 0 0 0 29 0 0 0 0 25 8 25 0 0 8 0 76 37 0 0 0 52 23
0 0 8 32 0 0 0 0 0 0 0 0 0 0 0 0 0 0 0 0 0 0 17 0 4 0 3 0 0 0 0 54 0 0 27 2 0 28 7 23 0
0 0 1 46 0 0 0 0 0 0 0 0 0 0 0 0 0 0 0 0 0 0 0 0 7 0 15 0 0 0 0 77 0 0 0 0 0 27 13 0 0
0 0 6 32 0 0 0 0 0 0 0 0 0 0 0 0 0 0 0 0 0 0 16 0 4 0 4 0 0 0 0 54 0 0 23 0 0 27 7 20 0
0 0 9 0 0 0 0 0 0 0 0 0 0 0 0 0 0 0 0 0 0 0 16 0 0 0 0 5 2 5 0 10 0 0 41 40 0 6 0 25 9
5 0 4 0 0 0 0 0 0 0 0 0 0 0 0 0 0 0 0 0 0 0 20 0 0 0 0 12 5 12 0 0 2 1 52 40 0 0 0 33 15
19 0 0 0 0 0 0 0 0 0 0 0 0 0 0 0 0 0 0 0 0 0 29 0 0 0 0 24 8 24 0 0 7 0 76 39 0 0 0 52 23
0 0 0 40 0 0 0 0 0 0 0 0 0 0 0 0 0 0 0 0 0 0 0 0 5 0 11 0 0 0 0 64 0 0 0 0 0 26 11 0 0
0 0 4 46 0 0 0 0 0 0 0 0 0 0 0 0 0 0 0 0 0 0 0 0 7 0 19 0 0 0 0 83 0 0 0 0 0 23 14 0 0
16 0 0 0 0 0 0 0 0 0 0 0 0 0 0 0 0 0 0 0 0 0 25 0 0 0 0 22 8 22 0 0 6 0 69 39 0 0 0 46 22
24 0 0 0 0 0 0 0 0 0 0 0 0 0 0 0 0 0 0 0 0 0 36 0 0 0 0 27 8 28 0 0 9 0 86 35 0 0 0 62 26
22 0 0 0 0 0 0 0 0 0 0 0 0 0 0 0 0 0 0 0 0 0 31 0 0 0 0 26 8 27 0 0 8 0 79 37 0 0 0 55 25
23 0 0 0 0 0 0 0 0 0 0 0 0 0 0 0 0 0 0 0 0 0 33 0 0 0 0 26 8 27 0 0 9 0 82 34 0 0 0 59 25
0 0 7 30 0 0 0 0 0 0 0 0 0 0 0 0 0 0 0 0 0 0 15 0 4 0 2 0 0 0 0 51 0 0 25 3 0 26 6 20 0
0 0 7 24 0 0 0 0 0 0 0 0 0 0 0 0 0 0 0 0 0 0 14 0 3 0 1 0 0 0 0 43 0 0 25 8 0 21 5 19 0
27 0 0 0 0 0 0 0 0 0 0 0 0 0 0 0 0 0 0 0 0 0 40 0 0 1 0 29 9 31 0 0 10 0 92 34 0 0 0 69 28
24 0 0 0 0 0 0 0 0 0 0 0 0 0 0 0 0 0 0 0 0 0 31 0 0 0 0 28 8 27 0 0 9 0 80 38 0 0 0 55 26
0 0 1 49 0 0 0 0 0 0 0 0 0 0 0 0 0 0 0 0 0 0 0 0 7 0 17 0 0 0 0 82 0 0 0 0 0 28 14 0 0
0 0 0 49 0 0 0 0 0 0 0 0 0 0 0 0 0 0 0 0 0 0 0 0 7 0 16 0 0 0 0 81 0 0 0 0 0 28 14 0 0
0 0 11 3 0 0 0 0 0 0 0 0 0 0 0 0 0 0 0 0 0 0 14 0 0 0 0 3 1 3 0 17 0 0 36 39 0 9 0 21 8
10 0 2 0 0 0 0 0 0 0 0 0 0 0 0 0 0 0 0 0 0 0 22 0 0 0 0 16 6 16 0 0 4 1 59 39 0 0 0 39 17
16 0 0 0 0 0 0 0 0 0 0 0 0 0 0 0 0 0 0 0 0 0 26 0 0 0 0 21 7 21 0 0 6 1 67 37 0 0 0 46 21
0 0 0 41 0 0 0 0 0 0 0 0 0 0 0 0 0 0 0 0 0 0 0 0 5 0 13 0 0 0 0 66 0 0 0 0 0 25 11 0 0
5 0 5 0 0 0 0 0 0 0 0 0 0 0 0 0 0 0 0 0 0 0 19 0 0 0 0 11 4 11 0 0 1 1 51 40 0 0 0 32 14
0 0 9 13 0 0 0 0 0 0 0 0 0 0 0 0 0 0 0 0 0 0 14 0 1 0 0 0 0 0 0 29 0 0 31 28 0 15 1 20 2
0 0 4 34 0 0 0 0 0 0 0 0 0 0 0 0 0 0 0 0 0 0 14 0 4 0 5 0 0 0 0 56 0 0 18 0 0 27 8 18 0
17 0 0 0 0 0 0 0 0 0 0 0 0 0 0 0 0 0 0 0 0 0 27 0 0 0 0 22 7 22 0 0 7 1 70 39 0 0 0 48 22
27 0 0 0 0 0 0 0 0 0 0 0 0 0 0 0 0 0 0 0 0 0 38 0 0 0 0 29 8 30 0 0 10 0 90 35 0 0 0 67 27
10 0 2 0 0 0 0 0 0 0 0 0 0 0 0 0 0 0 0 0 0 0 23 0 0 0 0 15 6 16 0 0 4 0 59 38 0 0 0 40 17
12 0 0 0 0 0 0 0 0 0 0 0 0 0 0 0 0 0 0 0 0 0 24 0 0 0 0 17 6 18 0 0 5 1 62 39 0 0 0 42 18
0 0 10 0 0 0 0 0 0 0 0 0 0 0 0 0 0 0 0 0 0 0 16 0 0 0 0 5 2 5 0 10 0 0 41 41 0 7 0 25 9
0 0 4 48 0 0 0 0 0 0 0 0 0 0 0 0 0 0 0 0 0 0 0 0 6 0 19 0 0 0 0 85 0 0 0 0 0 24 14 0 0
0 0 5 53 0 0 0 0 0 0 0 0 0 0 0 0 1 0 0 0 0 0 0 0 6 0 26 0 0 0 0 100 0 0 0 0 0 23 16 0 0
0 0 1 41 0 0 0 0 0 0 0 0 0 0 0 0 0 0 0 0 0 0 0 0 6 0 11 0 0 0 0 67 0 0 0 0 0 27 11 0 0
20 0 0 0 0 0 0 0 0 0 0 0 0 0 0 0 0 0 0 0 0 0 30 0 0 0 0 24 8 24 0 0 8 0 76 37 0 0 0 53 23
0 0 5 50 0 0 0 0 0 0 0 0 0 0 0 0 1 0 0 0 0 0 0 0 7 0 22 0 0 0 0 93 0 0 0 0 0 24 15 0 0
0 0 2 50 0 0 0 0 0 0 0 0 0 0 0 0 0 0 0 0 0 0 0 0 7 0 18 0 0 0 0 85 0 0 0 0 0 26 14 0 0
0 0 1 46 0 0 0 0 0 0 0 0 0 0 0 0 0 0 0 0 0 0 0 0 7 0 15 0 0 0 0 77 0 0 0 0 0 27 13 0 0
16 0 0 0 0 0 0 0 0 0 0 0 0 0 0 0 0 0 0 0 0 0 25 0 0 0 0 21 7 21 0 0 6 1 67 39 0 0 0 45 21
0 0 7 25 0 0 0 0 0 0 0 0 0 0 0 0 0 0 0 0 0 0 15 0 3 0 1 0 0 0 0 45 0 0 26 7 0 23 5 19 0
0 0 3 50 0 0 0 0 0 0 0 0 0 0 0 0 0 0 0 0 0 0 0 0 7 0 20 0 0 0 0 88 0 0 0 0 0 26 14 0 0
0 0 1 45 0 0 0 0 0 0 0 0 0 0 0 0 0 0 0 0 0 0 0 0 7 0 14 0 0 0 0 73 0 0 0 0 0 26 13 0 0
0 0 9 24 0 0 0 0 0 0 0 0 0 0 0 0 0 0 0 0 0 0 15 0 3 0 0 0 0 0 0 46 0 0 27 13 0 23 5 20 0
0 0 9 0 0 0 0 0 0 0 0 0 0 0 0 0 0 0 0 0 0 0 16 0 0 0 0 5 3 5 0 9 0 1 41 39 0 6 0 25 9
0 0 10 4 0 0 0 0 0 0 0 0 0 0 0 0 0 0 0 0 0 0 15 0 0 0 0 2 2 3 0 17 0 0 36 38 0 10 0 22 7
0 0 4 33 0 0 0 0 0 0 0 0 0 0 0 0 0 0 0 0 0 0 16 0 4 0 4 0 0 0 0 53 0 0 23 0 0 27 7 20 0
0 0 10 5 0 0 0 0 0 0 0 0 0 0 0 0 0 0 0 0 0 0 15 0 0 0 0 2 1 2 0 19 0 0 37 38 0 10 0 22 7
0 0 10 13 0 0 0 0 0 0 0 0 0 0 0 0 0 0 0 0 0 0 13 0 1 0 0 0 0 0 0 30 0 0 30 29 0 15 1 18 2
13 0 1 0 0 0 0 0 0 0 0 0 0 0 0 0 0 0 0 0 0 0 22 0 0 0 0 19 6 19 0 0 5 0 62 40 0 0 0 41 20
27 0 0 0 0 0 0 0 0 0 0 0 0 0 0 0 0 0 0 0 0 0 37 0 0 0 0 29 9 30 0 0 10 0 88 33 0 0 0 65 27
12 0 0 0 0 0 0 0 0 0 0 0 0 0 0 0 0 0 0 0 0 0 22 0 0 0 0 16 6 16 0 0 4 1 58 37 0 0 0 38 17
0 0 10 0 0 0 0 0 0 0 0 0 0 0 0 0 0 0 0 0 0 0 16 0 0 0 0 6 2 6 0 8 0 0 42 43 0 6 0 25 10
0 0 3 48 0 0 0 0 0 0 0 0 0 0 0 0 0 0 0 0 0 0 0 0 7 0 17 0 0 0 0 84 0 0 0 0 0 26 13 0 0
9 0 3 0 0 0 0 0 0 0 0 0 0 0 0 0 0 0 0 0 0 0 21 0 0 0 0 16 6 16 0 0 4 0 58 41 0 0 0 37 18
0 0 1 50 0 0 0 0 0 0 0 0 0 0 0 0 0 0 0 0 0 0 0 0 8 0 18 0 0 0 0 84 0 0 0 0 0 28 14 0 0
0 0 4 50 0 0 0 0 0 0 0 0 0 0 0 0 0 0 0 0 0 0 0 0 7 0 19 0 0 0 0 89 0 0 0 0 0 26 14 0 0
17 0 0 0 0 0 0 0 0 0 0 0 0 0 0 0 0 0 0 0 0 0 29 0 0 0 0 23 8 23 0 0 7 0 74 39 0 0 0 51 23
32 0 0 0 0 0 0 1 0 0 0 0 0 0 0 0 0 0 0 0 0 0 47 0 0 1 0 31 8 33 0 0 12 0 103 30 0 0 0 80 29
9 0 2 0 0 0 0 0 0 0 0 0 0 0 0 0 0 0 0 0 0 0 22 0 0 0 0 14 5 15 0 0 3 1 57 38 0 0 0 38 16
0 0 4 36 0 0 0 0 0 0 0 0 0 0 0 0 0 0 0 0 0 0 13 0 4 0 6 0 0 0 0 59 0 0 15 0 0 28 9 16 0
0 0 8 30 0 0 0 0 0 0 0 0 0 0 0 0 0 0 0 0 0 0 16 0 4 0 2 0 0 0 0 52 0 0 26 4 0 26 6 20 0
0 0 10 13 0 0 0 0 0 0 0 0 0 0 0 0 0 0 0 0 0 0 14 0 1 0 0 0 0 0 0 30 0 0 32 28 0 15 1 19 2
17 0 0 0 0 0 0 0 0 0 0 0 0 0 0 0 0 0 0 0 0 0 24 0 0 0 0 23 7 23 0 0 7 0 69 39 0 0 0 45 22
0 0 1 46 0 0 0 0 0 0 0 0 0 0 0 0 0 0 0 0 0 0 0 0 7 0 14 0 0 0 0 77 0 0 0 0 0 27 13 0 0
0 0 4 50 0 0 0 0 0 0 0 0 0 0 0 0 0 0 0 0 0 0 0 0 7 0 21 0 0 0 0 91 0 0 0 0 0 25 15 0 0
22 0 0 0 0 0 0 0 0 0 0 0 0 0 0 0 0 0 0 0 0 0 31 0 0 0 0 26 8 27 0 0 9 0 80 37 0 0 0 56 25
0 0 3 51 0 0 0 0 0 0 0 0 0 0 0 0 0 0 0 0 0 0 0 0 7 0 20 0 0 0 0 90 0 0 0 0 0 26 15 0 0
12 0 1 0 0 0 0 0 0 0 0 0 0 0 0 0 0 0 0 0 0 0 24 0 0 0 0 19 7 19 0 0 5 1 64 41 0 0 0 42 20
0 0 1 45 0 0 0 0 0 0 0 0 0 0 0 0 0 0 0 0 0 0 0 0 7 0 15 0 0 0 0 75 0 0 0 0 0 26 13 0 0
2 0 7 0 0 0 0 0 0 0 0 0 0 0 0 0 0 0 0 0 0 0 18 0 0 0 0 9 3 10 0 0 1 0 47 40 0 1 0 29 13
14 0 0 0 0 0 0 0 0 0 0 0 0 0 0 0 0 0 0 0 0 0 25 0 0 0 0 19 6 20 0 0 6 0 65 39 0 0 0 44 20
15 0 0 0 0 0 0 0 0 0 0 0 0 0 0 0 0 0 0 0 0 0 26 0 0 0 0 21 7 21 0 0 6 0 69 39 0 0 0 47 21
28 0 0 0 0 0 0 0 0 0 0 0 0 0 0 0 0 0 0 0 0 0 39 0 0 1 0 29 8 30 0 0 10 0 91 34 0 0 0 68 27
0 0 9 17 0 0 0 0 0 0 0 0 0 0 0 0 0 0 0 0 0 0 15 0 2 0 0 0 0 0 0 36 0 0 30 24 0 19 2 20 0
19 0 0 0 0 0 0 0 0 0 0 0 0 0 0 0 0 0 0 0 0 0 28 0 0 0 0 22 7 22 0 0 7 1 70 34 0 0 0 49 21
18 0 0 0 0 0 0 0 0 0 0 0 0 0 0 0 0 0 0 0 0 0 28 0 0 0 0 24 8 24 0 0 7 0 73 40 0 0 0 50 23
0 0 1 47 0 0 0 0 0 0 0 0 0 0 0 0 0 0 0 0 0 0 0 0 7 0 17 0 0 0 0 80 0 0 0 0 0 26 13 0 0
22 0 0 0 0 0 0 0 0 0 0 0 0 0 0 0 0 0 0 0 0 0 33 0 0 0 0 26 8 27 0 0 8 0 82 37 0 0 0 59 25
20 0 0 0 0 0 0 0 0 0 0 0 0 0 0 0 0 0 0 0 0 0 32 0 0 0 0 25 8 26 0 0 8 0 80 40 0 0 0 56 25
11 0 1 0 0 0 0 0 0 0 0 0 0 0 0 0 0 0 0 0 0 0 24 0 0 0 0 16 6 17 0 0 4 1 62 39 0 0 0 42 18
0 0 0 44 0 0 0 0 0 0 0 0 0 0 0 0 0 0 0 0 0 0 0 0 6 0 13 0 0 0 0 72 0 0 0 0 0 27 13 0 0
0 0 4 31 0 0 0 0 0 0 0 0 0 0 0 0 0 0 0 0 0 0 13 0 3 0 5 0 0 0 0 53 0 0 18 0 0 25 7 17 0
12 0 0 0 0 0 0 0 0 0 0 0 0 0 0 0 0 0 0 0 0 0 24 0 0 0 0 16 7 17 0 0 4 1 62 36 0 0 0 42 18
0 0 6 32 0 0 0 0 0 0 0 0 0 0 0 0 0 0 0 0 0 0 15 0 4 0 4 0 0 0 0 55 0 0 21 0 0 27 8 18 0
19 0 0 0 0 0 0 0 0 0 0 0 0 0 0 0 0 0 0 0 0 0 29 0 0 0 0 24 8 25 0 0 7 0 75 38 0 0 0 52 23
0 0 8 27 0 0 0 0 0 0 0 0 0 0 0 0 0 0 0 0 0 0 14 0 4 0 2 0 0 0 0 49 0 0 24 5 0 24 6 20 0
11 0 1 0 0 0 0 0 0 0 0 0 0 0 0 0 0 0 0 0 0 0 22 0 0 0 0 17 6 17 0 0 4 1 60 39 0 0 0 40 18
15 0 0 0 0 0 0 0 0 0 0 0 0 0 0 0 0 0 0 0 0 0 26 0 0 0 0 21 7 22 0 0 6 0 70 41 0 0 0 47 22
0 0 2 42 0 0 0 0 0 0 0 0 0 0 0 0 0 0 0 0 0 0 0 0 6 0 11 0 0 0 0 69 0 0 0 0 0 27 12 0 0
0 0 4 36 0 0 0 0 0 0 0 0 0 0 0 0 0 0 0 0 0 0 14 0 5 0 6 0 0 0 0 59 0 0 16 0 0 29 9 17 0
24 0 0 0 0 0 0 0 0 0 0 0 0 0 0 0 0 0 0 0 0 0 37 0 0 0 0 28 8 28 0 0 10 0 87 35 0 0 0 64 26
0 0 8 0 0 0 0 0 0 0 0 0 0 0 0 0 0 0 0 0 0 0 17 0 0 0 0 9 3 9 0 0 0 0 46 41 0 2 0 28 12
0 0 11 13 0 0 0 0 0 0 0 0 0 0 0 0 0 0 0 0 0 0 14 0 1 0 0 0 0 0 0 32 0 0 32 30 0 15 1 20 3
12 0 1 0 0 0 0 0 0 0 0 0 0 0 0 0 0 0 0 0 0 0 23 0 0 0 0 18 6 18 0 0 4 0 62 39 0 0 0 41 19
0 0 2 45 0 0 0 0 0 0 0 0 0 0 0 0 0 0 0 0 0 0 0 0 8 0 14 0 0 0 0 77 0 0 0 0 0 27 13 0 0
0 0 2 50 0 0 0 0 0 0 0 0 0 0 0 0 0 0 0 0 0 0 0 0 8 0 18 0 0 0 0 85 0 0 0 0 0 26 14 0 0
12 0 0 0 0 0 0 0 0 0 0 0 0 0 0 0 0 0 0 0 0 0 22 0 0 0 0 17 6 17 0 0 4 1 60 37 0 0 0 40 18
38 0 0 0 0 0 0 1 0 0 0 0 0 0 0 0 0 0 0 0 0 0 51 0 0 1 0 35 9 38 0 0 14 0 113 27 0 0 0 89 32
