0 0 16 0 0 0 0 0 0 0 0 0 0 0 0 0 0 0 0 0 0 0 3 0 0 0 11 0 0 0 0 7 0 2 0 24 0 0 0 73 2
0 0 35 28 0 0 0 0 0 0 5 0 0 0 0 0 0 0 0 0 0 0 6 21 0 0 13 0 0 0 0 24 0 1 32 47 0 30 0 0 0
0 0 31 23 0 0 0 0 0 0 2 0 0 0 0 0 0 0 0 0 0 0 9 19 0 0 14 0 0 0 0 29 0 1 22 40 0 25 0 0 0
0 0 36 28 0 0 0 0 0 0 6 0 0 0 0 0 0 0 0 0 0 0 5 21 0 0 13 0 0 0 0 20 0 0 33 48 0 31 0 0 0
0 0 55 52 0 0 0 0 0 0 27 0 0 0 0 0 0 0 0 0 0 0 0 30 0 0 8 0 1 0 0 0 0 0 80 79 0 58 0 0 0
0 0 29 14 0 0 0 0 0 0 0 0 0 0 0 0 0 0 0 0 0 0 12 15 0 0 17 0 0 0 0 33 0 2 8 34 0 18 0 0 0
0 0 35 29 0 0 0 0 0 0 6 0 0 0 0 0 0 0 0 0 0 0 5 21 0 0 13 0 0 0 0 23 0 0 33 48 0 31 0 0 0
0 0 52 50 0 0 0 0 0 0 25 0 0 0 0 0 0 0 0 0 0 0 0 30 0 0 8 0 1 0 0 0 0 0 76 75 0 55 0 0 0
0 0 40 34 0 0 0 0 0 0 10 0 0 0 0 0 0 0 0 0 0 0 2 24 0 0 12 0 0 0 0 19 0 0 44 56 0 37 0 0 0
0 0 30 18 0 0 0 0 0 0 0 0 0 0 0 0 0 0 0 0 0 0 11 16 0 0 16 0 0 0 0 31 0 2 14 36 0 21 0 0 0
0 0 40 37 0 0 0 0 0 0 12 0 0 0 0 0 0 0 0 0 0 0 0 25 0 0 11 0 0 0 0 15 0 0 49 57 0 40 0 0 0
0 0 0 0 5 0 0 0 0 0 0 0 0 0 3 0 0 0 0 0 0 0 0 0 0 0 0 0 0 0 0 0 0 0 0 0 0 0 0 119 0
0 0 35 27 0 0 0 0 0 0 5 0 0 0 0 0 0 0 0 0 0 0 6 20 0 0 14 0 0 0 0 23 0 1 31 47 0 30 0 0 0
0 0 0 0 4 0 0 0 0 0 0 0 0 0 1 0 0 0 0 0 0 0 0 0 0 0 0 0 0 0 0 0 0 0 0 0 0 0 0 117 0
0 0 50 50 0 0 0 0 0 0 23 0 0 0 0 0 0 0 0 0 0 0 0 30 0 0 8 0 0 0 0 0 0 0 74 73 0 54 0 0 0
0 0 38 33 0 0 0 0 0 0 9 0 0 0 0 0 0 0 0 0 0 0 2 23 0 0 12 0 0 0 0 20 0 0 41 54 0 35 0 0 0
0 2 0 0 7 0 0 0 0 0 0 0 0 0 5 0 0 0 0 0 0 0 0 0 0 0 0 0 0 0 0 0 2 0 0 0 0 0 0 112 0
0 0 49 48 0 0 0 0 0 0 22 0 0 0 0 0 0 0 0 0 0 0 0 29 0 0 9 0 0 0 0 0 0 0 71 71 0 52 0 0 0
0 0 40 35 0 0 0 0 0 0 11 0 0 0 0 0 0 0 0 0 0 0 2 24 0 0 12 0 0 0 0 16 0 0 46 56 0 38 0 0 0
0 0 29 17 0 0 0 0 0 0 0 0 0 0 0 0 0 0 0 0 0 0 11 16 0 0 16 0 0 0 0 31 0 2 12 34 0 20 0 0 0
0 0 43 42 0 0 0 0 0 0 15 0 0 0 0 0 0 0 0 0 0 0 0 27 0 0 10 0 0 0 0 12 0 0 56 62 0 44 0 0 0
0 0 0 0 5 0 0 0 0 0 0 0 0 0 3 0 0 0 0 0 0 0 0 0 0 0 0 0 0 0 0 0 0 0 0 0 0 0 0 116 0
0 0 40 34 0 0 0 0 0 0 10 0 0 0 0 0 0 0 0 0 0 0 2 23 0 0 12 0 0 0 0 18 0 0 43 55 0 37 0 0 0
0 0 45 42 0 0 0 0 0 0 16 0 0 0 0 0 0 0 0 0 0 0 0 27 0 0 10 0 0 0 0 7 0 0 60 63 0 46 0 0 0
0 0 48 46 0 0 0 0 0 0 19 0 0 0 0 0 0 0 0 0 0 0 0 29 0 0 10 0 0 0 0 6 0 0 66 68 0 50 0 0 0
0 0 26 2 0 0 0 0 0 0 0 0 0 0 0 0 0 0 0 0 0 0 13 6 0 0 18 0 0 1 0 28 0 3 0 28 0 8 0 16 1
0 0 0 0 3 0 0 0 0 0 0 0 0 0 0 0 0 0 0 0 0 0 0 0 0 0 0 0 0 0 0 0 0 0 0 0 0 0 0 105 0
0 0 44 42 0 0 0 0 0 0 16 0 0 0 0 0 0 0 0 0 0 0 0 27 0 0 10 0 0 0 0 11 0 0 58 63 0 45 0 0 0
0 0 32 26 0 0 0 0 0 0 4 0 0 0 0 0 0 0 0 0 0 0 6 20 0 0 13 0 0 0 0 25 0 0 29 44 0 28 0 0 0
0 0 18 0 0 0 0 0 0 0 0 0 0 0 0 0 0 0 0 0 0 0 4 0 0 0 12 0 0 1 0 8 0 2 0 28 0 0 0 71 1
0 0 21 0 0 0 0 0 0 0 0 0 0 0 0 0 0 0 0 0 0 0 8 0 0 0 14 0 0 1 0 15 0 3 0 25 0 0 0 57 2
0 0 23 0 0 0 0 0 0 0 0 0 0 0 0 0 0 0 0 0 0 0 8 0 0 0 15 0 0 1 0 16 0 2 0 29 0 0 0 49 2
0 0 40 37 0 0 0 0 0 0 12 0 0 0 0 0 0 0 0 0 0 0 0 25 0 0 11 0 0 0 0 16 0 0 48 58 0 39 0 0 0
0 0 17 0 0 0 0 0 0 0 0 0 0 0 0 0 0 0 0 0 0 0 4 0 0 0 11 0 0 1 0 9 0 2 0 23 0 0 0 69 2
0 0 0 0 2 0 0 0 0 0 0 0 0 0 0 0 0 0 0 0 0 0 0 0 0 0 0 0 0 0 0 0 0 0 0 0 0 0 0 99 0
0 0 0 0 4 0 0 0 0 0 0 0 0 0 0 0 0 0 0 0 0 0 0 0 0 0 0 0 0 0 0 0 0 0 0 0 0 0 0 117 0
0 0 32 20 0 0 0 0 0 0 0 0 0 0 0 0 0 0 0 0 0 0 10 17 0 0 16 0 0 0 0 30 0 2 17 39 0 23 0 0 0
0 0 11 0 0 0 0 0 0 0 0 0 0 0 0 0 0 0 0 0 0 0 0 0 0 0 7 0 0 1 0 1 0 2 0 19 0 0 0 86 1
0 0 27 4 0 0 0 0 0 0 0 0 0 0 0 0 0 0 0 0 0 0 13 7 0 0 18 0 0 1 0 28 0 3 0 31 0 10 0 14 1
0 0 29 14 0 0 0 0 0 0 0 0 0 0 0 0 0 0 0 0 0 0 13 14 0 0 17 0 0 0 0 33 0 3 7 33 0 17 0 0 0
0 0 33 24 0 0 0 0 0 0 3 0 0 0 0 0 0 0 0 0 0 0 8 19 0 0 14 0 0 0 0 27 0 1 25 44 0 26 0 0 0
0 0 49 48 0 0 0 0 0 0 22 0 0 0 0 0 0 0 0 0 0 0 0 29 0 0 8 0 1 0 0 0 0 0 72 70 0 52 0 0 0
0 0 25 0 0 0 0 0 0 0 0 0 0 0 0 0 0 0 0 0 0 0 9 0 0 0 16 0 0 2 0 18 0 3 0 29 0 1 0 41 3
0 0 36 28 0 0 0 0 0 0 5 0 0 0 0 0 0 0 0 0 0 0 5 21 0 0 13 0 0 0 0 23 0 0 33 48 0 31 0 0 0
0 0 41 39 0 0 0 0 0 0 13 0 0 0 0 0 0 0 0 0 0 0 0 26 0 0 11 0 0 0 0 14 0 0 52 60 0 41 0 0 0
0 0 0 0 3 0 0 0 0 0 0 0 0 0 0 0 0 0 0 0 0 0 0 0 0 0 0 0 0 0 0 0 0 0 0 0 0 0 0 99 0
0 0 34 23 0 0 0 0 0 0 2 0 0 0 0 0 0 0 0 0 0 0 9 19 0 0 15 0 0 0 0 25 0 1 24 43 0 27 0 0 0
0 0 48 47 0 0 0 0 0 0 21 0 0 0 0 0 0 0 0 0 0 0 0 28 0 0 9 0 0 0 0 0 0 0 70 69 0 51 0 0 0
0 0 0 0 2 0 0 0 0 0 0 0 0 0 0 0 0 0 0 0 0 0 0 0 0 0 0 0 0 0 0 0 0 0 0 0 0 0 0 96 0
0 0 0 0 2 0 0 0 0 0 0 0 0 0 0 0 0 0 0 0 0 0 0 0 0 0 0 0 0 0 0 0 0 0 0 0 0 0 0 99 0
0 0 26 7 0 0 0 0 0 0 0 0 0 0 0 0 0 0 0 0 0 0 14 10 0 0 18 0 0 0 0 32 0 3 0 29 0 12 0 4 1
0 0 33 22 0 0 0 0 0 0 1 0 0 0 0 0 0 0 0 0 0 0 9 18 0 0 15 0 0 0 0 28 0 1 21 41 0 25 0 0 0
0 0 3 0 1 0 0 0 0 0 0 0 0 0 0 0 0 0 0 0 0 0 0 0 0 0 4 0 0 0 0 0 0 1 0 12 0 0 0 93 0
0 0 47 46 0 0 0 0 0 0 19 0 0 0 0 0 0 0 0 0 0 0 0 28 0 0 9 0 0 0 0 3 0 0 66 68 0 49 0 0 0
0 0 33 24 0 0 0 0 0 0 2 0 0 0 0 0 0 0 0 0 0 0 8 19 0 0 15 0 0 0 0 27 0 1 24 43 0 26 0 0 0
0 0 52 49 0 0 0 0 0 0 24 0 0 0 0 0 0 0 0 0 0 0 0 29 0 0 9 0 1 0 0 0 0 0 74 74 0 55 0 0 0
0 0 24 0 0 0 0 0 0 0 0 0 0 0 0 0 0 0 0 0 0 0 11 0 0 0 16 0 0 1 0 21 0 3 0 26 0 2 0 34 2
0 0 46 46 0 0 0 0 0 0 18 0 0 0 0 0 0 0 0 0 0 0 0 29 0 0 9 0 0 0 0 8 0 0 65 67 0 49 0 0 0
0 0 42 38 0 0 0 0 0 0 13 0 0 0 0 0 0 0 0 0 0 0 0 25 0 0 11 0 0 0 0 14 0 0 51 60 0 41 0 0 0
0 0 55 51 0 0 0 0 0 0 28 0 0 0 0 0 0 0 0 0 0 0 0 30 0 0 8 0 2 0 0 0 0 0 80 79 0 57 0 0 0
0 0 1 0 1 0 0 0 0 0 0 0 0 0 0 0 0 0 0 0 0 0 0 0 0 0 4 0 0 0 0 0 0 1 0 10 0 0 0 93 0
0 0 28 4 0 0 0 0 0 0 0 0 0 0 0 0 0 0 0 0 0 0 14 8 0 0 18 0 0 0 0 30 0 3 0 29 0 10 0 12 1
0 1 0 0 5 0 0 0 0 0 0 0 0 0 4 0 0 0 0 0 0 0 0 0 0 0 0 0 0 0 0 0 1 0 0 0 0 0 0 107 0
0 0 46 43 0 0 0 0 0 0 19 0 0 0 0 0 0 0 0 0 0 0 0 27 0 0 9 0 0 0 0 3 0 0 63 65 0 47 0 0 0
0 0 0 0 4 0 0 0 0 0 0 0 0 0 1 0 0 0 0 0 0 0 0 0 0 0 0 0 0 0 0 0 0 0 0 0 0 0 0 107 0
0 0 37 31 0 0 0 0 0 0 8 0 0 0 0 0 0 0 0 0 0 0 4 22 0 0 13 0 0 0 0 21 0 0 38 52 0 34 0 0 0
0 0 47 45 0 0 0 0 0 0 20 0 0 0 0 0 0 0 0 0 0 0 0 27 0 0 9 0 0 0 0 0 0 0 66 67 0 50 0 0 0
0 0 29 15 0 0 0 0 0 0 0 0 0 0 0 0 0 0 0 0 0 0 12 14 0 0 16 0 0 0 0 30 0 2 10 34 0 18 0 0 0
0 0 40 35 0 0 0 0 0 0 10 0 0 0 0 0 0 0 0 0 0 0 2 24 0 0 12 0 0 0 0 18 0 0 45 56 0 38 0 0 0
0 0 0 0 3 0 0 0 0 0 0 0 0 0 0 0 0 0 0 0 0 0 0 0 0 0 0 0 0 0 0 0 0 0 0 0 0 0 0 103 0
0 0 35 25 0 0 0 0 0 0 4 0 0 0 0 0 0 0 0 0 0 0 6 19 0 0 14 0 0 0 0 24 0 1 28 46 0 29 0 0 0
0 0 0 0 4 0 0 0 0 0 0 0 0 0 0 0 0 0 0 0 0 0 0 0 0 0 0 0 0 0 0 0 0 0 0 0 0 0 0 112 0
0 0 54 52 0 0 0 0 0 0 30 0 0 0 0 0 0 0 0 0 0 0 0 30 0 0 7 0 2 0 0 0 0 0 82 79 0 58 0 0 0
0 0 26 2 0 0 0 0 0 0 0 0 0 0 0 0 0 0 0 0 0 0 14 6 0 0 18 0 0 1 0 28 0 3 0 28 0 8 0 16 1
0 0 0 0 4 0 0 0 0 0 0 0 0 0 1 0 0 0 0 0 0 0 0 0 0 0 0 0 0 0 0 0 0 0 0 0 0 0 0 112 0
0 0 0 0 5 0 0 0 0 0 0 0 0 0 2 0 0 0 0 0 0 0 0 0 0 0 0 0 0 0 0 0 0 0 0 0 0 0 0 110 0
0 0 31 21 0 0 0 0 0 0 0 0 0 0 0 0 0 0 0 0 0 0 9 18 0 0 15 0 0 0 0 30 0 1 19 39 0 23 0 0 0
0 0 40 34 0 0 0 0 0 0 10 0 0 0 0 0 0 0 0 0 0 0 2 24 0 0 12 0 0 0 0 18 0 0 43 56 0 37 0 0 0
0 0 0 0 3 0 0 0 0 0 0 0 0 0 0 0 0 0 0 0 0 0 0 0 0 0 0 0 0 0 0 0 0 0 0 0 0 0 0 110 0
0 0 38 31 0 0 0 0 0 0 7 0 0 0 0 0 0 0 0 0 0 0 4 23 0 0 13 0 0 0 0 21 0 0 38 53 0 34 0 0 0
0 0 25 0 0 0 0 0 0 0 0 0 0 0 0 0 0 0 0 0 0 0 12 1 0 0 17 0 0 1 0 24 0 3 0 27 0 3 0 32 2
0 0 0 0 4 0 0 0 0 0 0 0 0 0 1 0 0 0 0 0 0 0 0 0 0 0 0 0 0 0 0 0 0 0 0 0 0 0 0 110 0
0 0 44 41 0 0 0 0 0 0 16 0 0 0 0 0 0 0 0 0 0 0 0 26 0 0 10 0 0 0 0 8 0 0 57 61 0 44 0 0 0
0 0 25 0 0 0 0 0 0 0 0 0 0 0 0 0 0 0 0 0 0 0 14 2 0 0 18 0 0 1 0 25 0 3 0 25 0 3 0 32 2
0 0 2 0 1 0 0 0 0 0 0 0 0 0 0 0 0 0 0 0 0 0 0 0 0 0 3 0 0 0 0 0 0 1 0 11 0 0 0 92 0
0 0 46 42 0 0 0 0 0 0 17 0 0 0 0 0 0 0 0 0 0 0 0 27 0 0 10 0 0 0 0 8 0 0 59 64 0 46 0 0 0
0 0 51 50 0 0 0 0 0 0 23 0 0 0 0 0 0 0 0 0 0 0 0 30 0 0 9 0 0 0 0 0 0 0 75 74 0 54 0 0 0
0 0 0 0 4 0 0 0 0 0 0 0 0 0 0 0 0 0 0 0 0 0 0 0 0 0 0 0 0 0 0 0 0 0 0 0 0 0 0 114 0
0 0 19 0 0 0 0 0 0 0 0 0 0 0 0 0 0 0 0 0 0 0 7 0 0 0 13 0 0 1 0 14 0 3 0 24 0 0 0 59 2
0 0 0 0 5 0 0 0 0 0 0 0 0 0 2 0 0 0 0 0 0 0 0 0 0 0 0 0 0 0 0 0 0 0 0 0 0 0 0 113 0
0 0 19 0 0 0 0 0 0 0 0 0 0 0 0 0 0 0 0 0 0 0 7 0 0 0 13 0 0 1 0 14 0 3 0 25 0 0 0 59 2
0 0 50 48 0 0 0 0 0 0 22 0 0 0 0 0 0 0 0 0 0 0 0 29 0 0 9 0 0 0 0 0 0 0 71 71 0 53 0 0 0
0 0 47 45 0 0 0 0 0 0 20 0 0 0 0 0 0 0 0 0 0 0 0 27 0 0 9 0 0 0 0 0 0 0 66 67 0 49 0 0 0
0 0 33 20 0 0 0 0 0 0 0 0 0 0 0 0 0 0 0 0 0 0 10 18 0 0 16 0 0 0 0 29 0 2 17 39 0 24 0 0 0
0 0 35 29 0 0 0 0 0 0 6 0 0 0 0 0 0 0 0 0 0 0 5 21 0 0 13 0 0 0 0 24 0 0 34 49 0 31 0 0 0
0 0 22 0 0 0 0 0 0 0 0 0 0 0 0 0 0 0 0 0 0 0 9 0 0 0 15 0 0 2 0 19 0 3 0 27 0 0 0 44 2
0 0 33 19 0 0 0 0 0 0 0 0 0 0 0 0 0 0 0 0 0 0 9 17 0 0 16 0 0 0 0 26 0 2 18 42 0 23 0 0 0
0 0 44 42 0 0 0 0 0 0 15 0 0 0 0 0 0 0 0 0 0 0 0 27 0 0 10 0 0 0 0 12 0 0 57 63 0 44 0 0 0
0 0 0 0 3 0 0 0 0 0 0 0 0 0 0 0 0 0 0 0 0 0 0 0 0 0 0 0 0 0 0 0 0 0 0 0 0 0 0 105 0
0 0 28 5 0 0 0 0 0 0 0 0 0 0 0 0 0 0 0 0 0 0 13 8 0 0 17 0 0 1 0 26 0 3 0 30 0 11 0 10 2
0 0 37 31 0 0 0 0 0 0 7 0 0 0 0 0 0 0 0 0 0 0 4 22 0 0 13 0 0 0 0 21 0 0 38 50 0 34 0 0 0
0 0 50 48 0 0 0 0 0 0 23 0 0 0 0 0 0 0 0 0 0 0 0 29 0 0 8 0 1 0 0 0 0 0 73 72 0 53 0 0 0
0 0 8 0 1 0 0 0 0 0 0 0 0 0 0 0 0 0 0 0 0 0 0 0 0 0 7 0 0 0 0 0 0 1 0 18 0 0 0 87 1
0 0 50 48 0 0 0 0 0 0 22 0 0 0 0 0 0 0 0 0 0 0 0 29 0 0 9 0 1 0 0 0 0 0 72 71 0 53 0 0 0
0 0 50 48 0 0 0 0 0 0 22 0 0 0 0 0 0 0 0 0 0 0 0 29 0 0 9 0 0 0 0 0 0 0 70 71 0 52 0 0 0
0 0 0 0 3 0 0 0 0 0 0 0 0 0 0 0 0 0 0 0 0 0 0 0 0 0 0 0 0 0 0 0 0 0 0 0 0 0 0 112 0
0 0 30 18 0 0 0 0 0 0 0 0 0 0 0 0 0 0 0 0 0 0 12 17 0 0 16 0 0 0 0 33 0 3 13 37 0 20 0 0 0
0 0 39 35 0 0 0 0 0 0 10 0 0 0 0 0 0 0 0 0 0 0 2 24 0 0 12 0 0 0 0 20 0 0 45 55 0 37 0 0 0
0 0 37 31 0 0 0 0 0 0 8 0 0 0 0 0 0 0 0 0 0 0 4 22 0 0 13 0 0 0 0 22 0 0 38 52 0 34 0 0 0
0 0 31 15 0 0 0 0 0 0 0 0 0 0 0 0 0 0 0 0 0 0 12 15 0 0 17 0 0 0 0 31 0 2 10 37 0 20 0 0 0
0 0 43 40 0 0 0 0 0 0 14 0 0 0 0 0 0 0 0 0 0 0 0 26 0 0 11 0 0 0 0 11 0 0 54 61 0 44 0 0 0
0 0 0 0 2 0 0 0 0 0 0 0 0 0 0 0 0 0 0 0 0 0 0 0 0 0 0 0 0 0 0 0 0 1 0 0 0 0 0 97 0
0 0 38 30 0 0 0 0 0 0 7 0 0 0 0 0 0 0 0 0 0 0 4 22 0 0 13 0 0 0 0 21 0 0 35 51 0 33 0 0 0
0 0 0 0 3 0 0 0 0 0 0 0 0 0 0 0 0 0 0 0 0 0 0 0 0 0 0 0 0 0 0 0 0 0 0 0 0 0 0 101 0
0 0 49 47 0 0 0 0 0 0 21 0 0 0 0 0 0 0 0 0 0 0 0 29 0 0 9 0 0 0 0 0 0 0 70 70 0 52 0 0 0
0 0 12 0 0 0 0 0 0 0 0 0 0 0 0 0 0 0 0 0 0 0 0 0 0 0 8 0 0 0 0 1 0 2 0 23 0 0 0 80 1
0 0 50 48 0 0 0 0 0 0 22 0 0 0 0 0 0 0 0 0 0 0 0 29 0 0 9 0 0 0 0 0 0 0 71 72 0 53 0 0 0
0 0 32 24 0 0 0 0 0 0 3 0 0 0 0 0 0 0 0 0 0 0 7 19 0 0 14 0 0 0 0 26 0 1 26 43 0 27 0 0 0
0 0 30 10 0 0 0 0 0 0 0 0 0 0 0 0 0 0 0 0 0 0 14 12 0 0 18 0 0 0 0 31 0 3 3 33 0 15 0 0 1
0 0 28 8 0 0 0 0 0 0 0 0 0 0 0 0 0 0 0 0 0 0 14 11 0 0 18 0 0 0 0 32 0 3 0 30 0 13 0 3 1
0 0 24 0 0 0 0 0 0 0 0 0 0 0 0 0 0 0 0 0 0 0 9 0 0 0 15 0 0 1 0 17 0 2 0 29 0 0 0 41 2
0 0 19 0 0 0 0 0 0 0 0 0 0 0 0 0 0 0 0 0 0 0 6 0 0 0 13 0 0 1 0 12 0 3 0 25 0 0 0 66 2
0 0 4 0 1 0 0 0 0 0 0 0 0 0 0 0 0 0 0 0 0 0 0 0 0 0 4 0 0 0 0 0 0 1 0 14 0 0 0 91 0
0 0 48 48 0 0 0 0 0 0 21 0 0 0 0 0 0 0 0 0 0 0 0 29 0 0 8 0 0 0 0 0 0 0 70 71 0 52 0 0 0
0 0 21 0 0 0 0 0 0 0 0 0 0 0 0 0 0 0 0 0 0 0 5 0 0 0 13 0 0 1 0 11 0 3 0 28 0 0 0 64 2
0 0 24 0 0 0 0 0 0 0 0 0 0 0 0 0 0 0 0 0 0 0 14 5 0 0 17 0 0 1 0 28 0 3 0 25 0 6 0 21 2
0 0 0 0 3 0 0 0 0 0 0 0 0 0 0 0 0 0 0 0 0 0 0 0 0 0 0 0 0 0 0 0 0 0 0 0 0 0 0 108 0
0 0 47 46 0 0 0 0 0 0 19 0 0 0 0 0 0 0 0 0 0 0 0 28 0 0 9 0 0 0 0 3 0 0 66 67 0 49 0 0 0
0 0 30 10 0 0 0 0 0 0 0 0 0 0 0 0 0 0 0 0 0 0 14 12 0 0 18 0 0 0 0 31 0 3 3 32 0 15 0 0 1
0 0 30 14 0 0 0 0 0 0 0 0 0 0 0 0 0 0 0 0 0 0 13 14 0 0 17 0 0 0 0 32 0 2 7 34 0 18 0 0 1
0 0 38 32 0 0 0 0 0 0 9 0 0 0 0 0 0 0 0 0 0 0 3 23 0 0 12 0 0 0 0 20 0 0 40 53 0 35 0 0 0
0 0 50 50 0 0 0 0 0 0 23 0 0 0 0 0 0 0 0 0 0 0 0 30 0 0 8 0 0 0 0 0 0 0 74 73 0 54 0 0 0
0 0 52 51 0 0 0 0 0 0 25 0 0 0 0 0 0 0 0 0 0 0 0 31 0 0 8 0 0 0 0 0 0 0 77 76 0 56 0 0 0
0 0 0 0 4 0 0 0 0 0 0 0 0 0 1 0 0 0 0 0 0 0 0 0 0 0 0 0 0 0 0 0 0 0 0 0 0 0 0 112 0
0 0 49 48 0 0 0 0 0 0 21 0 0 0 0 0 0 0 0 0 0 0 0 29 0 0 9 0 0 0 0 0 0 0 70 71 0 52 0 0 0
0 0 48 47 0 0 0 0 0 0 19 0 0 0 0 0 0 0 0 0 0 0 0 29 0 0 10 0 0 0 0 5 0 0 68 69 0 50 0 0 0
0 0 22 0 0 0 0 0 0 0 0 0 0 0 0 0 0 0 0 0 0 0 6 0 0 0 14 0 0 1 0 12 0 3 0 30 0 0 0 60 2
0 0 43 42 0 0 0 0 0 0 16 0 0 0 0 0 0 0 0 0 0 0 0 28 0 0 10 0 0 0 0 12 0 0 58 63 0 45 0 0 0
0 0 40 35 0 0 0 0 0 0 10 0 0 0 0 0 0 0 0 0 0 0 2 24 0 0 12 0 0 0 0 16 0 0 46 56 0 38 0 0 0
0 0 0 0 1 0 0 0 0 0 0 0 0 0 0 0 0 0 0 0 0 0 0 0 0 0 2 0 0 0 0 0 0 1 0 6 0 0 0 96 0
0 0 0 0 5 0 0 0 0 0 0 0 0 0 3 0 0 0 0 0 0 0 0 0 0 0 0 0 0 0 0 0 0 0 0 0 0 0 0 111 0
0 0 31 21 0 0 0 0 0 0 1 0 0 0 0 0 0 0 0 0 0 0 9 18 0 0 15 0 0 0 0 30 0 1 20 40 0 24 0 0 0
0 0 28 7 0 0 0 0 0 0 0 0 0 0 0 0 0 0 0 0 0 0 13 10 0 0 17 0 0 0 0 29 0 3 0 31 0 13 0 4 1
0 0 18 0 0 0 0 0 0 0 0 0 0 0 0 0 0 0 0 0 0 0 4 0 0 0 12 0 0 1 0 9 0 2 0 27 0 0 0 67 1
0 0 28 9 0 0 0 0 0 0 0 0 0 0 0 0 0 0 0 0 0 0 14 11 0 0 18 0 0 0 0 31 0 3 1 30 0 14 0 1 1
0 0 48 46 0 0 0 0 0 0 20 0 0 0 0 0 0 0 0 0 0 0 0 29 0 0 9 0 0 0 0 2 0 0 68 68 0 50 0 0 0
0 0 52 50 0 0 0 0 0 0 25 0 0 0 0 0 0 0 0 0 0 0 0 30 0 0 8 0 1 0 0 0 0 0 76 75 0 55 0 0 0
0 0 47 46 0 0 0 0 0 0 20 0 0 0 0 0 0 0 0 0 0 0 0 28 0 0 9 0 0 0 0 2 0 0 67 68 0 50 0 0 0
0 0 39 32 0 0 0 0 0 0 8 0 0 0 0 0 0 0 0 0 0 0 3 23 0 0 13 0 0 0 0 19 0 0 39 54 0 35 0 0 0
0 0 44 38 0 0 0 0 0 0 14 0 0 0 0 0 0 0 0 0 0 0 0 25 0 0 11 0 0 0 0 11 0 0 52 61 0 42 0 0 0
0 0 0 0 3 0 0 0 0 0 0 0 0 0 0 0 0 0 0 0 0 0 0 0 0 0 0 0 0 0 0 0 0 0 0 0 0 0 0 105 0
0 0 50 47 0 0 0 0 0 0 23 0 0 0 0 0 0 0 0 0 0 0 0 28 0 0 8 0 1 0 0 0 0 0 70 70 0 52 0 0 0
0 0 48 47 0 0 0 0 0 0 21 0 0 0 0 0 0 0 0 0 0 0 0 28 0 0 9 0 0 0 0 0 0 0 69 69 0 51 0 0 0
0 0 0 0 4 0 0 0 0 0 0 0 0 0 1 0 0 0 0 0 0 0 0 0 0 0 0 0 0 0 0 0 0 0 0 0 0 0 0 113 0
0 0 31 13 0 0 0 0 0 0 0 0 0 0 0 0 0 0 0 0 0 0 12 13 0 0 17 0 0 0 0 28 0 2 9 36 0 18 0 0 1
0 0 49 46 0 0 0 0 0 0 21 0 0 0 0 0 0 0 0 0 0 0 0 28 0 0 9 0 0 0 0 0 0 0 68 70 0 51 0 0 0
0 0 23 0 0 0 0 0 0 0 0 0 0 0 0 0 0 0 0 0 0 0 8 0 0 0 15 0 0 1 0 17 0 3 0 28 0 0 0 51 2
0 0 33 19 0 0 0 0 0 0 0 0 0 0 0 0 0 0 0 0 0 0 11 17 0 0 17 0 0 0 0 29 0 2 15 39 0 23 0 0 1
0 0 11 0 0 0 0 0 0 0 0 0 0 0 0 0 0 0 0 0 0 0 0 0 0 0 7 0 0 1 0 0 0 1 0 23 0 0 0 89 1
0 0 47 44 0 0 0 0 0 0 17 0 0 0 0 0 0 0 0 0 0 0 0 28 0 0 10 0 0 0 0 6 0 0 62 66 0 47 0 0 0
0 0 33 23 0 0 0 0 0 0 2 0 0 0 0 0 0 0 0 0 0 0 8 19 0 0 15 0 0 0 0 26 0 1 24 43 0 26 0 0 0
0 0 0 0 2 0 0 0 0 0 0 0 0 0 0 0 0 0 0 0 0 0 0 0 0 0 0 0 0 0 0 0 0 0 0 0 0 0 0 99 0
0 0 34 26 0 0 0 0 0 0 4 0 0 0 0 0 0 0 0 0 0 0 6 20 0 0 14 0 0 0 0 24 0 1 30 46 0 29 0 0 0
0 0 0 0 2 0 0 0 0 0 0 0 0 0 0 0 0 0 0 0 0 0 0 0 0 0 1 0 0 0 0 0 0 1 0 3 0 0 0 96 0
0 0 28 3 0 0 0 0 0 0 0 0 0 0 0 0 0 0 0 0 0 0 12 7 0 0 18 0 0 1 0 27 0 3 0 31 0 11 0 14 2
0 0 0 0 3 0 0 0 0 0 0 0 0 0 0 0 0 0 0 0 0 0 0 0 0 0 0 0 0 0 0 0 0 0 0 0 0 0 0 107 0
0 0 40 35 0 0 0 0 0 0 10 0 0 0 0 0 0 0 0 0 0 0 2 24 0 0 12 0 0 0 0 18 0 0 44 56 0 38 0 0 0
0 0 0 0 5 0 0 0 0 0 0 0 0 0 1 0 0 0 0 0 0 0 0 0 0 0 0 0 0 0 0 0 0 0 0 0 0 0 0 118 0
0 0 50 48 0 0 0 0 0 0 23 0 0 0 0 0 0 0 0 0 0 0 0 29 0 0 9 0 1 0 0 0 0 0 71 71 0 53 0 0 0
0 0 32 25 0 0 0 0 0 0 3 0 0 0 0 0 0 0 0 0 0 0 7 19 0 0 14 0 0 0 0 27 0 1 27 43 0 27 0 0 0
0 0 24 0 0 0 0 0 0 0 0 0 0 0 0 0 0 0 0 0 0 0 9 0 0 0 16 0 0 1 0 18 0 3 0 28 0 0 0 48 2
0 0 50 48 0 0 0 0 0 0 22 0 0 0 0 0 0 0 0 0 0 0 0 29 0 0 9 0 0 0 0 0 0 0 71 72 0 53 0 0 0
0 0 44 40 0 0 0 0 0 0 14 0 0 0 0 0 0 0 0 0 0 0 0 26 0 0 11 0 0 0 0 13 0 0 53 61 0 43 0 0 0
0 0 50 47 0 0 0 0 0 0 22 0 0 0 0 0 0 0 0 0 0 0 0 28 0 0 9 0 1 0 0 0 0 0 71 70 0 53 0 0 0
0 0 0 0 2 0 0 0 0 0 0 0 0 0 0 0 0 0 0 0 0 0 0 0 0 0 2 0 0 0 0 0 0 1 0 5 0 0 0 95 0
0 0 49 47 0 0 0 0 0 0 21 0 0 0 0 0 0 0 0 0 0 0 0 29 0 0 9 0 0 0 0 1 0 0 69 70 0 52 0 0 0
0 0 22 0 0 0 0 0 0 0 0 0 0 0 0 0 0 0 0 0 0 0 7 0 0 0 14 0 0 1 0 14 0 2 0 28 0 0 0 49 2
0 0 50 48 0 0 0 0 0 0 21 0 0 0 0 0 0 0 0 0 0 0 0 29 0 0 9 0 0 0 0 1 0 0 70 71 0 52 0 0 0
0 0 31 12 0 0 0 0 0 0 0 0 0 0 0 0 0 0 0 0 0 0 13 13 0 0 18 0 0 0 0 31 0 3 5 35 0 17 0 0 1
0 0 16 0 0 0 0 0 0 0 0 0 0 0 0 0 0 0 0 0 0 0 3 0 0 0 11 0 0 1 0 7 0 2 0 24 0 0 0 69 1
0 0 0 0 4 0 0 0 0 0 0 0 0 0 1 0 0 0 0 0 0 0 0 0 0 0 0 0 0 0 0 0 0 0 0 0 0 0 0 104 0
0 0 28 7 0 0 0 0 0 0 0 0 0 0 0 0 0 0 0 0 0 0 14 9 0 0 18 0 0 0 0 30 0 3 0 30 0 12 0 7 1
0 0 29 13 0 0 0 0 0 0 0 0 0 0 0 0 0 0 0 0 0 0 12 13 0 0 17 0 0 0 0 31 0 2 6 34 0 17 0 0 0
0 0 33 22 0 0 0 0 0 0 2 0 0 0 0 0 0 0 0 0 0 0 8 18 0 0 14 0 0 0 0 26 0 1 23 42 0 25 0 0 0
0 0 0 0 5 0 0 0 0 0 0 0 0 0 3 0 0 0 0 0 0 0 0 0 0 0 0 0 0 0 0 0 0 0 0 0 0 0 0 118 0
0 0 45 44 0 0 0 0 0 0 18 0 0 0 0 0 0 0 0 0 0 0 0 28 0 0 10 0 0 0 0 7 0 0 63 65 0 47 0 0 0
0 0 47 46 0 0 0 0 0 0 20 0 0 0 0 0 0 0 0 0 0 0 0 28 0 0 9 0 0 0 0 2 0 0 66 67 0 50 0 0 0
0 0 25 0 0 0 0 0 0 0 0 0 0 0 0 0 0 0 0 0 0 0 11 1 0 0 17 0 0 1 0 22 0 3 0 27 0 4 0 33 2
0 0 52 50 0 0 0 0 0 0 24 0 0 0 0 0 0 0 0 0 0 0 0 30 0 0 9 0 1 0 0 0 0 0 74 75 0 55 0 0 0
0 0 38 30 0 0 0 0 0 0 7 0 0 0 0 0 0 0 0 0 0 0 4 22 0 0 13 0 0 0 0 21 0 0 36 52 0 33 0 0 0
0 0 31 16 0 0 0 0 0 0 0 0 0 0 0 0 0 0 0 0 0 0 11 15 0 0 17 0 0 0 0 30 0 2 11 38 0 20 0 0 0
0 0 0 0 5 0 0 0 0 0 0 0 0 0 3 0 0 0 0 0 0 0 0 0 0 0 0 0 0 0 0 0 0 0 0 0 0 0 0 113 0
0 0 42 36 0 0 0 0 0 0 12 0 0 0 0 0 0 0 0 0 0 0 2 25 0 0 12 0 0 0 0 15 0 0 48 58 0 40 0 0 0
0 0 0 0 5 0 0 0 0 0 0 0 0 0 2 0 0 0 0 0 0 0 0 0 0 0 0 0 0 0 0 0 0 0 0 0 0 0 0 116 0
0 0 46 43 0 0 0 0 0 0 17 0 0 0 0 0 0 0 0 0 0 0 0 27 0 0 10 0 0 0 0 6 0 0 61 65 0 47 0 0 0
0 0 33 22 0 0 0 0 0 0 1 0 0 0 0 0 0 0 0 0 0 0 9 19 0 0 16 0 0 0 0 29 0 1 20 41 0 25 0 0 0
0 0 50 49 0 0 0 0 0 0 23 0 0 0 0 0 0 0 0 0 0 0 0 30 0 0 9 0 0 0 0 0 0 0 72 72 0 53 0 0 0
0 0 0 0 5 0 0 0 0 0 0 0 0 0 1 0 0 0 0 0 0 0 0 0 0 0 0 0 0 0 0 0 0 0 0 0 0 0 0 116 0
0 0 33 19 0 0 0 0 0 0 0 0 0 0 0 0 0 0 0 0 0 0 11 16 0 0 17 0 0 0 0 29 0 2 15 40 0 23 0 0 1
0 0 29 6 0 0 0 0 0 0 0 0 0 0 0 0 0 0 0 0 0 0 14 9 0 0 18 0 0 0 0 29 0 3 0 33 0 12 0 10 2
0 0 30 11 0 0 0 0 0 0 0 0 0 0 0 0 0 0 0 0 0 0 12 12 0 0 17 0 0 0 0 29 0 2 5 34 0 16 0 0 1
0 0 0 0 3 0 0 0 0 0 0 0 0 0 0 0 0 0 0 0 0 0 0 0 0 0 0 0 0 0 0 0 0 0 0 0 0 0 0 108 0
0 1 0 0 6 0 0 0 0 0 0 0 0 0 4 0 0 0 0 0 0 0 0 0 0 0 0 0 0 0 0 0 0 0 0 0 0 0 0 113 0
0 0 50 49 0 0 0 0 0 0 22 0 0 0 0 0 0 0 0 0 0 0 0 29 0 0 9 0 0 0 0 0 0 0 72 73 0 53 0 0 0
0 0 36 29 0 0 0 0 0 0 6 0 0 0 0 0 0 0 0 0 0 0 4 21 0 0 13 0 0 0 0 22 0 0 34 49 0 31 0 0 0
0 0 47 44 0 0 0 0 0 0 19 0 0 0 0 0 0 0 0 0 0 0 0 27 0 0 9 0 0 0 0 2 0 0 64 66 0 48 0 0 0
0 0 52 50 0 0 0 0 0 0 25 0 0 0 0 0 0 0 0 0 0 0 0 29 0 0 8 0 1 0 0 0 0 0 76 75 0 55 0 0 0
0 0 0 0 3 0 0 0 0 0 0 0 0 0 0 0 0 0 0 0 0 0 0 0 0 0 0 0 0 0 0 0 0 0 0 0 0 0 0 109 0
0 0 43 39 0 0 0 0 0 0 15 0 0 0 0 0 0 0 0 0 0 0 0 25 0 0 10 0 0 0 0 9 0 0 54 60 0 43 0 0 0
0 0 42 40 0 0 0 0 0 0 14 0 0 0 0 0 0 0 0 0 0 0 0 26 0 0 11 0 0 0 0 12 0 0 54 60 0 43 0 0 0
0 0 43 37 0 0 0 0 0 0 14 0 0 0 0 0 0 0 0 0 0 0 1 24 0 0 11 0 0 0 0 8 0 0 50 58 0 41 0 0 1
0 0 29 14 0 0 0 0 0 0 0 0 0 0 0 0 0 0 0 0 0 0 12 15 0 0 17 0 0 0 0 33 0 2 8 34 0 18 0 0 0
0 0 0 0 3 0 0 0 0 0 0 0 0 0 0 0 0 0 0 0 0 0 0 0 0 0 0 0 0 0 0 0 0 0 0 0 0 0 0 103 0
0 0 0 0 2 0 0 0 0 0 0 0 0 0 0 0 0 0 0 0 0 0 0 0 0 0 0 0 0 0 0 0 0 0 0 0 0 0 0 100 0
0 0 45 43 0 0 0 0 0 0 17 0 0 0 0 0 0 0 0 0 0 0 0 27 0 0 10 0 0 0 0 8 0 0 60 64 0 46 0 0 0
0 0 0 0 4 0 0 0 0 0 0 0 0 0 0 0 0 0 0 0 0 0 0 0 0 0 0 0 0 0 0 0 0 0 0 0 0 0 0 113 0
0 0 31 17 0 0 0 0 0 0 0 0 0 0 0 0 0 0 0 0 0 0 12 16 0 0 17 0 0 0 0 31 0 2 12 37 0 21 0 0 0
0 0 0 0 5 0 0 0 0 0 0 0 0 0 2 0 0 0 0 0 0 0 0 0 0 0 0 0 0 0 0 0 0 0 0 0 0 0 0 112 0
0 0 32 17 0 0 0 0 0 0 0 0 0 0 0 0 0 0 0 0 0 0 10 15 0 0 16 0 0 0 0 28 0 2 14 39 0 21 0 0 1
0 0 0 0 2 0 0 0 0 0 0 0 0 0 0 0 0 0 0 0 0 0 0 0 0 0 0 0 0 0 0 0 0 0 0 0 0 0 0 103 0
0 0 28 15 0 0 0 0 0 0 0 0 0 0 0 0 0 0 0 0 0 0 13 15 0 0 17 0 0 0 0 34 0 3 8 32 0 18 0 0 0
0 0 30 18 0 0 0 0 0 0 0 0 0 0 0 0 0 0 0 0 0 0 11 16 0 0 16 0 0 0 0 30 0 2 14 37 0 21 0 0 0
0 0 33 24 0 0 0 0 0 0 3 0 0 0 0 0 0 0 0 0 0 0 7 19 0 0 14 0 0 0 0 27 0 1 25 44 0 27 0 0 0
0 0 42 38 0 0 0 0 0 0 13 0 0 0 0 0 0 0 0 0 0 0 0 25 0 0 11 0 0 0 0 13 0 0 52 59 0 41 0 0 0
0 0 30 13 0 0 0 0 0 0 0 0 0 0 0 0 0 0 0 0 0 0 12 14 0 0 17 0 0 0 0 31 0 2 8 35 0 18 0 0 0
0 0 17 0 0 0 0 0 0 0 0 0 0 0 0 0 0 0 0 0 0 0 5 0 0 0 12 0 0 1 0 10 0 3 0 25 0 0 0 69 2
0 0 49 47 0 0 0 0 0 0 21 0 0 0 0 0 0 0 0 0 0 0 0 29 0 0 9 0 0 0 0 0 0 0 70 70 0 52 0 0 0
0 0 26 5 0 0 0 0 0 0 0 0 0 0 0 0 0 0 0 0 0 0 12 8 0 0 17 0 0 0 0 28 0 3 0 30 0 11 0 10 1
0 0 25 0 0 0 0 0 0 0 0 0 0 0 0 0 0 0 0 0 0 0 12 4 0 0 17 0 0 1 0 24 0 3 0 27 0 6 0 25 2
0 0 0 0 5 0 0 0 0 0 0 0 0 0 3 0 0 0 0 0 0 0 0 0 0 0 0 0 0 0 0 0 0 0 0 0 0 0 0 123 0
0 0 41 38 0 0 0 0 0 0 13 0 0 0 0 0 0 0 0 0 0 0 0 26 0 0 11 0 0 0 0 15 0 0 51 59 0 41 0 0 0
0 0 0 0 5 0 0 0 0 0 0 0 0 0 2 0 0 0 0 0 0 0 0 0 0 0 0 0 0 0 0 0 0 0 0 0 0 0 0 117 0
0 0 22 0 0 0 0 0 0 0 0 0 0 0 0 0 0 0 0 0 0 0 8 0 0 0 15 0 0 1 0 16 0 3 0 28 0 0 0 55 2
0 0 28 7 0 0 0 0 0 0 0 0 0 0 0 0 0 0 0 0 0 0 12 9 0 0 17 0 0 0 0 27 0 3 0 33 0 13 0 7 1
0 0 0 0 4 0 0 0 0 0 0 0 0 0 2 0 0 0 0 0 0 0 0 0 0 0 0 0 0 0 0 0 0 0 0 0 0 0 0 115 0
0 0 24 0 0 0 0 0 0 0 0 0 0 0 0 0 0 0 0 0 0 0 10 0 0 0 16 0 0 2 0 20 0 3 0 27 0 1 0 40 2
0 0 30 12 0 0 0 0 0 0 0 0 0 0 0 0 0 0 0 0 0 0 13 13 0 0 17 0 0 0 0 30 0 3 6 34 0 17 0 0 1
0 0 41 38 0 0 0 0 0 0 13 0 0 0 0 0 0 0 0 0 0 0 0 25 0 0 10 0 0 0 0 13 0 0 51 59 0 41 0 0 0
0 0 33 24 0 0 0 0 0 0 3 0 0 0 0 0 0 0 0 0 0 0 7 19 0 0 14 0 0 0 0 25 0 1 26 43 0 27 0 0 0
0 0 32 17 0 0 0 0 0 0 0 0 0 0 0 0 0 0 0 0 0 0 11 16 0 0 17 0 0 0 0 31 0 2 12 38 0 21 0 0 0
0 0 22 0 0 0 0 0 0 0 0 0 0 0 0 0 0 0 0 0 0 0 9 0 0 0 15 0 0 1 0 19 0 3 0 26 0 0 0 45 2
0 0 28 9 0 0 0 0 0 0 0 0 0 0 0 0 0 0 0 0 0 0 14 11 0 0 18 0 0 0 0 31 0 3 0 32 0 14 0 3 1
0 0 0 0 2 0 0 0 0 0 0 0 0 0 0 0 0 0 0 0 0 0 0 0 0 0 0 0 0 0 0 0 0 1 0 0 0 0 0 102 0
0 0 32 19 0 0 0 0 0 0 0 0 0 0 0 0 0 0 0 0 0 0 10 17 0 0 16 0 0 0 0 30 0 2 15 39 0 23 0 0 1
0 0 53 50 0 0 0 0 0 0 25 0 0 0 0 0 0 0 0 0 0 0 0 30 0 0 8 0 1 0 0 0 0 0 77 76 0 56 0 0 0
0 0 22 0 0 0 0 0 0 0 0 0 0 0 0 0 0 0 0 0 0 0 6 0 0 0 13 0 0 1 0 12 0 3 0 29 0 0 0 60 2
0 0 45 42 0 0 0 0 0 0 16 0 0 0 0 0 0 0 0 0 0 0 0 27 0 0 11 0 0 0 0 7 0 0 58 63 0 46 0 0 1
0 0 31 20 0 0 0 0 0 0 0 0 0 0 0 0 0 0 0 0 0 0 10 18 0 0 16 0 0 0 0 31 0 2 16 39 0 23 0 0 0
0 0 11 0 1 0 0 0 0 0 0 0 0 0 0 0 0 0 0 0 0 0 1 0 0 0 8 0 0 0 0 3 0 2 0 19 0 0 0 79 1
0 0 0 0 1 0 0 0 0 0 0 0 0 0 0 0 0 0 0 0 0 0 0 0 0 0 3 0 0 0 0 0 0 1 0 5 0 0 0 98 1
0 0 0 0 5 0 0 0 0 0 0 0 0 0 2 0 0 0 0 0 0 0 0 0 0 0 0 0 0 0 0 0 0 0 0 0 0 0 0 117 0
0 2 0 0 6 0 0 0 0 0 0 0 0 0 5 0 0 0 0 0 0 0 0 0 0 0 0 0 0 0 0 0 2 0 0 0 0 0 0 106 0
0 0 50 49 0 0 0 0 0 0 23 0 0 0 0 0 0 0 0 0 0 0 0 30 0 0 9 0 0 0 0 0 0 0 73 73 0 54 0 0 0
0 0 28 8 0 0 0 0 0 0 0 0 0 0 0 0 0 0 0 0 0 0 15 11 0 0 18 0 0 0 0 32 0 3 0 29 0 13 0 3 1
0 0 46 45 0 0 0 0 0 0 18 0 0 0 0 0 0 0 0 0 0 0 0 28 0 0 9 0 0 0 0 7 0 0 64 65 0 48 0 0 0
0 0 35 29 0 0 0 0 0 0 6 0 0 0 0 0 0 0 0 0 0 0 5 21 0 0 13 0 0 0 0 23 0 0 34 48 0 31 0 0 0
