2 0 0 0 0 0 3 0 4 0 10 1 0 0 0 0 0 4 0 0 4 0 0 0 0 2 0 0 0 0 0 0 8 23 0 22 12 0 6 0 0
0 0 6 8 1 0 0 0 1 0 0 0 0 0 0 0 0 0 0 0 0 0 4 0 0 0 0 1 0 0 0 17 0 0 15 8 0 7 0 17 3
0 0 8 18 4 4 0 0 0 0 0 0 0 0 0 0 0 0 0 0 0 0 10 0 0 0 0 0 0 0 0 26 0 0 21 0 0 18 0 29 8
3 0 0 0 0 0 3 1 4 0 14 4 0 0 0 0 0 6 0 0 4 0 0 0 0 3 0 0 0 0 0 0 9 28 0 20 16 0 9 0 0
0 0 8 18 8 4 0 0 0 0 0 0 0 0 0 0 0 0 0 0 0 0 14 0 0 0 0 0 0 0 0 23 0 0 18 0 0 19 0 32 9
0 0 8 19 5 4 0 0 0 0 0 0 0 0 0 0 0 0 0 0 0 0 11 0 0 0 0 0 0 0 0 26 0 0 20 0 0 19 0 30 9
3 0 0 0 0 0 3 1 4 0 13 4 0 0 0 0 0 5 0 0 4 0 0 0 0 3 0 0 0 0 0 0 8 26 0 19 14 0 7 0 0
0 0 8 13 3 1 0 0 0 0 0 0 0 0 0 0 0 0 0 0 0 0 7 0 0 0 0 1 0 0 0 24 0 0 19 1 0 12 0 23 5
5 0 0 0 0 0 4 1 5 0 18 6 0 0 0 0 0 7 0 0 5 0 0 0 0 4 0 0 0 0 0 0 10 35 0 21 20 0 10 0 0
0 0 7 13 1 2 0 0 0 0 0 0 0 0 0 0 0 0 0 0 0 0 4 0 0 0 0 1 0 0 0 23 0 0 19 3 0 12 0 22 6
4 0 0 0 0 0 4 1 5 0 14 3 0 0 0 0 0 7 0 0 5 0 0 0 0 4 0 0 0 0 0 0 10 31 0 24 18 0 9 0 0
0 0 7 14 1 2 0 0 0 0 0 0 0 0 0 0 0 0 0 0 0 0 6 0 0 0 0 1 0 0 0 24 0 0 20 0 0 14 0 24 6
0 0 9 29 14 10 0 0 0 0 0 1 0 0 0 0 0 0 0 0 0 0 20 0 0 0 0 0 0 0 0 32 0 0 24 0 0 31 0 46 16
0 0 5 8 3 0 0 0 0 0 0 0 0 0 0 0 0 0 0 0 0 0 6 0 0 0 0 0 0 0 0 13 0 0 12 0 0 7 0 16 4
2 0 0 0 0 0 4 1 4 0 9 1 0 0 0 0 0 4 0 0 4 0 0 0 0 2 0 0 0 0 0 0 8 24 0 23 13 0 6 0 0
3 0 0 0 0 0 3 1 4 0 12 2 0 0 0 0 0 5 0 0 4 0 0 0 0 3 0 0 0 0 0 0 9 27 0 22 15 0 8 0 0
5 0 0 0 0 0 5 1 5 0 19 6 0 0 0 0 0 9 0 0 6 0 0 0 0 6 0 0 0 0 0 0 12 39 0 25 23 0 11 0 0
1 0 0 0 0 0 3 1 3 0 6 0 0 0 0 0 0 3 0 0 3 0 0 0 0 1 0 0 0 0 0 0 7 19 0 22 10 0 4 0 0
0 0 4 1 0 0 1 0 3 0 0 0 0 0 0 0 0 0 0 0 0 0 0 0 0 0 0 1 0 0 0 9 2 3 7 17 0 0 0 3 0
0 0 0 0 0 0 2 0 3 0 2 0 0 0 0 0 0 1 0 0 2 0 0 0 0 1 0 0 0 0 0 0 6 14 0 21 6 0 2 0 0
3 0 0 0 0 0 4 1 4 0 13 3 0 0 0 0 0 6 0 0 5 0 0 0 0 4 0 0 0 0 0 0 10 29 0 23 17 0 8 0 0
0 0 0 0 0 0 1 1 1 0 4 1 0 0 0 0 0 1 0 0 1 0 0 0 0 1 0 0 0 0 0 0 3 9 0 11 4 0 2 0 0
0 0 5 5 0 0 0 0 2 0 0 0 0 0 0 0 0 0 0 0 0 0 0 0 0 0 0 2 0 0 0 18 0 0 15 17 0 4 0 12 1
4 0 0 0 0 0 0 0 3 0 18 8 0 0 0 0 0 4 0 0 2 0 0 0 0 2 0 0 0 0 0 0 4 22 0 5 12 0 8 0 0
0 0 2 0 0 0 2 0 3 0 0 0 0 0 0 0 0 0 0 0 2 0 0 0 0 0 0 1 0 0 0 4 5 10 3 21 3 0 0 0 0
0 0 7 9 0 0 0 0 0 0 0 0 0 0 0 0 0 0 0 0 0 0 4 0 0 0 0 1 0 0 0 20 0 0 16 7 0 8 0 18 4
0 0 6 5 0 0 0 0 2 0 0 0 0 0 0 0 0 0 0 0 0 0 0 0 0 0 0 2 0 0 0 18 0 0 16 18 0 4 0 13 1
0 0 9 27 11 8 0 0 0 0 0 0 0 0 0 0 1 0 0 0 0 0 17 0 0 0 0 0 0 0 0 30 0 0 22 0 0 28 0 41 14
5 0 0 0 0 0 4 1 5 0 18 6 0 0 0 0 0 8 0 0 5 0 0 0 0 5 0 0 0 0 0 0 11 35 0 22 20 0 10 0 0
0 0 3 10 11 3 0 0 0 0 1 3 0 0 0 0 0 0 0 0 0 0 11 0 0 0 0 0 0 0 0 10 0 0 11 0 0 12 0 25 7
0 0 5 14 10 3 0 0 0 0 0 1 0 0 0 0 0 0 0 0 0 0 13 0 0 0 0 0 0 0 0 16 0 0 15 0 0 16 0 31 8
0 0 1 0 0 0 2 0 3 0 2 0 0 0 0 0 0 1 0 0 2 0 0 0 0 0 0 0 0 0 0 0 5 11 1 21 4 0 0 0 0
0 0 8 14 3 2 0 0 0 0 0 0 0 0 0 0 0 0 0 0 0 0 9 0 0 0 0 1 0 0 0 23 0 0 19 0 0 13 0 26 6
0 0 1 1 1 0 0 0 0 0 2 2 0 0 0 0 0 0 0 0 0 0 2 0 0 0 0 0 0 0 0 1 1 1 2 3 0 0 1 5 1
2 0 0 0 0 0 3 0 4 0 8 1 0 0 0 0 0 3 0 0 3 0 0 0 0 1 0 0 0 0 0 0 7 19 0 22 10 0 4 0 0
0 0 6 9 0 0 0 0 1 0 0 0 0 0 0 0 0 0 0 0 0 0 0 0 0 0 0 2 0 0 0 22 0 0 19 15 0 8 0 18 3
0 0 6 10 0 0 0 0 1 0 0 0 0 0 0 0 0 0 0 0 0 0 0 0 0 0 0 2 0 0 0 21 0 0 19 11 0 9 0 18 3
0 0 5 6 0 0 0 0 2 0 0 0 0 0 0 0 0 0 0 0 0 0 0 0 0 0 0 2 0 0 0 16 1 0 14 15 0 5 0 13 1
0 0 8 19 10 5 0 0 0 0 0 1 0 0 0 0 0 0 0 0 0 0 15 0 0 0 0 0 0 0 0 23 0 0 18 0 0 21 0 35 11
0 0 4 3 0 0 1 0 2 0 0 0 0 0 0 0 0 0 0 0 0 0 0 0 0 0 0 1 0 0 0 10 2 2 8 16 0 1 0 7 0
0 0 5 8 0 0 0 0 1 0 0 0 0 0 0 0 0 0 0 0 0 0 1 0 0 0 0 2 0 0 0 19 0 0 17 10 0 8 0 17 3
6 0 0 0 0 0 5 0 5 0 22 8 0 0 0 0 0 9 0 0 6 0 0 0 0 6 0 0 0 0 0 0 12 41 0 22 24 0 12 0 0
0 0 7 12 0 1 0 0 0 0 0 0 0 0 0 0 0 0 0 0 0 0 4 0 0 0 0 1 0 0 0 23 0 0 20 6 0 11 0 21 5
0 0 7 20 10 6 0 0 0 0 0 1 0 0 0 0 0 0 0 0 0 0 15 0 0 0 0 0 0 0 0 23 0 0 19 0 0 22 0 35 11
0 0 5 5 0 0 1 0 2 0 0 0 0 0 0 0 0 0 0 0 0 0 0 0 0 0 0 2 0 0 0 15 0 0 13 16 0 3 0 10 1
0 0 6 6 0 0 0 0 2 0 0 0 0 0 0 0 0 0 0 0 0 0 0 0 0 0 0 2 0 0 0 18 0 0 16 15 0 5 0 13 2
0 0 6 8 0 0 0 0 1 0 0 0 0 0 0 0 0 0 0 0 0 0 0 0 0 0 0 2 0 0 0 20 0 0 17 13 0 7 0 15 3
0 0 6 8 0 0 0 0 1 0 0 0 0 0 0 0 0 0 0 0 0 0 1 0 0 0 0 2 0 0 0 20 0 0 18 13 0 8 0 18 3
5 0 0 0 0 0 4 1 5 0 20 8 0 0 0 0 0 8 0 0 6 0 0 0 0 5 0 0 0 0 0 0 11 38 0 21 22 0 11 0 0
0 0 1 0 0 0 2 0 3 0 3 0 0 0 0 0 0 0 0 0 2 0 0 0 0 0 0 1 0 0 0 0 5 12 1 21 5 0 1 0 0
6 0 0 0 0 0 3 0 5 0 21 8 0 0 0 0 0 8 0 0 5 0 0 0 0 4 0 0 0 0 0 0 9 36 0 18 21 0 11 0 0
0 0 6 11 0 1 0 0 0 0 0 0 0 0 0 0 0 0 0 0 0 0 1 0 0 0 0 2 0 0 0 23 0 0 20 9 0 10 0 20 4
0 0 7 10 0 0 0 0 0 0 0 0 0 0 0 0 0 0 0 0 0 0 1 0 0 0 0 2 0 0 0 23 0 0 20 11 0 9 0 19 4
0 0 7 13 1 1 0 0 0 0 0 0 0 0 0 0 0 0 0 0 0 0 5 0 0 0 0 1 0 0 0 23 0 0 20 2 0 13 0 22 6
0 0 10 25 11 8 0 0 0 0 0 0 0 0 0 0 0 0 0 0 0 0 18 0 0 0 0 0 0 0 0 30 0 0 23 0 0 27 0 41 14
0 0 6 8 2 0 0 0 0 0 0 0 0 0 0 0 0 0 0 0 0 0 6 0 0 0 0 1 0 0 0 16 0 0 13 2 0 8 0 17 3
0 0 8 16 5 3 0 0 0 0 0 0 0 0 0 0 0 0 0 0 0 0 10 0 0 0 0 0 0 0 0 24 0 0 19 0 0 16 0 28 7
0 0 7 15 7 3 0 0 0 0 0 0 0 0 0 0 0 0 0 0 0 0 11 0 0 0 0 0 0 0 0 22 0 0 18 0 0 16 0 29 8
0 0 7 9 0 0 0 0 1 0 0 0 0 0 0 0 0 0 0 0 0 0 1 0 0 0 0 2 0 0 0 22 0 0 19 13 0 8 0 18 3
0 0 7 14 3 2 0 0 0 0 0 0 0 0 0 0 0 0 0 0 0 0 8 0 0 0 0 1 0 0 0 23 0 0 19 0 0 14 0 26 7
3 0 0 0 0 0 3 1 4 0 11 3 0 0 0 0 0 5 0 0 4 0 0 0 0 3 0 0 0 0 0 0 9 26 0 20 14 0 7 0 0
4 0 0 0 0 0 0 0 3 0 18 7 0 0 0 0 0 5 0 0 3 0 0 1 0 3 0 0 0 0 0 0 5 24 0 8 14 0 10 0 0
0 0 5 3 0 0 0 0 3 0 0 0 0 0 0 0 0 0 0 0 0 0 0 0 0 0 0 2 0 0 0 14 1 1 12 19 0 2 0 9 0
0 0 8 21 10 6 0 0 0 0 0 1 0 0 0 0 0 0 0 0 0 0 16 0 0 0 0 0 0 0 0 25 0 0 19 0 0 22 0 36 11
0 0 3 0 0 0 2 0 2 0 0 0 0 0 0 0 0 0 0 0 1 0 0 0 0 0 0 1 0 0 0 7 4 6 6 19 1 0 0 1 0
0 0 7 11 0 1 0 0 0 0 0 0 0 0 0 0 0 0 0 0 0 0 2 0 0 0 0 2 0 0 0 23 0 0 20 8 0 10 0 20 4
0 0 6 10 0 0 0 0 1 0 0 0 0 0 0 0 0 0 0 0 0 0 0 0 0 0 0 2 0 0 0 23 0 0 20 13 0 9 0 18 3
0 0 7 13 1 1 0 0 0 0 0 0 0 0 0 0 0 0 0 0 0 0 4 0 0 0 0 1 0 0 0 23 0 0 19 4 0 12 0 23 5
2 0 0 0 0 0 3 0 4 0 9 1 0 0 0 0 0 4 0 0 3 0 0 0 0 2 0 0 0 0 0 0 7 21 0 21 11 0 5 0 0
0 0 6 7 0 0 0 0 2 0 0 0 0 0 0 0 0 0 0 0 0 0 0 0 0 0 0 2 0 0 0 19 0 0 17 14 0 6 0 15 2
0 0 8 20 6 4 0 0 0 0 0 0 0 0 0 0 0 0 0 0 0 0 13 0 0 0 0 0 0 0 0 26 0 0 20 0 0 21 0 34 10
4 0 0 0 0 0 4 1 5 0 14 3 0 0 0 0 0 6 0 0 5 0 0 0 0 3 0 0 0 0 0 0 9 30 0 24 17 0 9 0 0
0 0 8 20 7 5 0 0 0 0 0 0 0 0 0 0 0 0 0 0 0 0 12 0 0 0 0 0 0 0 0 26 0 0 20 0 0 20 0 32 10
5 0 0 0 0 0 5 1 6 0 18 5 0 0 0 0 0 9 0 0 6 0 0 0 0 5 0 0 0 0 0 0 12 38 0 26 22 0 11 0 0
0 0 10 29 13 9 0 0 0 0 0 0 0 0 0 0 0 0 0 0 0 0 20 0 0 0 0 0 0 0 0 32 0 0 24 0 0 31 0 46 16
4 0 0 0 0 0 5 1 5 0 16 4 0 0 0 0 0 8 0 0 5 0 0 0 0 5 0 0 0 0 0 0 11 34 0 25 20 0 10 0 0
8 0 0 0 0 0 8 1 8 0 28 8 0 0 0 0 0 14 0 0 8 0 0 0 0 9 0 0 0 0 0 0 18 57 0 33 34 0 16 0 0
1 0 0 0 0 0 3 0 3 0 8 1 0 0 0 0 0 3 0 0 3 0 0 0 0 2 0 0 0 0 0 0 7 19 0 19 10 0 4 0 0
0 0 8 15 3 2 0 0 0 0 0 0 0 0 0 0 0 0 0 0 0 0 8 0 0 0 0 1 0 0 0 24 0 0 20 0 0 15 0 26 7
1 0 0 0 0 0 2 0 3 0 3 0 0 0 0 0 0 2 0 0 2 0 0 0 0 0 0 0 0 0 0 0 6 15 0 23 6 0 1 0 0
5 0 0 0 0 0 4 1 5 0 19 6 0 0 0 0 0 9 0 0 6 0 0 0 0 5 0 0 0 0 0 0 12 38 0 24 22 0 11 0 0
1 0 0 0 0 0 3 0 4 0 5 0 0 0 0 0 0 2 0 0 3 0 0 0 0 1 0 0 0 0 0 0 6 17 0 23 8 0 2 0 0
3 0 0 0 0 0 3 0 4 0 13 4 0 0 0 0 0 5 0 0 4 0 0 0 0 3 0 0 0 0 0 0 8 27 0 19 15 0 8 0 0
8 0 0 0 0 0 5 0 7 0 28 11 0 0 0 0 1 12 0 0 7 0 0 0 0 8 0 0 0 0 0 0 14 52 0 24 31 0 16 0 0
0 0 7 11 2 1 0 0 0 0 0 0 0 0 0 0 0 0 0 0 0 0 6 0 0 0 0 1 0 0 0 21 0 0 18 4 0 10 0 21 4
0 0 8 12 1 1 0 0 0 0 0 0 0 0 0 0 0 0 0 0 0 0 5 0 0 0 0 2 0 0 0 24 0 0 20 6 0 11 0 22 5
0 0 8 14 3 2 0 0 0 0 0 0 0 0 0 0 0 0 0 0 0 0 8 0 0 0 0 1 0 0 0 24 0 0 20 0 0 14 0 26 6
4 0 0 0 0 0 4 1 5 0 15 4 0 0 0 0 0 7 0 0 5 0 0 0 0 4 0 0 0 0 0 0 10 31 0 24 18 0 9 0 0
0 0 8 17 6 3 0 0 0 0 0 0 0 0 0 0 0 0 0 0 0 0 11 0 0 0 0 0 0 0 0 24 0 0 19 0 0 17 0 30 8
4 0 0 0 0 0 5 1 5 0 16 5 0 0 0 0 0 8 0 0 6 0 0 0 0 5 0 0 0 0 0 0 11 35 0 24 20 0 10 0 0
8 0 0 0 0 0 7 1 8 0 27 9 0 0 0 0 0 13 0 0 8 0 0 0 0 8 0 0 0 0 0 0 17 55 0 31 33 0 16 0 0
0 0 7 9 0 0 0 0 1 0 0 0 0 0 0 0 0 0 0 0 0 0 2 0 0 0 0 2 0 0 0 22 0 0 19 14 0 7 0 17 3
0 0 9 24 10 7 0 0 0 0 0 0 0 0 0 0 0 0 0 0 0 0 16 0 0 0 0 0 0 0 0 28 0 0 21 0 0 25 0 39 13
3 0 0 0 0 0 4 1 4 0 12 3 0 0 0 0 0 6 0 0 5 0 0 0 0 3 0 0 0 0 0 0 10 28 0 23 16 0 8 0 0
2 0 0 0 0 0 1 0 3 0 9 3 0 0 0 0 0 1 0 0 2 0 0 0 0 1 0 0 0 0 0 0 3 12 0 11 7 0 5 0 0
4 0 0 0 0 0 4 1 5 0 14 3 0 0 0 0 0 7 0 0 5 0 0 0 0 4 0 0 0 0 0 0 10 31 0 24 18 0 9 0 0
1 0 0 0 5 0 0 0 0 0 10 5 0 0 0 0 0 0 0 0 0 0 1 0 0 0 0 0 0 0 0 0 0 3 0 0 2 0 4 2 0
4 0 0 0 0 0 4 1 5 0 13 3 0 0 0 0 0 7 0 0 5 0 0 0 0 4 0 0 0 0 0 0 10 30 0 25 17 0 8 0 0
2 0 0 0 0 0 3 1 4 0 9 1 0 0 0 0 0 4 0 0 4 0 0 0 0 2 0 0 0 0 0 0 8 23 0 23 12 0 5 0 0
0 0 1 0 0 0 2 0 3 0 3 0 0 0 0 0 0 1 0 0 2 0 0 0 0 0 0 0 0 0 0 0 5 13 0 20 5 0 2 0 0
0 0 7 18 10 5 0 0 0 0 0 1 0 0 0 0 0 0 0 0 0 0 14 0 0 0 0 0 0 0 0 22 0 0 17 0 0 19 0 33 10
1 0 0 0 0 0 3 1 3 0 8 1 0 0 0 0 0 3 0 0 4 0 0 0 0 2 0 0 0 0 0 0 8 22 0 22 11 0 5 0 0
0 0 6 7 0 0 0 0 2 0 0 0 0 0 0 0 0 0 0 0 0 0 0 0 0 0 0 2 0 0 0 19 0 0 17 15 0 6 0 15 2
0 0 7 14 7 2 0 0 0 0 0 0 0 0 0 0 0 0 0 0 0 0 11 0 0 0 0 0 0 0 0 20 0 0 16 0 0 14 0 27 7
0 0 3 1 0 0 0 0 3 0 0 0 0 0 0 0 0 0 0 0 1 0 0 0 0 0 0 1 0 0 0 9 3 5 9 19 0 0 0 5 0
0 0 6 9 0 0 0 0 1 0 0 0 0 0 0 0 0 0 0 0 0 0 0 0 0 0 0 2 0 0 0 21 0 0 18 12 0 8 0 16 3
6 0 0 0 0 0 6 1 7 0 22 6 0 0 0 0 0 10 0 0 7 0 0 0 0 7 0 0 0 0 0 0 14 45 0 28 27 0 13 0 0
0 0 5 7 3 0 0 0 0 0 0 0 0 0 0 0 0 0 0 0 0 0 6 0 0 0 0 0 0 0 0 14 0 0 11 0 0 8 0 18 4
0 0 2 0 0 0 2 0 3 0 0 0 0 0 0 0 0 0 0 0 1 0 0 0 0 0 0 1 0 0 0 5 4 8 5 21 2 0 0 0 0
0 0 7 14 1 2 0 0 0 0 0 0 0 0 0 0 0 0 0 0 0 0 4 0 0 0 0 2 0 0 0 23 0 0 20 2 0 13 0 23 6
0 0 6 11 5 1 0 0 0 0 0 0 0 0 0 0 0 0 0 0 0 0 9 0 0 0 0 0 0 0 0 17 0 0 14 0 0 11 0 23 5
2 0 0 0 0 0 4 1 4 0 8 0 0 0 0 0 0 4 0 0 4 0 0 0 0 2 0 0 0 0 0 0 8 22 0 23 12 0 6 0 0
1 0 0 0 0 0 1 0 2 0 8 2 0 0 0 0 0 1 0 0 1 0 0 0 0 1 0 0 0 0 0 0 3 11 0 9 6 0 4 0 0
0 0 6 9 0 0 0 0 0 0 0 0 0 0 0 0 0 0 0 0 0 0 2 0 0 0 0 2 0 0 0 21 0 0 18 10 0 9 0 18 3
0 0 9 27 12 8 0 0 0 0 0 1 0 0 0 0 0 0 0 0 0 0 19 0 0 0 0 0 0 0 0 30 0 0 22 0 0 28 0 43 14
0 0 6 9 4 0 0 0 0 0 0 0 0 0 0 0 0 0 0 0 0 0 7 0 0 0 0 0 0 0 0 15 0 0 13 0 0 9 0 19 5
4 0 0 0 0 0 4 1 5 0 15 3 0 0 0 0 0 7 0 0 5 0 0 0 0 4 0 0 0 0 0 0 10 33 0 25 19 0 9 0 0
3 0 0 0 0 0 1 0 3 0 14 6 0 0 0 0 0 4 0 0 3 0 0 0 0 2 0 0 0 0 0 0 5 21 0 9 12 0 8 0 0
0 0 10 27 14 9 0 0 0 0 0 0 0 0 0 0 0 0 0 0 0 0 21 0 0 0 0 0 0 0 0 31 0 0 24 0 0 29 0 46 15
3 0 0 0 0 0 4 1 5 0 13 3 0 0 0 0 0 6 0 0 5 0 0 0 0 4 0 0 0 0 0 0 10 29 0 23 16 0 8 0 0
1 0 0 0 0 0 2 0 4 0 5 0 0 0 0 0 0 2 0 0 3 0 0 0 0 0 0 0 0 0 0 0 5 15 0 22 7 0 2 0 0
3 0 0 0 0 0 4 1 4 0 10 2 0 0 0 0 0 5 0 0 4 0 0 0 0 3 0 0 0 0 0 0 9 26 0 24 14 0 6 0 0
0 0 5 13 11 3 0 0 0 0 0 1 0 0 0 0 0 0 0 0 0 0 12 0 0 0 0 0 0 0 0 16 0 0 15 0 0 15 0 30 9
0 0 8 18 8 4 0 0 0 0 0 0 0 0 0 0 0 0 0 0 0 0 13 0 0 0 0 0 0 0 0 23 0 0 19 0 0 19 0 32 9
0 0 8 15 4 2 0 0 0 0 0 0 0 0 0 0 0 0 0 0 0 0 9 0 0 0 0 0 0 0 0 23 0 0 19 0 0 15 0 26 7
0 0 4 1 0 0 1 0 3 0 0 0 0 0 0 0 0 0 0 0 1 0 0 0 0 0 0 1 0 0 0 10 3 5 8 21 0 0 0 4 0
4 0 0 0 0 0 4 1 5 0 13 3 0 0 0 0 0 7 0 0 5 0 0 0 0 4 0 0 0 0 0 0 10 31 0 25 18 0 8 0 0
1 0 0 0 0 0 2 0 3 0 7 1 0 0 0 0 0 3 0 0 3 0 0 0 0 1 0 0 0 0 0 0 7 18 0 21 9 0 4 0 0
0 0 7 17 9 4 0 0 0 0 0 1 0 0 0 0 0 0 0 0 0 0 13 0 0 0 0 0 0 0 0 21 0 0 17 0 0 18 0 31 9
0 0 8 21 5 5 0 0 0 0 0 0 0 0 0 0 0 0 0 0 0 0 11 0 0 0 0 0 0 0 0 27 0 0 21 0 0 21 0 33 10
0 0 7 11 4 1 0 0 0 0 0 0 0 0 0 0 0 0 0 0 0 0 8 0 0 0 0 0 0 0 0 19 0 0 17 0 0 11 0 23 5
0 0 7 20 3 5 0 0 0 0 0 0 0 0 0 0 0 0 0 0 0 0 8 0 0 0 0 0 0 0 0 25 0 0 20 0 0 20 0 29 9
3 0 0 0 0 0 4 1 4 0 13 3 0 0 0 0 0 6 0 0 5 0 0 0 0 3 0 0 0 0 0 0 9 28 0 22 16 0 8 0 0
3 0 0 0 0 0 3 1 4 0 11 2 0 0 0 0 0 5 0 0 4 0 0 0 0 2 0 0 0 0 0 0 9 25 0 22 13 0 6 0 0
0 0 7 14 2 2 0 0 0 0 0 0 0 0 0 0 0 0 0 0 0 0 7 0 0 0 0 1 0 0 0 24 0 0 20 0 0 14 0 24 6
0 0 3 0 0 0 1 0 3 0 0 0 0 0 0 0 0 0 0 0 1 0 0 0 0 0 0 1 0 0 0 9 3 6 8 22 1 0 0 3 0
0 0 7 13 6 2 0 0 0 0 0 0 0 0 0 0 0 0 0 0 0 0 11 0 0 0 0 0 0 0 0 19 0 0 16 0 0 14 0 26 7
0 0 8 19 4 4 0 0 0 0 0 0 0 0 0 0 0 0 0 0 0 0 10 0 0 0 0 0 0 0 0 27 0 0 22 0 0 19 0 31 9
0 0 6 9 0 0 0 0 1 0 0 0 0 0 0 0 0 0 0 0 0 0 2 0 0 0 0 2 0 0 0 21 0 0 18 11 0 8 0 18 3
1 0 0 0 0 0 3 0 3 0 5 0 0 0 0 0 0 2 0 0 3 0 0 0 0 1 0 0 0 0 0 0 7 16 0 22 7 0 2 0 0
0 0 8 11 1 1 0 0 0 0 0 0 0 0 0 0 0 0 0 0 0 0 5 0 0 0 0 1 0 0 0 23 0 0 19 5 0 10 0 21 5
0 0 8 17 4 3 0 0 0 0 0 0 0 0 0 0 0 0 0 0 0 0 9 0 0 0 0 0 0 0 0 25 0 0 20 0 0 17 0 28 8
5 0 0 0 0 0 4 1 5 0 20 7 0 0 0 0 0 9 0 0 6 0 0 0 0 5 0 0 0 0 0 0 12 39 0 22 23 0 12 0 0
6 0 0 0 0 0 4 0 5 0 21 7 0 0 0 0 0 8 0 0 5 0 0 0 0 5 0 0 0 0 0 0 10 38 0 20 22 0 12 0 0
8 0 0 0 0 0 7 1 7 0 29 10 0 0 0 0 1 14 0 0 8 0 0 0 0 9 0 0 0 0 0 0 17 57 0 29 34 0 16 0 0
0 0 4 4 0 0 0 0 2 0 0 0 0 0 0 0 0 0 0 0 0 0 0 0 0 0 0 1 0 0 0 13 1 1 12 17 0 2 0 9 0
0 0 0 0 6 0 0 0 0 0 7 4 0 0 0 0 0 0 0 0 0 0 3 0 0 0 0 0 0 0 0 0 0 0 0 0 0 1 3 8 2
0 0 5 6 0 0 0 0 2 0 0 0 0 0 0 0 0 0 0 0 0 0 0 0 0 0 0 2 0 0 0 16 0 0 14 14 0 5 0 13 2
5 0 0 0 0 0 5 1 6 0 19 5 0 0 0 0 0 9 0 0 6 0 0 0 0 6 0 0 0 0 0 0 13 39 0 27 23 0 11 0 0
0 0 8 16 4 2 0 0 0 0 0 0 0 0 0 0 0 0 0 0 0 0 10 0 0 0 0 0 0 0 0 24 0 0 19 0 0 16 0 29 8
0 0 1 0 0 0 2 0 3 0 2 0 0 0 0 0 0 1 0 0 2 0 0 0 0 0 0 1 0 0 0 1 4 10 0 17 4 0 2 0 0
0 0 3 7 10 1 0 0 0 0 2 3 0 0 0 0 0 0 0 0 0 0 9 0 0 0 0 0 0 0 0 9 0 0 10 0 0 9 0 22 5
0 0 8 22 4 5 0 0 0 0 0 0 0 0 0 0 0 0 0 0 0 0 10 0 0 0 0 0 0 0 0 27 0 0 21 0 0 22 0 31 10
0 0 6 6 0 0 0 0 2 0 0 0 0 0 0 0 0 0 0 0 0 0 1 0 0 0 0 2 0 0 0 18 0 0 15 15 0 5 0 13 2
3 0 0 0 0 0 4 1 5 0 12 1 0 0 0 0 0 5 0 0 4 0 0 0 0 3 0 0 0 0 0 0 9 28 0 25 15 0 7 0 0
0 0 7 15 8 3 0 0 0 0 0 0 0 0 0 0 0 0 0 0 0 0 12 0 0 0 0 0 0 0 0 20 0 0 17 0 0 16 0 30 9
0 0 8 19 5 4 0 0 0 0 0 0 0 0 0 0 0 0 0 0 0 0 10 0 0 0 0 0 0 0 0 25 0 0 21 0 0 19 0 29 9
4 0 0 0 0 0 4 1 5 0 15 4 0 0 0 0 0 7 0 0 5 0 0 0 0 4 0 0 0 0 0 0 10 32 0 23 18 0 9 0 0
0 0 6 16 11 4 0 0 0 0 0 2 0 0 0 0 0 0 0 0 0 0 14 0 0 0 0 0 0 0 0 18 0 0 16 0 0 18 0 32 10
0 0 9 23 9 6 0 0 0 0 0 0 0 0 0 0 0 0 0 0 0 0 16 0 0 0 0 0 0 0 0 29 0 0 22 0 0 24 0 38 12
0 0 8 24 11 7 0 0 0 0 0 1 0 0 0 0 0 0 0 0 0 0 17 0 0 0 0 0 0 0 0 27 0 0 21 0 0 25 0 40 13
0 0 8 19 7 4 0 0 0 0 0 0 0 0 0 0 0 0 0 0 0 0 13 0 0 0 0 0 0 0 0 25 0 0 20 0 0 19 0 32 10
0 0 9 23 8 6 0 0 0 0 0 0 0 0 0 0 0 0 0 0 0 0 14 0 0 0 0 0 0 0 0 28 0 0 21 0 0 24 0 36 12
0 0 6 7 0 0 0 0 1 0 0 0 0 0 0 0 0 0 0 0 0 0 1 0 0 0 0 2 0 0 0 20 0 0 17 14 0 7 0 16 2
2 0 0 0 0 0 3 0 4 0 9 1 0 0 0 0 0 3 0 0 3 0 0 0 0 2 0 0 0 0 0 0 7 21 0 21 11 0 5 0 0
4 0 0 0 0 0 4 1 4 0 15 5 0 0 0 0 0 7 0 0 5 0 0 0 0 4 0 0 0 0 0 0 9 30 0 21 18 0 9 0 0
2 0 0 0 0 0 3 1 4 0 10 2 0 0 0 0 0 4 0 0 4 0 0 0 0 2 0 0 0 0 0 0 9 25 0 21 13 0 6 0 0
3 0 0 0 0 0 3 1 4 0 12 3 0 0 0 0 0 5 0 0 4 0 0 0 0 3 0 0 0 0 0 0 8 25 0 20 14 0 7 0 0
0 0 8 17 7 4 0 0 0 0 0 0 0 0 0 0 0 0 0 0 0 0 12 0 0 0 0 0 0 0 0 24 0 0 19 0 0 18 0 31 9
0 0 8 14 3 2 0 0 0 0 0 0 0 0 0 0 0 0 0 0 0 0 7 0 0 0 0 1 0 0 0 24 0 0 19 0 0 14 0 24 6
0 0 9 17 5 3 0 0 0 0 0 0 0 0 0 0 0 0 0 0 0 0 12 0 0 0 0 0 0 0 0 25 0 0 20 0 0 18 0 30 8
5 0 0 0 0 0 3 0 5 0 19 7 0 0 0 0 0 7 0 0 5 0 0 0 0 4 0 0 0 0 0 0 9 33 0 18 19 0 10 0 0
0 0 8 16 7 3 0 0 0 0 0 0 0 0 0 0 0 0 0 0 0 0 12 0 0 0 0 0 0 0 0 23 0 0 19 0 0 17 0 31 8
4 0 0 0 0 0 5 1 6 0 15 3 0 0 0 0 0 8 0 0 6 0 0 0 0 5 0 0 0 0 0 0 11 34 0 27 20 0 9 0 0
0 0 3 0 0 0 1 0 2 0 0 0 0 0 0 0 0 0 0 0 1 0 0 0 0 0 0 1 0 0 0 8 3 6 6 19 1 0 0 3 0
0 0 8 12 2 1 0 0 0 0 0 0 0 0 0 0 0 0 0 0 0 0 6 0 0 0 0 1 0 0 0 23 0 0 19 2 0 12 0 22 5
0 0 6 9 1 0 0 0 0 0 0 0 0 0 0 0 0 0 0 0 0 0 4 0 0 0 0 1 0 0 0 20 0 0 17 8 0 9 0 19 4
0 0 9 26 13 8 0 0 0 0 0 1 0 0 0 0 0 0 0 0 0 0 19 0 0 0 0 0 0 0 0 29 0 0 22 0 0 28 0 44 15
0 0 8 17 3 3 0 0 0 0 0 0 0 0 0 0 0 0 0 0 0 0 9 0 0 0 0 0 0 0 0 24 0 0 19 0 0 17 0 28 8
0 0 10 25 11 7 0 0 0 0 0 0 0 0 0 0 0 0 0 0 0 0 18 0 0 0 0 0 0 0 0 30 0 0 23 0 0 27 0 41 13
0 0 6 12 4 1 0 0 0 0 0 0 0 0 0 0 0 0 0 0 0 0 8 0 0 0 0 0 0 0 0 19 0 0 16 0 0 12 0 23 6
0 0 6 6 0 0 0 0 2 0 0 0 0 0 0 0 0 0 0 0 0 0 0 0 0 0 0 2 0 0 0 19 0 0 16 18 0 4 0 12 1
0 0 7 10 1 0 0 0 0 0 0 0 0 0 0 0 0 0 0 0 0 0 4 0 0 0 0 1 0 0 0 21 0 0 18 6 0 10 0 19 4
0 0 5 6 0 0 0 0 2 0 0 0 0 0 0 0 0 0 0 0 0 0 0 0 0 0 0 2 0 0 0 17 0 0 15 16 0 4 0 12 2
0 0 7 18 9 4 0 0 0 0 0 0 0 0 0 0 0 0 0 0 0 0 13 0 0 0 0 0 0 0 0 22 0 0 18 0 0 19 0 32 10
2 0 0 0 0 0 3 1 4 0 8 0 0 0 0 0 0 3 0 0 4 0 0 0 0 2 0 0 0 0 0 0 8 22 0 23 11 0 5 0 0
0 0 6 8 0 0 0 0 2 0 0 0 0 0 0 0 0 0 0 0 0 0 0 0 0 0 0 2 0 0 0 22 0 0 19 15 0 7 0 16 2
1 0 0 0 0 0 1 0 2 0 7 2 0 0 0 0 0 1 0 0 1 0 0 0 0 1 0 0 0 0 0 0 3 11 0 9 6 0 5 0 0
0 0 8 21 11 6 0 0 0 0 0 1 0 0 0 0 0 0 0 0 0 0 16 0 0 0 0 0 0 0 0 24 0 0 20 0 0 23 0 38 12
0 0 8 14 5 2 0 0 0 0 0 0 0 0 0 0 0 0 0 0 0 0 10 0 0 0 0 0 0 0 0 22 0 0 18 0 0 14 0 27 7
0 0 8 23 6 6 0 0 0 0 0 0 0 0 0 0 0 0 0 0 0 0 13 0 0 0 0 0 0 0 0 28 0 0 22 0 0 23 0 35 12
3 0 0 0 0 0 3 1 4 0 11 2 0 0 0 0 0 5 0 0 4 0 0 0 0 2 0 0 0 0 0 0 9 26 0 23 14 0 7 0 0
4 0 0 0 0 0 4 1 5 0 15 4 0 0 0 0 0 7 0 0 5 0 0 0 0 4 0 0 0 0 0 0 11 33 0 24 19 0 9 0 0
0 0 6 7 0 0 0 0 1 0 0 0 0 0 0 0 0 0 0 0 0 0 0 0 0 0 0 2 0 0 0 20 0 0 17 15 0 6 0 14 2
0 0 7 11 2 1 0 0 0 0 0 0 0 0 0 0 0 0 0 0 0 0 6 0 0 0 0 1 0 0 0 20 0 0 17 2 0 10 0 21 5
5 0 0 0 0 0 5 1 5 0 19 6 0 0 0 0 0 9 0 0 6 0 0 0 0 5 0 0 0 0 0 0 12 39 0 24 22 0 11 0 0
0 0 7 16 4 3 0 0 0 0 0 0 0 0 0 0 0 0 0 0 0 0 9 0 0 0 0 0 0 0 0 23 0 0 18 0 0 16 0 27 7
4 0 0 0 0 0 5 1 5 0 13 2 0 0 0 0 0 7 0 0 5 0 0 0 0 4 0 0 0 0 0 0 11 31 0 27 18 0 9 0 0
0 0 10 32 14 11 0 0 0 0 0 0 0 0 0 0 0 0 0 0 0 0 21 0 0 0 0 0 0 0 0 34 0 0 26 0 0 34 0 50 17
1 0 0 0 0 0 3 0 3 0 4 0 0 0 0 0 0 2 0 0 3 0 0 0 0 1 0 0 0 0 0 0 6 15 0 22 6 0 2 0 0
2 0 0 0 0 0 3 1 4 0 10 1 0 0 0 0 0 4 0 0 4 0 0 0 0 2 0 0 0 0 0 0 8 22 0 22 11 0 5 0 0
0 0 8 15 3 2 0 0 0 0 0 0 0 0 0 0 0 0 0 0 0 0 8 0 0 0 0 1 0 0 0 24 0 0 20 0 0 15 0 27 7
0 0 7 8 0 0 0 0 1 0 0 0 0 0 0 0 0 0 0 0 0 0 1 0 0 0 0 2 0 0 0 22 0 0 19 14 0 8 0 18 3
0 0 6 8 0 0 0 0 1 0 0 0 0 0 0 0 0 0 0 0 0 0 1 0 0 0 0 2 0 0 0 21 0 0 18 12 0 8 0 18 3
0 0 1 0 0 0 1 0 3 0 0 0 0 0 0 0 0 0 0 0 1 0 0 0 0 0 0 1 0 0 0 5 4 9 5 20 2 0 0 0 0
3 0 0 0 0 0 4 1 5 0 13 3 0 0 0 0 0 6 0 0 5 0 0 0 0 4 0 0 0 0 0 0 10 29 0 23 16 0 8 0 0
0 0 5 12 8 2 0 0 0 0 0 1 0 0 0 0 0 0 0 0 0 0 10 0 0 0 0 0 0 0 0 15 0 0 14 0 0 13 0 25 7
0 0 8 18 4 4 0 0 0 0 0 0 0 0 0 0 0 0 0 0 0 0 10 0 0 0 0 0 0 0 0 26 0 0 21 0 0 18 0 30 9
0 0 1 0 0 0 2 0 3 0 2 0 0 0 0 0 0 1 0 0 2 0 0 0 0 0 0 1 0 0 0 0 5 11 0 19 5 0 1 0 0
0 0 9 24 8 7 0 0 0 0 0 0 0 0 0 0 0 0 0 0 0 0 15 0 0 0 0 0 0 0 0 29 0 0 22 0 0 25 0 37 12
0 0 7 9 1 0 0 0 0 0 0 0 0 0 0 0 0 0 0 0 0 0 4 0 0 0 0 1 0 0 0 20 0 0 17 6 0 9 0 18 4
0 0 8 17 2 3 0 0 0 0 0 0 0 0 0 0 0 0 0 0 0 0 7 0 0 0 0 1 0 0 0 26 0 0 22 0 0 16 0 26 8
0 0 10 23 8 6 0 0 0 0 0 0 0 0 0 0 0 0 0 0 0 0 15 0 0 0 0 0 0 0 0 29 0 0 23 0 0 23 0 37 12
0 0 4 11 10 2 0 0 0 0 0 1 0 0 0 0 0 0 0 0 0 0 11 0 0 0 0 0 0 0 0 13 0 0 14 0 0 13 0 28 7
6 0 0 0 0 0 6 1 6 0 20 5 0 0 0 0 0 9 0 0 6 0 0 0 0 6 0 0 0 0 0 0 13 41 0 27 24 0 12 0 0
0 0 8 10 0 0 0 0 1 0 0 0 0 0 0 0 0 0 0 0 0 0 2 0 0 0 0 2 0 0 0 23 0 0 20 11 0 9 0 19 4
0 0 8 14 3 2 0 0 0 0 0 0 0 0 0 0 0 0 0 0 0 0 8 0 0 0 0 0 0 0 0 23 0 0 19 0 0 14 0 25 7
0 0 6 11 2 1 0 0 0 0 0 0 0 0 0 0 0 0 0 0 0 0 6 0 0 0 0 1 0 0 0 19 0 0 16 0 0 11 0 21 5
0 0 8 12 0 1 0 0 0 0 0 0 0 0 0 0 0 0 0 0 0 0 3 0 0 0 0 1 0 0 0 25 0 0 21 7 0 11 0 21 5
0 0 8 24 6 7 0 0 0 0 0 0 0 0 0 0 0 0 0 0 0 0 12 0 0 0 0 0 0 0 0 29 0 0 22 0 0 25 0 36 12
0 0 6 12 2 2 0 0 0 0 0 0 0 0 0 0 0 0 0 0 0 0 6 0 0 0 0 1 0 0 0 21 0 0 17 0 0 12 0 22 6
0 0 5 5 0 0 0 0 2 0 0 0 0 0 0 0 0 0 0 0 0 0 0 0 0 0 0 2 0 0 0 17 1 0 15 17 0 4 0 13 1
6 0 0 0 0 0 5 1 5 0 21 8 0 0 0 0 0 9 0 0 6 0 0 0 0 6 0 0 0 0 0 0 12 41 0 23 24 0 12 0 0
0 0 8 20 10 5 0 0 0 0 0 0 0 0 0 0 0 0 0 0 0 0 15 0 0 0 0 0 0 0 0 25 0 0 20 0 0 21 0 36 11
0 0 6 8 3 0 0 0 0 0 0 0 0 0 0 0 0 0 0 0 0 0 6 0 0 0 0 0 0 0 0 16 0 0 14 2 0 8 0 18 4
0 0 1 0 0 0 2 0 3 0 2 0 0 0 0 0 0 1 0 0 2 0 0 0 0 0 0 0 0 0 0 0 5 11 0 20 4 0 1 0 0
4 0 0 0 0 0 4 1 5 0 15 4 0 0 0 0 0 6 0 0 5 0 0 0 0 4 0 0 0 0 0 0 10 30 0 22 17 0 8 0 0
0 0 6 8 0 0 0 0 1 0 0 0 0 0 0 0 0 0 0 0 0 0 1 0 0 0 0 2 0 0 0 20 0 0 17 11 0 8 0 17 3
5 0 0 0 0 0 5 1 6 0 19 6 0 0 0 0 0 9 0 0 6 0 0 0 0 6 0 0 0 0 0 0 13 40 0 26 24 0 11 0 0
0 0 9 21 7 5 0 0 0 0 0 0 0 0 0 0 0 0 0 0 0 0 14 0 0 0 0 0 0 0 0 27 0 0 21 0 0 21 0 34 10
0 0 1 0 0 0 2 0 3 0 2 0 0 0 0 0 0 1 0 0 2 0 0 0 0 0 0 0 0 0 0 1 5 12 1 21 4 0 1 0 0
1 0 0 0 0 0 3 1 4 0 7 0 0 0 0 0 0 2 0 0 3 0 0 0 0 1 0 0 0 0 0 0 6 18 0 21 9 0 4 0 0
0 0 1 0 0 0 1 0 3 0 1 0 0 0 0 0 0 0 0 0 2 0 0 0 0 0 0 1 0 0 0 4 3 9 4 20 3 0 0 0 0
6 0 0 0 0 0 5 1 6 0 21 7 0 0 0 0 0 10 0 0 7 0 0 0 0 6 0 0 0 0 0 0 14 44 0 27 26 0 12 0 0
0 0 9 26 9 8 0 0 0 0 0 0 0 0 0 0 0 0 0 0 0 0 16 0 0 0 0 0 0 0 0 30 0 0 22 0 0 27 0 40 13
0 0 6 8 0 0 0 0 1 0 0 0 0 0 0 0 0 0 0 0 0 0 0 0 0 0 0 2 0 0 0 20 0 0 18 13 0 8 0 18 3
0 0 8 19 6 4 0 0 0 0 0 0 0 0 0 0 0 0 0 0 0 0 13 0 0 0 0 0 0 0 0 26 0 0 19 0 0 20 0 31 10
0 0 8 21 5 5 0 0 0 0 0 0 0 0 0 0 0 0 0 0 0 0 11 0 0 0 0 0 0 0 0 27 0 0 21 0 0 21 0 33 11
0 0 1 0 0 0 1 0 2 0 2 0 0 0 0 0 0 0 0 0 1 0 0 0 0 0 0 1 0 0 0 2 3 8 2 16 3 0 1 0 0
0 0 5 10 7 1 0 0 0 0 0 1 0 0 0 0 0 0 0 0 0 0 9 0 0 0 0 0 0 0 0 15 0 0 13 0 0 11 0 24 6
1 0 0 0 0 0 2 1 3 0 5 0 0 0 0 0 0 2 0 0 3 0 0 0 0 1 0 0 0 0 0 0 6 15 0 21 7 0 3 0 0
0 0 4 12 13 3 0 0 0 0 0 2 0 0 0 0 0 0 0 0 0 0 12 0 0 0 0 0 0 0 0 13 0 0 14 0 0 14 0 30 8
0 0 7 12 3 1 0 0 0 0 0 0 0 0 0 0 0 0 0 0 0 0 7 0 0 0 0 1 0 0 0 21 0 0 18 0 0 12 0 22 5
0 0 8 21 9 6 0 0 0 0 0 0 0 0 0 0 0 0 0 0 0 0 14 0 0 0 0 0 0 0 0 26 0 0 19 0 0 22 0 35 11
0 0 5 13 9 2 0 0 0 0 0 1 0 0 0 0 0 0 0 0 0 0 11 0 0 0 0 0 0 0 0 16 0 0 14 0 0 14 0 28 8
3 0 0 0 0 0 4 1 4 0 11 2 0 0 0 0 0 5 0 0 4 0 0 0 0 2 0 0 0 0 0 0 9 25 0 23 14 0 7 0 0
1 0 0 0 3 0 0 0 1 0 6 3 0 0 0 0 0 0 0 0 0 0 1 0 0 0 0 0 0 0 0 0 0 3 0 2 1 0 3 3 0
0 0 7 9 0 0 0 0 1 0 0 0 0 0 0 0 0 0 0 0 0 0 3 0 0 0 0 2 0 0 0 21 0 0 17 10 0 8 0 17 3
2 0 0 0 0 0 1 0 3 0 12 5 0 0 0 0 0 3 0 0 3 0 0 0 0 2 0 0 0 0 0 0 5 18 0 10 10 0 7 0 0
0 0 6 7 0 0 0 0 2 0 0 0 0 0 0 0 0 0 0 0 0 0 0 0 0 0 0 2 0 0 0 20 0 0 17 16 0 6 0 15 2
0 0 5 5 0 0 0 0 2 0 0 0 0 0 0 0 0 0 0 0 0 0 0 0 0 0 0 2 0 0 0 18 0 0 16 19 0 4 0 13 1
4 0 0 0 0 0 5 1 5 0 15 4 0 0 0 0 0 8 0 0 5 0 0 0 0 4 0 0 0 0 0 0 11 34 0 25 20 0 9 0 0
0 0 5 5 0 0 0 0 2 0 0 0 0 0 0 0 0 0 0 0 0 0 0 0 0 0 0 2 0 0 0 17 0 0 15 17 0 4 0 12 1
5 0 0 0 0 0 5 1 5 0 17 5 0 0 0 0 0 8 0 0 6 0 0 0 0 5 0 0 0 0 0 0 12 37 0 24 21 0 10 0 0
0 0 9 27 13 9 0 0 0 0 0 1 0 0 0 0 0 0 0 0 0 0 20 0 0 0 0 0 0 0 0 31 0 0 23 0 0 29 0 45 15
4 0 0 0 0 0 4 1 5 0 15 3 0 0 0 0 0 6 0 0 5 0 0 0 0 4 0 0 0 0 0 0 10 31 0 24 18 0 9 0 0
