0 0 10 0 0 0 0 15 0 0 0 0 0 3 0 0 0 0 0 0 0 0 4 0 0 0 0 0 15 15 0 26 0 0 37 49 0 0 0 44 0
0 4 1 0 0 0 1 35 0 0 0 0 0 19 0 0 0 0 0 0 0 0 10 0 0 0 0 0 14 32 0 47 0 0 26 44 0 0 0 45 7
0 6 1 0 0 0 1 37 0 0 0 0 0 21 0 0 0 0 0 0 0 0 10 0 0 0 0 0 13 34 0 50 0 0 23 43 0 0 0 45 9
0 6 1 0 0 0 1 37 0 0 0 0 0 20 0 0 0 0 0 0 0 0 9 0 0 0 0 0 13 34 0 49 0 0 23 43 0 0 0 45 9
0 8 0 0 0 0 1 42 0 0 0 0 0 26 0 0 0 0 0 0 0 0 10 0 0 0 0 0 13 38 0 55 0 0 23 45 0 0 0 48 11
0 4 2 0 0 0 1 34 0 0 0 0 0 17 0 0 0 0 0 0 0 0 8 0 0 0 0 0 14 31 0 44 0 0 27 44 0 0 0 45 7
11 0 0 3 0 0 0 0 0 0 0 0 0 0 0 0 0 0 0 0 0 0 0 0 0 3 0 0 4 0 0 0 5 0 19 40 0 5 0 13 0
5 0 6 5 0 0 0 0 0 0 0 0 0 0 0 0 0 0 0 0 0 0 0 0 0 0 0 0 10 0 0 3 1 0 31 51 0 0 0 28 0
0 5 2 0 0 0 1 36 0 0 0 0 0 20 0 0 0 0 0 0 0 0 10 0 0 0 0 0 14 32 0 48 0 0 24 41 0 0 0 44 7
0 0 9 4 0 0 0 0 0 0 0 0 0 0 0 0 0 0 0 0 0 0 0 0 0 0 0 0 11 0 0 8 0 0 33 51 0 0 0 33 0
0 0 11 0 0 0 0 10 0 0 0 0 0 0 0 0 0 0 0 1 0 0 1 0 0 0 0 0 15 12 0 18 0 0 41 54 0 0 0 43 0
0 0 10 5 0 0 0 0 0 0 0 0 0 0 0 0 0 0 0 0 0 0 0 0 0 0 0 0 12 2 0 7 0 0 36 52 0 0 0 35 0
0 3 2 0 0 0 1 33 0 0 0 0 0 15 0 0 0 0 0 0 0 0 8 0 0 0 0 0 14 29 0 42 0 0 28 44 0 0 0 45 6
0 1 4 0 0 0 0 30 0 0 0 0 0 13 0 0 0 0 0 0 0 0 8 0 0 0 0 0 15 26 0 40 0 0 28 43 0 0 0 44 5
0 0 4 0 0 0 0 28 0 0 0 0 0 12 0 0 0 0 0 0 0 0 8 0 0 0 0 0 15 24 0 38 0 0 30 44 0 0 0 45 4
0 3 2 0 0 0 1 31 0 0 0 0 0 14 0 0 0 0 0 0 0 0 9 0 0 0 0 0 14 27 0 43 0 0 27 43 0 0 0 44 5
13 0 0 1 0 0 0 0 0 0 0 0 0 0 0 0 0 0 0 0 0 0 0 0 0 3 0 0 2 0 0 0 6 0 15 37 0 7 0 9 0
18 0 0 0 0 0 0 0 0 0 0 0 0 0 0 0 0 0 0 0 0 0 0 0 0 6 0 0 0 0 0 0 10 0 3 36 0 13 0 1 0
0 0 10 0 0 0 0 16 0 0 0 0 0 3 0 0 0 0 0 0 0 0 4 0 0 0 0 0 16 15 0 27 0 0 39 50 0 0 0 47 0
0 0 7 0 0 0 0 25 0 0 0 0 0 9 0 0 0 0 0 0 0 0 7 0 0 0 0 0 16 24 0 37 0 0 36 51 0 0 0 49 3
0 0 10 4 0 0 0 0 0 0 0 0 0 0 0 0 0 0 0 0 0 0 0 0 0 0 0 0 11 0 0 8 0 0 33 51 0 0 0 34 0
11 0 0 3 0 0 0 0 0 0 0 0 0 0 0 0 0 0 0 0 0 0 0 0 0 3 0 0 4 0 0 0 5 0 18 40 0 5 0 13 0
20 0 0 0 0 0 0 0 0 0 0 0 0 0 0 0 0 0 0 0 0 0 0 0 0 6 0 0 0 0 0 0 11 0 1 35 0 14 0 0 0
0 0 8 0 0 0 0 19 0 0 0 0 0 5 0 0 0 0 0 0 0 0 5 0 0 0 0 0 16 18 0 30 0 0 40 51 0 0 0 48 0
4 0 7 5 0 0 0 0 0 0 0 0 0 0 0 0 0 0 0 0 0 0 0 0 0 0 0 0 10 0 0 4 1 0 31 51 0 0 0 29 0
0 7 0 0 0 0 1 39 0 0 0 0 0 23 0 0 0 0 0 0 0 0 10 0 0 0 0 0 13 36 0 53 0 0 23 46 0 0 0 48 10
0 2 4 0 0 0 0 31 0 0 0 0 0 14 0 0 0 0 0 0 0 0 8 0 0 0 0 0 15 27 0 41 0 0 27 42 0 0 0 43 6
25 0 0 0 0 0 0 0 0 0 0 0 0 0 0 0 0 0 0 0 0 0 0 0 0 6 0 0 0 0 0 3 16 0 0 42 0 18 0 0 0
2 0 8 6 0 0 0 0 0 0 0 0 0 0 0 0 0 0 0 0 0 0 0 0 0 0 0 0 10 0 0 5 0 0 33 51 0 0 0 32 0
0 1 3 0 0 0 0 29 0 0 0 0 0 12 0 0 0 0 0 0 0 0 8 0 0 0 0 0 15 26 0 41 0 0 30 45 0 0 0 46 4
0 0 4 0 0 0 0 28 0 0 0 0 0 11 0 0 0 0 0 0 0 0 7 0 0 0 0 0 16 25 0 38 0 0 31 46 0 0 0 47 4
0 6 1 0 0 0 1 37 0 0 0 0 0 21 0 0 0 0 0 0 0 0 9 0 0 0 0 0 13 35 0 49 0 0 24 45 0 0 0 47 10
0 6 1 0 0 0 1 38 0 0 0 0 0 22 0 0 0 0 0 0 0 0 9 0 0 0 0 0 13 35 0 51 0 0 23 44 0 0 0 46 9
0 9 0 0 0 0 2 41 0 0 0 0 0 25 0 0 0 0 0 0 0 0 11 0 0 0 0 0 12 38 0 57 0 0 22 47 0 0 0 49 11
0 0 12 2 0 0 0 7 0 0 0 0 0 0 0 0 0 0 0 0 0 0 2 0 0 0 0 0 14 8 0 16 0 0 36 50 0 0 0 39 0
0 0 11 4 0 0 0 0 0 0 0 0 0 0 0 0 0 0 0 0 0 0 0 0 0 0 0 0 12 2 0 8 0 0 34 51 0 0 0 35 0
9 0 3 4 0 0 0 0 0 0 0 0 0 0 0 0 0 0 0 0 0 0 0 0 0 1 0 0 9 0 0 3 2 0 30 50 0 0 0 25 0
0 5 2 0 0 0 2 36 0 0 0 0 0 19 0 0 0 0 0 0 0 0 9 0 0 0 0 0 13 32 0 47 0 0 23 42 0 0 0 45 8
0 7 0 0 0 0 1 39 0 0 0 0 0 22 0 0 0 0 0 0 0 0 10 0 0 0 0 0 13 35 0 53 0 0 23 44 0 0 0 47 9
0 0 10 5 0 0 0 0 0 0 0 0 0 0 0 0 0 0 0 0 0 0 0 0 0 0 0 0 11 0 0 6 0 0 32 50 0 0 0 33 0
0 3 3 0 0 0 0 32 0 0 0 0 0 14 0 0 0 0 0 0 0 0 9 0 0 0 0 0 14 28 0 42 0 0 28 44 0 0 0 45 5
0 0 12 3 0 0 0 3 0 0 0 0 0 0 0 0 0 0 0 0 0 0 1 0 0 0 0 0 14 6 0 13 0 0 37 51 0 0 0 39 0
0 6 1 0 0 0 1 38 0 0 0 0 0 21 0 0 0 0 0 0 0 0 10 0 0 0 0 0 13 34 0 50 0 0 23 42 0 0 0 46 9
0 0 7 0 0 0 0 24 0 0 0 0 0 8 0 0 0 0 0 0 0 0 6 0 0 0 0 0 16 22 0 35 0 0 37 51 0 0 0 49 3
0 0 7 0 0 0 0 22 0 0 0 0 0 7 0 0 0 0 0 0 0 0 4 0 0 0 0 0 17 21 0 32 0 0 44 55 0 0 0 51 1
0 0 9 0 0 0 0 19 0 0 0 0 0 5 0 0 0 0 0 0 0 0 4 0 0 0 0 0 16 18 0 29 0 0 40 50 0 0 0 48 1
22 0 0 0 0 0 0 0 0 0 0 0 0 0 0 0 0 0 0 0 0 0 0 0 0 6 0 0 0 0 0 1 13 0 0 39 0 16 0 0 0
0 10 0 0 0 1 2 42 0 0 0 0 0 27 0 0 0 0 0 0 0 0 9 0 0 0 0 0 11 41 0 58 0 0 21 50 0 0 0 52 15
0 0 9 0 0 0 0 17 0 0 0 0 0 4 0 0 0 0 0 0 0 0 3 0 0 0 0 0 17 16 0 27 0 0 43 54 0 0 0 50 0
22 0 0 0 0 0 0 0 0 0 0 0 0 0 0 0 0 0 0 0 0 0 0 0 0 6 0 0 0 0 0 1 13 0 0 39 0 15 0 0 0
0 0 10 5 0 0 0 0 0 0 0 0 0 0 0 0 0 0 0 0 0 0 0 0 0 0 0 0 12 1 0 8 0 0 37 53 0 0 0 37 0
0 4 2 0 0 0 1 35 0 0 0 0 0 18 0 0 0 0 0 0 0 0 9 0 0 0 0 0 14 31 0 46 0 0 25 43 0 0 0 46 8
0 0 9 0 0 0 0 20 0 0 0 0 0 6 0 0 0 0 0 0 0 0 5 0 0 0 0 0 16 19 0 30 0 0 39 51 0 0 0 47 1
0 2 3 0 0 0 0 31 0 0 0 0 0 14 0 0 0 0 0 0 0 0 8 0 0 0 0 0 15 27 0 41 0 0 27 43 0 0 0 45 6
0 0 10 0 0 0 0 15 0 0 0 0 0 3 0 0 0 0 0 0 0 0 4 0 0 0 0 0 16 15 0 25 0 0 41 52 0 0 0 47 0
0 0 8 0 0 0 0 23 0 0 0 0 0 7 0 0 0 0 0 0 0 0 5 0 0 0 0 0 17 20 0 31 0 0 37 48 0 0 0 46 2
0 3 3 0 0 0 0 32 0 0 0 0 0 15 0 0 0 0 0 0 0 0 8 0 0 0 0 0 15 29 0 42 0 0 27 44 0 0 0 46 6
6 0 4 4 0 0 0 0 0 0 0 0 0 0 0 0 0 0 0 0 0 0 0 0 0 0 0 0 8 0 0 3 2 0 30 49 0 0 0 26 0
24 0 0 0 0 0 0 0 0 0 0 0 0 0 0 0 0 0 0 0 0 0 0 0 0 7 0 0 0 0 0 1 15 0 0 41 0 17 0 0 0
0 0 9 0 0 0 0 21 0 0 0 0 0 7 0 0 0 0 0 0 0 0 5 0 0 0 0 0 16 19 0 31 0 0 36 48 0 0 0 45 2
0 0 12 0 0 0 0 12 0 0 0 0 0 1 0 0 0 0 0 0 0 0 3 0 0 0 0 0 15 13 0 22 0 0 39 50 0 0 0 44 0
25 0 0 0 0 0 0 0 0 0 0 0 0 0 0 0 0 0 0 0 0 0 0 0 0 6 0 0 0 0 0 3 17 0 0 43 0 17 0 0 0
0 2 3 0 0 0 0 31 0 0 0 0 0 14 0 0 0 0 0 0 0 0 8 0 0 0 0 0 15 27 0 41 0 0 27 43 0 0 0 45 5
0 5 2 0 0 0 1 36 0 0 0 0 0 20 0 0 0 0 0 0 0 0 10 0 0 0 0 0 13 32 0 48 0 0 23 42 0 0 0 44 7
0 0 12 4 0 0 0 1 0 0 0 0 0 0 0 0 0 0 0 0 0 0 0 0 0 0 0 0 13 4 0 11 0 0 36 51 0 0 0 38 0
0 0 11 4 0 0 0 0 0 0 0 0 0 0 0 0 0 0 0 0 0 0 0 0 0 0 0 0 12 3 0 9 0 0 33 49 0 0 0 35 0
0 0 9 0 0 0 0 21 0 0 0 0 0 6 0 0 0 0 0 0 0 0 5 0 0 0 0 0 16 19 0 31 0 0 37 50 0 0 0 47 1
0 0 5 0 0 0 0 29 0 0 0 0 0 12 0 0 0 0 0 0 0 0 7 0 0 0 0 0 16 25 0 38 0 0 29 44 0 0 0 45 4
2 0 9 5 0 0 0 0 0 0 0 0 0 0 0 0 0 0 0 0 0 0 0 0 0 0 0 0 11 0 0 6 0 0 34 53 0 0 0 33 0
0 0 11 0 0 0 0 13 0 0 0 0 0 2 0 0 0 0 0 0 0 0 3 0 0 0 0 0 16 14 0 23 0 0 40 52 0 0 0 46 0
0 7 0 0 0 0 1 39 0 0 0 0 0 23 0 0 0 0 0 0 0 0 10 0 0 0 0 0 13 36 0 52 0 0 23 44 0 0 0 48 10
0 0 9 5 0 0 0 0 0 0 0 0 0 0 0 0 0 0 0 0 0 0 0 0 0 0 0 0 11 0 0 6 0 0 35 53 0 0 0 34 0
0 0 11 5 0 0 0 0 0 0 0 0 0 0 0 0 0 0 0 0 0 0 0 0 0 0 0 0 13 3 0 9 0 0 37 52 0 0 0 37 0
11 0 0 2 0 0 0 0 0 0 0 0 0 0 0 0 0 0 0 0 0 0 0 0 0 3 0 0 3 0 0 0 5 0 17 41 0 6 0 13 0
0 0 11 0 0 0 0 13 0 0 0 0 0 2 0 0 0 0 0 0 0 0 3 0 0 0 0 0 15 13 0 23 0 0 41 52 0 0 0 46 0
0 0 11 3 0 0 0 0 0 0 0 0 0 0 0 0 0 0 0 0 0 0 1 0 0 0 0 0 12 3 0 10 0 0 32 48 0 0 0 34 0
0 0 10 4 0 0 0 0 0 0 0 0 0 0 0 0 0 0 0 0 0 0 0 0 0 0 0 0 10 0 0 9 0 0 30 49 0 0 0 33 0
0 2 3 0 0 0 0 32 0 0 0 0 0 15 0 0 0 0 0 0 0 0 9 0 0 0 0 0 15 28 0 42 0 0 29 45 0 0 0 46 5
25 0 0 0 0 0 0 0 0 0 0 0 0 0 0 0 0 0 0 0 0 0 3 0 0 6 0 0 0 0 0 5 18 0 0 42 0 18 0 0 0
22 0 0 0 0 0 0 0 0 0 0 0 0 0 0 0 0 0 0 0 0 0 0 0 0 6 0 0 0 0 0 2 14 0 0 40 0 16 0 0 0
0 1 5 0 0 0 0 29 0 0 0 0 0 12 0 0 0 0 0 0 0 0 7 0 0 0 0 0 15 25 0 39 0 0 30 44 0 0 0 45 5
0 8 0 0 0 0 1 41 0 0 0 0 0 25 0 0 0 0 0 0 0 0 10 0 0 0 0 0 13 38 0 56 0 0 24 48 0 0 0 50 12
0 0 10 0 0 0 0 18 0 0 0 0 0 4 0 0 0 0 0 0 0 0 4 0 0 0 0 0 16 16 0 28 0 0 38 49 0 0 0 46 1
1 0 10 5 0 0 0 0 0 0 0 0 0 0 0 0 0 0 0 0 0 0 0 0 0 0 0 0 12 1 0 7 0 0 37 53 0 0 0 36 0
23 0 0 0 0 0 0 0 0 0 0 0 0 0 0 0 0 0 0 0 0 0 0 0 0 6 0 0 0 0 0 2 14 0 0 39 0 17 0 0 0
0 4 2 0 0 0 1 34 0 0 0 0 0 16 0 0 0 0 0 0 0 0 9 0 0 0 0 0 14 29 0 43 0 0 24 41 0 0 0 44 7
0 5 1 0 0 0 2 37 0 0 0 0 0 20 0 0 0 0 0 0 0 0 9 0 0 0 0 0 13 34 0 49 0 0 24 45 0 0 0 46 9
19 0 0 0 0 0 0 0 0 0 0 0 0 0 0 0 0 0 0 0 0 0 0 0 0 6 0 0 0 0 0 1 10 0 1 35 0 14 0 0 0
24 0 0 0 0 0 0 0 0 0 0 0 0 0 0 0 0 0 0 0 0 0 1 0 0 7 0 0 0 0 0 2 18 0 0 44 0 17 0 0 0
0 0 5 0 0 0 0 28 0 0 0 0 0 11 0 0 0 0 0 0 0 0 7 0 0 0 0 0 16 24 0 37 0 0 33 47 0 0 0 47 4
0 0 7 0 0 0 0 22 0 0 0 0 0 7 0 0 0 0 0 0 0 0 4 0 0 0 0 0 17 19 0 31 0 0 38 49 0 0 0 47 3
0 0 12 0 0 0 0 9 0 0 0 0 0 0 0 0 0 0 0 0 0 0 2 0 0 0 0 0 15 10 0 18 0 0 38 50 0 0 0 42 0
0 0 9 5 0 0 0 0 0 0 0 0 0 0 0 0 0 0 0 0 0 0 0 0 0 0 0 0 11 0 0 6 0 0 33 51 0 0 0 33 0
0 3 3 0 0 0 1 33 0 0 0 0 0 16 0 0 0 0 0 0 0 0 9 0 0 0 0 0 14 29 0 44 0 0 25 42 0 0 0 44 6
0 6 1 0 0 0 1 37 0 0 0 0 0 21 0 0 0 0 0 0 0 0 11 0 0 0 0 0 13 34 0 49 0 0 22 42 0 0 0 46 9
0 0 11 0 0 0 0 13 0 0 0 0 0 2 0 0 0 0 0 0 0 0 3 0 0 0 0 0 15 13 0 22 0 0 38 49 0 0 0 44 0
0 0 11 0 0 0 0 13 0 0 0 0 0 1 0 0 0 0 0 0 0 0 4 0 0 0 0 0 14 14 0 23 0 0 38 49 0 0 0 45 0
0 6 1 0 0 0 1 38 0 0 0 0 0 21 0 0 0 0 0 0 0 0 10 0 0 0 0 0 14 34 0 49 0 0 24 43 0 0 0 47 8
0 0 6 0 0 0 0 26 0 0 0 0 0 10 0 0 0 0 0 0 0 0 6 0 0 0 0 0 16 23 0 36 0 0 35 48 0 0 0 48 3
0 2 3 0 0 0 0 32 0 0 0 0 0 14 0 0 0 0 0 0 0 0 8 0 0 0 0 0 15 29 0 42 0 0 33 50 0 0 0 51 5
0 7 0 0 0 0 1 40 0 0 0 0 0 24 0 0 0 0 0 0 0 0 10 0 0 0 0 0 13 37 0 54 0 0 24 47 0 0 0 49 11
0 3 3 0 0 0 0 32 0 0 0 0 0 15 0 0 0 0 0 0 0 0 9 0 0 0 0 0 14 28 0 43 0 0 25 42 0 0 0 43 6
2 0 7 6 0 0 0 0 0 0 0 0 0 0 0 0 0 0 0 0 0 0 0 0 0 0 0 0 9 0 0 4 1 0 31 51 0 0 0 30 0
3 0 7 6 0 0 0 0 0 0 0 0 0 0 0 0 0 0 0 0 0 0 0 0 0 0 0 0 9 0 0 4 1 0 31 51 0 0 0 30 0
0 2 2 0 0 0 1 31 0 0 0 0 0 14 0 0 0 0 0 0 0 0 8 0 0 0 0 0 15 27 0 41 0 0 27 42 0 0 0 44 5
15 0 0 0 0 0 0 0 0 0 0 0 0 0 0 0 0 0 0 0 0 0 0 0 0 4 0 0 1 0 0 0 7 0 8 35 0 10 0 4 0
0 0 10 0 0 0 0 17 0 0 0 0 0 4 0 0 0 0 0 0 0 0 5 0 0 0 0 0 15 16 0 28 0 0 37 48 0 0 0 45 0
0 0 10 0 0 0 0 16 0 0 0 0 0 3 0 0 0 0 0 0 0 0 5 0 0 0 0 0 15 15 0 26 0 0 38 50 0 0 0 46 0
26 0 0 0 0 0 0 0 0 0 0 0 0 0 0 0 0 0 0 0 0 0 1 0 0 7 0 0 0 0 0 1 22 0 0 48 0 19 0 0 0
0 0 9 0 0 0 0 21 0 0 0 0 0 6 0 0 0 0 0 0 0 0 5 0 0 0 0 0 16 19 0 32 0 0 38 51 0 0 0 48 2
0 0 11 0 0 0 0 15 0 0 0 0 0 3 0 0 0 0 0 0 0 0 4 0 0 0 0 0 15 15 0 26 0 0 40 51 0 0 0 47 0
28 0 0 0 0 0 0 0 0 0 0 0 0 0 0 0 0 0 0 0 0 0 2 0 0 7 0 0 0 0 0 3 25 0 0 52 0 19 0 0 0
0 3 1 0 0 0 1 32 0 0 0 0 0 15 0 0 0 0 0 0 0 0 9 0 0 0 0 0 15 29 0 43 0 0 30 47 0 0 0 47 5
0 4 1 0 0 0 1 34 0 0 0 0 0 17 0 0 0 0 0 0 0 0 10 0 0 0 0 0 14 31 0 44 0 0 28 46 0 0 0 47 6
0 4 2 0 0 0 1 34 0 0 0 0 0 16 0 0 0 0 0 0 0 0 9 0 0 0 0 0 14 30 0 44 0 0 26 43 0 0 0 45 7
17 0 0 0 0 0 0 0 0 0 0 0 0 0 0 0 0 0 0 0 0 0 0 0 0 5 0 0 0 0 0 0 10 0 2 34 0 13 0 0 0
1 12 0 0 0 1 3 47 0 0 0 0 0 31 0 0 0 0 0 1 0 0 9 0 0 0 0 0 11 45 0 63 0 0 22 52 0 0 0 56 18
0 5 1 0 0 0 1 37 0 0 0 0 0 19 0 0 0 0 0 0 0 0 10 0 0 0 0 0 14 33 0 49 0 0 25 44 0 0 0 47 7
0 7 1 0 0 0 1 38 0 0 0 0 0 22 0 0 0 0 0 0 0 0 9 0 0 0 0 0 12 35 0 51 0 0 23 44 0 0 0 47 10
0 0 10 4 0 0 0 0 0 0 0 0 0 0 0 0 0 0 0 0 0 0 0 0 0 0 0 0 12 3 0 9 0 0 34 50 0 0 0 35 0
0 0 8 0 0 0 0 23 0 0 0 0 0 8 0 0 0 0 0 0 0 0 5 0 0 0 0 0 17 21 0 33 0 0 38 51 0 0 0 48 2
9 0 2 5 0 0 0 0 0 0 0 0 0 0 0 0 0 0 0 0 0 0 0 0 0 1 0 0 7 0 0 0 3 0 26 47 0 2 0 21 0
0 0 6 0 0 0 0 26 0 0 0 0 0 10 0 0 0 0 0 0 0 0 7 0 0 0 0 0 16 23 0 37 0 0 32 45 0 0 0 45 3
25 0 0 0 0 0 0 0 0 0 0 0 0 0 0 0 0 0 0 0 0 0 0 0 0 6 0 0 0 0 0 1 17 0 0 42 0 18 0 0 0
0 0 6 0 0 0 0 27 0 0 0 0 0 10 0 0 0 0 0 0 0 0 7 0 0 0 0 0 16 25 0 38 0 0 36 51 0 0 0 51 4
24 0 0 0 0 0 0 0 0 0 0 0 0 0 0 0 0 0 0 0 0 0 1 0 0 6 0 0 0 0 0 3 16 0 0 41 0 17 0 0 0
24 0 0 0 0 0 0 0 0 0 0 0 0 0 0 0 0 0 0 0 0 0 1 0 0 6 0 0 0 0 0 3 15 0 0 41 0 17 0 0 0
1 0 10 5 0 0 0 0 0 0 0 0 0 0 0 0 0 0 0 0 0 0 0 0 0 0 0 0 12 1 0 7 0 0 34 51 0 0 0 34 0
0 0 10 0 0 0 0 15 0 0 0 0 0 3 0 0 0 0 0 0 0 0 3 0 0 0 0 0 16 15 0 24 0 0 41 54 0 0 0 45 1
0 4 1 0 0 0 1 36 0 0 0 0 0 18 0 0 0 0 0 0 0 0 9 0 0 0 0 0 14 32 0 47 0 0 27 46 0 0 0 47 8
0 5 2 0 0 0 1 35 0 0 0 0 0 18 0 0 0 0 0 0 0 0 10 0 0 0 0 0 13 31 0 47 0 0 23 41 0 0 0 43 6
0 0 12 0 0 0 0 12 0 0 0 0 0 1 0 0 0 0 0 0 0 0 2 0 0 0 0 0 15 12 0 22 0 0 41 52 0 0 0 47 0
5 0 5 5 0 0 0 0 0 0 0 0 0 0 0 0 0 0 0 1 0 0 0 0 0 0 0 0 10 0 0 3 1 0 32 50 0 0 0 28 0
19 0 0 0 0 0 0 0 0 0 0 0 0 0 0 0 0 0 0 0 0 0 0 0 0 6 0 0 0 0 0 1 10 0 1 34 0 14 0 0 0
0 10 0 0 0 0 2 43 0 0 0 0 0 27 0 0 0 0 0 0 0 0 10 0 0 0 0 0 12 41 0 59 0 0 22 49 0 0 0 52 14
0 3 2 0 0 0 1 34 0 0 0 0 0 16 0 0 0 0 0 0 0 0 9 0 0 0 0 0 14 30 0 44 0 0 27 45 0 0 0 47 7
0 5 1 0 0 0 2 36 0 0 0 0 0 19 0 0 0 0 0 0 0 0 10 0 0 0 0 0 14 33 0 49 0 0 27 45 0 0 0 47 7
0 0 9 0 0 0 0 21 0 0 0 0 0 6 0 0 0 0 0 0 0 0 6 0 0 0 0 0 15 19 0 31 0 0 34 47 0 0 0 45 2
0 6 1 0 0 0 1 38 0 0 0 0 0 22 0 0 0 0 0 0 0 0 9 0 0 0 0 0 13 35 0 52 0 0 24 46 0 0 0 48 10
0 0 11 2 0 0 0 1 0 0 0 0 0 0 0 0 0 0 0 0 0 0 1 0 0 0 0 0 12 5 0 12 0 0 35 50 0 0 0 37 0
0 0 9 0 0 0 0 21 0 0 0 0 0 6 0 0 0 0 0 0 0 0 4 0 0 0 0 0 17 20 0 31 0 0 42 54 0 0 0 50 2
0 0 6 0 0 0 0 27 0 0 0 0 0 11 0 0 0 0 0 0 0 0 7 0 0 0 0 0 16 24 0 37 0 0 32 46 0 0 0 46 4
0 0 12 1 0 0 0 7 0 0 0 0 0 0 0 0 0 0 0 0 0 0 2 0 0 0 0 0 14 8 0 17 0 0 37 50 0 0 0 41 0
0 0 11 0 0 0 0 12 0 0 0 0 0 2 0 0 0 0 0 0 0 0 2 0 0 0 0 0 16 13 0 21 0 0 40 52 0 0 0 44 0
24 0 0 0 0 0 0 0 0 0 0 0 0 0 0 0 0 0 0 0 0 0 0 0 0 6 0 0 0 0 0 2 15 0 0 41 0 17 0 0 0
0 0 11 0 0 0 0 15 0 0 0 0 0 3 0 0 0 0 0 0 0 0 4 0 0 0 0 0 15 15 0 26 0 0 38 50 0 0 0 45 0
0 2 4 0 0 0 0 31 0 0 0 0 0 14 0 0 0 0 0 0 0 0 8 0 0 0 0 0 15 27 0 40 0 0 28 44 0 0 0 45 6
0 8 0 0 0 0 2 40 0 0 0 0 0 25 0 0 0 0 0 0 0 0 9 0 0 0 0 0 12 39 0 56 0 0 23 49 0 0 0 50 13
1 0 10 5 0 0 0 0 0 0 0 0 0 0 0 0 0 0 0 1 0 0 0 0 0 0 0 0 13 2 0 8 0 0 38 55 0 0 0 37 0
0 0 11 3 0 0 0 0 0 0 0 0 0 0 0 0 0 0 0 0 0 0 0 0 0 0 0 0 12 4 0 10 0 0 35 51 0 0 0 37 0
0 0 13 1 0 0 0 4 0 0 0 0 0 0 0 0 0 0 0 0 0 0 2 0 0 0 0 0 13 7 0 15 0 0 34 49 0 0 0 38 0
8 0 2 4 0 0 0 0 0 0 0 0 0 0 0 0 0 0 0 0 0 0 0 0 0 1 0 0 7 0 0 1 3 0 26 46 0 1 0 21 0
0 8 0 0 0 0 1 40 0 0 0 0 0 24 0 0 0 0 0 0 0 0 10 0 0 0 0 0 13 37 0 56 0 0 23 48 0 0 0 49 12
5 0 6 5 0 0 0 0 0 0 0 0 0 0 0 0 0 0 0 0 0 0 0 0 0 0 0 0 9 0 0 2 2 0 31 52 0 0 0 29 0
0 0 11 0 0 0 0 14 0 0 0 0 0 3 0 0 0 0 0 0 0 0 4 0 0 0 0 0 15 14 0 25 0 0 37 49 0 0 0 44 0
0 0 10 0 0 0 0 19 0 0 0 0 0 5 0 0 0 0 0 0 0 0 4 0 0 0 0 0 16 18 0 29 0 0 41 53 0 0 0 49 1
0 0 10 0 0 0 0 17 0 0 0 0 0 3 0 0 0 0 0 0 0 0 3 0 0 0 0 0 16 17 0 27 0 0 43 55 0 0 0 50 1
0 6 2 0 0 0 1 37 0 0 0 0 0 21 0 0 0 0 0 0 0 0 10 0 0 0 0 0 14 32 0 48 0 0 23 41 0 0 0 44 8
7 0 3 5 0 0 0 0 0 0 0 0 0 0 0 0 0 0 0 0 0 0 0 0 0 1 0 0 7 0 0 0 2 0 26 48 0 1 0 23 0
0 0 8 0 0 0 0 22 0 0 0 0 0 7 0 0 0 0 0 0 0 0 5 0 0 0 0 0 17 21 0 33 0 0 43 56 0 0 0 51 2
0 0 8 0 0 0 0 22 0 0 0 0 0 7 0 0 0 0 0 0 0 0 5 0 0 0 0 0 16 20 0 32 0 0 39 50 0 0 0 48 1
0 14 0 0 0 1 3 49 0 0 0 0 0 33 0 0 0 0 0 1 0 0 10 0 0 0 0 0 11 46 0 64 0 0 18 50 0 0 0 56 20
0 1 4 0 0 0 0 28 0 0 0 0 0 11 0 0 0 0 0 0 0 0 8 0 0 0 0 0 16 26 0 40 0 0 35 50 0 0 0 48 4
0 2 2 0 0 0 1 31 0 0 0 0 0 14 0 0 0 0 0 0 0 0 9 0 0 0 0 0 15 28 0 43 0 0 29 47 0 0 0 47 5
20 0 0 0 0 0 0 0 0 0 0 0 0 0 0 0 0 0 0 0 0 0 0 0 0 6 0 0 0 0 0 0 11 0 1 36 0 14 0 0 0
14 0 0 0 0 0 0 0 0 0 0 0 0 0 0 0 0 0 0 0 0 0 0 0 0 4 0 0 2 0 0 0 6 0 11 36 0 9 0 7 0
24 0 0 0 0 0 0 0 0 0 0 0 0 0 0 0 0 0 0 0 0 0 1 0 0 6 0 0 0 0 0 3 18 0 0 42 0 18 0 0 0
0 1 4 0 0 0 0 30 0 0 0 0 0 13 0 0 0 0 0 0 0 0 8 0 0 0 0 0 15 27 0 41 0 0 28 44 0 0 0 45 5
0 3 2 0 0 0 1 33 0 0 0 0 0 16 0 0 0 0 0 0 0 0 9 0 0 0 0 0 14 29 0 43 0 0 27 44 0 0 0 45 6
0 0 10 0 0 0 0 17 0 0 0 0 0 4 0 0 0 0 0 0 0 0 4 0 0 0 0 0 16 17 0 26 0 0 41 53 0 0 0 47 1
25 0 0 0 0 0 0 0 0 0 0 0 0 0 0 0 0 0 0 0 0 0 0 0 0 6 0 0 0 0 0 3 16 0 0 42 0 18 0 0 0
4 0 7 5 0 0 0 0 0 0 0 0 0 0 0 0 0 0 0 0 0 0 0 0 0 0 0 0 9 0 0 3 2 0 31 52 0 0 0 30 0
0 9 0 0 0 0 2 41 0 0 0 0 0 25 0 0 0 0 0 0 0 0 10 0 0 0 0 0 12 39 0 57 0 0 23 49 0 0 0 51 12
0 7 0 0 0 0 2 38 0 0 0 0 0 22 0 0 0 0 0 0 0 0 10 0 0 0 0 0 13 35 0 52 0 0 24 46 0 0 0 48 9
0 0 9 0 0 0 0 22 0 0 0 0 0 6 0 0 0 0 0 0 0 0 6 0 0 0 0 0 16 19 0 32 0 0 36 48 0 0 0 46 1
0 0 9 0 0 0 0 17 0 0 0 0 0 4 0 0 0 0 0 0 0 0 3 0 0 0 0 0 16 17 0 27 0 0 43 54 0 0 0 49 0
0 0 8 0 0 0 0 22 0 0 0 0 0 7 0 0 0 0 0 0 0 0 5 0 0 0 0 0 16 20 0 31 0 0 38 49 0 0 0 47 2
0 4 2 0 0 0 1 35 0 0 0 0 0 18 0 0 0 0 0 0 0 0 10 0 0 0 0 0 14 31 0 46 0 0 24 41 0 0 0 44 7
26 0 0 0 0 0 0 0 0 0 0 0 0 0 0 0 0 0 0 0 0 0 0 0 0 7 0 0 0 0 0 0 20 0 0 45 0 19 0 0 0
0 0 10 5 0 0 0 0 0 0 0 0 0 0 0 0 0 0 0 1 0 0 0 0 0 0 0 0 13 3 0 8 0 0 40 55 0 0 0 39 0
0 4 1 0 0 0 1 34 0 0 0 0 0 16 0 0 0 0 0 0 0 0 10 0 0 0 0 0 14 31 0 46 0 0 27 45 0 0 0 47 6
0 5 1 0 0 0 1 35 0 0 0 0 0 19 0 0 0 0 0 0 0 0 9 0 0 0 0 0 13 32 0 47 0 0 24 44 0 0 0 45 8
0 5 1 0 0 0 1 36 0 0 0 0 0 19 0 0 0 0 0 0 0 0 10 0 0 0 0 0 14 32 0 48 0 0 24 42 0 0 0 45 8
11 0 0 2 0 0 0 0 0 0 0 0 0 0 0 0 0 0 0 0 0 0 0 0 0 3 0 0 4 0 0 0 5 0 17 40 0 6 0 13 0
11 0 1 3 0 0 0 0 0 0 0 0 0 0 0 0 0 0 0 0 0 0 0 0 0 2 0 0 5 0 0 0 4 0 21 44 0 4 0 17 0
0 0 12 1 0 0 0 8 0 0 0 0 0 0 0 0 0 0 0 0 0 0 2 0 0 0 0 0 15 9 0 17 0 0 39 51 0 0 0 42 0
0 5 1 0 0 0 1 36 0 0 0 0 0 20 0 0 0 0 0 0 0 0 11 0 0 0 0 0 13 33 0 49 0 0 24 43 0 0 0 45 7
0 0 10 0 0 0 0 15 0 0 0 0 0 3 0 0 0 0 0 0 0 0 3 0 0 0 0 0 16 15 0 25 0 0 41 52 0 0 0 47 0
0 1 3 0 0 0 0 30 0 0 0 0 0 13 0 0 0 0 0 0 0 0 7 0 0 0 0 0 16 27 0 40 0 0 32 47 0 0 0 47 5
0 0 10 0 0 0 0 18 0 0 0 0 0 4 0 0 0 0 0 0 0 0 4 0 0 0 0 0 16 17 0 28 0 0 40 52 0 0 0 48 1
8 0 3 5 0 0 0 0 0 0 0 0 0 0 0 0 0 0 0 0 0 0 0 0 0 1 0 0 8 0 0 1 3 0 28 49 0 0 0 24 0
3 0 8 5 0 0 0 0 0 0 0 0 0 0 0 0 0 0 0 0 0 0 0 0 0 0 0 0 11 0 0 5 0 0 34 52 0 0 0 32 0
12 0 0 2 0 0 0 0 0 0 0 0 0 0 0 0 0 0 0 0 0 0 0 0 0 3 0 0 4 0 0 0 4 0 20 41 0 5 0 14 0
0 2 3 0 0 0 0 31 0 0 0 0 0 13 0 0 0 0 0 0 0 0 8 0 0 0 0 0 15 27 0 42 0 0 31 47 0 0 0 48 5
1 0 10 4 0 0 0 0 0 0 0 0 0 0 0 0 0 0 0 0 0 0 0 0 0 0 0 0 13 2 0 8 0 0 36 53 0 0 0 35 0
0 4 2 0 0 0 1 34 0 0 0 0 0 17 0 0 0 0 0 0 0 0 10 0 0 0 0 0 14 30 0 45 0 0 25 42 0 0 0 45 6
8 0 1 4 0 0 0 0 0 0 0 0 0 0 0 0 0 0 0 0 0 0 0 0 0 1 0 0 5 0 0 0 3 0 23 45 0 2 0 19 0
0 7 0 0 0 0 1 38 0 0 0 0 0 22 0 0 0 0 0 0 0 0 11 0 0 0 0 0 13 34 0 50 0 0 22 41 0 0 0 45 8
0 0 8 0 0 0 0 24 0 0 0 0 0 8 0 0 0 0 0 0 0 0 6 0 0 0 0 0 16 23 0 35 0 0 37 51 0 0 0 49 3
0 0 10 0 0 0 0 17 0 0 0 0 0 4 0 0 0 0 0 0 0 0 4 0 0 0 0 0 16 16 0 28 0 0 39 50 0 0 0 47 0
0 4 2 0 0 0 1 35 0 0 0 0 0 18 0 0 0 0 0 0 0 0 10 0 0 0 0 0 14 31 0 46 0 0 24 42 0 0 0 45 7
0 7 0 0 0 0 1 39 0 0 0 0 0 23 0 0 0 0 0 0 0 0 10 0 0 0 0 0 12 37 0 53 0 0 23 47 0 0 0 49 11
3 0 7 4 0 0 0 0 0 0 0 0 0 0 0 0 0 0 0 0 0 0 0 0 0 0 0 0 10 0 0 5 0 0 29 49 0 0 0 28 0
0 0 6 0 0 0 0 26 0 0 0 0 0 10 0 0 0 0 0 0 0 0 7 0 0 0 0 0 16 23 0 36 0 0 31 45 0 0 0 45 4
0 4 2 0 0 0 1 35 0 0 0 0 0 18 0 0 0 0 0 0 0 0 9 0 0 0 0 0 13 31 0 46 0 0 24 42 0 0 0 45 8
0 0 11 0 0 0 0 14 0 0 0 0 0 3 0 0 0 0 0 0 0 0 4 0 0 0 0 0 15 14 0 25 0 0 36 48 0 0 0 43 0
0 4 3 0 0 0 1 34 0 0 0 0 0 17 0 0 0 0 0 0 0 0 8 0 0 0 0 0 13 31 0 44 0 0 24 42 0 0 0 43 7
0 0 10 0 0 0 0 14 0 0 0 0 0 2 0 0 0 0 0 0 0 0 4 0 0 0 0 0 15 14 0 24 0 0 39 52 0 0 0 45 0
30 0 0 0 0 0 0 0 0 0 0 0 0 0 0 0 0 0 0 0 0 0 5 0 0 7 0 0 0 0 0 5 31 0 0 59 0 21 0 0 0
26 0 0 0 0 0 0 0 0 0 0 0 0 0 0 0 0 0 0 0 0 0 1 0 0 7 0 0 0 0 0 2 22 0 0 48 0 19 0 0 0
2 0 8 5 0 0 0 0 0 0 0 0 0 0 0 0 0 0 0 0 0 0 0 0 0 0 0 0 9 0 0 4 1 0 29 50 0 0 0 29 0
0 0 8 0 0 0 0 22 0 0 0 0 0 7 0 0 0 0 0 0 0 0 5 0 0 0 0 0 17 20 0 31 0 0 40 51 0 0 0 48 2
0 0 13 1 0 0 0 5 0 0 0 0 0 0 0 0 0 0 0 0 0 0 2 0 0 0 0 0 14 8 0 15 0 0 38 52 0 0 0 41 0
0 0 11 0 0 0 0 13 0 0 0 0 0 2 0 0 0 0 0 0 0 0 4 0 0 0 0 0 15 13 0 23 0 0 36 48 0 0 0 42 0
24 0 0 0 0 0 0 0 0 0 0 0 0 0 0 0 0 0 0 0 0 0 0 0 0 6 0 0 0 0 0 2 17 0 0 42 0 17 0 0 0
0 2 3 0 0 0 0 31 0 0 0 0 0 14 0 0 0 0 0 0 0 0 8 0 0 0 0 0 15 28 0 42 0 0 27 43 0 0 0 45 6
0 0 11 0 0 0 0 12 0 0 0 0 0 1 0 0 0 0 0 0 0 0 3 0 0 0 0 0 15 12 0 21 0 0 40 51 0 0 0 44 0
0 9 0 0 0 0 1 41 0 0 0 0 0 26 0 0 0 0 0 0 0 0 10 0 0 0 0 0 12 39 0 57 0 0 21 47 0 0 0 50 14
10 0 0 3 0 0 0 0 0 0 0 0 0 0 0 0 0 0 0 0 0 0 0 0 0 2 0 0 4 0 0 0 4 0 20 44 0 5 0 16 0
0 0 11 0 0 0 0 16 0 0 0 0 0 3 0 0 0 0 0 0 0 0 5 0 0 0 0 0 15 15 0 26 0 0 34 45 0 0 0 42 1
0 0 12 0 0 0 0 10 0 0 0 0 0 0 0 0 0 0 0 0 0 0 3 0 0 0 0 0 15 11 0 20 0 0 37 50 0 0 0 42 0
0 0 10 0 0 0 0 19 0 0 0 0 0 5 0 0 0 0 0 0 0 0 5 0 0 0 0 0 16 18 0 29 0 0 39 52 0 0 0 47 1
3 0 7 5 0 0 0 0 0 0 0 0 0 0 0 0 0 0 0 0 0 0 0 0 0 0 0 0 9 0 0 4 1 0 29 50 0 0 0 29 0
1 0 9 5 0 0 0 0 0 0 0 0 0 0 0 0 0 0 0 0 0 0 0 0 0 0 0 0 10 0 0 6 0 0 31 51 0 0 0 32 0
0 0 5 0 0 0 0 28 0 0 0 0 0 11 0 0 0 0 0 0 0 0 8 0 0 0 0 0 15 26 0 39 0 0 33 49 0 0 0 48 4
0 4 2 0 0 0 1 34 0 0 0 0 0 18 0 0 0 0 0 0 0 0 10 0 0 0 0 0 14 30 0 46 0 0 25 42 0 0 0 44 6
0 2 3 0 0 0 0 32 0 0 0 0 0 15 0 0 0 0 0 0 0 0 9 0 0 0 0 0 15 28 0 42 0 0 28 44 0 0 0 46 5
6 0 6 5 0 0 0 0 0 0 0 0 0 0 0 0 0 0 0 0 0 0 0 0 0 0 0 0 9 0 0 3 2 0 30 51 0 0 0 28 0
0 0 7 0 0 0 0 24 0 0 0 0 0 8 0 0 0 0 0 0 0 0 6 0 0 0 0 0 17 22 0 34 0 0 38 51 0 0 0 49 2
0 0 8 0 0 0 0 24 0 0 0 0 0 8 0 0 0 0 0 0 0 0 7 0 0 0 0 0 16 22 0 34 0 0 36 50 0 0 0 48 2
2 0 9 5 0 0 0 0 0 0 0 0 0 0 0 0 0 0 0 0 0 0 0 0 0 0 0 0 11 0 0 5 0 0 32 52 0 0 0 32 0
0 3 2 0 0 0 0 34 0 0 0 0 0 17 0 0 0 0 0 0 0 0 9 0 0 0 0 0 15 31 0 45 0 0 29 46 0 0 0 48 6
18 0 0 0 0 0 0 0 0 0 0 0 0 0 0 0 0 0 0 0 0 0 0 0 0 5 0 0 0 0 0 0 9 0 5 34 0 12 0 1 0
0 0 11 5 0 0 0 0 0 0 0 0 0 0 0 0 0 0 0 0 0 0 0 0 0 0 0 0 12 2 0 8 0 0 35 51 0 0 0 35 0
0 1 4 0 0 0 0 30 0 0 0 0 0 12 0 0 0 0 0 0 0 0 7 0 0 0 0 0 16 26 0 40 0 0 33 47 0 0 0 48 4
0 0 6 0 0 0 0 26 0 0 0 0 0 9 0 0 0 0 0 0 0 0 7 0 0 0 0 0 16 23 0 37 0 0 36 50 0 0 0 49 3
0 6 1 0 0 0 1 38 0 0 0 0 0 21 0 0 0 0 0 0 0 0 10 0 0 0 0 0 13 35 0 50 0 0 23 43 0 0 0 46 9
0 1 4 0 0 0 0 29 0 0 0 0 0 13 0 0 0 0 0 0 0 0 8 0 0 0 0 0 16 25 0 40 0 0 29 43 0 0 0 44 5
3 0 7 5 0 0 0 0 0 0 0 0 0 0 0 0 0 0 0 0 0 0 0 0 0 0 0 0 9 0 0 4 1 0 29 49 0 0 0 28 0
27 0 0 0 0 0 0 0 0 0 0 0 0 0 0 0 0 0 0 0 0 0 2 0 0 7 0 0 0 0 0 2 24 0 0 50 0 19 0 0 0
23 0 0 0 0 0 0 0 0 0 0 0 0 0 0 0 0 0 0 0 0 0 0 0 0 6 0 0 0 0 0 2 14 0 0 37 0 17 0 0 0
0 0 13 3 0 0 0 2 0 0 0 0 0 0 0 0 0 0 0 0 0 0 1 0 0 0 0 0 13 5 0 13 0 0 35 50 0 0 0 38 0
0 0 12 2 0 0 0 6 0 0 0 0 0 0 0 0 0 0 0 0 0 0 1 0 0 0 0 0 14 8 0 15 0 0 38 51 0 0 0 41 0
0 0 10 0 0 0 0 14 0 0 0 0 0 2 0 0 0 0 0 1 0 0 1 0 0 0 0 0 16 15 0 22 0 0 45 58 0 0 0 49 0
3 0 9 5 0 0 0 0 0 0 0 0 0 0 0 0 0 0 0 0 0 0 0 0 0 0 0 0 12 0 0 7 0 0 35 53 0 0 0 33 0
0 0 11 5 0 0 0 0 0 0 0 0 0 0 0 0 0 0 0 0 0 0 0 0 0 0 0 0 12 0 0 7 0 0 33 51 0 0 0 34 0
0 0 12 3 0 0 0 1 0 0 0 0 0 0 0 0 0 0 0 0 0 0 1 0 0 0 0 0 13 5 0 12 0 0 36 52 0 0 0 39 0
0 3 2 0 0 0 0 33 0 0 0 0 0 16 0 0 0 0 0 0 0 0 9 0 0 0 0 0 14 29 0 44 0 0 26 42 0 0 0 45 6
25 0 0 0 0 0 0 0 0 0 0 0 0 0 0 0 0 0 0 0 0 0 1 0 0 7 0 0 0 0 0 3 19 0 0 43 0 18 0 0 0
0 0 13 2 0 0 0 3 0 0 0 0 0 0 0 0 0 0 0 0 0 0 1 0 0 0 0 0 14 6 0 13 0 0 38 52 0 0 0 40 0
0 7 1 0 0 0 1 38 0 0 0 0 0 22 0 0 0 0 0 0 0 0 9 0 0 0 0 0 13 35 0 51 0 0 24 44 0 0 0 46 9
19 0 0 0 0 0 0 0 0 0 0 0 0 0 0 0 0 0 0 0 0 0 0 0 0 6 0 0 0 0 0 0 10 0 5 38 0 14 0 1 0
0 0 10 0 0 0 0 17 0 0 0 0 0 4 0 0 0 0 0 0 0 0 4 0 0 0 0 0 15 17 0 28 0 0 39 52 0 0 0 46 0
1 0 9 5 0 0 0 0 0 0 0 0 0 0 0 0 0 0 0 0 0 0 0 0 0 0 0 0 11 0 0 6 0 0 33 50 0 0 0 33 0
2 0 9 5 0 0 0 0 0 0 0 0 0 0 0 0 0 0 0 0 0 0 0 0 0 0 0 0 12 0 0 7 0 0 34 51 0 0 0 33 0
12 0 0 2 0 0 0 0 0 0 0 0 0 0 0 0 0 0 0 0 0 0 0 0 0 3 0 0 2 0 0 0 5 0 15 38 0 7 0 10 0
