0 0 0 15 17 0 0 0 0 0 0 0 0 0 0 0 0 0 0 0 0 0 10 56 0 0 0 0 0 0 0 3 67 32 4 114 2 0 0 0 0
0 1 0 0 0 0 0 0 0 0 0 0 0 0 0 0 0 0 0 0 0 0 2 65 0 0 0 0 0 8 17 0 39 8 2 55 0 0 0 0 0
0 0 9 48 0 0 0 0 0 0 0 0 0 0 0 0 0 0 0 0 0 0 0 0 0 0 0 31 19 0 0 55 7 49 0 1 102 0 0 0 25
0 0 0 0 0 0 0 0 0 0 0 0 0 0 0 0 0 0 0 0 0 0 1 43 0 0 3 0 9 1 29 0 7 0 0 15 0 0 0 15 0
0 1 0 0 1 0 0 0 0 0 0 0 0 0 0 0 0 0 0 0 0 0 3 61 0 0 0 0 0 4 5 0 48 24 0 76 0 0 0 0 0
0 1 0 0 0 0 0 0 0 0 0 0 0 0 0 0 0 0 0 0 0 0 2 65 0 0 0 0 0 8 17 0 39 8 2 55 0 0 0 0 0
0 0 5 0 0 0 0 0 1 0 0 0 0 0 0 0 0 0 0 0 0 0 0 26 0 0 2 0 19 0 26 1 0 0 0 0 0 3 0 23 14
0 1 0 0 0 0 0 0 0 0 0 0 0 0 0 0 0 0 0 0 0 0 3 64 0 0 0 0 0 8 15 0 40 11 1 59 0 0 0 0 0
0 0 8 49 0 0 0 0 0 0 0 0 0 0 0 0 0 0 0 0 0 0 0 0 0 0 0 33 19 0 0 57 10 53 0 8 100 0 0 0 23
0 0 7 34 0 0 0 0 0 0 0 0 0 0 0 0 0 0 0 0 0 0 0 0 0 0 0 18 14 0 0 36 0 13 0 0 84 21 0 0 29
0 1 0 0 0 0 0 0 0 0 0 0 0 0 0 0 0 0 0 0 0 0 3 63 0 0 0 0 0 6 8 0 46 20 0 71 0 0 0 0 0
0 0 3 13 0 0 0 0 4 0 0 0 0 0 0 0 0 0 0 0 0 0 0 0 0 0 0 7 16 0 0 13 0 0 0 0 43 37 0 2 31
0 0 7 0 0 0 0 0 3 0 0 0 0 0 0 0 0 0 0 0 0 1 0 9 0 0 0 0 23 0 19 4 0 0 0 0 0 15 0 23 23
0 1 0 0 0 0 0 0 0 0 0 0 0 0 0 0 0 0 0 0 0 0 3 62 0 0 0 0 0 4 8 0 47 22 0 73 0 0 0 0 0
0 1 0 0 0 0 0 0 0 0 0 0 0 0 0 0 0 0 0 0 0 0 3 63 0 0 0 0 0 6 12 0 42 16 0 64 0 0 0 0 0
0 0 5 26 0 0 0 0 0 0 0 0 0 0 0 0 0 0 0 0 0 0 0 0 0 0 0 13 14 0 0 29 0 2 0 0 70 30 0 0 30
0 0 0 0 0 0 0 0 0 0 0 0 0 0 0 0 0 0 0 0 0 0 1 51 0 0 2 0 4 3 29 0 14 0 1 22 0 0 0 12 0
0 1 0 0 0 0 0 0 0 0 0 0 0 0 0 0 0 0 0 0 0 0 4 61 0 0 0 0 0 4 5 0 48 26 0 77 0 0 0 0 0
0 1 0 0 1 0 0 0 0 0 0 0 0 0 0 0 0 0 0 0 0 0 2 64 0 0 0 0 0 7 24 0 30 0 3 43 0 0 0 2 0
0 0 6 0 0 0 0 0 6 0 0 0 0 0 0 0 0 0 0 0 0 3 0 0 0 0 0 0 24 0 7 7 0 0 0 0 6 27 0 21 29
0 0 6 28 0 0 0 0 0 0 0 0 0 0 0 0 0 0 0 0 0 0 0 0 0 0 0 14 13 0 0 30 0 8 0 0 74 26 0 0 29
0 0 0 1 2 0 0 0 0 0 0 0 0 0 0 0 0 0 0 0 0 0 5 58 0 0 0 0 0 1 1 1 49 29 0 83 0 0 0 0 0
0 1 0 0 0 0 0 0 0 0 0 0 0 0 0 0 0 0 0 0 0 0 3 65 0 0 0 0 0 7 20 0 36 5 2 51 0 0 0 0 0
0 1 0 0 0 0 0 0 0 0 0 0 0 0 0 0 0 0 0 0 0 0 2 63 0 0 0 0 0 7 23 0 30 1 2 44 0 0 0 2 0
0 1 0 0 0 0 0 0 0 0 0 0 0 0 0 0 0 0 0 0 0 0 2 59 0 0 2 0 0 5 27 0 22 0 2 34 0 0 0 7 0
0 0 9 49 0 0 0 0 0 0 0 0 0 0 0 0 0 0 0 0 0 0 0 0 0 0 0 35 21 0 0 60 7 55 0 8 97 0 0 0 25
0 0 0 0 2 0 0 0 0 0 0 0 0 0 0 0 0 0 0 0 0 0 4 60 0 0 0 0 0 2 2 0 51 28 0 82 0 0 0 0 0
0 0 0 1 2 0 0 0 0 0 0 0 0 0 0 0 0 0 0 0 0 0 5 59 0 0 0 0 0 1 0 3 49 28 0 83 0 0 0 0 0
0 1 0 0 0 0 0 0 0 0 0 0 0 0 0 0 0 0 0 0 0 0 3 63 0 0 0 0 0 6 11 0 44 17 0 67 0 0 0 0 0
0 1 0 0 0 0 0 0 0 0 0 0 0 0 0 0 0 0 0 0 0 0 3 62 0 0 0 0 0 5 7 0 46 21 0 73 0 0 0 0 0
0 1 0 0 0 0 0 0 0 0 0 0 0 0 0 0 0 0 0 0 0 0 2 57 0 0 1 0 0 6 26 0 21 0 2 32 0 0 0 7 0
0 0 10 38 0 0 0 0 0 0 0 0 0 0 0 0 0 0 0 0 0 0 0 0 0 0 1 37 22 0 0 43 9 61 0 12 74 0 0 0 25
0 1 0 0 0 0 0 0 0 0 0 0 0 0 0 0 0 0 0 0 0 0 3 62 0 0 0 0 0 6 11 0 44 19 0 68 0 0 0 0 0
0 0 3 0 0 0 0 0 0 0 0 0 0 0 0 0 0 0 0 0 0 0 0 36 0 0 3 0 14 0 29 0 2 0 0 5 0 0 0 20 7
0 1 0 0 0 0 0 0 0 0 0 0 0 0 0 0 0 0 0 0 0 0 3 63 0 0 0 0 0 6 8 0 46 19 0 71 0 0 0 0 0
0 1 0 0 0 0 0 0 0 0 0 0 0 0 0 0 0 0 0 0 0 0 3 64 0 0 0 0 0 7 13 0 42 13 0 63 0 0 0 0 0
0 0 5 0 0 0 0 0 7 0 0 0 0 0 0 0 0 0 0 0 0 2 0 0 0 0 0 0 22 0 2 6 0 0 0 0 12 31 0 17 30
0 1 0 0 0 0 0 0 0 0 0 0 0 0 0 0 0 0 0 0 0 0 2 59 0 0 0 0 0 6 25 1 24 0 2 35 0 0 0 6 0
0 0 6 0 0 0 0 0 4 0 0 0 0 0 0 0 0 0 0 0 0 1 0 5 0 0 0 0 23 0 16 6 0 0 0 0 0 17 0 23 24
0 1 0 0 1 0 0 0 0 0 0 0 0 0 0 0 0 0 0 0 0 0 2 62 0 0 0 0 0 7 23 1 29 0 3 41 0 0 0 3 0
0 0 8 41 0 0 0 0 0 0 0 0 0 0 0 0 0 0 0 0 0 0 0 0 0 0 0 23 18 0 0 46 0 32 0 0 96 10 0 0 26
0 0 7 0 0 0 0 0 5 0 0 0 0 0 0 0 0 0 0 0 0 2 0 0 0 0 0 0 23 0 14 4 0 0 0 0 0 20 0 22 25
0 1 0 0 0 0 0 0 0 0 0 0 0 0 0 0 0 0 0 0 0 0 2 65 0 0 0 0 0 7 16 0 39 10 1 57 0 0 0 0 0
0 1 0 0 0 0 0 0 0 0 0 0 0 0 0 0 0 0 0 0 0 0 2 59 0 0 1 0 0 5 25 0 26 1 1 38 0 0 0 5 0
0 0 5 0 0 0 0 0 0 0 0 0 0 0 0 0 0 0 0 0 0 0 0 30 0 0 2 0 17 0 28 0 0 0 0 0 0 1 0 21 11
0 0 0 0 2 0 0 0 0 0 0 0 0 0 0 0 0 0 0 0 0 0 4 60 0 0 0 0 0 2 1 0 51 29 0 83 0 0 0 0 0
0 0 8 39 0 0 0 0 0 0 0 0 0 0 0 0 0 0 0 0 0 0 0 0 0 0 0 21 17 0 0 41 0 28 0 0 94 13 0 0 27
0 0 0 0 0 0 0 0 0 0 0 0 0 0 0 0 0 0 0 0 0 0 2 53 0 0 2 0 4 3 28 0 15 0 0 26 0 0 0 11 0
0 1 0 0 0 0 0 0 0 0 0 0 0 0 0 0 0 0 0 0 0 0 2 65 0 0 0 0 0 8 18 0 38 6 2 54 0 0 0 0 0
0 0 6 0 0 0 0 0 2 0 0 0 0 0 0 0 0 0 0 0 0 0 0 14 0 0 1 0 23 0 21 4 0 0 0 0 0 11 0 24 20
0 1 0 0 1 0 0 0 0 0 0 0 0 0 0 0 0 0 0 0 0 0 2 64 0 0 0 0 0 8 23 0 32 0 3 44 0 0 0 1 0
0 1 0 0 0 0 0 0 0 0 0 0 0 0 0 0 0 0 0 0 0 0 3 64 0 0 0 0 0 6 13 0 42 15 0 63 0 0 0 0 0
0 0 5 1 0 0 0 0 7 0 0 0 0 0 0 0 0 0 0 0 0 2 0 0 0 0 0 1 21 0 0 7 0 0 0 0 16 33 0 15 31
0 0 0 5 7 0 0 0 0 0 0 0 0 0 0 0 0 0 0 0 0 0 6 59 0 0 0 0 0 0 0 1 55 31 0 95 0 0 0 0 0
0 0 0 2 5 0 0 0 0 0 0 0 0 0 0 0 0 0 0 0 0 0 6 60 0 0 0 0 0 1 0 1 52 31 0 92 0 0 0 0 0
0 0 0 0 0 0 0 0 0 0 0 0 0 0 0 0 0 0 0 0 0 0 0 45 0 0 2 0 8 2 29 0 9 0 0 16 0 0 0 15 0
0 1 0 0 0 0 0 0 0 0 0 0 0 0 0 0 0 0 0 0 0 0 3 60 0 0 0 0 0 4 7 0 46 24 0 74 0 0 0 0 0
0 0 7 0 0 0 0 0 5 0 0 0 0 0 0 0 0 0 0 0 0 2 0 0 0 0 0 0 25 0 12 7 0 0 0 0 0 23 0 23 28
0 0 0 0 0 0 0 0 0 0 0 0 0 0 0 0 0 0 0 0 0 0 2 58 0 0 1 0 0 5 27 0 21 0 2 31 0 0 0 9 0
0 0 8 39 0 0 0 0 0 0 0 0 0 0 0 0 0 0 0 0 0 0 0 0 0 0 0 20 15 0 0 41 0 24 0 0 93 15 0 0 27
0 1 0 0 0 0 0 0 0 0 0 0 0 0 0 0 0 0 0 0 0 0 3 66 0 0 0 0 0 8 17 0 40 9 1 58 0 0 0 0 0
0 0 3 9 0 0 0 0 5 0 0 0 0 0 0 0 0 0 0 0 0 0 0 0 0 0 0 6 17 0 0 9 0 0 0 0 36 37 0 5 31
0 1 0 0 0 0 0 0 0 0 0 0 0 0 0 0 0 0 0 0 0 0 2 63 0 0 0 0 0 7 18 0 36 8 1 54 0 0 0 0 0
0 0 6 0 0 0 0 0 7 0 0 0 0 0 0 0 0 0 0 0 0 2 0 0 0 0 0 0 23 0 3 6 0 0 0 0 11 32 0 18 31
0 0 8 44 0 0 0 0 0 0 0 0 0 0 0 0 0 0 0 0 0 0 0 0 0 0 0 26 18 0 0 49 3 39 0 0 100 5 0 0 25
0 0 10 37 0 0 0 0 0 0 0 0 0 0 0 0 0 0 0 0 0 0 0 0 0 0 1 37 22 0 0 42 10 62 0 12 74 0 0 0 25
0 1 0 0 0 0 0 0 0 0 0 0 0 0 0 0 0 0 0 0 0 0 2 58 0 0 1 0 0 5 27 2 21 0 2 33 0 0 0 8 0
0 0 6 0 0 0 0 0 5 0 0 0 0 0 0 0 0 0 0 0 0 2 0 0 0 0 0 0 25 0 12 8 0 0 0 0 0 22 0 22 27
0 0 4 2 0 0 0 0 7 0 0 0 0 0 0 0 0 0 0 0 0 2 0 0 0 0 0 2 20 0 0 6 0 0 0 0 20 35 0 13 30
0 0 4 20 1 0 0 0 1 0 0 0 0 0 0 0 0 0 0 0 0 0 0 0 0 0 0 11 15 0 0 22 0 0 0 0 58 34 0 0 31
0 1 0 0 0 0 0 0 0 0 0 0 0 0 0 0 0 0 0 0 0 0 3 65 0 0 0 0 0 7 11 0 45 17 0 68 0 0 0 0 0
0 0 0 0 0 0 0 0 0 0 0 0 0 0 0 0 0 0 0 0 0 0 1 47 0 0 2 0 8 2 29 0 9 0 0 17 0 0 0 15 0
0 0 4 13 0 0 0 0 4 0 0 0 0 0 0 0 0 0 0 0 0 0 0 0 0 0 0 8 15 0 0 12 0 0 0 0 45 35 0 1 30
0 0 6 0 0 0 0 0 4 0 0 0 0 0 0 0 0 0 0 0 0 1 0 0 0 0 0 0 25 0 14 7 0 0 0 0 0 20 0 23 26
0 0 5 3 0 0 0 0 7 0 0 0 0 0 0 0 0 0 0 0 0 2 0 0 0 0 0 2 20 0 0 6 0 0 0 0 20 35 0 13 31
0 2 0 0 0 0 0 0 0 0 0 0 0 0 0 0 0 0 0 0 0 0 3 65 0 0 0 0 0 7 11 0 44 17 0 66 0 0 0 0 0
0 0 0 5 5 0 0 0 0 0 0 0 0 0 0 0 0 0 0 0 0 0 6 58 0 0 1 0 0 0 0 1 53 33 0 93 0 0 0 0 0
0 0 0 0 0 0 0 0 0 0 0 0 0 0 0 0 0 0 0 0 0 0 1 43 0 0 3 0 10 1 29 0 7 0 0 14 0 0 0 16 0
0 1 0 0 0 0 0 0 0 0 0 0 0 0 0 0 0 0 0 0 0 0 3 63 0 0 0 0 0 5 8 0 47 21 0 73 0 0 0 0 0
0 1 0 0 0 0 0 0 0 0 0 0 0 0 0 0 0 0 0 0 0 0 3 62 0 0 0 0 0 4 6 0 48 25 0 77 0 0 0 0 0
0 1 0 0 0 0 0 0 0 0 0 0 0 0 0 0 0 0 0 0 0 0 2 64 0 0 0 0 0 7 14 0 41 14 0 61 0 0 0 0 0
0 0 7 0 0 0 0 0 5 0 0 0 0 0 0 0 0 0 0 0 0 2 0 0 0 0 0 0 24 0 14 6 0 0 0 0 0 21 0 23 26
0 0 4 7 0 0 0 0 5 0 0 0 0 0 0 0 0 0 0 0 0 0 0 0 0 0 0 5 19 0 0 8 0 0 0 0 32 36 0 7 32
0 1 0 0 0 0 0 0 0 0 0 0 0 0 0 0 0 0 0 0 0 0 2 55 0 0 1 0 0 5 26 1 19 0 2 30 0 0 0 8 0
0 0 7 36 0 0 0 0 0 0 0 0 0 0 0 0 0 0 0 0 0 0 0 0 0 0 0 18 14 0 0 37 0 18 0 0 88 20 0 0 27
0 0 1 0 0 0 0 0 0 0 0 0 0 0 0 0 0 0 0 0 0 0 0 42 0 0 3 0 12 1 30 0 5 0 0 12 0 0 0 18 3
0 0 3 8 0 0 0 0 5 0 0 0 0 0 0 0 0 0 0 0 0 1 0 0 0 0 0 5 16 0 0 7 0 0 0 0 36 37 0 5 31
0 1 0 0 1 0 0 0 0 0 0 0 0 0 0 0 0 0 0 0 0 0 2 62 0 0 0 0 0 7 24 0 29 0 3 41 0 0 0 3 0
0 1 0 0 0 0 0 0 0 0 0 0 0 0 0 0 0 0 0 0 0 0 3 63 0 0 0 0 0 6 9 0 45 19 0 70 0 0 0 0 0
0 0 6 0 0 0 0 0 1 0 0 0 0 0 0 0 0 0 0 0 0 0 0 21 0 0 1 0 20 0 25 0 0 0 0 0 0 7 0 23 16
0 0 5 0 0 0 0 0 7 0 0 0 0 0 0 0 0 0 0 0 0 2 0 0 0 0 0 1 22 0 1 6 0 0 0 0 14 32 0 16 30
0 0 5 0 0 0 0 0 1 0 0 0 0 0 0 0 0 0 0 0 0 0 0 24 0 0 2 0 21 0 26 1 0 0 0 0 0 5 0 23 16
0 0 8 32 7 0 0 0 0 0 0 0 0 0 0 0 0 0 0 0 0 0 0 0 0 0 2 41 25 0 0 34 13 70 0 21 58 0 0 0 24
0 0 0 0 0 0 0 0 0 0 0 0 0 0 0 0 0 0 0 0 0 0 1 44 0 0 3 0 8 2 28 1 8 0 0 17 0 0 0 14 0
0 0 6 0 0 0 0 0 3 0 0 0 0 0 0 0 0 0 0 0 0 1 0 13 0 0 0 0 22 0 21 3 0 0 0 0 0 12 0 23 21
0 0 0 6 5 0 0 0 0 0 0 0 0 0 0 0 0 0 0 0 0 0 6 57 0 0 0 0 0 1 0 1 54 33 0 92 0 0 0 0 0
0 1 0 0 0 0 0 0 0 0 0 0 0 0 0 0 0 0 0 0 0 0 3 63 0 0 0 0 0 6 9 0 46 19 0 71 0 0 0 0 0
0 0 8 47 0 0 0 0 0 0 0 0 0 0 0 0 0 0 0 0 0 0 0 0 0 0 0 30 18 0 0 53 6 46 0 0 101 0 0 0 24
0 0 0 2 3 0 0 0 0 0 0 0 0 0 0 0 0 0 0 0 0 0 5 58 0 0 0 0 0 1 0 1 50 28 0 83 0 0 0 0 0
0 0 0 9 14 0 0 0 0 0 0 0 0 0 0 0 0 0 0 0 0 0 8 59 0 0 0 0 0 1 0 2 63 31 3 109 0 0 0 0 0
0 0 6 0 0 0 0 0 6 0 0 0 0 0 0 0 0 0 0 0 0 2 0 0 0 0 0 0 24 0 8 7 0 0 0 0 5 27 0 21 29
0 0 9 48 0 0 0 0 0 0 0 0 0 0 0 0 0 0 0 0 0 0 0 0 0 0 0 30 19 0 0 56 5 44 0 0 101 0 0 0 25
0 0 9 49 0 0 0 0 0 0 0 0 0 0 0 0 0 0 0 0 0 0 0 0 0 0 0 31 19 0 0 57 6 47 0 1 102 0 0 0 24
0 1 0 0 1 0 0 0 0 0 0 0 0 0 0 0 0 0 0 0 0 0 2 63 0 0 0 0 0 7 24 0 29 0 3 41 0 0 0 3 0
0 0 6 30 0 0 0 0 0 0 0 0 0 0 0 0 0 0 0 0 0 0 0 0 0 0 0 14 14 0 0 33 0 5 0 0 75 28 0 0 31
0 0 0 1 3 0 0 0 0 0 0 0 0 0 0 0 0 0 0 0 0 0 5 59 0 0 0 0 0 2 0 1 52 29 0 86 0 0 0 0 0
0 0 6 0 0 0 0 0 3 0 0 0 0 0 0 0 0 0 0 0 0 1 0 11 0 0 0 0 23 0 20 3 0 0 0 0 0 13 0 23 21
0 0 5 1 0 0 0 0 7 0 0 0 0 0 0 0 0 0 0 0 0 2 0 0 0 0 0 2 21 0 0 5 0 0 0 0 18 34 0 15 31
0 0 7 0 0 0 0 0 4 0 0 0 0 0 0 0 0 0 0 0 0 2 0 3 0 0 0 0 24 0 17 5 0 0 0 0 0 18 0 23 25
0 1 0 0 1 0 0 0 0 0 0 0 0 0 0 0 0 0 0 0 0 0 2 63 0 0 0 0 0 7 23 0 31 0 3 43 0 0 0 2 0
0 0 0 3 5 0 0 0 0 0 0 0 0 0 0 0 0 0 0 0 0 0 6 59 0 0 0 0 0 1 0 0 54 32 0 92 0 0 0 0 0
0 0 8 43 0 0 0 0 0 0 0 0 0 0 0 0 0 0 0 0 0 0 0 0 0 0 0 24 18 0 0 47 2 36 0 0 98 8 0 0 26
0 1 0 0 0 0 0 0 0 0 0 0 0 0 0 0 0 0 0 0 0 0 2 64 0 0 0 0 0 7 17 0 38 10 1 56 0 0 0 0 0
0 0 0 5 6 0 0 0 0 0 0 0 0 0 0 0 0 0 0 0 0 0 6 58 0 0 0 0 0 0 0 2 54 32 0 94 0 0 0 0 0
0 0 3 15 1 0 0 0 4 0 0 0 0 0 0 0 0 0 0 0 0 0 0 0 0 0 0 9 15 0 0 16 0 0 0 0 48 36 0 0 31
0 1 0 0 0 0 0 0 0 0 0 0 0 0 0 0 0 0 0 0 0 0 3 64 0 0 0 0 0 7 12 0 44 15 0 66 0 0 0 0 0
0 0 5 26 0 0 0 0 0 0 0 0 0 0 0 0 0 0 0 0 0 0 0 0 0 0 0 14 14 0 0 27 0 4 0 0 68 28 0 0 29
0 0 5 26 0 0 0 0 0 0 0 0 0 0 0 0 0 0 0 0 0 0 0 0 0 0 0 13 14 0 0 27 0 4 0 0 69 29 0 0 29
0 1 0 0 1 0 0 0 0 0 0 0 0 0 0 0 0 0 0 0 0 0 2 61 0 0 0 0 0 6 25 1 24 0 2 36 0 0 0 6 0
0 0 1 0 0 0 0 0 0 0 0 0 0 0 0 0 0 0 0 0 0 0 0 41 0 0 3 0 12 1 30 0 5 0 0 11 0 0 0 18 3
0 0 7 0 0 0 0 0 4 0 0 0 0 0 0 0 0 0 0 0 0 2 0 4 0 0 0 0 25 0 17 6 0 0 0 0 0 18 0 24 25
0 0 5 0 0 0 0 0 1 0 0 0 0 0 0 0 0 0 0 0 0 0 0 26 0 0 2 0 19 0 26 0 0 0 0 0 0 4 0 23 14
0 0 8 43 0 0 0 0 0 0 0 0 0 0 0 0 0 0 0 0 0 0 0 0 0 0 0 24 17 0 0 47 2 35 0 0 98 8 0 0 25
0 0 4 0 0 0 0 0 0 0 0 0 0 0 0 0 0 0 0 0 0 0 0 31 0 0 3 0 18 0 28 0 0 0 0 0 0 1 0 22 11
0 1 0 0 0 0 0 0 0 0 0 0 0 0 0 0 0 0 0 0 0 0 2 56 0 0 1 0 0 5 27 2 19 0 2 29 0 0 0 9 0
0 1 0 0 0 0 0 0 0 0 0 0 0 0 0 0 0 0 0 0 0 0 2 65 0 0 0 0 0 7 13 0 43 16 0 64 0 0 0 0 0
0 1 0 0 0 0 0 0 0 0 0 0 0 0 0 0 0 0 0 0 0 0 3 64 0 0 0 0 0 7 13 0 42 16 0 64 0 0 0 0 0
0 0 6 0 0 0 0 0 4 0 0 0 0 0 0 0 0 0 0 0 0 2 0 3 0 0 0 0 23 0 16 4 0 0 0 0 0 18 0 23 24
0 0 0 12 13 0 0 0 0 0 0 0 0 0 0 0 0 0 0 0 0 0 9 56 0 0 0 0 0 0 0 2 63 33 2 106 1 0 0 0 0
0 0 7 0 0 0 0 0 5 0 0 0 0 0 0 0 0 0 0 0 0 2 0 0 0 0 0 0 26 0 13 8 0 0 0 0 0 22 0 24 28
0 0 6 0 0 0 0 0 3 0 0 0 0 0 0 0 0 0 0 0 0 1 0 8 0 0 0 0 22 0 18 4 0 0 0 0 0 15 0 22 22
0 0 0 4 5 0 0 0 0 0 0 0 0 0 0 0 0 0 0 0 0 0 6 59 0 0 0 0 0 1 0 1 53 31 0 91 0 0 0 0 0
0 0 2 0 0 0 0 0 0 0 0 0 0 0 0 0 0 0 0 0 0 0 0 38 0 0 3 0 15 0 31 0 2 0 0 5 0 0 0 20 6
0 1 0 0 0 0 0 0 0 0 0 0 0 0 0 0 0 0 0 0 0 0 2 63 0 0 0 0 0 7 20 0 34 5 1 47 0 0 0 0 0
0 0 0 2 3 0 0 0 0 0 0 0 0 0 0 0 0 0 0 0 0 0 5 60 0 0 0 0 0 1 0 0 53 32 0 90 0 0 0 0 0
0 0 5 1 0 0 0 0 7 0 0 0 0 0 0 0 0 0 0 0 0 2 0 0 0 0 0 1 20 0 0 6 0 0 0 0 18 34 0 14 30
0 1 0 0 0 0 0 0 0 0 0 0 0 0 0 0 0 0 0 0 0 0 2 61 0 0 0 0 0 6 22 0 30 1 2 43 0 0 0 2 0
0 2 0 0 1 0 0 0 0 0 0 0 0 0 0 0 0 0 0 0 0 0 3 64 0 0 0 0 0 6 7 0 48 21 0 75 0 0 0 0 0
0 1 0 0 0 0 0 0 0 0 0 0 0 0 0 0 0 0 0 0 0 0 4 63 0 0 0 0 0 4 6 0 49 25 0 78 0 0 0 0 0
0 1 0 0 0 0 0 0 0 0 0 0 0 0 0 0 0 0 0 0 0 0 2 57 0 0 0 0 0 6 27 1 21 0 2 30 0 0 0 8 0
0 1 0 0 0 0 0 0 0 0 0 0 0 0 0 0 0 0 0 0 0 0 2 60 0 0 0 0 0 6 26 0 25 0 2 37 0 0 0 5 0
0 0 0 1 2 0 0 0 0 0 0 0 0 0 0 0 0 0 0 0 0 0 5 59 0 0 0 0 0 1 0 1 51 30 0 86 0 0 0 0 0
0 1 0 0 0 0 0 0 0 0 0 0 0 0 0 0 0 0 0 0 0 0 3 63 0 0 0 0 0 5 9 0 47 21 0 72 0 0 0 0 0
0 0 9 34 2 0 0 0 0 0 0 0 0 0 0 0 0 0 0 0 0 0 0 0 0 0 1 38 24 0 0 38 9 63 0 14 66 0 0 0 25
0 1 0 0 1 0 0 0 0 0 0 0 0 0 0 0 0 0 0 0 0 0 2 61 0 0 0 0 0 7 25 1 26 0 3 38 0 0 0 5 0
0 0 0 6 7 0 0 0 0 0 0 0 0 0 0 0 0 0 0 0 0 0 7 58 0 0 0 0 0 1 0 0 56 32 0 95 0 0 0 0 0
0 1 0 0 1 0 0 0 0 0 0 0 0 0 0 0 0 0 0 0 0 0 2 65 0 0 0 0 0 7 22 0 33 1 2 46 0 0 0 1 0
0 1 0 0 0 0 0 0 0 0 0 0 0 0 0 0 0 0 0 0 0 0 3 63 0 0 0 0 0 6 9 0 46 18 0 70 0 0 0 0 0
0 0 0 0 0 0 0 0 0 0 0 0 0 0 0 0 0 0 0 0 0 0 0 43 0 0 3 0 9 2 29 0 8 0 0 15 0 0 0 15 0
0 1 0 0 0 0 0 0 0 0 0 0 0 0 0 0 0 0 0 0 0 0 2 56 0 0 1 0 0 5 27 1 19 0 2 28 0 0 0 9 0
0 1 0 0 0 0 0 0 0 0 0 0 0 0 0 0 0 0 0 0 0 0 3 62 0 0 0 0 0 5 8 1 45 21 0 72 0 0 0 0 0
0 1 0 0 0 0 0 0 0 0 0 0 0 0 0 0 0 0 0 0 0 0 2 60 0 0 0 0 0 6 26 0 25 0 2 36 0 0 0 6 0
0 1 0 0 0 0 0 0 0 0 0 0 0 0 0 0 0 0 0 0 0 0 3 60 0 0 0 0 0 4 9 1 42 19 0 67 0 0 0 0 0
0 1 0 0 0 0 0 0 0 0 0 0 0 0 0 0 0 0 0 0 0 0 3 65 0 0 0 0 0 8 16 0 40 10 1 59 0 0 0 0 0
0 1 0 0 0 0 0 0 0 0 0 0 0 0 0 0 0 0 0 0 0 0 3 60 0 0 0 0 0 3 4 0 50 29 0 81 0 0 0 0 0
0 0 6 0 0 0 0 0 1 0 0 0 0 0 0 0 0 0 0 0 0 0 0 27 0 0 2 0 19 0 27 0 0 0 0 0 0 3 0 23 14
0 1 0 0 0 0 0 0 0 0 0 0 0 0 0 0 0 0 0 0 0 0 3 64 0 0 0 0 0 6 11 0 44 16 0 66 0 0 0 0 0
0 0 5 3 0 0 0 0 7 0 0 0 0 0 0 0 0 0 0 0 0 2 0 0 0 0 0 2 20 0 0 8 0 0 0 0 20 34 0 13 31
0 0 9 45 0 0 0 0 0 0 0 0 0 0 0 0 0 0 0 0 0 0 0 0 0 0 0 34 21 0 0 53 8 56 0 9 91 0 0 0 24
0 0 7 0 0 0 0 0 4 0 0 0 0 0 0 0 0 0 0 0 0 1 0 5 0 0 0 0 24 0 17 4 0 0 0 0 0 18 0 24 24
0 1 0 0 0 0 0 0 0 0 0 0 0 0 0 0 0 0 0 0 0 0 3 66 0 0 0 0 0 8 14 0 43 12 1 62 0 0 0 0 0
0 0 6 0 0 0 0 0 2 0 0 0 0 0 0 0 0 0 0 0 0 0 0 18 0 0 1 0 22 0 23 2 0 0 0 0 0 10 0 24 19
0 1 0 0 0 0 0 0 0 0 0 0 0 0 0 0 0 0 0 0 0 0 2 63 0 0 0 0 0 7 21 0 32 3 2 46 0 0 0 1 0
0 0 6 21 0 0 0 0 1 0 0 0 0 0 0 0 0 0 0 0 0 0 0 0 0 0 0 11 14 0 0 22 0 1 0 0 60 32 0 0 30
0 1 0 0 1 0 0 0 0 0 0 0 0 0 0 0 0 0 0 0 0 0 2 66 0 0 0 0 0 8 20 0 36 3 2 50 0 0 0 0 0
0 0 5 24 0 0 0 0 0 0 0 0 0 0 0 0 0 0 0 0 0 0 0 0 0 0 0 12 15 0 0 27 0 1 0 0 65 32 0 0 31
0 0 0 0 1 0 0 0 0 0 0 0 0 0 0 0 0 0 0 0 0 0 4 61 0 0 0 0 0 3 4 0 50 28 0 80 0 0 0 0 0
0 0 7 0 0 0 0 0 2 0 0 0 0 0 0 0 0 0 0 0 0 0 0 17 0 0 1 0 22 0 23 3 0 0 0 0 0 10 0 24 20
0 0 0 0 3 0 0 0 0 0 0 0 0 0 0 0 0 0 0 0 0 0 4 60 0 0 0 0 0 2 1 1 51 28 0 84 0 0 0 0 0
0 0 7 0 0 0 0 0 4 0 0 0 0 0 0 0 0 0 0 0 0 1 0 4 0 0 0 0 23 0 17 4 0 0 0 0 0 18 0 23 24
0 0 7 38 0 0 0 0 0 0 0 0 0 0 0 0 0 0 0 0 0 0 0 0 0 0 0 20 16 0 0 40 0 22 0 0 93 18 0 0 28
0 0 3 12 0 0 0 0 4 0 0 0 0 0 0 0 0 0 0 0 0 0 0 0 0 0 0 7 16 0 0 11 0 0 0 0 43 36 0 3 31
0 0 1 0 0 0 0 0 0 0 0 0 0 0 0 0 0 0 0 0 0 0 0 44 0 0 3 0 10 2 30 0 7 0 0 14 0 0 0 17 1
0 0 6 0 0 0 0 0 7 0 0 0 0 0 0 0 0 0 0 0 0 2 0 0 0 0 0 0 25 0 4 9 0 0 0 0 10 30 0 20 32
0 1 0 0 0 0 0 0 0 0 0 0 0 0 0 0 0 0 0 0 0 0 3 65 0 0 0 0 0 6 12 0 44 17 0 67 0 0 0 0 0
0 1 0 0 0 0 0 0 0 0 0 0 0 0 0 0 0 0 0 0 0 0 2 60 0 0 1 0 0 5 25 0 25 2 1 38 0 0 0 6 0
0 0 6 0 0 0 0 0 4 0 0 0 0 0 0 0 0 0 0 0 0 1 0 5 0 0 1 0 25 0 17 6 0 0 0 0 0 17 0 24 24
0 0 7 33 0 1 0 0 0 0 0 0 0 0 0 0 0 0 0 0 0 0 0 0 0 0 0 18 14 0 0 35 0 15 0 0 82 19 0 0 28
0 1 0 0 0 0 0 0 0 0 0 0 0 0 0 0 0 0 0 0 0 0 4 61 0 0 0 0 0 3 4 0 49 27 0 80 0 0 0 0 0
0 0 0 0 1 0 0 0 0 0 0 0 0 0 0 0 0 0 0 0 0 0 4 61 0 0 0 0 0 2 2 0 52 30 0 85 0 0 0 0 0
0 0 0 10 14 0 0 0 0 0 0 0 0 0 0 0 0 0 0 0 0 0 8 57 0 0 0 0 0 0 0 3 61 31 2 106 0 0 0 0 0
0 0 0 4 4 0 0 0 0 0 0 0 0 0 0 0 0 0 0 0 0 0 6 59 0 0 0 0 0 1 0 1 52 32 0 90 0 0 0 0 0
0 0 5 1 0 0 0 0 7 0 0 0 0 0 0 0 0 0 0 0 0 2 0 0 0 0 0 1 20 0 0 6 0 0 0 0 17 34 0 14 30
0 0 6 0 0 0 0 0 1 0 0 0 0 0 0 0 0 0 0 0 0 0 0 23 0 0 2 0 20 0 25 0 0 0 0 0 0 5 0 23 16
0 0 8 42 0 0 0 0 0 0 0 0 0 0 0 0 0 0 0 0 0 0 0 0 0 0 0 25 18 0 0 46 2 36 0 0 97 7 0 0 25
0 1 0 0 0 0 0 0 0 0 0 0 0 0 0 0 0 0 0 0 0 0 2 62 0 0 0 0 0 7 19 0 34 5 2 49 0 0 0 0 0
0 1 0 0 0 0 0 0 0 0 0 0 0 0 0 0 0 0 0 0 0 0 3 62 0 0 0 0 0 5 6 0 47 23 0 75 0 0 0 0 0
0 0 3 13 0 0 0 0 4 0 0 0 0 0 0 0 0 0 0 0 0 0 0 0 0 0 0 8 15 0 0 13 0 0 0 0 45 37 0 1 31
0 1 0 0 1 0 0 0 0 0 0 0 0 0 0 0 0 0 0 0 0 0 4 60 0 0 0 0 0 4 4 0 49 26 0 78 0 0 0 0 0
0 0 9 50 0 0 0 0 0 0 0 0 0 0 0 0 0 0 0 0 0 0 0 0 0 0 0 33 20 0 0 59 6 50 0 4 101 0 0 0 25
0 1 0 0 0 0 0 0 0 0 0 0 0 0 0 0 0 0 0 0 0 0 3 61 0 0 0 0 0 4 6 0 48 24 0 77 0 0 0 0 0
0 0 7 0 0 0 0 0 4 0 0 0 0 0 0 0 0 0 0 0 0 1 0 4 0 0 0 0 24 0 16 5 0 0 0 0 0 18 0 23 24
0 0 5 21 0 0 0 0 1 0 0 0 0 0 0 0 0 0 0 0 0 0 0 0 0 0 0 11 14 0 0 22 0 0 0 0 60 32 0 0 30
0 1 0 0 1 0 0 0 0 0 0 0 0 0 0 0 0 0 0 0 0 0 2 60 0 0 0 0 0 6 26 1 24 0 3 34 0 0 0 6 0
0 1 0 0 0 0 0 0 0 0 0 0 0 0 0 0 0 0 0 0 0 0 3 64 0 0 0 0 0 5 8 0 47 22 0 74 0 0 0 0 0
0 0 9 38 0 0 0 0 0 0 0 0 0 0 0 0 0 0 0 0 0 0 0 0 0 0 1 37 21 0 0 42 10 61 0 12 76 0 0 0 24
0 0 5 22 0 0 0 0 0 0 0 0 0 0 0 0 0 0 0 0 0 0 0 0 0 0 0 12 13 0 0 22 0 0 0 0 63 32 0 0 30
0 0 7 0 0 0 0 0 5 0 0 0 0 0 0 0 0 0 0 0 0 2 0 0 0 0 0 0 25 0 12 7 0 0 0 0 1 23 0 23 28
0 1 0 0 0 0 0 0 0 0 0 0 0 0 0 0 0 0 0 0 0 0 2 60 0 0 1 0 0 5 25 0 25 1 2 39 0 0 0 5 0
0 1 0 0 1 0 0 0 0 0 0 0 0 0 0 0 0 0 0 0 0 0 3 62 0 0 0 0 0 4 6 0 48 23 0 76 0 0 0 0 0
0 2 0 0 0 0 0 0 0 0 0 0 0 0 0 0 0 0 0 0 0 0 3 64 0 0 0 0 0 7 11 0 44 16 0 66 0 0 0 0 0
0 0 6 30 0 0 0 0 0 0 0 0 0 0 0 0 0 0 0 0 0 0 0 0 0 0 0 15 14 0 0 31 0 7 0 0 76 26 0 0 29
0 0 9 47 0 0 0 0 0 0 0 0 0 0 0 0 0 0 0 0 0 0 0 0 0 0 0 35 22 0 0 57 8 57 0 10 93 0 0 0 26
0 0 0 7 8 0 0 0 0 0 0 0 0 0 0 0 0 0 0 0 0 0 6 56 0 0 0 0 0 0 0 2 56 31 0 97 0 0 0 0 0
0 0 3 9 0 0 0 0 6 0 0 0 0 0 0 0 0 0 0 0 0 1 0 0 0 0 0 6 17 0 0 9 0 0 0 0 34 37 0 6 31
0 0 4 4 0 0 0 0 7 0 0 0 0 0 0 1 0 0 0 0 0 2 0 0 0 0 0 3 19 0 0 6 0 0 0 0 25 38 0 11 31
0 0 0 8 12 0 0 0 0 0 0 0 0 0 0 0 0 0 0 0 0 0 7 60 0 0 0 0 0 1 0 2 61 32 2 106 0 0 0 0 0
0 0 0 2 4 0 0 0 0 0 0 0 0 0 0 0 0 0 0 0 0 0 5 59 0 0 0 0 0 1 0 2 51 29 0 88 0 0 0 0 0
0 0 0 5 6 0 0 0 0 0 0 0 0 0 0 0 0 0 0 0 0 0 6 58 0 0 0 0 0 0 0 2 53 30 0 93 0 0 0 0 0
0 0 0 0 0 0 0 0 0 0 0 0 0 0 0 0 0 0 0 0 0 0 1 52 0 0 2 0 4 4 29 0 14 0 1 24 0 0 0 12 0
0 0 5 0 0 0 0 0 7 0 0 0 0 0 0 0 0 0 0 0 0 3 0 0 0 0 0 0 21 0 1 5 0 0 0 0 15 33 0 16 30
0 0 8 41 0 0 0 0 0 0 0 0 0 0 0 0 0 0 0 0 0 0 0 0 0 0 0 24 18 0 0 45 0 34 0 0 94 9 0 0 26
0 0 4 0 0 0 0 0 0 0 0 0 0 0 0 0 0 0 0 0 0 0 0 35 0 0 3 0 15 0 29 0 1 0 0 4 0 0 0 20 8
0 0 6 0 0 0 0 0 1 0 0 0 0 0 0 0 0 0 0 0 0 0 0 23 0 0 2 0 20 0 25 1 0 0 0 0 0 6 0 23 16
0 1 0 0 0 0 0 0 0 0 0 0 0 0 0 0 0 0 0 0 0 0 3 66 0 0 0 0 0 8 16 0 41 10 1 59 0 0 0 0 0
0 1 0 0 0 0 0 0 0 0 0 0 0 0 0 0 0 0 0 0 0 0 2 59 0 0 0 0 0 6 26 1 23 0 2 34 0 0 0 6 0
0 1 0 0 0 0 0 0 0 0 0 0 0 0 0 0 0 0 0 0 0 0 3 62 0 0 0 0 0 4 7 0 47 24 0 76 0 0 0 0 0
0 1 0 0 0 0 0 0 0 0 0 0 0 0 0 0 0 0 0 0 0 0 3 64 0 0 0 0 0 6 13 0 42 16 0 64 0 0 0 0 0
0 0 0 0 2 0 0 0 0 0 0 0 0 0 0 0 0 0 0 0 0 0 5 60 0 0 0 0 0 2 0 0 52 30 0 86 0 0 0 0 0
0 0 0 0 0 0 0 0 0 0 0 0 0 0 0 0 0 0 0 0 0 0 2 54 0 0 2 0 2 4 27 0 18 0 1 28 0 0 0 10 0
0 0 7 0 0 0 0 0 4 0 0 0 0 0 0 0 0 0 0 0 0 1 0 8 0 0 0 0 24 0 19 5 0 0 0 0 0 16 0 24 24
0 1 0 0 0 0 0 0 0 0 0 0 0 0 0 0 0 0 0 0 0 0 2 61 0 0 0 0 0 6 26 0 25 0 2 36 0 0 0 5 0
0 0 7 0 0 0 0 0 5 0 0 0 0 0 0 0 0 0 0 0 0 2 0 0 0 0 0 0 25 0 12 7 0 0 0 0 0 23 0 23 28
0 2 0 0 0 0 0 0 0 0 0 0 0 0 0 0 0 0 0 0 0 0 3 64 0 0 0 0 0 6 11 0 44 16 0 68 0 0 0 0 0
0 1 0 0 0 0 0 0 0 0 0 0 0 0 0 0 0 0 0 0 0 0 3 62 0 0 0 0 0 5 7 0 47 23 0 74 0 0 0 0 0
0 0 9 41 0 0 0 0 0 0 0 0 0 0 0 0 0 0 0 0 0 0 0 0 0 0 1 37 22 0 0 48 9 61 0 12 81 0 0 0 25
0 0 0 6 7 0 0 0 0 0 0 0 0 0 0 0 0 0 0 0 0 0 6 58 0 0 0 0 0 0 0 3 54 31 0 95 0 0 0 0 0
0 1 0 0 0 0 0 0 0 0 0 0 0 0 0 0 0 0 0 0 0 0 3 63 0 0 0 0 0 6 9 0 46 20 0 70 0 0 0 0 0
0 0 4 5 0 0 0 0 6 0 0 0 0 0 0 0 0 0 0 0 0 1 0 0 0 0 0 4 19 0 0 5 0 0 0 0 27 36 0 10 31
0 0 5 0 0 0 0 0 7 0 0 0 0 0 0 0 0 0 0 0 0 3 0 0 0 0 0 0 22 0 3 5 0 0 0 0 12 32 0 18 30
0 0 7 36 0 0 0 0 0 0 0 0 0 0 0 0 0 0 0 0 0 0 0 0 0 0 0 18 15 0 0 39 0 16 0 0 88 20 0 0 29
0 1 0 0 0 0 0 0 0 0 0 0 0 0 0 0 0 0 0 0 0 0 1 51 0 0 1 0 2 4 27 1 15 0 1 24 0 0 0 11 0
0 1 0 0 1 0 0 0 0 0 0 0 0 0 0 0 0 0 0 0 0 0 4 60 0 0 0 0 0 3 3 0 50 28 0 81 0 0 0 0 0
0 0 0 0 1 0 0 0 0 0 0 0 0 0 0 0 0 0 0 0 0 0 4 61 0 0 0 0 0 2 1 0 52 29 0 85 0 0 0 0 0
0 0 9 42 0 0 0 0 0 0 0 0 0 0 0 0 0 0 0 0 0 0 0 0 0 0 0 37 21 0 0 50 10 62 0 13 84 0 0 0 24
0 0 5 0 0 0 0 0 1 0 0 0 0 0 0 0 0 0 0 0 0 0 0 21 0 0 1 0 20 0 25 1 0 0 0 0 0 7 0 23 16
0 0 9 50 0 0 0 0 0 0 0 0 0 0 0 0 0 0 0 0 0 0 0 0 0 0 0 32 19 0 0 58 6 49 0 2 102 0 0 0 24
0 0 0 10 13 0 0 0 0 0 0 0 0 0 0 0 0 0 0 0 0 0 8 57 0 0 0 0 0 0 0 3 60 31 2 106 0 0 0 0 0
0 0 6 29 12 0 0 0 0 0 0 0 0 0 0 0 0 0 0 0 0 0 0 0 0 0 2 43 27 0 0 30 13 70 0 23 48 0 0 0 24
0 0 0 2 4 0 0 0 0 0 0 0 0 0 0 0 0 0 0 0 0 0 5 61 0 0 0 0 0 1 0 1 53 30 0 90 0 0 0 0 0
0 1 0 0 0 0 0 0 0 0 0 0 0 0 0 0 0 0 0 0 0 0 3 67 0 0 0 0 0 8 16 0 42 12 1 62 0 0 0 0 0
0 0 4 6 0 0 0 0 6 0 0 0 0 0 0 0 0 0 0 0 0 1 0 0 0 0 0 4 18 0 0 7 0 0 0 0 29 36 0 8 31
0 1 0 0 0 0 0 0 0 0 0 0 0 0 0 0 0 0 0 0 0 0 3 63 0 0 0 0 0 4 8 0 48 26 0 76 0 0 0 0 0
0 0 0 0 0 0 0 0 0 0 0 0 0 0 0 0 0 0 0 0 0 0 1 46 0 0 3 0 9 2 31 0 7 0 0 15 0 0 0 16 0
0 0 9 42 0 0 0 0 0 0 0 0 0 0 0 0 0 0 0 0 0 0 0 0 0 0 0 37 21 0 0 48 11 63 0 14 82 0 0 0 23
0 0 9 48 0 0 0 0 0 0 0 0 0 0 0 0 0 0 0 0 0 0 0 0 0 0 0 31 19 0 0 56 6 47 0 2 101 0 0 0 24
0 0 3 18 0 0 0 0 2 0 0 0 0 0 0 0 0 0 0 0 0 0 0 0 0 0 0 10 14 0 0 17 0 0 0 0 55 35 0 0 30
0 1 0 0 0 0 0 0 0 0 0 0 0 0 0 0 0 0 0 0 0 0 3 65 0 0 0 0 0 6 10 0 46 18 0 71 0 0 0 0 0
0 1 0 0 0 0 0 0 0 0 0 0 0 0 0 0 0 0 0 0 0 0 2 61 0 0 0 0 0 6 18 0 35 9 0 52 0 0 0 0 0
0 0 0 0 0 0 0 0 0 0 0 0 0 0 0 0 0 0 0 0 0 0 1 48 0 0 2 0 6 2 29 0 11 0 0 20 0 0 0 13 0
0 0 7 36 0 0 0 0 0 0 0 0 0 0 0 0 0 0 0 0 0 0 0 0 0 0 0 18 16 0 0 38 0 18 0 0 86 20 0 0 29
0 0 0 0 0 0 0 0 0 0 0 0 0 0 0 0 0 0 0 0 0 0 1 44 0 0 3 0 10 1 29 1 7 0 0 16 0 0 0 16 0
0 0 6 0 0 0 0 0 7 0 0 0 0 0 0 0 0 0 0 0 0 2 0 0 0 0 0 1 22 0 2 5 0 0 0 0 14 32 0 16 31
0 0 7 0 0 0 0 0 2 0 0 0 0 0 0 0 0 0 0 0 0 0 0 19 0 0 1 0 21 0 24 0 0 0 0 0 0 8 0 23 18
0 1 0 0 0 0 0 0 0 0 0 0 0 0 0 0 0 0 0 0 0 0 3 64 0 0 0 0 0 7 17 0 38 9 1 55 0 0 0 0 0
0 0 1 0 0 0 0 0 0 0 0 0 0 0 0 0 0 0 0 0 0 0 1 37 0 0 3 0 15 0 29 2 0 0 0 6 0 0 0 20 7
