0 4 17 7 0 0 0 0 0 0 0 0 0 0 0 0 0 0 0 0 0 0 20 6 0 11 3 0 2 1 0 41 0 0 27 42 0 0 0 41 5
0 0 17 0 0 0 0 0 0 0 0 0 0 0 0 0 0 0 0 0 0 0 0 0 0 0 0 0 0 0 0 45 0 0 54 68 0 3 0 64 0
0 1 19 0 0 0 0 0 0 0 0 0 0 0 0 0 0 0 0 0 0 0 0 5 0 1 0 0 6 0 0 38 0 0 51 80 0 0 0 68 3
0 3 20 5 0 0 0 0 0 0 0 0 0 0 0 0 0 0 0 0 0 0 13 7 0 8 1 0 4 0 0 39 0 0 37 62 0 0 0 54 6
0 0 15 0 0 0 0 0 0 0 0 0 0 0 0 0 0 0 0 0 0 0 0 4 0 0 0 0 6 0 0 35 0 0 52 79 0 0 0 69 2
0 18 19 5 0 0 0 0 0 0 0 0 0 0 0 0 0 0 0 0 0 0 60 0 0 15 21 0 0 0 0 16 0 0 0 0 0 0 0 0 1
0 0 8 0 0 0 0 0 0 0 0 0 0 0 0 0 0 0 0 0 0 0 0 1 0 0 0 1 3 0 0 37 0 0 62 80 0 0 0 72 0
0 0 6 0 0 0 0 0 0 0 0 0 0 0 0 0 0 0 0 0 0 0 0 0 0 0 0 1 1 0 0 40 0 0 68 83 0 0 0 75 0
0 0 8 0 0 0 0 0 0 0 0 0 0 0 0 0 0 0 0 0 0 0 0 0 0 0 0 1 2 0 0 39 0 0 65 80 0 0 0 73 0
0 1 19 1 0 0 0 0 0 0 0 0 0 0 0 0 0 0 0 0 0 0 1 6 0 2 0 0 5 0 0 39 0 0 48 77 0 0 0 65 2
0 9 17 9 0 0 0 0 0 0 0 0 0 0 0 0 0 0 0 0 0 0 40 5 0 15 11 0 0 1 0 35 0 0 0 0 0 0 0 0 4
0 0 11 0 0 0 0 0 0 0 0 0 0 0 0 0 0 0 0 0 0 0 0 0 0 0 0 1 0 0 0 43 0 0 61 74 0 0 0 68 0
0 0 12 0 0 0 0 0 0 0 0 0 0 0 0 0 0 0 0 0 0 0 0 2 0 0 0 0 5 0 0 34 0 0 57 82 0 0 0 71 2
0 4 18 7 0 0 0 0 0 0 0 0 0 0 0 0 0 0 0 0 0 0 17 7 0 10 2 0 2 0 0 38 0 0 27 47 0 0 0 43 6
0 0 13 0 0 0 0 0 0 0 0 0 0 0 0 0 0 0 0 0 0 0 0 2 0 0 0 0 5 0 0 40 0 0 58 84 0 0 0 75 2
0 0 8 0 0 0 0 0 0 0 0 0 0 0 0 0 0 0 0 0 0 0 0 1 0 0 0 2 1 0 0 41 0 0 63 77 0 0 0 70 0
0 0 16 0 0 0 0 0 0 0 0 0 0 0 0 0 0 0 0 0 0 0 0 5 0 1 0 0 5 0 0 39 0 0 52 79 0 0 0 67 2
0 0 7 0 0 0 0 0 0 0 0 0 0 0 0 0 0 0 0 0 0 0 0 0 0 0 0 2 1 0 0 41 0 0 68 82 0 0 0 74 0
0 0 13 0 0 0 0 0 0 0 0 0 0 0 0 0 0 0 0 0 0 0 0 3 0 0 0 0 4 0 0 39 0 0 56 79 0 0 0 70 1
0 0 15 0 0 0 0 0 0 0 0 0 0 0 0 0 0 0 0 0 0 0 0 3 0 0 0 0 5 0 0 41 0 0 60 85 0 0 0 75 2
0 0 7 0 0 0 0 0 0 0 0 0 0 0 0 0 0 0 0 0 0 0 0 0 0 0 0 1 1 0 0 40 0 0 68 81 0 0 0 74 0
0 0 6 0 0 0 0 0 0 0 0 0 0 0 0 0 0 0 0 0 0 0 0 0 0 0 0 1 2 0 0 37 0 0 68 85 0 0 0 77 0
0 0 23 0 0 0 0 0 0 0 0 0 0 0 0 0 0 0 0 0 0 0 0 0 0 0 0 0 0 0 0 57 0 0 53 81 0 7 0 64 6
22 36 0 10 0 0 0 0 0 0 0 0 0 0 0 0 0 0 0 0 0 0 121 0 0 15 57 0 0 0 0 0 0 0 0 0 0 0 0 0 0
0 0 13 0 0 0 0 0 0 0 0 0 0 0 0 0 0 0 0 0 0 0 0 0 0 0 0 1 0 0 0 46 0 0 60 74 0 1 0 69 0
0 0 17 0 0 0 0 0 0 0 0 0 0 0 0 0 0 0 0 0 0 0 0 4 0 0 0 0 5 0 0 39 0 0 56 83 0 0 0 73 3
0 0 15 0 0 0 0 0 0 0 0 0 0 0 0 0 0 0 0 0 0 0 0 3 0 0 0 0 4 0 0 42 0 0 61 86 0 0 0 76 2
0 2 19 3 0 0 0 0 0 0 0 0 0 0 0 0 0 0 0 0 0 0 3 7 0 4 0 0 5 0 0 38 0 0 46 75 0 0 0 63 3
0 0 9 0 0 0 0 0 0 0 0 0 0 0 0 0 0 0 0 0 0 0 0 1 0 0 0 1 3 0 0 38 0 0 64 82 0 0 0 73 0
0 0 10 0 0 0 0 0 0 0 0 0 0 0 0 0 0 0 0 0 0 0 0 1 0 0 0 1 2 0 0 41 0 0 64 81 0 0 0 73 0
0 1 19 3 0 0 0 0 0 0 0 0 0 0 0 0 0 0 0 0 0 0 2 6 0 3 0 0 3 0 0 42 0 0 48 74 0 1 0 63 2
0 0 6 0 0 0 0 0 0 0 0 0 0 0 0 0 0 0 0 0 0 0 0 0 0 0 0 2 1 0 0 38 0 0 66 77 0 0 0 71 0
0 0 7 0 0 0 0 0 0 0 0 0 0 0 0 0 0 0 0 0 0 0 0 0 0 0 0 1 4 0 0 31 0 0 63 84 0 0 0 74 0
0 0 7 0 0 0 0 0 0 0 0 0 0 0 0 0 0 0 0 0 0 0 0 0 0 0 0 1 3 0 0 34 0 0 62 79 0 0 0 71 0
0 2 19 5 0 0 0 0 0 0 0 0 0 0 0 0 0 0 0 0 0 0 5 7 0 5 0 0 4 0 0 37 0 0 40 68 0 0 0 57 4
0 0 12 0 0 0 0 0 0 0 0 0 0 0 0 0 0 0 0 0 0 0 0 0 0 0 0 1 0 0 0 45 0 0 66 81 0 0 0 73 0
0 0 10 0 0 0 0 0 0 0 0 0 0 0 0 0 0 0 0 0 0 0 0 0 0 0 0 0 4 0 0 31 0 0 60 84 0 0 0 74 0
0 1 19 0 0 0 0 0 0 0 0 0 0 0 0 0 0 0 0 0 0 0 0 6 0 2 0 0 4 0 0 42 0 0 52 79 0 0 0 68 4
0 0 8 0 0 0 0 0 0 0 0 0 0 0 0 0 0 0 0 0 0 0 0 0 0 0 0 1 3 0 0 34 0 0 65 86 0 0 0 77 0
0 0 9 0 0 0 0 0 0 0 0 0 0 0 0 0 0 0 0 0 0 0 0 0 0 0 0 1 0 0 0 41 0 0 64 74 0 0 0 68 0
0 2 19 6 0 0 0 0 0 0 0 0 0 0 0 0 0 0 0 0 0 0 11 8 0 7 0 0 3 0 0 45 0 0 43 66 0 0 0 57 4
0 0 14 0 0 0 0 0 0 0 0 0 0 0 0 0 0 0 0 0 0 0 0 3 0 0 0 0 6 0 0 36 0 0 59 85 0 0 0 75 2
0 0 8 0 0 0 0 0 0 0 0 0 0 0 0 0 0 0 0 0 0 0 0 0 0 0 0 1 2 0 0 39 0 0 64 80 0 0 0 72 0
0 0 7 0 0 0 0 0 0 0 0 0 0 0 0 0 0 0 0 0 0 0 0 0 0 0 0 1 3 0 0 34 0 0 61 79 0 0 0 71 0
0 0 8 0 0 0 0 0 0 0 0 0 0 0 0 0 0 0 0 0 0 0 0 0 0 0 0 1 2 0 0 38 0 0 64 80 0 0 0 72 0
0 0 18 0 0 0 0 0 0 0 0 0 0 0 0 0 0 0 0 0 0 0 0 5 0 1 0 0 4 0 0 43 0 0 55 81 0 0 0 70 2
0 0 9 0 0 0 0 0 0 0 0 0 0 0 0 0 0 0 0 0 0 0 0 0 0 0 0 1 1 0 0 42 0 0 67 85 0 0 0 75 0
0 0 6 0 0 0 0 0 0 0 0 0 0 0 0 0 0 0 0 0 0 0 0 0 0 0 0 1 1 0 0 35 0 0 71 88 0 0 0 78 0
0 0 8 0 0 0 0 0 0 0 0 0 0 0 0 0 0 0 0 0 0 0 0 1 0 0 0 0 3 0 0 38 0 0 66 83 0 0 0 74 0
0 0 9 0 0 0 0 0 0 0 0 0 0 0 0 0 0 0 0 0 0 0 0 0 0 0 0 1 3 0 0 37 0 0 67 86 0 0 0 76 0
0 0 26 0 0 0 0 0 0 0 0 0 0 0 0 0 0 0 0 0 0 0 0 0 0 0 0 0 0 0 0 59 0 0 50 80 0 8 0 59 7
0 0 8 0 0 0 0 0 0 0 0 0 0 0 0 0 0 0 0 0 0 0 0 0 0 0 0 1 3 0 0 36 0 0 65 85 0 0 0 75 0
0 0 17 0 0 0 0 0 0 0 0 0 0 0 0 0 0 0 0 0 0 0 0 4 0 0 0 0 6 0 0 40 0 0 59 88 0 0 0 76 3
0 0 8 0 0 0 0 0 0 0 0 0 0 0 0 0 0 0 0 0 0 0 0 0 0 0 0 1 1 0 0 40 0 0 67 81 0 0 0 73 0
0 0 13 0 0 0 0 0 0 0 0 0 0 0 0 0 0 0 0 0 0 0 0 2 0 0 0 0 4 0 0 38 0 0 61 84 0 0 0 74 1
0 0 6 0 0 0 0 0 0 0 0 0 0 0 0 0 0 0 0 0 0 0 0 0 0 0 0 1 3 0 0 37 0 0 67 82 0 0 0 75 0
0 1 19 0 0 0 0 0 0 0 0 0 0 0 0 0 0 0 0 0 0 0 0 4 0 0 0 0 6 0 0 37 0 0 53 85 0 0 0 73 4
0 0 7 0 0 0 0 0 0 0 0 0 0 0 0 0 0 0 0 0 0 0 0 0 0 0 0 1 1 0 0 37 0 0 64 79 0 0 0 72 0
0 0 10 0 0 0 0 0 0 0 0 0 0 0 0 0 0 0 0 0 0 0 0 2 0 0 0 1 2 0 0 42 0 0 63 78 0 0 0 71 0
0 0 9 0 0 0 0 0 0 0 0 0 0 0 0 0 0 0 0 0 0 0 0 1 0 0 0 1 3 0 0 35 0 0 57 74 0 0 0 66 0
0 0 17 0 0 0 0 0 0 0 0 0 0 0 0 0 0 0 0 0 0 0 0 0 0 0 0 1 0 0 0 50 0 0 59 77 0 3 0 69 0
0 0 16 0 0 0 0 0 0 0 0 0 0 0 0 0 0 0 0 0 0 0 0 4 0 0 0 0 4 0 0 40 0 0 54 81 0 0 0 70 2
0 2 18 3 0 0 0 0 0 0 0 0 0 0 0 0 0 0 0 0 0 0 2 6 0 3 0 0 5 0 0 36 0 0 43 70 0 0 0 59 3
0 0 17 0 0 0 0 0 0 0 0 0 0 0 0 0 0 0 0 0 0 0 0 4 0 0 0 0 7 0 0 38 0 0 56 86 0 0 0 75 3
0 0 8 0 0 0 0 0 0 0 0 0 0 0 0 0 0 0 0 0 0 0 0 0 0 0 0 1 2 0 0 40 0 0 67 85 0 0 0 76 0
0 0 14 0 0 0 0 0 0 0 0 0 0 0 0 0 0 0 0 0 0 0 0 3 0 0 0 0 6 0 0 33 0 0 53 82 0 0 0 72 2
0 0 7 0 0 0 0 0 0 0 0 0 0 0 0 0 0 0 0 0 0 0 0 0 0 0 0 1 3 0 0 35 0 0 62 80 0 0 0 71 0
0 1 19 1 0 0 0 0 0 0 0 0 0 0 0 0 0 0 0 0 0 0 0 6 0 2 0 0 6 0 0 39 0 0 51 84 0 0 0 70 4
0 3 20 2 0 0 0 0 0 0 0 0 0 0 0 0 0 0 0 0 0 0 1 6 0 3 0 0 6 0 0 36 0 0 47 81 0 0 0 68 5
0 0 9 0 0 0 0 0 0 0 0 0 0 0 0 0 0 0 0 0 0 0 0 0 0 0 0 0 4 0 0 32 0 0 61 82 0 0 0 73 0
0 0 17 0 0 0 0 0 0 0 0 0 0 0 0 0 0 0 0 0 0 0 0 4 0 0 0 0 5 0 0 41 0 0 59 85 0 0 0 74 3
0 0 14 0 0 0 0 0 0 0 0 0 0 0 0 0 0 0 0 0 0 0 0 0 0 0 0 1 0 0 0 48 0 0 58 68 0 1 0 65 0
1 20 16 4 0 0 0 0 0 0 0 0 0 0 0 0 0 0 0 0 0 0 66 0 0 14 25 0 0 0 0 4 1 0 0 0 0 0 0 0 0
8 25 6 2 0 0 0 0 0 0 0 0 0 0 0 0 0 0 0 0 0 0 78 0 0 14 33 0 0 0 0 0 1 0 0 0 0 0 0 0 0
0 2 19 2 0 0 0 0 0 0 0 0 0 0 0 0 0 0 0 0 0 0 1 7 0 3 0 0 5 0 0 37 0 0 44 75 0 0 0 63 3
1 11 19 11 0 0 0 0 0 0 0 0 0 0 0 0 0 0 0 0 0 0 48 4 0 18 13 0 0 1 0 37 0 0 0 0 0 0 0 0 5
0 3 19 6 0 0 0 0 0 0 0 0 0 0 0 0 0 0 0 0 0 0 13 7 0 8 1 0 3 0 0 42 0 0 38 61 0 0 0 54 6
0 2 18 2 0 0 0 0 0 0 0 0 0 0 0 0 0 0 0 0 0 0 1 6 0 3 0 0 5 0 0 38 0 0 46 79 0 0 0 66 4
0 0 8 0 0 0 0 0 0 0 0 0 0 0 0 0 0 0 0 0 0 0 0 1 0 0 0 1 2 0 0 37 0 0 61 77 0 0 0 70 0
0 2 18 4 0 0 0 0 0 0 0 0 0 0 0 0 0 0 0 0 0 0 3 7 0 4 0 0 4 0 0 35 0 0 41 70 0 0 0 58 3
0 0 7 0 0 0 0 0 0 0 0 0 0 0 0 0 0 0 0 0 0 0 0 0 0 0 0 1 3 0 0 35 0 0 63 80 0 0 0 72 0
0 0 13 0 0 0 0 0 0 0 0 0 0 0 0 0 0 0 0 0 0 0 0 0 0 0 0 1 0 0 0 43 0 0 60 72 0 1 0 68 0
0 0 16 0 0 0 0 0 0 0 0 0 0 0 0 0 0 0 0 0 0 0 0 4 0 0 0 0 6 0 0 38 0 0 55 80 0 0 0 70 1
0 0 9 0 0 0 0 0 0 0 0 0 0 0 0 0 0 0 0 0 0 0 0 0 0 0 0 2 0 0 0 41 0 0 64 76 0 0 0 70 0
0 0 16 0 0 0 0 0 0 0 0 0 0 0 0 0 0 0 0 0 0 0 0 4 0 0 0 0 4 0 0 42 0 0 56 80 0 0 0 70 2
0 14 18 8 0 0 0 0 0 0 0 0 0 0 0 0 0 0 0 0 0 0 55 2 0 16 18 0 0 0 0 25 0 0 0 0 0 0 0 0 2
0 0 7 0 0 0 0 0 0 0 0 0 0 0 0 0 0 0 0 0 0 0 0 0 0 0 0 1 3 0 0 36 0 0 64 83 0 0 0 75 0
0 3 17 6 0 0 0 0 0 0 0 0 0 0 0 0 0 0 0 0 0 0 13 7 0 8 1 0 3 0 0 35 0 0 32 52 0 0 0 45 4
0 0 10 0 0 0 0 0 0 0 0 0 0 0 0 0 0 0 0 0 0 0 0 1 0 0 0 1 4 0 0 37 0 0 62 84 0 0 0 74 1
0 0 5 0 0 0 0 0 0 0 0 0 0 0 0 0 0 0 0 0 0 0 0 0 0 0 0 1 3 0 0 35 0 0 65 80 0 0 0 74 0
0 0 11 0 0 0 0 0 0 0 0 0 0 0 0 0 0 0 0 0 0 0 0 0 0 0 0 2 0 0 0 45 0 0 63 76 0 0 0 70 0
0 3 18 9 0 0 0 0 0 0 0 0 0 0 0 0 0 0 0 0 0 0 20 7 0 11 3 0 1 1 0 42 0 0 26 42 0 0 0 40 5
0 0 8 0 0 0 0 0 0 0 0 0 0 0 0 0 0 0 0 0 0 0 0 0 0 0 0 1 0 0 0 41 0 0 67 79 0 0 0 72 0
0 0 8 0 0 0 0 0 0 0 0 0 0 0 0 0 0 0 0 0 0 0 0 0 0 0 0 1 1 0 0 40 0 0 67 79 0 0 0 73 0
0 0 6 0 0 0 0 0 0 0 0 0 0 0 0 0 0 0 0 0 0 0 0 0 0 0 0 1 4 0 0 32 0 0 65 86 0 0 0 76 0
0 0 7 0 0 0 0 0 0 0 0 0 0 0 0 0 0 0 0 0 0 0 0 0 0 0 0 2 1 0 0 41 0 0 68 82 0 0 0 74 0
0 0 10 0 0 0 0 0 0 0 0 0 0 0 0 0 0 0 0 0 0 0 0 1 0 0 0 1 3 0 0 39 0 0 66 86 0 0 0 77 0
0 0 10 0 0 0 0 0 0 0 0 0 0 0 0 0 0 0 0 0 0 0 0 1 0 0 0 1 1 0 0 43 0 0 67 81 0 0 0 75 0
0 0 7 0 0 0 0 0 0 0 0 0 0 0 0 0 0 0 0 0 0 0 0 0 0 0 0 1 3 0 0 35 0 0 63 84 0 0 0 74 0
0 0 10 0 0 0 0 0 0 0 0 0 0 0 0 0 0 0 0 0 0 0 0 1 0 0 0 1 4 0 0 39 0 0 65 87 0 0 0 76 1
0 0 10 0 0 0 0 0 0 0 0 0 0 0 0 0 0 0 0 0 0 0 0 2 0 0 0 1 4 0 0 38 0 0 62 82 0 0 0 72 0
0 0 18 0 0 0 0 0 0 0 0 0 0 0 0 0 0 0 0 0 0 0 0 0 0 0 0 1 0 0 0 49 0 0 51 70 0 3 0 60 1
0 0 10 0 0 0 0 0 0 0 0 0 0 0 0 0 0 0 0 0 0 0 0 1 0 0 0 0 4 0 0 36 0 0 64 84 0 0 0 75 0
0 0 7 0 0 0 0 0 0 0 0 0 0 0 0 0 0 0 0 0 0 0 0 0 0 0 0 1 1 0 0 40 0 0 67 81 0 0 0 74 0
0 0 11 0 0 0 0 0 0 0 0 0 0 0 0 0 0 0 0 0 0 0 0 1 0 0 0 0 3 0 0 38 0 0 64 84 0 0 0 74 1
0 0 9 0 0 0 0 0 0 0 0 0 0 0 0 0 0 0 0 0 0 0 0 0 0 0 0 1 0 0 0 43 0 0 60 72 0 0 0 66 0
0 0 11 0 0 0 0 0 0 0 0 0 0 0 0 0 0 0 0 0 0 0 0 2 0 0 0 0 4 0 0 37 0 0 60 83 0 0 0 72 1
0 0 11 0 0 0 0 0 0 0 0 0 0 0 0 0 0 0 0 0 0 0 0 1 0 0 0 0 3 0 0 38 0 0 63 85 0 0 0 75 1
0 0 10 0 0 0 0 0 0 0 0 0 0 0 0 0 0 0 0 0 0 0 0 1 0 0 0 0 5 0 0 34 0 0 60 86 0 0 0 74 1
8 27 6 3 0 0 0 0 0 0 0 0 0 0 0 0 0 0 0 0 0 0 81 0 0 14 35 0 0 0 0 0 0 0 0 0 0 0 0 0 0
0 0 16 0 0 0 0 0 0 0 0 0 0 0 0 0 0 0 0 0 0 0 0 5 0 1 0 0 5 0 0 38 0 0 51 78 0 0 0 67 3
0 0 45 0 0 0 0 0 0 0 0 0 0 0 0 0 0 0 0 0 0 0 0 0 0 0 0 0 0 0 0 112 0 4 23 58 0 16 0 42 10
0 2 19 4 0 0 0 0 0 0 0 0 0 0 0 0 0 0 0 0 0 0 6 7 0 5 0 0 5 0 0 38 0 0 41 70 0 0 0 59 5
0 0 9 0 0 0 0 0 0 0 0 0 0 0 0 0 0 0 0 0 0 0 0 1 0 0 0 1 3 0 0 38 0 0 63 81 0 0 0 72 0
0 0 15 0 0 0 0 0 0 0 0 0 0 0 0 0 0 0 0 0 0 0 0 4 0 0 0 0 4 0 0 41 0 0 56 79 0 0 0 70 2
0 2 18 0 0 0 0 0 0 0 0 0 0 0 0 0 0 0 0 0 0 0 1 5 0 2 0 0 7 0 0 34 0 0 47 78 0 0 0 67 4
0 0 7 0 0 0 0 0 0 0 0 0 0 0 0 0 0 0 0 0 0 0 0 0 0 0 0 1 1 0 0 41 0 0 68 80 0 0 0 72 0
0 0 12 0 0 0 0 0 0 0 0 0 0 0 0 0 0 0 0 0 0 0 0 1 0 0 0 1 0 0 0 43 0 0 59 69 0 0 0 64 0
0 5 20 10 0 0 0 0 0 0 0 0 0 0 0 0 0 0 0 0 0 0 32 7 0 15 6 0 1 2 0 46 0 0 17 28 0 0 0 33 9
0 0 13 0 0 0 0 0 0 0 0 0 0 0 0 0 0 0 0 0 0 0 0 2 0 0 0 0 5 0 0 36 0 0 57 82 0 0 0 72 1
0 0 12 0 0 0 0 0 0 0 0 0 0 0 0 0 0 0 0 0 0 0 0 0 0 0 0 1 0 0 0 44 0 0 61 72 0 0 0 67 0
0 0 7 0 0 0 0 0 0 0 0 0 0 0 0 0 0 0 0 0 0 0 0 0 0 0 0 1 0 0 0 39 0 0 67 82 0 0 0 73 0
0 3 18 7 0 0 0 0 0 0 0 0 0 0 0 0 0 0 0 0 0 0 18 7 0 10 2 0 2 0 0 42 0 0 29 45 0 0 0 42 5
0 0 17 0 0 0 0 0 0 0 0 0 0 0 0 0 0 0 0 0 0 0 0 4 0 0 0 0 6 0 0 41 0 0 57 86 0 0 0 75 3
0 0 6 0 0 0 0 0 0 0 0 0 0 0 0 0 0 0 0 0 0 0 0 0 0 0 0 1 2 0 0 37 0 0 69 86 0 0 0 79 0
0 0 28 0 0 0 0 0 0 0 0 0 0 0 0 0 0 0 0 0 0 0 0 0 0 0 0 0 0 0 0 71 0 0 55 82 0 8 0 58 6
0 0 10 0 0 0 0 0 0 0 0 0 0 0 0 0 0 0 0 0 0 0 0 1 0 0 0 1 2 0 0 41 0 0 63 82 0 0 0 73 0
0 9 18 10 0 0 0 0 0 0 0 0 0 0 0 0 0 0 0 0 0 0 38 5 0 16 9 0 0 1 0 38 0 0 0 0 0 0 0 8 6
0 0 12 0 0 0 0 0 0 0 0 0 0 0 0 0 0 0 0 0 0 0 0 2 0 0 0 0 5 0 0 34 0 0 57 82 0 0 0 72 2
0 0 11 0 0 0 0 0 0 0 0 0 0 0 0 0 0 0 0 0 0 0 0 1 0 0 0 0 4 0 0 35 0 0 57 81 0 0 0 72 1
0 1 18 0 0 0 0 0 0 0 0 0 0 0 0 0 0 0 0 0 0 0 0 5 0 2 0 0 5 0 0 38 0 0 50 79 0 0 0 67 3
0 0 7 0 0 0 0 0 0 0 0 0 0 0 0 0 0 0 0 0 0 0 0 0 0 0 0 1 1 0 0 40 0 0 66 78 0 0 0 72 0
0 0 16 0 0 0 0 0 0 0 0 0 0 0 0 0 0 0 0 0 0 0 0 5 0 0 0 0 6 0 0 39 0 0 54 82 0 0 0 70 3
0 4 17 10 0 0 0 0 0 0 0 0 0 0 0 0 0 0 0 0 0 0 27 6 0 13 5 0 0 1 0 42 0 0 18 30 0 0 0 32 7
0 0 9 0 0 0 0 0 0 0 0 0 0 0 0 0 0 0 0 0 0 0 0 0 0 0 0 1 2 0 0 41 0 0 68 84 0 0 0 76 0
0 0 10 0 0 0 0 0 0 0 0 0 0 0 0 0 0 0 0 0 0 0 0 1 0 0 0 0 3 0 0 35 0 0 62 81 0 0 0 72 0
0 0 8 0 0 0 0 0 0 0 0 0 0 0 0 0 0 0 0 0 0 0 0 1 0 0 0 1 2 0 0 42 0 0 66 79 0 0 0 73 0
0 0 9 0 0 0 0 0 0 0 0 0 0 0 0 0 0 0 0 0 0 0 0 0 0 0 0 1 1 0 0 40 0 0 64 79 0 0 0 72 0
0 1 18 1 0 0 0 0 0 0 0 0 0 0 0 0 0 0 0 0 0 0 0 6 0 2 0 0 5 0 0 37 0 0 48 76 0 0 0 64 3
0 0 7 0 0 0 0 0 0 0 0 0 0 0 0 0 0 0 0 0 0 0 0 0 0 0 0 1 3 0 0 34 0 0 61 80 0 0 0 70 0
0 2 18 0 0 0 0 0 0 0 0 0 0 0 0 0 0 0 0 0 0 0 0 5 0 1 0 0 6 0 0 32 0 0 47 78 0 0 0 65 3
0 0 34 0 0 0 0 0 0 0 0 0 0 0 0 0 0 0 0 0 0 0 0 0 0 0 0 0 0 0 0 86 0 0 43 78 0 10 0 53 8
0 0 11 0 0 0 0 0 0 0 0 0 0 0 0 0 0 0 0 0 0 0 0 1 0 0 0 1 4 0 0 39 0 0 65 86 0 0 0 77 0
0 14 18 8 0 0 0 0 0 0 0 0 0 0 0 0 0 0 0 0 0 0 54 1 0 16 17 0 0 0 0 23 0 0 0 0 0 0 0 0 3
0 1 19 0 0 0 0 0 0 0 0 0 0 0 0 0 0 0 0 0 0 0 0 5 0 1 0 0 5 0 0 38 0 0 51 80 0 0 0 68 3
0 0 17 0 0 0 0 0 0 0 0 0 0 0 0 0 0 0 0 0 0 0 0 0 0 0 0 0 0 0 0 50 0 0 60 79 0 3 0 68 1
0 0 13 0 0 0 0 0 0 0 0 0 0 0 0 0 0 0 0 0 0 0 0 3 0 0 0 0 4 0 0 41 0 0 58 79 0 0 0 69 0
0 0 10 0 0 0 0 0 0 0 0 0 0 0 0 0 0 0 0 0 0 0 0 0 0 0 0 1 0 0 0 45 0 0 66 80 0 0 0 73 0
0 3 19 6 0 0 0 0 0 0 0 0 0 0 0 0 0 0 0 0 0 0 14 6 0 8 2 0 3 0 0 38 0 0 31 54 0 0 0 49 6
13 29 0 4 0 0 0 0 0 0 0 0 0 0 0 0 0 0 0 0 0 0 91 0 0 14 42 0 0 0 0 0 0 0 0 0 0 0 0 0 0
0 0 11 0 0 0 0 0 0 0 0 0 0 0 0 0 0 0 0 0 0 0 0 2 0 0 0 0 3 0 0 41 0 0 62 83 0 0 0 74 1
0 0 9 0 0 0 0 0 0 0 0 0 0 0 0 0 0 0 0 0 0 0 0 1 0 0 0 1 4 0 0 37 0 0 62 84 0 0 0 73 0
0 0 11 0 0 0 0 0 0 0 0 0 0 0 0 0 0 0 0 0 0 0 0 2 0 0 0 1 3 0 0 38 0 0 61 78 0 0 0 71 0
0 0 12 0 0 0 0 0 0 0 0 0 0 0 0 0 0 0 0 0 0 0 0 0 0 0 0 1 0 0 0 46 0 0 61 72 0 0 0 69 0
0 0 8 0 0 0 0 0 0 0 0 0 0 0 0 0 0 0 0 0 0 0 0 0 0 0 0 1 2 0 0 37 0 0 65 80 0 0 0 74 0
0 0 10 0 0 0 0 0 0 0 0 0 0 0 0 0 0 0 0 0 0 0 0 0 0 0 0 1 0 0 0 42 0 0 64 78 0 0 0 72 0
0 3 18 6 0 0 0 0 0 0 0 0 0 0 0 0 0 0 0 0 0 0 14 7 0 8 1 0 3 0 0 39 0 0 31 53 0 0 0 47 5
0 5 18 9 0 0 0 0 0 0 0 0 0 0 0 0 0 0 0 0 0 0 28 7 0 13 5 0 1 1 0 40 0 0 16 28 0 0 0 30 7
0 0 7 0 0 0 0 0 0 0 0 0 0 0 0 0 0 0 0 0 0 0 0 0 0 0 0 2 2 0 0 36 0 0 63 80 0 0 0 72 0
0 0 8 0 0 0 0 0 0 0 0 0 0 0 0 0 0 0 0 0 0 0 0 0 0 0 0 1 4 0 0 33 0 0 63 84 0 0 0 74 0
0 0 7 0 0 0 0 0 0 0 0 0 0 0 0 0 0 0 0 0 0 0 0 0 0 0 0 0 4 0 0 33 0 0 64 85 0 0 0 75 0
0 0 13 0 0 0 0 0 0 0 0 0 0 0 0 0 0 0 0 0 0 0 0 2 0 0 0 0 4 0 0 38 0 0 56 79 0 0 0 70 1
0 0 11 0 0 0 0 0 0 0 0 0 0 0 0 0 0 0 0 0 0 0 0 2 0 0 0 0 5 0 0 34 0 0 55 78 0 0 0 69 1
0 0 14 0 0 0 0 0 0 0 0 0 0 0 0 0 0 0 0 0 0 0 0 0 0 0 0 1 0 0 0 44 0 0 56 68 0 1 0 65 0
0 2 18 6 0 0 0 0 0 0 0 0 0 0 0 0 0 0 0 0 0 0 10 7 0 7 0 0 3 0 0 39 0 0 39 62 0 0 0 54 3
0 4 19 10 0 0 0 0 0 0 0 0 0 0 0 0 0 0 0 0 0 0 26 7 0 13 5 0 0 1 0 43 0 0 17 31 0 0 0 32 7
0 0 8 0 0 0 0 0 0 0 0 0 0 0 0 0 0 0 0 0 0 0 0 0 0 0 0 1 2 0 0 39 0 0 67 81 0 0 0 74 0
0 1 18 1 0 0 0 0 0 0 0 0 0 0 0 0 0 0 0 0 0 0 0 6 0 2 0 0 5 0 0 37 0 0 50 81 0 0 0 68 4
0 7 18 11 0 0 0 0 0 0 0 0 0 0 0 0 0 0 0 0 0 0 39 6 0 17 9 0 0 1 0 43 0 0 0 0 0 0 0 14 7
0 1 20 2 0 0 0 0 0 0 0 0 0 0 0 0 0 0 0 0 0 0 1 7 0 3 0 0 5 0 0 43 0 0 52 81 0 0 0 69 4
0 2 18 0 0 0 0 0 0 0 0 0 0 0 0 0 0 0 0 0 0 0 0 6 0 1 0 0 6 0 0 36 0 0 48 77 0 0 0 66 3
0 0 12 0 0 0 0 0 0 0 0 0 0 0 0 0 0 0 0 0 0 0 0 0 0 0 0 1 0 0 0 44 0 0 61 75 0 0 0 68 0
0 0 17 0 0 0 0 0 0 0 0 0 0 0 0 0 0 0 0 0 0 0 0 0 0 0 0 1 0 0 0 50 0 0 57 75 0 3 0 67 0
0 0 8 0 0 0 0 0 0 0 0 0 0 0 0 0 0 0 0 0 0 0 0 0 0 0 0 2 1 0 0 40 0 0 65 81 0 0 0 72 0
0 0 13 0 0 0 0 0 0 0 0 0 0 0 0 0 0 0 0 0 0 0 0 2 0 0 0 1 3 0 0 44 0 0 65 85 0 0 0 76 1
0 0 10 0 0 0 0 0 0 0 0 0 0 0 0 0 0 0 0 0 0 0 0 0 0 0 0 0 4 0 0 37 0 0 65 89 0 0 0 78 1
0 0 13 0 0 0 0 0 0 0 0 0 0 0 0 0 0 0 0 0 0 0 0 2 0 0 0 0 5 0 0 37 0 0 58 84 0 0 0 73 2
0 0 12 0 0 0 0 0 0 0 0 0 0 0 0 0 0 0 0 0 0 0 0 0 0 0 0 1 0 0 0 44 0 0 60 76 0 1 0 70 0
0 8 20 11 0 0 0 0 0 0 0 0 0 0 0 0 0 0 0 0 0 0 36 6 0 16 8 0 0 1 0 41 0 0 0 0 0 0 0 9 7
0 0 9 0 0 0 0 0 0 0 0 0 0 0 0 0 0 0 0 0 0 0 0 1 0 0 0 1 3 0 0 36 0 0 62 80 0 0 0 70 0
0 0 9 0 0 0 0 0 0 0 0 0 0 0 0 0 0 0 0 0 0 0 0 1 0 0 0 1 2 0 0 43 0 0 65 81 0 0 0 74 0
0 0 5 0 0 0 0 0 0 0 0 0 0 0 0 0 0 0 0 0 0 0 0 0 0 0 0 2 1 1 0 39 0 0 67 80 0 0 0 74 0
0 0 13 0 0 0 0 0 0 0 0 0 0 0 0 0 0 0 0 0 0 0 0 2 0 0 0 0 6 0 0 33 0 0 55 80 0 0 0 70 2
0 3 19 6 0 0 0 0 0 0 0 0 0 0 0 0 0 0 0 0 0 0 12 7 0 8 1 0 3 0 0 42 0 0 35 58 0 0 0 51 5
0 3 18 7 0 0 0 0 0 0 0 0 0 0 0 0 0 0 0 0 0 0 14 7 0 8 2 0 3 0 0 39 0 0 32 53 0 0 0 47 4
0 4 18 10 0 0 0 0 0 0 0 0 0 0 0 0 0 0 0 0 0 0 27 7 0 13 5 0 0 1 0 45 0 0 21 33 0 0 0 35 6
0 0 9 0 0 0 0 0 0 0 0 0 0 0 0 0 0 0 0 0 0 0 0 1 0 0 0 0 4 0 0 34 0 0 61 81 0 0 0 72 0
0 0 10 0 0 0 0 0 0 0 0 0 0 0 0 0 0 0 0 0 0 0 0 1 0 0 0 1 3 0 0 39 0 0 66 86 0 0 0 77 1
0 1 18 3 0 0 0 0 0 0 0 0 0 0 0 0 0 0 0 0 0 0 2 6 0 3 0 0 5 0 0 36 0 0 43 72 0 0 0 60 3
0 0 9 0 0 0 0 0 0 0 0 0 0 0 0 0 0 0 0 0 0 0 0 0 0 0 0 0 3 0 0 36 0 0 64 84 0 0 0 74 0
0 8 57 0 0 0 0 0 0 0 0 0 0 0 0 0 0 0 0 0 0 0 0 0 0 0 0 0 0 0 0 138 0 14 0 0 0 23 0 0 9
0 0 8 0 0 0 0 0 0 0 0 0 0 0 0 0 0 0 0 0 0 0 0 0 0 0 0 1 3 0 0 34 0 0 65 87 0 0 0 76 1
0 0 7 0 0 0 0 0 0 0 0 0 0 0 0 0 0 0 0 0 0 0 0 0 0 0 0 1 1 0 0 39 0 0 67 84 0 0 0 76 0
0 0 9 0 0 0 0 0 0 0 0 0 0 0 0 0 0 0 0 0 0 0 0 0 0 0 0 1 2 0 0 38 0 0 62 79 0 0 0 72 0
0 0 8 0 0 0 0 0 0 0 0 0 0 0 0 0 0 0 0 0 0 0 0 0 0 0 0 1 2 0 0 37 0 0 64 80 0 0 0 73 0
0 0 11 0 0 0 0 0 0 0 0 0 0 0 0 0 0 0 0 0 0 0 0 0 0 0 0 1 0 0 0 43 0 0 64 76 0 0 0 70 0
0 16 20 6 0 0 0 0 0 0 0 0 0 0 0 0 0 0 0 0 0 0 56 1 0 16 18 0 0 0 0 20 0 0 0 0 0 0 0 0 2
0 0 14 0 0 0 0 0 0 0 0 0 0 0 0 0 0 0 0 0 0 0 0 3 0 0 0 0 5 0 0 37 0 0 58 83 0 0 0 73 1
0 0 7 0 0 0 0 0 0 0 0 0 0 0 0 0 0 0 0 0 0 0 0 0 0 0 0 1 1 0 0 41 0 0 71 84 0 0 0 77 0
0 1 17 0 0 0 0 0 0 0 0 0 0 0 0 0 0 0 0 0 0 0 0 5 0 1 0 0 6 0 0 35 0 0 47 75 0 0 0 64 3
0 0 7 0 0 0 0 0 0 0 0 0 0 0 0 0 0 0 0 0 0 0 0 0 0 0 0 1 2 0 0 40 0 0 69 84 0 0 0 76 0
0 0 10 0 0 0 0 0 0 0 0 0 0 0 0 0 0 0 0 0 0 0 0 1 0 0 0 0 2 0 0 39 0 0 65 84 0 0 0 75 0
0 0 7 0 0 0 0 0 0 0 0 0 0 0 0 0 0 0 0 0 0 0 0 0 0 0 0 2 1 0 0 40 0 0 66 81 0 0 0 75 0
0 0 4 0 0 0 0 0 0 0 0 0 0 0 0 0 0 0 0 0 0 0 0 0 0 0 0 1 2 1 0 35 0 0 69 84 0 0 0 77 0
0 1 19 0 0 0 0 0 0 0 0 0 0 0 0 0 0 0 0 0 0 0 0 6 0 1 0 0 6 0 0 36 0 0 48 79 0 0 0 66 4
0 0 9 0 0 0 0 0 0 0 0 0 0 0 0 0 0 0 0 0 0 0 0 1 0 0 0 1 3 0 0 37 0 0 62 80 0 0 0 71 0
0 0 5 0 0 0 0 0 0 0 0 0 0 0 0 0 0 0 0 0 0 0 0 0 0 0 0 1 2 0 0 34 0 0 69 83 0 0 0 77 0
0 0 13 0 0 0 0 0 0 0 0 0 0 0 0 0 0 0 0 0 0 0 0 2 0 0 0 0 4 0 0 40 0 0 62 86 0 0 0 75 2
9 28 1 2 0 0 0 0 0 0 0 0 0 0 0 0 0 0 0 0 0 0 85 0 0 13 38 0 0 0 0 0 0 0 0 0 0 0 0 0 0
0 0 5 0 0 0 0 0 0 0 0 0 0 0 0 0 0 0 0 0 0 0 0 0 0 0 0 2 1 0 0 40 0 0 68 79 0 0 0 73 0
0 2 18 2 0 0 0 0 0 0 0 0 0 0 0 0 0 0 0 0 0 0 1 6 0 3 0 0 5 0 0 36 0 0 46 74 0 0 0 63 3
0 5 17 9 0 0 0 0 0 0 0 0 0 0 0 0 0 0 0 0 0 0 26 7 0 14 5 0 0 1 0 40 0 0 16 28 0 0 0 31 6
0 0 5 0 0 0 0 0 0 0 0 0 0 0 0 0 0 0 0 0 0 0 0 0 0 0 0 2 2 1 0 38 0 0 66 79 0 0 0 73 0
0 5 17 8 0 0 0 0 0 0 0 0 0 0 0 0 0 0 0 0 0 0 25 6 0 13 4 0 1 1 0 41 0 0 21 34 0 0 0 36 7
0 0 8 0 0 0 0 0 0 0 0 0 0 0 0 0 0 0 0 0 0 0 0 0 0 0 0 2 1 0 0 41 0 0 64 79 0 0 0 72 0
0 4 19 9 0 0 0 0 0 0 0 0 0 0 0 0 0 0 0 0 0 0 28 6 0 13 5 0 1 1 0 43 0 0 22 35 0 0 0 36 9
0 0 13 0 0 0 0 0 0 0 0 0 0 0 0 0 0 0 0 0 0 0 0 2 0 0 0 0 5 0 0 38 0 0 58 81 0 0 0 72 1
0 4 20 9 0 0 0 0 0 0 0 0 0 0 0 0 0 0 0 0 0 0 23 7 0 12 4 0 2 1 0 45 0 0 26 46 0 0 0 46 8
0 0 10 0 0 0 0 0 0 0 0 0 0 0 0 0 0 0 0 0 0 0 0 1 0 0 0 0 4 0 0 37 0 0 65 88 0 0 0 77 1
0 0 12 0 0 0 0 0 0 0 0 0 0 0 0 0 0 0 0 0 0 0 0 2 0 0 0 0 5 0 0 35 0 0 58 83 0 0 0 73 1
3 22 14 2 0 0 0 0 0 0 0 0 0 0 0 0 0 0 0 0 0 0 71 0 0 14 28 0 0 0 0 0 1 0 0 0 0 0 0 0 0
0 0 12 0 0 0 0 0 0 0 0 0 0 0 0 0 0 0 0 0 0 0 0 2 0 0 0 0 5 0 0 35 0 0 58 83 0 0 0 71 1
0 0 6 0 0 0 0 0 0 0 0 0 0 0 0 0 0 0 0 0 0 0 0 0 0 0 0 1 2 0 0 36 0 0 67 81 0 0 0 74 0
0 0 11 0 0 0 0 0 0 0 0 0 0 0 0 0 0 0 0 0 0 0 0 0 0 0 0 1 0 0 0 44 0 0 60 73 0 0 0 67 0
0 8 19 10 0 0 0 0 0 0 0 0 0 0 0 0 0 0 0 0 0 0 37 6 0 16 9 0 0 2 0 41 0 0 0 0 0 0 0 12 7
0 3 18 6 0 0 0 0 0 0 0 0 0 0 0 0 0 0 0 0 0 0 13 7 0 8 1 0 3 0 0 39 0 0 33 54 0 0 0 48 4
0 0 7 0 0 0 0 0 0 0 0 0 0 0 0 0 0 0 0 0 0 0 0 0 0 0 0 1 3 0 0 38 0 0 65 82 0 0 0 73 0
0 2 18 6 0 0 0 0 0 0 0 0 0 0 0 0 0 0 0 0 0 0 11 7 0 8 0 0 3 0 0 40 0 0 37 59 0 0 0 52 4
0 2 20 2 0 0 0 0 0 0 0 0 0 0 0 0 0 0 0 0 0 0 4 6 0 4 0 0 4 0 0 43 0 0 48 75 0 0 0 64 5
0 0 10 0 0 0 0 0 0 0 0 0 0 0 0 0 0 0 0 0 0 0 0 1 0 0 0 0 4 0 0 36 0 0 61 84 0 0 0 73 1
0 0 13 0 0 0 0 0 0 0 0 0 0 0 0 0 0 0 0 0 0 0 0 2 0 0 0 0 5 0 0 36 0 0 60 86 0 0 0 75 2
0 0 9 0 0 0 0 0 0 0 0 0 0 0 0 0 0 0 0 0 0 0 0 1 0 0 0 1 4 0 0 33 0 0 62 85 0 0 0 74 1
0 0 21 0 0 0 0 0 0 0 0 0 0 0 0 0 0 0 0 0 0 0 0 0 0 0 0 0 0 0 0 53 0 0 61 76 0 4 0 68 2
0 0 8 0 0 0 0 0 0 0 0 0 0 0 0 0 0 0 0 0 0 0 0 0 0 0 0 0 5 0 0 33 0 0 67 90 0 0 0 78 1
0 0 7 0 0 0 0 0 0 0 0 0 0 0 0 0 0 0 0 0 0 0 0 0 0 0 0 1 3 0 0 34 0 0 66 85 0 0 0 77 0
0 0 6 0 0 0 0 0 0 0 0 0 0 0 0 0 0 0 0 0 0 0 0 0 0 0 0 1 1 0 0 35 0 0 63 79 0 0 0 71 0
0 0 7 0 0 0 0 0 0 0 0 0 0 0 0 0 0 0 0 0 0 0 0 0 0 0 0 2 2 0 0 39 0 0 63 78 0 0 0 71 0
0 0 6 0 0 0 0 0 0 0 0 0 0 0 0 0 0 0 0 0 0 0 0 0 0 0 0 2 1 0 0 40 0 0 70 85 0 0 0 77 0
0 0 17 0 0 0 0 0 0 0 0 0 0 0 0 0 0 0 0 0 0 0 0 5 0 0 0 0 7 0 0 36 0 0 51 84 0 0 0 71 4
0 1 18 1 0 0 0 0 0 0 0 0 0 0 0 0 0 0 0 0 0 0 0 6 0 2 0 0 6 0 0 38 0 0 48 76 0 0 0 65 3
0 2 19 3 0 0 0 0 0 0 0 0 0 0 0 0 0 0 0 0 0 0 3 6 0 4 0 0 5 0 0 35 0 0 43 71 0 0 0 60 4
0 0 14 0 0 0 0 0 0 0 0 0 0 0 0 0 0 0 0 0 0 0 0 3 0 0 0 0 4 0 0 38 0 0 54 76 0 0 0 67 1
0 5 18 10 0 0 0 0 0 0 0 0 0 0 0 0 0 0 0 0 0 0 28 7 0 14 6 0 0 1 0 47 0 0 16 25 0 0 0 31 6
0 4 19 9 0 0 0 0 0 0 0 0 0 0 0 0 0 0 0 0 0 0 24 7 0 12 4 0 0 1 0 43 0 0 21 38 0 0 0 37 8
0 0 8 0 0 0 0 0 0 0 0 0 0 0 0 0 0 0 0 0 0 0 0 0 0 0 0 0 4 0 0 36 0 0 66 86 0 0 0 77 0
0 0 8 0 0 0 0 0 0 0 0 0 0 0 0 0 0 0 0 0 0 0 0 1 0 0 0 1 3 0 0 39 0 0 64 80 0 0 0 72 0
0 0 9 0 0 0 0 0 0 0 0 0 0 0 0 0 0 0 0 0 0 0 0 1 0 0 0 1 2 0 0 39 0 0 64 81 0 0 0 73 0
0 2 19 1 0 0 0 0 0 0 0 0 0 0 0 0 0 0 0 0 0 0 2 6 0 3 0 0 6 0 0 38 0 0 50 80 0 0 0 68 4
0 3 18 5 0 0 0 0 0 0 0 0 0 0 0 0 0 0 0 0 0 0 11 6 0 7 0 0 4 0 0 36 0 0 35 60 0 0 0 53 5
0 4 18 8 0 0 0 0 0 0 0 0 0 0 0 0 0 0 0 0 0 0 17 7 0 10 2 0 1 0 0 37 0 0 23 40 0 0 0 37 4
0 0 12 0 0 0 0 0 0 0 0 0 0 0 0 0 0 0 0 0 0 0 0 2 0 0 0 0 4 0 0 38 0 0 59 82 0 0 0 72 1
0 0 10 0 0 0 0 0 0 0 0 0 0 0 0 0 0 0 0 0 0 0 0 1 0 0 0 0 4 0 0 39 0 0 66 90 0 0 0 80 1
0 0 8 0 0 0 0 0 0 0 0 0 0 0 0 0 0 0 0 0 0 0 0 0 0 0 0 1 2 0 0 37 0 0 63 80 0 0 0 71 0
0 0 6 0 0 0 0 0 0 0 0 0 0 0 0 0 0 0 0 0 0 0 0 0 0 0 0 1 3 0 0 34 0 0 62 79 0 0 0 72 0
0 1 17 0 0 0 0 0 0 0 0 0 0 0 0 0 0 0 0 0 0 0 0 4 0 0 0 0 7 0 0 36 0 0 54 85 0 0 0 73 3
0 0 11 0 0 0 0 0 0 0 0 0 0 0 0 0 0 0 0 0 0 0 0 1 0 0 0 0 4 0 0 35 0 0 62 86 0 0 0 75 1
