0 0 32 0 0 0 0 0 0 0 0 0 0 0 0 0 0 0 0 0 0 0 36 0 8 0 0 0 0 8 0 9 0 0 0 0 0 0 0 0 0
0 0 39 0 0 0 0 0 0 0 0 0 0 0 0 0 0 0 0 0 0 0 34 0 7 0 0 0 0 4 0 11 0 0 0 0 0 0 0 0 0
8 0 0 0 0 0 0 0 1 0 0 0 0 0 0 0 0 15 0 0 0 0 0 19 0 27 7 0 17 0 23 0 20 0 0 0 0 0 2 8 0
0 0 39 0 0 0 0 0 0 0 0 0 0 0 0 0 0 0 0 0 0 0 35 0 7 0 0 0 0 4 0 11 0 0 0 0 0 0 0 0 0
0 0 31 0 0 0 0 0 0 0 0 0 0 0 0 0 0 0 0 0 0 0 36 0 7 0 0 0 0 7 0 8 0 0 0 0 0 0 0 0 0
0 0 0 0 0 0 0 0 0 0 0 0 0 0 0 0 0 0 0 0 0 0 0 13 0 6 1 0 24 5 4 0 19 5 0 0 0 0 0 0 0
0 0 28 0 0 0 0 0 0 0 0 0 0 0 0 0 0 0 0 0 0 0 27 0 4 0 0 0 0 3 0 6 0 0 0 0 0 0 0 0 0
8 0 0 0 0 0 0 0 1 0 0 0 0 0 0 0 0 18 0 0 0 0 0 14 0 23 4 0 8 0 20 0 13 0 0 0 0 0 2 9 0
0 0 39 0 0 0 0 0 0 0 0 0 0 0 0 0 0 0 0 0 0 0 40 0 10 0 0 0 0 8 0 11 0 0 0 0 0 0 0 0 0
0 0 37 0 0 0 0 0 0 0 0 0 0 0 0 0 0 4 0 0 0 0 23 0 3 0 0 0 0 0 0 8 0 0 0 0 0 0 0 0 0
0 0 0 0 0 0 0 0 0 0 0 0 0 0 0 0 0 0 0 0 0 0 0 19 0 15 5 0 30 1 13 0 29 6 0 0 1 0 1 0 0
0 0 43 0 0 0 0 0 0 0 0 0 0 0 0 0 0 0 0 0 0 0 42 0 11 0 0 0 0 8 0 12 0 0 0 0 0 0 0 0 0
12 0 0 0 0 0 0 0 2 0 0 0 0 0 0 0 0 25 0 0 0 0 0 20 0 37 6 0 14 0 31 0 20 0 0 0 0 0 3 15 1
0 0 0 0 0 0 0 0 0 0 0 0 0 0 0 0 0 0 0 0 0 0 25 4 8 0 0 0 13 17 0 0 6 3 0 0 0 0 0 0 0
12 0 0 0 0 0 0 0 2 0 0 0 0 0 0 0 0 28 0 0 0 0 0 16 0 32 6 0 1 0 28 0 11 0 0 0 0 0 2 15 0
0 0 36 0 0 0 0 0 0 0 0 0 0 0 0 0 0 4 0 0 0 0 23 0 3 0 0 0 0 0 0 8 0 0 0 0 0 0 0 0 0
0 0 30 0 0 0 0 0 0 0 0 0 0 0 0 0 0 0 0 0 0 0 38 0 8 0 0 0 0 9 0 7 0 0 0 0 0 0 0 0 0
0 0 37 0 0 0 0 0 0 0 0 0 0 0 0 0 0 0 0 0 0 0 34 0 7 0 0 0 0 5 0 10 0 0 0 0 0 0 0 0 0
3 0 0 0 0 0 0 0 1 0 0 0 0 0 0 0 0 3 0 0 0 0 0 18 0 17 4 0 25 0 14 0 24 4 0 0 0 0 1 1 0
0 0 42 0 0 0 0 0 0 0 0 0 0 0 0 0 0 0 0 0 0 0 37 0 9 0 0 0 0 5 0 12 0 0 0 0 0 0 0 0 0
0 0 32 0 0 0 0 0 0 0 0 0 0 0 0 0 0 0 0 0 0 0 28 0 5 0 0 0 0 3 0 7 0 0 0 0 0 0 0 0 0
0 0 35 0 0 0 0 0 0 0 0 0 0 0 0 0 0 0 0 0 0 0 44 0 12 0 0 0 0 13 0 10 0 0 0 0 0 0 0 0 0
0 0 44 0 0 0 0 0 0 0 0 0 0 0 0 0 0 0 0 0 0 0 38 0 9 0 0 0 0 5 0 12 0 0 0 0 0 0 0 0 0
11 0 0 0 0 0 0 0 1 0 0 0 0 0 0 0 0 24 0 0 0 0 0 18 0 32 5 0 9 0 27 0 15 0 0 0 0 0 2 13 0
6 0 0 0 0 0 0 0 1 0 0 0 0 0 0 0 0 13 0 0 0 0 0 10 0 16 3 0 5 0 14 0 10 0 0 0 0 0 1 6 0
0 0 45 0 0 0 0 0 0 0 0 0 0 0 0 0 0 0 0 0 0 0 41 0 10 0 0 0 0 6 0 12 0 0 0 0 0 0 0 0 0
0 0 33 0 0 0 0 0 0 0 0 0 0 0 0 0 0 0 0 0 0 0 35 0 8 0 0 0 0 6 0 10 0 0 0 0 0 0 0 0 0
6 0 0 0 0 0 0 0 1 0 0 0 0 0 0 0 0 12 0 0 0 0 0 23 0 28 10 0 25 0 25 0 29 2 0 0 0 0 2 5 0
0 0 0 0 0 0 0 0 0 0 0 0 0 0 0 0 0 0 0 0 0 0 12 9 4 0 0 0 29 17 0 0 19 8 0 0 0 0 0 0 0
8 0 1 0 0 0 0 0 1 0 0 0 0 0 0 0 0 18 0 0 0 0 0 11 0 19 3 0 0 0 17 0 6 0 0 0 0 0 1 9 0
0 0 39 0 0 0 0 0 0 0 0 0 0 0 0 0 0 0 0 0 0 0 39 0 10 0 0 0 0 8 0 11 0 0 0 0 0 0 0 0 0
0 0 35 0 0 0 0 0 0 0 0 0 0 0 0 0 0 0 0 0 0 0 33 0 6 0 0 0 0 4 0 9 0 0 0 0 0 0 0 0 0
4 0 29 0 0 0 0 0 0 0 0 0 0 0 0 0 0 14 0 0 0 0 7 1 0 5 4 0 0 0 6 4 0 0 0 0 0 0 0 4 0
0 0 20 0 0 0 0 0 0 0 0 0 0 0 0 0 0 0 0 0 0 0 38 0 11 0 0 0 0 15 0 6 0 0 0 0 0 0 0 0 0
2 0 28 0 0 0 0 0 0 0 0 0 0 0 0 0 0 7 0 0 0 0 14 0 1 0 1 0 0 0 0 5 0 0 0 0 0 0 0 2 0
0 0 21 0 0 0 0 0 0 0 0 0 0 0 0 0 0 0 0 0 0 0 31 0 6 0 0 0 0 9 0 5 0 0 0 0 0 0 0 0 0
7 2 0 1 0 0 0 2 1 0 0 0 0 0 0 0 0 11 0 0 0 0 0 30 0 38 14 0 39 0 34 0 46 6 1 0 4 0 5 4 0
0 0 31 0 0 0 0 0 0 0 0 0 0 0 0 0 0 0 0 0 0 0 39 0 10 0 0 0 0 10 0 9 0 0 0 0 0 0 0 0 0
11 0 0 0 0 0 0 1 2 0 0 0 0 0 0 0 0 25 0 0 0 0 0 20 0 35 6 0 11 0 30 0 18 0 0 0 0 0 3 14 0
8 0 0 0 0 0 0 1 1 0 0 0 0 0 0 0 0 15 0 0 0 0 0 25 0 34 10 0 26 0 30 0 33 2 0 0 1 0 4 7 0
10 0 0 1 0 0 0 1 2 0 0 0 0 0 0 0 0 18 0 0 0 0 0 29 0 40 13 0 30 0 35 0 39 3 1 0 2 0 5 8 0
0 0 42 0 0 0 0 0 0 0 0 0 0 0 0 0 0 0 0 0 0 0 38 0 9 0 0 0 0 6 0 11 0 0 0 0 0 0 0 0 0
0 0 31 0 0 0 0 0 0 0 0 0 0 0 0 0 0 4 0 0 0 0 21 0 2 0 0 0 0 0 0 6 0 0 0 0 0 0 0 0 0
12 0 0 0 0 0 0 0 1 0 0 0 0 0 0 0 0 27 0 0 0 0 0 20 0 37 7 0 10 0 31 0 16 0 1 0 0 0 2 16 0
2 0 0 0 0 0 0 0 0 0 0 0 0 0 0 0 0 1 0 0 0 0 0 21 0 20 6 0 32 0 18 0 32 6 0 0 1 0 1 0 0
9 0 7 0 0 0 0 0 1 0 0 0 0 0 0 0 0 24 0 0 0 0 0 10 0 22 5 0 0 0 20 0 5 0 0 0 0 0 1 11 0
0 0 40 0 0 0 0 0 0 0 0 0 0 0 0 0 0 0 0 0 0 0 35 0 8 0 0 0 0 5 0 11 0 0 0 0 0 0 0 0 0
0 0 35 0 0 0 0 0 0 0 0 0 0 0 0 0 0 0 0 0 0 0 36 0 7 0 0 0 0 6 0 10 0 0 0 0 0 0 0 0 0
10 0 0 0 0 0 0 1 1 0 0 0 0 0 0 0 0 20 0 0 0 0 0 26 0 38 10 0 21 0 32 0 29 0 1 0 0 0 4 11 0
12 0 0 0 0 0 0 1 1 0 0 0 0 0 0 0 0 27 0 0 0 0 0 19 0 36 6 0 8 0 30 0 15 0 1 0 0 0 3 16 1
13 0 0 0 0 0 0 1 2 0 0 0 0 0 0 0 0 28 0 0 0 0 0 23 0 41 8 0 14 0 35 0 21 0 0 0 0 0 4 17 1
0 1 43 0 0 0 0 0 0 0 0 0 0 0 0 0 0 0 0 0 0 0 33 0 6 0 0 0 0 3 0 12 0 0 0 0 0 0 0 0 0
0 0 0 0 0 0 0 0 0 0 0 0 0 0 0 0 0 0 0 0 0 0 0 11 0 0 0 0 32 10 0 0 24 9 0 0 0 0 0 0 0
3 0 27 0 0 0 0 0 0 0 0 0 0 0 0 0 0 10 0 0 0 0 11 0 0 2 2 0 0 0 3 4 0 0 0 0 0 0 0 3 0
0 0 24 0 0 0 0 0 0 0 0 0 0 0 0 0 0 0 0 0 0 0 34 0 7 0 0 0 0 10 0 6 0 0 0 0 0 0 0 0 0
10 0 0 0 0 0 0 0 1 0 0 0 0 0 0 0 0 21 0 0 0 0 0 17 0 30 5 0 10 0 25 0 15 0 0 0 0 0 2 12 0
16 0 0 0 0 0 0 2 3 0 0 0 0 0 0 0 0 33 0 0 0 0 0 30 0 54 11 0 21 0 46 0 31 0 1 0 0 0 6 20 1
2 0 0 0 0 0 0 0 0 0 0 0 0 0 0 0 0 1 0 0 0 0 0 13 0 11 1 0 20 2 9 0 18 3 0 0 0 0 0 1 0
0 0 0 0 0 0 0 0 0 0 0 0 0 0 0 0 0 0 0 0 0 0 9 9 3 0 0 0 28 16 0 0 19 8 0 0 0 0 0 0 0
0 0 38 0 0 0 0 0 0 0 0 0 0 0 0 0 0 0 0 0 0 0 41 0 11 0 0 0 0 10 0 11 0 0 0 0 0 0 0 0 0
0 0 23 0 0 0 0 0 0 0 0 0 0 0 0 0 0 0 0 0 0 0 31 0 5 0 0 0 0 7 0 6 0 0 0 0 0 0 0 0 0
16 0 0 0 0 0 0 2 3 0 0 0 0 0 1 0 0 33 0 0 0 0 0 30 0 54 11 0 20 0 45 0 30 0 1 0 0 0 6 20 0
0 0 37 0 0 0 0 0 0 0 0 0 0 0 0 0 0 0 0 0 0 0 30 0 6 0 0 0 0 3 0 10 0 0 0 0 0 0 0 0 0
0 0 39 0 0 0 0 0 0 0 0 0 0 0 0 0 0 0 0 0 0 0 33 0 7 0 0 0 0 4 0 11 0 0 0 0 0 0 0 0 0
0 0 0 0 0 0 0 0 0 0 0 0 0 0 0 0 0 0 0 0 0 0 8 4 0 0 0 0 7 5 0 0 3 1 0 0 0 0 0 0 0
0 0 26 0 0 0 0 0 0 0 0 0 0 0 0 0 0 0 0 0 0 0 33 0 6 0 0 0 0 8 0 7 0 0 0 0 0 0 0 0 0
0 0 19 0 0 0 0 0 0 0 0 0 0 0 0 0 0 0 0 0 0 0 39 0 10 0 0 0 0 15 0 5 0 0 0 0 0 0 0 0 0
0 0 43 0 0 0 0 0 0 0 0 0 0 0 0 0 0 0 0 0 0 0 39 0 9 0 0 0 0 7 0 12 0 0 0 0 0 0 0 0 0
0 0 32 0 0 0 0 0 0 0 0 0 0 0 0 0 0 0 0 0 0 0 35 0 7 0 0 0 0 7 0 8 0 0 0 0 0 0 0 0 0
0 0 0 0 0 0 0 0 0 0 0 0 0 0 0 0 0 0 0 0 0 0 0 9 0 0 0 0 28 9 0 0 19 8 0 0 0 0 0 0 0
0 0 40 0 0 0 0 0 0 0 0 0 0 0 0 0 0 0 0 0 0 0 34 0 7 0 0 0 0 4 0 11 0 0 0 0 0 0 0 0 0
0 0 45 0 0 0 0 0 0 0 0 0 0 0 0 0 0 0 0 0 0 0 39 0 10 0 0 0 0 6 0 12 0 0 0 0 0 0 0 0 0
11 0 0 0 0 0 0 0 1 0 0 0 0 0 0 0 0 27 0 0 0 0 0 18 0 33 7 0 5 0 29 0 13 0 1 0 0 0 2 15 0
0 0 0 0 0 0 0 0 0 0 0 0 0 0 0 0 0 0 0 0 0 0 0 15 0 7 2 0 29 6 5 0 24 7 0 0 0 0 0 0 0
0 0 44 0 0 0 0 0 0 0 0 0 0 0 0 0 0 0 0 0 0 0 41 0 11 0 0 0 0 8 0 13 0 0 0 0 0 0 0 0 0
0 0 29 0 0 0 0 0 0 0 0 0 0 0 0 0 0 0 0 0 0 0 29 0 5 0 0 0 0 4 0 7 0 0 0 0 0 0 0 0 0
14 0 0 0 0 0 0 0 1 0 0 0 0 0 0 0 0 33 0 0 0 0 0 20 0 39 8 0 4 0 33 0 13 0 1 0 0 0 2 18 0
16 1 0 1 0 0 0 3 3 0 0 1 0 1 1 0 0 32 0 0 0 0 0 39 0 62 16 0 32 0 54 0 45 1 1 0 2 0 8 19 0
0 0 38 0 0 0 0 0 0 0 0 0 0 0 0 0 0 0 0 0 0 0 42 0 10 0 0 0 0 9 0 11 0 0 0 0 0 0 0 0 0
2 0 0 0 0 0 0 0 0 0 0 0 0 0 0 0 0 4 0 0 0 0 0 8 0 7 0 0 7 0 5 0 6 0 0 0 0 0 0 2 0
8 0 0 0 0 0 0 1 1 0 0 0 0 0 0 0 0 16 0 0 0 0 0 25 0 33 11 0 24 0 29 0 31 2 1 0 0 0 3 7 0
0 0 37 0 0 0 0 0 0 0 0 0 0 0 0 0 0 0 0 0 0 0 34 0 7 0 0 0 0 4 0 10 0 0 0 0 0 0 0 0 0
0 0 0 0 0 0 0 0 0 0 0 0 0 0 0 0 0 0 0 0 0 0 9 8 2 0 0 0 25 14 0 0 14 7 0 0 0 0 0 0 0
0 0 46 0 0 0 0 0 0 0 0 0 0 0 0 0 0 0 0 0 0 0 40 0 9 0 0 0 0 5 0 13 0 0 0 0 0 0 0 0 0
0 0 25 0 0 0 0 0 0 0 0 0 0 0 0 0 0 0 0 0 0 0 32 0 6 0 0 0 0 8 0 6 0 0 0 0 0 0 0 0 0
0 0 42 0 0 0 0 0 0 0 0 0 0 0 0 0 0 0 0 0 0 0 40 0 10 0 0 0 0 8 0 11 0 0 0 0 0 0 0 0 0
0 0 0 0 0 0 0 0 0 0 0 0 0 0 0 0 0 0 0 0 0 0 21 6 6 0 0 0 17 17 0 0 9 4 0 0 0 0 0 0 0
0 0 0 0 0 0 0 0 0 0 0 0 0 0 0 0 0 0 0 0 0 0 0 9 0 0 0 0 27 10 0 0 19 7 0 0 0 0 0 0 0
0 0 39 0 0 0 0 0 0 0 0 0 0 0 0 0 0 0 0 0 0 0 36 0 8 0 0 0 0 5 0 11 0 0 0 0 0 0 0 0 0
9 0 0 0 0 0 0 0 2 0 0 0 0 0 0 0 0 19 0 0 0 0 0 21 0 31 7 0 17 0 27 0 21 0 0 0 0 0 3 10 1
7 0 0 0 0 0 0 1 1 0 0 0 0 0 0 0 0 11 0 0 0 0 0 28 0 33 12 0 32 0 29 0 38 4 1 0 2 0 4 4 0
3 0 25 0 0 0 0 0 0 0 0 0 0 0 0 0 0 12 0 0 0 0 8 0 0 4 2 0 0 0 5 3 0 0 0 0 0 0 0 4 0
0 0 45 0 0 0 0 0 0 0 0 0 0 0 0 0 0 0 0 0 0 0 40 0 10 0 0 0 0 6 0 13 0 0 0 0 0 0 0 0 0
0 0 8 0 0 0 0 0 0 0 0 0 0 0 0 0 0 0 0 0 0 0 14 2 1 0 0 0 0 4 0 1 0 0 0 0 0 0 0 0 0
0 0 34 0 0 0 0 0 0 0 0 0 0 0 0 0 0 0 0 0 0 0 37 0 8 0 0 0 0 7 0 9 0 0 0 0 0 0 0 0 0
0 0 33 0 0 0 0 0 0 0 0 0 0 0 0 0 0 0 0 0 0 0 39 0 9 0 0 0 0 9 0 10 0 0 0 0 0 0 0 0 0
13 0 0 0 0 0 0 1 2 0 0 0 0 0 0 0 0 29 0 0 0 0 0 22 0 40 8 0 10 0 34 0 18 0 1 0 0 0 3 17 0
10 0 0 0 0 0 0 0 1 0 0 0 0 0 0 0 0 20 0 0 0 0 0 22 0 33 8 0 16 0 28 0 21 0 0 0 0 0 2 11 0
3 0 0 0 0 0 0 0 0 0 0 0 0 0 0 0 0 5 0 0 0 0 0 23 0 25 9 0 33 0 22 0 36 5 0 0 2 0 2 0 0
8 0 5 0 0 0 0 0 2 0 0 0 0 0 0 0 0 20 0 0 0 0 0 8 0 19 3 0 0 0 18 0 6 0 0 0 0 0 1 9 0
0 0 44 0 0 0 0 0 0 0 0 0 0 0 0 0 0 0 0 0 0 0 41 0 10 0 0 0 0 7 0 12 0 0 0 0 0 0 0 0 0
0 0 39 0 0 0 0 0 0 0 0 0 0 0 0 0 0 0 0 0 0 0 37 0 8 0 0 0 0 6 0 10 0 0 0 0 0 0 0 0 0
0 0 18 0 0 0 0 0 0 0 0 0 0 0 0 0 0 0 0 0 0 0 36 0 11 0 0 0 0 15 0 5 0 0 0 0 0 0 0 0 0
0 0 33 0 0 0 0 0 0 0 0 0 0 0 0 0 0 0 0 0 0 0 35 0 7 0 0 0 0 6 0 8 0 0 0 0 0 0 0 0 0
0 0 0 0 0 0 0 0 0 0 0 0 0 0 0 0 0 0 0 0 0 0 28 3 9 0 0 0 11 17 0 1 4 2 0 0 0 0 0 0 0
0 1 49 0 0 0 0 0 0 0 0 0 0 0 0 0 0 0 0 0 0 0 41 0 10 0 0 0 0 6 0 14 0 0 0 0 0 0 0 0 0
11 0 0 0 0 0 0 0 1 0 0 0 0 0 0 0 0 26 0 0 0 0 0 13 0 29 6 0 0 0 25 0 10 0 0 0 0 0 1 14 0
0 0 43 0 0 0 0 0 0 0 0 0 0 0 0 0 0 0 0 0 0 0 43 0 12 0 0 0 0 10 0 11 0 0 0 0 0 0 0 0 0
0 0 37 0 0 0 0 0 0 0 0 0 0 0 0 0 0 0 0 0 0 0 33 0 7 0 0 0 0 4 0 10 0 0 0 0 0 0 0 0 0
10 0 0 0 0 0 0 0 1 0 0 0 0 0 0 0 0 22 0 0 0 0 0 12 0 26 4 0 2 0 22 0 10 0 0 0 0 0 1 12 0
0 0 0 0 0 0 0 0 0 0 0 0 0 0 0 0 0 0 0 0 0 0 19 7 5 0 1 0 16 15 0 0 9 4 0 0 0 0 0 0 0
0 0 0 0 0 0 0 0 0 0 0 0 0 0 0 0 0 0 0 0 0 0 16 5 4 0 0 0 16 14 0 0 7 4 0 0 0 0 0 0 0
5 0 8 0 0 0 0 0 0 0 0 0 0 0 0 0 0 13 0 0 0 0 0 6 0 11 2 0 0 0 10 0 3 0 0 0 0 0 0 6 0
0 0 14 0 0 0 0 0 0 0 0 0 0 0 0 0 0 0 0 0 0 0 30 0 5 0 0 0 0 10 0 4 0 0 0 0 0 0 0 0 0
0 0 39 0 0 0 0 0 0 0 0 0 0 0 0 0 0 0 0 0 0 0 36 0 8 0 0 0 0 5 0 11 0 0 0 0 0 0 0 0 0
10 0 0 0 0 0 0 0 1 0 0 0 0 0 0 0 0 24 0 0 0 0 0 14 0 28 6 0 3 0 24 0 10 0 1 0 0 0 2 12 1
12 0 0 0 0 0 0 0 2 0 0 0 0 0 0 0 0 26 0 0 0 0 0 20 0 37 7 0 12 0 32 0 19 0 0 0 0 0 3 15 1
0 0 40 0 0 0 0 0 0 0 0 0 0 0 0 0 0 0 0 0 0 0 34 0 7 0 0 0 0 4 0 11 0 0 0 0 0 0 0 0 0
0 0 47 0 0 0 0 0 0 0 0 0 0 0 0 0 0 0 0 0 0 0 40 0 9 0 0 0 0 6 0 13 0 0 0 0 0 0 0 0 0
0 0 36 0 0 0 0 0 0 0 0 0 0 0 0 0 0 0 0 0 0 0 34 0 6 0 0 0 0 4 0 9 0 0 0 0 0 0 0 0 0
0 0 23 0 0 0 0 0 0 0 0 0 0 0 0 0 0 0 0 0 0 0 37 0 7 0 0 0 0 11 0 6 0 0 0 0 0 0 0 0 0
15 0 0 0 0 0 0 1 2 0 0 0 1 0 0 0 0 34 0 0 0 0 0 20 0 42 7 0 5 0 35 0 14 0 1 0 0 0 3 20 1
0 0 41 0 0 0 0 0 0 0 0 0 0 0 0 0 0 0 0 0 0 0 35 0 8 0 0 0 0 4 0 11 0 0 0 0 0 0 0 0 0
14 0 0 0 0 0 0 2 3 0 0 0 0 0 0 0 0 27 0 0 0 0 0 26 0 46 10 0 19 0 39 0 28 0 1 0 0 0 5 16 0
0 0 27 0 0 0 0 0 0 0 0 0 0 0 0 0 0 0 0 0 0 0 38 0 10 0 0 0 0 12 0 7 0 0 0 0 0 0 0 0 0
0 0 37 0 0 0 0 0 0 0 0 0 0 0 0 0 0 0 0 0 0 0 32 0 6 0 0 0 0 4 0 10 0 0 0 0 0 0 0 0 0
0 0 34 0 0 0 0 0 0 0 0 0 0 0 0 0 0 0 0 0 0 0 36 0 7 0 0 0 0 7 0 9 0 0 0 0 0 0 0 0 0
0 0 0 0 0 0 0 0 0 0 0 0 0 0 0 0 0 0 0 0 0 0 14 9 4 0 1 0 21 16 0 0 12 6 0 0 0 0 0 0 0
0 0 0 0 0 0 0 0 0 0 0 0 0 0 0 0 0 0 0 0 0 0 18 5 4 0 0 0 19 16 0 0 8 6 0 0 0 0 0 0 0
16 0 0 0 0 0 0 2 3 0 0 0 0 0 1 0 0 34 0 0 0 0 0 31 0 55 12 0 21 0 47 0 32 0 1 0 0 0 6 20 0
6 0 0 0 0 0 0 0 0 0 0 0 0 0 0 0 0 10 0 0 0 0 0 25 0 28 11 0 28 0 25 0 32 3 0 0 1 0 3 4 0
13 0 0 0 0 0 0 2 3 0 0 0 0 0 1 0 0 27 0 0 0 0 0 32 0 50 13 0 25 0 43 0 36 0 1 0 1 0 6 15 0
0 0 33 0 0 0 0 0 0 0 0 0 0 0 0 0 0 0 0 0 0 0 33 0 7 0 0 0 0 6 0 9 0 0 0 0 0 0 0 0 0
12 0 0 1 0 0 0 2 2 0 0 0 0 0 1 0 0 24 0 0 0 0 0 31 0 46 13 0 25 0 40 0 35 1 1 0 1 0 5 13 0
0 0 36 0 0 0 0 0 0 0 0 0 0 0 0 0 0 0 0 0 0 0 36 0 8 0 0 0 0 6 0 10 0 0 0 0 0 0 0 0 0
0 0 39 0 0 0 0 0 0 0 0 0 0 0 0 0 0 0 0 0 0 0 35 0 8 0 0 0 0 5 0 10 0 0 0 0 0 0 0 0 0
0 0 46 0 0 0 0 0 0 0 0 0 0 0 0 0 0 0 0 0 0 0 44 0 11 0 0 0 0 8 0 12 0 0 0 0 0 0 0 0 0
0 0 0 0 0 0 0 0 0 0 0 0 0 0 0 0 0 0 0 0 0 0 0 11 0 0 0 0 30 9 0 0 22 8 0 0 0 0 0 0 0
2 0 0 0 0 0 0 0 0 0 0 0 0 0 0 0 0 1 0 0 0 0 0 16 0 12 4 0 22 2 10 0 20 3 0 0 0 0 1 1 0
0 0 22 0 0 0 0 0 0 0 0 0 0 0 0 0 0 0 0 0 0 0 39 0 12 0 0 0 0 16 0 6 0 0 0 0 0 0 0 0 0
15 0 0 0 0 0 0 2 3 0 0 0 0 0 1 0 0 31 0 0 0 0 0 27 0 49 10 0 17 0 41 0 26 0 1 0 0 0 5 19 0
10 0 0 0 0 0 0 1 2 0 0 0 0 0 1 0 0 19 0 0 0 0 0 28 0 39 12 0 25 0 34 0 34 1 1 0 1 0 4 10 0
11 0 0 0 0 0 0 1 2 0 0 0 0 0 0 0 0 22 0 0 0 0 0 24 0 38 9 0 19 0 33 0 26 0 0 0 0 0 4 13 0
8 0 0 0 0 0 0 1 1 0 0 0 0 0 0 0 0 15 0 0 0 0 0 26 0 33 11 0 26 0 29 0 32 2 1 0 1 0 3 7 0
5 0 0 0 0 0 0 0 0 0 0 0 0 0 0 0 0 7 0 0 0 0 0 22 0 24 9 0 27 0 21 0 30 4 0 0 1 0 2 2 0
8 0 0 0 0 0 0 0 1 0 0 0 0 0 0 0 0 17 0 0 0 0 0 20 0 28 8 0 15 0 24 0 21 0 0 0 0 0 2 9 0
0 0 40 0 0 0 0 0 0 0 0 0 0 0 0 0 0 0 0 0 0 0 40 0 10 0 0 0 0 8 0 11 0 0 0 0 0 0 0 0 0
3 1 0 0 0 0 0 1 0 0 0 0 0 0 0 0 0 3 0 0 0 0 0 23 0 23 8 0 35 0 21 0 37 6 0 0 2 0 2 0 0
5 0 8 0 0 0 0 0 1 0 0 0 0 0 0 0 0 11 0 0 0 0 0 5 0 9 1 0 0 0 8 0 1 0 0 0 0 0 0 6 0
0 1 49 0 0 0 0 0 0 0 0 0 0 0 0 0 0 0 0 0 0 0 43 0 12 0 0 0 0 8 0 14 0 0 0 1 0 0 0 0 0
0 0 0 0 0 0 0 0 0 0 0 0 0 0 0 0 0 0 0 0 0 0 0 15 0 12 2 0 28 2 10 0 25 6 0 0 0 0 0 0 0
7 0 0 0 0 0 0 0 1 0 0 0 0 0 0 0 0 17 0 0 0 0 0 8 0 18 1 0 0 0 16 0 5 0 0 0 0 0 1 9 0
10 0 7 0 0 0 0 0 1 0 0 0 0 0 0 0 0 25 0 0 0 0 0 12 0 24 7 0 0 0 22 0 6 0 0 0 0 0 1 12 0
0 0 40 0 0 0 0 0 0 0 0 0 0 0 0 0 0 0 0 0 0 0 40 0 9 0 0 0 0 7 0 12 0 0 0 0 0 0 0 0 0
0 0 45 0 0 0 0 0 0 0 0 0 0 0 0 0 0 0 0 0 0 0 44 0 12 0 0 0 0 10 0 13 0 0 0 0 0 0 0 0 0
0 0 42 0 0 0 0 0 0 0 0 0 0 0 0 0 0 0 0 0 0 0 39 0 9 0 0 0 0 6 0 12 0 0 0 0 0 0 0 0 0
0 0 40 0 0 0 0 0 0 0 0 0 0 0 0 0 0 0 0 0 0 0 32 0 6 0 0 0 0 2 0 11 0 0 0 0 0 0 0 0 0
0 0 43 0 0 0 0 0 0 0 0 0 0 0 0 0 0 0 0 0 0 0 36 0 8 0 0 0 0 4 0 12 0 0 0 0 0 0 0 0 0
8 0 0 0 0 0 0 0 1 0 0 0 0 0 0 0 0 16 0 0 0 0 0 21 0 29 8 0 18 0 25 0 24 0 0 0 0 0 2 8 0
0 1 43 0 0 0 0 0 0 0 0 0 0 0 0 0 0 0 0 0 0 0 33 0 6 0 0 0 0 3 0 11 0 0 0 0 0 0 0 0 0
0 0 27 0 0 0 0 0 0 0 0 0 0 0 0 0 0 0 0 0 0 0 36 0 9 0 0 0 0 10 0 7 0 0 0 0 0 0 0 0 0
0 0 46 0 0 0 0 0 0 0 0 0 0 0 0 0 0 0 0 0 0 0 36 0 8 0 0 0 0 3 0 13 0 0 0 0 0 0 0 0 0
0 0 47 0 0 0 0 0 0 0 0 0 0 0 0 0 0 0 0 0 0 0 44 0 11 0 0 0 0 8 0 14 0 0 0 0 0 0 0 0 0
4 0 21 0 0 0 0 0 1 0 0 0 0 0 0 0 0 10 0 0 0 0 7 1 0 4 1 0 0 0 4 2 0 0 0 0 0 0 0 4 0
0 0 29 0 0 0 0 0 0 0 0 0 0 0 0 0 0 3 0 0 0 0 22 0 3 0 0 0 0 0 0 6 0 0 0 0 0 0 0 0 0
0 0 0 0 0 0 0 0 0 0 0 0 0 0 0 0 0 0 0 0 0 0 0 11 0 2 1 0 22 6 1 0 16 5 0 0 0 0 0 0 0
0 0 33 0 0 0 0 0 0 0 0 0 0 0 0 0 0 0 0 0 0 0 44 0 12 0 0 0 0 13 0 9 0 0 0 0 0 0 0 0 0
7 0 18 0 0 0 0 0 1 0 0 0 0 0 0 0 0 20 0 0 0 0 0 7 0 13 6 0 0 0 14 0 1 0 0 0 0 0 0 7 0
0 0 35 0 0 0 0 0 0 0 0 0 0 0 0 0 0 0 0 0 0 0 44 0 13 0 0 0 0 13 0 9 0 0 0 0 0 0 0 0 0
0 0 39 0 0 0 0 0 0 0 0 0 0 0 0 0 0 0 0 0 0 0 34 0 7 0 0 0 0 5 0 11 0 0 0 0 0 0 0 0 0
0 0 0 0 0 0 0 0 0 0 0 0 0 0 0 0 0 0 0 0 0 0 15 6 3 0 0 0 23 16 0 0 11 7 0 0 0 0 0 0 0
0 0 0 0 0 0 0 0 0 0 0 0 0 0 0 0 0 0 0 0 0 0 17 3 4 0 0 0 12 12 0 0 4 3 0 0 0 0 0 0 0
0 0 36 0 0 0 0 0 0 0 0 0 0 0 0 0 0 1 0 0 0 0 27 0 4 0 0 0 0 0 0 8 0 0 0 0 0 0 0 0 0
0 0 8 0 0 0 0 0 0 0 0 0 0 0 0 0 0 0 0 0 0 0 29 0 6 0 0 0 4 13 0 4 0 1 0 0 0 0 0 0 0
0 0 38 0 0 0 0 0 0 0 0 0 0 0 0 0 0 0 0 0 0 0 31 0 6 0 0 0 0 3 0 10 0 0 0 0 0 0 0 0 0
11 0 0 0 0 0 0 1 2 0 0 0 0 0 0 0 0 21 0 0 0 0 0 26 0 39 10 0 21 0 34 0 28 0 1 0 0 0 4 12 0
0 0 40 0 0 0 0 0 0 0 0 0 0 0 0 0 0 0 0 0 0 0 33 0 6 0 0 0 0 3 0 11 0 0 0 0 0 0 0 0 0
0 0 37 0 0 0 0 0 0 0 0 0 0 0 0 0 0 0 0 0 0 0 36 0 8 0 0 0 0 5 0 10 0 0 0 0 0 0 0 0 0
0 0 43 0 0 0 0 0 0 0 0 0 0 0 0 0 0 0 0 0 0 0 40 0 10 0 0 0 0 7 0 12 0 0 0 0 0 0 0 0 0
0 0 43 0 0 0 0 0 0 0 0 0 0 0 0 0 0 0 0 0 0 0 40 0 10 0 0 0 0 7 0 12 0 0 0 0 0 0 0 0 0
0 0 0 0 0 0 0 0 0 0 0 0 0 0 0 0 0 0 0 0 0 0 6 6 1 0 0 0 16 9 0 0 8 3 0 0 0 0 0 0 0
0 0 4 0 0 0 0 0 0 0 0 0 0 0 0 0 0 0 0 0 0 0 26 2 5 0 0 0 6 13 0 2 0 1 0 0 0 0 0 0 0
10 0 0 0 0 0 0 1 2 0 0 0 0 0 0 0 0 19 0 0 0 0 0 26 0 37 11 0 24 0 33 0 32 1 1 0 0 0 4 9 0
0 0 0 0 0 0 0 0 0 0 0 0 0 0 0 0 0 0 0 0 0 0 23 6 6 0 0 0 17 16 0 0 8 4 0 0 0 0 0 0 0
3 0 16 0 0 0 0 0 1 0 0 0 0 0 0 0 0 10 0 0 0 0 5 2 0 6 0 0 0 0 5 1 0 0 0 0 0 0 0 4 0
0 0 36 0 0 0 0 0 0 0 0 0 0 0 0 0 0 0 0 0 0 0 37 0 7 0 0 0 0 7 0 10 0 0 0 0 0 0 0 0 0
0 0 39 0 0 0 0 0 0 0 0 0 0 0 0 0 0 1 0 0 0 0 27 0 4 0 0 0 0 0 0 9 0 0 0 0 0 0 0 0 0
7 0 0 0 0 0 0 0 1 0 0 0 0 0 0 0 0 13 0 0 0 0 0 23 0 27 9 0 23 0 24 0 27 2 0 0 0 0 2 6 0
5 0 0 0 0 0 0 0 1 0 0 0 0 0 0 0 0 7 0 0 0 0 0 17 0 18 5 0 18 0 15 0 19 2 0 0 0 0 1 4 0
10 0 0 0 0 0 0 0 1 0 0 0 0 0 0 0 0 20 0 0 0 0 0 21 0 32 7 0 15 0 27 0 21 0 0 0 0 0 2 11 0
0 0 42 0 0 0 0 0 0 0 0 0 0 0 0 0 0 0 0 0 0 0 38 0 9 0 0 0 0 5 0 12 0 0 0 0 0 0 0 0 0
15 0 0 0 0 0 0 1 2 0 0 0 0 0 0 0 0 31 0 0 0 0 0 25 0 46 9 0 14 0 39 0 22 0 1 0 0 0 4 19 0
0 0 33 0 0 0 0 0 0 0 0 0 0 0 0 0 0 2 0 0 0 0 23 0 3 0 0 0 0 0 0 8 0 0 0 0 0 0 0 0 0
16 0 0 0 0 0 0 1 2 0 0 0 1 0 0 0 0 36 0 0 0 0 0 21 0 47 7 0 7 0 39 0 17 0 0 0 0 0 4 21 0
12 0 0 0 0 0 0 1 1 0 0 0 0 0 0 0 0 28 0 0 0 0 0 20 0 37 7 0 9 0 31 0 16 0 1 0 0 0 3 16 1
0 0 31 0 0 0 0 0 0 0 0 0 0 0 0 0 0 0 0 0 0 0 37 0 7 0 0 0 0 8 0 8 0 0 0 0 0 0 0 0 0
0 0 37 0 0 0 0 0 0 0 0 0 0 0 0 0 0 0 0 0 0 0 28 0 5 0 0 0 0 1 0 9 0 0 0 0 0 0 0 0 0
0 0 0 0 0 0 0 0 0 0 0 0 0 0 0 0 0 0 0 0 0 0 0 9 1 0 0 0 31 13 0 0 20 9 0 0 0 0 0 0 0
6 0 22 0 0 0 0 0 1 0 0 0 0 0 0 0 0 17 0 0 0 0 0 3 0 10 3 0 0 0 10 1 0 0 0 0 0 0 0 6 0
11 0 0 0 0 0 0 1 2 0 0 0 0 0 0 0 0 24 0 0 0 0 0 21 0 37 7 0 15 0 31 0 22 0 0 0 0 0 3 14 0
5 0 21 0 0 0 0 0 1 0 0 0 0 0 0 0 0 15 0 0 0 0 3 3 0 8 3 0 0 0 8 1 0 0 0 0 0 0 0 6 0
0 0 4 0 0 0 0 0 0 0 0 0 0 0 0 0 0 0 0 0 0 0 28 1 6 0 0 0 7 14 0 2 0 2 0 0 0 0 0 0 0
14 0 0 0 0 0 0 0 1 0 0 0 0 0 0 0 0 32 0 0 0 0 0 19 0 38 7 0 2 0 33 0 12 0 0 0 0 0 2 18 0
0 0 42 0 0 0 0 0 0 0 0 0 0 0 0 0 0 0 0 0 0 0 38 0 9 0 0 0 0 6 0 12 0 0 0 0 0 0 0 0 0
13 0 0 0 0 0 0 0 1 0 0 0 0 0 0 0 0 29 0 0 0 0 0 20 0 37 7 0 7 0 32 0 14 0 1 0 0 0 2 16 0
9 0 1 0 0 0 0 0 1 0 0 0 0 0 0 0 0 23 0 0 0 0 0 14 0 24 7 0 0 0 22 0 8 0 0 0 0 0 1 11 0
0 0 0 0 0 0 0 0 0 0 0 0 0 0 0 0 0 0 0 0 0 0 25 3 6 0 0 0 12 16 0 1 4 3 0 0 0 0 0 0 0
0 0 45 0 0 0 0 0 0 0 0 0 0 0 0 0 0 0 0 0 0 0 38 0 9 0 0 0 0 6 0 12 0 0 0 0 0 0 0 0 0
0 0 38 0 0 0 0 0 0 0 0 0 0 0 0 0 0 0 0 0 0 0 42 0 11 0 0 0 0 10 0 11 0 0 0 0 0 0 0 0 0
11 0 0 0 0 0 0 0 1 0 0 0 0 0 0 0 0 27 0 0 0 0 0 17 0 32 6 0 4 0 28 0 13 0 0 0 0 0 2 14 0
9 0 12 0 0 0 0 0 1 0 0 0 0 0 0 0 0 23 0 0 0 0 0 9 0 20 5 0 0 0 19 0 3 0 0 0 0 0 1 10 0
16 0 0 0 0 0 0 1 2 0 0 0 0 0 0 0 0 36 0 0 0 0 0 22 0 45 8 0 6 0 38 0 16 0 0 0 0 0 3 21 0
0 0 0 0 0 0 0 0 0 0 0 0 0 0 0 0 0 0 0 0 0 0 7 7 2 0 0 0 18 11 0 0 10 4 0 0 0 0 0 0 0
0 0 28 0 0 0 0 0 0 0 0 0 0 0 0 0 0 0 0 0 0 0 34 0 6 0 0 0 0 8 0 7 0 0 0 0 0 0 0 0 0
0 0 36 0 0 0 0 0 0 0 0 0 0 0 0 0 0 0 0 0 0 0 41 0 11 0 0 0 0 10 0 10 0 0 0 0 0 0 0 0 0
0 0 35 0 0 0 0 0 0 0 0 0 0 0 0 0 0 0 0 0 0 0 40 0 10 0 0 0 0 9 0 10 0 0 0 0 0 0 0 0 0
12 0 0 0 0 0 0 0 1 0 0 0 0 0 0 0 0 27 0 0 0 0 0 17 0 33 6 0 5 0 28 0 13 0 0 0 0 0 2 15 0
0 0 41 0 0 0 0 0 0 0 0 0 0 0 0 0 0 0 0 0 0 0 41 0 10 0 0 0 0 8 0 12 0 0 0 0 0 0 0 0 0
13 0 0 0 0 0 0 0 1 0 0 0 1 0 0 0 0 31 0 0 0 0 0 19 0 39 6 0 6 0 33 0 13 0 1 0 0 0 2 18 1
0 0 0 0 0 0 0 0 0 0 0 0 0 0 0 0 0 0 0 0 0 0 30 5 11 0 2 0 11 19 0 1 6 2 0 0 0 0 0 0 0
0 0 21 0 0 0 0 0 0 0 0 0 0 0 0 0 0 0 0 0 0 0 33 0 6 0 0 0 0 9 0 6 0 0 0 0 0 0 0 0 0
0 0 41 0 0 0 0 0 0 0 0 0 0 0 0 0 0 0 0 0 0 0 36 0 8 0 0 0 0 5 0 11 0 0 0 0 0 0 0 0 0
11 0 0 0 0 0 0 0 1 0 0 0 0 0 0 0 0 25 0 0 0 0 0 13 0 30 4 0 3 0 26 0 11 0 0 0 0 0 1 14 0
16 0 0 0 0 0 0 2 3 0 0 0 0 0 1 0 0 32 0 0 0 0 0 26 0 49 9 0 16 0 41 0 25 0 1 0 0 0 5 20 0
0 0 37 0 0 0 0 0 0 0 0 0 0 0 0 0 0 0 0 0 0 0 36 0 8 0 0 0 0 6 0 10 0 0 0 0 0 0 0 0 0
0 0 34 0 0 0 0 0 0 0 0 0 0 0 0 0 0 0 0 0 0 0 34 0 7 0 0 0 0 6 0 9 0 0 0 0 0 0 0 0 0
0 0 47 0 0 0 0 0 0 0 0 0 0 0 0 0 0 0 0 0 0 0 42 0 11 0 0 0 0 7 0 13 0 0 0 0 0 0 0 0 0
3 0 17 0 0 0 0 0 0 0 0 0 0 0 0 0 0 11 0 0 0 0 5 3 0 5 1 0 0 0 5 1 0 0 0 0 0 0 0 4 0
0 0 38 0 0 0 0 0 0 0 0 0 0 0 0 0 0 0 0 0 0 0 33 0 6 0 0 0 0 3 0 10 0 0 0 0 0 0 0 0 0
0 0 38 0 0 0 0 0 0 0 0 0 0 0 0 0 0 0 0 0 0 0 37 0 8 0 0 0 0 6 0 10 0 0 0 0 0 0 0 0 0
0 0 42 0 0 0 0 0 0 0 0 0 0 0 0 0 0 0 0 0 0 0 42 0 11 0 0 0 0 9 0 12 0 0 0 0 0 0 0 0 0
0 0 43 0 0 0 0 0 0 0 0 0 0 0 0 0 0 0 0 0 0 0 38 0 9 0 0 0 0 5 0 12 0 0 0 0 0 0 0 0 0
0 0 44 0 0 0 0 0 0 0 0 0 0 0 0 0 0 0 0 0 0 0 41 0 10 0 0 0 0 7 0 12 0 0 0 0 0 0 0 0 0
10 0 0 0 0 0 0 1 1 0 0 0 0 0 0 0 0 20 0 0 0 0 0 23 0 35 9 0 19 0 30 0 25 0 0 0 0 0 3 11 0
0 0 20 0 0 0 0 0 0 0 0 0 0 0 0 0 0 0 0 0 0 0 33 0 8 0 0 0 0 12 0 5 0 0 0 0 0 0 0 0 0
0 0 28 0 0 0 0 0 0 0 0 0 0 0 0 0 0 0 0 0 0 0 39 0 9 0 0 0 0 10 0 8 0 0 0 0 0 0 0 0 0
0 0 4 0 0 0 0 0 0 0 0 0 0 0 0 0 0 0 0 0 0 0 30 2 10 0 0 0 8 17 0 2 2 1 0 0 0 0 0 0 0
10 0 0 0 0 0 0 0 1 0 0 0 0 0 0 0 0 25 0 0 0 0 0 16 0 30 6 0 3 0 25 0 11 0 0 0 0 0 1 13 0
0 0 22 0 0 0 0 0 0 0 0 0 0 0 0 0 0 0 0 0 0 0 35 0 8 0 0 0 0 11 0 6 0 0 0 0 0 0 0 0 0
0 0 30 0 0 0 0 0 0 0 0 0 0 0 0 0 0 1 0 0 0 0 23 0 3 0 0 0 0 1 0 7 0 0 0 0 0 0 0 0 0
3 0 0 0 0 0 0 0 1 0 0 0 0 0 0 0 0 2 0 0 0 0 0 16 0 13 4 0 21 1 11 0 21 3 0 0 0 0 0 0 0
0 0 44 0 0 0 0 0 0 0 0 0 0 0 0 0 0 0 0 0 0 0 39 0 10 0 0 0 0 7 0 12 0 0 0 0 0 0 0 0 0
0 0 38 0 0 0 0 0 0 0 0 0 0 0 0 0 0 0 0 0 0 0 37 0 7 0 0 0 0 6 0 11 0 0 0 0 0 0 0 0 0
7 0 0 0 0 0 0 0 1 0 0 0 0 0 1 0 0 12 0 0 0 0 0 24 0 28 10 0 23 0 25 0 29 2 0 0 0 0 2 6 0
8 0 8 0 0 0 0 0 1 0 0 0 0 0 0 0 0 20 0 0 0 0 0 7 0 18 2 0 0 0 16 0 3 0 0 0 0 0 1 9 0
0 0 36 0 0 0 0 0 0 0 0 0 0 0 0 0 0 0 0 0 0 0 39 0 9 0 0 0 0 7 0 10 0 0 0 0 0 0 0 0 0
13 0 0 0 0 0 0 0 1 0 0 0 0 0 0 0 0 30 0 0 0 0 0 18 0 36 8 0 3 0 31 0 13 0 0 0 0 0 2 17 0
0 0 28 0 0 0 0 0 0 0 0 0 0 0 0 0 0 0 0 0 0 0 42 0 12 0 0 0 0 14 0 8 0 0 0 0 0 0 0 0 0
0 0 44 0 0 0 0 0 0 0 0 0 0 0 0 0 0 0 0 0 0 0 40 0 10 0 0 0 0 7 0 12 0 0 0 0 0 0 0 0 0
7 0 0 0 0 0 0 0 1 0 0 0 0 0 0 0 0 13 0 0 0 0 0 14 0 20 4 0 11 0 17 0 15 0 0 0 0 0 1 7 0
0 0 36 0 0 0 0 0 0 0 0 0 0 0 0 0 0 0 0 0 0 0 40 0 11 0 0 0 0 10 0 10 0 0 0 0 0 0 0 0 0
0 0 45 0 0 0 0 0 0 0 0 0 0 0 0 0 0 0 0 0 0 0 40 0 10 0 0 0 0 6 0 12 0 0 0 0 0 0 0 0 0
0 0 36 0 0 0 0 0 0 0 0 0 0 0 0 0 0 0 0 0 0 0 34 0 6 0 0 0 0 5 0 10 0 0 0 0 0 0 0 0 0
0 1 49 0 0 0 0 0 0 0 0 0 0 0 0 0 0 0 0 0 0 0 43 0 12 0 0 0 0 8 0 14 0 0 0 0 0 0 0 0 0
0 0 11 0 0 0 0 0 0 0 0 0 0 0 0 0 0 0 0 0 0 0 15 1 2 0 0 0 0 4 0 2 0 0 0 0 0 0 0 0 0
1 0 28 0 0 0 0 0 0 0 0 0 0 0 0 0 0 7 0 0 0 0 15 0 1 0 1 0 0 0 0 5 0 0 0 0 0 0 0 1 0
