0 0 49 15 0 0 0 0 0 2 0 0 0 0 0 0 0 0 0 0 0 0 0 0 0 0 1 1 0 0 0 38 9 0 28 36 11 0 0 0 0
3 5 38 1 0 0 0 0 0 7 0 0 0 0 0 0 0 0 0 0 0 0 6 0 0 0 0 0 0 0 0 54 0 0 63 42 0 0 0 43 0
0 0 49 23 0 0 0 0 0 0 0 0 0 0 0 0 0 0 0 0 0 0 0 0 0 0 9 4 0 0 0 21 11 0 0 38 27 3 0 0 0
23 0 10 0 0 0 0 0 0 0 0 0 0 0 0 0 0 0 1 0 0 0 0 0 0 0 0 0 0 0 0 20 0 0 82 39 0 0 0 75 8
16 1 23 0 0 0 0 0 0 5 0 0 0 0 0 0 0 0 0 0 0 0 2 0 0 0 0 0 0 0 0 37 0 0 74 44 0 0 0 66 3
0 0 52 18 0 0 0 0 0 0 0 0 0 0 0 0 0 0 0 0 0 0 0 0 0 0 4 2 0 0 0 32 10 0 18 39 18 0 0 0 0
6 6 32 0 0 0 0 0 0 7 0 0 0 0 0 0 0 0 0 0 0 0 7 0 0 0 0 0 0 0 0 52 0 0 66 41 0 0 0 50 1
21 0 18 0 0 0 0 0 0 2 0 0 0 0 0 0 0 0 0 0 0 0 0 0 0 0 0 0 0 0 0 27 0 0 81 45 0 0 0 74 5
12 3 27 0 0 0 0 0 0 6 0 0 0 0 0 0 0 0 0 0 0 0 4 0 0 0 0 0 0 0 0 44 0 0 69 42 0 0 0 58 2
0 0 41 24 0 0 0 0 0 0 0 0 0 0 0 0 0 0 0 0 0 0 0 0 0 0 10 6 0 0 0 13 5 0 0 35 31 14 0 0 0
0 0 54 21 0 0 0 0 0 0 0 0 0 0 0 0 0 0 0 0 0 0 0 0 0 0 6 2 0 0 0 30 11 0 11 41 21 0 0 0 0
0 7 39 3 0 0 0 0 0 7 0 0 0 0 0 0 0 0 0 0 0 0 8 0 0 0 0 0 0 0 0 58 0 0 58 40 0 0 0 36 0
23 0 11 0 0 0 0 0 0 0 0 0 0 0 0 0 0 0 2 0 0 0 0 0 0 0 0 0 0 0 0 20 0 0 82 40 0 0 0 73 8
21 0 19 0 0 0 0 0 0 3 0 0 0 0 0 0 0 0 0 0 0 0 0 0 0 0 0 0 0 0 0 27 0 0 81 45 0 0 0 73 4
0 2 48 11 0 0 0 0 0 4 0 0 0 0 0 0 0 0 0 0 0 0 2 0 1 0 0 0 0 0 0 46 7 0 39 37 5 0 0 7 0
17 2 23 0 0 0 0 0 0 5 0 0 0 0 0 0 0 0 0 0 0 0 2 0 0 0 0 0 0 0 0 38 0 0 75 44 0 0 0 67 4
0 0 50 24 0 0 0 0 0 0 0 0 0 0 0 0 0 0 0 0 0 0 0 0 0 0 9 4 0 0 0 20 11 0 0 39 27 3 0 0 0
21 0 22 0 0 0 0 0 0 3 0 0 0 0 0 0 0 0 0 0 0 0 0 0 0 0 0 0 0 0 0 32 0 0 81 47 0 0 0 74 4
0 6 39 2 0 0 0 0 0 7 0 0 0 0 0 0 0 0 0 0 0 0 6 0 0 0 0 0 0 0 0 55 0 0 59 40 0 0 0 36 0
0 2 50 10 0 0 0 0 0 5 0 0 0 0 0 0 0 0 0 0 0 0 4 0 1 0 0 0 0 0 0 51 6 0 44 40 2 0 0 13 0
0 0 50 16 0 0 0 0 0 2 0 0 0 0 0 0 0 0 0 0 0 0 0 0 0 0 2 1 0 0 0 35 10 0 26 37 13 0 0 0 0
0 5 45 6 0 0 0 0 0 6 0 0 0 0 0 0 0 0 0 0 0 0 6 0 1 0 0 0 0 0 0 56 2 0 50 38 0 0 0 23 0
0 0 45 24 0 0 0 0 0 0 0 0 0 0 0 0 0 0 0 0 0 0 0 0 0 0 10 4 0 0 0 16 9 0 0 37 29 7 0 0 0
0 0 39 23 0 0 0 0 0 0 0 0 0 0 0 0 0 0 0 0 0 0 0 0 0 0 10 7 0 0 0 12 4 0 0 32 31 15 0 0 0
0 0 39 24 0 0 0 0 0 0 0 0 0 0 0 0 0 0 0 0 0 0 0 0 0 0 10 7 0 0 0 13 4 0 0 32 32 16 0 0 0
0 0 51 16 0 0 0 0 0 2 0 0 0 0 0 0 0 0 0 0 0 0 0 0 0 0 2 0 0 0 0 37 10 0 28 38 13 0 0 0 0
0 0 52 20 0 0 0 0 0 0 0 0 0 0 0 0 0 0 0 0 0 0 0 0 0 0 6 2 0 0 0 29 11 0 12 40 21 0 0 0 0
0 0 38 23 0 0 0 0 0 0 0 0 0 0 0 0 0 0 0 0 0 0 0 0 0 0 11 7 0 0 0 11 3 0 0 32 33 18 0 0 0
0 2 49 11 0 0 0 0 0 5 0 0 0 0 0 0 0 0 0 0 0 0 3 0 1 0 0 0 0 0 0 49 6 0 41 38 3 0 0 10 0
0 3 50 10 0 0 0 0 0 5 0 0 0 0 0 0 0 0 0 0 0 0 4 0 1 0 0 0 0 0 0 53 6 0 45 39 1 0 0 13 0
12 3 27 0 0 0 0 0 0 6 0 0 0 0 0 0 0 0 0 0 0 0 4 0 0 0 0 0 0 0 0 44 0 0 70 43 0 0 0 59 2
22 0 18 0 0 0 0 0 0 1 0 0 0 0 0 0 0 0 0 0 0 0 0 0 0 0 0 0 0 0 0 26 0 0 82 44 0 0 0 73 5
1 6 38 2 0 0 0 0 0 7 0 0 0 0 0 0 0 0 0 0 0 0 7 0 0 0 0 0 0 0 0 56 0 0 60 40 0 0 0 39 0
3 6 35 0 0 0 0 0 0 7 0 0 0 0 0 0 0 0 0 0 0 0 7 0 0 0 0 0 0 0 0 54 0 0 62 40 0 0 0 45 1
1 7 40 2 0 0 0 0 0 8 0 0 0 0 0 0 0 0 0 0 0 0 8 0 0 0 0 0 0 0 0 60 0 0 60 41 0 0 0 39 0
5 6 32 0 0 0 0 0 0 7 0 0 0 0 0 0 0 0 0 0 0 0 8 0 0 0 0 0 0 0 0 54 0 0 65 41 0 0 0 50 2
21 0 19 0 0 0 0 0 0 3 0 0 0 0 0 0 0 0 0 0 0 0 0 0 0 0 0 0 0 0 0 29 0 0 79 44 0 0 0 71 4
23 0 3 0 0 0 0 0 0 0 0 0 0 0 0 0 0 0 3 0 0 0 0 0 0 0 0 0 0 0 0 13 0 0 81 34 0 0 0 73 10
0 6 41 3 0 0 0 0 0 7 0 0 0 0 0 0 0 0 0 0 0 0 8 0 0 0 0 0 0 0 0 59 0 0 59 41 0 0 0 36 0
0 0 53 17 0 0 0 0 0 2 0 0 0 0 0 0 0 0 0 0 0 0 0 0 0 0 2 0 0 0 0 38 10 0 27 40 13 0 0 0 0
22 0 0 0 1 0 0 0 0 0 0 0 0 0 0 0 0 0 5 0 0 0 0 0 0 0 0 0 0 0 0 4 0 0 79 29 0 0 0 68 10
1 6 37 1 0 0 0 0 0 7 0 0 0 0 0 0 0 0 0 0 0 0 7 0 0 0 0 0 0 0 0 56 0 0 60 40 0 0 0 40 0
0 6 47 7 0 0 0 0 0 7 0 0 0 0 0 0 0 0 0 0 0 0 7 0 2 0 0 0 0 0 0 61 2 0 52 39 0 0 1 23 0
23 0 12 0 0 0 0 0 0 0 0 0 0 0 0 0 0 0 1 0 0 0 0 0 0 0 0 0 0 0 0 20 0 0 82 41 0 0 0 74 7
6 5 33 0 0 0 0 0 0 7 0 0 0 0 0 0 0 0 0 0 0 0 7 0 0 0 0 0 0 0 0 51 0 0 65 41 0 0 0 48 0
0 0 49 24 0 0 0 0 0 0 0 0 0 0 0 0 0 0 0 0 0 0 0 0 0 0 10 4 0 0 0 18 11 0 0 40 29 6 0 0 0
3 5 36 1 0 0 0 0 0 7 0 0 0 0 0 0 0 0 0 0 0 0 7 0 0 0 0 0 0 0 0 53 0 0 64 42 0 0 0 45 0
22 0 6 0 0 0 0 0 0 0 0 0 0 0 0 0 0 0 3 0 0 0 0 0 0 0 0 0 0 0 0 13 0 0 79 35 0 0 0 70 9
0 0 52 16 0 0 0 0 0 2 0 0 0 0 0 0 0 0 0 0 0 0 1 0 1 0 1 0 0 0 0 40 9 0 28 39 12 0 0 0 0
11 3 27 0 0 0 0 0 0 6 0 0 0 0 0 0 0 0 0 0 0 0 4 0 0 0 0 0 0 0 0 43 0 0 69 42 0 0 0 58 2
21 0 20 0 0 0 0 0 0 2 0 0 0 0 0 0 0 0 0 0 0 0 0 0 0 0 0 0 0 0 0 28 0 0 81 46 0 0 0 73 5
22 0 19 0 0 0 0 0 0 2 0 0 0 0 0 0 0 0 0 0 0 0 0 0 0 0 0 0 0 0 0 27 0 0 82 45 0 0 0 73 4
0 4 46 7 0 0 0 0 0 6 0 0 0 0 0 0 0 0 0 0 0 0 5 0 0 0 0 0 0 0 0 54 3 0 49 39 0 0 0 22 0
0 5 41 3 0 0 0 0 0 7 0 0 0 0 0 0 0 0 0 0 0 0 6 0 0 0 0 0 0 0 0 55 1 0 59 41 0 0 0 36 0
5 6 34 0 0 0 0 0 0 7 0 0 0 0 0 0 0 0 0 0 0 0 7 0 0 0 0 0 0 0 0 53 0 0 64 41 0 0 0 46 0
0 0 37 24 0 0 0 0 0 0 0 0 0 0 0 0 0 0 0 0 0 0 0 0 0 0 11 8 0 0 0 11 1 0 0 32 35 21 0 0 0
14 1 26 0 0 0 0 0 0 4 0 0 0 0 0 0 0 0 0 0 0 0 1 0 0 0 0 0 0 0 0 38 0 0 73 44 0 0 0 62 3
9 4 27 0 0 0 0 0 0 6 0 0 0 0 0 0 0 0 0 0 0 0 5 0 0 0 0 0 0 0 0 45 0 0 67 41 0 0 0 55 2
22 0 14 0 0 0 0 0 0 2 0 0 0 0 0 0 0 0 0 0 0 0 0 0 0 0 0 0 0 0 0 23 0 0 81 42 0 0 0 74 6
23 0 13 0 0 0 0 0 0 0 0 0 0 0 0 0 0 0 1 0 0 0 0 0 0 0 0 0 0 0 0 20 0 0 83 42 0 0 0 74 7
23 0 7 0 0 0 0 0 0 0 0 0 0 0 0 0 0 0 2 0 0 0 0 0 0 0 0 0 0 0 0 15 0 0 81 36 0 0 0 72 9
0 0 50 24 0 0 0 0 0 0 0 0 0 0 0 0 0 0 0 0 0 0 0 0 0 0 9 3 0 0 0 19 11 0 0 39 28 4 0 0 0
0 0 42 24 0 0 0 0 0 0 0 0 0 0 0 0 0 0 0 0 0 0 0 0 0 0 10 6 0 0 0 14 5 0 0 35 31 13 0 0 0
5 4 36 1 0 0 0 0 0 7 0 0 0 0 0 0 0 0 0 0 0 0 6 0 0 0 0 0 0 0 0 50 0 0 63 41 0 0 0 43 0
10 4 29 0 0 0 0 0 0 7 0 0 0 0 0 0 0 0 0 0 0 0 6 0 0 0 0 0 0 0 0 49 0 0 69 43 0 0 0 57 2
0 0 51 14 0 0 0 0 0 3 0 0 0 0 0 0 0 0 0 0 0 0 1 0 0 0 1 0 0 0 0 40 9 0 31 38 10 0 0 1 0
0 0 51 25 0 0 0 0 0 0 0 0 0 0 0 0 0 0 0 0 0 0 0 0 0 0 10 3 0 0 0 21 12 0 0 39 28 4 0 0 0
0 0 50 17 0 0 0 0 0 2 0 0 0 0 0 0 0 0 0 0 0 0 1 0 0 0 2 0 0 0 0 36 8 0 23 38 14 0 0 0 0
23 0 9 0 0 0 0 0 0 0 0 0 0 0 0 0 0 0 2 0 0 0 0 0 0 0 0 0 0 0 0 19 0 0 85 38 0 0 0 74 9
0 0 36 23 0 0 0 0 0 0 0 0 0 0 0 0 0 0 0 0 0 0 0 0 0 0 11 9 0 0 0 8 2 0 0 30 34 20 0 0 0
0 0 48 13 0 0 0 0 0 3 0 0 0 0 0 0 0 0 0 0 0 0 1 0 0 0 0 0 0 0 0 39 8 0 30 36 9 0 0 2 0
0 6 44 4 0 0 0 0 0 7 0 0 0 0 0 0 0 0 0 0 0 0 7 0 0 0 0 0 0 0 0 60 1 0 57 41 0 0 0 31 0
0 0 43 23 0 0 0 0 0 0 0 0 0 0 0 0 0 0 0 0 0 0 0 0 0 0 10 5 0 0 0 15 7 0 0 35 29 9 0 0 0
22 0 3 0 0 0 0 0 0 0 0 0 0 0 0 0 0 0 3 0 0 0 0 0 0 0 0 0 0 0 0 12 0 0 81 33 0 0 0 71 11
0 0 39 23 0 0 0 0 0 0 0 0 0 0 0 0 0 0 0 0 0 0 0 0 0 0 11 7 0 0 0 11 3 0 0 33 33 17 0 0 0
0 5 38 2 0 0 0 0 0 7 0 0 0 0 0 0 0 0 0 0 0 0 6 0 0 0 0 0 0 0 0 53 0 0 57 39 0 0 0 36 0
0 5 46 5 0 0 0 0 0 7 0 0 0 0 0 0 0 0 0 0 0 0 7 0 0 0 0 0 0 0 0 58 2 0 55 42 0 0 0 29 0
0 0 37 23 0 0 0 0 0 0 0 0 0 0 0 0 0 0 0 0 0 0 0 0 0 0 11 8 0 0 0 10 2 0 0 31 34 19 0 0 0
16 1 23 0 0 0 0 0 0 4 0 0 0 0 0 0 0 0 0 0 0 0 0 0 0 0 0 0 0 0 0 36 0 0 76 44 0 0 0 66 4
0 0 55 18 0 0 0 0 0 1 0 0 0 0 0 0 0 0 0 0 0 0 0 0 0 0 3 0 0 0 0 36 10 0 25 42 16 0 0 0 0
22 0 11 0 0 0 0 0 0 0 0 0 0 0 0 0 0 0 1 0 0 0 0 0 0 0 0 0 0 0 0 20 0 0 81 39 0 0 0 72 7
0 0 54 16 0 0 0 0 0 2 0 0 0 0 0 0 0 0 0 0 0 0 1 0 0 0 2 0 0 0 0 40 10 0 30 41 12 0 0 0 0
0 0 43 24 0 0 0 0 0 0 0 0 0 0 0 0 0 0 0 0 0 0 0 0 0 0 10 5 0 0 0 14 7 0 0 35 30 10 0 0 0
0 0 45 24 0 0 0 0 0 0 0 0 0 0 0 0 0 0 0 0 0 0 0 0 0 0 10 4 0 0 0 16 8 0 0 36 29 8 0 0 0
23 0 9 0 0 0 0 0 0 0 0 0 0 0 0 0 0 0 2 0 0 0 0 0 0 0 0 0 0 0 0 17 0 0 81 38 0 0 0 73 8
0 0 29 22 0 0 0 0 0 0 0 0 0 0 0 0 0 0 0 0 0 0 0 0 0 0 13 12 0 0 0 3 0 0 0 25 39 29 1 0 0
0 5 41 4 0 0 0 0 0 7 0 0 0 0 0 0 0 0 0 0 0 0 6 0 0 0 0 0 0 0 0 55 1 0 56 40 0 0 0 32 0
0 3 50 11 0 0 0 0 0 5 0 0 0 0 0 0 0 0 0 0 0 0 4 0 2 0 0 0 0 0 0 52 6 0 41 38 3 0 0 10 0
23 0 9 0 0 0 0 0 0 0 0 0 0 0 0 0 0 0 2 0 0 0 0 0 0 0 0 0 0 0 0 18 0 0 82 37 0 0 0 72 10
22 0 0 0 2 0 0 0 0 0 0 0 0 0 0 0 0 0 5 0 0 0 0 0 0 0 0 0 0 0 0 2 1 0 78 28 0 0 0 67 11
0 5 42 3 0 0 0 0 0 6 0 0 0 0 0 0 0 0 0 0 0 0 6 0 0 0 0 0 0 0 0 54 1 0 59 42 0 0 0 35 0
23 0 12 0 0 0 0 0 0 0 0 0 0 0 0 0 0 0 1 0 0 0 0 0 0 0 0 0 0 0 0 20 0 0 81 40 0 0 0 73 7
0 0 46 23 0 0 0 0 0 0 0 0 0 0 0 0 0 0 0 0 0 0 0 0 0 0 10 4 0 0 0 16 10 0 0 36 28 6 0 0 0
13 3 26 0 0 0 0 0 0 6 0 0 0 0 0 0 0 0 0 0 0 0 4 0 0 0 0 0 0 0 0 43 0 0 70 42 0 0 0 60 3
16 2 24 0 0 0 0 0 0 5 0 0 0 0 0 0 0 0 0 0 0 0 2 0 0 0 0 0 0 0 0 38 0 0 73 44 0 0 0 64 3
17 1 23 0 0 0 0 0 0 5 0 0 0 0 0 0 0 0 0 0 0 0 2 0 0 0 0 0 0 0 0 37 0 0 74 43 0 0 0 65 3
2 5 36 1 0 0 0 0 0 6 0 0 0 0 0 0 0 0 0 0 0 0 6 0 0 0 0 0 0 0 0 52 0 0 61 40 0 0 0 41 0
0 2 51 10 0 0 0 0 0 5 0 0 0 0 0 0 0 0 0 0 0 0 3 0 1 0 0 0 0 0 0 52 7 0 44 40 3 0 0 11 0
14 2 27 0 0 0 0 0 0 5 0 0 0 0 0 0 0 0 0 0 0 0 2 0 0 0 0 0 0 0 0 41 0 0 71 43 0 0 0 60 2
4 6 35 0 0 0 0 0 0 8 0 0 0 0 0 0 0 0 0 0 0 0 8 0 0 0 0 0 0 0 0 56 0 0 63 41 0 0 0 45 0
16 2 28 0 0 0 0 0 0 5 0 0 0 0 0 0 0 0 0 0 0 0 2 0 0 0 0 0 0 0 0 42 0 0 75 45 0 0 0 63 3
0 0 41 24 0 0 0 0 0 0 0 0 0 0 0 0 0 0 0 0 0 0 0 0 0 0 10 6 0 0 0 13 5 0 0 35 31 14 0 0 0
0 6 39 2 0 0 0 0 0 7 0 0 0 0 0 0 0 0 0 0 0 0 7 0 0 0 0 0 0 0 0 56 0 0 59 40 0 0 0 37 0
23 0 6 0 0 0 0 0 0 0 0 0 0 0 0 0 0 0 2 0 0 0 0 0 0 0 0 0 0 0 0 16 0 0 83 36 0 0 0 74 10
0 0 45 23 0 0 0 0 0 0 0 0 0 0 0 0 0 0 0 0 0 0 0 0 0 0 10 4 0 0 0 15 9 0 0 35 28 7 0 0 0
0 0 30 21 0 0 0 0 0 0 0 0 0 0 0 0 0 0 0 0 0 0 0 0 0 0 13 12 0 0 0 4 0 0 0 26 38 28 1 0 0
0 7 44 4 0 0 0 0 0 7 0 0 0 0 0 0 0 0 0 0 0 0 8 0 0 0 0 0 0 0 0 62 0 0 58 41 0 0 0 34 0
0 0 53 19 0 0 0 0 0 0 0 0 0 0 0 0 0 0 0 0 0 0 0 0 0 0 5 2 0 0 0 32 11 0 20 41 18 0 0 0 0
0 0 45 23 0 0 0 0 0 0 0 0 0 0 0 0 0 0 0 0 0 0 0 0 0 0 10 4 0 0 0 15 9 0 0 35 29 7 0 0 0
0 5 45 6 0 0 0 0 0 6 0 0 0 0 0 0 0 0 0 0 0 0 6 0 0 0 0 0 0 0 0 57 2 0 53 40 0 0 0 26 0
21 0 14 0 0 0 0 0 0 1 0 0 0 0 0 0 0 0 1 0 0 0 0 0 0 0 0 0 0 0 0 20 0 0 79 41 0 0 0 70 5
22 0 15 0 0 0 0 0 0 2 0 0 0 0 0 0 0 0 0 0 0 0 0 0 0 0 0 0 0 0 0 24 0 0 80 43 0 0 0 73 6
22 0 0 0 1 0 0 0 0 0 0 0 0 0 0 0 0 0 4 0 0 0 0 0 0 0 0 0 0 0 0 6 0 0 78 30 0 0 0 67 10
8 4 27 0 0 0 0 0 0 6 0 0 0 0 0 0 0 0 0 0 0 0 5 0 0 0 0 0 0 0 0 44 0 0 64 38 0 0 0 50 2
0 5 46 6 0 0 0 0 0 6 0 0 0 0 0 0 0 0 0 0 0 0 5 0 0 0 0 0 0 0 0 56 3 0 52 39 0 0 0 23 0
22 0 2 0 0 0 0 0 0 0 0 0 0 0 0 0 0 0 4 0 0 0 0 0 0 0 0 0 0 0 0 11 0 0 81 32 0 0 0 71 11
0 7 43 4 0 0 0 0 0 7 0 0 0 0 0 0 0 0 0 0 0 0 8 0 1 0 0 0 0 0 0 60 0 0 56 40 0 0 1 30 0
18 1 22 0 0 0 0 0 0 4 0 0 0 0 0 0 0 0 0 0 0 0 0 0 0 0 0 0 0 0 0 35 0 0 76 44 0 0 0 67 4
6 6 33 0 0 0 0 0 0 7 0 0 0 0 0 0 0 0 0 0 0 0 7 0 0 0 0 0 0 0 0 54 0 0 65 41 0 0 0 48 1
19 0 24 0 0 0 0 0 0 3 0 0 0 0 0 0 0 0 0 0 0 0 0 0 0 0 0 0 0 0 0 34 0 0 79 47 0 0 0 70 4
0 0 42 24 0 0 0 0 0 0 0 0 0 0 0 0 0 0 0 0 0 0 0 0 0 0 10 5 0 0 0 13 7 0 0 35 30 11 0 0 0
21 0 21 0 0 0 0 0 0 3 0 0 0 0 0 0 0 0 0 0 0 0 0 0 0 0 0 0 0 0 0 29 0 0 79 46 0 0 0 71 4
0 0 36 23 0 0 0 0 0 0 0 0 0 0 0 0 0 0 0 0 0 0 0 0 0 0 11 8 0 0 0 9 2 0 0 30 34 20 0 0 0
0 0 53 15 0 0 0 0 0 3 0 0 0 0 0 0 0 0 0 0 0 0 0 0 0 0 1 0 0 0 0 43 10 0 35 41 10 0 0 1 0
2 5 36 1 0 0 0 0 0 6 0 0 0 0 0 0 0 0 0 0 0 0 6 0 0 0 0 0 0 0 0 51 0 0 59 39 0 0 0 39 0
23 0 11 0 0 0 0 0 0 0 0 0 0 0 0 0 0 0 2 0 0 0 0 0 0 0 0 0 0 0 0 19 0 0 82 39 0 0 0 72 7
22 0 1 0 1 0 0 0 0 0 0 0 0 0 0 0 0 0 4 0 0 0 0 0 0 0 0 0 0 0 0 9 0 0 79 31 0 0 0 68 10
22 0 20 0 0 0 0 0 0 2 0 0 0 0 0 0 0 0 0 0 0 0 0 0 0 0 0 0 0 0 0 28 0 0 80 45 0 0 0 73 4
9 5 30 0 0 0 0 0 0 7 0 0 0 0 0 0 0 0 0 0 0 0 6 0 0 0 0 0 0 0 0 49 0 0 67 41 0 0 0 53 1
12 2 26 0 0 0 0 0 0 5 0 0 0 0 0 0 0 0 0 0 0 0 3 0 0 0 0 0 0 0 0 40 0 0 69 42 0 0 0 58 2
0 0 55 19 0 0 0 0 0 1 0 0 0 0 0 0 0 0 0 0 0 0 0 0 0 0 4 1 0 0 0 37 11 0 24 41 16 0 0 0 0
0 0 44 24 0 0 0 0 0 0 0 0 0 0 0 0 0 0 0 0 0 0 0 0 0 0 10 5 0 0 0 14 7 0 0 36 30 11 0 0 0
0 0 36 23 0 0 0 0 0 0 0 0 0 0 0 0 0 0 0 0 0 0 0 0 0 0 11 9 0 0 0 9 2 0 0 30 34 20 0 0 0
22 0 6 0 0 0 0 0 0 0 0 0 0 0 0 0 0 0 3 0 0 0 0 0 0 0 0 0 0 0 0 14 0 0 81 36 0 0 0 72 9
0 6 42 4 0 0 0 0 0 7 0 0 0 0 0 0 0 0 0 0 0 0 8 0 0 0 0 0 0 0 0 59 0 0 58 41 0 0 0 34 0
21 0 19 0 0 0 0 0 0 3 0 0 0 0 0 0 0 0 0 0 0 0 0 0 0 0 0 0 0 0 0 29 0 0 79 45 0 0 0 73 5
0 0 42 23 0 0 0 0 0 0 0 0 0 0 0 0 0 0 0 0 0 0 0 0 0 0 10 6 0 0 0 13 6 0 0 35 30 12 0 0 0
20 0 24 0 0 0 0 0 0 3 0 0 0 0 0 0 0 0 0 0 0 0 0 0 0 0 0 0 0 0 0 32 0 0 79 47 0 0 0 69 3
0 0 42 24 0 0 0 0 0 0 0 0 0 0 0 0 0 0 0 0 0 0 0 0 0 0 10 6 0 0 0 13 6 0 0 34 31 13 0 0 0
20 1 21 0 0 0 0 0 0 4 0 0 0 0 0 0 0 0 0 0 0 0 0 0 0 0 0 0 0 0 0 34 0 0 79 45 0 0 0 72 5
23 0 2 0 0 0 0 0 0 0 0 0 0 0 0 0 0 0 3 0 0 0 0 0 0 0 0 0 0 0 0 12 0 0 82 32 0 0 0 73 11
3 6 36 0 0 0 0 0 0 7 0 0 0 0 0 0 0 0 0 0 0 0 8 0 0 0 0 0 0 0 0 56 0 0 63 41 0 0 0 45 1
0 0 51 21 0 0 0 0 0 0 0 0 0 0 0 0 0 0 0 0 0 0 0 0 0 0 7 3 0 0 0 26 11 0 7 39 23 1 0 0 0
20 0 11 0 0 0 0 0 0 0 0 0 0 0 0 0 0 0 2 0 0 0 0 0 0 0 0 0 0 0 0 17 0 0 79 39 0 0 0 69 7
0 0 44 24 0 0 0 0 0 0 0 0 0 0 0 0 0 0 0 0 0 0 0 0 0 0 10 5 0 0 0 15 8 0 0 36 29 9 0 0 0
14 2 27 0 0 0 0 0 0 5 0 0 0 0 0 0 0 0 0 0 0 0 1 0 0 0 0 0 0 0 0 40 0 0 70 42 0 0 0 58 2
22 0 13 0 0 0 0 0 0 1 0 0 0 0 0 0 0 0 1 0 0 0 0 0 0 0 0 0 0 0 0 21 0 0 82 42 0 0 0 74 7
0 0 47 23 0 0 0 0 0 0 0 0 0 0 0 0 0 0 0 0 0 0 0 0 0 0 10 4 0 0 0 18 9 0 0 37 28 6 0 0 0
0 0 50 21 0 0 0 0 0 0 0 0 0 0 0 0 0 0 0 0 0 0 0 0 0 0 7 3 0 0 0 25 11 0 8 38 22 1 0 0 0
23 0 4 0 0 0 0 0 0 0 0 0 0 0 0 0 0 0 3 0 0 0 0 0 0 0 0 0 0 0 0 13 0 0 82 34 0 0 0 73 10
0 0 51 14 0 0 0 0 0 3 0 0 0 0 0 0 0 0 0 0 0 0 1 0 1 0 0 0 0 0 0 43 8 0 35 38 8 0 0 3 0
0 5 48 7 0 0 0 0 0 6 0 0 0 0 0 0 0 0 0 0 0 0 5 0 1 0 0 0 0 0 0 57 4 0 49 39 0 0 0 20 0
0 0 41 23 0 0 0 0 0 0 0 0 0 0 0 0 0 0 0 0 0 0 0 0 0 0 10 6 0 0 0 13 6 0 0 33 30 12 0 0 0
20 0 21 0 0 0 0 0 0 3 0 0 0 0 0 0 0 0 0 0 0 0 0 0 0 0 0 0 0 0 0 29 0 0 78 45 0 0 0 70 4
9 5 30 0 0 0 0 0 0 7 0 0 0 0 0 0 0 0 0 0 0 0 6 0 0 0 0 0 0 0 0 49 0 0 68 42 0 0 0 55 2
0 6 41 3 0 0 0 0 0 7 0 0 0 0 0 0 0 0 0 0 0 0 7 0 0 0 0 0 0 0 0 58 0 0 58 41 0 0 0 35 0
0 0 52 22 0 0 0 0 0 0 0 0 0 0 0 0 0 0 0 0 0 0 0 0 0 0 7 3 0 0 0 27 11 0 9 41 23 1 0 0 0
0 0 55 19 0 0 0 0 0 0 0 0 0 0 0 0 0 0 0 0 0 0 0 0 0 0 5 1 0 0 0 33 12 0 22 43 18 0 0 0 0
0 0 41 23 0 0 0 0 0 0 0 0 0 0 0 0 0 0 0 0 0 0 0 0 0 0 10 6 0 0 0 12 5 0 0 34 31 13 0 0 0
3 6 34 0 0 0 0 0 0 7 0 0 0 0 0 0 0 0 0 0 0 0 7 0 0 0 0 0 0 0 0 53 0 0 62 39 0 0 0 43 0
1 6 38 2 0 0 0 0 0 7 0 0 0 0 0 0 0 0 0 0 0 0 7 0 0 0 0 0 0 0 0 55 0 0 60 40 0 0 0 39 0
0 0 52 20 0 0 0 0 0 0 0 0 0 0 0 0 0 0 0 0 0 0 0 0 0 0 5 2 0 0 0 31 11 0 17 40 19 0 0 0 0
0 0 45 24 0 0 0 0 0 0 0 0 0 0 0 0 0 0 0 0 0 0 0 0 0 0 10 4 0 0 0 15 9 0 0 36 29 7 0 0 0
23 0 10 0 0 0 0 0 0 0 0 0 0 0 0 0 0 0 2 0 0 0 0 0 0 0 0 0 0 0 0 19 0 0 83 39 0 0 0 73 8
0 6 41 2 0 0 0 0 0 7 0 0 0 0 0 0 0 0 0 0 0 0 7 0 0 0 0 0 0 0 0 59 0 0 61 42 0 0 0 38 0
10 5 29 0 0 0 0 0 0 7 0 0 0 0 0 0 0 0 0 0 0 0 6 0 0 0 0 0 0 0 0 49 0 0 69 42 0 0 0 57 3
0 4 49 8 0 0 0 0 0 6 0 0 0 0 0 0 0 0 0 0 0 0 4 0 1 0 0 0 0 0 0 57 5 0 49 39 0 0 0 15 0
0 0 45 23 0 0 0 0 0 0 0 0 0 0 0 0 0 0 0 0 0 0 0 0 0 0 10 4 0 0 0 15 8 0 0 36 29 8 0 0 0
21 0 0 0 1 0 0 0 0 0 0 0 0 0 0 0 0 0 5 0 0 0 0 0 0 0 0 0 0 0 0 2 0 0 76 28 0 0 0 69 11
0 0 41 24 0 0 0 0 0 0 0 0 0 0 0 0 0 0 0 0 0 0 0 0 0 0 10 6 0 0 0 12 5 0 0 34 31 14 0 0 0
21 0 19 0 0 0 0 0 0 2 0 0 0 0 0 0 0 0 0 0 0 0 0 0 0 0 0 0 0 0 0 27 0 0 80 45 0 0 0 72 5
0 0 51 22 0 0 0 0 0 0 0 0 0 0 0 0 0 0 0 0 0 0 0 0 0 0 8 3 0 0 0 24 11 0 5 39 24 1 0 0 0
3 4 35 1 0 0 0 0 0 6 0 0 0 0 0 0 0 0 0 0 0 0 6 0 0 0 0 0 0 0 0 49 0 0 62 41 0 0 0 43 0
23 0 13 0 0 0 0 0 0 0 0 0 0 0 0 0 0 0 1 0 0 0 0 0 0 0 0 0 0 0 0 21 0 0 84 41 0 0 0 73 7
23 0 7 0 0 0 0 0 0 0 0 0 0 0 0 0 0 0 3 0 0 0 0 0 0 0 0 0 0 0 0 16 0 0 81 35 0 0 0 72 10
23 0 10 0 0 0 0 0 0 0 0 0 0 0 0 0 0 0 2 0 0 0 0 0 0 0 0 0 0 0 0 19 0 0 82 37 0 0 0 72 8
20 0 21 0 0 0 0 0 0 4 0 0 0 0 0 0 0 0 0 0 0 0 0 0 0 0 0 0 0 0 0 33 0 0 78 45 0 0 0 71 4
21 0 18 0 0 0 0 0 0 3 0 0 0 0 0 0 0 0 0 0 0 0 0 0 0 0 0 0 0 0 0 27 0 0 78 45 0 0 0 73 5
22 0 12 0 0 0 0 0 0 0 0 0 0 0 0 0 0 0 1 0 0 0 0 0 0 0 0 0 0 0 0 20 0 0 81 40 0 0 0 73 7
16 1 25 0 0 0 0 0 0 4 0 0 0 0 0 0 0 0 0 0 0 0 1 0 0 0 0 0 0 0 0 37 0 0 74 44 0 0 0 64 3
0 5 45 6 0 0 0 0 0 6 0 0 0 0 0 0 0 0 0 0 0 0 5 0 0 0 0 0 0 0 0 56 3 0 51 39 0 0 0 24 0
0 0 40 23 0 0 0 0 0 0 0 0 0 0 0 0 0 0 0 0 0 0 0 0 0 0 10 6 0 0 0 12 5 0 0 33 31 14 0 0 0
0 0 42 23 0 0 0 0 0 0 0 0 0 0 0 0 0 0 0 0 0 0 0 0 0 0 10 5 0 0 0 13 6 0 0 35 30 12 0 0 0
1 6 41 2 0 0 0 0 0 7 0 0 0 0 0 0 0 0 0 0 0 0 7 0 0 0 0 0 0 0 0 58 0 0 61 42 0 0 0 39 0
0 5 47 6 0 0 0 0 0 7 0 0 0 0 0 0 0 0 0 0 0 0 6 0 0 0 0 0 0 0 0 60 2 0 54 40 0 0 0 26 0
14 2 27 0 0 0 0 0 0 5 0 0 0 0 0 0 0 0 0 0 0 0 3 0 0 0 0 0 0 0 0 42 0 0 73 44 0 0 0 61 2
22 0 3 0 0 0 0 0 0 0 0 0 0 0 0 0 0 0 3 0 0 0 0 0 0 0 0 0 0 0 0 13 0 0 80 32 0 0 0 71 11
0 0 46 23 0 0 0 0 0 0 0 0 0 0 0 0 0 0 0 0 0 0 0 0 0 0 10 4 0 0 0 16 10 0 0 36 28 5 0 0 0
0 0 43 24 0 0 0 0 0 0 0 0 0 0 0 0 0 0 0 0 0 0 0 0 0 0 10 5 0 0 0 14 7 0 0 36 30 10 0 0 0
0 0 33 22 0 0 0 0 0 0 0 0 0 0 0 0 0 0 0 0 0 0 0 0 0 0 12 10 0 0 0 6 0 0 0 28 37 24 0 0 0
23 0 0 0 2 0 0 0 0 0 0 0 0 0 0 0 0 0 6 0 0 0 0 0 0 0 0 0 0 0 0 0 0 0 77 27 0 0 0 70 11
22 0 15 0 0 0 0 0 0 1 0 0 0 0 0 0 0 0 1 0 0 0 0 0 0 0 0 0 0 0 0 22 0 0 81 42 0 0 0 71 5
18 0 23 0 0 0 0 0 0 3 0 0 0 0 0 0 0 0 0 0 0 0 0 0 0 0 0 0 0 0 0 31 0 0 76 45 0 0 0 67 3
21 0 0 0 1 0 0 0 0 0 0 0 0 0 0 0 0 0 4 0 0 0 0 0 0 0 0 0 0 0 0 7 0 0 78 30 0 0 0 68 10
23 0 9 0 0 0 0 0 0 0 0 0 0 0 0 0 0 0 2 0 0 0 0 0 0 0 0 0 0 0 0 18 0 0 82 37 0 0 0 71 9
0 6 39 3 0 0 0 0 0 7 0 0 0 0 0 0 0 0 0 0 0 0 7 0 0 0 0 0 0 0 0 56 0 0 58 40 0 0 0 35 0
5 4 34 0 0 0 0 0 0 6 0 0 0 0 0 0 0 0 0 0 0 0 6 0 0 0 0 0 0 0 0 50 0 0 65 42 0 0 0 47 0
0 0 44 24 0 0 0 0 0 0 0 0 0 0 0 0 0 0 0 0 0 0 0 0 0 0 10 5 0 0 0 15 7 0 0 35 29 10 0 0 0
0 0 45 24 0 0 0 0 0 0 0 0 0 0 0 0 0 0 0 0 0 0 0 0 0 0 10 4 0 0 0 15 8 0 0 35 29 8 0 0 0
0 0 37 23 0 0 0 0 0 0 0 0 0 0 0 0 0 0 0 0 0 0 0 0 0 0 11 8 0 0 0 10 2 0 0 31 33 18 0 0 0
23 0 13 0 0 0 0 0 0 0 0 0 0 0 0 0 0 0 1 0 0 0 0 0 0 0 0 0 0 0 0 20 0 0 82 41 0 0 0 73 6
0 4 49 9 0 0 0 0 0 6 0 0 0 0 0 0 0 0 0 0 0 0 5 0 1 0 0 0 0 0 0 54 5 0 46 39 0 0 0 17 0
0 1 50 12 0 0 0 0 0 4 0 0 0 0 0 0 0 0 0 0 0 0 2 0 1 0 0 0 0 0 0 47 7 0 38 38 6 0 0 7 0
15 3 24 0 0 0 0 0 0 6 0 0 0 0 0 0 0 0 0 0 0 0 3 0 0 0 0 0 0 0 0 41 0 0 72 42 0 0 0 62 3
3 7 34 0 0 0 0 0 0 8 0 0 0 0 0 0 0 0 0 0 0 0 8 0 0 0 0 0 0 0 0 56 0 0 63 41 0 0 0 47 1
0 0 37 23 0 0 0 0 0 0 0 0 0 0 0 0 0 0 0 0 0 0 0 0 0 0 11 8 0 0 0 11 2 0 0 31 33 19 0 0 0
22 0 19 0 0 0 0 0 0 2 0 0 0 0 0 0 0 0 0 0 0 0 0 0 0 0 0 0 0 0 0 27 0 0 82 45 0 0 0 74 5
0 0 32 24 0 0 0 0 0 0 0 0 0 0 0 0 0 0 0 0 0 0 0 0 0 0 13 11 0 0 0 6 0 0 0 29 39 28 0 0 0
11 4 28 0 0 0 0 0 0 6 0 0 0 0 0 0 0 0 0 0 0 0 4 0 0 0 0 0 0 0 0 45 0 0 70 43 0 0 0 57 2
0 0 42 24 0 0 0 0 0 0 0 0 0 0 0 0 0 0 0 0 0 0 0 0 0 0 10 6 0 0 0 13 5 0 0 35 31 13 0 0 0
15 2 26 0 0 0 0 0 0 6 0 0 0 0 0 0 0 0 0 0 0 0 3 0 0 0 0 0 0 0 0 41 0 0 73 44 0 0 0 63 2
0 0 40 24 0 0 0 0 0 0 0 0 0 0 0 0 0 0 0 0 0 0 0 0 0 0 10 7 0 0 0 13 4 0 0 33 31 15 0 0 0
0 0 39 24 0 0 0 0 0 0 0 0 0 0 0 0 0 0 0 0 0 0 0 0 0 0 11 7 0 0 0 11 3 0 0 33 33 18 0 0 0
0 0 26 21 0 0 0 0 0 0 0 0 0 0 0 0 0 0 0 0 0 0 0 0 0 0 15 14 0 0 0 0 0 0 0 24 42 33 2 0 0
2 6 39 2 0 0 0 0 0 7 0 0 0 0 0 0 0 0 0 0 0 0 8 0 0 0 0 0 0 0 0 57 0 0 62 42 0 0 0 42 0
0 0 52 19 0 0 0 0 0 0 0 0 0 0 0 0 0 0 0 0 0 0 0 0 0 0 5 1 0 0 0 32 11 0 19 39 18 0 0 0 0
0 0 49 22 0 0 0 0 0 0 0 0 0 0 0 0 0 0 0 0 0 0 0 0 0 0 8 3 0 0 0 23 11 0 1 38 25 3 0 0 0
0 0 44 24 0 0 0 0 0 0 0 0 0 0 0 0 0 0 0 0 0 0 0 0 0 0 10 5 0 0 0 15 8 0 0 36 29 9 0 0 0
10 3 30 0 0 0 0 0 0 6 0 0 0 0 0 0 0 0 0 0 0 0 4 0 0 0 0 0 0 0 0 45 0 0 69 43 0 0 0 55 1
20 0 17 0 0 0 0 0 0 1 0 0 0 0 0 0 0 0 1 0 0 0 0 0 0 0 0 0 0 0 0 21 0 0 78 42 0 0 0 68 4
22 0 1 0 1 0 0 0 0 0 0 0 0 0 0 0 0 0 4 0 0 0 0 0 0 0 0 0 0 0 0 9 0 0 80 32 0 0 0 68 10
22 0 14 0 0 0 0 0 0 1 0 0 0 0 0 0 0 0 1 0 0 0 0 0 0 0 0 0 0 0 0 20 0 0 81 41 0 0 0 71 6
0 5 36 2 0 0 0 0 0 6 0 0 0 0 0 0 0 0 0 0 0 0 5 0 0 0 0 0 0 0 0 50 0 0 56 37 0 0 0 33 0
23 0 3 0 0 0 0 0 0 0 0 0 0 0 0 0 0 0 3 0 0 0 0 0 0 0 0 0 0 0 0 14 0 0 83 34 0 0 0 74 11
0 6 41 3 0 0 0 0 0 7 0 0 0 0 0 0 0 0 0 0 0 0 7 0 0 0 0 0 0 0 0 58 0 0 58 40 0 0 0 34 0
23 0 10 0 0 0 0 0 0 0 0 0 0 0 0 0 0 0 2 0 0 0 0 0 0 0 0 0 0 0 0 19 0 0 82 39 0 0 0 73 8
23 0 9 0 0 0 0 0 0 0 0 0 0 0 0 0 0 0 2 0 0 0 0 0 0 0 0 0 0 0 0 17 0 0 80 37 0 0 0 71 8
20 0 17 0 0 0 0 0 0 2 0 0 0 0 0 0 0 0 0 0 0 0 0 0 0 0 0 0 0 0 0 23 0 0 79 44 0 0 0 73 5
0 0 47 24 0 0 0 0 0 0 0 0 0 0 0 0 0 0 0 0 0 0 0 0 0 0 10 4 0 0 0 17 10 0 0 37 29 7 0 0 0
0 0 52 19 0 0 0 0 0 0 0 0 0 0 0 0 0 0 0 0 0 0 0 0 0 0 5 2 0 0 0 30 11 0 18 40 19 0 0 0 0
20 0 19 0 0 0 0 0 0 2 0 0 0 0 0 0 0 0 0 0 0 0 0 0 0 0 0 0 0 0 0 25 0 0 79 44 0 0 0 70 4
0 0 43 24 0 0 0 0 0 0 0 0 0 0 0 0 0 0 0 0 0 0 0 0 0 0 10 5 0 0 0 14 7 0 0 35 30 11 0 0 0
0 0 49 13 0 0 0 0 0 3 0 0 0 0 0 0 0 0 0 0 0 0 1 0 0 0 0 0 0 0 0 40 8 0 32 37 8 0 0 4 0
0 5 44 5 0 0 0 0 0 6 0 0 0 0 0 0 0 0 0 0 0 0 5 0 0 0 0 0 0 0 0 55 2 0 52 38 0 0 0 25 0
0 0 51 14 0 0 0 0 0 3 0 0 0 0 0 0 0 0 0 0 0 0 1 0 0 0 1 0 0 0 0 40 9 0 32 39 10 0 0 2 0
19 0 22 0 0 0 0 0 0 3 0 0 0 0 0 0 0 0 0 0 0 0 0 0 0 0 0 0 0 0 0 29 0 0 77 46 0 0 0 69 3
0 0 51 25 0 0 0 0 0 0 0 0 0 0 0 0 0 0 0 0 0 0 0 0 0 0 9 3 0 0 0 21 12 0 0 40 28 3 0 0 0
0 0 54 20 0 0 0 0 0 0 0 0 0 0 0 0 0 0 0 0 0 0 0 0 0 0 5 2 0 0 0 32 11 0 18 42 19 0 0 0 0
14 1 24 0 0 0 0 0 0 4 0 0 0 0 0 0 0 0 0 0 0 0 1 0 0 0 0 0 0 0 0 35 0 0 71 42 0 0 0 61 3
18 1 22 0 0 0 0 0 0 4 0 0 0 0 0 0 0 0 0 0 0 0 1 0 0 0 0 0 0 0 0 35 0 0 76 44 0 0 0 68 4
0 0 51 15 0 0 0 0 0 2 0 0 0 0 0 0 0 0 0 0 0 0 0 0 0 0 2 1 0 0 0 38 10 0 31 39 12 0 0 0 0
0 0 53 21 0 0 0 0 0 0 0 0 0 0 0 0 0 0 0 0 0 0 0 0 0 0 7 3 0 0 0 27 12 0 11 41 23 0 0 0 0
0 0 45 23 0 0 0 0 0 0 0 0 0 0 0 0 0 0 0 0 0 0 0 0 0 0 10 4 0 0 0 15 9 0 0 35 29 7 0 0 0
0 6 40 3 0 0 0 0 0 7 0 0 0 0 0 0 0 0 0 0 0 0 7 0 0 0 0 0 0 0 0 56 0 0 56 39 0 0 0 32 0
0 0 51 24 0 0 0 0 0 0 0 0 0 0 0 0 0 0 0 0 0 0 0 0 0 0 8 3 0 0 0 25 11 0 0 39 26 3 0 0 0
0 5 44 6 0 0 0 0 0 6 0 0 0 0 0 0 0 0 0 0 0 0 5 0 0 0 0 0 0 0 0 56 3 0 50 37 0 0 1 22 0
0 0 52 18 0 0 0 0 0 1 0 0 0 0 0 0 0 0 0 0 0 0 1 0 0 0 4 1 0 0 0 34 10 0 20 40 16 0 0 0 0
8 6 31 0 0 0 0 0 0 7 0 0 0 0 0 0 0 0 0 0 0 0 7 0 0 0 0 0 0 0 0 52 0 0 67 41 0 0 0 53 2
0 5 47 7 0 0 0 0 0 6 0 0 0 0 0 0 0 0 0 0 0 0 6 0 1 0 0 0 0 0 0 57 3 0 50 39 0 0 0 22 0
22 0 0 0 1 0 0 0 0 0 0 0 0 0 0 0 0 0 4 0 0 0 0 0 0 0 0 0 0 0 0 6 0 0 78 30 0 0 0 67 10
0 1 50 11 0 0 0 0 0 5 0 0 0 0 0 0 0 0 0 0 0 0 2 0 0 0 0 0 0 0 0 48 7 0 42 39 4 0 0 11 0
3 6 34 0 0 0 0 0 0 7 0 0 0 0 0 0 0 0 0 0 0 0 7 0 0 0 0 0 0 0 0 52 0 0 62 40 0 0 0 45 1
0 0 38 24 0 0 0 0 0 0 0 0 0 0 0 0 0 0 0 0 0 0 0 0 0 0 11 8 0 0 0 11 2 0 0 32 35 20 0 0 0
20 0 19 0 0 0 0 0 0 2 0 0 0 0 0 0 0 0 0 0 0 0 0 0 0 0 0 0 0 0 0 28 0 0 81 46 0 0 0 74 6
12 3 27 0 0 0 0 0 0 6 0 0 0 0 0 0 0 0 0 0 0 0 4 0 0 0 0 0 0 0 0 44 0 0 70 43 0 0 0 59 2
22 0 0 0 1 0 0 0 0 0 0 0 0 0 0 0 0 0 6 0 0 0 0 0 0 0 0 0 0 0 0 0 0 0 77 28 0 0 0 70 11
