0 0 21 0 0 0 0 0 10 0 0 0 0 0 0 0 0 0 0 0 0 0 0 0 0 0 10 0 0 1 0 37 0 0 14 15 0 0 0 40 31
0 0 23 0 0 0 0 0 12 0 0 0 0 0 0 0 0 0 0 0 0 0 0 0 0 0 9 0 0 1 0 42 0 0 21 15 0 0 0 47 33
0 0 23 0 0 0 0 0 12 0 0 0 0 0 0 0 0 0 0 0 0 0 0 0 0 0 9 0 0 1 0 43 0 0 23 15 0 0 0 48 33
6 0 2 20 0 0 0 0 0 0 0 0 0 0 1 0 0 0 0 0 0 0 0 0 0 0 0 0 0 0 0 21 0 0 5 17 0 0 0 14 23
0 0 19 0 0 0 0 0 6 0 0 0 0 0 0 0 0 0 0 0 0 0 0 0 0 0 9 0 0 0 0 32 0 0 9 15 0 0 0 34 29
0 0 18 6 0 0 0 0 0 0 0 0 0 0 0 0 0 0 0 0 0 0 0 0 0 0 8 0 0 0 0 32 0 0 0 21 0 0 0 25 31
5 0 2 14 0 0 0 0 0 0 0 0 0 0 1 0 0 0 0 0 0 0 0 0 0 0 0 0 0 0 0 22 0 1 28 25 0 0 0 24 11
0 0 18 1 0 0 0 0 3 0 0 0 0 0 0 0 0 0 0 0 0 0 0 0 0 0 9 0 0 0 0 31 0 0 4 17 0 0 0 29 29
0 0 7 0 0 0 0 0 0 0 0 0 0 0 0 0 0 0 0 0 0 0 4 0 0 3 0 0 1 1 0 25 0 0 57 35 0 1 0 36 0
1 0 4 1 0 0 0 0 0 0 0 0 0 0 0 0 0 0 0 0 0 0 1 0 0 1 0 0 1 0 0 22 0 0 49 31 0 0 0 33 0
3 0 10 22 0 0 0 0 0 0 0 0 0 0 0 0 0 0 0 0 0 0 0 0 0 0 4 0 0 0 0 28 0 0 0 18 0 0 0 14 32
0 0 18 0 0 0 0 0 4 0 0 0 0 0 0 0 0 0 0 0 0 0 0 0 0 0 9 0 0 0 0 32 0 0 6 16 0 0 0 31 29
4 0 9 23 0 0 0 0 0 0 0 0 0 0 0 0 0 0 0 0 0 0 0 0 0 0 4 0 0 0 0 28 0 0 0 18 0 0 0 13 34
0 0 19 2 0 0 0 0 2 0 0 0 0 0 0 0 0 0 0 0 0 0 0 0 0 0 9 0 0 0 0 32 0 0 2 19 0 0 0 29 30
0 0 18 6 0 0 0 0 0 0 0 0 0 0 0 0 0 0 0 0 0 0 0 0 0 0 8 0 0 0 0 31 0 0 0 20 0 0 0 25 31
0 0 17 3 0 0 0 0 1 0 0 0 0 0 0 0 0 0 0 0 0 0 0 0 0 0 8 0 0 0 0 31 0 0 2 19 0 0 0 28 30
0 0 17 4 0 0 0 0 1 0 0 0 0 0 0 0 0 0 0 0 0 0 0 0 0 0 8 0 0 0 0 30 0 0 1 18 0 0 0 26 29
3 0 3 6 0 0 0 0 0 0 0 0 0 0 0 0 0 0 0 0 0 0 0 0 0 0 0 0 0 0 0 20 0 0 40 31 0 0 0 29 0
2 0 3 2 0 0 0 0 0 0 0 0 0 0 0 0 0 0 0 0 0 0 0 0 0 1 0 0 1 0 0 21 0 0 46 31 0 0 0 30 0
4 0 8 22 0 0 0 0 0 0 0 0 0 0 0 0 0 0 0 0 0 0 0 0 0 0 4 0 0 0 0 26 0 0 0 16 0 0 0 12 30
5 0 0 9 0 0 0 0 0 0 0 0 0 0 0 0 0 0 0 0 0 0 0 0 0 0 0 0 0 0 0 17 0 0 32 28 0 0 0 25 0
5 0 0 9 0 0 0 0 0 0 0 0 0 0 0 0 0 0 0 0 0 0 0 0 0 0 0 0 0 0 0 17 0 0 32 28 0 0 0 25 1
7 0 0 16 0 0 0 0 0 0 0 0 0 0 1 0 0 0 0 0 0 0 0 0 0 0 0 0 0 0 0 18 0 0 14 22 0 0 0 18 15
0 0 6 0 0 0 0 0 0 0 0 0 0 0 0 0 0 0 0 0 0 0 4 0 0 3 0 0 2 1 0 24 0 0 59 34 0 1 0 34 0
0 0 6 0 0 0 0 0 0 0 0 0 0 0 0 0 0 0 0 0 0 0 4 0 0 3 0 0 1 1 0 23 0 0 57 35 0 1 0 34 0
0 0 7 0 0 0 0 0 0 0 0 0 0 0 0 0 0 0 0 0 0 0 5 0 0 3 0 0 1 1 0 25 0 0 59 36 0 2 0 35 0
0 0 19 0 0 0 0 0 7 0 0 0 0 0 0 0 0 0 0 0 0 0 0 0 0 0 10 0 0 0 0 34 0 0 9 15 0 0 0 35 30
0 0 12 17 0 0 0 0 0 0 0 0 0 0 0 0 0 0 0 0 0 0 0 0 0 0 4 0 0 0 0 29 0 0 0 20 0 1 0 16 32
0 0 24 0 0 0 0 0 14 0 0 0 0 0 0 0 0 0 0 0 0 0 0 0 0 0 10 0 0 1 0 45 0 0 24 16 0 0 0 51 35
3 0 2 8 0 0 0 0 0 0 0 0 0 0 0 0 0 0 0 0 0 0 0 0 0 0 0 0 0 0 0 20 0 0 35 29 0 0 0 27 0
0 0 7 0 0 0 0 0 0 0 0 0 0 0 0 0 0 0 0 0 0 0 5 0 0 4 0 0 2 1 0 23 0 0 60 36 0 1 0 35 0
0 0 5 0 0 0 0 0 0 0 0 0 0 0 0 0 0 0 0 0 0 0 3 0 0 3 0 0 2 1 0 23 0 0 59 34 0 1 0 34 0
0 0 19 0 0 0 0 0 9 0 0 0 0 0 0 0 0 0 0 0 0 0 0 0 0 0 9 0 0 1 0 33 0 0 11 14 0 0 0 36 29
0 0 16 11 0 0 0 0 0 0 0 0 0 0 0 0 0 0 0 0 0 0 0 0 0 0 6 0 0 0 0 31 0 0 0 23 0 0 0 21 33
3 0 10 22 0 0 0 0 0 0 0 0 0 0 0 0 0 0 0 0 0 0 0 0 0 0 4 0 0 0 0 28 0 0 0 18 0 0 0 13 33
2 0 12 19 0 0 0 0 0 0 0 0 0 0 0 0 0 0 0 0 0 0 0 0 0 0 4 0 0 0 0 28 0 0 0 21 0 0 0 15 32
0 0 20 0 0 0 0 0 9 0 0 0 0 0 0 0 0 0 0 0 0 0 0 0 0 0 10 0 0 0 0 34 0 0 12 15 0 0 0 37 30
0 0 17 3 0 0 0 0 2 0 0 0 0 0 0 0 0 0 0 0 0 0 0 0 0 0 8 0 0 0 0 32 0 0 3 18 0 0 0 28 30
0 0 22 0 0 0 0 0 11 0 0 0 0 0 0 0 0 0 0 0 0 0 0 0 0 0 10 0 0 1 0 38 0 0 16 15 0 0 0 42 32
0 0 19 0 0 0 0 0 4 0 0 0 0 0 0 0 0 0 0 0 0 0 0 0 0 0 10 0 0 0 0 32 0 0 6 18 0 0 0 31 29
4 0 1 6 0 0 0 0 0 0 0 0 0 0 0 0 0 0 0 0 0 0 0 0 0 0 0 0 0 0 0 16 0 0 37 29 0 0 0 26 0
0 0 18 1 0 0 0 0 4 0 0 0 0 0 0 0 0 0 0 0 0 0 0 0 0 0 8 0 0 0 0 32 0 0 6 16 0 0 0 30 29
0 0 18 1 0 0 0 0 3 0 0 0 0 0 0 0 0 0 0 0 0 0 0 0 0 0 9 0 0 0 0 32 0 0 5 18 0 0 0 30 29
2 0 10 20 0 0 0 0 0 0 0 0 0 0 0 0 0 0 0 0 0 0 0 0 0 0 4 0 0 0 0 27 0 0 0 18 0 0 0 14 31
0 0 8 0 0 0 0 0 0 0 0 0 0 0 0 0 0 0 0 0 0 0 6 0 0 7 0 0 2 3 0 26 0 1 72 39 0 4 0 39 0
0 0 20 0 0 0 0 0 8 0 0 0 0 0 0 0 0 0 0 0 0 0 0 0 0 0 9 0 0 1 0 34 0 0 12 14 0 0 0 36 29
2 0 11 21 0 0 0 0 0 0 0 0 0 0 0 0 0 0 0 0 0 0 0 0 0 0 4 0 0 0 0 29 0 0 0 20 0 0 0 15 34
0 0 21 0 0 0 0 0 11 0 0 0 0 0 0 0 0 0 0 0 0 0 0 0 0 0 10 0 0 1 0 38 0 0 16 14 0 0 0 41 31
0 0 21 0 0 0 0 0 11 0 0 0 0 0 0 0 0 0 0 0 0 0 0 0 0 0 9 0 0 1 0 39 0 0 17 15 0 0 0 43 32
4 0 8 22 0 0 0 0 0 0 0 0 0 0 0 0 0 0 0 0 0 0 0 0 0 0 4 0 0 0 0 27 0 0 0 17 0 0 0 14 32
0 0 21 0 0 0 0 0 12 0 0 0 0 0 0 0 0 0 0 0 0 0 0 0 0 0 9 0 0 1 0 40 0 0 20 14 0 0 0 45 32
0 0 21 0 0 0 0 0 10 0 0 0 0 0 0 0 0 0 0 0 0 0 0 0 0 0 10 0 0 1 0 37 0 0 14 14 0 0 0 40 31
1 0 4 0 0 0 0 0 0 0 0 0 0 0 0 0 0 0 0 0 0 0 2 0 0 2 0 0 1 0 0 20 0 0 47 32 0 0 0 30 0
3 0 2 5 0 0 0 0 0 0 0 0 0 0 0 0 0 0 0 0 0 0 0 0 0 0 0 0 0 0 0 19 0 0 40 31 0 0 0 28 0
0 0 18 1 0 0 0 0 4 0 0 0 0 0 0 0 0 0 0 0 0 0 0 0 0 0 9 0 0 0 0 32 0 0 5 17 0 0 0 30 29
1 0 3 0 0 0 0 0 0 0 0 0 0 0 0 0 0 0 0 0 0 0 1 0 0 2 0 0 1 0 0 21 0 0 50 32 0 0 0 32 0
5 0 1 11 0 0 0 0 0 0 0 0 0 0 1 0 0 0 0 0 0 0 0 0 0 0 0 0 0 0 0 19 0 0 31 29 0 0 0 26 4
0 0 17 10 0 0 0 0 0 0 0 0 0 0 0 0 0 0 0 0 0 0 0 0 0 0 7 0 0 0 0 33 0 0 0 22 0 0 0 23 33
0 0 17 0 0 0 0 0 5 0 0 0 0 0 0 0 0 0 0 0 0 0 0 0 0 0 8 0 0 0 0 31 0 0 7 14 0 0 0 31 29
6 0 0 13 0 0 0 0 0 0 0 0 0 0 1 0 0 0 0 0 0 0 0 0 0 0 0 0 0 0 0 18 0 0 23 25 0 0 0 21 11
0 0 22 0 0 0 0 0 11 0 0 0 0 0 0 0 0 0 0 0 0 0 0 0 0 0 10 0 0 1 0 40 0 0 19 15 0 0 0 44 32
0 0 23 0 0 0 0 0 13 0 0 0 0 0 0 0 0 0 0 0 0 0 0 0 0 0 10 0 0 1 0 41 0 0 20 16 0 0 0 47 33
0 0 17 6 0 0 0 0 0 0 0 0 0 0 0 0 0 0 0 0 0 0 0 0 0 0 7 0 0 0 0 31 0 0 0 20 0 0 0 25 31
6 0 2 23 0 0 0 0 0 0 0 0 0 0 1 0 0 0 0 0 0 0 0 0 0 0 1 0 0 0 0 23 0 0 2 14 0 0 0 13 27
0 0 9 0 0 0 0 0 0 0 0 0 0 0 0 0 0 0 0 0 0 0 7 0 0 9 0 0 3 4 0 27 0 2 79 43 0 6 0 40 0
0 0 18 7 0 0 0 0 0 0 0 0 0 0 0 0 0 0 0 0 0 0 0 0 0 0 7 0 0 0 0 32 0 0 0 21 0 0 0 24 32
5 0 0 11 0 0 0 0 0 0 0 0 0 0 1 0 0 0 0 0 0 0 0 0 0 0 0 0 0 0 0 18 0 0 29 27 0 0 0 24 6
5 0 4 23 0 0 0 0 0 0 0 0 0 0 1 0 0 0 0 0 0 0 0 0 0 0 3 0 0 0 0 26 0 0 0 14 0 0 0 13 29
0 0 7 0 0 0 0 0 0 0 0 0 0 0 0 0 0 0 0 0 0 0 5 0 0 4 0 0 2 1 0 22 0 0 58 36 0 1 0 34 0
0 0 24 0 0 0 0 0 12 0 0 0 0 0 0 0 0 0 0 0 0 0 0 0 0 0 9 0 0 1 0 42 0 0 21 16 0 0 0 48 34
7 0 1 19 0 0 0 0 0 0 0 0 0 0 1 0 0 0 0 0 0 0 0 0 0 0 0 0 0 0 0 21 0 0 12 17 0 0 0 16 21
0 0 20 0 0 0 0 0 9 0 0 0 0 0 0 0 0 0 0 0 0 0 0 0 0 0 10 0 0 0 0 35 0 0 11 16 0 0 0 37 30
1 0 12 19 0 0 0 0 0 0 0 0 0 0 0 0 0 0 0 0 0 0 0 0 0 0 4 0 0 0 0 30 0 0 0 20 0 0 0 17 33
0 0 17 3 0 0 0 0 2 0 0 0 0 0 0 0 0 0 0 0 0 0 0 0 0 0 8 0 0 0 0 32 0 0 3 19 0 0 0 28 30
0 0 17 3 0 0 0 0 3 0 0 0 0 0 0 0 0 0 0 0 0 0 0 0 0 0 8 0 0 0 0 32 0 0 3 18 0 0 0 29 31
0 0 21 0 0 0 0 0 11 0 0 0 0 0 0 0 0 0 0 0 0 0 0 0 0 0 9 0 0 1 0 38 0 0 17 15 0 0 0 43 31
0 0 20 0 0 0 0 0 8 0 0 0 0 0 0 0 0 0 0 0 0 0 0 0 0 0 10 0 0 0 0 33 0 0 10 15 0 0 0 36 29
3 0 2 5 0 0 0 0 0 0 0 0 0 0 0 0 0 0 0 0 0 0 0 0 0 0 0 0 0 0 0 20 0 0 40 31 0 0 0 29 0
0 0 6 0 0 0 0 0 0 0 0 0 0 0 0 0 0 0 0 0 0 0 4 0 0 3 0 0 1 1 0 23 0 0 56 34 0 1 0 34 0
0 0 19 0 0 0 0 0 5 0 0 0 0 0 0 0 0 0 0 0 0 0 0 0 0 0 9 0 0 0 0 33 0 0 6 18 0 0 0 32 30
0 0 6 0 0 0 0 0 0 0 0 0 0 0 0 0 0 0 0 0 0 0 5 0 0 3 0 0 1 1 0 21 0 0 55 35 0 1 0 32 0
0 0 7 0 0 0 0 0 0 0 0 0 0 0 0 0 0 0 0 0 0 0 5 0 0 5 0 0 2 2 0 25 0 0 66 37 0 3 0 37 0
0 0 4 0 0 0 0 0 0 0 0 0 0 0 0 0 0 0 0 0 0 0 3 0 0 2 0 0 1 0 0 22 0 0 51 33 0 0 0 33 0
0 0 13 17 0 0 0 0 0 0 0 0 0 0 0 0 0 0 0 0 0 0 0 0 0 0 5 0 0 0 0 30 0 0 0 21 0 1 0 16 32
0 0 20 0 0 0 0 0 10 0 0 0 0 0 0 0 0 0 0 0 0 0 0 0 0 0 10 0 0 1 0 36 0 0 14 14 0 0 0 38 30
2 0 5 4 0 0 0 0 0 0 0 0 0 0 0 0 0 0 0 0 0 0 2 0 0 1 0 0 1 0 0 21 0 0 45 33 0 0 0 30 0
0 0 20 0 0 0 0 0 8 0 0 0 0 0 0 0 0 0 0 0 0 0 0 0 0 0 10 0 0 0 0 34 0 0 10 16 0 0 0 36 30
0 0 5 0 0 0 0 0 0 0 0 0 0 0 0 0 0 0 0 0 0 0 4 0 0 3 0 0 1 1 0 23 0 0 54 34 0 1 0 34 0
2 0 3 5 0 0 0 0 0 0 0 0 0 0 0 0 0 0 0 0 0 0 1 0 0 0 0 0 0 0 0 18 0 0 39 31 0 0 0 28 0
0 0 17 1 0 0 0 0 4 0 0 0 0 0 0 0 0 0 0 0 0 0 0 0 0 0 9 0 0 0 0 31 0 0 5 17 0 0 0 29 29
0 0 17 6 0 0 0 0 0 0 0 0 0 0 0 0 0 0 0 0 0 0 0 0 0 0 7 0 0 0 0 31 0 0 0 20 0 0 0 26 31
5 0 3 22 0 0 0 0 0 0 0 0 0 0 1 0 0 0 0 0 0 0 0 0 0 0 1 0 0 0 0 25 0 0 0 13 0 0 0 12 29
0 0 19 0 0 0 0 0 5 0 0 0 0 0 0 0 0 0 0 0 0 0 0 0 0 0 10 0 0 0 0 33 0 0 8 17 0 0 0 33 29
6 0 0 18 0 0 0 0 0 0 0 0 0 0 1 0 0 0 0 0 0 0 0 0 0 0 0 0 0 0 0 19 0 0 11 18 0 0 0 16 20
0 0 17 9 0 0 0 0 0 0 0 0 0 0 0 0 0 0 0 0 0 0 0 0 0 0 6 0 0 0 0 31 0 0 0 21 0 0 0 23 33
0 0 18 1 0 0 0 0 3 0 0 0 0 0 0 0 0 0 0 0 0 0 0 0 0 0 9 0 0 0 0 32 0 0 5 17 0 0 0 30 29
4 0 2 7 0 0 0 0 0 0 0 0 0 0 0 0 0 0 0 0 0 0 0 0 0 0 0 0 0 0 0 17 0 0 35 30 0 0 0 26 0
5 0 7 23 0 0 0 0 0 0 0 0 0 0 0 0 0 0 0 0 0 0 0 0 0 0 4 0 0 0 0 27 0 0 0 15 0 0 0 14 32
0 0 20 0 0 0 0 0 9 0 0 0 0 0 0 0 0 0 0 0 0 0 0 0 0 0 9 0 0 1 0 35 0 0 13 14 0 0 0 38 30
5 0 0 11 0 0 0 0 0 0 0 0 0 0 1 0 0 0 0 0 0 0 0 0 0 0 0 0 0 0 0 17 0 0 27 26 0 0 0 23 6
0 0 7 0 0 0 0 0 0 0 0 0 0 0 0 0 0 0 0 0 0 0 5 0 0 5 0 0 2 2 0 24 0 0 64 36 0 3 0 36 0
0 0 5 0 0 0 0 0 0 0 0 0 0 0 0 0 0 0 0 0 0 0 3 0 0 2 0 0 1 0 0 22 0 0 52 34 0 0 0 33 0
0 0 18 2 0 0 0 0 3 0 0 0 0 0 0 0 0 0 0 0 0 0 0 0 0 0 9 0 0 0 0 32 0 0 4 19 0 0 0 29 29
5 0 2 19 0 0 0 0 0 0 0 0 0 0 1 0 0 0 0 0 0 0 0 0 0 0 0 0 0 0 0 20 0 0 9 20 0 0 0 16 20
0 0 17 6 0 0 0 0 0 0 0 0 0 0 0 0 0 0 0 0 0 0 0 0 0 0 7 0 0 0 0 31 0 0 0 20 0 0 0 26 31
0 0 15 16 0 0 0 0 0 0 0 0 0 0 0 0 0 0 0 0 0 0 0 0 0 0 5 0 0 0 0 33 0 0 0 22 0 0 0 21 35
0 0 8 0 0 0 0 0 0 0 0 0 0 0 0 0 0 0 0 0 0 0 5 0 0 6 0 0 2 2 0 27 0 1 69 38 0 3 0 39 0
0 0 21 0 0 0 0 0 10 0 0 0 0 0 0 0 0 0 0 0 0 0 0 0 0 0 10 0 0 1 0 37 0 0 15 15 0 0 0 41 31
0 0 17 6 0 0 0 0 0 0 0 0 0 0 0 0 0 0 0 0 0 0 0 0 0 0 8 0 0 0 0 32 0 0 0 20 0 0 0 26 30
0 0 19 0 0 0 0 0 6 0 0 0 0 0 0 0 0 0 0 0 0 0 0 0 0 0 10 0 0 0 0 33 0 0 9 17 0 0 0 34 29
4 0 1 9 0 0 0 0 0 0 0 0 0 0 0 0 0 0 0 0 0 0 0 0 0 0 0 0 0 0 0 18 0 0 34 29 0 0 0 26 0
0 0 18 2 0 0 0 0 3 0 0 0 0 0 0 0 0 0 0 0 0 0 0 0 0 0 9 0 0 0 0 32 0 0 3 18 0 0 0 29 30
0 0 15 14 0 0 0 0 0 0 0 0 0 0 0 0 0 0 0 0 0 0 0 0 0 0 5 0 0 0 0 31 0 0 0 22 0 0 0 20 34
0 0 18 2 0 0 0 0 3 0 0 0 0 0 0 0 0 0 0 0 0 0 0 0 0 0 9 0 0 0 0 31 0 0 3 18 0 0 0 29 29
0 0 15 11 0 0 0 0 0 0 0 0 0 0 0 0 0 0 0 0 0 0 0 0 0 0 6 0 0 0 0 32 0 0 0 20 0 0 0 22 34
0 0 8 0 0 0 0 0 0 0 0 0 0 0 0 0 0 0 0 0 0 0 7 0 0 6 0 0 2 3 0 27 0 1 72 40 0 4 0 39 0
0 0 20 0 0 0 0 0 10 0 0 0 0 0 0 0 0 0 0 0 0 0 0 0 0 0 9 0 0 1 0 36 0 0 14 15 0 0 0 40 31
0 0 19 0 0 0 0 0 5 0 0 0 0 0 0 0 0 0 0 0 0 0 0 0 0 0 10 0 0 0 0 32 0 0 7 16 0 0 0 33 29
0 0 16 10 0 0 0 0 0 0 0 0 0 0 0 0 0 0 0 0 0 0 0 0 0 0 6 0 0 0 0 31 0 0 0 22 0 1 0 22 33
0 0 15 13 0 0 0 0 0 0 0 0 0 0 0 0 0 0 0 0 0 0 0 0 0 0 5 0 0 0 0 30 0 0 0 23 0 0 0 21 31
0 0 17 8 0 0 0 0 0 0 0 0 0 0 0 0 0 0 0 0 0 0 0 0 0 0 7 0 0 0 0 32 0 0 0 21 0 0 0 24 33
4 0 2 6 0 0 0 0 0 0 0 0 0 0 0 0 0 0 0 0 0 0 0 0 0 0 0 0 0 0 0 19 0 0 39 30 0 0 0 28 0
4 0 5 22 0 0 0 0 0 0 0 0 0 0 0 0 0 0 0 0 0 0 0 0 0 0 3 0 0 0 0 25 0 0 0 15 0 0 0 13 29
7 0 1 19 0 0 0 0 0 0 0 0 0 0 1 0 0 0 0 0 0 0 0 0 0 0 1 0 0 0 0 19 0 0 6 17 0 0 0 12 22
0 0 18 4 0 0 0 0 2 0 0 0 0 0 0 0 0 0 0 0 0 0 0 0 0 0 9 0 0 0 0 32 0 0 2 19 0 0 0 28 31
0 0 20 0 0 0 0 0 7 0 0 0 0 0 0 0 0 0 0 0 0 0 0 0 0 0 10 0 0 0 0 33 0 0 10 17 0 0 0 35 28
0 0 14 15 0 0 0 0 0 0 0 0 0 0 0 0 0 0 0 0 0 0 0 0 0 0 5 0 0 0 0 31 0 0 0 21 0 0 0 19 34
0 0 16 11 0 0 0 0 0 0 0 0 0 0 0 0 0 0 0 0 0 0 0 0 0 0 6 0 0 0 0 32 0 0 0 22 0 0 0 22 33
0 0 18 4 0 0 0 0 2 0 0 0 0 0 0 0 0 0 0 0 0 0 0 0 0 0 8 0 0 0 0 31 0 0 1 20 0 0 0 27 30
6 0 4 21 0 0 0 0 0 0 0 0 0 0 1 0 0 0 0 0 0 0 0 0 0 0 1 0 0 0 0 23 0 0 2 15 0 0 0 13 26
3 0 3 6 0 0 0 0 0 0 0 0 0 0 0 0 0 0 0 0 0 0 0 0 0 0 0 0 0 0 0 21 0 0 42 31 0 0 0 30 0
7 0 0 17 0 0 0 0 0 0 0 0 0 0 2 0 0 0 0 0 0 0 0 0 0 0 0 0 0 0 0 18 0 0 15 21 0 0 0 18 18
0 0 19 0 0 0 0 0 9 0 0 0 0 0 0 0 0 0 0 0 0 0 0 0 0 0 10 0 0 0 0 34 0 0 11 14 0 0 0 36 30
0 0 18 3 0 0 0 0 3 0 0 0 0 0 0 0 0 0 0 0 0 0 0 0 0 0 9 0 0 0 0 33 0 0 3 19 0 0 0 29 31
5 0 0 11 0 0 0 0 0 0 0 0 0 0 1 0 0 0 0 0 0 0 0 0 0 0 0 0 0 0 0 15 0 0 27 26 0 0 0 21 3
0 0 18 8 0 0 0 0 0 0 0 0 0 0 0 0 0 0 0 0 0 0 0 0 0 0 7 0 0 0 0 32 0 0 0 22 0 0 0 25 32
0 0 17 3 0 0 0 0 2 0 0 0 0 0 0 0 0 0 0 0 0 0 0 0 0 0 9 0 0 0 0 31 0 0 3 18 0 0 0 28 30
0 0 18 3 0 0 0 0 2 0 0 0 0 0 0 0 0 0 0 0 0 0 0 0 0 0 8 0 0 0 0 31 0 0 3 19 0 0 0 28 30
7 0 1 21 0 0 0 0 0 0 0 0 0 0 1 0 0 0 0 0 0 0 0 0 0 0 1 0 0 0 0 21 0 0 6 15 0 0 0 14 25
0 0 8 0 0 0 0 0 0 0 0 0 0 0 0 0 0 0 0 0 0 0 7 0 0 7 0 0 2 3 0 27 0 1 73 40 0 5 0 39 0
4 0 1 7 0 0 0 0 0 0 0 0 0 0 0 0 0 0 0 0 0 0 0 0 0 0 0 0 0 0 0 18 0 0 37 29 0 0 0 27 0
4 0 0 8 0 0 0 0 0 0 0 0 0 0 0 0 0 0 0 0 0 0 0 0 0 0 0 0 0 0 0 16 0 0 33 29 0 0 0 25 0
0 0 5 0 0 0 0 0 0 0 0 0 0 0 0 0 0 0 0 0 0 0 3 0 0 3 0 0 1 0 0 22 0 0 53 33 0 0 0 33 0
6 0 3 23 0 0 0 0 0 0 0 0 0 0 1 0 0 0 0 0 0 0 0 0 0 0 1 0 0 0 0 24 0 0 3 15 0 0 0 13 28
0 0 4 0 0 0 0 0 0 0 0 0 0 0 0 0 0 0 0 0 0 0 2 0 0 2 0 0 1 1 0 22 0 0 50 33 0 1 0 32 0
0 0 7 0 0 0 0 0 0 0 0 0 0 0 0 0 0 0 0 0 0 0 5 0 0 5 0 0 2 2 0 23 0 0 64 37 0 3 0 35 0
0 0 19 0 0 0 0 0 5 0 0 0 0 0 0 0 0 0 0 0 0 0 0 0 0 0 10 0 0 0 0 33 0 0 7 18 0 0 0 33 30
0 0 20 0 0 0 0 0 7 0 0 0 0 0 0 0 0 0 0 0 0 0 0 0 0 0 10 0 0 0 0 32 0 0 9 15 0 0 0 34 29
3 0 4 5 0 0 0 0 0 0 0 0 0 0 0 0 0 0 0 0 0 0 1 0 0 0 0 0 0 0 0 20 0 0 40 30 0 0 0 27 0
0 0 23 0 0 0 0 0 12 0 0 0 0 0 0 0 0 0 0 0 0 0 0 0 0 0 9 0 0 1 0 43 0 0 23 15 0 0 0 48 33
4 0 3 7 0 0 0 0 0 0 0 0 0 0 0 0 0 0 0 0 0 0 0 0 0 0 0 0 0 0 0 18 0 0 36 30 0 0 0 25 0
2 0 12 19 0 0 0 0 0 0 0 0 0 0 0 0 0 0 0 0 0 0 0 0 0 0 4 0 0 0 0 28 0 0 0 20 0 0 0 15 32
6 0 1 14 0 0 0 0 0 0 0 0 0 0 1 0 0 0 0 0 0 0 0 0 0 0 0 0 0 0 0 17 0 0 24 26 0 0 0 21 10
0 0 13 17 0 0 0 0 0 0 0 0 0 0 0 0 0 0 0 0 0 0 0 0 0 0 4 0 0 0 0 30 0 0 0 22 0 0 0 17 34
0 0 15 13 0 0 0 0 0 0 0 0 0 0 0 0 0 0 0 0 0 0 0 0 0 0 6 0 0 0 0 32 0 0 0 21 0 1 0 21 34
5 0 0 13 0 0 0 0 0 0 0 0 0 0 1 0 0 0 0 0 0 0 0 0 0 0 0 0 0 0 0 19 0 0 27 27 0 0 0 24 9
5 0 0 12 0 0 0 0 0 0 0 0 0 0 1 0 0 0 0 0 0 0 0 0 0 0 0 0 0 0 0 17 0 0 27 27 0 0 0 24 6
0 0 17 5 0 0 0 0 1 0 0 0 0 0 0 0 0 0 0 0 0 0 0 0 0 0 8 0 0 0 0 33 0 0 1 20 0 0 0 27 31
0 0 20 0 0 0 0 0 5 0 0 0 0 0 0 0 0 0 0 0 0 0 0 0 0 0 9 0 0 0 0 33 0 0 8 16 0 0 0 33 29
0 0 17 4 0 0 0 0 1 0 0 0 0 0 0 0 0 0 0 0 0 0 0 0 0 0 8 0 0 0 0 31 0 0 2 18 0 0 0 27 30
0 0 5 0 0 0 0 0 0 0 0 0 0 0 0 0 0 0 0 0 0 0 4 0 0 2 0 0 1 0 0 21 0 0 51 35 0 1 0 32 0
6 0 1 16 0 0 0 0 0 0 0 0 0 0 1 0 0 0 0 0 0 0 0 0 0 0 0 0 0 0 0 20 0 0 18 23 0 0 0 20 16
0 0 20 0 0 0 0 0 7 0 0 0 0 0 0 0 0 0 0 0 0 0 0 0 0 0 9 0 0 0 0 33 0 0 10 15 0 0 0 35 29
0 0 23 0 0 0 0 0 12 0 0 0 0 0 0 0 0 0 0 0 0 0 0 0 0 0 9 0 0 1 0 40 0 0 19 15 0 0 0 45 32
0 0 6 0 0 0 0 0 0 0 0 0 0 0 0 0 0 0 0 0 0 0 5 0 0 4 0 0 2 1 0 22 0 0 59 36 0 2 0 34 0
0 0 18 2 0 0 0 0 2 0 0 0 0 0 0 0 0 0 0 0 0 0 0 0 0 0 9 0 0 0 0 32 0 0 4 19 0 0 0 29 29
0 0 7 0 0 0 0 0 0 0 0 0 0 0 0 0 0 0 0 0 0 0 4 0 0 5 0 0 2 1 0 23 0 0 61 36 0 1 0 35 0
0 0 19 0 0 0 0 0 5 0 0 0 0 0 0 0 0 0 0 0 0 0 0 0 0 0 9 0 0 0 0 33 0 0 7 18 0 0 0 32 30
0 0 18 5 0 0 0 0 1 0 0 0 0 0 0 0 0 0 0 0 0 0 0 0 0 0 8 0 0 0 0 33 0 0 2 21 0 0 0 28 31
0 0 19 0 0 0 0 0 5 0 0 0 0 0 0 0 0 0 0 0 0 0 0 0 0 0 9 0 0 0 0 32 0 0 8 16 0 0 0 33 29
3 0 8 20 0 0 0 0 0 0 0 0 0 0 0 0 0 0 0 0 0 0 0 0 0 0 3 0 0 0 0 28 0 0 0 16 0 0 0 14 31
0 0 5 0 0 0 0 0 0 0 0 0 0 0 0 0 0 0 0 0 0 0 2 0 0 3 0 0 2 1 0 23 0 0 56 33 0 1 0 33 0
6 0 2 21 0 0 0 0 0 0 0 0 0 0 1 0 0 0 0 0 0 0 0 0 0 0 1 0 0 0 0 23 0 0 6 16 0 0 0 15 26
6 0 0 14 0 0 0 0 0 0 0 0 0 0 1 0 0 0 0 0 0 0 0 0 0 0 0 0 0 0 0 18 0 0 19 25 0 0 0 20 12
6 0 1 21 0 0 0 0 0 0 0 0 0 0 1 0 0 0 0 0 0 0 0 0 0 0 0 0 0 0 0 21 0 0 5 16 0 0 0 14 24
0 0 15 13 0 0 0 0 0 0 0 0 0 0 0 0 0 0 0 0 0 0 0 0 0 0 6 0 0 0 0 32 0 0 0 22 0 0 0 21 33
6 0 3 24 0 0 0 0 0 0 0 0 0 0 1 0 0 0 0 0 0 0 0 0 0 0 3 0 0 0 0 26 0 0 6 15 0 0 0 15 29
4 0 5 23 0 0 0 0 0 0 0 0 0 0 0 0 0 0 0 0 0 0 0 0 0 0 3 0 0 0 0 26 0 0 0 14 0 0 0 12 30
0 0 25 0 0 0 0 0 14 0 0 0 0 0 0 0 0 0 0 0 0 0 0 0 0 0 10 0 0 1 0 47 0 0 27 16 0 0 0 53 36
0 0 8 0 0 0 0 0 0 0 0 0 0 0 0 0 0 0 0 0 0 0 7 0 0 6 0 0 2 3 0 26 0 1 68 39 0 4 0 38 0
3 0 1 3 0 0 0 0 0 0 0 0 0 0 0 0 0 0 0 0 0 0 1 0 0 0 0 0 0 0 0 19 0 0 41 31 0 0 0 29 0
0 0 15 10 0 0 0 0 0 0 0 0 0 0 0 0 0 0 0 0 0 0 0 0 0 0 6 0 0 0 0 32 0 0 0 20 0 0 0 23 33
2 0 9 21 0 0 0 0 0 0 0 0 0 0 0 0 0 0 0 0 0 0 0 0 0 0 4 0 0 0 0 27 0 0 0 18 0 0 0 13 32
4 0 0 6 0 0 0 0 0 0 0 0 0 0 0 0 0 0 0 0 0 0 0 0 0 0 0 0 0 0 0 17 0 0 35 29 0 0 0 26 0
5 0 5 22 0 0 0 0 0 0 0 0 0 0 0 0 0 0 0 0 0 0 0 0 0 0 2 0 0 0 0 25 0 0 0 14 0 0 0 12 30
0 0 18 4 0 0 0 0 2 0 0 0 0 0 0 0 0 0 0 0 0 0 0 0 0 0 8 0 0 0 0 33 0 0 2 18 0 0 0 28 31
0 0 20 0 0 0 0 0 7 0 0 0 0 0 0 0 0 0 0 0 0 0 0 0 0 0 10 0 0 0 0 33 0 0 9 17 0 0 0 35 29
2 0 4 2 0 0 0 0 0 0 0 0 0 0 0 0 0 0 0 0 0 0 1 0 0 1 0 0 0 0 0 20 0 0 44 32 0 0 0 30 0
6 0 0 16 0 0 0 0 0 0 0 0 0 0 1 0 0 0 0 0 0 0 0 0 0 0 0 0 0 0 0 19 0 0 19 22 0 0 0 21 16
0 0 18 0 0 0 0 0 3 0 0 0 0 0 0 0 0 0 0 0 0 0 0 0 0 0 9 0 0 0 0 32 0 0 5 18 0 0 0 30 29
6 0 4 23 0 0 0 0 0 0 0 0 0 0 1 0 0 0 0 0 0 0 0 0 0 0 3 0 0 0 0 24 0 0 2 14 0 0 0 13 29
1 0 4 2 0 0 0 0 0 0 0 0 0 0 0 0 0 0 0 0 0 0 1 0 0 1 0 0 0 0 0 22 0 0 47 32 0 0 0 32 0
0 0 13 18 0 0 0 0 0 0 0 0 0 0 0 0 0 0 0 0 0 0 0 0 0 0 4 0 0 0 0 31 0 0 0 20 0 0 0 16 33
0 0 11 0 0 0 0 0 0 0 0 0 0 0 0 0 0 0 0 0 0 0 8 0 0 14 0 0 4 7 0 34 0 3 105 54 0 11 0 50 0
0 0 19 0 0 0 0 0 6 0 0 0 0 0 0 0 0 0 0 0 0 0 0 0 0 0 10 0 0 0 0 33 0 0 8 17 0 0 0 34 29
0 0 17 8 0 0 0 0 0 0 0 0 0 0 0 0 0 0 0 0 0 0 0 0 0 0 7 0 0 0 0 32 0 0 0 21 0 0 0 24 32
3 0 9 21 0 0 0 0 0 0 0 0 0 0 0 0 0 0 0 0 0 0 0 0 0 0 3 0 0 0 0 25 0 0 0 17 0 0 0 12 31
4 0 8 24 0 0 0 0 0 0 0 0 0 0 0 0 0 0 0 0 0 0 0 0 0 0 4 0 0 0 0 28 0 0 0 15 0 0 0 13 32
0 0 15 14 0 0 0 0 0 0 0 0 0 0 0 0 0 0 0 0 0 0 0 0 0 0 5 0 0 0 0 32 0 0 0 23 0 0 0 21 34
1 0 12 18 0 0 0 0 0 0 0 0 0 0 0 0 0 0 0 0 0 0 0 0 0 0 3 0 0 0 0 28 0 0 0 21 0 0 0 15 33
0 0 14 17 0 0 0 0 0 0 0 0 0 0 0 0 0 0 0 0 0 0 0 0 0 0 4 0 0 0 0 32 0 0 0 23 0 0 0 18 34
0 0 22 0 0 0 0 0 13 0 0 0 0 0 0 0 0 0 0 0 0 0 0 0 0 0 10 0 0 1 0 40 0 0 19 15 0 0 0 46 33
0 0 13 18 0 0 0 0 0 0 0 0 0 0 0 0 0 0 0 0 0 0 0 0 0 0 4 0 0 0 0 31 0 0 0 22 0 0 0 18 33
0 0 17 9 0 0 0 0 0 0 0 0 0 0 0 0 0 0 0 0 0 0 0 0 0 0 7 0 0 0 0 32 0 0 0 21 0 0 0 25 33
0 0 16 11 0 0 0 0 0 0 0 0 0 0 0 0 0 0 0 0 0 0 0 0 0 0 6 0 0 0 0 32 0 0 0 22 0 0 0 23 33
3 0 2 4 0 0 0 0 0 0 0 0 0 0 0 0 0 0 0 0 0 0 0 0 0 0 0 0 0 0 0 20 0 0 43 30 0 0 0 30 0
0 0 17 0 0 0 0 0 5 0 0 0 0 0 0 0 0 0 0 0 0 0 0 0 0 0 8 0 0 0 0 31 0 0 8 14 0 0 0 31 29
0 0 6 0 0 0 0 0 0 0 0 0 0 0 0 0 0 0 0 0 0 0 4 0 0 3 0 0 1 1 0 24 0 0 58 34 0 1 0 35 0
4 0 6 24 0 0 0 0 0 0 0 0 0 0 1 0 0 0 0 0 0 0 0 0 0 0 3 0 0 0 0 27 0 0 0 15 0 0 0 13 31
0 0 7 0 0 0 0 0 0 0 0 0 0 0 0 0 0 0 0 0 0 0 5 0 0 4 0 0 2 1 0 24 0 0 62 36 0 2 0 35 0
0 0 20 0 0 0 0 0 10 0 0 0 0 0 0 0 0 0 0 0 0 0 0 0 0 0 10 0 0 1 0 37 0 0 15 14 0 0 0 40 31
0 0 21 0 0 0 0 0 11 0 0 0 0 0 0 0 0 0 0 0 0 0 0 0 0 0 10 0 0 1 0 37 0 0 16 15 0 0 0 41 31
0 0 8 0 0 0 0 0 0 0 0 0 0 0 0 0 0 0 0 0 0 0 7 0 0 5 0 0 2 2 0 26 0 0 66 37 0 4 0 37 0
6 0 0 13 0 0 0 0 0 0 0 0 0 0 1 0 0 0 0 0 0 0 0 0 0 0 0 0 0 0 0 18 0 0 24 25 0 0 0 22 10
1 0 11 17 0 0 0 0 0 0 0 0 0 0 0 0 0 0 0 0 0 0 0 0 0 0 4 0 0 0 0 29 0 0 0 19 0 0 0 16 33
3 0 2 6 0 0 0 0 0 0 0 0 0 0 0 0 0 0 0 0 0 0 0 0 0 0 0 0 0 0 0 18 0 0 36 30 0 0 0 26 0
7 0 2 22 0 0 0 0 0 0 0 0 0 0 2 0 0 0 0 0 0 0 0 0 0 0 1 0 0 0 0 24 0 0 7 15 0 0 0 15 26
0 0 20 0 0 0 0 0 6 0 0 0 0 0 0 0 0 0 0 0 0 0 0 0 0 0 10 0 0 0 0 33 0 0 6 17 0 0 0 33 31
7 0 0 16 0 0 0 0 0 0 0 0 0 0 1 0 0 0 0 0 0 0 0 0 0 0 0 0 0 0 0 20 0 0 15 21 0 0 0 20 18
0 0 17 4 0 0 0 0 1 0 0 0 0 0 0 0 0 0 0 0 0 0 0 0 0 0 8 0 0 0 0 31 0 0 1 20 0 0 0 27 31
7 0 1 20 0 0 0 0 0 0 0 0 0 0 1 0 0 0 0 0 0 0 0 0 0 0 0 0 0 0 0 22 0 0 11 18 0 0 0 18 23
0 0 17 4 0 0 0 0 2 0 0 0 0 0 0 0 0 0 0 0 0 0 0 0 0 0 8 0 0 0 0 31 0 0 1 18 0 0 0 27 31
0 0 16 6 0 0 0 0 0 0 0 0 0 0 0 0 0 0 0 0 0 0 0 0 0 0 7 0 0 0 0 31 0 0 0 20 0 0 0 25 31
0 0 19 0 0 0 0 0 5 0 0 0 0 0 0 0 0 0 0 0 0 0 0 0 0 0 10 0 0 0 0 33 0 0 7 17 0 0 0 32 30
0 0 17 5 0 0 0 0 0 0 0 0 0 0 0 0 0 0 0 0 0 0 0 0 0 0 7 0 0 0 0 31 0 0 0 21 0 0 0 25 30
1 0 12 20 0 0 0 0 0 0 0 0 0 0 0 0 0 0 0 0 0 0 0 0 0 0 4 0 0 0 0 31 0 0 0 21 0 0 0 17 33
3 0 1 4 0 0 0 0 0 0 0 0 0 0 0 0 0 0 0 0 0 0 0 0 0 0 0 0 0 0 0 19 0 0 41 31 0 0 0 29 0
0 0 4 0 0 0 0 0 0 0 0 0 0 0 0 0 0 0 0 0 0 0 2 0 0 2 0 0 1 1 0 23 0 0 53 33 0 0 0 34 0
0 0 14 15 0 0 0 0 0 0 0 0 0 0 0 0 0 0 0 0 0 0 0 0 0 0 5 0 0 0 0 30 0 0 0 23 0 0 0 19 32
0 0 6 0 0 0 0 0 0 0 0 0 0 0 0 0 0 0 0 0 0 0 3 0 0 1 0 0 1 0 0 24 0 0 50 33 0 1 0 32 0
0 0 14 15 0 0 0 0 0 0 0 0 0 0 0 0 0 0 0 0 0 0 0 0 0 0 5 0 0 0 0 31 0 0 0 22 0 0 0 20 34
0 0 18 1 0 0 0 0 3 0 0 0 0 0 0 0 0 0 0 0 0 0 0 0 0 0 9 0 0 0 0 31 0 0 3 18 0 0 0 29 29
0 0 19 2 0 0 0 0 3 0 0 0 0 0 0 0 0 0 0 0 0 0 0 0 0 0 9 0 0 0 0 33 0 0 4 19 0 0 0 30 30
5 0 1 10 0 0 0 0 0 0 0 0 0 0 0 0 0 0 0 0 0 0 0 0 0 0 0 0 0 0 0 16 0 0 30 28 0 0 0 24 1
1 0 4 2 0 0 0 0 0 0 0 0 0 0 0 0 0 0 0 0 0 0 3 0 0 2 0 0 1 0 0 17 0 0 45 32 0 0 0 29 0
6 0 2 21 0 0 0 0 0 0 0 0 0 0 1 0 0 0 0 0 0 0 0 0 0 0 0 0 0 0 0 22 0 0 8 18 0 0 0 15 24
5 0 3 22 0 0 0 0 0 0 0 0 0 0 1 0 0 0 0 0 0 0 0 0 0 0 2 0 0 0 0 24 0 0 1 14 0 0 0 13 27
4 0 8 23 0 0 0 0 0 0 0 0 0 0 0 0 0 0 0 0 0 0 0 0 0 0 3 0 0 0 0 27 0 0 0 16 0 0 0 13 32
0 0 18 1 0 0 0 0 4 0 0 0 0 0 0 0 0 0 0 0 0 0 0 0 0 0 9 0 0 0 0 33 0 0 5 17 0 0 0 31 30
0 0 7 0 0 0 0 0 0 0 0 0 0 0 0 0 0 0 0 0 0 0 5 0 0 4 0 0 2 2 0 25 0 0 62 36 0 3 0 36 0
0 0 17 8 0 0 0 0 0 0 0 0 0 0 0 0 0 0 0 0 0 0 0 0 0 0 7 0 0 0 0 32 0 0 0 21 0 0 0 24 31
0 0 15 11 0 0 0 0 0 0 0 0 0 0 0 0 0 0 0 0 0 0 0 0 0 0 6 0 0 0 0 29 0 0 0 22 0 1 0 21 31
7 0 0 16 0 0 0 0 0 0 0 0 0 0 2 0 0 0 0 0 0 0 0 0 0 0 0 0 0 0 0 19 0 0 17 22 0 0 0 19 16
7 0 0 16 0 0 0 0 0 0 0 0 0 0 1 0 0 0 0 0 0 0 0 0 0 0 0 0 0 0 0 18 0 0 18 22 0 0 0 19 15
6 0 5 23 0 0 0 0 0 0 0 0 0 0 1 0 0 0 0 0 0 0 0 0 0 0 2 0 0 0 0 24 0 0 0 16 0 0 0 13 28
0 0 8 0 0 0 0 0 0 0 0 0 0 0 0 0 0 0 0 0 0 0 5 0 0 5 0 0 1 2 0 26 0 0 64 37 0 3 0 37 0
2 0 9 20 0 0 0 0 0 0 0 0 0 0 0 0 0 0 0 0 0 0 0 0 0 0 4 0 0 0 0 29 0 0 0 18 0 1 0 15 32
4 0 1 7 0 0 0 0 0 0 0 0 0 0 0 0 0 0 0 0 0 0 0 0 0 0 0 0 0 0 0 17 0 0 33 29 0 0 0 25 0
0 0 5 0 0 0 0 0 0 0 0 0 0 0 0 0 0 0 0 0 0 0 4 0 0 2 0 0 1 0 0 19 0 0 48 33 0 0 0 30 0
0 0 16 10 0 0 0 0 0 0 0 0 0 0 0 0 0 0 0 0 0 0 0 0 0 0 6 0 0 0 0 33 0 0 0 21 0 0 0 25 33
5 0 6 24 0 0 0 0 0 0 0 0 0 0 1 0 0 0 0 0 0 0 0 0 0 0 3 0 0 0 0 27 0 0 0 15 0 0 0 13 31
6 0 0 14 0 0 0 0 0 0 0 0 0 0 1 0 0 0 0 0 0 0 0 0 0 0 0 0 0 0 0 18 0 0 21 25 0 0 0 21 12
0 0 22 0 0 0 0 0 12 0 0 0 0 0 0 0 0 0 0 0 0 0 0 0 0 0 10 0 0 1 0 41 0 0 21 16 0 0 0 46 32
4 0 7 23 0 0 0 0 0 0 0 0 0 0 0 0 0 0 0 0 0 0 0 0 0 0 4 0 0 0 0 26 0 0 0 15 0 0 0 13 30
0 0 17 3 0 0 0 0 2 0 0 0 0 0 0 0 0 0 0 0 0 0 0 0 0 0 8 0 0 0 0 30 0 0 2 18 0 0 0 27 30
4 0 7 23 0 0 0 0 0 0 0 0 0 0 0 0 0 0 0 0 0 0 0 0 0 0 3 0 0 0 0 27 0 0 0 15 0 0 0 13 30
