12 1 15 1 3 0 0 0 0 0 0 0 0 0 0 0 0 0 0 0 0 0 2 0 2 20 1 11 0 0 0 33 0 1 17 0 0 13 7 1 1
38 0 2 0 2 0 0 0 0 0 0 0 0 0 0 0 0 0 0 0 0 1 0 6 0 23 0 24 0 0 0 25 0 14 0 0 0 24 10 0 0
0 1 12 0 0 0 0 0 0 0 0 0 0 0 0 0 0 0 0 0 0 0 6 0 3 9 3 0 0 0 0 26 0 0 31 16 0 1 1 21 0
14 1 15 1 3 0 0 0 0 0 0 0 0 0 0 0 0 0 0 0 0 0 1 0 1 21 1 12 0 0 0 33 0 2 14 0 0 14 8 0 0
0 1 7 0 0 0 0 0 0 0 0 0 0 0 0 0 0 0 0 0 0 0 3 0 1 0 3 0 0 0 0 14 0 0 31 33 0 0 0 33 0
2 1 14 1 1 0 0 0 0 0 0 0 0 0 0 0 0 0 0 0 0 0 4 0 2 14 3 4 0 0 0 30 0 0 25 8 0 6 4 12 0
0 1 5 0 0 0 0 0 0 0 0 0 0 0 0 0 0 0 0 0 0 0 0 0 0 0 3 0 0 0 0 7 0 0 26 37 0 0 0 31 1
0 1 4 0 0 0 0 0 0 0 0 0 0 0 0 0 0 0 0 0 0 0 0 0 0 0 3 0 0 0 0 6 0 0 25 41 0 0 0 35 1
7 1 15 1 2 0 0 0 0 0 0 0 0 0 0 0 0 0 0 0 0 0 4 0 2 17 2 7 0 0 0 32 0 0 22 3 0 9 6 8 0
21 1 13 0 4 0 0 0 0 0 0 0 0 0 0 0 0 0 0 0 0 0 0 0 1 23 0 16 0 0 0 31 0 4 10 0 0 21 9 0 0
30 0 7 0 3 0 0 0 0 0 0 0 0 0 0 0 0 0 0 0 0 1 0 3 0 23 0 21 0 0 0 27 0 10 0 0 0 23 9 0 0
0 2 3 0 0 0 0 0 0 0 0 0 0 0 0 0 0 0 0 0 0 0 0 0 0 0 3 0 0 0 0 1 0 0 24 41 0 0 0 34 1
0 1 11 0 0 0 0 0 0 0 0 0 0 0 0 0 0 0 0 0 0 0 6 0 3 4 3 0 0 0 0 22 0 0 33 21 0 0 0 26 0
0 1 4 0 0 0 0 0 0 0 0 0 0 0 0 0 0 0 0 0 0 0 0 0 0 0 3 0 0 0 0 5 0 0 26 39 0 0 0 34 1
17 1 14 1 4 0 0 0 0 0 0 0 0 0 0 0 0 0 0 0 0 0 1 0 1 22 1 14 0 0 0 32 0 3 12 0 0 17 9 0 0
0 1 6 0 0 0 0 0 0 0 0 0 0 0 0 0 0 0 0 0 0 0 3 0 1 0 3 0 0 0 0 12 0 0 31 34 0 0 0 34 0
0 1 13 0 1 0 0 0 0 0 0 0 0 0 0 0 0 0 0 0 0 0 5 0 3 12 2 2 0 0 0 28 0 0 28 11 0 4 3 17 0
0 1 6 0 0 0 0 0 0 0 0 0 0 0 0 0 0 0 0 0 0 0 3 0 0 0 3 0 0 0 0 11 0 0 30 34 0 0 0 33 0
26 0 9 0 4 0 0 0 0 0 0 0 0 0 0 0 0 0 0 0 0 1 0 1 0 22 0 19 0 0 0 28 0 8 0 0 0 22 9 0 0
0 1 5 0 0 0 0 0 0 0 0 0 0 0 0 0 0 0 0 0 0 0 1 0 0 0 3 0 0 0 0 8 0 0 27 40 0 0 0 35 1
23 0 10 0 4 0 0 0 0 0 0 0 0 0 0 0 0 0 0 0 0 1 0 0 1 23 0 17 0 0 0 29 0 6 3 0 0 22 9 0 0
0 2 3 0 0 0 0 0 0 0 0 0 0 0 0 0 0 0 0 0 0 0 0 0 0 0 3 0 0 0 0 0 0 0 24 42 0 0 0 34 1
0 1 4 0 0 0 0 0 0 0 0 0 0 0 0 0 0 0 0 0 0 0 0 0 0 0 3 0 0 0 0 6 0 0 25 41 0 0 0 35 1
0 1 10 0 0 0 0 0 0 0 0 0 0 0 0 0 0 0 0 0 0 0 5 0 2 0 3 0 0 0 0 18 0 0 31 26 0 0 0 29 0
0 2 2 0 0 0 0 0 0 0 0 0 0 0 0 0 0 0 0 0 0 0 0 0 0 0 3 0 0 0 0 0 0 0 25 42 0 0 0 34 1
0 1 6 0 0 0 0 0 0 0 0 0 0 0 0 0 0 0 0 0 0 0 4 0 0 0 3 0 0 0 0 13 0 0 30 33 0 0 0 33 0
5 1 14 1 2 0 0 0 0 0 0 0 0 0 0 0 0 0 0 0 0 0 4 0 2 16 2 6 0 0 0 30 0 0 21 4 0 8 5 9 0
0 1 13 0 0 0 0 0 0 0 0 0 0 0 0 0 0 0 0 0 0 0 4 0 3 11 2 1 0 0 0 28 0 0 27 13 0 2 2 19 0
2 1 14 1 1 0 0 0 0 0 0 0 0 0 0 0 0 0 0 0 0 0 5 0 3 14 3 4 0 0 0 31 0 0 26 9 0 6 4 13 0
19 1 14 0 4 0 0 0 0 0 0 0 0 0 0 0 0 0 0 0 0 0 0 0 1 23 1 15 0 0 0 32 0 4 12 0 0 18 9 0 0
26 0 9 0 4 0 0 0 0 0 0 0 0 0 0 0 0 0 0 0 0 1 0 1 0 23 0 19 0 0 0 27 0 8 0 0 0 22 9 0 0
0 1 7 0 0 0 0 0 0 0 0 0 0 0 0 0 0 0 0 0 0 0 4 0 1 0 3 0 0 0 0 12 0 0 30 31 0 0 0 31 0
24 1 11 0 4 0 0 0 0 0 0 0 0 0 0 0 0 0 0 0 0 1 0 0 1 23 0 18 0 0 0 29 0 6 5 0 0 23 9 0 0
31 0 6 0 3 0 0 0 0 0 0 0 0 0 0 0 0 0 0 0 0 1 0 3 0 23 0 21 0 0 0 26 0 10 0 0 0 23 10 0 0
10 1 15 1 3 0 0 0 0 0 0 0 0 0 0 0 0 0 0 0 0 0 2 0 2 19 2 9 0 0 0 32 0 0 19 0 0 11 7 3 1
22 1 11 0 4 0 0 0 0 0 0 0 0 0 0 0 0 0 0 0 0 0 0 0 0 23 0 17 0 0 0 28 0 6 7 0 0 21 9 0 0
0 1 5 0 0 0 0 0 0 0 0 0 0 0 0 0 0 0 0 0 0 0 3 0 0 0 3 0 0 0 0 11 0 0 29 34 0 0 0 33 0
14 1 15 1 4 0 0 0 0 0 0 0 0 0 0 0 0 0 0 0 0 0 2 0 1 21 1 13 0 0 0 33 0 2 15 0 0 15 8 0 0
0 1 13 0 1 0 0 0 0 0 0 0 0 0 0 0 0 0 0 0 0 0 5 0 3 12 2 2 0 0 0 28 0 0 27 11 0 4 3 16 0
27 0 8 0 3 0 0 0 0 0 0 0 0 0 0 0 0 0 0 0 0 1 0 2 0 22 0 19 0 0 0 26 0 8 0 0 0 22 9 0 0
0 1 6 0 0 0 0 0 0 0 0 0 0 0 0 0 0 0 0 0 0 0 1 0 0 0 2 0 0 0 0 10 0 0 28 34 0 0 0 32 0
29 0 7 0 3 0 0 0 0 0 0 0 0 0 0 0 0 0 0 0 0 1 0 2 0 22 0 20 0 0 0 26 0 10 0 0 0 22 9 0 0
0 0 7 0 0 0 0 0 0 0 0 0 0 0 0 0 0 0 0 0 0 0 5 0 2 0 3 0 0 0 0 13 0 0 31 30 0 0 0 32 0
0 1 3 0 0 0 0 0 0 0 0 0 0 0 0 0 0 0 0 0 0 0 0 0 0 0 3 0 0 0 0 2 0 0 24 41 0 0 0 34 1
0 1 11 0 0 0 0 0 0 0 0 0 0 0 0 0 0 0 0 0 0 0 6 0 3 6 3 0 0 0 0 22 0 0 31 18 0 0 0 23 0
0 1 8 0 0 0 0 0 0 0 0 0 0 0 0 0 0 0 0 0 0 0 4 0 1 0 3 0 0 0 0 16 0 0 32 30 0 0 0 32 0
0 2 2 0 0 0 0 0 0 0 0 0 0 0 0 0 0 0 0 0 0 0 0 0 0 0 3 0 0 0 0 0 0 0 25 42 0 0 0 33 1
49 0 0 0 1 0 0 0 0 0 0 0 0 0 0 0 2 0 0 0 0 1 0 10 0 22 0 30 0 0 0 20 0 21 0 0 0 24 10 0 0
0 1 11 0 0 0 0 0 0 0 0 0 0 0 0 0 0 0 0 0 0 0 7 0 3 5 3 0 0 0 0 23 0 0 35 21 0 0 0 26 0
7 1 14 1 2 0 0 0 0 0 0 0 0 0 0 0 0 0 0 0 0 0 3 0 2 17 2 7 0 0 0 31 0 0 21 3 0 9 6 8 0
0 1 7 0 0 0 0 0 0 0 0 0 0 0 0 0 0 0 0 0 0 0 4 0 1 0 3 0 0 0 0 15 0 0 32 31 0 0 0 33 0
33 0 5 0 3 0 0 0 0 0 0 0 0 0 0 0 0 0 0 0 0 1 0 4 0 22 0 22 0 0 0 25 0 11 0 0 0 22 9 0 0
26 0 9 0 4 0 0 0 0 0 0 0 0 0 0 0 0 0 0 0 0 1 0 1 0 23 0 19 0 0 0 27 0 8 0 0 0 22 9 0 0
35 0 4 0 3 0 0 0 0 0 0 0 0 0 0 0 0 0 0 0 0 1 0 5 0 23 0 23 0 0 0 25 0 13 0 0 0 23 10 0 0
9 1 15 1 3 0 0 0 0 0 0 0 0 0 0 0 0 0 0 0 0 0 3 0 2 19 2 8 0 0 0 34 0 0 21 2 0 11 7 6 0
19 1 13 0 4 0 0 0 0 0 0 0 0 0 0 0 0 0 0 0 0 0 0 0 1 23 1 15 0 0 0 31 0 4 11 0 0 19 9 0 0
26 0 9 0 4 0 0 0 0 0 0 0 0 0 0 0 0 0 0 0 0 1 0 1 0 23 0 19 0 0 0 27 0 8 0 0 0 23 9 0 0
16 0 14 0 4 0 0 0 0 0 0 0 0 0 0 0 0 0 0 0 0 0 1 0 1 21 1 13 0 0 0 32 0 2 13 0 0 16 8 0 0
4 1 14 1 2 0 0 0 0 0 0 0 0 0 0 0 0 0 0 0 0 0 4 0 2 14 2 5 0 0 0 30 0 0 24 6 0 7 4 11 0
0 1 4 0 0 0 0 0 0 0 0 0 0 0 0 0 0 0 0 0 0 0 1 0 0 0 3 0 0 0 0 6 0 0 26 39 0 0 0 34 1
40 0 1 0 2 0 0 0 0 0 0 0 0 0 0 0 1 0 0 0 0 1 0 6 0 23 0 25 0 0 0 23 0 15 0 0 0 24 10 0 0
0 1 5 0 0 0 0 0 0 0 0 0 0 0 0 0 0 0 0 0 0 0 1 0 0 0 3 0 0 0 0 6 0 0 27 39 0 0 0 33 1
31 0 5 0 3 0 0 0 0 0 0 0 0 0 0 0 0 0 0 0 0 1 0 3 0 22 0 21 0 0 0 25 0 11 0 0 0 22 9 0 0
0 1 6 0 0 0 0 0 0 0 0 0 0 0 0 0 0 0 0 0 0 0 3 0 0 0 3 0 0 0 0 12 0 0 31 33 0 0 0 33 0
0 1 14 0 1 0 0 0 0 0 0 0 0 0 0 0 0 0 0 0 0 0 6 0 3 12 3 2 0 0 0 28 0 0 29 11 0 3 3 17 0
25 0 10 0 4 0 0 0 0 0 0 0 0 0 0 0 0 0 0 0 0 1 0 1 0 22 0 19 0 0 0 27 0 7 0 0 0 22 9 0 0
0 1 13 0 0 0 0 0 0 0 0 0 0 0 0 0 0 0 0 0 0 0 6 0 3 10 3 0 0 0 0 27 0 0 31 14 0 2 2 20 0
26 0 9 0 3 0 0 0 0 0 0 0 0 0 0 0 0 0 0 0 0 1 0 1 0 23 0 19 0 0 0 26 0 8 0 0 0 22 9 0 0
20 1 13 0 4 0 0 0 0 0 0 0 0 0 0 0 0 0 0 0 0 0 0 0 1 23 1 16 0 0 0 30 0 4 10 0 0 19 9 0 0
3 1 14 0 1 0 0 0 0 0 0 0 0 0 0 0 0 0 0 0 0 0 5 0 3 14 3 4 0 0 0 29 0 0 26 7 0 6 4 12 0
30 0 7 0 3 0 0 0 0 0 0 0 0 0 0 0 0 0 0 0 0 1 0 3 0 23 0 21 0 0 0 26 0 10 0 0 0 23 9 0 0
30 0 7 0 3 0 0 0 0 0 0 0 0 0 0 0 0 0 0 0 0 1 0 2 0 23 0 21 0 0 0 27 0 10 0 0 0 23 10 0 0
33 0 5 0 3 0 0 0 0 0 0 0 0 0 0 0 0 0 0 0 0 1 0 4 0 22 0 22 0 0 0 25 0 12 0 0 0 22 10 0 0
0 1 4 0 0 0 0 0 0 0 0 0 0 0 0 0 0 0 0 0 0 0 0 0 0 0 3 0 0 0 0 5 0 0 25 40 0 0 0 35 1
0 1 5 0 0 0 0 0 0 0 0 0 0 0 0 0 0 0 0 0 0 0 2 0 0 0 3 0 0 0 0 10 0 0 27 36 0 0 0 33 0
30 0 7 0 3 0 0 0 0 0 0 0 0 0 0 0 0 0 0 0 0 1 0 2 0 23 0 21 0 0 0 26 0 10 0 0 0 23 9 0 0
13 1 16 1 4 0 0 0 0 0 0 0 0 0 0 0 0 0 0 0 0 0 2 0 2 22 1 11 0 0 0 36 0 1 17 0 0 14 8 1 0
12 1 15 1 3 0 0 0 0 0 0 0 0 0 0 0 0 0 0 0 0 0 2 0 2 20 1 11 0 0 0 34 0 1 18 0 0 12 8 2 0
0 1 4 0 0 0 0 0 0 0 0 0 0 0 0 0 0 0 0 0 0 0 0 0 0 0 3 0 0 0 0 5 0 0 25 41 0 0 0 34 1
40 0 2 0 2 0 0 0 0 0 0 0 0 0 0 0 1 0 0 0 0 1 0 7 0 23 0 25 0 0 0 23 0 15 0 0 0 23 10 0 0
0 2 1 0 0 0 0 0 0 0 0 0 0 0 0 0 0 0 0 0 0 0 0 0 0 0 3 0 0 0 0 0 0 0 25 43 0 0 0 34 1
0 1 3 0 0 0 0 0 0 0 0 0 0 0 0 0 0 0 0 0 0 0 0 0 0 0 3 0 0 0 0 2 0 0 25 42 0 0 0 35 1
0 1 3 0 0 0 0 0 0 0 0 0 0 0 0 0 0 0 0 0 0 0 0 0 0 0 3 0 0 0 0 1 0 0 25 41 0 0 0 34 1
0 1 12 0 1 0 0 0 0 0 0 0 0 0 0 0 0 0 0 0 0 0 5 0 3 11 2 1 0 0 0 26 0 0 26 12 0 2 2 17 0
33 0 5 0 3 0 0 0 0 0 0 0 0 0 0 0 0 0 0 0 0 1 0 4 0 22 0 22 0 0 0 25 0 12 0 0 0 22 10 0 0
0 1 9 0 0 0 0 0 0 0 0 0 0 0 0 0 0 0 0 0 0 0 6 0 2 0 3 0 0 0 0 16 0 0 33 26 0 0 0 29 0
0 1 7 0 0 0 0 0 0 0 0 0 0 0 0 0 0 0 0 0 0 0 4 0 1 0 3 0 0 0 0 13 0 0 31 33 0 0 0 33 0
0 1 4 0 0 0 0 0 0 0 0 0 0 0 0 0 0 0 0 0 0 0 0 0 0 0 3 0 0 0 0 5 0 0 25 40 0 0 0 34 0
0 1 5 0 0 0 0 0 0 0 0 0 0 0 0 0 0 0 0 0 0 0 0 0 0 0 2 0 0 0 0 8 0 0 27 37 0 0 0 33 1
0 1 7 0 0 0 0 0 0 0 0 0 0 0 0 0 0 0 0 0 0 0 4 0 0 0 3 0 0 0 0 13 0 0 31 32 0 0 0 33 0
0 2 1 0 0 0 0 0 0 0 0 0 0 0 0 0 0 0 0 0 0 0 0 0 0 0 3 0 0 0 0 0 0 0 24 42 0 0 0 33 1
20 1 13 0 4 0 0 0 0 0 0 0 0 0 0 0 0 0 0 0 0 0 0 0 1 23 0 16 0 0 0 31 0 4 10 0 0 20 9 0 0
32 0 5 0 3 0 0 0 0 0 0 0 0 0 0 0 0 0 0 0 0 1 0 3 0 22 0 21 0 0 0 25 0 11 0 0 0 22 9 0 0
0 1 3 0 0 0 0 0 0 0 0 0 0 0 0 0 0 0 0 0 0 0 0 0 0 0 3 0 0 0 0 0 0 0 25 41 0 0 0 33 1
0 1 4 0 0 0 0 0 0 0 0 0 0 0 0 0 0 0 0 0 0 0 0 0 0 0 3 0 0 0 0 5 0 0 25 40 0 0 0 34 1
36 0 3 0 2 0 0 0 0 0 0 0 0 0 0 0 1 0 0 0 0 1 0 6 0 22 0 23 0 0 0 24 0 14 0 0 0 22 10 0 0
0 1 5 0 0 0 0 0 0 0 0 0 0 0 0 0 0 0 0 0 0 0 1 0 0 0 3 0 0 0 0 9 0 0 27 39 0 0 0 35 1
0 1 4 0 0 0 0 0 0 0 0 0 0 0 0 0 0 0 0 0 0 0 0 0 0 0 3 0 0 0 0 6 0 0 25 40 0 0 0 35 1
12 1 15 1 3 0 0 0 0 0 0 0 0 0 0 0 0 0 0 0 0 0 2 0 2 20 1 10 0 0 0 33 0 1 17 0 0 13 8 1 0
0 1 4 0 0 0 0 0 0 0 0 0 0 0 0 0 0 0 0 0 0 0 1 0 0 0 3 0 0 0 0 6 0 0 26 41 0 0 0 36 0
0 1 5 0 0 0 0 0 0 0 0 0 0 0 0 0 0 0 0 0 0 0 1 0 0 0 3 0 0 0 0 7 0 0 26 38 0 0 0 34 1
0 1 12 0 0 0 0 0 0 0 0 0 0 0 0 0 0 0 0 0 0 0 5 0 3 10 2 0 0 0 0 26 0 0 26 14 0 1 2 18 0
28 0 8 0 3 0 0 0 0 0 0 0 0 0 0 0 0 0 0 0 0 1 0 2 0 23 0 20 0 0 0 27 0 9 0 0 0 22 9 0 0
0 1 6 0 0 0 0 0 0 0 0 0 0 0 0 0 0 0 0 0 0 0 2 0 0 0 3 0 0 0 0 11 0 0 29 36 0 0 0 34 0
29 0 7 0 3 0 0 0 0 0 0 0 0 0 0 0 0 0 0 0 0 1 0 3 0 22 0 20 0 0 0 26 0 10 0 0 0 22 9 0 0
36 0 4 0 2 0 0 0 0 0 0 0 0 0 0 0 0 0 0 0 0 1 0 5 0 22 0 23 0 0 0 24 0 14 0 0 0 22 10 0 0
0 1 3 0 0 0 0 0 0 0 0 0 0 0 0 0 0 0 0 0 0 0 0 0 0 0 3 0 0 0 0 2 0 0 24 42 0 0 0 35 1
14 1 15 1 4 0 0 0 0 0 0 0 0 0 0 0 0 0 0 0 0 0 2 0 1 22 1 12 0 0 0 33 0 2 16 0 0 15 8 0 0
0 1 4 0 0 0 0 0 0 0 0 0 0 0 0 0 0 0 0 0 0 0 1 0 0 0 3 0 0 0 0 6 0 0 26 40 0 0 0 36 1
23 0 10 0 4 0 0 0 0 0 0 0 0 0 0 0 0 0 0 0 0 1 0 0 0 23 0 18 0 0 0 27 0 6 4 0 0 21 9 0 0
0 1 6 0 0 0 0 0 0 0 0 0 0 0 0 0 0 0 0 0 0 0 2 0 0 0 3 0 0 0 0 12 0 0 29 34 0 0 0 32 0
0 2 3 0 0 0 0 0 0 0 0 0 0 0 0 0 0 0 0 0 0 0 0 0 0 0 3 0 0 0 0 3 0 0 24 42 0 0 0 34 1
21 1 12 0 4 0 0 0 0 0 0 0 0 0 0 0 0 0 0 0 0 0 0 0 0 23 0 17 0 0 0 29 0 5 8 0 0 21 9 0 0
0 1 7 0 0 0 0 0 0 0 0 0 0 0 0 0 0 0 0 0 0 0 3 0 0 0 3 0 0 0 0 14 0 0 30 34 0 0 0 33 0
18 1 14 0 4 0 0 0 0 0 0 0 0 0 0 0 0 0 0 0 0 0 1 0 1 23 1 14 0 0 0 33 0 3 13 0 0 17 9 0 0
0 1 10 0 0 0 0 0 0 0 0 0 0 0 0 0 0 0 0 0 0 0 6 0 3 3 3 0 0 0 0 19 0 0 33 23 0 0 0 28 0
0 2 2 0 0 0 0 0 0 0 0 0 0 0 0 0 0 0 0 0 0 0 0 0 0 0 3 0 0 0 0 0 0 0 24 42 0 0 0 33 1
28 0 8 0 4 0 0 0 0 0 0 0 0 0 0 0 0 0 0 0 0 1 0 1 0 23 0 20 0 0 0 26 0 8 0 0 0 23 9 0 0
24 1 11 0 4 0 0 0 0 0 0 0 0 0 0 0 0 0 0 0 0 1 0 0 0 23 0 18 0 0 0 28 0 6 5 0 0 22 9 0 0
36 0 3 0 2 0 0 0 0 0 0 0 0 0 0 0 0 0 0 0 0 1 0 5 0 22 0 23 0 0 0 24 0 13 0 0 0 24 10 0 0
19 1 14 0 4 0 0 0 0 0 0 0 0 0 0 0 0 0 0 0 0 0 0 0 1 23 1 15 0 0 0 32 0 3 13 0 0 19 9 0 0
20 1 13 0 4 0 0 0 0 0 0 0 0 0 0 0 0 0 0 0 0 0 1 0 1 23 1 15 0 0 0 31 0 4 11 0 0 19 9 0 0
27 0 9 0 3 0 0 0 0 0 0 0 0 0 0 0 0 0 0 0 0 1 0 1 0 23 0 19 0 0 0 27 0 8 0 0 0 22 9 0 0
0 1 12 0 0 0 0 0 0 0 0 0 0 0 0 0 0 0 0 0 0 0 6 0 3 8 3 0 0 0 0 26 0 0 31 16 0 0 1 22 0
0 1 9 0 0 0 0 0 0 0 0 0 0 0 0 0 0 0 0 0 0 0 5 0 2 0 3 0 0 0 0 17 0 0 32 28 0 0 0 31 0
0 2 0 0 0 0 0 0 0 0 0 0 1 0 0 0 0 0 0 0 0 0 0 0 0 0 4 0 1 0 0 0 0 0 21 44 0 0 0 31 1
33 0 4 0 3 0 0 0 0 0 0 0 0 0 0 0 0 0 0 0 0 1 0 4 0 22 0 22 0 0 0 24 0 12 0 0 0 23 10 0 0
0 1 3 0 0 0 0 0 0 0 0 0 0 0 0 0 0 0 0 0 0 0 0 0 0 0 3 0 0 0 0 3 0 0 25 42 0 0 0 35 1
0 2 0 0 0 0 0 0 0 0 0 0 1 0 0 0 0 0 0 0 0 0 0 0 0 0 3 0 0 0 0 0 0 0 22 44 0 0 0 32 1
21 1 12 0 4 0 0 0 0 0 0 0 0 0 0 0 0 0 0 0 0 1 0 0 0 23 0 16 0 0 0 30 0 5 7 0 0 21 9 0 0
28 0 8 0 3 0 0 0 0 0 0 0 0 0 0 0 0 0 0 0 0 1 0 2 0 22 0 20 0 0 0 26 0 9 0 0 0 22 9 0 0
24 0 11 0 4 0 0 0 0 0 0 0 0 0 0 0 0 0 0 0 0 1 0 0 0 23 0 18 0 0 0 28 0 6 3 0 0 22 9 0 0
0 1 6 0 0 0 0 0 0 0 0 0 0 0 0 0 0 0 0 0 0 0 2 0 0 0 3 0 0 0 0 12 0 0 29 37 0 0 0 34 0
26 0 9 0 4 0 0 0 0 0 0 0 0 0 0 0 0 0 0 0 0 1 0 1 0 23 0 19 0 0 0 27 0 8 0 0 0 22 9 0 0
0 1 5 0 0 0 0 0 0 0 0 0 0 0 0 0 0 0 0 0 0 0 2 0 0 0 3 0 0 0 0 10 0 0 28 36 0 0 0 34 0
37 0 2 0 2 0 0 0 0 0 0 0 0 0 0 0 0 0 0 0 0 1 0 6 0 22 0 24 0 0 0 24 0 14 0 0 0 22 10 0 0
0 2 1 0 0 0 0 0 0 0 0 0 0 0 0 0 0 0 0 0 0 0 0 0 0 0 3 0 0 0 0 0 0 0 23 44 0 0 0 34 1
38 0 3 0 2 0 0 0 0 0 0 0 0 0 0 0 0 0 0 0 0 1 0 6 0 22 0 24 0 0 0 23 0 14 0 0 0 23 10 0 0
0 1 5 0 0 0 0 0 0 0 0 0 0 0 0 0 0 0 0 0 0 0 1 0 0 0 3 0 0 0 0 8 0 0 26 38 0 0 0 34 1
0 1 12 0 0 0 0 0 0 0 0 0 0 0 0 0 0 0 0 0 0 0 6 0 3 8 3 0 0 0 0 25 0 0 32 16 0 1 1 23 0
0 1 6 0 0 0 0 0 0 0 0 0 0 0 0 0 0 0 0 0 0 0 0 0 0 0 2 0 0 0 0 11 0 0 27 39 0 0 0 35 1
30 0 6 0 3 0 0 0 0 0 0 0 0 0 0 0 0 0 0 0 0 1 0 3 0 22 0 21 0 0 0 26 0 10 0 0 0 23 10 0 0
22 1 12 0 4 0 0 0 0 0 0 0 0 0 0 0 0 0 0 0 0 0 0 0 0 24 0 16 0 0 0 31 0 5 9 0 0 21 10 0 0
23 1 12 0 4 0 0 0 0 0 0 0 0 0 0 0 0 0 0 0 0 0 0 0 0 23 0 17 0 0 0 29 0 6 7 0 0 21 9 0 0
0 1 13 0 1 0 0 0 0 0 0 0 0 0 0 0 0 0 0 0 0 0 5 0 3 12 2 3 0 0 0 27 0 0 27 10 0 4 3 17 0
16 1 15 1 4 0 0 0 0 0 0 0 0 0 0 0 0 0 0 0 0 0 1 0 1 22 1 13 0 0 0 33 0 2 14 0 0 15 9 0 0
30 0 7 0 3 0 0 0 0 0 0 0 0 0 0 0 0 0 0 0 0 1 0 2 0 23 0 21 0 0 0 26 0 10 0 0 0 23 9 0 0
24 1 10 0 4 0 0 0 0 0 0 0 0 0 0 0 0 0 0 0 0 1 0 0 0 23 0 17 0 0 0 29 0 6 3 0 0 22 9 0 0
17 1 14 0 4 0 0 0 0 0 0 0 0 0 0 0 0 0 0 0 0 0 1 0 1 22 1 14 0 0 0 31 0 3 13 0 0 16 9 0 0
0 0 6 0 0 0 0 0 0 0 0 0 0 0 0 0 0 0 0 0 0 0 3 0 0 0 3 0 0 0 0 11 0 0 29 34 0 0 0 33 0
0 0 9 0 0 0 0 0 0 0 0 0 0 0 0 0 0 0 0 0 0 0 5 0 2 0 3 0 0 0 0 17 0 0 31 26 0 0 0 29 0
10 1 15 1 3 0 0 0 0 0 0 0 0 0 0 0 0 0 0 0 0 0 2 0 2 19 2 9 0 0 0 33 0 0 19 0 0 11 7 4 0
28 0 8 0 3 0 0 0 0 0 0 0 0 0 0 0 0 0 0 0 0 1 0 2 0 23 0 20 0 0 0 26 0 9 0 0 0 23 10 0 0
0 1 5 0 0 0 0 0 0 0 0 0 0 0 0 0 0 0 0 0 0 0 0 0 0 0 3 0 0 0 0 7 0 0 26 39 0 0 0 34 1
0 0 6 0 0 0 0 0 0 0 0 0 0 0 0 0 0 0 0 0 0 0 4 0 1 0 3 0 0 0 0 12 0 0 30 32 0 0 0 33 0
0 1 6 0 0 0 0 0 0 0 0 0 0 0 0 0 0 0 0 0 0 0 1 0 0 0 3 0 0 0 0 11 0 0 29 33 0 0 0 32 0
6 1 15 1 2 0 0 0 0 0 0 0 0 0 0 0 0 0 0 0 0 0 4 0 2 17 2 7 0 0 0 33 0 0 22 5 0 8 6 9 0
0 1 13 0 0 0 0 0 0 0 0 0 0 0 0 0 0 0 0 0 0 0 6 0 3 10 3 0 0 0 0 26 0 0 29 13 0 2 2 19 0
0 1 4 0 0 0 0 0 0 0 0 0 0 0 0 0 0 0 0 0 0 0 0 0 0 0 3 0 0 0 0 6 0 0 25 40 0 0 0 35 1
33 0 5 0 3 0 0 0 0 0 0 0 0 0 0 0 0 0 0 0 0 1 0 4 0 22 0 22 0 0 0 25 0 12 0 0 0 22 9 0 0
14 1 15 1 3 0 0 0 0 0 0 0 0 0 0 0 0 0 0 0 0 0 1 0 1 21 2 12 0 0 0 33 0 2 16 0 0 14 8 0 1
44 0 0 0 1 0 0 0 0 0 0 0 0 0 0 0 1 0 0 0 0 1 0 9 0 23 0 27 0 0 0 23 0 18 0 0 0 24 10 0 0
0 1 5 0 0 0 0 0 0 0 0 0 0 0 0 0 0 0 0 0 0 0 0 0 0 0 3 0 0 0 0 8 0 0 26 39 0 0 0 34 0
0 1 4 0 0 0 0 0 0 0 0 0 0 0 0 0 0 0 0 0 0 0 1 0 0 0 2 0 0 0 0 5 0 0 25 40 0 0 0 35 1
22 1 11 0 4 0 0 0 0 0 0 0 0 0 0 0 0 0 0 0 0 1 0 0 0 23 0 17 0 0 0 28 0 6 6 0 0 21 9 0 0
0 1 6 0 0 0 0 0 0 0 0 0 0 0 0 0 0 0 0 0 0 0 2 0 0 0 3 0 0 0 0 11 0 0 29 36 0 0 0 34 0
0 1 12 0 0 0 0 0 0 0 0 0 0 0 0 0 0 0 0 0 0 0 6 0 2 6 3 0 0 0 0 24 0 0 31 18 0 0 1 23 0
0 1 11 0 0 0 0 0 0 0 0 0 0 0 0 0 0 0 0 0 0 0 6 0 3 6 3 0 0 0 0 22 0 0 29 17 0 0 0 22 0
0 1 13 0 0 0 0 0 0 0 0 0 0 0 0 0 0 0 0 0 0 0 6 0 3 10 3 1 0 0 0 27 0 0 30 13 0 3 2 18 0
15 1 14 1 4 0 0 0 0 0 0 0 0 0 0 0 0 0 0 0 0 0 0 0 1 21 1 13 0 0 0 32 0 2 13 0 0 14 8 0 0
0 1 5 0 0 0 0 0 0 0 0 0 0 0 0 0 0 0 0 0 0 0 0 0 0 0 3 0 0 0 0 6 0 0 26 40 0 0 0 34 1
32 0 5 0 3 0 0 0 0 0 0 0 0 0 0 0 0 0 0 0 0 1 0 4 0 22 0 22 0 0 0 25 0 12 0 0 0 22 9 0 0
0 1 12 1 0 0 0 0 0 0 0 0 0 0 0 0 0 0 0 0 0 0 5 0 3 9 3 0 0 0 0 25 0 0 28 15 0 1 2 19 0
0 2 0 0 0 0 0 0 0 0 0 0 0 0 0 0 0 0 0 0 0 0 0 0 0 0 4 0 0 0 0 0 0 0 23 44 0 0 0 33 1
0 2 3 0 0 0 0 0 0 0 0 0 0 0 0 0 0 0 0 0 0 0 0 0 0 0 3 0 0 0 0 0 0 0 25 42 0 0 0 34 1
0 1 6 0 0 0 0 0 0 0 0 0 0 0 0 0 0 0 0 0 0 0 2 0 0 0 3 0 0 0 0 12 0 0 29 35 0 0 0 34 0
17 1 15 1 4 0 0 0 0 0 0 0 0 0 0 0 0 0 0 0 0 0 1 0 1 23 1 14 0 0 0 33 0 2 14 0 0 16 9 0 0
29 0 7 0 3 0 0 0 0 0 0 0 0 0 0 0 0 0 0 0 0 1 0 2 0 22 0 21 0 0 0 25 0 9 0 0 0 23 9 0 0
0 1 5 0 0 0 0 0 0 0 0 0 0 0 0 0 0 0 0 0 0 0 1 0 0 0 3 0 0 0 0 9 0 0 27 38 0 0 0 35 1
4 1 15 1 2 0 0 0 0 0 0 0 0 0 0 0 0 0 0 0 0 0 5 0 3 16 2 6 0 0 0 31 0 0 24 6 0 7 5 11 0
10 1 15 1 3 0 0 0 0 0 0 0 0 0 0 0 0 0 0 0 0 0 3 0 2 19 2 9 0 0 0 34 0 0 19 0 0 12 7 4 0
5 1 14 1 2 0 0 0 0 0 0 0 0 0 0 0 0 0 0 0 0 0 4 0 2 15 2 6 0 0 0 30 0 0 24 6 0 8 5 10 0
0 1 8 0 0 0 0 0 0 0 0 0 0 0 0 0 0 0 0 0 0 0 5 0 2 0 3 0 0 0 0 16 0 0 31 29 0 0 0 31 0
13 1 15 1 3 0 0 0 0 0 0 0 0 0 0 0 0 0 0 0 0 0 2 0 2 21 1 11 0 0 0 34 0 1 16 0 0 13 8 0 0
5 1 14 0 2 0 0 0 0 0 0 0 0 0 0 0 0 0 0 0 0 0 4 0 2 16 2 6 0 0 0 32 0 0 24 6 0 7 5 11 0
44 0 0 0 1 0 0 0 0 0 0 0 0 0 0 0 1 0 0 0 0 1 0 9 0 22 0 27 0 0 0 22 0 18 0 0 0 23 10 0 0
0 2 1 0 0 0 0 0 0 0 0 0 0 0 0 0 0 0 0 0 0 0 0 0 0 0 3 0 0 0 0 0 0 0 23 42 0 0 0 32 1
9 1 16 1 3 0 0 0 0 0 0 0 0 0 0 0 0 0 0 0 0 0 3 0 2 19 2 9 0 0 0 34 0 0 20 2 0 11 7 5 0
16 1 15 1 4 0 0 0 0 0 0 0 0 0 0 0 0 0 0 0 0 0 1 0 1 22 1 13 0 0 0 32 0 2 14 0 0 15 8 0 0
44 0 0 0 1 0 0 0 0 0 0 0 0 0 0 0 1 0 0 0 0 1 0 8 0 22 0 27 0 0 0 22 0 18 0 0 0 23 10 0 0
24 1 11 0 4 0 0 0 0 0 0 0 0 0 0 0 0 0 0 0 0 1 0 0 0 23 0 18 0 0 0 28 0 6 4 0 0 22 9 0 0
0 1 8 0 0 0 0 0 0 0 0 0 0 0 0 0 0 0 0 0 0 0 5 0 1 0 3 0 0 0 0 14 0 0 31 30 0 0 0 31 0
40 0 1 0 2 0 0 0 0 0 0 0 0 0 0 0 1 0 0 0 0 1 0 7 0 22 0 25 0 0 0 22 0 16 0 0 0 23 10 0 0
0 1 5 0 0 0 0 0 0 0 0 0 0 0 0 0 0 0 0 0 0 0 2 0 0 0 3 0 0 0 0 10 0 0 28 36 0 0 0 33 0
32 0 6 0 3 0 0 0 0 0 0 0 0 0 0 0 0 0 0 0 0 1 0 4 0 22 0 21 0 0 0 26 0 11 0 0 0 21 10 0 0
20 1 13 0 4 0 0 0 0 0 0 0 0 0 0 0 0 0 0 0 0 0 0 0 0 23 1 16 0 0 0 31 0 4 11 0 0 20 9 0 0
0 1 6 0 0 0 0 0 0 0 0 0 0 0 0 0 0 0 0 0 0 0 3 0 0 0 3 0 0 0 0 12 0 0 31 33 0 0 0 33 0
20 1 12 0 4 0 0 0 0 0 0 0 0 0 0 0 0 0 0 0 0 0 0 0 0 22 0 16 0 0 0 30 0 5 8 0 0 20 9 0 0
0 1 4 0 0 0 0 0 0 0 0 0 0 0 0 0 0 0 0 0 0 0 0 0 0 0 3 0 0 0 0 5 0 0 24 40 0 0 0 33 0
0 1 2 0 0 0 0 0 0 0 0 0 0 0 0 0 0 0 0 0 0 0 0 0 0 0 3 0 0 0 0 0 0 0 25 41 0 0 0 33 1
30 0 7 0 3 0 0 0 0 0 0 0 0 0 0 0 0 0 0 0 0 1 0 3 0 23 0 21 0 0 0 26 0 10 0 0 0 23 9 0 0
0 1 6 0 0 0 0 0 0 0 0 0 0 0 0 0 0 0 0 0 0 0 3 0 0 0 3 0 0 0 0 13 0 0 31 34 0 0 0 32 0
0 1 11 0 0 0 0 0 0 0 0 0 0 0 0 0 0 0 0 0 0 0 6 0 3 6 3 0 0 0 0 21 0 0 31 17 0 0 0 23 0
0 1 6 0 0 0 0 0 0 0 0 0 0 0 0 0 0 0 0 0 0 0 2 0 0 0 3 0 0 0 0 11 0 0 30 35 0 0 0 33 0
20 1 13 0 4 0 0 0 0 0 0 0 0 0 0 0 0 0 0 0 0 0 0 0 1 23 1 16 0 0 0 31 0 4 10 0 0 20 9 0 0
3 1 14 1 2 0 0 0 0 0 0 0 0 0 0 0 0 0 0 0 0 0 5 0 2 15 2 5 0 0 0 30 0 0 25 7 0 7 4 12 0
0 1 6 0 0 0 0 0 0 0 0 0 0 0 0 0 0 0 0 0 0 0 3 0 0 0 3 0 0 0 0 13 0 0 31 34 0 0 0 34 0
28 0 8 0 3 0 0 0 0 0 0 0 0 0 0 0 0 0 0 0 0 1 0 2 0 23 0 20 0 0 0 27 0 9 0 0 0 23 9 0 0
0 1 10 0 0 0 0 0 0 0 0 0 0 0 0 0 0 0 0 0 0 0 6 0 3 1 3 0 0 0 0 20 0 0 36 27 0 0 0 31 0
27 0 9 0 3 0 0 0 0 0 0 0 0 0 0 0 0 0 0 0 0 1 0 1 0 23 0 19 0 0 0 26 0 8 0 0 0 23 9 0 0
0 0 5 0 0 0 0 0 0 0 0 0 0 0 0 0 0 0 0 0 0 0 2 0 0 0 2 0 0 0 0 9 0 0 27 38 0 0 0 35 0
0 1 10 0 0 0 0 0 0 0 0 0 0 0 0 0 0 0 0 0 0 0 7 0 3 3 3 0 0 0 0 21 0 0 34 22 0 0 0 27 0
31 0 6 0 3 0 0 0 0 0 0 0 0 0 0 0 0 0 0 0 0 1 0 3 0 22 0 21 0 0 0 26 0 11 0 0 0 22 9 0 0
0 2 0 0 0 0 0 0 0 0 0 0 0 0 0 0 0 0 0 0 0 0 0 0 0 0 3 0 0 0 0 0 0 0 22 42 0 0 0 31 1
0 1 10 0 0 0 0 0 0 0 0 0 0 0 0 0 0 0 0 0 0 0 7 0 3 3 3 0 0 0 0 20 0 0 33 23 0 0 0 28 0
0 1 4 0 0 0 0 0 0 0 0 0 0 0 0 0 0 0 0 0 0 0 0 0 0 0 3 0 0 0 0 6 0 0 24 40 0 0 0 34 1
28 0 7 0 3 0 0 0 0 0 0 0 0 0 0 0 0 0 0 0 0 1 0 2 0 22 0 19 0 0 0 27 0 9 0 0 0 22 9 0 0
21 1 13 0 4 0 0 0 0 0 0 0 0 0 0 0 0 0 0 0 0 0 0 0 1 24 0 16 0 0 0 32 0 4 10 0 0 20 9 0 0
0 1 13 0 1 0 0 0 0 0 0 0 0 0 0 0 0 0 0 0 0 0 5 0 3 13 3 3 0 0 0 29 0 0 26 10 0 5 3 15 0
0 1 5 0 0 0 0 0 0 0 0 0 0 0 0 0 0 0 0 0 0 0 2 0 0 0 3 0 0 0 0 10 0 0 28 35 0 0 0 33 0
27 0 9 0 4 0 0 0 0 0 0 0 0 0 0 0 0 0 0 0 0 1 0 1 0 23 0 19 0 0 0 27 0 8 0 0 0 23 9 0 0
25 1 10 0 4 0 0 0 0 0 0 0 0 0 0 0 0 0 0 0 0 1 0 0 0 23 0 19 0 0 0 27 0 7 2 0 0 23 9 0 0
13 1 15 1 3 0 0 0 0 0 0 0 0 0 0 0 0 0 0 0 0 0 1 0 1 21 1 11 0 0 0 33 0 1 16 0 0 13 8 0 0
0 1 10 0 0 0 0 0 0 0 0 0 0 0 0 0 0 0 0 0 0 0 5 0 2 3 3 0 0 0 0 20 0 0 32 22 0 0 0 27 0
0 2 1 0 0 0 0 0 0 0 0 0 0 0 0 0 0 0 0 0 0 0 0 0 0 0 3 0 0 0 0 0 0 0 22 42 0 0 0 32 1
28 0 8 0 3 0 0 0 0 0 0 0 0 0 0 0 0 0 0 0 0 1 0 2 0 22 0 20 0 0 0 26 0 9 0 0 0 22 9 0 0
0 1 7 0 0 0 0 0 0 0 0 0 0 0 0 0 0 0 0 0 0 0 4 0 1 0 3 0 0 0 0 14 0 0 32 31 0 0 0 32 0
0 1 6 0 0 0 0 0 0 0 0 0 0 0 0 0 0 0 0 0 0 0 2 0 0 0 3 0 0 0 0 12 0 0 28 36 0 0 0 34 0
0 2 1 0 0 0 0 0 0 0 0 0 0 0 0 0 0 0 0 0 0 0 0 0 0 0 3 0 0 0 0 0 0 0 23 42 0 0 0 33 1
0 1 4 0 0 0 0 0 0 0 0 0 0 0 0 0 0 0 0 0 0 0 0 0 0 0 3 0 0 0 0 5 0 0 26 40 0 0 0 34 1
17 1 14 0 4 0 0 0 0 0 0 0 0 0 0 0 0 0 0 0 0 0 1 0 1 22 1 14 0 0 0 31 0 3 12 0 0 17 9 0 0
0 1 8 0 0 0 0 0 0 0 0 0 0 0 0 0 0 0 0 0 0 0 5 0 1 0 3 0 0 0 0 15 0 0 34 34 0 0 0 35 0
0 1 6 0 0 0 0 0 0 0 0 0 0 0 0 0 0 0 0 0 0 0 2 0 0 0 3 0 0 0 0 11 0 0 29 36 0 0 0 35 0
27 0 8 0 3 0 0 0 0 0 0 0 0 0 0 0 0 0 0 0 0 1 0 1 1 23 0 19 0 0 0 28 0 9 0 0 0 22 9 0 0
24 1 11 0 4 0 0 0 0 0 0 0 0 0 0 0 0 0 0 0 0 0 0 0 0 23 0 18 0 0 0 28 0 6 4 0 0 22 9 0 0
0 1 3 0 0 0 0 0 0 0 0 0 0 0 0 0 0 0 0 0 0 0 0 0 0 0 3 0 0 0 0 0 0 0 25 43 0 0 0 35 1
0 1 8 0 0 0 0 0 0 0 0 0 0 0 0 0 0 0 0 0 0 0 5 0 2 0 3 0 0 0 0 15 0 0 32 32 0 0 0 33 0
40 0 1 0 2 0 0 0 0 0 0 0 0 0 0 0 1 0 0 0 0 1 0 7 0 22 0 25 0 0 0 23 0 15 0 0 0 22 10 0 0
32 0 6 0 3 0 0 0 0 0 0 0 0 0 0 0 0 0 0 0 0 1 0 3 0 23 0 22 0 0 0 25 0 11 0 0 0 23 10 0 0
0 1 8 0 0 0 0 0 0 0 0 0 0 0 0 0 0 0 0 0 0 0 5 0 2 0 3 0 0 0 0 16 0 0 33 30 0 0 0 32 0
20 1 13 0 4 0 0 0 0 0 0 0 0 0 0 0 0 0 0 0 0 0 1 0 1 23 1 16 0 0 0 31 0 4 11 0 0 19 9 0 0
9 1 15 1 3 0 0 0 0 0 0 0 0 0 0 0 0 0 0 0 0 0 3 0 2 19 2 9 0 0 0 33 0 0 19 0 0 11 7 5 0
0 0 8 0 0 0 0 0 0 0 0 0 0 0 0 0 0 0 0 0 0 0 5 0 2 0 3 0 0 0 0 16 0 0 32 30 0 0 0 33 0
0 1 4 0 0 0 0 0 0 0 0 0 0 0 0 0 0 0 0 0 0 0 0 0 0 0 3 0 0 0 0 4 0 0 25 40 0 0 0 34 1
23 1 11 0 4 0 0 0 0 0 0 0 0 0 0 0 0 0 0 0 0 0 0 0 0 23 0 17 0 0 0 29 0 6 7 0 0 22 9 0 0
0 1 5 0 0 0 0 0 0 0 0 0 0 0 0 0 0 0 0 0 0 0 1 0 0 0 3 0 0 0 0 9 0 0 26 38 0 0 0 34 0
0 1 11 0 0 0 0 0 0 0 0 0 0 0 0 0 0 0 0 0 0 0 7 0 3 5 3 0 0 0 0 23 0 0 33 20 0 0 0 26 0
0 1 7 0 0 0 0 0 0 0 0 0 0 0 0 0 0 0 0 0 0 0 4 0 1 0 3 0 0 0 0 15 0 0 31 32 0 0 0 32 0
26 0 9 0 3 0 0 0 0 0 0 0 0 0 0 0 0 0 0 0 0 1 0 1 0 23 0 19 0 0 0 26 0 7 0 0 0 22 9 0 0
0 1 5 0 0 0 0 0 0 0 0 0 0 0 0 0 0 0 0 0 0 0 0 0 0 0 3 0 0 0 0 6 0 0 25 39 0 0 0 34 1
0 1 5 0 0 0 0 0 0 0 0 0 0 0 0 0 0 0 0 0 0 0 1 0 0 0 3 0 0 0 0 9 0 0 26 37 0 0 0 33 0
0 1 11 0 0 0 0 0 0 0 0 0 0 0 0 0 0 0 0 0 0 0 6 0 3 6 3 0 0 0 0 23 0 0 31 17 0 0 0 23 0
17 1 15 0 4 0 0 0 0 0 0 0 0 0 0 0 0 0 0 0 0 0 1 0 1 23 1 14 0 0 0 33 0 3 14 0 0 17 9 0 0
17 1 14 0 4 0 0 0 0 0 0 0 0 0 0 0 0 0 0 0 0 0 1 0 1 22 1 14 0 0 0 32 0 3 13 0 0 16 9 0 0
0 2 2 0 0 0 0 0 0 0 0 0 0 0 0 0 0 0 0 0 0 0 0 0 0 0 3 0 0 0 0 0 0 0 24 42 0 0 0 34 1
28 0 8 0 3 0 0 0 0 0 0 0 0 0 0 0 0 0 0 0 0 1 0 2 0 22 0 20 0 0 0 26 0 9 0 0 0 22 9 0 0
