0 0 8 4 0 0 0 0 0 0 0 0 0 0 0 0 0 0 0 0 0 0 0 0 0 0 0 2 0 0 0 15 0 0 34 38 0 0 0 36 4
0 0 26 0 0 0 0 0 2 0 1 0 0 0 0 0 0 0 0 0 0 0 9 0 1 0 2 0 3 0 0 14 2 0 39 41 0 0 0 35 7
6 0 8 5 0 0 0 0 0 0 0 0 0 0 0 0 0 0 0 0 0 0 0 0 0 0 0 4 0 0 0 15 0 0 32 36 0 0 0 34 4
9 0 6 5 1 0 0 0 0 0 0 0 0 0 0 0 0 0 0 0 0 0 0 0 0 0 0 5 0 0 0 13 0 0 29 34 0 0 0 31 3
9 0 6 5 0 0 0 0 0 0 0 0 0 0 0 0 0 0 0 0 0 0 0 0 0 0 0 4 0 0 0 13 0 0 27 32 0 0 0 29 3
0 0 12 0 0 0 0 0 0 0 0 0 0 0 0 0 0 0 0 0 0 0 1 0 0 0 0 0 0 0 0 17 0 0 42 43 0 0 0 42 5
0 0 13 0 0 0 0 0 0 0 0 0 0 0 0 0 0 0 0 0 0 0 1 0 0 0 0 0 0 0 0 16 0 0 40 42 0 0 0 40 5
0 0 16 0 0 0 0 0 0 0 0 0 0 0 0 0 0 0 0 0 0 0 3 0 0 0 0 0 0 0 0 14 0 0 41 42 0 0 0 39 5
38 0 0 7 10 0 0 0 0 0 0 0 0 0 0 0 0 0 0 0 2 0 0 0 0 2 0 8 0 0 0 0 0 0 0 0 0 0 0 0 0
0 0 10 3 0 0 0 0 0 0 0 0 0 0 0 0 0 0 0 0 0 0 0 0 0 0 0 1 0 0 0 16 0 0 37 41 0 0 0 39 5
0 0 18 0 0 0 0 0 1 0 0 0 0 0 0 0 0 0 0 0 0 0 5 0 0 0 1 0 0 0 0 14 0 0 39 41 0 0 0 37 6
0 0 13 0 0 0 0 0 0 0 0 0 0 0 0 0 0 0 0 0 0 0 2 0 0 0 0 0 0 0 0 15 0 0 40 42 0 0 0 39 5
12 0 6 5 1 0 0 0 0 0 0 0 0 0 0 0 0 0 0 0 0 0 0 0 0 0 0 5 0 0 0 13 0 0 27 32 0 0 0 29 3
0 0 21 0 0 0 0 0 1 0 0 0 0 0 0 0 0 0 0 0 0 0 6 0 0 0 1 0 1 0 0 14 0 0 40 41 0 0 0 37 6
51 0 0 6 15 0 0 0 0 1 0 0 0 0 0 0 3 0 0 3 4 0 0 0 0 7 0 10 0 0 0 0 1 0 0 0 0 2 0 0 0
31 0 0 7 8 0 0 0 0 0 0 0 0 0 0 0 0 0 0 0 1 0 0 0 0 1 0 7 0 0 0 0 0 0 0 0 0 0 0 0 0
0 0 13 0 0 0 0 0 0 0 0 0 0 0 0 0 0 0 0 0 0 0 2 0 0 0 0 0 0 0 0 15 0 0 41 42 0 0 0 40 5
21 0 1 6 5 0 0 0 0 0 0 0 0 0 0 0 0 0 0 0 0 0 0 0 0 0 0 6 0 0 0 7 0 0 10 15 0 0 0 13 1
0 0 26 0 0 0 0 0 3 0 1 0 0 0 0 0 0 0 0 0 0 0 9 0 1 0 2 0 3 0 0 13 2 0 40 41 0 1 0 35 7
0 0 15 0 0 0 0 0 0 0 0 0 0 0 0 0 0 0 0 0 0 0 3 0 0 0 0 0 0 0 0 15 0 0 40 42 0 0 0 39 5
0 0 11 1 0 0 0 0 0 0 0 0 0 0 0 0 0 0 0 0 0 0 0 0 0 0 0 0 0 0 0 16 0 0 40 42 0 0 0 41 5
0 0 11 1 0 0 0 0 0 0 0 0 0 0 0 0 0 0 0 0 0 0 0 0 0 0 0 0 0 0 0 17 0 0 41 43 0 0 0 41 5
0 0 18 0 0 0 0 0 1 0 0 0 0 0 0 0 0 0 0 0 0 0 4 0 0 0 1 0 0 0 0 14 0 0 41 42 0 0 0 39 6
0 0 16 0 0 0 0 0 0 0 0 0 0 0 0 0 0 0 0 0 0 0 3 0 0 0 0 0 0 0 0 14 0 0 40 41 0 0 0 39 5
0 0 17 0 0 0 0 0 0 0 0 0 0 0 0 0 0 0 0 0 0 0 4 0 0 0 1 0 0 0 0 13 0 0 38 40 0 0 0 37 6
69 0 0 4 22 0 0 0 0 2 0 0 0 0 0 0 7 0 0 8 9 0 0 0 0 12 0 12 0 0 0 0 1 1 0 0 0 4 0 0 0
25 0 0 6 5 0 0 0 0 0 0 0 0 0 0 0 0 0 0 0 0 0 0 0 0 0 0 6 0 0 0 6 0 0 7 13 0 0 0 10 1
0 0 13 0 0 0 0 0 0 0 0 0 0 0 0 0 0 0 0 0 0 0 2 0 0 0 0 0 0 0 0 15 0 0 42 43 0 0 0 41 5
44 0 0 6 12 0 0 0 0 1 0 0 0 0 0 0 2 0 0 2 3 0 0 0 0 5 0 9 0 0 0 0 0 0 0 0 0 1 0 0 0
0 0 9 3 0 0 0 0 0 0 0 0 0 0 0 0 0 0 0 0 0 0 0 0 0 0 0 2 0 0 0 15 0 0 36 39 0 0 0 38 4
0 0 11 1 0 0 0 0 0 0 0 0 0 0 0 0 0 0 0 0 0 0 0 0 0 0 0 0 0 0 0 16 0 0 40 42 0 0 0 41 5
0 0 15 0 0 0 0 0 0 0 0 0 0 0 0 0 0 0 0 0 0 0 2 0 0 0 0 0 0 0 0 15 0 0 41 42 0 0 0 39 5
0 0 15 0 0 0 0 0 0 0 0 0 0 0 0 0 0 0 0 0 0 0 3 0 0 0 1 0 0 0 0 15 0 0 40 42 0 0 0 39 5
0 0 15 0 0 0 0 0 0 0 0 0 0 0 0 0 0 0 0 0 0 0 3 0 0 0 0 0 0 0 0 15 0 0 41 42 0 0 0 40 5
0 0 19 0 0 0 0 0 1 0 0 0 0 0 0 0 0 0 0 0 0 0 5 0 0 0 1 0 1 0 0 14 0 0 40 41 0 0 0 38 6
0 0 16 0 0 0 0 0 0 0 0 0 0 0 0 0 0 0 0 0 0 0 3 0 0 0 1 0 0 0 0 15 0 0 40 42 0 0 0 39 5
0 0 10 3 0 0 0 0 0 0 0 0 0 0 0 0 0 0 0 0 0 0 0 0 0 0 0 1 0 0 0 16 0 0 37 41 0 0 0 39 5
0 0 22 0 0 0 0 0 2 0 1 0 0 0 0 0 0 0 0 0 0 0 7 0 0 0 1 0 2 0 0 13 1 0 39 40 0 0 0 36 6
16 0 3 6 3 0 0 0 0 0 0 0 0 0 0 0 0 0 0 0 0 0 0 0 0 0 0 5 0 0 0 11 0 0 18 23 0 0 0 21 2
27 0 0 7 7 0 0 0 0 0 0 0 0 0 0 0 0 0 0 0 0 0 0 0 0 0 0 7 0 0 0 3 0 0 0 4 0 0 0 1 0
3 0 8 4 0 0 0 0 0 0 0 0 0 0 0 0 0 0 0 0 0 0 0 0 0 0 0 3 0 0 0 14 0 0 32 37 0 0 0 34 4
0 0 17 0 0 0 0 0 1 0 0 0 0 0 0 0 0 0 0 0 0 0 4 0 0 0 1 0 0 0 0 14 0 0 37 40 0 0 0 36 6
1 0 9 4 0 0 0 0 0 0 0 0 0 0 0 0 0 0 0 0 0 0 0 0 0 0 0 2 0 0 0 15 0 0 34 38 0 0 0 36 4
0 0 24 0 0 0 0 0 2 0 1 0 0 0 0 0 0 0 0 0 0 0 8 0 1 0 2 0 2 0 0 14 2 0 40 40 0 0 0 36 7
43 0 0 7 12 0 0 0 0 0 0 0 0 0 0 0 1 0 0 1 3 0 0 0 0 4 0 9 0 0 0 0 0 0 0 0 0 1 0 0 0
0 0 10 3 0 0 0 0 0 0 0 0 0 0 0 0 0 0 0 0 0 0 0 0 0 0 0 1 0 0 0 16 0 0 38 41 0 0 0 40 4
0 0 10 2 0 0 0 0 0 0 0 0 0 0 0 0 0 0 0 0 0 0 0 0 0 0 0 0 0 0 0 17 0 0 39 42 0 0 0 42 5
47 0 0 6 13 0 0 0 0 1 0 0 0 0 0 0 2 0 0 2 4 0 0 0 0 6 0 9 0 0 0 0 1 0 0 0 0 2 0 0 0
0 0 11 2 0 0 0 0 0 0 0 0 0 0 0 0 0 0 0 0 0 0 0 0 0 0 0 1 0 0 0 17 0 0 39 41 0 0 0 40 5
41 0 0 7 12 0 0 0 0 0 0 0 0 0 0 0 1 0 0 0 3 0 0 0 0 4 0 8 0 0 0 0 0 0 0 0 0 1 0 0 0
0 0 17 0 0 0 0 0 0 0 0 0 0 0 0 0 0 0 0 0 0 0 3 0 0 0 1 0 0 0 0 14 0 0 39 41 0 0 0 38 6
37 0 0 7 10 0 0 0 0 0 0 0 0 0 0 0 0 0 0 0 2 0 0 0 0 3 0 8 0 0 0 0 0 0 0 0 0 0 0 0 0
0 0 9 3 0 0 0 0 0 0 0 0 0 0 0 0 0 0 0 0 0 0 0 0 0 0 0 1 0 0 0 15 0 0 36 39 0 0 0 36 4
0 0 16 0 0 0 0 0 0 0 0 0 0 0 0 0 0 0 0 0 0 0 3 0 0 0 0 0 0 0 0 14 0 0 41 42 0 0 0 39 5
60 0 0 5 18 0 0 0 0 1 0 0 0 0 0 0 5 0 0 5 7 0 0 0 0 9 0 11 0 0 0 0 1 0 0 0 0 3 0 0 0
0 0 9 3 0 0 0 0 0 0 0 0 0 0 0 0 0 0 0 0 0 0 0 0 0 0 0 2 0 0 0 16 0 0 36 40 0 0 0 38 4
0 0 13 0 0 0 0 0 0 0 0 0 0 0 0 0 0 0 0 0 0 0 1 0 0 0 0 0 0 0 0 15 0 0 39 42 0 0 0 40 5
37 0 0 7 10 0 0 0 0 0 0 0 0 0 0 0 0 0 0 0 1 0 0 0 0 2 0 8 0 0 0 0 0 0 0 0 0 0 0 0 0
0 0 14 0 0 0 0 0 0 0 0 0 0 0 0 0 0 0 0 0 0 0 2 0 0 0 0 0 0 0 0 15 0 0 41 42 0 0 0 40 5
0 0 18 0 0 0 0 0 1 0 0 0 0 0 0 0 0 0 0 0 0 0 5 0 0 0 1 0 0 0 0 14 0 0 40 41 0 0 0 37 5
32 0 0 7 8 0 0 0 0 0 0 0 0 0 0 0 0 0 0 0 1 0 0 0 0 1 0 7 0 0 0 0 0 0 0 0 0 0 0 0 0
0 0 10 3 0 0 0 0 0 0 0 0 0 0 0 0 0 0 0 0 0 0 0 0 0 0 0 2 0 0 0 15 0 0 36 40 0 0 0 37 4
12 0 5 5 1 0 0 0 0 0 0 0 0 0 0 0 0 0 0 0 0 0 0 0 0 0 0 5 0 0 0 12 0 0 24 28 0 0 0 27 3
0 0 19 0 0 0 0 0 1 0 0 0 0 0 0 0 0 0 0 0 0 0 5 0 0 0 1 0 1 0 0 13 0 0 39 41 0 0 0 37 6
0 0 18 0 0 0 0 0 0 0 0 0 0 0 0 0 0 0 0 0 0 0 4 0 0 0 1 0 0 0 0 14 0 0 38 40 0 0 0 36 5
0 0 11 2 0 0 0 0 0 0 0 0 0 0 0 0 0 0 0 0 0 0 0 0 0 0 0 0 0 0 0 17 0 0 39 42 0 0 0 41 5
0 0 13 0 0 0 0 0 0 0 0 0 0 0 0 0 0 0 0 0 0 0 1 0 0 0 0 0 0 0 0 15 0 0 39 41 0 0 0 39 5
0 0 16 0 0 0 0 0 0 0 0 0 0 0 0 0 0 0 0 0 0 0 3 0 0 0 1 0 0 0 0 14 0 0 40 41 0 0 0 38 5
55 0 0 5 16 0 0 0 0 1 0 0 0 0 0 0 5 0 0 4 6 0 0 0 0 8 0 10 0 0 0 0 1 0 0 0 0 2 0 0 0
15 0 4 6 2 0 0 0 0 0 0 0 0 0 0 0 0 0 0 0 0 0 0 0 0 0 0 5 0 0 0 12 0 0 23 28 0 0 0 26 3
1 0 9 4 0 0 0 0 0 0 0 0 0 0 0 0 0 0 0 0 0 0 0 0 0 0 0 3 0 0 0 15 0 0 34 39 0 0 0 36 4
0 0 10 2 0 0 0 0 0 0 0 0 0 0 0 0 0 0 0 0 0 0 0 0 0 0 0 1 0 0 0 16 0 0 37 41 0 0 0 40 5
16 0 5 6 2 0 0 0 0 0 0 0 0 0 0 0 0 0 0 0 0 0 0 0 0 0 0 5 0 0 0 12 0 0 22 28 0 0 0 25 3
0 0 17 0 0 0 0 0 0 0 0 0 0 0 0 0 0 0 0 0 0 0 4 0 0 0 1 0 0 0 0 14 0 0 40 41 0 0 0 38 5
0 0 10 1 0 0 0 0 0 0 0 0 0 0 0 0 0 0 0 0 0 0 0 0 0 0 0 0 0 0 0 17 0 0 39 41 0 0 0 40 5
19 0 2 6 4 0 0 0 0 0 0 0 0 0 0 0 0 0 0 0 0 0 0 0 0 0 0 6 0 0 0 9 0 0 14 19 0 0 0 17 2
0 0 13 0 0 0 0 0 0 0 0 0 0 0 0 0 0 0 0 0 0 0 1 0 0 0 0 0 0 0 0 16 0 0 41 42 0 0 0 41 5
0 0 13 0 0 0 0 0 0 0 0 0 0 0 0 0 0 0 0 0 0 0 1 0 0 0 0 0 0 0 0 16 0 0 42 43 0 0 0 42 5
57 0 0 5 17 0 0 0 0 1 0 0 0 0 0 0 5 0 0 5 6 0 0 0 0 9 0 11 0 0 0 0 1 1 0 0 0 3 0 0 0
0 0 15 0 0 0 0 0 0 0 0 0 0 0 0 0 0 0 0 0 0 0 3 0 0 0 0 0 0 0 0 15 0 0 40 42 0 0 0 39 5
39 0 0 7 11 0 0 0 0 0 0 0 0 0 0 0 0 0 0 0 2 0 0 0 0 3 0 8 0 0 0 0 0 0 0 0 0 1 0 0 0
2 0 8 4 0 0 0 0 0 0 0 0 0 0 0 0 0 0 0 0 0 0 0 0 0 0 0 3 0 0 0 15 0 0 32 37 0 0 0 35 4
10 0 6 5 1 0 0 0 0 0 0 0 0 0 0 0 0 0 0 0 0 0 0 0 0 0 0 4 0 0 0 14 0 0 27 31 0 0 0 30 3
36 0 0 7 9 0 0 0 0 0 0 0 0 0 0 0 0 0 0 0 1 0 0 0 0 1 0 8 0 0 0 0 0 0 0 0 0 0 0 0 0
0 0 20 0 0 0 0 0 1 0 0 0 0 0 0 0 0 0 0 0 0 0 6 0 0 0 1 0 1 0 0 14 0 0 41 41 0 0 0 37 6
25 0 1 6 5 0 0 0 0 0 0 0 0 0 0 0 0 0 0 0 0 0 0 0 0 0 0 6 0 0 0 6 0 0 8 14 0 0 0 10 1
0 0 11 1 0 0 0 0 0 0 0 0 0 0 0 0 0 0 0 0 0 0 0 0 0 0 0 0 0 0 0 16 0 0 41 43 0 0 0 41 5
0 0 22 0 0 0 0 0 2 0 0 0 0 0 0 0 0 0 0 0 0 0 7 0 0 0 1 0 2 0 0 13 1 0 39 40 0 0 0 35 6
41 0 0 7 11 0 0 0 0 0 0 0 0 0 0 0 0 0 0 0 2 0 0 0 0 3 0 9 0 0 0 0 0 0 0 0 0 1 0 0 0
0 0 15 0 0 0 0 0 0 0 0 0 0 0 0 0 0 0 0 0 0 0 2 0 0 0 0 0 0 0 0 15 0 0 40 43 0 0 0 40 5
0 0 9 4 0 0 0 0 0 0 0 0 0 0 0 0 0 0 0 0 0 0 0 0 0 0 0 2 0 0 0 14 0 0 34 38 0 0 0 35 4
0 0 11 1 0 0 0 0 0 0 0 0 0 0 0 0 0 0 0 0 0 0 0 0 0 0 0 0 0 0 0 16 0 0 40 42 0 0 0 41 5
0 0 17 0 0 0 0 0 0 0 0 0 0 0 0 0 0 0 0 0 0 0 4 0 0 0 1 0 0 0 0 14 0 0 40 41 0 0 0 38 5
52 0 0 6 15 0 0 0 0 1 0 0 0 0 0 0 4 0 0 3 5 0 0 0 0 7 0 10 0 0 0 0 1 0 0 0 0 2 0 0 0
11 0 6 6 1 0 0 0 0 0 0 0 0 0 0 0 0 0 0 0 0 0 0 0 0 0 0 5 0 0 0 14 0 0 26 31 0 0 0 29 3
45 0 0 6 12 0 0 0 0 1 0 0 0 0 0 0 2 0 0 2 3 0 0 0 0 5 0 9 0 0 0 0 0 0 0 0 0 2 0 0 0
9 0 5 5 0 0 0 0 0 0 0 0 0 0 0 0 0 0 0 0 0 0 0 0 0 0 0 4 0 0 0 12 0 0 26 31 0 0 0 28 3
45 0 0 7 12 0 0 0 0 0 0 0 0 0 0 0 2 0 0 2 3 0 0 0 0 5 0 9 0 0 0 0 0 0 0 0 0 2 0 0 0
0 0 23 0 0 0 0 0 2 0 0 0 0 0 0 0 0 0 0 0 0 0 7 0 0 0 2 0 2 0 0 13 1 0 37 39 0 0 0 34 6
0 0 11 3 0 0 0 0 0 0 0 0 0 0 0 0 0 0 0 0 0 0 0 0 0 0 0 1 0 0 0 16 0 0 38 41 0 0 0 39 5
0 0 19 0 0 0 0 0 1 0 0 0 0 0 0 0 0 0 0 0 0 0 5 0 0 0 1 0 1 0 0 13 0 0 40 41 0 0 0 37 6
19 0 2 6 3 0 0 0 0 0 0 0 0 0 0 0 0 0 0 0 0 0 0 0 0 0 0 5 0 0 0 8 0 0 14 19 0 0 0 16 2
0 0 22 0 0 0 0 0 2 0 1 0 0 0 0 0 0 0 0 0 0 0 6 0 0 0 2 0 1 0 0 13 1 0 37 38 0 0 0 34 6
0 0 23 0 0 0 0 0 2 0 1 0 0 0 0 0 0 0 0 0 0 0 7 0 0 0 2 0 2 0 0 13 1 0 38 39 0 0 0 34 6
0 0 18 0 0 0 0 0 1 0 0 0 0 0 0 0 0 0 0 0 0 0 5 0 0 0 1 0 0 0 0 14 0 0 40 41 0 0 0 38 6
0 0 18 0 0 0 0 0 1 0 0 0 0 0 0 0 0 0 0 0 0 0 4 0 0 0 1 0 0 0 0 14 0 0 40 42 0 0 0 38 5
60 0 0 5 18 0 0 0 0 1 0 0 0 0 0 0 5 0 0 5 7 0 0 0 0 10 0 11 0 0 0 0 1 1 0 0 0 3 0 0 0
0 0 21 0 0 0 0 0 2 0 0 0 0 0 0 0 0 0 0 0 0 0 6 0 0 0 1 0 1 0 0 13 1 0 37 39 0 0 0 34 6
0 0 21 0 0 0 0 0 1 0 0 0 0 0 0 0 0 0 0 0 0 0 6 0 0 0 1 0 1 0 0 14 1 0 40 41 0 0 0 37 6
0 0 14 0 0 0 0 0 0 0 0 0 0 0 0 0 0 0 0 0 0 0 2 0 0 0 0 0 0 0 0 15 0 0 39 41 0 0 0 39 5
2 0 9 4 0 0 0 0 0 0 0 0 0 0 0 0 0 0 0 0 0 0 0 0 0 0 0 3 0 0 0 15 0 0 33 38 0 0 0 35 4
0 0 15 0 0 0 0 0 0 0 0 0 0 0 0 0 0 0 0 0 0 0 3 0 0 0 0 0 0 0 0 15 0 0 41 42 0 0 0 40 5
0 0 13 0 0 0 0 0 0 0 0 0 0 0 0 0 0 0 0 0 0 0 2 0 0 0 0 0 0 0 0 15 0 0 40 41 0 0 0 39 5
0 0 16 0 0 0 0 0 0 0 0 0 0 0 0 0 0 0 0 0 0 0 3 0 0 0 1 0 0 0 0 14 0 0 40 42 0 0 0 39 5
0 0 18 0 0 0 0 0 1 0 0 0 0 0 0 0 0 0 0 0 0 0 4 0 0 0 1 0 0 0 0 14 0 0 40 41 0 0 0 38 6
0 0 11 1 0 0 0 0 0 0 0 0 0 0 0 0 0 0 0 0 0 0 0 0 0 0 0 0 0 0 0 17 0 0 40 43 0 0 0 42 5
0 0 8 3 0 0 0 0 0 0 0 0 0 0 0 0 0 0 0 0 0 0 0 0 0 0 0 1 0 0 0 14 0 0 34 37 0 0 0 35 4
0 0 20 0 0 0 0 0 1 0 0 0 0 0 0 0 0 0 0 0 0 0 6 0 0 0 1 0 1 0 0 13 0 0 40 41 0 0 0 37 6
47 0 0 6 13 0 0 0 0 1 0 0 0 0 0 0 2 0 0 2 4 0 0 0 0 5 0 9 0 0 0 0 1 0 0 0 0 2 0 0 0
40 0 0 7 11 0 0 0 0 0 0 0 0 0 0 0 1 0 0 1 2 0 0 0 0 4 0 8 0 0 0 0 0 0 0 0 0 1 0 0 0
0 0 16 0 0 0 0 0 0 0 0 0 0 0 0 0 0 0 0 0 0 0 4 0 0 0 1 0 0 0 0 14 0 0 41 42 0 0 0 39 5
0 0 10 3 0 0 0 0 0 0 0 0 0 0 0 0 0 0 0 0 0 0 0 0 0 0 0 1 0 0 0 16 0 0 39 42 0 0 0 40 5
3 0 7 4 0 0 0 0 0 0 0 0 0 0 0 0 0 0 0 0 0 0 0 0 0 0 0 3 0 0 0 15 0 0 32 36 0 0 0 35 4
0 0 17 0 0 0 0 0 0 0 0 0 0 0 0 0 0 0 0 0 0 0 4 0 0 0 1 0 0 0 0 14 0 0 40 41 0 0 0 38 5
0 0 24 0 0 0 0 0 2 0 1 0 0 0 0 0 0 0 0 0 0 0 8 0 1 0 2 0 2 0 0 13 2 0 38 39 0 0 0 35 7
30 0 0 7 8 0 0 0 0 0 0 0 0 0 0 0 0 0 0 0 1 0 0 0 0 1 0 7 0 0 0 1 0 0 0 0 0 0 0 0 0
0 0 23 0 0 0 0 0 2 0 1 0 0 0 0 0 0 0 0 0 0 0 7 0 0 0 2 0 2 0 0 13 1 0 39 40 0 0 0 35 6
0 0 16 0 0 0 0 0 0 0 0 0 0 0 0 0 0 0 0 0 0 0 3 0 0 0 0 0 0 0 0 14 0 0 41 42 0 0 0 39 5
0 0 16 0 0 0 0 0 0 0 0 0 0 0 0 0 0 0 0 0 0 0 3 0 0 0 0 0 0 0 0 14 0 0 40 42 0 0 0 39 5
0 0 18 0 0 0 0 0 1 0 0 0 0 0 0 0 0 0 0 0 0 0 4 0 0 0 1 0 0 0 0 14 0 0 39 41 0 0 0 37 6
0 0 17 0 0 0 0 0 0 0 0 0 0 0 0 0 0 0 0 0 0 0 3 0 0 0 0 0 0 0 0 14 0 0 40 43 0 0 0 39 6
38 0 0 7 10 0 0 0 0 0 0 0 0 0 0 0 0 0 0 0 1 0 0 0 0 2 0 8 0 0 0 0 0 0 0 0 0 0 0 0 0
54 0 0 5 16 0 0 0 0 1 0 0 0 0 0 0 4 0 0 4 5 0 0 0 0 8 0 10 0 0 0 0 1 0 0 0 0 2 0 0 0
39 0 0 7 11 0 0 0 0 0 0 0 0 0 0 0 0 0 0 0 2 0 0 0 0 3 0 8 0 0 0 0 0 0 0 0 0 0 0 0 0
0 0 15 0 0 0 0 0 0 0 0 0 0 0 0 0 0 0 0 0 0 0 2 0 0 0 0 0 0 0 0 14 0 0 40 41 0 0 0 39 5
24 0 0 7 5 0 0 0 0 0 0 0 0 0 0 0 0 0 0 0 0 0 0 0 0 0 0 6 0 0 0 6 0 0 7 13 0 0 0 10 1
35 0 0 7 9 0 0 0 0 0 0 0 0 0 0 0 0 0 0 0 1 0 0 0 0 2 0 8 0 0 0 0 0 0 0 0 0 0 0 0 0
12 0 5 5 1 0 0 0 0 0 0 0 0 0 0 0 0 0 0 0 0 0 0 0 0 0 0 5 0 0 0 11 0 0 24 29 0 0 0 26 3
0 0 9 3 0 0 0 0 0 0 0 0 0 0 0 0 0 0 0 0 0 0 0 0 0 0 0 2 0 0 0 16 0 0 37 41 0 0 0 39 4
0 0 12 0 0 0 0 0 0 0 0 0 0 0 0 0 0 0 0 0 0 0 1 0 0 0 0 0 0 0 0 16 0 0 41 43 0 0 0 41 5
0 0 15 0 0 0 0 0 0 0 0 0 0 0 0 0 0 0 0 0 0 0 3 0 0 0 1 0 0 0 0 15 0 0 40 41 0 0 0 39 5
47 0 0 6 14 0 0 0 0 1 0 0 0 0 0 0 2 0 0 2 4 0 0 0 0 6 0 9 0 0 0 0 1 0 0 0 0 2 0 0 0
0 0 23 0 0 0 0 0 2 0 1 0 0 0 0 0 0 0 0 0 0 0 7 0 0 0 2 0 2 0 0 13 1 0 38 39 0 0 0 34 6
0 0 13 0 0 0 0 0 0 0 0 0 0 0 0 0 0 0 0 0 0 0 2 0 0 0 0 0 0 0 0 16 0 0 41 42 0 0 0 41 5
0 0 23 0 0 0 0 0 2 0 1 0 0 0 0 0 0 0 0 0 0 0 7 0 0 0 2 0 2 0 0 13 1 0 38 39 0 0 0 35 6
0 0 22 0 0 0 0 0 2 0 0 0 0 0 0 0 0 0 0 0 0 0 6 0 0 0 1 0 1 0 0 13 1 0 40 41 0 0 0 36 6
37 0 0 7 10 0 0 0 0 0 0 0 0 0 0 0 0 0 0 0 1 0 0 0 0 2 0 8 0 0 0 0 0 0 0 0 0 0 0 0 0
18 0 4 6 3 0 0 0 0 0 0 0 0 0 0 0 0 0 0 0 0 0 0 0 0 0 0 6 0 0 0 11 0 0 21 26 0 0 0 23 2
0 0 12 2 0 0 0 0 0 0 0 0 0 0 0 0 0 0 0 0 0 0 0 0 0 0 0 0 0 0 0 16 0 0 39 42 0 0 0 40 5
31 0 0 7 8 0 0 0 0 0 0 0 0 0 0 0 0 0 0 0 1 0 0 0 0 1 0 7 0 0 0 2 0 0 0 2 0 0 0 0 0
0 0 21 0 0 0 0 0 1 0 0 0 0 0 0 0 0 0 0 0 0 0 6 0 0 0 1 0 1 0 0 13 1 0 40 41 0 0 0 36 6
30 0 0 7 8 0 0 0 0 0 0 0 0 0 0 0 0 0 0 0 0 0 0 0 0 0 0 7 0 0 0 3 0 0 0 2 0 0 0 0 0
0 0 19 0 0 0 0 0 1 0 0 0 0 0 0 0 0 0 0 0 0 0 5 0 0 0 1 0 0 0 0 14 0 0 39 40 0 0 0 37 6
7 0 7 4 0 0 0 0 0 0 0 0 0 0 0 0 0 0 0 0 0 0 0 0 0 0 0 4 0 0 0 14 0 0 29 34 0 0 0 32 4
55 0 0 5 16 0 0 0 0 1 0 0 0 0 0 0 5 0 0 4 5 0 0 0 0 8 0 10 0 0 0 0 1 0 0 0 0 3 0 0 0
27 0 0 6 6 0 0 0 0 0 0 0 0 0 0 0 0 0 0 0 0 0 0 0 0 1 0 7 0 0 0 3 0 0 0 5 0 0 0 2 0
0 0 11 2 0 0 0 0 0 0 0 0 0 0 0 0 0 0 0 0 0 0 0 0 0 0 0 1 0 0 0 16 0 0 39 43 0 0 0 40 5
0 0 9 3 0 0 0 0 0 0 0 0 0 0 0 0 0 0 0 0 0 0 0 0 0 0 0 1 0 0 0 15 0 0 36 39 0 0 0 37 4
28 0 0 7 7 0 0 0 0 0 0 0 0 0 0 0 0 0 0 0 0 0 0 0 0 1 0 7 0 0 0 1 0 0 0 1 0 0 0 0 0
19 0 2 6 4 0 0 0 0 0 0 0 0 0 0 0 0 0 0 0 0 0 0 0 0 0 0 6 0 0 0 9 0 0 15 21 0 0 0 17 2
0 0 12 0 0 0 0 0 0 0 0 0 0 0 0 0 0 0 0 0 0 0 2 0 0 0 0 0 0 0 0 16 0 0 41 43 0 0 0 41 5
0 0 12 0 0 0 0 0 0 0 0 0 0 0 0 0 0 0 0 0 0 0 1 0 0 0 0 0 0 0 0 16 0 0 42 43 0 0 0 41 5
49 0 0 6 14 0 0 0 0 1 0 0 0 0 0 0 3 0 0 2 4 0 0 0 0 6 0 10 0 0 0 0 1 0 0 0 0 2 0 0 0
23 0 2 6 4 0 0 0 0 0 0 0 0 0 0 0 0 0 0 0 0 0 0 0 0 0 0 6 0 0 0 7 0 0 12 17 0 0 0 14 1
0 0 14 0 0 0 0 0 0 0 0 0 0 0 0 0 0 0 0 0 0 0 2 0 0 0 0 0 0 0 0 15 0 0 42 43 0 0 0 41 5
0 0 21 0 0 0 0 0 1 0 0 0 0 0 0 0 0 0 0 0 0 0 6 0 0 0 1 0 1 0 0 14 0 0 39 40 0 0 0 36 6
0 0 21 0 0 0 0 0 2 0 0 0 0 0 0 0 0 0 0 0 0 0 6 0 0 0 1 0 1 0 0 12 0 0 39 40 0 0 0 36 6
0 0 15 0 0 0 0 0 0 0 0 0 0 0 0 0 0 0 0 0 0 0 3 0 0 0 0 0 0 0 0 15 0 0 42 43 0 0 0 41 5
0 0 11 2 0 0 0 0 0 0 0 0 0 0 0 0 0 0 0 0 0 0 0 0 0 0 0 1 0 0 0 17 0 0 40 43 0 0 0 41 5
0 0 16 0 0 0 0 0 0 0 0 0 0 0 0 0 0 0 0 0 0 0 3 0 0 0 0 0 0 0 0 15 0 0 41 42 0 0 0 40 5
0 0 25 0 0 0 0 0 2 0 1 0 0 0 0 0 0 0 0 0 0 0 8 0 1 0 2 0 2 0 0 13 2 0 39 40 0 1 0 35 6
0 0 25 0 0 0 0 0 2 0 1 0 0 0 0 0 0 0 0 0 0 0 8 0 1 0 1 0 3 0 0 13 2 0 39 40 0 1 0 34 6
50 0 0 6 14 0 0 0 0 1 0 0 0 0 0 0 3 0 0 3 4 0 0 0 0 6 0 10 0 0 0 0 1 0 0 0 0 2 0 0 0
26 0 0 7 6 0 0 0 0 0 0 0 0 0 0 0 0 0 0 0 0 0 0 0 0 0 0 7 0 0 0 6 0 0 8 13 0 0 0 9 1
6 0 7 4 0 0 0 0 0 0 0 0 0 0 0 0 0 0 0 0 0 0 0 0 0 0 0 4 0 0 0 13 0 0 29 33 0 0 0 31 4
0 0 16 0 0 0 0 0 0 0 0 0 0 0 0 0 0 0 0 0 0 0 3 0 0 0 1 0 0 0 0 14 0 0 40 41 0 0 0 38 5
0 0 22 0 0 0 0 0 2 0 1 0 0 0 0 0 0 0 0 0 0 0 6 0 0 0 2 0 1 0 0 13 1 0 39 40 0 0 0 36 6
15 0 3 5 2 0 0 0 0 0 0 0 0 0 0 0 0 0 0 0 0 0 0 0 0 0 0 4 0 0 0 9 0 0 18 23 0 0 0 20 2
15 0 5 6 2 0 0 0 0 0 0 0 0 0 0 0 0 0 0 0 0 0 0 0 0 0 0 5 0 0 0 12 0 0 23 28 0 0 0 25 3
0 0 17 0 0 0 0 0 1 0 0 0 0 0 0 0 0 0 0 0 0 0 4 0 0 0 1 0 0 0 0 14 0 0 39 41 0 0 0 38 5
37 0 0 7 10 0 0 0 0 0 0 0 0 0 0 0 0 0 0 0 2 0 0 0 0 3 0 8 0 0 0 0 0 0 0 0 0 0 0 0 0
0 0 17 0 0 0 0 0 0 0 0 0 0 0 0 0 0 0 0 0 0 0 4 0 0 0 1 0 0 0 0 13 0 0 40 41 0 0 0 38 5
0 0 23 0 0 0 0 0 2 0 1 0 0 0 0 0 0 0 0 0 0 0 7 0 0 0 2 0 2 0 0 13 1 0 38 40 0 0 0 35 6
31 0 0 7 8 0 0 0 0 0 0 0 0 0 0 0 0 0 0 0 0 0 0 0 0 1 0 7 0 0 0 1 0 0 0 0 0 0 0 0 0
29 0 0 7 7 0 0 0 0 0 0 0 0 0 0 0 0 0 0 0 0 0 0 0 0 0 0 7 0 0 0 3 0 0 0 4 0 0 0 1 0
0 0 19 0 0 0 0 0 1 0 0 0 0 0 0 0 0 0 0 0 0 0 5 0 0 0 1 0 0 0 0 13 0 0 40 41 0 0 0 37 6
0 0 12 1 0 0 0 0 0 0 0 0 0 0 0 0 0 0 0 0 0 0 0 0 0 0 0 0 0 0 0 15 0 0 38 41 0 0 0 39 5
0 0 17 0 0 0 0 0 0 0 0 0 0 0 0 0 0 0 0 0 0 0 4 0 0 0 1 0 0 0 0 14 0 0 40 42 0 0 0 38 5
60 0 0 5 18 0 0 0 0 1 0 0 0 0 0 0 5 0 0 5 7 0 0 0 0 10 0 11 0 0 0 0 1 0 0 0 0 3 0 0 0
0 0 16 0 0 0 0 0 0 0 0 0 0 0 0 0 0 0 0 0 0 0 3 0 0 0 1 0 0 0 0 14 0 0 40 42 0 0 0 39 5
0 0 16 0 0 0 0 0 0 0 0 0 0 0 0 0 0 0 0 0 0 0 3 0 0 0 1 0 0 0 0 15 0 0 41 42 0 0 0 40 5
30 0 0 7 7 0 0 0 0 0 0 0 0 0 0 0 0 0 0 0 0 0 0 0 0 0 0 7 0 0 0 2 0 0 0 2 0 0 0 0 0
33 0 0 7 9 0 0 0 0 0 0 0 0 0 0 0 0 0 0 0 1 0 0 0 0 2 0 7 0 0 0 0 0 0 0 0 0 0 0 0 0
58 0 0 5 17 0 0 0 0 1 0 0 0 0 0 0 5 0 0 5 6 0 0 0 0 9 0 11 0 0 0 0 1 0 0 0 0 3 0 0 0
0 0 12 1 0 0 0 0 0 0 0 0 0 0 0 0 0 0 0 0 0 0 0 0 0 0 0 0 0 0 0 16 0 0 40 42 0 0 0 41 5
0 0 17 0 0 0 0 0 0 0 0 0 0 0 0 0 0 0 0 0 0 0 4 0 0 0 0 0 0 0 0 14 0 0 42 43 0 0 0 40 5
0 0 21 0 0 0 0 0 1 0 0 0 0 0 0 0 0 0 0 0 0 0 6 0 0 0 1 0 1 0 0 13 1 0 38 39 0 0 0 35 6
29 0 0 7 7 0 0 0 0 0 0 0 0 0 0 0 0 0 0 0 1 0 0 0 0 1 0 7 0 0 0 2 0 0 0 3 0 0 0 0 0
0 0 13 0 0 0 0 0 0 0 0 0 0 0 0 0 0 0 0 0 0 0 1 0 0 0 0 0 0 0 0 15 0 0 39 41 0 0 0 40 5
0 0 17 0 0 0 0 0 0 0 0 0 0 0 0 0 0 0 0 0 0 0 4 0 0 0 1 0 0 0 0 14 0 0 40 41 0 0 0 38 5
0 0 20 0 0 0 0 0 1 0 0 0 0 0 0 0 0 0 0 0 0 0 6 0 0 0 1 0 1 0 0 14 0 0 40 41 0 0 0 37 6
33 0 0 7 9 0 0 0 0 0 0 0 0 0 0 0 0 0 0 0 1 0 0 0 0 2 0 8 0 0 0 0 0 0 0 0 0 0 0 0 0
34 0 0 7 9 0 0 0 0 0 0 0 0 0 0 0 0 0 0 0 1 0 0 0 0 1 0 8 0 0 0 0 0 0 0 0 0 0 0 0 0
0 0 21 0 0 0 0 0 1 0 0 0 0 0 0 0 0 0 0 0 0 0 6 0 0 0 1 0 1 0 0 13 0 0 39 40 0 0 0 36 6
27 0 0 7 6 0 0 0 0 0 0 0 0 0 0 0 0 0 0 0 0 0 0 0 0 0 0 7 0 0 0 3 0 0 0 5 0 0 0 1 0
0 0 12 0 0 0 0 0 0 0 0 0 0 0 0 0 0 0 0 0 0 0 1 0 0 0 0 0 0 0 0 15 0 0 40 42 0 0 0 40 5
51 0 0 6 14 0 0 0 0 1 0 0 0 0 0 0 3 0 0 3 4 0 0 0 0 7 0 10 0 0 0 0 1 0 0 0 0 2 0 0 0
31 0 0 7 8 0 0 0 0 0 0 0 0 0 0 0 0 0 0 0 1 0 0 0 0 1 0 7 0 0 0 2 0 0 0 2 0 0 0 0 0
39 0 0 7 11 0 0 0 0 0 0 0 0 0 0 0 0 0 0 0 2 0 0 0 0 3 0 8 0 0 0 0 0 0 0 0 0 1 0 0 0
47 0 0 6 13 0 0 0 0 1 0 0 0 0 0 0 3 0 0 2 4 0 0 0 0 6 0 9 0 0 0 0 1 0 0 0 0 2 0 0 0
33 0 0 7 9 0 0 0 0 0 0 0 0 0 0 0 0 0 0 0 1 0 0 0 0 1 0 8 0 0 0 1 0 0 0 0 0 0 0 0 0
58 0 0 5 17 0 0 0 0 1 0 0 0 0 0 0 5 0 0 5 6 0 0 0 0 9 0 11 0 0 0 0 1 1 0 0 0 3 0 0 0
0 0 11 2 0 0 0 0 0 0 0 0 0 0 0 0 0 0 0 0 0 0 0 0 0 0 0 0 0 0 0 16 0 0 40 43 0 0 0 40 5
0 0 10 1 0 0 0 0 0 0 0 0 0 0 0 0 0 0 0 0 0 0 0 0 0 0 0 0 0 0 0 16 0 0 39 42 0 0 0 40 5
0 0 12 1 0 0 0 0 0 0 0 0 0 0 0 0 0 0 0 0 0 0 1 0 0 0 0 0 0 0 0 16 0 0 42 43 0 0 0 42 5
0 0 18 0 0 0 0 0 1 0 0 0 0 0 0 0 0 0 0 0 0 0 5 0 0 0 1 0 1 0 0 13 0 0 40 41 0 0 0 37 6
0 0 18 0 0 0 0 0 1 0 0 0 0 0 0 0 0 0 0 0 0 0 4 0 0 0 1 0 0 0 0 14 0 0 40 41 0 0 0 39 6
0 0 14 0 0 0 0 0 0 0 0 0 0 0 0 0 0 0 0 0 0 0 2 0 0 0 0 0 0 0 0 15 0 0 41 42 0 0 0 40 5
55 0 0 5 16 0 0 0 0 1 0 0 0 0 0 0 4 0 0 4 5 0 0 0 0 8 0 10 0 0 0 0 1 0 0 0 0 3 0 0 0
0 0 10 3 0 0 0 0 0 0 0 0 0 0 0 0 0 0 0 0 0 0 0 0 0 0 0 2 0 0 0 16 0 0 36 40 0 0 0 38 4
39 0 0 7 11 0 0 0 0 0 0 0 0 0 0 0 0 0 0 0 2 0 0 0 0 3 0 8 0 0 0 0 0 0 0 0 0 1 0 0 0
0 0 18 0 0 0 0 0 1 0 0 0 0 0 0 0 0 0 0 0 0 0 4 0 0 0 1 0 0 0 0 13 0 0 39 40 0 0 0 37 5
0 0 23 0 0 0 0 0 2 0 0 0 0 0 0 0 0 0 0 0 0 0 7 0 0 0 1 0 2 0 0 13 1 0 39 40 0 0 0 35 6
5 0 7 4 0 0 0 0 0 0 0 0 0 0 0 0 0 0 0 0 0 0 0 0 0 0 0 3 0 0 0 13 0 0 28 33 0 0 0 31 4
0 0 21 0 0 0 0 0 1 0 0 0 0 0 0 0 0 0 0 0 0 0 6 0 0 0 1 0 1 0 0 14 0 0 40 40 0 0 0 37 6
18 0 1 6 4 0 0 0 0 0 0 0 0 0 0 0 0 0 0 0 0 0 0 0 0 0 0 6 0 0 0 9 0 0 13 17 0 0 0 15 1
0 0 11 2 0 0 0 0 0 0 0 0 0 0 0 0 0 0 0 0 0 0 0 0 0 0 0 1 0 0 0 16 0 0 39 42 0 0 0 40 5
0 0 11 2 0 0 0 0 0 0 0 0 0 0 0 0 0 0 0 0 0 0 0 0 0 0 0 0 0 0 0 16 0 0 39 42 0 0 0 40 5
8 0 6 5 0 0 0 0 0 0 0 0 0 0 0 0 0 0 0 0 0 0 0 0 0 0 0 4 0 0 0 13 0 0 27 32 0 0 0 29 3
0 0 14 0 0 0 0 0 0 0 0 0 0 0 0 0 0 0 0 0 0 0 2 0 0 0 0 0 0 0 0 15 0 0 41 42 0 0 0 40 5
0 0 13 0 0 0 0 0 0 0 0 0 0 0 0 0 0 0 0 0 0 0 1 0 0 0 0 0 0 0 0 15 0 0 39 42 0 0 0 39 5
0 0 15 0 0 0 0 0 0 0 0 0 0 0 0 0 0 0 0 0 0 0 2 0 0 0 0 0 0 0 0 16 0 0 42 43 0 0 0 41 5
0 0 14 0 0 0 0 0 0 0 0 0 0 0 0 0 0 0 0 0 0 0 2 0 0 0 0 0 0 0 0 15 0 0 41 42 0 0 0 40 5
0 0 19 0 0 0 0 0 1 0 0 0 0 0 0 0 0 0 0 0 0 0 5 0 0 0 1 0 1 0 0 13 0 0 39 41 0 0 0 37 6
31 0 0 7 8 0 0 0 0 0 0 0 0 0 0 0 0 0 0 0 1 0 0 0 0 1 0 7 0 0 0 0 0 0 0 0 0 0 0 0 0
0 0 8 3 0 0 0 0 0 0 0 0 0 0 0 0 0 0 0 0 0 0 0 0 0 0 0 2 0 0 0 15 0 0 35 39 0 0 0 37 4
0 0 10 1 0 0 0 0 0 0 0 0 0 0 0 0 0 0 0 0 0 0 0 0 0 0 0 0 0 0 0 16 0 0 38 41 0 0 0 39 5
0 0 13 0 0 0 0 0 0 0 0 0 0 0 0 0 0 0 0 0 0 0 1 0 0 0 0 0 0 0 0 15 0 0 40 42 0 0 0 40 5
0 0 16 0 0 0 0 0 0 0 0 0 0 0 0 0 0 0 0 0 0 0 3 0 0 0 0 0 0 0 0 15 0 0 40 42 0 0 0 39 5
0 0 13 0 0 0 0 0 0 0 0 0 0 0 0 0 0 0 0 0 0 0 1 0 0 0 0 0 0 0 0 16 0 0 41 43 0 0 0 41 5
0 0 9 4 0 0 0 0 0 0 0 0 0 0 0 0 0 0 0 0 0 0 0 0 0 0 0 3 0 0 0 16 0 0 36 40 0 0 0 38 4
37 0 0 8 10 0 0 0 0 0 0 0 0 0 0 0 0 0 0 0 1 0 0 0 0 2 0 8 0 0 0 0 0 0 0 0 0 0 0 0 0
37 0 0 7 10 0 0 0 0 0 0 0 0 0 0 0 0 0 0 0 2 0 0 0 0 3 0 8 0 0 0 0 0 0 0 0 0 0 0 0 0
0 0 15 0 0 0 0 0 0 0 0 0 0 0 0 0 0 0 0 0 0 0 2 0 0 0 1 0 0 0 0 14 0 0 40 42 0 0 0 39 5
6 0 7 4 0 0 0 0 0 0 0 0 0 0 0 0 0 0 0 0 0 0 0 0 0 0 0 3 0 0 0 13 0 0 30 34 0 0 0 31 4
44 0 0 7 12 0 0 0 0 1 0 0 0 0 0 0 2 0 0 2 3 0 0 0 0 5 0 9 0 0 0 0 0 0 0 0 0 1 0 0 0
25 0 2 7 5 0 0 0 0 0 0 0 0 0 0 0 0 0 0 0 0 0 0 0 0 0 0 7 0 0 0 7 0 0 10 16 0 0 0 13 1
32 0 0 7 8 0 0 0 0 0 0 0 0 0 0 0 0 0 0 0 1 0 0 0 0 1 0 7 0 0 0 0 0 0 0 0 0 0 0 0 0
31 0 0 7 8 0 0 0 0 0 0 0 0 0 0 0 0 0 0 0 1 0 0 0 0 1 0 7 0 0 0 1 0 0 0 0 0 0 0 0 0
0 0 11 2 0 0 0 0 0 0 0 0 0 0 0 0 0 0 0 0 0 0 0 0 0 0 0 1 0 0 0 16 0 0 39 42 0 0 0 40 5
0 0 10 3 0 0 0 0 0 0 0 0 0 0 0 0 0 0 0 0 0 0 0 0 0 0 0 2 0 0 0 16 0 0 38 42 0 0 0 40 4
42 0 0 7 11 0 0 0 0 0 0 0 0 0 0 0 1 0 0 1 3 0 0 0 0 4 0 8 0 0 0 0 0 0 0 0 0 1 0 0 0
14 0 4 5 1 0 0 0 0 0 0 0 0 0 0 0 0 0 0 0 0 0 0 0 0 0 0 4 0 0 0 10 0 0 19 25 0 0 0 21 3
70 0 0 4 22 0 0 0 0 2 0 0 0 0 0 0 7 0 0 8 9 0 0 0 0 13 0 12 0 0 0 0 1 1 0 0 0 4 0 0 0
0 0 16 0 0 0 0 0 0 0 0 0 0 0 0 0 0 0 0 0 0 0 3 0 0 0 1 0 0 0 0 14 0 0 39 41 0 0 0 38 5
0 0 13 0 0 0 0 0 0 0 0 0 0 0 0 0 0 0 0 0 0 0 2 0 0 0 0 0 0 0 0 15 0 0 38 40 0 0 0 38 5
