0 0 0 0 0 0 0 8 0 0 0 0 0 0 0 0 0 0 10 0 0 0 0 40 0 0 0 0 0 0 0 4 36 2 0 66 0 0 0 0 0
0 0 0 0 0 0 0 8 0 0 0 0 0 0 0 0 0 0 9 0 0 0 0 38 0 0 0 0 0 0 0 2 15 0 0 56 0 0 0 0 0
0 0 0 0 0 0 0 6 0 0 0 0 0 0 0 0 0 0 12 0 0 0 5 44 0 0 0 0 0 0 0 10 95 14 0 87 0 0 0 0 0
0 0 0 0 0 0 0 10 0 0 0 0 0 0 0 0 0 0 13 0 0 0 1 50 0 0 0 0 0 0 0 8 79 10 0 92 0 0 0 0 0
0 0 0 0 0 0 0 10 0 0 0 0 0 0 0 0 0 0 12 0 0 0 0 48 0 0 0 0 0 0 0 10 64 8 0 85 0 0 0 0 0
0 0 0 0 0 0 0 2 0 0 0 0 0 0 0 0 0 0 9 0 0 0 7 35 0 0 0 0 0 0 0 9 91 14 0 71 0 0 0 0 0
0 0 0 0 0 0 0 3 0 0 0 0 0 0 0 0 0 0 10 0 0 0 7 37 0 0 0 0 0 0 0 9 92 14 0 75 0 0 0 0 0
0 0 0 0 0 0 0 8 0 0 0 0 0 0 0 0 0 0 9 0 0 0 0 39 0 0 0 0 0 0 0 2 16 0 0 57 0 0 0 0 0
0 0 0 0 0 0 0 8 0 0 0 0 0 0 0 0 0 0 10 0 0 0 0 38 0 0 0 0 0 0 0 3 25 0 0 61 0 0 0 0 0
0 0 0 0 0 0 0 11 0 0 0 0 0 0 0 0 0 0 13 0 0 0 0 50 0 0 0 0 0 0 0 7 64 7 0 88 0 0 0 0 0
0 0 0 0 0 0 0 0 0 0 0 0 0 0 0 0 0 0 7 0 0 0 8 27 0 0 0 0 0 0 1 8 87 14 0 59 0 0 0 0 0
0 0 0 0 0 0 0 0 0 0 0 0 0 0 0 0 0 0 8 0 0 0 9 29 0 0 0 0 0 0 0 8 88 14 0 62 0 0 0 0 0
0 0 0 0 0 0 0 2 0 0 0 0 0 0 0 0 0 0 10 0 0 0 6 39 0 0 0 0 0 0 0 9 91 13 0 77 0 0 0 0 0
0 0 0 0 0 0 0 11 0 0 0 0 0 0 0 0 0 0 14 0 0 0 1 51 0 0 0 0 0 0 0 9 79 10 0 95 0 0 0 0 0
0 0 0 0 0 0 0 5 0 0 0 0 0 0 0 0 0 0 12 0 0 0 4 44 0 0 0 0 0 0 0 9 93 13 0 87 0 0 0 0 0
0 0 0 0 0 0 0 2 0 0 0 0 0 0 0 0 0 0 9 0 0 0 7 34 0 0 0 0 0 0 0 9 90 14 0 69 0 0 0 0 0
0 0 0 0 0 0 0 9 0 0 0 0 0 0 0 0 0 0 10 0 0 0 0 40 0 0 0 0 0 0 0 5 28 1 0 65 0 0 0 0 0
0 0 0 0 0 0 0 10 0 0 0 0 0 0 0 0 0 0 11 0 0 0 0 42 0 0 0 0 0 0 0 5 35 2 0 70 0 0 0 0 0
0 0 0 0 0 0 0 8 0 0 0 0 0 0 0 0 0 0 9 0 0 0 0 38 0 0 0 0 0 0 0 2 14 0 0 54 0 0 0 0 0
0 0 0 0 0 0 0 7 0 0 0 0 0 0 0 0 0 0 12 0 0 0 1 46 0 0 0 0 0 0 0 8 73 9 0 85 0 0 0 0 0
0 0 0 0 0 0 0 9 0 0 0 0 0 0 0 0 0 0 13 0 0 0 2 48 0 0 0 0 0 0 0 9 83 11 0 91 0 0 0 0 0
0 0 0 0 0 0 0 3 0 0 0 0 0 0 0 0 0 0 11 0 0 0 5 41 0 0 0 0 0 0 0 9 92 13 0 80 0 0 0 0 0
0 0 0 0 0 0 0 9 0 0 0 0 0 0 0 0 0 0 13 0 0 0 0 48 0 0 0 0 0 0 0 7 67 7 0 88 0 0 0 0 0
0 0 0 0 0 0 0 9 0 0 0 0 0 0 0 0 0 0 10 0 0 0 0 40 0 0 0 0 0 0 0 3 19 0 0 60 0 0 0 0 0
0 0 0 0 0 0 0 10 0 0 0 0 0 0 0 0 0 0 11 0 0 0 0 44 0 0 0 0 0 0 0 6 50 4 0 77 0 0 0 0 0
0 0 0 0 0 0 0 8 0 0 0 0 0 0 0 0 0 0 9 0 0 0 0 36 0 0 0 0 0 0 0 3 17 0 0 54 0 0 0 0 0
0 0 0 0 0 0 0 4 0 0 0 0 0 0 0 0 0 0 10 0 0 0 6 38 0 0 0 0 0 0 0 9 92 14 0 76 0 0 0 0 0
0 0 0 1 0 0 0 7 0 0 0 0 0 0 0 0 0 0 9 0 0 0 0 38 0 0 0 0 0 0 0 2 5 0 0 51 0 0 0 0 0
0 0 0 0 0 0 0 1 0 0 0 0 0 0 0 0 0 0 9 0 0 0 8 33 0 0 0 0 0 0 0 9 91 15 0 69 0 0 0 0 0
0 0 0 0 0 0 0 8 0 0 0 0 0 0 0 0 0 0 9 0 0 0 0 39 0 0 0 0 0 0 0 3 13 0 0 56 0 0 0 0 0
