0 0 0 0 0 0 0 1 0 0 0 0 0 0 0 0 0 0 0 0 0 0 43 43 0 0 0 0 1 0 0 141 43 0 0 17 0 0 0 0 0 0
0 0 0 0 0 0 0 1 0 0 0 0 0 0 0 0 0 0 0 0 0 0 69 69 0 0 0 0 1 0 0 141 36 0 0 15 0 0 0 0 0 0
0 0 0 0 0 0 0 1 0 0 0 0 0 0 0 0 0 0 0 0 0 0 15 15 0 0 0 0 1 0 0 141 82 0 0 33 0 0 0 0 0 0
0 0 0 0 0 0 0 1 0 0 0 0 0 0 0 0 0 0 0 0 0 0 22 21 0 0 0 0 1 0 0 141 21 0 1 9 0 0 0 1 0 0
0 0 0 0 0 0 0 1 0 0 0 0 0 0 0 0 0 0 0 0 0 0 65 65 0 0 0 0 1 0 0 141 65 0 41 26 0 0 0 1 0 0
0 0 0 0 0 0 0 1 0 0 0 0 0 0 0 0 0 0 0 0 0 0 15 15 0 0 0 0 1 0 0 141 113 0 32 45 0 0 0 0 0 0
0 0 0 0 0 0 0 1 0 0 0 0 0 0 0 0 0 0 0 0 0 0 81 81 0 0 0 0 1 0 0 141 81 0 3 32 0 0 0 0 0 0
0 0 0 0 0 0 0 1 0 0 0 0 0 0 0 0 0 0 0 0 0 0 70 70 0 0 0 0 1 0 0 64 70 1 2 50 0 0 0 0 0 0
0 0 0 0 0 0 0 1 0 0 0 0 0 0 0 0 0 0 0 0 0 0 40 40 0 0 0 0 1 0 0 141 7 0 0 3 0 0 0 0 0 0
0 0 0 0 0 0 0 1 0 0 0 0 0 0 0 0 0 0 0 0 0 0 62 62 0 0 0 0 1 0 0 57 62 0 2 47 0 0 0 0 0 0
0 0 0 0 0 0 0 1 0 0 0 0 0 0 0 0 0 0 0 0 0 0 22 22 0 0 0 0 1 0 0 112 22 0 4 10 0 0 0 0 0 0
0 0 0 0 0 0 0 1 0 0 0 0 0 0 0 0 0 0 0 0 0 0 13 13 0 0 0 0 1 0 0 141 111 0 33 45 0 0 0 0 0 0
0 0 0 0 0 0 0 1 0 0 0 0 0 0 0 0 0 0 0 0 0 0 72 72 0 0 0 0 1 0 0 141 72 0 0 29 0 0 0 0 0 0
0 0 0 0 0 0 0 1 0 0 0 0 0 0 0 0 0 0 0 0 0 0 59 58 0 0 0 0 1 0 0 141 58 0 1 23 0 0 0 1 0 0
0 0 0 0 0 0 0 1 0 0 0 0 0 0 0 0 0 0 0 0 0 0 60 60 0 0 0 0 1 0 0 141 60 0 0 24 0 0 0 0 0 0
0 0 0 0 0 0 0 1 0 0 0 0 0 0 0 0 0 0 0 0 0 0 71 70 0 0 0 0 1 0 0 141 70 0 0 28 0 0 0 0 0 0
0 0 0 0 0 0 0 1 0 0 0 0 0 0 0 0 0 0 0 0 0 0 31 31 0 0 0 0 1 0 0 131 31 0 44 13 0 0 0 1 0 0
0 0 0 0 0 0 0 1 0 0 0 0 0 0 0 0 0 0 0 0 0 0 8 8 0 0 0 0 1 0 0 8 8 0 4 11 0 0 0 0 0 0
0 0 0 0 0 0 0 1 0 0 0 0 0 0 0 0 0 0 0 0 0 0 91 91 0 0 0 0 1 0 0 141 91 0 3 36 0 0 0 0 0 0
0 0 0 0 0 0 0 1 0 0 0 0 0 0 0 0 0 0 0 0 0 0 94 94 0 0 0 0 1 0 0 141 94 0 1 37 0 0 0 0 0 0
0 0 0 0 0 0 0 1 0 0 0 0 0 0 0 0 0 0 0 0 0 0 136 39 1 0 0 0 0 0 0 141 39 0 62 16 0 0 0 1 0 0
0 0 0 0 0 0 0 1 0 0 0 0 0 0 0 0 0 0 0 0 0 0 40 40 0 0 0 0 1 0 0 141 137 1 22 55 0 0 0 0 0 0
0 0 0 0 0 0 0 1 0 0 0 0 0 0 0 0 0 0 0 0 0 0 88 88 0 0 0 0 1 0 0 141 88 0 1 35 0 0 0 0 0 0
0 0 0 0 0 0 0 1 0 0 0 0 0 0 0 0 0 0 0 0 0 0 55 55 0 0 0 0 1 0 0 141 152 1 16 61 0 0 0 0 0 0
0 0 0 0 0 0 0 1 0 0 0 0 0 0 0 0 0 0 0 0 0 0 16 16 0 0 0 0 1 0 0 141 16 0 0 7 0 0 0 0 0 0
0 0 0 0 0 0 0 1 0 0 0 0 0 0 0 0 0 0 0 0 0 0 47 47 0 0 0 0 1 0 0 141 47 0 1 19 0 0 0 0 0 0
0 0 0 0 0 0 0 1 0 0 0 0 0 0 0 0 0 0 0 0 0 0 178 84 1 0 0 0 0 0 0 141 84 0 44 33 0 0 0 1 0 0
0 0 0 0 0 0 0 1 0 0 0 0 0 0 0 0 0 0 0 0 0 0 61 61 0 0 0 0 1 0 0 141 61 0 1 24 0 0 0 0 0 0
0 0 0 0 0 0 0 1 0 0 0 0 0 0 0 0 0 0 0 0 0 0 10 10 0 0 0 0 1 0 0 141 10 0 0 4 0 0 0 0 0 0
0 0 0 0 0 0 0 1 0 0 0 0 0 0 0 0 0 0 0 0 0 0 38 37 0 0 0 0 1 0 0 141 37 0 1 15 0 0 0 1 0 0
0 0 0 0 0 0 0 1 0 0 0 0 0 0 0 0 0 0 0 0 0 0 93 91 0 0 0 0 1 0 0 141 91 0 1 36 0 0 0 0 0 0
0 0 0 0 0 0 0 1 0 0 0 0 0 0 0 0 0 0 0 0 0 0 87 87 0 0 0 0 1 0 0 141 87 0 41 35 0 0 0 1 0 0
0 0 0 0 0 0 0 1 0 0 0 0 0 0 0 0 0 0 0 0 0 0 185 92 1 0 0 0 0 0 0 141 92 0 41 36 0 0 0 1 0 0
0 0 0 0 0 0 0 1 0 0 0 0 0 0 0 0 0 0 0 0 0 0 73 73 0 0 0 0 1 0 0 141 40 0 0 16 0 0 0 0 0 0
0 0 0 0 0 0 0 1 0 0 0 0 0 0 0 0 0 0 0 0 0 0 11 11 0 0 0 0 1 0 0 141 11 0 0 5 0 0 0 0 0 0
0 0 0 0 0 0 0 1 0 0 0 0 0 0 0 0 0 0 0 0 0 0 68 67 0 0 0 0 1 0 0 141 67 0 0 27 0 0 0 0 0 0
0 0 0 0 0 0 0 1 0 0 0 0 0 0 0 0 0 0 0 0 0 0 15 15 0 0 0 0 1 0 0 105 15 0 4 7 0 0 0 0 0 0
0 0 0 0 0 0 0 1 0 0 0 0 0 0 0 0 0 0 0 0 0 0 9 9 0 0 0 0 1 0 0 141 9 0 0 4 0 0 0 0 0 0
0 0 0 0 0 0 0 1 0 0 0 0 0 0 0 0 0 0 0 0 0 0 80 80 0 0 0 0 1 0 0 74 80 1 2 53 0 0 0 0 0 0
0 0 0 0 0 0 0 1 0 0 0 0 0 0 0 0 0 0 0 0 0 0 96 94 0 0 0 0 1 0 0 141 94 0 1 37 0 0 0 0 0 0
0 0 0 0 0 0 0 1 0 0 0 0 0 0 0 0 0 0 0 0 0 0 55 54 0 0 0 0 1 0 0 141 54 0 1 22 0 0 0 1 0 0
0 0 0 0 0 0 0 1 0 0 0 0 0 0 0 0 0 0 0 0 0 0 43 43 0 0 0 0 1 0 0 141 43 0 41 17 0 0 0 1 0 0
0 0 0 0 0 0 0 1 0 0 0 0 0 0 0 0 0 0 0 0 0 0 12 12 0 0 0 0 1 0 0 141 12 0 0 5 0 0 0 0 0 0
0 0 0 0 0 0 0 1 0 0 0 0 0 0 0 0 0 0 0 0 0 0 47 47 0 0 0 0 1 0 0 141 47 0 0 19 0 0 0 0 0 0
0 0 0 0 0 0 0 1 0 0 0 0 0 0 0 0 0 0 0 0 0 0 17 17 0 0 0 0 1 0 0 17 17 0 3 20 0 0 0 0 0 0
0 0 0 0 0 0 0 1 0 0 0 0 0 0 0 0 0 0 0 0 0 0 96 96 0 0 0 0 1 0 0 141 96 0 1 38 0 0 0 0 0 0
0 0 0 0 0 0 0 1 0 0 0 0 0 0 0 0 0 0 0 0 0 0 82 81 0 0 0 0 1 0 0 141 81 0 0 32 0 0 0 0 0 0
0 0 0 0 0 0 0 1 0 0 0 0 0 0 0 0 0 0 0 0 0 0 28 28 0 0 0 0 1 0 0 27 28 0 3 29 0 0 0 0 0 0
0 0 0 0 0 0 0 1 0 0 0 0 0 0 0 0 0 0 0 0 0 0 41 41 0 0 0 0 1 0 0 39 41 0 3 37 0 0 0 0 0 0
0 0 0 0 0 0 0 1 0 0 0 0 0 0 0 0 0 0 0 0 0 0 28 28 0 0 0 0 1 0 0 118 28 0 4 12 0 0 0 0 0 0
0 0 0 0 0 0 0 1 0 0 0 0 0 0 0 0 0 0 0 0 0 0 27 27 0 0 0 0 1 0 0 127 27 0 45 12 0 0 0 1 0 0
0 0 0 0 0 0 0 1 0 0 0 0 0 0 0 0 0 0 0 0 0 0 79 79 0 0 0 0 1 0 0 141 173 1 7 71 0 0 0 0 0 0
0 0 0 0 0 0 0 1 0 0 0 0 0 0 0 0 0 0 0 0 0 0 37 37 0 0 0 0 1 0 0 127 37 0 4 16 0 0 0 0 0 0
0 0 0 0 0 0 0 0 0 0 0 0 0 0 0 0 0 0 0 0 0 0 0 0 0 0 0 0 1 0 0 100 0 0 53 0 0 0 0 1 0 0
0 0 0 0 0 0 0 1 0 0 0 0 0 0 0 0 0 0 0 0 0 0 68 68 0 0 0 0 1 0 0 141 68 0 3 27 0 0 0 0 0 0
0 0 0 0 0 0 0 1 0 0 0 0 0 0 0 0 0 0 0 0 0 0 27 27 0 0 0 0 1 0 0 141 94 0 0 37 0 0 0 0 0 0
0 0 0 0 0 0 0 1 0 0 0 0 0 0 0 0 0 0 0 0 0 0 47 47 0 0 0 0 1 0 0 141 14 0 0 6 0 0 0 0 0 0
0 0 0 0 0 0 0 1 0 0 0 0 0 0 0 0 0 0 0 0 0 0 69 69 0 0 0 0 1 0 0 141 69 0 1 27 0 0 0 0 0 0
0 0 0 0 0 0 0 1 0 0 0 0 0 0 0 0 0 0 0 0 0 0 80 80 0 0 0 0 1 0 0 141 80 0 41 32 0 0 0 1 0 0
0 0 0 0 0 0 0 1 0 0 0 0 0 0 0 0 0 0 0 0 0 0 69 69 0 0 0 0 1 0 0 141 69 0 0 27 0 0 0 0 0 0
0 0 0 0 0 0 0 1 0 0 0 0 0 0 0 0 0 0 0 0 0 0 57 57 0 0 0 0 1 0 0 141 57 0 0 23 0 0 0 0 0 0
0 0 0 0 0 0 0 1 0 0 0 0 0 0 0 0 0 0 0 0 0 0 25 25 0 0 0 0 1 0 0 141 25 0 1 10 0 0 0 0 0 0
0 0 0 0 0 0 0 1 0 0 0 0 0 0 0 0 0 0 0 0 0 0 87 87 0 0 0 0 1 0 0 81 87 1 2 55 0 0 0 0 0 0
0 0 0 0 0 0 0 1 0 0 0 0 0 0 0 0 0 0 0 0 0 0 25 25 0 0 0 0 1 0 0 141 25 0 0 10 0 0 0 0 0 0
0 0 0 0 0 0 0 1 0 0 0 0 0 0 0 0 0 0 0 0 0 0 5 5 0 0 0 0 1 0 0 141 5 0 0 2 0 0 0 0 0 0
0 0 0 0 0 0 0 1 0 0 0 0 0 0 0 0 0 0 0 0 0 0 11 11 0 0 0 0 1 0 0 141 11 0 0 5 0 0 0 0 0 0
0 0 0 0 0 0 0 1 0 0 0 0 0 0 0 0 0 0 0 0 0 0 81 81 0 0 0 0 1 0 0 141 81 0 41 32 0 0 0 1 0 0
0 0 0 0 0 0 0 1 0 0 0 0 0 0 0 0 0 0 0 0 0 0 16 16 0 0 0 0 1 0 0 116 16 0 48 7 0 0 0 1 0 0
0 0 0 0 0 0 0 1 0 0 0 0 0 0 0 0 0 0 0 0 0 0 100 98 0 0 0 0 1 0 0 141 98 0 1 39 0 0 0 0 0 0
0 0 0 0 0 0 0 1 0 0 0 0 0 0 0 0 0 0 0 0 0 0 44 44 0 0 0 0 1 0 0 141 44 0 1 18 0 0 0 0 0 0
0 0 0 0 0 0 0 1 0 0 0 0 0 0 0 0 0 0 0 0 0 0 1 1 0 0 0 0 1 0 0 93 1 0 4 1 0 0 0 0 0 0
0 0 0 0 0 0 0 1 0 0 0 0 0 0 0 0 0 0 0 0 0 0 167 71 1 0 0 0 0 0 0 141 71 0 49 28 0 0 0 1 0 0
0 0 0 0 0 0 0 1 0 0 0 0 0 0 0 0 0 0 0 0 0 0 10 10 0 0 0 0 1 0 0 141 77 0 0 31 0 0 0 0 0 0
0 0 0 0 0 0 0 1 0 0 0 0 0 0 0 0 0 0 0 0 0 0 148 52 1 0 0 0 0 0 0 141 52 0 57 21 0 0 0 1 0 0
0 0 0 0 0 0 0 1 0 0 0 0 0 0 0 0 0 0 0 0 0 0 73 73 0 0 0 0 1 0 0 141 73 0 41 29 0 0 0 1 0 0
0 0 0 0 0 0 0 1 0 0 0 0 0 0 0 0 0 0 0 0 0 0 31 31 0 0 0 0 1 0 0 141 31 0 1 13 0 0 0 0 0 0
0 0 0 0 0 0 0 1 0 0 0 0 0 0 0 0 0 0 0 0 0 0 52 52 0 0 0 0 1 0 0 141 149 1 17 60 0 0 0 0 0 0
0 0 0 0 0 0 0 1 0 0 0 0 0 0 0 0 0 0 0 0 0 0 15 15 0 0 0 0 1 0 0 141 15 0 0 6 0 0 0 0 0 0
0 0 0 0 0 0 0 1 0 0 0 0 0 0 0 0 0 0 0 0 0 0 1 1 0 0 0 0 1 0 0 1 1 0 4 3 0 0 0 0 0 0
0 0 0 0 0 0 0 1 0 0 0 0 0 0 0 0 0 0 0 0 0 0 84 82 0 0 0 0 1 0 0 141 82 0 1 33 0 0 0 1 0 0
0 0 0 0 0 0 0 1 0 0 0 0 0 0 0 0 0 0 0 0 0 0 12 12 0 0 0 0 1 0 0 141 12 0 0 5 0 0 0 0 0 0
0 0 0 0 0 0 0 1 0 0 0 0 0 0 0 0 0 0 0 0 0 0 50 50 0 0 0 0 1 0 0 141 50 0 0 20 0 0 0 0 0 0
0 0 0 0 0 0 0 1 0 0 0 0 0 0 0 0 0 0 0 0 0 0 25 25 0 0 0 0 1 0 0 141 25 0 0 10 0 0 0 0 0 0
0 0 0 0 0 0 0 1 0 0 0 0 0 0 0 0 0 0 0 0 0 0 181 87 1 0 0 0 0 0 0 141 87 0 43 35 0 0 0 1 0 0
0 0 0 0 0 0 0 1 0 0 0 0 0 0 0 0 0 0 0 0 0 0 45 45 0 0 0 0 1 0 0 141 142 1 20 57 0 0 0 0 0 0
0 0 0 0 0 0 0 1 0 0 0 0 0 0 0 0 0 0 0 0 0 0 52 52 0 0 0 0 1 0 0 141 52 0 1 21 0 0 0 0 0 0
0 0 0 0 0 0 0 1 0 0 0 0 0 0 0 0 0 0 0 0 0 0 58 58 0 0 0 0 1 0 0 141 58 0 0 23 0 0 0 0 0 0
0 0 0 0 0 0 0 1 0 0 0 0 0 0 0 0 0 0 0 0 0 0 49 49 0 0 0 0 1 0 0 141 49 0 0 20 0 0 0 0 0 0
0 0 0 0 0 0 0 1 0 0 0 0 0 0 0 0 0 0 0 0 0 0 160 64 1 0 0 0 0 0 0 141 64 0 52 25 0 0 0 1 0 0
0 0 0 0 0 0 0 1 0 0 0 0 0 0 0 0 0 0 0 0 0 0 83 82 0 0 0 0 1 0 0 141 82 0 0 33 0 0 0 0 0 0
0 0 0 0 0 0 0 1 0 0 0 0 0 0 0 0 0 0 0 0 0 0 44 43 0 0 0 0 1 0 0 141 43 0 1 17 0 0 0 1 0 0
0 0 0 0 0 0 0 1 0 0 0 0 0 0 0 0 0 0 0 0 0 0 96 96 0 0 0 0 1 0 0 141 63 0 0 25 0 0 0 0 0 0
0 0 0 0 0 0 0 1 0 0 0 0 0 0 0 0 0 0 0 0 0 0 61 61 0 0 0 0 1 0 0 141 158 1 14 64 0 0 0 0 0 0
0 0 0 0 0 0 0 1 0 0 0 0 0 0 0 0 0 0 0 0 0 0 98 98 0 0 0 0 1 0 0 91 98 1 1 58 0 0 0 0 0 0
0 0 0 0 0 0 0 1 0 0 0 0 0 0 0 0 0 0 0 0 0 0 122 24 1 0 0 0 0 0 0 141 24 0 68 10 0 0 0 1 0 0
0 0 0 0 0 0 0 1 0 0 0 0 0 0 0 0 0 0 0 0 0 0 141 45 1 0 0 0 0 0 0 141 45 0 59 18 0 0 0 1 0 0
0 0 0 0 0 0 0 0 0 0 0 0 0 0 0 0 0 0 0 0 0 0 0 0 0 0 0 0 1 0 0 141 0 0 0 0 0 0 0 0 0 0
0 0 0 0 0 0 0 1 0 0 0 0 0 0 0 0 0 0 0 0 0 0 91 91 0 0 0 0 1 0 0 141 91 0 0 36 0 0 0 0 0 0
0 0 0 0 0 0 0 1 0 0 0 0 0 0 0 0 0 0 0 0 0 0 3 3 0 0 0 0 1 0 0 141 70 0 0 28 0 0 0 0 0 0
0 0 0 0 0 0 0 1 0 0 0 0 0 0 0 0 0 0 0 0 0 0 34 34 0 0 0 0 1 0 0 141 131 1 24 53 0 0 0 0 0 0
0 0 0 0 0 0 0 1 0 0 0 0 0 0 0 0 0 0 0 0 0 0 7 7 0 0 0 0 1 0 0 7 7 0 4 10 0 0 0 0 0 0
0 0 0 0 0 0 0 1 0 0 0 0 0 0 0 0 0 0 0 0 0 0 16 16 0 0 0 0 1 0 0 141 16 0 0 7 0 0 0 0 0 0
0 0 0 0 0 0 0 1 0 0 0 0 0 0 0 0 0 0 0 0 0 0 43 42 0 0 0 0 1 0 0 141 42 0 1 17 0 0 0 1 0 0
0 0 0 0 0 0 0 1 0 0 0 0 0 0 0 0 0 0 0 0 0 0 55 55 0 0 0 0 1 0 0 141 55 0 41 22 0 0 0 1 0 0
0 0 0 0 0 0 0 1 0 0 0 0 0 0 0 0 0 0 0 0 0 0 36 36 0 0 0 0 1 0 0 141 3 0 0 2 0 0 0 0 0 0
0 0 0 0 0 0 0 1 0 0 0 0 0 0 0 0 0 0 0 0 0 0 78 78 0 0 0 0 1 0 0 141 78 0 1 31 0 0 0 0 0 0
0 0 0 0 0 0 0 1 0 0 0 0 0 0 0 0 0 0 0 0 0 0 20 20 0 0 0 0 1 0 0 141 117 0 30 47 0 0 0 0 0 0
0 0 0 0 0 0 0 1 0 0 0 0 0 0 0 0 0 0 0 0 0 0 53 53 0 0 0 0 1 0 0 141 53 0 1 21 0 0 0 0 0 0
0 0 0 0 0 0 0 1 0 0 0 0 0 0 0 0 0 0 0 0 0 0 64 64 0 0 0 0 1 0 0 141 161 1 13 65 0 0 0 0 0 0
0 0 0 0 0 0 0 1 0 0 0 0 0 0 0 0 0 0 0 0 0 0 78 77 0 0 0 0 1 0 0 141 77 0 0 31 0 0 0 0 0 0
0 0 0 0 0 0 0 1 0 0 0 0 0 0 0 0 0 0 0 0 0 0 51 51 0 0 0 0 1 0 0 141 51 0 1 20 0 0 0 0 0 0
0 0 0 0 0 0 0 1 0 0 0 0 0 0 0 0 0 0 0 0 0 0 22 22 0 0 0 0 1 0 0 141 22 0 0 9 0 0 0 0 0 0
0 0 0 0 0 0 0 1 0 0 0 0 0 0 0 0 0 0 0 0 0 0 94 94 0 0 0 0 1 0 0 141 94 0 3 37 0 0 0 0 0 0
0 0 0 0 0 0 0 1 0 0 0 0 0 0 0 0 0 0 0 0 0 0 74 73 0 0 0 0 1 0 0 141 73 0 0 29 0 0 0 0 0 0
0 0 0 0 0 0 0 1 0 0 0 0 0 0 0 0 0 0 0 0 0 0 63 63 0 0 0 0 1 0 0 58 63 0 2 47 0 0 0 0 0 0
0 0 0 0 0 0 0 1 0 0 0 0 0 0 0 0 0 0 0 0 0 0 102 2 1 0 0 0 0 0 0 141 2 0 76 1 0 0 0 1 0 0
0 0 0 0 0 0 0 1 0 0 0 0 0 0 0 0 0 0 0 0 0 0 27 27 0 0 0 0 1 0 0 141 27 0 1 11 0 0 0 0 0 0
0 0 0 0 0 0 0 1 0 0 0 0 0 0 0 0 0 0 0 0 0 0 74 74 0 0 0 0 1 0 0 141 169 1 9 69 0 0 0 0 0 0
0 0 0 0 0 0 0 1 0 0 0 0 0 0 0 0 0 0 0 0 0 0 93 93 0 0 0 0 1 0 0 141 93 0 3 37 0 0 0 0 0 0
0 0 0 0 0 0 0 1 0 0 0 0 0 0 0 0 0 0 0 0 0 0 83 83 0 0 0 0 1 0 0 141 50 0 0 20 0 0 0 0 0 0
0 0 0 0 0 0 0 1 0 0 0 0 0 0 0 0 0 0 0 0 0 0 112 13 1 0 0 0 0 0 0 141 13 0 72 5 0 0 0 1 0 0
0 0 0 0 0 0 0 1 0 0 0 0 0 0 0 0 0 0 0 0 0 0 5 5 0 0 0 0 1 0 0 141 5 0 1 2 0 0 0 0 0 0
0 0 0 0 0 0 0 1 0 0 0 0 0 0 0 0 0 0 0 0 0 0 11 11 0 0 0 0 1 0 0 141 109 0 33 44 0 0 0 0 0 0
0 0 0 0 0 0 0 1 0 0 0 0 0 0 0 0 0 0 0 0 0 0 26 26 0 0 0 0 1 0 0 116 26 0 4 12 0 0 0 0 0 0
0 0 0 0 0 0 0 1 0 0 0 0 0 0 0 0 0 0 0 0 0 0 62 62 0 0 0 0 1 0 0 141 62 0 3 25 0 0 0 0 0 0
0 0 0 0 0 0 0 1 0 0 0 0 0 0 0 0 0 0 0 0 0 0 172 76 1 0 0 0 0 0 0 141 76 0 47 30 0 0 0 1 0 0
0 0 0 0 0 0 0 1 0 0 0 0 0 0 0 0 0 0 0 0 0 0 80 80 0 0 0 0 1 0 0 141 80 0 1 32 0 0 0 0 0 0
0 0 0 0 0 0 0 1 0 0 0 0 0 0 0 0 0 0 0 0 0 0 58 58 0 0 0 0 1 0 0 141 25 0 0 10 0 0 0 0 0 0
0 0 0 0 0 0 0 1 0 0 0 0 0 0 0 0 0 0 0 0 0 0 80 78 0 0 0 0 1 0 0 141 78 0 1 31 0 0 0 1 0 0
0 0 0 0 0 0 0 1 0 0 0 0 0 0 0 0 0 0 0 0 0 0 139 43 1 0 0 0 0 0 0 141 43 0 60 17 0 0 0 1 0 0
0 0 0 0 0 0 0 1 0 0 0 0 0 0 0 0 0 0 0 0 0 0 77 77 0 0 0 0 1 0 0 141 171 1 8 70 0 0 0 0 0 0
0 0 0 0 0 0 0 1 0 0 0 0 0 0 0 0 0 0 0 0 0 0 70 70 0 0 0 0 1 0 0 141 165 1 10 67 0 0 0 0 0 0
0 0 0 0 0 0 0 1 0 0 0 0 0 0 0 0 0 0 0 0 0 0 8 8 0 0 0 0 1 0 0 141 8 0 1 4 0 0 0 1 0 0
0 0 0 0 0 0 0 1 0 0 0 0 0 0 0 0 0 0 0 0 0 0 19 19 0 0 0 0 1 0 0 119 19 0 47 9 0 0 0 1 0 0
0 0 0 0 0 0 0 1 0 0 0 0 0 0 0 0 0 0 0 0 0 0 32 32 0 0 0 0 1 0 0 141 99 0 0 39 0 0 0 0 0 0
0 0 0 0 0 0 0 1 0 0 0 0 0 0 0 0 0 0 0 0 0 0 34 34 0 0 0 0 1 0 0 134 34 0 43 14 0 0 0 1 0 0
0 0 0 0 0 0 0 1 0 0 0 0 0 0 0 0 0 0 0 0 0 0 55 55 0 0 0 0 1 0 0 141 55 0 1 22 0 0 0 0 0 0
0 0 0 0 0 0 0 1 0 0 0 0 0 0 0 0 0 0 0 0 0 0 82 82 0 0 0 0 1 0 0 76 82 1 2 54 0 0 0 0 0 0
0 0 0 0 0 0 0 1 0 0 0 0 0 0 0 0 0 0 0 0 0 0 71 71 0 0 0 0 1 0 0 141 166 1 10 67 0 0 0 0 0 0
0 0 0 0 0 0 0 1 0 0 0 0 0 0 0 0 0 0 0 0 0 0 42 41 0 0 0 0 1 0 0 141 41 0 1 16 0 0 0 1 0 0
0 0 0 0 0 0 0 1 0 0 0 0 0 0 0 0 0 0 0 0 0 0 71 71 0 0 0 0 1 0 0 141 71 0 1 28 0 0 0 0 0 0
0 0 0 0 0 0 0 1 0 0 0 0 0 0 0 0 0 0 0 0 0 0 31 31 0 0 0 0 1 0 0 141 128 1 26 52 0 0 0 0 0 0
0 0 0 0 0 0 0 1 0 0 0 0 0 0 0 0 0 0 0 0 0 0 32 32 0 0 0 0 1 0 0 141 129 1 25 52 0 0 0 0 0 0
0 0 0 0 0 0 0 1 0 0 0 0 0 0 0 0 0 0 0 0 0 0 54 54 0 0 0 0 1 0 0 141 21 0 0 9 0 0 0 0 0 0
0 0 0 0 0 0 0 1 0 0 0 0 0 0 0 0 0 0 0 0 0 0 7 7 0 0 0 0 1 0 0 98 7 0 4 4 0 0 0 0 0 0
0 0 0 0 0 0 0 1 0 0 0 0 0 0 0 0 0 0 0 0 0 0 43 43 0 0 0 0 1 0 0 141 43 0 0 17 0 0 0 0 0 0
0 0 0 0 0 0 0 1 0 0 0 0 0 0 0 0 0 0 0 0 0 0 19 19 0 0 0 0 1 0 0 109 19 0 4 9 0 0 0 0 0 0
0 0 0 0 0 0 0 1 0 0 0 0 0 0 0 0 0 0 0 0 0 0 89 89 0 0 0 0 1 0 0 141 89 0 1 35 0 0 0 0 0 0
0 0 0 0 0 0 0 1 0 0 0 0 0 0 0 0 0 0 0 0 0 0 67 66 0 0 0 0 1 0 0 141 66 0 0 26 0 0 0 0 0 0
0 0 0 0 0 0 0 1 0 0 0 0 0 0 0 0 0 0 0 0 0 0 73 73 0 0 0 0 1 0 0 141 73 0 3 29 0 0 0 0 0 0
0 0 0 0 0 0 0 1 0 0 0 0 0 0 0 0 0 0 0 0 0 0 74 74 0 0 0 0 1 0 0 141 74 0 1 29 0 0 0 0 0 0
0 0 0 0 0 0 0 1 0 0 0 0 0 0 0 0 0 0 0 0 0 0 12 12 0 0 0 0 1 0 0 141 12 0 1 5 0 0 0 1 0 0
0 0 0 0 0 0 0 1 0 0 0 0 0 0 0 0 0 0 0 0 0 0 19 19 0 0 0 0 1 0 0 141 19 0 0 8 0 0 0 0 0 0
0 0 0 0 0 0 0 1 0 0 0 0 0 0 0 0 0 0 0 0 0 0 30 30 0 0 0 0 1 0 0 141 30 0 0 12 0 0 0 0 0 0
0 0 0 0 0 0 0 1 0 0 0 0 0 0 0 0 0 0 0 0 0 0 45 44 0 0 0 0 1 0 0 141 44 0 1 18 0 0 0 1 0 0
0 0 0 0 0 0 0 1 0 0 0 0 0 0 0 0 0 0 0 0 0 0 7 7 0 0 0 0 1 0 0 141 74 0 0 29 0 0 0 0 0 0
0 0 0 0 0 0 0 1 0 0 0 0 0 0 0 0 0 0 0 0 0 0 65 65 0 0 0 0 1 0 0 141 65 0 0 26 0 0 0 0 0 0
0 0 0 0 0 0 0 1 0 0 0 0 0 0 0 0 0 0 0 0 0 0 50 50 0 0 0 0 1 0 0 141 50 0 1 20 0 0 0 0 0 0
0 0 0 0 0 0 0 1 0 0 0 0 0 0 0 0 0 0 0 0 0 0 9 9 0 0 0 0 1 0 0 141 9 0 1 4 0 0 0 1 0 0
0 0 0 0 0 0 0 1 0 0 0 0 0 0 0 0 0 0 0 0 0 0 83 81 0 0 0 0 1 0 0 141 81 0 1 32 0 0 0 1 0 0
0 0 0 0 0 0 0 1 0 0 0 0 0 0 0 0 0 0 0 0 0 0 6 6 0 0 0 0 1 0 0 6 6 0 4 9 0 0 0 0 0 0
0 0 0 0 0 0 0 1 0 0 0 0 0 0 0 0 0 0 0 0 0 0 51 51 0 0 0 0 1 0 0 141 51 0 0 20 0 0 0 0 0 0
0 0 0 0 0 0 0 1 0 0 0 0 0 0 0 0 0 0 0 0 0 0 83 83 0 0 0 0 1 0 0 77 83 1 2 54 0 0 0 0 0 0
0 0 0 0 0 0 0 1 0 0 0 0 0 0 0 0 0 0 0 0 0 0 36 36 0 0 0 0 1 0 0 34 36 0 3 34 0 0 0 0 0 0
0 0 0 0 0 0 0 1 0 0 0 0 0 0 0 0 0 0 0 0 0 0 97 97 0 0 0 0 1 0 0 141 97 0 38 38 0 0 0 0 0 0
0 0 0 0 0 0 0 1 0 0 0 0 0 0 0 0 0 0 0 0 0 0 132 35 1 0 0 0 0 0 0 141 35 0 63 14 0 0 0 1 0 0
0 0 0 0 0 0 0 1 0 0 0 0 0 0 0 0 0 0 0 0 0 0 69 69 0 0 0 0 1 0 0 141 164 1 11 67 0 0 0 0 0 0
0 0 0 0 0 0 0 1 0 0 0 0 0 0 0 0 0 0 0 0 0 0 34 34 0 0 0 0 1 0 0 32 34 0 3 33 0 0 0 0 0 0
0 0 0 0 0 0 0 1 0 0 0 0 0 0 0 0 0 0 0 0 0 0 82 82 0 0 0 0 1 0 0 141 82 0 41 33 0 0 0 1 0 0
0 0 0 0 0 0 0 1 0 0 0 0 0 0 0 0 0 0 0 0 0 0 69 69 0 0 0 0 1 0 0 63 69 0 2 49 0 0 0 0 0 0
0 0 0 0 0 0 0 1 0 0 0 0 0 0 0 0 0 0 0 0 0 0 42 42 0 0 0 0 1 0 0 141 42 0 0 17 0 0 0 0 0 0
0 0 0 0 0 0 0 1 0 0 0 0 0 0 0 0 0 0 0 0 0 0 63 63 0 0 0 0 1 0 0 141 30 0 0 12 0 0 0 0 0 0
0 0 0 0 0 0 0 1 0 0 0 0 0 0 0 0 0 0 0 0 0 0 46 46 0 0 0 0 1 0 0 44 46 0 2 39 0 0 0 0 0 0
0 0 0 0 0 0 0 1 0 0 0 0 0 0 0 0 0 0 0 0 0 0 84 84 0 0 0 0 1 0 0 141 178 1 5 73 0 0 0 0 0 0
0 0 0 0 0 0 0 1 0 0 0 0 0 0 0 0 0 0 0 0 0 0 21 21 0 0 0 0 1 0 0 141 88 0 0 35 0 0 0 0 0 0
0 0 0 0 0 0 0 1 0 0 0 0 0 0 0 0 0 0 0 0 0 0 39 39 0 0 0 0 1 0 0 139 39 0 41 16 0 0 0 1 0 0
0 0 0 0 0 0 0 1 0 0 0 0 0 0 0 0 0 0 0 0 0 0 120 22 1 0 0 0 0 0 0 141 22 0 68 9 0 0 0 1 0 0
0 0 0 0 0 0 0 1 0 0 0 0 0 0 0 0 0 0 0 0 0 0 46 46 0 0 0 0 1 0 0 136 46 0 3 19 0 0 0 0 0 0
0 0 0 0 0 0 0 1 0 0 0 0 0 0 0 0 0 0 0 0 0 0 177 83 1 0 0 0 0 0 0 141 83 0 44 33 0 0 0 1 0 0
0 0 0 0 0 0 0 1 0 0 0 0 0 0 0 0 0 0 0 0 0 0 86 86 0 0 0 0 1 0 0 141 86 0 1 34 0 0 0 0 0 0
0 0 0 0 0 0 0 1 0 0 0 0 0 0 0 0 0 0 0 0 0 0 19 19 0 0 0 0 1 0 0 141 19 0 1 8 0 0 0 0 0 0
0 0 0 0 0 0 0 1 0 0 0 0 0 0 0 0 0 0 0 0 0 0 74 74 0 0 0 0 1 0 0 141 74 0 3 29 0 0 0 0 0 0
0 0 0 0 0 0 0 1 0 0 0 0 0 0 0 0 0 0 0 0 0 0 93 93 0 0 0 0 1 0 0 86 93 1 1 57 0 0 0 0 0 0
0 0 0 0 0 0 0 1 0 0 0 0 0 0 0 0 0 0 0 0 0 0 9 9 0 0 0 0 1 0 0 109 9 0 50 4 0 0 0 1 0 0
0 0 0 0 0 0 0 1 0 0 0 0 0 0 0 0 0 0 0 0 0 0 84 84 0 0 0 0 1 0 0 141 51 0 0 20 0 0 0 0 0 0
0 0 0 0 0 0 0 1 0 0 0 0 0 0 0 0 0 0 0 0 0 0 36 36 0 0 0 0 1 0 0 136 36 0 42 15 0 0 0 1 0 0
0 0 0 0 0 0 0 1 0 0 0 0 0 0 0 0 0 0 0 0 0 0 182 88 1 0 0 0 0 0 0 141 88 0 42 35 0 0 0 1 0 0
0 0 0 0 0 0 0 1 0 0 0 0 0 0 0 0 0 0 0 0 0 0 86 85 0 0 0 0 1 0 0 141 85 0 0 34 0 0 0 0 0 0
0 0 0 0 0 0 0 1 0 0 0 0 0 0 0 0 0 0 0 0 0 0 61 61 0 0 0 0 1 0 0 141 61 0 41 24 0 0 0 1 0 0
0 0 0 0 0 0 0 1 0 0 0 0 0 0 0 0 0 0 0 0 0 0 4 4 0 0 0 0 1 0 0 141 4 0 0 2 0 0 0 0 0 0
0 0 0 0 0 0 0 1 0 0 0 0 0 0 0 0 0 0 0 0 0 0 91 91 0 0 0 0 1 0 0 141 91 0 1 36 0 0 0 0 0 0
0 0 0 0 0 0 0 1 0 0 0 0 0 0 0 0 0 0 0 0 0 0 22 22 0 0 0 0 1 0 0 122 22 0 46 10 0 0 0 1 0 0
0 0 0 0 0 0 0 1 0 0 0 0 0 0 0 0 0 0 0 0 0 0 49 49 0 0 0 0 1 0 0 139 49 0 3 20 0 0 0 0 0 0
0 0 0 0 0 0 0 1 0 0 0 0 0 0 0 0 0 0 0 0 0 0 21 21 0 0 0 0 1 0 0 141 21 0 1 9 0 0 0 0 0 0
0 0 0 0 0 0 0 1 0 0 0 0 0 0 0 0 0 0 0 0 0 0 28 28 0 0 0 0 1 0 0 141 28 0 1 11 0 0 0 0 0 0
0 0 0 0 0 0 0 1 0 0 0 0 0 0 0 0 0 0 0 0 0 0 90 88 0 0 0 0 1 0 0 141 88 0 1 35 0 0 0 0 0 0
0 0 0 0 0 0 0 1 0 0 0 0 0 0 0 0 0 0 0 0 0 0 85 85 0 0 0 0 1 0 0 141 85 0 1 34 0 0 0 0 0 0
0 0 0 0 0 0 0 1 0 0 0 0 0 0 0 0 0 0 0 0 0 0 93 93 0 0 0 0 1 0 0 141 60 0 0 24 0 0 0 0 0 0
0 0 0 0 0 0 0 1 0 0 0 0 0 0 0 0 0 0 0 0 0 0 85 85 0 0 0 0 1 0 0 141 85 0 41 34 0 0 0 1 0 0
0 0 0 0 0 0 0 1 0 0 0 0 0 0 0 0 0 0 0 0 0 0 128 30 1 0 0 0 0 0 0 141 30 0 65 12 0 0 0 1 0 0
0 0 0 0 0 0 0 1 0 0 0 0 0 0 0 0 0 0 0 0 0 0 84 84 0 0 0 0 1 0 0 141 84 0 0 33 0 0 0 0 0 0
0 0 0 0 0 0 0 1 0 0 0 0 0 0 0 0 0 0 0 0 0 0 161 65 1 0 0 0 0 0 0 141 65 0 52 26 0 0 0 1 0 0
0 0 0 0 0 0 0 1 0 0 0 0 0 0 0 0 0 0 0 0 0 0 2 2 0 0 0 0 1 0 0 2 2 0 4 4 0 0 0 0 0 0
0 0 0 0 0 0 0 1 0 0 0 0 0 0 0 0 0 0 0 0 0 0 110 11 1 0 0 0 0 0 0 141 11 0 73 5 0 0 0 1 0 0
0 0 0 0 0 0 0 1 0 0 0 0 0 0 0 0 0 0 0 0 0 0 1 1 0 0 0 0 1 0 0 141 1 0 0 1 0 0 0 0 0 0
0 0 0 0 0 0 0 1 0 0 0 0 0 0 0 0 0 0 0 0 0 0 26 26 0 0 0 0 1 0 0 25 26 0 3 27 0 0 0 0 0 0
0 0 0 0 0 0 0 1 0 0 0 0 0 0 0 0 0 0 0 0 0 0 78 76 0 0 0 0 1 0 0 141 76 0 1 30 0 0 0 1 0 0
0 0 0 0 0 0 0 1 0 0 0 0 0 0 0 0 0 0 0 0 0 0 73 73 0 0 0 0 1 0 0 141 168 1 9 68 0 0 0 0 0 0
0 0 0 0 0 0 0 1 0 0 0 0 0 0 0 0 0 0 0 0 0 0 77 77 0 0 0 0 1 0 0 141 44 0 0 18 0 0 0 0 0 0
0 0 0 0 0 0 0 1 0 0 0 0 0 0 0 0 0 0 0 0 0 0 87 87 0 0 0 0 1 0 0 141 87 0 0 35 0 0 0 0 0 0
0 0 0 0 0 0 0 1 0 0 0 0 0 0 0 0 0 0 0 0 0 0 29 29 0 0 0 0 1 0 0 28 29 0 3 29 0 0 0 0 0 0
0 0 0 0 0 0 0 1 0 0 0 0 0 0 0 0 0 0 0 0 0 0 65 65 0 0 0 0 1 0 0 141 65 0 3 26 0 0 0 0 0 0
0 0 0 0 0 0 0 1 0 0 0 0 0 0 0 0 0 0 0 0 0 0 86 86 0 0 0 0 1 0 0 141 86 0 0 34 0 0 0 0 0 0
0 0 0 0 0 0 0 0 0 0 0 0 0 0 0 0 0 0 0 0 0 0 0 0 0 0 0 0 1 0 0 141 0 0 0 0 0 0 0 0 0 0
0 0 0 0 0 0 0 1 0 0 0 0 0 0 0 0 0 0 0 0 0 0 14 14 0 0 0 0 1 0 0 141 14 0 1 6 0 0 0 1 0 0
0 0 0 0 0 0 0 1 0 0 0 0 0 0 0 0 0 0 0 0 0 0 19 19 0 0 0 0 1 0 0 141 86 0 0 34 0 0 0 0 0 0
0 0 0 0 0 0 0 1 0 0 0 0 0 0 0 0 0 0 0 0 0 0 68 68 0 0 0 0 1 0 0 141 68 0 1 27 0 0 0 0 0 0
0 0 0 0 0 0 0 1 0 0 0 0 0 0 0 0 0 0 0 0 0 0 34 34 0 0 0 0 1 0 0 124 34 0 4 15 0 0 0 0 0 0
0 0 0 0 0 0 0 1 0 0 0 0 0 0 0 0 0 0 0 0 0 0 52 52 0 0 0 0 1 0 0 141 52 0 41 21 0 0 0 1 0 0
0 0 0 0 0 0 0 1 0 0 0 0 0 0 0 0 0 0 0 0 0 0 10 10 0 0 0 0 1 0 0 110 10 0 50 5 0 0 0 1 0 0
0 0 0 0 0 0 0 1 0 0 0 0 0 0 0 0 0 0 0 0 0 0 95 95 0 0 0 0 1 0 0 141 95 0 3 38 0 0 0 0 0 0
0 0 0 0 0 0 0 1 0 0 0 0 0 0 0 0 0 0 0 0 0 0 74 74 0 0 0 0 1 0 0 141 74 0 0 29 0 0 0 0 0 0
0 0 0 0 0 0 0 1 0 0 0 0 0 0 0 0 0 0 0 0 0 0 44 44 0 0 0 0 1 0 0 141 44 0 0 18 0 0 0 0 0 0
0 0 0 0 0 0 0 1 0 0 0 0 0 0 0 0 0 0 0 0 0 0 44 44 0 0 0 0 1 0 0 42 44 0 2 38 0 0 0 0 0 0
0 0 0 0 0 0 0 1 0 0 0 0 0 0 0 0 0 0 0 0 0 0 46 46 0 0 0 0 1 0 0 141 46 0 41 18 0 0 0 1 0 0
0 0 0 0 0 0 0 1 0 0 0 0 0 0 0 0 0 0 0 0 0 0 28 28 0 0 0 0 1 0 0 141 125 1 27 51 0 0 0 0 0 0
0 0 0 0 0 0 0 1 0 0 0 0 0 0 0 0 0 0 0 0 0 0 39 39 0 0 0 0 1 0 0 141 39 0 0 16 0 0 0 0 0 0
0 0 0 0 0 0 0 1 0 0 0 0 0 0 0 0 0 0 0 0 0 0 171 75 1 0 0 0 0 0 0 141 75 0 48 30 0 0 0 1 0 0
0 0 0 0 0 0 0 1 0 0 0 0 0 0 0 0 0 0 0 0 0 0 38 38 0 0 0 0 1 0 0 141 38 0 0 15 0 0 0 0 0 0
0 0 0 0 0 0 0 1 0 0 0 0 0 0 0 0 0 0 0 0 0 0 61 60 0 0 0 0 1 0 0 141 60 0 1 24 0 0 0 1 0 0
0 0 0 0 0 0 0 1 0 0 0 0 0 0 0 0 0 0 0 0 0 0 6 6 0 0 0 0 1 0 0 141 6 0 1 3 0 0 0 0 0 0
0 0 0 0 0 0 0 1 0 0 0 0 0 0 0 0 0 0 0 0 0 0 49 48 0 0 0 0 1 0 0 141 48 0 1 19 0 0 0 1 0 0
0 0 0 0 0 0 0 1 0 0 0 0 0 0 0 0 0 0 0 0 0 0 21 21 0 0 0 0 1 0 0 121 21 0 46 9 0 0 0 1 0 0
0 0 0 0 0 0 0 1 0 0 0 0 0 0 0 0 0 0 0 0 0 0 61 61 0 0 0 0 1 0 0 141 28 0 0 11 0 0 0 0 0 0
0 0 0 0 0 0 0 1 0 0 0 0 0 0 0 0 0 0 0 0 0 0 25 24 0 0 0 0 1 0 0 141 24 0 1 10 0 0 0 1 0 0
0 0 0 0 0 0 0 1 0 0 0 0 0 0 0 0 0 0 0 0 0 0 62 61 0 0 0 0 1 0 0 141 61 0 1 24 0 0 0 1 0 0
0 0 0 0 0 0 0 1 0 0 0 0 0 0 0 0 0 0 0 0 0 0 134 37 1 0 0 0 0 0 0 141 37 0 62 15 0 0 0 1 0 0
0 0 0 0 0 0 0 1 0 0 0 0 0 0 0 0 0 0 0 0 0 0 24 24 0 0 0 0 1 0 0 23 24 0 3 26 0 0 0 0 0 0
0 0 0 0 0 0 0 1 0 0 0 0 0 0 0 0 0 0 0 0 0 0 152 56 1 0 0 0 0 0 0 141 56 0 55 22 0 0 0 1 0 0
0 0 0 0 0 0 0 1 0 0 0 0 0 0 0 0 0 0 0 0 0 0 124 26 1 0 0 0 0 0 0 141 26 0 67 11 0 0 0 1 0 0
0 0 0 0 0 0 0 1 0 0 0 0 0 0 0 0 0 0 0 0 0 0 48 48 0 0 0 0 1 0 0 141 145 1 19 58 0 0 0 0 0 0
0 0 0 0 0 0 0 1 0 0 0 0 0 0 0 0 0 0 0 0 0 0 8 8 0 0 0 0 1 0 0 108 8 0 50 4 0 0 0 1 0 0
0 0 0 0 0 0 0 1 0 0 0 0 0 0 0 0 0 0 0 0 0 0 47 46 0 0 0 0 1 0 0 141 46 0 1 18 0 0 0 1 0 0
0 0 0 0 0 0 0 1 0 0 0 0 0 0 0 0 0 0 0 0 0 0 83 83 0 0 0 0 1 0 0 141 83 0 3 33 0 0 0 0 0 0
0 0 0 0 0 0 0 1 0 0 0 0 0 0 0 0 0 0 0 0 0 0 12 12 0 0 0 0 1 0 0 112 12 0 49 6 0 0 0 1 0 0
0 0 0 0 0 0 0 1 0 0 0 0 0 0 0 0 0 0 0 0 0 0 18 18 0 0 0 0 1 0 0 141 18 0 1 7 0 0 0 1 0 0
0 0 0 0 0 0 0 1 0 0 0 0 0 0 0 0 0 0 0 0 0 0 66 65 0 0 0 0 1 0 0 141 65 0 0 26 0 0 0 0 0 0
0 0 0 0 0 0 0 1 0 0 0 0 0 0 0 0 0 0 0 0 0 0 59 59 0 0 0 0 1 0 0 141 59 0 0 24 0 0 0 0 0 0
0 0 0 0 0 0 0 1 0 0 0 0 0 0 0 0 0 0 0 0 0 0 45 45 0 0 0 0 1 0 0 141 45 0 0 18 0 0 0 0 0 0
0 0 0 0 0 0 0 1 0 0 0 0 0 0 0 0 0 0 0 0 0 0 23 23 0 0 0 0 1 0 0 141 23 0 1 9 0 0 0 0 0 0
0 0 0 0 0 0 0 1 0 0 0 0 0 0 0 0 0 0 0 0 0 0 18 18 0 0 0 0 1 0 0 141 18 0 0 7 0 0 0 0 0 0
0 0 0 0 0 0 0 1 0 0 0 0 0 0 0 0 0 0 0 0 0 0 5 5 0 0 0 0 1 0 0 141 5 0 0 2 0 0 0 0 0 0
0 0 0 0 0 0 0 1 0 0 0 0 0 0 0 0 0 0 0 0 0 0 76 76 0 0 0 0 1 0 0 141 76 0 41 30 0 0 0 1 0 0
0 0 0 0 0 0 0 1 0 0 0 0 0 0 0 0 0 0 0 0 0 0 14 14 0 0 0 0 1 0 0 104 14 0 4 7 0 0 0 0 0 0
0 0 0 0 0 0 0 1 0 0 0 0 0 0 0 0 0 0 0 0 0 0 190 97 1 0 0 0 0 0 0 141 97 0 39 38 0 0 0 1 0 0
0 0 0 0 0 0 0 1 0 0 0 0 0 0 0 0 0 0 0 0 0 0 31 31 0 0 0 0 1 0 0 141 31 0 0 13 0 0 0 0 0 0
0 0 0 0 0 0 0 1 0 0 0 0 0 0 0 0 0 0 0 0 0 0 23 23 0 0 0 0 1 0 0 141 23 0 0 9 0 0 0 0 0 0
0 0 0 0 0 0 0 0 0 0 0 0 0 0 0 0 0 0 0 0 0 0 0 0 0 0 0 0 1 0 0 141 67 0 0 27 0 0 0 0 0 0
0 0 0 0 0 0 0 1 0 0 0 0 0 0 0 0 0 0 0 0 0 0 15 15 0 0 0 0 1 0 0 115 15 0 48 7 0 0 0 1 0 0
0 0 0 0 0 0 0 1 0 0 0 0 0 0 0 0 0 0 0 0 0 0 2 2 0 0 0 0 1 0 0 141 69 0 0 27 0 0 0 0 0 0
0 0 0 0 0 0 0 1 0 0 0 0 0 0 0 0 0 0 0 0 0 0 166 70 1 0 0 0 0 0 0 141 70 0 50 28 0 0 0 1 0 0
0 0 0 0 0 0 0 1 0 0 0 0 0 0 0 0 0 0 0 0 0 0 24 24 0 0 0 0 1 0 0 114 24 0 4 11 0 0 0 0 0 0
0 0 0 0 0 0 0 1 0 0 0 0 0 0 0 0 0 0 0 0 0 0 62 61 0 0 0 0 1 0 0 141 61 0 0 24 0 0 0 0 0 0
0 0 0 0 0 0 0 1 0 0 0 0 0 0 0 0 0 0 0 0 0 0 76 75 0 0 0 0 1 0 0 141 75 0 0 30 0 0 0 0 0 0
0 0 0 0 0 0 0 1 0 0 0 0 0 0 0 0 0 0 0 0 0 0 51 51 0 0 0 0 1 0 0 141 51 0 3 20 0 0 0 0 0 0
0 0 0 0 0 0 0 1 0 0 0 0 0 0 0 0 0 0 0 0 0 0 68 68 0 0 0 0 1 0 0 141 68 0 0 27 0 0 0 0 0 0
0 0 0 0 0 0 0 1 0 0 0 0 0 0 0 0 0 0 0 0 0 0 9 9 0 0 0 0 1 0 0 141 107 0 34 43 0 0 0 0 0 0
0 0 0 0 0 0 0 1 0 0 0 0 0 0 0 0 0 0 0 0 0 0 192 99 1 0 0 0 1 0 0 141 99 0 38 39 0 0 0 1 0 0
0 0 0 0 0 0 0 1 0 0 0 0 0 0 0 0 0 0 0 0 0 0 66 66 0 0 0 0 1 0 0 61 66 0 2 48 0 0 0 0 0 0
0 0 0 0 0 0 0 1 0 0 0 0 0 0 0 0 0 0 0 0 0 0 138 41 1 0 0 0 0 0 0 141 41 0 61 16 0 0 0 1 0 0
0 0 0 0 0 0 0 1 0 0 0 0 0 0 0 0 0 0 0 0 0 0 73 73 0 0 0 0 1 0 0 141 73 0 1 29 0 0 0 0 0 0
0 0 0 0 0 0 0 1 0 0 0 0 0 0 0 0 0 0 0 0 0 0 66 65 0 0 0 0 1 0 0 141 65 0 1 26 0 0 0 1 0 0
0 0 0 0 0 0 0 1 0 0 0 0 0 0 0 0 0 0 0 0 0 0 164 68 1 0 0 0 0 0 0 141 68 0 50 27 0 0 0 1 0 0
0 0 0 0 0 0 0 1 0 0 0 0 0 0 0 0 0 0 0 0 0 0 36 36 0 0 0 0 1 0 0 126 36 0 4 15 0 0 0 0 0 0
0 0 0 0 0 0 0 1 0 0 0 0 0 0 0 0 0 0 0 0 0 0 83 83 0 0 0 0 1 0 0 141 177 1 5 72 0 0 0 0 0 0
0 0 0 0 0 0 0 1 0 0 0 0 0 0 0 0 0 0 0 0 0 0 51 51 0 0 0 0 1 0 0 49 51 0 2 42 0 0 0 0 0 0
0 0 0 0 0 0 0 1 0 0 0 0 0 0 0 0 0 0 0 0 0 0 32 32 0 0 0 0 1 0 0 132 32 0 43 13 0 0 0 1 0 0
0 0 0 0 0 0 0 1 0 0 0 0 0 0 0 0 0 0 0 0 0 0 40 40 0 0 0 0 1 0 0 130 40 0 4 17 0 0 0 0 0 0
0 0 0 0 0 0 0 1 0 0 0 0 0 0 0 0 0 0 0 0 0 0 90 89 0 0 0 0 1 0 0 141 89 0 0 35 0 0 0 0 0 0
0 0 0 0 0 0 0 1 0 0 0 0 0 0 0 0 0 0 0 0 0 0 31 31 0 0 0 0 1 0 0 29 31 0 3 31 0 0 0 0 0 0
0 0 0 0 0 0 0 1 0 0 0 0 0 0 0 0 0 0 0 0 0 0 77 77 0 0 0 0 1 0 0 141 77 0 1 31 0 0 0 0 0 0
0 0 0 0 0 0 0 1 0 0 0 0 0 0 0 0 0 0 0 0 0 0 97 97 0 0 0 0 1 0 0 141 97 0 0 38 0 0 0 0 0 0
0 0 0 0 0 0 0 1 0 0 0 0 0 0 0 0 0 0 0 0 0 0 18 18 0 0 0 0 1 0 0 18 18 0 3 21 0 0 0 0 0 0
0 0 0 0 0 0 0 1 0 0 0 0 0 0 0 0 0 0 0 0 0 0 84 84 0 0 0 0 1 0 0 141 84 0 1 33 0 0 0 0 0 0
0 0 0 0 0 0 0 1 0 0 0 0 0 0 0 0 0 0 0 0 0 0 54 54 0 0 0 0 1 0 0 141 54 0 1 22 0 0 0 0 0 0
0 0 0 0 0 0 0 1 0 0 0 0 0 0 0 0 0 0 0 0 0 0 36 36 0 0 0 0 1 0 0 141 36 0 1 15 0 0 0 0 0 0
0 0 0 0 0 0 0 1 0 0 0 0 0 0 0 0 0 0 0 0 0 0 42 42 0 0 0 0 1 0 0 141 9 0 0 4 0 0 0 0 0 0
0 0 0 0 0 0 0 1 0 0 0 0 0 0 0 0 0 0 0 0 0 0 54 54 0 0 0 0 1 0 0 141 54 0 41 22 0 0 0 1 0 0
0 0 0 0 0 1 0 1 0 0 0 0 0 0 0 0 0 0 0 0 0 0 99 99 0 0 0 0 1 0 0 141 66 0 0 26 0 0 0 0 0 0
0 0 0 0 0 0 0 1 0 0 0 0 0 0 0 0 0 0 0 0 0 0 59 59 0 0 0 0 1 0 0 141 59 0 1 24 0 0 0 0 0 0
0 0 0 0 0 0 0 1 0 0 0 0 0 0 0 0 0 0 0 0 0 0 176 82 1 0 0 0 0 0 0 141 82 0 45 33 0 0 0 1 0 0
0 0 0 0 0 0 0 1 0 0 0 0 0 0 0 0 0 0 0 0 0 0 65 64 0 0 0 0 1 0 0 141 64 0 1 25 0 0 0 1 0 0
0 0 0 0 0 0 0 1 0 0 0 0 0 0 0 0 0 0 0 0 0 0 33 33 0 0 0 0 1 0 0 141 130 1 25 53 0 0 0 0 0 0
0 0 0 0 0 0 0 1 0 0 0 0 0 0 0 0 0 0 0 0 0 0 70 70 0 0 0 0 1 0 0 141 37 0 0 15 0 0 0 0 0 0
0 0 0 0 0 0 0 1 0 0 0 0 0 0 0 0 0 0 0 0 0 0 38 38 0 0 0 0 1 0 0 141 5 0 0 2 0 0 0 0 0 0
0 0 0 0 0 0 0 1 0 0 0 0 0 0 0 0 0 0 0 0 0 0 3 3 0 0 0 0 1 0 0 141 3 0 0 2 0 0 0 0 0 0
0 0 0 0 0 0 0 1 0 0 0 0 0 0 0 0 0 0 0 0 0 0 34 34 0 0 0 0 1 0 0 141 1 0 0 1 0 0 0 0 0 0
0 0 0 0 0 0 0 1 0 0 0 0 0 0 0 0 0 0 0 0 0 0 23 23 0 0 0 0 1 0 0 123 23 0 46 10 0 0 0 1 0 0
0 0 0 0 0 0 0 1 0 0 0 0 0 0 0 0 0 0 0 0 0 0 87 87 0 0 0 0 1 0 0 141 87 0 1 35 0 0 0 0 0 0
0 0 0 0 0 0 0 1 0 0 0 0 0 0 0 0 0 0 0 0 0 0 37 37 0 0 0 0 1 0 0 141 37 0 0 15 0 0 0 0 0 0
0 0 0 0 0 0 0 1 0 0 0 0 0 0 0 0 0 0 0 0 0 0 5 5 0 0 0 0 1 0 0 141 72 0 0 29 0 0 0 0 0 0
0 0 0 0 0 0 0 1 0 0 0 0 0 0 0 0 0 0 0 0 0 0 74 74 0 0 0 0 1 0 0 141 41 0 0 16 0 0 0 0 0 0
0 0 0 0 0 0 0 1 0 0 0 0 0 0 0 0 0 0 0 0 0 0 58 58 0 0 0 0 1 0 0 141 58 0 1 23 0 0 0 0 0 0
0 0 0 0 0 0 0 1 0 0 0 0 0 0 0 0 0 0 0 0 0 0 149 53 1 0 0 0 0 0 0 141 53 0 56 21 0 0 0 1 0 0
0 0 0 0 0 0 0 1 0 0 0 0 0 0 0 0 0 0 0 0 0 0 53 53 0 0 0 0 1 0 0 141 20 0 0 8 0 0 0 0 0 0
0 0 0 0 0 0 0 1 0 0 0 0 0 0 0 0 0 0 0 0 0 0 9 9 0 0 0 0 1 0 0 99 9 0 4 5 0 0 0 0 0 0
0 0 0 0 0 1 0 1 0 0 0 0 0 0 0 0 0 0 0 0 0 0 100 99 0 0 0 0 1 0 0 141 99 0 0 39 0 0 0 0 0 0
0 0 0 0 0 0 0 1 0 0 0 0 0 0 0 0 0 0 0 0 0 0 33 33 0 0 0 0 1 0 0 141 0 0 0 0 0 0 0 0 0 0
0 0 0 0 0 0 0 1 0 0 0 0 0 0 0 0 0 0 0 0 0 0 20 20 0 0 0 0 1 0 0 120 20 0 47 9 0 0 0 1 0 0
0 0 0 0 0 0 0 1 0 0 0 0 0 0 0 0 0 0 0 0 0 0 64 64 0 0 0 0 1 0 0 141 64 0 0 25 0 0 0 0 0 0
0 0 0 0 0 0 0 1 0 0 0 0 0 0 0 0 0 0 0 0 0 0 93 93 0 0 0 0 1 0 0 141 93 0 39 37 0 0 0 1 0 0
0 0 0 0 0 0 0 1 0 0 0 0 0 0 0 0 0 0 0 0 0 0 72 72 0 0 0 0 1 0 0 141 167 1 10 68 0 0 0 0 0 0
0 0 0 0 0 0 0 1 0 0 0 0 0 0 0 0 0 0 0 0 0 0 163 67 1 0 0 0 0 0 0 141 67 0 51 27 0 0 0 1 0 0
0 0 0 0 0 0 0 1 0 0 0 0 0 0 0 0 0 0 0 0 0 0 121 23 1 0 0 0 0 0 0 141 23 0 68 9 0 0 0 1 0 0
0 0 0 0 0 0 0 1 0 0 0 0 0 0 0 0 0 0 0 0 0 0 53 53 0 0 0 0 1 0 0 141 150 1 17 60 0 0 0 0 0 0
0 0 0 0 0 0 0 1 0 0 0 0 0 0 0 0 0 0 0 0 0 0 129 32 1 0 0 0 0 0 0 141 32 0 64 13 0 0 0 1 0 0
0 0 0 0 0 0 0 1 0 0 0 0 0 0 0 0 0 0 0 0 0 0 19 19 0 0 0 0 1 0 0 19 19 0 3 22 0 0 0 0 0 0
0 0 0 0 0 0 0 1 0 0 0 0 0 0 0 0 0 0 0 0 0 0 61 61 0 0 0 0 1 0 0 141 61 0 3 24 0 0 0 0 0 0
0 0 0 0 0 0 0 1 0 0 0 0 0 0 0 0 0 0 0 0 0 0 94 94 0 0 0 0 1 0 0 141 94 0 39 37 0 0 0 1 0 0
0 0 0 0 0 0 0 1 0 0 0 0 0 0 0 0 0 0 0 0 0 0 3 3 0 0 0 0 1 0 0 141 102 0 37 41 0 0 0 1 0 0
0 0 0 0 0 0 0 1 0 0 0 0 0 0 0 0 0 0 0 0 0 0 16 16 0 0 0 0 1 0 0 141 83 0 0 33 0 0 0 0 0 0
0 0 0 0 0 0 0 1 0 0 0 0 0 0 0 0 0 0 0 0 0 0 63 62 0 0 0 0 1 0 0 141 62 0 0 25 0 0 0 0 0 0
0 0 0 0 0 0 0 1 0 0 0 0 0 0 0 0 0 0 0 0 0 0 40 40 0 0 0 0 1 0 0 141 40 0 1 16 0 0 0 0 0 0
0 0 0 0 0 0 0 1 0 0 0 0 0 0 0 0 0 0 0 0 0 0 21 21 0 0 0 0 1 0 0 141 118 0 30 48 0 0 0 0 0 0
0 0 0 0 0 0 0 1 0 0 0 0 0 0 0 0 0 0 0 0 0 0 64 64 0 0 0 0 1 0 0 141 64 0 41 25 0 0 0 1 0 0
0 0 0 0 0 0 0 1 0 0 0 0 0 0 0 0 0 0 0 0 0 0 51 50 0 0 0 0 1 0 0 141 50 0 1 20 0 0 0 1 0 0
0 0 0 0 0 0 0 1 0 0 0 0 0 0 0 0 0 0 0 0 0 0 4 4 0 0 0 0 1 0 0 141 4 0 1 2 0 0 0 1 0 0
0 0 0 0 0 0 0 1 0 0 0 0 0 0 0 0 0 0 0 0 0 0 27 27 0 0 0 0 1 0 0 26 27 0 3 28 0 0 0 0 0 0
0 0 0 0 0 0 0 1 0 0 0 0 0 0 0 0 0 0 0 0 0 0 74 74 0 0 0 0 1 0 0 141 74 0 41 29 0 0 0 1 0 0
0 0 0 0 0 0 0 1 0 0 0 0 0 0 0 0 0 0 0 0 0 0 35 35 0 0 0 0 1 0 0 33 35 0 3 33 0 0 0 0 0 0
0 0 0 0 0 0 0 1 0 0 0 0 0 0 0 0 0 0 0 0 0 0 158 62 1 0 0 0 0 0 0 141 62 0 53 25 0 0 0 1 0 0
0 0 0 0 0 0 0 1 0 0 0 0 0 0 0 0 0 0 0 0 0 0 96 96 0 0 0 0 1 0 0 141 96 0 0 38 0 0 0 0 0 0
0 0 0 0 0 0 0 1 0 0 0 0 0 0 0 0 0 0 0 0 0 0 46 46 0 0 0 0 1 0 0 141 143 1 20 58 0 0 0 0 0 0
0 0 0 0 0 0 0 1 0 0 0 0 0 0 0 0 0 0 0 0 0 0 29 28 0 0 0 0 1 0 0 141 28 0 1 11 0 0 0 1 0 0
0 0 0 0 0 0 0 1 0 0 0 0 0 0 0 0 0 0 0 0 0 0 46 46 0 0 0 0 1 0 0 141 46 0 0 18 0 0 0 0 0 0
0 0 0 0 0 0 0 1 0 0 0 0 0 0 0 0 0 0 0 0 0 0 84 83 0 0 0 0 1 0 0 141 83 0 0 33 0 0 0 0 0 0
0 0 0 0 0 0 0 1 0 0 0 0 0 0 0 0 0 0 0 0 0 0 96 95 0 0 0 0 1 0 0 141 95 0 0 38 0 0 0 0 0 0
0 0 0 0 0 0 0 1 0 0 0 0 0 0 0 0 0 0 0 0 0 0 66 66 0 0 0 0 1 0 0 141 162 1 12 65 0 0 0 0 0 0
0 0 0 0 0 0 0 1 0 0 0 0 0 0 0 0 0 0 0 0 0 0 7 7 0 0 0 0 1 0 0 107 7 0 51 4 0 0 0 1 0 0
0 0 0 0 0 0 0 1 0 0 0 0 0 0 0 0 0 0 0 0 0 0 98 98 0 0 0 0 1 0 0 141 98 0 3 39 0 0 0 0 0 0
0 0 0 0 0 0 0 1 0 0 0 0 0 0 0 0 0 0 0 0 0 0 94 94 0 0 0 0 1 0 0 141 94 0 0 37 0 0 0 0 0 0
0 0 0 0 0 0 0 1 0 0 0 0 0 0 0 0 0 0 0 0 0 0 154 58 1 0 0 0 0 0 0 141 58 0 54 23 0 0 0 1 0 0
0 0 0 0 0 0 0 1 0 0 0 0 0 0 0 0 0 0 0 0 0 0 170 74 1 0 0 0 0 0 0 141 74 0 48 29 0 0 0 1 0 0
0 0 0 0 0 0 0 1 0 0 0 0 0 0 0 0 0 0 0 0 0 0 32 32 0 0 0 0 1 0 0 122 32 0 4 14 0 0 0 0 0 0
0 0 0 0 0 0 0 1 0 0 0 0 0 0 0 0 0 0 0 0 0 0 11 11 0 0 0 0 1 0 0 141 78 0 0 31 0 0 0 0 0 0
0 0 0 0 0 0 0 1 0 0 0 0 0 0 0 0 0 0 0 0 0 0 9 9 0 0 0 0 1 0 0 141 9 0 1 4 0 0 0 0 0 0
0 0 0 0 0 0 0 1 0 0 0 0 0 0 0 0 0 0 0 0 0 0 44 44 0 0 0 0 1 0 0 134 44 0 3 18 0 0 0 0 0 0
0 0 0 0 0 0 0 1 0 0 0 0 0 0 0 0 0 0 0 0 0 0 52 52 0 0 0 0 1 0 0 50 52 0 2 42 0 0 0 0 0 0
0 0 0 0 0 0 0 1 0 0 0 0 0 0 0 0 0 0 0 0 0 0 91 90 0 0 0 0 1 0 0 141 90 0 0 36 0 0 0 0 0 0
0 0 0 0 0 0 0 1 0 0 0 0 0 0 0 0 0 0 0 0 0 0 55 55 0 0 0 0 1 0 0 141 55 0 0 22 0 0 0 0 0 0
0 0 0 0 0 0 0 1 0 0 0 0 0 0 0 0 0 0 0 0 0 0 97 97 0 0 0 0 1 0 0 141 97 0 3 38 0 0 0 0 0 0
0 0 0 0 0 0 0 1 0 0 0 0 0 0 0 0 0 0 0 0 0 0 111 12 1 0 0 0 0 0 0 141 12 0 72 5 0 0 0 1 0 0
0 0 0 0 0 0 0 1 0 0 0 0 0 0 0 0 0 0 0 0 0 0 60 60 0 0 0 0 1 0 0 141 157 1 14 63 0 0 0 0 0 0
0 0 0 0 0 0 0 1 0 0 0 0 0 0 0 0 0 0 0 0 0 0 72 72 0 0 0 0 1 0 0 66 72 1 2 50 0 0 0 0 0 0
0 0 0 0 0 0 0 1 0 0 0 0 0 0 0 0 0 0 0 0 0 0 57 57 0 0 0 0 1 0 0 141 24 0 0 10 0 0 0 0 0 0
0 0 0 0 0 0 0 1 0 0 0 0 0 0 0 0 0 0 0 0 0 0 173 78 1 0 0 0 0 0 0 141 78 0 46 31 0 0 0 1 0 0
0 0 0 0 0 0 0 1 0 0 0 0 0 0 0 0 0 0 0 0 0 0 8 8 0 0 0 0 1 0 0 141 8 0 1 4 0 0 0 0 0 0
0 0 0 0 0 0 0 1 0 0 0 0 0 0 0 0 0 0 0 0 0 0 13 13 0 0 0 0 1 0 0 141 13 0 0 5 0 0 0 0 0 0
0 0 0 0 0 0 0 1 0 0 0 0 0 0 0 0 0 0 0 0 0 0 1 1 0 0 0 0 1 0 0 141 1 0 1 1 0 0 0 1 0 0
0 0 0 0 0 0 0 1 0 0 0 0 0 0 0 0 0 0 0 0 0 0 79 77 0 0 0 0 1 0 0 141 77 0 1 31 0 0 0 1 0 0
0 0 0 0 0 0 0 1 0 0 0 0 0 0 0 0 0 0 0 0 0 0 9 9 0 0 0 0 1 0 0 141 76 0 0 30 0 0 0 0 0 0
0 0 0 0 0 0 0 1 0 0 0 0 0 0 0 0 0 0 0 0 0 0 22 22 0 0 0 0 1 0 0 141 119 0 29 48 0 0 0 0 0 0
0 0 0 0 0 0 0 1 0 0 0 0 0 0 0 0 0 0 0 0 0 0 41 41 0 0 0 0 1 0 0 141 41 0 1 16 0 0 0 0 0 0
0 0 0 0 0 0 0 1 0 0 0 0 0 0 0 0 0 0 0 0 0 0 67 67 0 0 0 0 1 0 0 141 67 0 1 27 0 0 0 0 0 0
0 0 0 0 0 0 0 1 0 0 0 0 0 0 0 0 0 0 0 0 0 0 48 48 0 0 0 0 1 0 0 141 15 0 0 6 0 0 0 0 0 0
0 0 0 0 0 0 0 1 0 0 0 0 0 0 0 0 0 0 0 0 0 0 53 53 0 0 0 0 1 0 0 141 53 0 3 21 0 0 0 0 0 0
0 0 0 0 0 0 0 1 0 0 0 0 0 0 0 0 0 0 0 0 0 0 32 32 0 0 0 0 1 0 0 141 32 0 0 13 0 0 0 0 0 0
0 0 0 0 0 0 0 1 0 0 0 0 0 0 0 0 0 0 0 0 0 0 150 54 1 0 0 0 0 0 0 141 54 0 56 22 0 0 0 1 0 0
0 0 0 0 0 0 0 1 0 0 0 0 0 0 0 0 0 0 0 0 0 0 73 73 0 0 0 0 1 0 0 67 73 1 2 51 0 0 0 0 0 0
0 0 0 0 0 0 0 1 0 0 0 0 0 0 0 0 0 0 0 0 0 0 147 51 1 0 0 0 0 0 0 141 51 0 57 20 0 0 0 1 0 0
0 0 0 0 0 0 0 1 0 0 0 0 0 0 0 0 0 0 0 0 0 0 53 52 0 0 0 0 1 0 0 141 52 0 1 21 0 0 0 1 0 0
0 0 0 0 0 0 0 1 0 0 0 0 0 0 0 0 0 0 0 0 0 0 62 62 0 0 0 0 1 0 0 141 62 0 1 25 0 0 0 0 0 0
0 0 0 0 0 0 0 1 0 0 0 0 0 0 0 0 0 0 0 0 0 0 51 51 0 0 0 0 1 0 0 141 148 1 18 60 0 0 0 0 0 0
0 0 0 0 0 0 0 1 0 0 0 0 0 0 0 0 0 0 0 0 0 0 65 65 0 0 0 0 1 0 0 141 32 0 0 13 0 0 0 0 0 0
0 0 0 0 0 0 0 1 0 0 0 0 0 0 0 0 0 0 0 0 0 0 44 44 0 0 0 0 1 0 0 141 141 1 21 57 0 0 0 0 0 0
0 0 0 0 0 0 0 1 0 0 0 0 0 0 0 0 0 0 0 0 0 0 14 14 0 0 0 0 1 0 0 141 14 0 1 6 0 0 0 0 0 0
0 0 0 0 0 0 0 1 0 0 0 0 0 0 0 0 0 0 0 0 0 0 65 64 0 0 0 0 1 0 0 141 64 0 0 25 0 0 0 0 0 0
0 0 0 0 0 0 0 1 0 0 0 0 0 0 0 0 0 0 0 0 0 0 62 62 0 0 0 0 1 0 0 141 29 0 0 12 0 0 0 0 0 0
0 0 0 0 0 0 0 1 0 0 0 0 0 0 0 0 0 0 0 0 0 0 97 97 0 0 0 0 1 0 0 141 97 0 1 38 0 0 0 0 0 0
0 0 0 0 0 0 0 1 0 0 0 0 0 0 0 0 0 0 0 0 0 0 87 85 0 0 0 0 1 0 0 141 85 0 1 34 0 0 0 1 0 0
0 0 0 0 0 0 0 1 0 0 0 0 0 0 0 0 0 0 0 0 0 0 18 18 0 0 0 0 1 0 0 108 18 0 4 9 0 0 0 0 0 0
0 0 0 0 0 0 0 1 0 0 0 0 0 0 0 0 0 0 0 0 0 0 55 55 0 0 0 0 1 0 0 141 55 0 0 22 0 0 0 0 0 0
0 0 0 0 0 0 0 1 0 0 0 0 0 0 0 0 0 0 0 0 0 0 62 62 0 0 0 0 1 0 0 141 62 0 0 25 0 0 0 0 0 0
0 0 0 0 0 0 0 1 0 0 0 0 0 0 0 0 0 0 0 0 0 0 25 25 0 0 0 0 1 0 0 115 25 0 4 11 0 0 0 0 0 0
0 0 0 0 0 0 0 1 0 0 0 0 0 0 0 0 0 0 0 0 0 0 39 39 0 0 0 0 1 0 0 141 6 0 0 3 0 0 0 0 0 0
0 0 0 0 0 0 0 1 0 0 0 0 0 0 0 0 0 0 0 0 0 0 70 70 0 0 0 0 1 0 0 141 70 0 3 28 0 0 0 0 0 0
0 0 0 0 0 0 0 1 0 0 0 0 0 0 0 0 0 0 0 0 0 0 30 30 0 0 0 0 1 0 0 141 97 0 0 38 0 0 0 0 0 0
0 0 0 0 0 0 0 1 0 0 0 0 0 0 0 0 0 0 0 0 0 0 118 20 1 0 0 0 0 0 0 141 20 0 69 8 0 0 0 1 0 0
0 0 0 0 0 0 0 1 0 0 0 0 0 0 0 0 0 0 0 0 0 0 37 36 0 0 0 0 1 0 0 141 36 0 1 15 0 0 0 1 0 0
0 0 0 0 0 0 0 1 0 0 0 0 0 0 0 0 0 0 0 0 0 0 60 60 0 0 0 0 1 0 0 141 60 0 41 24 0 0 0 1 0 0
0 0 0 0 0 0 0 1 0 0 0 0 0 0 0 0 0 0 0 0 0 0 11 11 0 0 0 0 1 0 0 141 11 0 1 5 0 0 0 0 0 0
0 0 0 0 0 0 0 1 0 0 0 0 0 0 0 0 0 0 0 0 0 0 95 94 0 0 0 0 1 0 0 141 94 0 0 37 0 0 0 0 0 0
0 0 0 0 0 0 0 1 0 0 0 0 0 0 0 0 0 0 0 0 0 0 2 2 0 0 0 0 1 0 0 94 2 0 4 1 0 0 0 0 0 0
0 0 0 0 0 0 0 1 0 0 0 0 0 0 0 0 0 0 0 0 0 0 76 76 0 0 0 0 1 0 0 141 170 1 8 69 0 0 0 0 0 0
0 0 0 0 0 0 0 1 0 0 0 0 0 0 0 0 0 0 0 0 0 0 18 18 0 0 0 0 1 0 0 141 18 0 0 7 0 0 0 0 0 0
0 0 0 0 0 0 0 1 0 0 0 0 0 0 0 0 0 0 0 0 0 0 28 27 0 0 0 0 1 0 0 141 27 0 1 11 0 0 0 1 0 0
0 0 0 0 0 0 0 1 0 0 0 0 0 0 0 0 0 0 0 0 0 0 15 15 0 0 0 0 1 0 0 15 15 0 4 18 0 0 0 0 0 0
0 0 0 0 0 0 0 1 0 0 0 0 0 0 0 0 0 0 0 0 0 0 44 44 0 0 0 0 1 0 0 141 44 0 41 18 0 0 0 1 0 0
0 0 0 0 0 0 0 1 0 0 0 0 0 0 0 0 0 0 0 0 0 0 49 49 0 0 0 0 1 0 0 47 49 0 2 41 0 0 0 0 0 0
0 0 0 0 0 0 0 1 0 0 0 0 0 0 0 0 0 0 0 0 0 0 27 27 0 0 0 0 1 0 0 141 27 0 0 11 0 0 0 0 0 0
0 0 0 0 0 0 0 1 0 0 0 0 0 0 0 0 0 0 0 0 0 0 33 33 0 0 0 0 1 0 0 133 33 0 43 14 0 0 0 1 0 0
0 0 0 0 0 0 0 1 0 0 0 0 0 0 0 0 0 0 0 0 0 0 18 18 0 0 0 0 1 0 0 141 18 0 1 7 0 0 0 0 0 0
0 0 0 0 0 0 0 1 0 0 0 0 0 0 0 0 0 0 0 0 0 0 14 14 0 0 0 0 1 0 0 141 112 0 32 45 0 0 0 0 0 0
0 0 0 0 0 0 0 1 0 0 0 0 0 0 0 0 0 0 0 0 0 0 54 54 0 0 0 0 1 0 0 141 151 1 17 61 0 0 0 0 0 0
0 0 0 0 0 0 0 1 0 0 0 0 0 0 0 0 0 0 0 0 0 0 16 16 0 0 0 0 1 0 0 106 16 0 4 8 0 0 0 0 0 0
0 0 0 0 0 0 0 1 0 0 0 0 0 0 0 0 0 0 0 0 0 0 28 28 0 0 0 0 1 0 0 141 28 0 0 11 0 0 0 0 0 0
0 0 0 0 0 0 0 1 0 0 0 0 0 0 0 0 0 0 0 0 0 0 71 71 0 0 0 0 1 0 0 141 71 0 3 28 0 0 0 0 0 0
0 0 0 0 0 0 0 1 0 0 0 0 0 0 0 0 0 0 0 0 0 0 50 49 0 0 0 0 1 0 0 141 49 0 1 20 0 0 0 1 0 0
0 0 0 0 0 0 0 1 0 0 0 0 0 0 0 0 0 0 0 0 0 0 47 47 0 0 0 0 1 0 0 137 47 0 3 19 0 0 0 0 0 0
0 0 0 0 0 0 0 1 0 0 0 0 0 0 0 0 0 0 0 0 0 0 38 38 0 0 0 0 1 0 0 128 38 0 4 16 0 0 0 0 0 0
0 0 0 0 0 0 0 1 0 0 0 0 0 0 0 0 0 0 0 0 0 0 1 1 0 0 0 0 1 0 0 141 68 0 0 27 0 0 0 0 0 0
0 0 0 0 0 0 0 1 0 0 0 0 0 0 0 0 0 0 0 0 0 0 77 77 0 0 0 0 1 0 0 71 77 1 2 52 0 0 0 0 0 0
0 0 0 0 0 0 0 1 0 0 0 0 0 0 0 0 0 0 0 0 0 0 96 96 0 0 0 0 1 0 0 89 96 1 1 57 0 0 0 0 0 0
0 0 0 0 0 0 0 1 0 0 0 0 0 0 0 0 0 0 0 0 0 0 142 46 1 0 0 0 0 0 0 141 46 0 59 18 0 0 0 1 0 0
0 0 0 0 0 0 0 1 0 0 0 0 0 0 0 0 0 0 0 0 0 0 37 37 0 0 0 0 1 0 0 137 37 0 42 15 0 0 0 1 0 0
0 0 0 0 0 0 0 1 0 0 0 0 0 0 0 0 0 0 0 0 0 0 86 86 0 0 0 0 1 0 0 141 86 0 3 34 0 0 0 0 0 0
0 0 0 0 0 0 0 1 0 0 0 0 0 0 0 0 0 0 0 0 0 0 92 92 0 0 0 0 1 0 0 141 59 0 0 24 0 0 0 0 0 0
0 0 0 0 0 0 0 1 0 0 0 0 0 0 0 0 0 0 0 0 0 0 76 76 0 0 0 0 1 0 0 141 76 0 0 30 0 0 0 0 0 0
0 0 0 0 0 0 0 1 0 0 0 0 0 0 0 0 0 0 0 0 0 0 78 78 0 0 0 0 1 0 0 141 78 0 3 31 0 0 0 0 0 0
0 0 0 0 0 0 0 1 0 0 0 0 0 0 0 0 0 0 0 0 0 0 57 57 0 0 0 0 1 0 0 141 57 0 0 23 0 0 0 0 0 0
0 0 0 0 0 0 0 1 0 0 0 0 0 0 0 0 0 0 0 0 0 0 79 79 0 0 0 0 1 0 0 141 79 0 3 31 0 0 0 0 0 0
0 0 0 0 0 0 0 1 0 0 0 0 0 0 0 0 0 0 0 0 0 0 90 90 0 0 0 0 1 0 0 141 90 0 3 36 0 0 0 0 0 0
0 0 0 0 0 0 0 1 0 0 0 0 0 0 0 0 0 0 0 0 0 0 94 94 0 0 0 0 1 0 0 87 94 1 1 57 0 0 0 0 0 0
0 0 0 0 0 0 0 1 0 0 0 0 0 0 0 0 0 0 0 0 0 0 165 69 1 0 0 0 0 0 0 141 69 0 50 27 0 0 0 1 0 0
0 0 0 0 0 0 0 1 0 0 0 0 0 0 0 0 0 0 0 0 0 0 6 6 0 0 0 0 1 0 0 141 73 0 0 29 0 0 0 0 0 0
0 0 0 0 0 0 0 1 0 0 0 0 0 0 0 0 0 0 0 0 0 0 159 63 1 0 0 0 0 0 0 141 63 0 52 25 0 0 0 1 0 0
0 0 0 0 0 0 0 1 0 0 0 0 0 0 0 0 0 0 0 0 0 0 70 69 0 0 0 0 1 0 0 141 69 0 0 27 0 0 0 0 0 0
0 0 0 0 0 0 0 1 0 0 0 0 0 0 0 0 0 0 0 0 0 0 56 56 0 0 0 0 1 0 0 141 56 0 0 22 0 0 0 0 0 0
0 0 0 0 0 0 0 1 0 0 0 0 0 0 0 0 0 0 0 0 0 0 98 98 0 0 0 0 1 0 0 141 65 0 0 26 0 0 0 0 0 0
0 0 0 0 0 0 0 1 0 0 0 0 0 0 0 0 0 0 0 0 0 0 13 13 0 0 0 0 1 0 0 141 13 0 1 5 0 0 0 0 0 0
0 0 0 0 0 0 0 1 0 0 0 0 0 0 0 0 0 0 0 0 0 0 95 93 0 0 0 0 1 0 0 141 93 0 1 37 0 0 0 0 0 0
0 0 0 0 0 0 0 1 0 0 0 0 0 0 0 0 0 0 0 0 0 0 54 53 0 0 0 0 1 0 0 141 53 0 1 21 0 0 0 1 0 0
0 0 0 0 0 0 0 1 0 0 0 0 0 0 0 0 0 0 0 0 0 0 57 57 0 0 0 0 1 0 0 141 57 0 3 23 0 0 0 0 0 0
0 0 0 0 0 0 0 1 0 0 0 0 0 0 0 0 0 0 0 0 0 0 87 87 0 0 0 0 1 0 0 141 54 0 0 22 0 0 0 0 0 0
0 0 0 0 0 0 0 1 0 0 0 0 0 0 0 0 0 0 0 0 0 0 29 29 0 0 0 0 1 0 0 141 96 0 0 38 0 0 0 0 0 0
0 0 0 0 0 0 0 1 0 0 0 0 0 0 0 0 0 0 0 0 0 0 79 79 0 0 0 0 1 0 0 141 79 0 0 31 0 0 0 0 0 0
0 0 0 0 0 0 0 1 0 0 0 0 0 0 0 0 0 0 0 0 0 0 27 27 0 0 0 0 1 0 0 141 27 0 0 11 0 0 0 0 0 0
0 0 0 0 0 0 0 1 0 0 0 0 0 0 0 0 0 0 0 0 0 0 62 62 0 0 0 0 1 0 0 141 159 1 13 64 0 0 0 0 0 0
0 0 0 0 0 0 0 1 0 0 0 0 0 0 0 0 0 0 0 0 0 0 48 48 0 0 0 0 1 0 0 46 48 0 2 40 0 0 0 0 0 0
0 0 0 0 0 0 0 1 0 0 0 0 0 0 0 0 0 0 0 0 0 0 57 56 0 0 0 0 1 0 0 141 56 0 1 22 0 0 0 1 0 0
0 0 0 0 0 0 0 1 0 0 0 0 0 0 0 0 0 0 0 0 0 0 25 25 0 0 0 0 1 0 0 141 92 0 0 36 0 0 0 0 0 0
0 0 0 0 0 0 0 1 0 0 0 0 0 0 0 0 0 0 0 0 0 0 53 53 0 0 0 0 1 0 0 141 53 0 0 21 0 0 0 0 0 0
0 0 0 0 0 0 0 1 0 0 0 0 0 0 0 0 0 0 0 0 0 0 86 84 0 0 0 0 1 0 0 141 84 0 1 33 0 0 0 1 0 0
0 0 0 0 0 0 0 1 0 0 0 0 0 0 0 0 0 0 0 0 0 0 98 98 0 0 0 0 1 0 0 141 98 0 0 39 0 0 0 0 0 0
0 0 0 0 0 0 0 1 0 0 0 0 0 0 0 0 0 0 0 0 0 0 10 10 0 0 0 0 1 0 0 141 10 0 1 4 0 0 0 1 0 0
0 0 0 0 0 0 0 1 0 0 0 0 0 0 0 0 0 0 0 0 0 0 98 96 0 0 0 0 1 0 0 141 96 0 1 38 0 0 0 0 0 0
0 0 0 0 0 0 0 1 0 0 0 0 0 0 0 0 0 0 0 0 0 0 39 39 0 0 0 0 1 0 0 141 39 0 1 16 0 0 0 0 0 0
0 0 0 0 0 0 0 1 0 0 0 0 0 0 0 0 0 0 0 0 0 0 70 70 0 0 0 0 1 0 0 141 70 0 41 28 0 0 0 1 0 0
0 0 0 0 0 0 0 1 0 0 0 0 0 0 0 0 0 0 0 0 0 0 2 2 0 0 0 0 1 0 0 141 2 0 1 1 0 0 0 0 0 0
0 0 0 0 0 0 0 1 0 0 0 0 0 0 0 0 0 0 0 0 0 0 21 21 0 0 0 0 1 0 0 141 21 0 0 9 0 0 0 0 0 0
0 0 0 0 0 0 0 1 0 0 0 0 0 0 0 0 0 0 0 0 0 0 46 46 0 0 0 0 1 0 0 141 46 0 1 18 0 0 0 0 0 0
0 0 0 0 0 0 0 1 0 0 0 0 0 0 0 0 0 0 0 0 0 0 85 84 0 0 0 0 1 0 0 141 84 0 0 33 0 0 0 0 0 0
0 0 0 0 0 0 0 1 0 0 0 0 0 0 0 0 0 0 0 0 0 0 131 34 1 0 0 0 0 0 0 141 34 0 64 14 0 0 0 1 0 0
0 0 0 0 0 0 0 1 0 0 0 0 0 0 0 0 0 0 0 0 0 0 79 79 0 0 0 0 1 0 0 73 79 1 2 53 0 0 0 0 0 0
0 0 0 0 0 0 0 1 0 0 0 0 0 0 0 0 0 0 0 0 0 0 96 96 0 0 0 0 1 0 0 141 96 0 38 38 0 0 0 0 0 0
0 0 0 0 0 0 0 1 0 0 0 0 0 0 0 0 0 0 0 0 0 0 86 86 0 0 0 0 1 0 0 141 53 0 0 21 0 0 0 0 0 0
0 0 0 0 0 0 0 1 0 0 0 0 0 0 0 0 0 0 0 0 0 0 93 92 0 0 0 0 1 0 0 141 92 0 0 36 0 0 0 0 0 0
0 0 0 0 0 0 0 1 0 0 0 0 0 0 0 0 0 0 0 0 0 0 82 82 0 0 0 0 1 0 0 141 82 0 3 33 0 0 0 0 0 0
0 0 0 0 0 0 0 1 0 0 0 0 0 0 0 0 0 0 0 0 0 0 73 73 0 0 0 0 1 0 0 141 73 0 0 29 0 0 0 0 0 0
0 0 0 0 0 0 0 1 0 0 0 0 0 0 0 0 0 0 0 0 0 0 76 76 0 0 0 0 1 0 0 141 76 0 1 30 0 0 0 0 0 0
0 0 0 0 0 0 0 1 0 0 0 0 0 0 0 0 0 0 0 0 0 0 88 88 0 0 0 0 1 0 0 141 88 0 0 35 0 0 0 0 0 0
0 0 0 0 0 0 0 1 0 0 0 0 0 0 0 0 0 0 0 0 0 0 26 25 0 0 0 0 1 0 0 141 25 0 1 10 0 0 0 1 0 0
0 0 0 0 0 0 0 1 0 0 0 0 0 0 0 0 0 0 0 0 0 0 175 81 1 0 0 0 0 0 0 141 81 0 45 32 0 0 0 1 0 0
0 0 0 0 0 0 0 1 0 0 0 0 0 0 0 0 0 0 0 0 0 0 33 33 0 0 0 0 1 0 0 123 33 0 4 14 0 0 0 0 0 0
0 0 0 0 0 0 0 1 0 0 0 0 0 0 0 0 0 0 0 0 0 0 3 3 0 0 0 0 1 0 0 141 3 0 0 2 0 0 0 0 0 0
0 0 0 0 0 0 0 1 0 0 0 0 0 0 0 0 0 0 0 0 0 0 47 47 0 0 0 0 1 0 0 141 144 1 19 58 0 0 0 0 0 0
0 0 0 0 0 0 0 1 0 0 0 0 0 0 0 0 0 0 0 0 0 0 75 75 0 0 0 0 1 0 0 141 75 0 41 30 0 0 0 1 0 0
0 0 0 0 0 0 0 1 0 0 0 0 0 0 0 0 0 0 0 0 0 0 90 90 0 0 0 0 1 0 0 141 57 0 0 23 0 0 0 0 0 0
0 0 0 0 0 0 0 1 0 0 0 0 0 0 0 0 0 0 0 0 0 0 7 7 0 0 0 0 1 0 0 141 106 0 35 42 0 0 0 0 0 0
0 0 0 0 0 0 0 1 0 0 0 0 0 0 0 0 0 0 0 0 0 0 84 84 0 0 0 0 1 0 0 78 84 1 2 54 0 0 0 0 0 0
0 0 0 0 0 0 0 1 0 0 0 0 0 0 0 0 0 0 0 0 0 0 18 18 0 0 0 0 1 0 0 141 85 0 0 34 0 0 0 0 0 0
0 0 0 0 0 0 0 1 0 0 0 0 0 0 0 0 0 0 0 0 0 0 58 57 0 0 0 0 1 0 0 141 57 0 1 23 0 0 0 1 0 0
0 0 0 0 0 0 0 1 0 0 0 0 0 0 0 0 0 0 0 0 0 0 39 39 0 0 0 0 1 0 0 37 39 0 3 36 0 0 0 0 0 0
0 0 0 0 0 0 0 1 0 0 0 0 0 0 0 0 0 0 0 0 0 0 40 40 0 0 0 0 1 0 0 141 40 0 0 16 0 0 0 0 0 0
0 0 0 0 0 0 0 1 0 0 0 0 0 0 0 0 0 0 0 0 0 0 97 97 0 0 0 0 1 0 0 90 97 1 1 58 0 0 0 0 0 0
0 0 0 0 0 0 0 1 0 0 0 0 0 0 0 0 0 0 0 0 0 0 26 26 0 0 0 0 1 0 0 141 26 0 1 11 0 0 0 0 0 0
0 0 0 0 0 0 0 1 0 0 0 0 0 0 0 0 0 0 0 0 0 0 137 40 1 0 0 0 0 0 0 141 40 0 61 16 0 0 0 1 0 0
0 0 0 0 0 0 0 1 0 0 0 0 0 0 0 0 0 0 0 0 0 0 71 71 0 0 0 0 1 0 0 65 71 1 2 50 0 0 0 0 0 0
0 0 0 0 0 0 0 1 0 0 0 0 0 0 0 0 0 0 0 0 0 0 34 34 0 0 0 0 1 0 0 141 34 0 0 14 0 0 0 0 0 0
0 0 0 0 0 0 0 1 0 0 0 0 0 0 0 0 0 0 0 0 0 0 75 75 0 0 0 0 1 0 0 141 75 0 3 30 0 0 0 0 0 0
0 0 0 0 0 0 0 1 0 0 0 0 0 0 0 0 0 0 0 0 0 0 69 69 0 0 0 0 1 0 0 141 69 0 41 27 0 0 0 1 0 0
0 0 0 0 0 0 0 1 0 0 0 0 0 0 0 0 0 0 0 0 0 0 54 54 0 0 0 0 1 0 0 52 54 0 2 43 0 0 0 0 0 0
0 0 0 0 0 0 0 1 0 0 0 0 0 0 0 0 0 0 0 0 0 0 114 15 1 0 0 0 0 0 0 141 15 0 71 6 0 0 0 1 0 0
0 0 0 0 0 0 0 1 0 0 0 0 0 0 0 0 0 0 0 0 0 0 26 26 0 0 0 0 1 0 0 141 93 0 0 37 0 0 0 0 0 0
0 0 0 0 0 0 0 1 0 0 0 0 0 0 0 0 0 0 0 0 0 0 86 86 0 0 0 0 1 0 0 80 86 1 2 55 0 0 0 0 0 0
0 0 0 0 0 0 0 1 0 0 0 0 0 0 0 0 0 0 0 0 0 0 32 32 0 0 0 0 1 0 0 141 32 0 0 13 0 0 0 0 0 0
0 0 0 0 0 0 0 1 0 0 0 0 0 0 0 0 0 0 0 0 0 0 95 95 0 0 0 0 1 0 0 141 95 0 0 38 0 0 0 0 0 0
0 0 0 0 0 0 0 1 0 0 0 0 0 0 0 0 0 0 0 0 0 0 23 23 0 0 0 0 1 0 0 141 90 0 0 36 0 0 0 0 0 0
0 0 0 0 0 0 0 1 0 0 0 0 0 0 0 0 0 0 0 0 0 0 52 51 0 0 0 0 1 0 0 141 51 0 1 20 0 0 0 1 0 0
0 0 0 0 0 0 0 1 0 0 0 0 0 0 0 0 0 0 0 0 0 0 32 32 0 0 0 0 1 0 0 30 32 0 3 31 0 0 0 0 0 0
0 0 0 0 0 0 0 1 0 0 0 0 0 0 0 0 0 0 0 0 0 0 4 4 0 0 0 0 1 0 0 4 4 0 4 6 0 0 0 0 0 0
0 0 0 0 0 0 0 1 0 0 0 0 0 0 0 0 0 0 0 0 0 0 13 13 0 0 0 0 1 0 0 141 80 0 0 32 0 0 0 0 0 0
0 0 0 0 0 0 0 1 0 0 0 0 0 0 0 0 0 0 0 0 0 0 99 97 0 0 0 0 1 0 0 141 97 0 1 38 0 0 0 0 0 0
0 0 0 0 0 0 0 1 0 0 0 0 0 0 0 0 0 0 0 0 0 0 38 38 0 0 0 0 1 0 0 138 38 0 42 15 0 0 0 1 0 0
0 0 0 0 0 0 0 1 0 0 0 0 0 0 0 0 0 0 0 0 0 0 27 27 0 0 0 0 1 0 0 117 27 0 4 12 0 0 0 0 0 0
0 0 0 0 0 0 0 1 0 0 0 0 0 0 0 0 0 0 0 0 0 0 67 66 0 0 0 0 1 0 0 141 66 0 1 26 0 0 0 1 0 0
0 0 0 0 0 0 0 1 0 0 0 0 0 0 0 0 0 0 0 0 0 0 48 48 0 0 0 0 1 0 0 138 48 0 3 19 0 0 0 0 0 0
0 0 0 0 0 0 0 1 0 0 0 0 0 0 0 0 0 0 0 0 0 0 40 40 0 0 0 0 1 0 0 140 40 0 41 16 0 0 0 1 0 0
0 0 0 0 0 0 0 1 0 0 0 0 0 0 0 0 0 0 0 0 0 0 69 68 0 0 0 0 1 0 0 141 68 0 1 27 0 0 0 1 0 0
0 0 0 0 0 0 0 1 0 0 0 0 0 0 0 0 0 0 0 0 0 0 67 67 0 0 0 0 1 0 0 141 34 0 0 14 0 0 0 0 0 0
0 0 0 0 0 0 0 1 0 0 0 0 0 0 0 0 0 0 0 0 0 0 78 78 0 0 0 0 1 0 0 141 172 1 7 70 0 0 0 0 0 0
0 0 0 0 0 0 0 1 0 0 0 0 0 0 0 0 0 0 0 0 0 0 22 22 0 0 0 0 1 0 0 21 22 0 3 24 0 0 0 0 0 0
0 0 0 0 0 0 0 1 0 0 0 0 0 0 0 0 0 0 0 0 0 0 1 1 0 0 0 0 1 0 0 141 1 0 0 1 0 0 0 0 0 0
0 0 0 0 0 0 0 1 0 0 0 0 0 0 0 0 0 0 0 0 0 0 63 62 0 0 0 0 1 0 0 141 62 0 1 25 0 0 0 1 0 0
0 0 0 0 0 0 0 1 0 0 0 0 0 0 0 0 0 0 0 0 0 0 93 93 0 0 0 0 1 0 0 141 93 0 1 37 0 0 0 0 0 0
0 0 0 0 0 0 0 1 0 0 0 0 0 0 0 0 0 0 0 0 0 0 82 82 0 0 0 0 1 0 0 141 82 0 1 33 0 0 0 0 0 0
0 0 0 0 0 0 0 1 0 0 0 0 0 0 0 0 0 0 0 0 0 0 156 60 1 0 0 0 0 0 0 141 60 0 53 24 0 0 0 1 0 0
0 0 0 0 0 0 0 1 0 0 0 0 0 0 0 0 0 0 0 0 0 0 5 5 0 0 0 0 1 0 0 141 104 0 36 42 0 0 0 1 0 0
0 0 0 0 0 0 0 1 0 0 0 0 0 0 0 0 0 0 0 0 0 0 63 63 0 0 0 0 1 0 0 141 63 0 0 25 0 0 0 0 0 0
0 0 0 0 0 0 0 1 0 0 0 0 0 0 0 0 0 0 0 0 0 0 6 6 0 0 0 0 1 0 0 106 6 0 51 3 0 0 0 1 0 0
0 0 0 0 0 0 0 1 0 0 0 0 0 0 0 0 0 0 0 0 0 0 75 75 0 0 0 0 1 0 0 141 42 0 0 17 0 0 0 0 0 0
0 0 0 0 0 0 0 1 0 0 0 0 0 0 0 0 0 0 0 0 0 0 13 13 0 0 0 0 1 0 0 113 13 0 49 6 0 0 0 1 0 0
0 0 0 0 0 0 0 1 0 0 0 0 0 0 0 0 0 0 0 0 0 0 78 78 0 0 0 0 1 0 0 141 45 0 0 18 0 0 0 0 0 0
0 0 0 0 0 0 0 1 0 0 0 0 0 0 0 0 0 0 0 0 0 0 12 12 0 0 0 0 1 0 0 141 79 0 0 31 0 0 0 0 0 0
0 0 0 0 0 0 0 1 0 0 0 0 0 0 0 0 0 0 0 0 0 0 33 33 0 0 0 0 1 0 0 141 33 0 1 13 0 0 0 0 0 0
0 0 0 0 0 0 0 1 0 0 0 0 0 0 0 0 0 0 0 0 0 0 123 25 1 0 0 0 0 0 0 141 25 0 67 10 0 0 0 1 0 0
0 0 0 0 0 0 0 1 0 0 0 0 0 0 0 0 0 0 0 0 0 0 55 55 0 0 0 0 1 0 0 141 55 0 3 22 0 0 0 0 0 0
0 0 0 0 0 0 0 1 0 0 0 0 0 0 0 0 0 0 0 0 0 0 13 13 0 0 0 0 1 0 0 13 13 0 4 16 0 0 0 0 0 0
0 0 0 0 0 0 0 1 0 0 0 0 0 0 0 0 0 0 0 0 0 0 39 39 0 0 0 0 1 0 0 141 136 1 22 55 0 0 0 0 0 0
0 0 0 0 0 0 0 1 0 0 0 0 0 0 0 0 0 0 0 0 0 0 57 57 0 0 0 0 1 0 0 141 154 1 15 62 0 0 0 0 0 0
0 0 0 0 0 0 0 1 0 0 0 0 0 0 0 0 0 0 0 0 0 0 91 91 0 0 0 0 1 0 0 141 91 0 40 36 0 0 0 1 0 0
0 0 0 0 0 0 0 1 0 0 0 0 0 0 0 0 0 0 0 0 0 0 69 69 0 0 0 0 1 0 0 141 69 0 3 27 0 0 0 0 0 0
0 0 0 0 0 0 0 1 0 0 0 0 0 0 0 0 0 0 0 0 0 0 95 95 0 0 0 0 1 0 0 141 62 0 0 25 0 0 0 0 0 0
0 0 0 0 0 0 0 1 0 0 0 0 0 0 0 0 0 0 0 0 0 0 5 5 0 0 0 0 1 0 0 97 5 0 4 3 0 0 0 0 0 0
0 0 0 0 0 0 0 1 0 0 0 0 0 0 0 0 0 0 0 0 0 0 47 47 0 0 0 0 1 0 0 141 47 0 41 19 0 0 0 1 0 0
0 0 0 0 0 0 0 1 0 0 0 0 0 0 0 0 0 0 0 0 0 0 57 57 0 0 0 0 1 0 0 55 57 0 2 45 0 0 0 0 0 0
0 0 0 0 0 0 0 1 0 0 0 0 0 0 0 0 0 0 0 0 0 0 14 14 0 0 0 0 1 0 0 141 14 0 0 6 0 0 0 0 0 0
0 0 0 0 0 0 0 1 0 0 0 0 0 0 0 0 0 0 0 0 0 0 53 53 0 0 0 0 1 0 0 141 53 0 0 21 0 0 0 0 0 0
0 0 0 0 0 0 0 1 0 0 0 0 0 0 0 0 0 0 0 0 0 0 66 66 0 0 0 0 1 0 0 141 33 0 0 13 0 0 0 0 0 0
0 0 0 0 0 0 0 1 0 0 0 0 0 0 0 0 0 0 0 0 0 0 33 33 0 0 0 0 1 0 0 31 33 0 3 32 0 0 0 0 0 0
0 0 0 0 0 0 0 1 0 0 0 0 0 0 0 0 0 0 0 0 0 0 35 35 0 0 0 0 1 0 0 135 35 0 42 14 0 0 0 1 0 0
0 0 0 0 0 0 0 1 0 0 0 0 0 0 0 0 0 0 0 0 0 0 6 6 0 0 0 0 1 0 0 141 6 0 0 3 0 0 0 0 0 0
0 0 0 0 0 0 0 1 0 0 0 0 0 0 0 0 0 0 0 0 0 0 34 34 0 0 0 0 1 0 0 141 34 0 0 14 0 0 0 0 0 0
0 0 0 0 0 0 0 1 0 0 0 0 0 0 0 0 0 0 0 0 0 0 71 71 0 0 0 0 1 0 0 141 71 0 0 28 0 0 0 0 0 0
0 0 0 0 0 0 0 1 0 0 0 0 0 0 0 0 0 0 0 0 0 0 15 15 0 0 0 0 1 0 0 141 15 0 0 6 0 0 0 0 0 0
0 0 0 0 0 0 0 1 0 0 0 0 0 0 0 0 0 0 0 0 0 0 86 86 0 0 0 0 1 0 0 141 86 0 41 34 0 0 0 1 0 0
0 0 0 0 0 0 0 1 0 0 0 0 0 0 0 0 0 0 0 0 0 0 26 26 0 0 0 0 1 0 0 141 26 0 0 11 0 0 0 0 0 0
0 0 0 0 0 0 0 1 0 0 0 0 0 0 0 0 0 0 0 0 0 0 95 95 0 0 0 0 1 0 0 88 95 1 1 57 0 0 0 0 0 0
0 0 0 0 0 0 0 1 0 0 0 0 0 0 0 0 0 0 0 0 0 0 30 30 0 0 0 0 1 0 0 141 127 1 26 51 0 0 0 0 0 0
0 0 0 0 0 0 0 1 0 0 0 0 0 0 0 0 0 0 0 0 0 0 74 72 0 0 0 0 1 0 0 141 72 0 1 29 0 0 0 1 0 0
0 0 0 0 0 0 0 1 0 0 0 0 0 0 0 0 0 0 0 0 0 0 18 18 0 0 0 0 1 0 0 141 115 0 31 47 0 0 0 0 0 0
0 0 0 0 0 0 0 1 0 0 0 0 0 0 0 0 0 0 0 0 0 0 5 5 0 0 0 0 1 0 0 141 5 0 1 2 0 0 0 1 0 0
0 0 0 0 0 0 0 1 0 0 0 0 0 0 0 0 0 0 0 0 0 0 23 23 0 0 0 0 1 0 0 22 23 0 3 25 0 0 0 0 0 0
0 0 0 0 0 0 0 1 0 0 0 0 0 0 0 0 0 0 0 0 0 0 30 29 0 0 0 0 1 0 0 141 29 0 1 12 0 0 0 1 0 0
0 0 0 0 0 0 0 1 0 0 0 0 0 0 0 0 0 0 0 0 0 0 89 89 0 0 0 0 1 0 0 82 89 1 1 56 0 0 0 0 0 0
0 0 0 0 0 0 0 1 0 0 0 0 0 0 0 0 0 0 0 0 0 0 76 76 0 0 0 0 1 0 0 141 43 0 0 17 0 0 0 0 0 0
0 0 0 0 0 0 0 1 0 0 0 0 0 0 0 0 0 0 0 0 0 0 94 93 0 0 0 0 1 0 0 141 93 0 0 37 0 0 0 0 0 0
0 0 0 0 0 0 0 1 0 0 0 0 0 0 0 0 0 0 0 0 0 0 135 38 1 0 0 0 0 0 0 141 38 0 62 15 0 0 0 1 0 0
0 0 0 0 0 0 0 1 0 0 0 0 0 0 0 0 0 0 0 0 0 0 70 70 0 0 0 0 1 0 0 141 70 0 0 28 0 0 0 0 0 0
0 0 0 0 0 0 0 1 0 0 0 0 0 0 0 0 0 0 0 0 0 0 97 96 0 0 0 0 1 0 0 141 96 0 0 38 0 0 0 0 0 0
0 0 0 0 0 0 0 1 0 0 0 0 0 0 0 0 0 0 0 0 0 0 29 29 0 0 0 0 1 0 0 129 29 0 44 12 0 0 0 1 0 0
0 0 0 0 0 0 0 1 0 0 0 0 0 0 0 0 0 0 0 0 0 0 46 45 0 0 0 0 1 0 0 141 45 0 1 18 0 0 0 1 0 0
0 0 0 0 0 0 0 1 0 0 0 0 0 0 0 0 0 0 0 0 0 0 27 26 0 0 0 0 1 0 0 141 26 0 1 11 0 0 0 1 0 0
0 0 0 0 0 0 0 1 0 0 0 0 0 0 0 0 0 0 0 0 0 0 56 56 0 0 0 0 1 0 0 141 23 0 0 9 0 0 0 0 0 0
0 0 0 0 0 0 0 1 0 0 0 0 0 0 0 0 0 0 0 0 0 0 24 24 0 0 0 0 1 0 0 141 24 0 0 10 0 0 0 0 0 0
0 0 0 0 0 0 0 1 0 0 0 0 0 0 0 0 0 0 0 0 0 0 4 4 0 0 0 0 1 0 0 96 4 0 4 2 0 0 0 0 0 0
0 0 0 0 0 0 0 1 0 0 0 0 0 0 0 0 0 0 0 0 0 0 98 98 0 0 0 0 1 0 0 141 98 0 37 39 0 0 0 0 0 0
0 0 0 0 0 0 0 1 0 0 0 0 0 0 0 0 0 0 0 0 0 0 133 36 1 0 0 0 0 0 0 141 36 0 63 15 0 0 0 1 0 0
0 0 0 0 0 0 0 1 0 0 0 0 0 0 0 0 0 0 0 0 0 0 59 59 0 0 0 0 1 0 0 141 59 0 0 24 0 0 0 0 0 0
0 0 0 0 0 0 0 1 0 0 0 0 0 0 0 0 0 0 0 0 0 0 51 51 0 0 0 0 1 0 0 141 51 0 0 20 0 0 0 0 0 0
0 0 0 0 0 0 0 1 0 0 0 0 0 0 0 0 0 0 0 0 0 0 67 67 0 0 0 0 1 0 0 62 67 0 2 49 0 0 0 0 0 0
0 0 0 0 0 0 0 1 0 0 0 0 0 0 0 0 0 0 0 0 0 0 77 77 0 0 0 0 1 0 0 141 77 0 3 31 0 0 0 0 0 0
0 0 0 0 0 0 0 1 0 0 0 0 0 0 0 0 0 0 0 0 0 0 59 59 0 0 0 0 1 0 0 141 156 1 15 63 0 0 0 0 0 0
0 0 0 0 0 0 0 1 0 0 0 0 0 0 0 0 0 0 0 0 0 0 23 23 0 0 0 0 1 0 0 141 23 0 0 9 0 0 0 0 0 0
0 0 0 0 0 0 0 1 0 0 0 0 0 0 0 0 0 0 0 0 0 0 88 88 0 0 0 0 1 0 0 141 88 0 41 35 0 0 0 1 0 0
0 0 0 0 0 0 0 1 0 0 0 0 0 0 0 0 0 0 0 0 0 0 179 85 1 0 0 0 0 0 0 141 85 0 44 34 0 0 0 1 0 0
0 0 0 0 0 0 0 1 0 0 0 0 0 0 0 0 0 0 0 0 0 0 63 63 0 0 0 0 1 0 0 141 63 0 41 25 0 0 0 1 0 0
0 0 0 0 0 0 0 1 0 0 0 0 0 0 0 0 0 0 0 0 0 0 113 14 1 0 0 0 0 0 0 141 14 0 72 6 0 0 0 1 0 0
0 0 0 0 0 0 0 1 0 0 0 0 0 0 0 0 0 0 0 0 0 0 37 37 0 0 0 0 1 0 0 141 134 1 23 54 0 0 0 0 0 0
0 0 0 0 0 0 0 1 0 0 0 0 0 0 0 0 0 0 0 0 0 0 90 90 0 0 0 0 1 0 0 141 90 0 0 36 0 0 0 0 0 0
0 0 0 0 0 0 0 1 0 0 0 0 0 0 0 0 0 0 0 0 0 0 8 8 0 0 0 0 1 0 0 141 75 0 0 30 0 0 0 0 0 0
0 0 0 0 0 0 0 1 0 0 0 0 0 0 0 0 0 0 0 0 0 0 24 24 0 0 0 0 1 0 0 141 91 0 0 36 0 0 0 0 0 0
0 0 0 0 0 0 0 1 0 0 0 0 0 0 0 0 0 0 0 0 0 0 49 49 0 0 0 0 1 0 0 141 49 0 0 20 0 0 0 0 0 0
0 0 0 0 0 0 0 1 0 0 0 0 0 0 0 0 0 0 0 0 0 0 81 81 0 0 0 0 1 0 0 141 81 0 1 32 0 0 0 0 0 0
0 0 0 0 0 0 0 1 0 0 0 0 0 0 0 0 0 0 0 0 0 0 71 71 0 0 0 0 1 0 0 141 38 0 0 15 0 0 0 0 0 0
0 0 0 0 0 0 0 1 0 0 0 0 0 0 0 0 0 0 0 0 0 0 50 50 0 0 0 0 1 0 0 140 50 0 3 20 0 0 0 0 0 0
0 0 0 0 0 0 0 1 0 0 0 0 0 0 0 0 0 0 0 0 0 0 109 10 1 0 0 0 0 0 0 141 10 0 73 4 0 0 0 1 0 0
0 0 0 0 0 0 0 1 0 0 0 0 0 0 0 0 0 0 0 0 0 0 89 89 0 0 0 0 1 0 0 141 89 0 0 35 0 0 0 0 0 0
0 0 0 0 0 0 0 1 0 0 0 0 0 0 0 0 0 0 0 0 0 0 77 76 0 0 0 0 1 0 0 141 76 0 0 30 0 0 0 0 0 0
0 0 0 0 0 0 0 1 0 0 0 0 0 0 0 0 0 0 0 0 0 0 88 86 0 0 0 0 1 0 0 141 86 0 1 34 0 0 0 1 0 0
0 0 0 0 0 0 0 1 0 0 0 0 0 0 0 0 0 0 0 0 0 0 41 41 0 0 0 0 1 0 0 141 138 1 22 56 0 0 0 0 0 0
0 0 0 0 0 0 0 1 0 0 0 0 0 0 0 0 0 0 0 0 0 0 87 87 0 0 0 0 1 0 0 141 87 0 3 35 0 0 0 0 0 0
0 0 0 0 0 0 0 1 0 0 0 0 0 0 0 0 0 0 0 0 0 0 41 41 0 0 0 0 1 0 0 141 41 0 0 16 0 0 0 0 0 0
0 0 0 0 0 0 0 1 0 0 0 0 0 0 0 0 0 0 0 0 0 0 42 42 0 0 0 0 1 0 0 40 42 0 2 37 0 0 0 0 0 0
0 0 0 0 0 0 0 1 0 0 0 0 0 0 0 0 0 0 0 0 0 0 68 67 0 0 0 0 1 0 0 141 67 0 1 27 0 0 0 1 0 0
0 0 0 0 0 0 0 1 0 0 0 0 0 0 0 0 0 0 0 0 0 0 12 12 0 0 0 0 1 0 0 12 12 0 4 15 0 0 0 0 0 0
0 0 0 0 0 0 0 1 0 0 0 0 0 0 0 0 0 0 0 0 0 0 25 25 0 0 0 0 1 0 0 24 25 0 3 27 0 0 0 0 0 0
0 0 0 0 0 0 0 1 0 0 0 0 0 0 0 0 0 0 0 0 0 0 10 10 0 0 0 0 1 0 0 141 108 0 34 44 0 0 0 0 0 0
0 0 0 0 0 0 0 1 0 0 0 0 0 0 0 0 0 0 0 0 0 0 11 11 0 0 0 0 1 0 0 111 11 0 49 5 0 0 0 1 0 0
0 0 0 0 0 0 0 1 0 0 0 0 0 0 0 0 0 0 0 0 0 0 60 60 0 0 0 0 1 0 0 141 60 0 1 24 0 0 0 0 0 0
0 0 0 0 0 0 0 1 0 0 0 0 0 0 0 0 0 0 0 0 0 0 33 33 0 0 0 0 1 0 0 141 33 0 0 13 0 0 0 0 0 0
0 0 0 0 0 0 0 1 0 0 0 0 0 0 0 0 0 0 0 0 0 0 68 68 0 0 0 0 1 0 0 141 163 1 11 66 0 0 0 0 0 0
0 0 0 0 0 0 0 1 0 0 0 0 0 0 0 0 0 0 0 0 0 0 82 80 0 0 0 0 1 0 0 141 80 0 1 32 0 0 0 1 0 0
0 0 0 0 0 0 0 1 0 0 0 0 0 0 0 0 0 0 0 0 0 0 50 50 0 0 0 0 1 0 0 141 147 1 18 59 0 0 0 0 0 0
0 0 0 0 0 0 0 1 0 0 0 0 0 0 0 0 0 0 0 0 0 0 64 64 0 0 0 0 1 0 0 59 64 0 2 47 0 0 0 0 0 0
0 0 0 0 0 0 0 1 0 0 0 0 0 0 0 0 0 0 0 0 0 0 48 47 0 0 0 0 1 0 0 141 47 0 1 19 0 0 0 1 0 0
0 0 0 0 0 0 0 1 0 0 0 0 0 0 0 0 0 0 0 0 0 0 2 2 0 0 0 0 1 0 0 141 101 0 37 40 0 0 0 1 0 0
0 0 0 0 0 0 0 1 0 0 0 0 0 0 0 0 0 0 0 0 0 0 43 43 0 0 0 0 1 0 0 141 140 1 21 56 0 0 0 0 0 0
0 0 0 0 0 0 0 1 0 0 0 0 0 0 0 0 0 0 0 0 0 0 35 35 0 0 0 0 1 0 0 141 132 1 24 53 0 0 0 0 0 0
0 0 0 0 0 0 0 1 0 0 0 0 0 0 0 0 0 0 0 0 0 0 47 47 0 0 0 0 1 0 0 45 47 0 2 40 0 0 0 0 0 0
0 0 0 0 0 0 0 1 0 0 0 0 0 0 0 0 0 0 0 0 0 0 81 79 0 0 0 0 1 0 0 141 79 0 1 31 0 0 0 1 0 0
0 0 0 0 0 0 0 1 0 0 0 0 0 0 0 0 0 0 0 0 0 0 59 59 0 0 0 0 1 0 0 141 26 0 0 11 0 0 0 0 0 0
0 0 0 0 0 0 0 1 0 0 0 0 0 0 0 0 0 0 0 0 0 0 15 15 0 0 0 0 1 0 0 141 15 0 1 6 0 0 0 0 0 0
0 0 0 0 0 0 0 1 0 0 0 0 0 0 0 0 0 0 0 0 0 0 80 80 0 0 0 0 1 0 0 141 80 0 0 32 0 0 0 0 0 0
0 0 0 0 0 0 0 1 0 0 0 0 0 0 0 0 0 0 0 0 0 0 101 1 1 0 0 0 0 0 0 141 1 0 77 1 0 0 0 1 0 0
0 0 0 0 0 0 0 1 0 0 0 0 0 0 0 0 0 0 0 0 0 0 22 22 0 0 0 0 1 0 0 141 89 0 0 35 0 0 0 0 0 0
0 0 0 0 0 0 0 1 0 0 0 0 0 0 0 0 0 0 0 0 0 0 17 17 0 0 0 0 1 0 0 117 17 0 48 8 0 0 0 1 0 0
0 0 0 0 0 0 0 1 0 0 0 0 0 0 0 0 0 0 0 0 0 0 85 85 0 0 0 0 1 0 0 141 52 0 0 21 0 0 0 0 0 0
0 0 0 0 0 0 0 1 0 0 0 0 0 0 0 0 0 0 0 0 0 0 49 49 0 0 0 0 1 0 0 141 16 0 0 7 0 0 0 0 0 0
0 0 0 0 0 0 0 1 0 0 0 0 0 0 0 0 0 0 0 0 0 0 67 67 0 0 0 0 1 0 0 141 67 0 3 27 0 0 0 0 0 0
0 0 0 0 0 0 0 1 0 0 0 0 0 0 0 0 0 0 0 0 0 0 60 60 0 0 0 0 1 0 0 141 27 0 0 11 0 0 0 0 0 0
0 0 0 0 0 0 0 1 0 0 0 0 0 0 0 0 0 0 0 0 0 0 17 17 0 0 0 0 1 0 0 141 17 0 1 7 0 0 0 0 0 0
0 0 0 0 0 0 0 1 0 0 0 0 0 0 0 0 0 0 0 0 0 0 52 52 0 0 0 0 1 0 0 141 52 0 0 21 0 0 0 0 0 0
0 0 0 0 0 0 0 1 0 0 0 0 0 0 0 0 0 0 0 0 0 0 65 65 0 0 0 0 1 0 0 60 65 0 2 48 0 0 0 0 0 0
0 0 0 0 0 0 0 1 0 0 0 0 0 0 0 0 0 0 0 0 0 0 144 48 1 0 0 0 0 0 0 141 48 0 58 19 0 0 0 1 0 0
0 0 0 0 0 0 0 1 0 0 0 0 0 0 0 0 0 0 0 0 0 0 35 35 0 0 0 0 1 0 0 141 2 0 0 1 0 0 0 0 0 0
0 0 0 0 0 0 0 1 0 0 0 0 0 0 0 0 0 0 0 0 0 0 153 57 1 0 0 0 0 0 0 141 57 0 55 23 0 0 0 1 0 0
0 0 0 0 0 0 0 1 0 0 0 0 0 0 0 0 0 0 0 0 0 0 168 72 1 0 0 0 0 0 0 141 72 0 49 29 0 0 0 1 0 0
0 0 0 0 0 0 0 1 0 0 0 0 0 0 0 0 0 0 0 0 0 0 35 34 0 0 0 0 1 0 0 141 34 0 1 14 0 0 0 1 0 0
0 0 0 0 0 0 0 1 0 0 0 0 0 0 0 0 0 0 0 0 0 0 77 77 0 0 0 0 1 0 0 141 77 0 0 31 0 0 0 0 0 0
0 0 0 0 0 0 0 1 0 0 0 0 0 0 0 0 0 0 0 0 0 0 95 95 0 0 0 0 1 0 0 141 95 0 1 38 0 0 0 0 0 0
0 0 0 0 0 0 0 1 0 0 0 0 0 0 0 0 0 0 0 0 0 0 104 4 1 0 0 0 0 0 0 141 4 0 75 2 0 0 0 1 0 0
0 0 0 0 0 0 0 1 0 0 0 0 0 0 0 0 0 0 0 0 0 0 29 29 0 0 0 0 1 0 0 141 29 0 0 12 0 0 0 0 0 0
0 0 0 0 0 0 0 1 0 0 0 0 0 0 0 0 0 0 0 0 0 0 3 3 0 0 0 0 1 0 0 141 3 0 1 2 0 0 0 0 0 0
0 0 0 0 0 0 0 1 0 0 0 0 0 0 0 0 0 0 0 0 0 0 35 35 0 0 0 0 1 0 0 141 35 0 0 14 0 0 0 0 0 0
0 0 0 0 0 0 0 1 0 0 0 0 0 0 0 0 0 0 0 0 0 0 38 38 0 0 0 0 1 0 0 141 38 0 1 15 0 0 0 0 0 0
0 0 0 0 0 0 0 1 0 0 0 0 0 0 0 0 0 0 0 0 0 0 41 41 0 0 0 0 1 0 0 141 41 0 0 16 0 0 0 0 0 0
0 0 0 0 0 0 0 1 0 0 0 0 0 0 0 0 0 0 0 0 0 0 52 52 0 0 0 0 1 0 0 141 52 0 3 21 0 0 0 0 0 0
0 0 0 0 0 0 0 1 0 0 0 0 0 0 0 0 0 0 0 0 0 0 59 59 0 0 0 0 1 0 0 141 59 0 3 24 0 0 0 0 0 0
0 0 0 0 0 0 0 1 0 0 0 0 0 0 0 0 0 0 0 0 0 0 63 63 0 0 0 0 1 0 0 141 63 0 3 25 0 0 0 0 0 0
0 0 0 0 0 0 0 1 0 0 0 0 0 0 0 0 0 0 0 0 0 0 2 2 0 0 0 0 1 0 0 102 2 0 52 1 0 0 0 1 0 0
0 0 0 0 0 0 0 1 0 0 0 0 0 0 0 0 0 0 0 0 0 0 188 95 1 0 0 0 0 0 0 141 95 0 40 38 0 0 0 1 0 0
0 0 0 0 0 0 0 1 0 0 0 0 0 0 0 0 0 0 0 0 0 0 68 68 0 0 0 0 1 0 0 141 68 0 41 27 0 0 0 1 0 0
0 0 0 0 0 0 0 1 0 0 0 0 0 0 0 0 0 0 0 0 0 0 20 20 0 0 0 0 1 0 0 141 20 0 0 8 0 0 0 0 0 0
0 0 0 0 0 0 0 1 0 0 0 0 0 0 0 0 0 0 0 0 0 0 16 16 0 0 0 0 1 0 0 16 16 0 3 19 0 0 0 0 0 0
0 0 0 0 0 0 0 1 0 0 0 0 0 0 0 0 0 0 0 0 0 0 44 44 0 0 0 0 1 0 0 141 44 0 0 18 0 0 0 0 0 0
0 0 0 0 0 0 0 1 0 0 0 0 0 0 0 0 0 0 0 0 0 0 36 35 0 0 0 0 1 0 0 141 35 0 1 14 0 0 0 1 0 0
0 0 0 0 0 0 0 1 0 0 0 0 0 0 0 0 0 0 0 0 0 0 65 65 0 0 0 0 1 0 0 141 65 0 1 26 0 0 0 0 0 0
0 0 0 0 0 0 0 1 0 0 0 0 0 0 0 0 0 0 0 0 0 0 60 59 0 0 0 0 1 0 0 141 59 0 1 24 0 0 0 1 0 0
0 0 0 0 0 0 0 1 0 0 0 0 0 0 0 0 0 0 0 0 0 0 107 7 1 0 0 0 0 0 0 141 7 0 74 3 0 0 0 1 0 0
0 0 0 0 0 0 0 1 0 0 0 0 0 0 0 0 0 0 0 0 0 0 20 20 0 0 0 0 1 0 0 110 20 0 4 9 0 0 0 0 0 0
0 0 0 0 0 0 0 1 0 0 0 0 0 0 0 0 0 0 0 0 0 0 56 56 0 0 0 0 1 0 0 141 56 0 41 22 0 0 0 1 0 0
0 0 0 0 0 0 0 1 0 0 0 0 0 0 0 0 0 0 0 0 0 0 50 50 0 0 0 0 1 0 0 141 50 0 0 20 0 0 0 0 0 0
0 0 0 0 0 0 0 1 0 0 0 0 0 0 0 0 0 0 0 0 0 0 23 23 0 0 0 0 1 0 0 113 23 0 4 11 0 0 0 0 0 0
0 0 0 0 0 0 0 1 0 0 0 0 0 0 0 0 0 0 0 0 0 0 174 80 1 0 0 0 0 0 0 141 80 0 46 32 0 0 0 1 0 0
0 0 0 0 0 0 0 1 0 0 0 0 0 0 0 0 0 0 0 0 0 0 66 66 0 0 0 0 1 0 0 141 66 0 3 26 0 0 0 0 0 0
0 0 0 0 0 0 0 1 0 0 0 0 0 0 0 0 0 0 0 0 0 0 31 31 0 0 0 0 1 0 0 141 98 0 0 39 0 0 0 0 0 0
0 0 0 0 0 0 0 1 0 0 0 0 0 0 0 0 0 0 0 0 0 0 7 7 0 0 0 0 1 0 0 141 7 0 0 3 0 0 0 0 0 0
0 0 0 0 0 0 0 1 0 0 0 0 0 0 0 0 0 0 0 0 0 0 46 46 0 0 0 0 1 0 0 141 13 0 0 5 0 0 0 0 0 0
0 0 0 0 0 0 0 1 0 0 0 0 0 0 0 0 0 0 0 0 0 0 55 55 0 0 0 0 1 0 0 53 55 0 2 44 0 0 0 0 0 0
0 0 0 0 0 0 0 1 0 0 0 0 0 0 0 0 0 0 0 0 0 0 87 86 0 0 0 0 1 0 0 141 86 0 0 34 0 0 0 0 0 0
0 0 0 0 0 0 0 1 0 0 0 0 0 0 0 0 0 0 0 0 0 0 36 36 0 0 0 0 1 0 0 141 133 1 24 54 0 0 0 0 0 0
0 0 0 0 0 0 0 1 0 0 0 0 0 0 0 0 0 0 0 0 0 0 73 71 0 0 0 0 1 0 0 141 71 0 1 28 0 0 0 1 0 0
0 0 0 0 0 0 0 0 0 0 0 0 0 0 0 0 0 0 0 0 0 0 0 0 0 0 0 0 1 0 0 92 0 0 4 0 0 0 0 0 0 0
0 0 0 0 0 0 0 1 0 0 0 0 0 0 0 0 0 0 0 0 0 0 70 70 0 0 0 0 1 0 0 141 70 0 1 28 0 0 0 0 0 0
0 0 0 0 0 0 0 1 0 0 0 0 0 0 0 0 0 0 0 0 0 0 115 16 1 0 0 0 0 0 0 141 16 0 71 7 0 0 0 1 0 0
0 0 0 0 0 0 0 1 0 0 0 0 0 0 0 0 0 0 0 0 0 0 39 39 0 0 0 0 1 0 0 141 39 0 0 16 0 0 0 0 0 0
0 0 0 0 0 0 0 1 0 0 0 0 0 0 0 0 0 0 0 0 0 0 34 34 0 0 0 0 1 0 0 141 34 0 1 14 0 0 0 0 0 0
0 0 0 0 0 0 0 1 0 0 0 0 0 0 0 0 0 0 0 0 0 0 83 83 0 0 0 0 1 0 0 141 83 0 41 33 0 0 0 1 0 0
0 0 0 0 0 0 0 1 0 0 0 0 0 0 0 0 0 0 0 0 0 0 31 30 0 0 0 0 1 0 0 141 30 0 1 12 0 0 0 1 0 0
0 0 0 0 0 0 0 0 0 0 0 0 0 0 0 0 0 0 0 0 0 0 0 0 0 0 0 0 1 0 0 141 0 0 1 0 0 0 0 1 0 0
0 0 0 0 0 0 0 1 0 0 0 0 0 0 0 0 0 0 0 0 0 0 75 73 0 0 0 0 1 0 0 141 73 0 1 29 0 0 0 1 0 0
0 0 0 0 0 0 0 1 0 0 0 0 0 0 0 0 0 0 0 0 0 0 71 69 0 0 0 0 1 0 0 141 69 0 1 27 0 0 0 1 0 0
0 0 0 0 0 0 0 1 0 0 0 0 0 0 0 0 0 0 0 0 0 0 91 91 0 0 0 0 1 0 0 84 91 1 1 56 0 0 0 0 0 0
0 0 0 0 0 0 0 1 0 0 0 0 0 0 0 0 0 0 0 0 0 0 130 33 1 0 0 0 0 0 0 141 33 0 64 13 0 0 0 1 0 0
0 0 0 0 0 0 0 1 0 0 0 0 0 0 0 0 0 0 0 0 0 0 10 10 0 0 0 0 1 0 0 141 10 0 1 4 0 0 0 0 0 0
0 0 0 0 0 0 0 1 0 0 0 0 0 0 0 0 0 0 0 0 0 0 95 95 0 0 0 0 1 0 0 141 95 0 39 38 0 0 0 0 0 0
0 0 0 0 0 0 0 1 0 0 0 0 0 0 0 0 0 0 0 0 0 0 88 88 0 0 0 0 1 0 0 141 88 0 3 35 0 0 0 0 0 0
0 0 0 0 0 0 0 1 0 0 0 0 0 0 0 0 0 0 0 0 0 0 91 89 0 0 0 0 1 0 0 141 89 0 1 35 0 0 0 0 0 0
0 0 0 0 0 0 0 1 0 0 0 0 0 0 0 0 0 0 0 0 0 0 29 29 0 0 0 0 1 0 0 141 29 0 1 12 0 0 0 0 0 0
0 0 0 0 0 0 0 1 0 0 0 0 0 0 0 0 0 0 0 0 0 0 79 79 0 0 0 0 1 0 0 141 79 0 1 31 0 0 0 0 0 0
0 0 0 0 0 0 0 1 0 0 0 0 0 0 0 0 0 0 0 0 0 0 6 6 0 0 0 0 1 0 0 141 6 0 1 3 0 0 0 1 0 0
0 0 0 0 0 0 0 1 0 0 0 0 0 0 0 0 0 0 0 0 0 0 17 17 0 0 0 0 1 0 0 141 84 0 0 33 0 0 0 0 0 0
0 0 0 0 0 0 0 1 0 0 0 0 0 0 0 0 0 0 0 0 0 0 19 19 0 0 0 0 1 0 0 141 19 0 0 8 0 0 0 0 0 0
0 0 0 0 0 0 0 1 0 0 0 0 0 0 0 0 0 0 0 0 0 0 127 29 1 0 0 0 0 0 0 141 29 0 66 12 0 0 0 1 0 0
0 0 0 0 0 0 0 1 0 0 0 0 0 0 0 0 0 0 0 0 0 0 125 27 1 0 0 0 0 0 0 141 27 0 66 11 0 0 0 1 0 0
0 0 0 0 0 0 0 1 0 0 0 0 0 0 0 0 0 0 0 0 0 0 11 11 0 0 0 0 1 0 0 141 11 0 1 5 0 0 0 1 0 0
0 0 0 0 0 0 0 1 0 0 0 0 0 0 0 0 0 0 0 0 0 0 4 4 0 0 0 0 1 0 0 104 4 0 52 2 0 0 0 1 0 0
0 0 0 0 0 0 0 1 0 0 0 0 0 0 0 0 0 0 0 0 0 0 50 50 0 0 0 0 1 0 0 48 50 0 2 41 0 0 0 0 0 0
0 0 0 0 0 0 0 1 0 0 0 0 0 0 0 0 0 0 0 0 0 0 89 89 0 0 0 0 1 0 0 141 89 0 3 35 0 0 0 0 0 0
0 0 0 0 0 0 0 1 0 0 0 0 0 0 0 0 0 0 0 0 0 0 80 80 0 0 0 0 1 0 0 141 47 0 0 19 0 0 0 0 0 0
0 0 0 0 0 0 0 1 0 0 0 0 0 0 0 0 0 0 0 0 0 0 72 72 0 0 0 0 1 0 0 141 72 0 41 29 0 0 0 1 0 0
0 0 0 0 0 0 0 1 0 0 0 0 0 0 0 0 0 0 0 0 0 0 140 44 1 0 0 0 0 0 0 141 44 0 60 18 0 0 0 1 0 0
0 0 0 0 0 0 0 1 0 0 0 0 0 0 0 0 0 0 0 0 0 0 89 88 0 0 0 0 1 0 0 141 88 0 0 35 0 0 0 0 0 0
0 0 0 0 0 0 0 1 0 0 0 0 0 0 0 0 0 0 0 0 0 0 44 44 0 0 0 0 1 0 0 141 11 0 0 5 0 0 0 0 0 0
0 0 0 0 0 0 0 1 0 0 0 0 0 0 0 0 0 0 0 0 0 0 117 19 1 0 0 0 0 0 0 141 19 0 70 8 0 0 0 1 0 0
0 0 0 0 0 0 0 1 0 0 0 0 0 0 0 0 0 0 0 0 0 0 83 83 0 0 0 0 1 0 0 141 83 0 0 33 0 0 0 0 0 0
0 0 0 0 0 0 0 1 0 0 0 0 0 0 0 0 0 0 0 0 0 0 94 92 0 0 0 0 1 0 0 141 92 0 1 36 0 0 0 0 0 0
0 0 0 0 0 0 0 1 0 0 0 0 0 0 0 0 0 0 0 0 0 0 20 20 0 0 0 0 1 0 0 141 20 0 0 8 0 0 0 0 0 0
0 0 0 0 0 0 0 1 0 0 0 0 0 0 0 0 0 0 0 0 0 0 45 45 0 0 0 0 1 0 0 141 45 0 0 18 0 0 0 0 0 0
0 0 0 0 0 0 0 1 0 0 0 0 0 0 0 0 0 0 0 0 0 0 98 97 0 0 0 0 1 0 0 141 97 0 0 38 0 0 0 0 0 0
0 0 0 0 0 0 0 1 0 0 0 0 0 0 0 0 0 0 0 0 0 0 116 18 1 0 0 0 0 0 0 141 18 0 70 7 0 0 0 1 0 0
0 0 0 0 0 0 0 1 0 0 0 0 0 0 0 0 0 0 0 0 0 0 69 68 0 0 0 0 1 0 0 141 68 0 0 27 0 0 0 0 0 0
0 0 0 0 0 0 0 1 0 0 0 0 0 0 0 0 0 0 0 0 0 0 81 81 0 0 0 0 1 0 0 141 81 0 0 32 0 0 0 0 0 0
0 0 0 0 0 0 0 1 0 0 0 0 0 0 0 0 0 0 0 0 0 0 56 56 0 0 0 0 1 0 0 141 56 0 0 22 0 0 0 0 0 0
0 0 0 0 0 0 0 1 0 0 0 0 0 0 0 0 0 0 0 0 0 0 183 89 1 0 0 0 0 0 0 141 89 0 42 35 0 0 0 1 0 0
0 0 0 0 0 0 0 1 0 0 0 0 0 0 0 0 0 0 0 0 0 0 81 80 0 0 0 0 1 0 0 141 80 0 0 32 0 0 0 0 0 0
0 0 0 0 0 0 0 1 0 0 0 0 0 0 0 0 0 0 0 0 0 0 5 5 0 0 0 0 1 0 0 105 5 0 51 3 0 0 0 1 0 0
0 0 0 0 0 0 0 1 0 0 0 0 0 0 0 0 0 0 0 0 0 0 8 8 0 0 0 0 1 0 0 141 8 0 0 4 0 0 0 0 0 0
0 0 0 0 0 0 0 1 0 0 0 0 0 0 0 0 0 0 0 0 0 0 3 3 0 0 0 0 1 0 0 141 3 0 1 2 0 0 0 1 0 0
0 0 0 0 0 0 0 1 0 0 0 0 0 0 0 0 0 0 0 0 0 0 89 89 0 0 0 0 1 0 0 141 89 0 41 35 0 0 0 1 0 0
0 0 0 0 0 0 0 1 0 0 0 0 0 0 0 0 0 0 0 0 0 0 105 5 1 0 0 0 0 0 0 141 5 0 75 2 0 0 0 1 0 0
0 0 0 0 0 0 0 1 0 0 0 0 0 0 0 0 0 0 0 0 0 0 4 4 0 0 0 0 1 0 0 141 71 0 0 28 0 0 0 0 0 0
0 0 0 0 0 0 0 1 0 0 0 0 0 0 0 0 0 0 0 0 0 0 37 37 0 0 0 0 1 0 0 141 4 0 0 2 0 0 0 0 0 0
0 0 0 0 0 0 0 1 0 0 0 0 0 0 0 0 0 0 0 0 0 0 26 26 0 0 0 0 1 0 0 141 26 0 0 11 0 0 0 0 0 0
0 0 0 0 0 0 0 1 0 0 0 0 0 0 0 0 0 0 0 0 0 0 90 90 0 0 0 0 1 0 0 141 90 0 1 36 0 0 0 0 0 0
0 0 0 0 0 0 0 1 0 0 0 0 0 0 0 0 0 0 0 0 0 0 78 78 0 0 0 0 1 0 0 72 78 1 2 52 0 0 0 0 0 0
0 0 0 0 0 0 0 1 0 0 0 0 0 0 0 0 0 0 0 0 0 0 45 45 0 0 0 0 1 0 0 141 45 0 1 18 0 0 0 0 0 0
0 0 0 0 0 0 0 1 0 0 0 0 0 0 0 0 0 0 0 0 0 0 21 21 0 0 0 0 1 0 0 141 21 0 0 9 0 0 0 0 0 0
0 0 0 0 0 0 0 1 0 0 0 0 0 0 0 0 0 0 0 0 0 0 36 36 0 0 0 0 1 0 0 141 36 0 0 15 0 0 0 0 0 0
0 0 0 0 0 0 0 1 0 0 0 0 0 0 0 0 0 0 0 0 0 0 21 20 0 0 0 0 1 0 0 141 20 0 1 8 0 0 0 1 0 0
0 0 0 0 0 0 0 1 0 0 0 0 0 0 0 0 0 0 0 0 0 0 88 87 0 0 0 0 1 0 0 141 87 0 0 35 0 0 0 0 0 0
0 0 0 0 0 0 0 1 0 0 0 0 0 0 0 0 0 0 0 0 0 0 54 54 0 0 0 0 1 0 0 141 54 0 0 22 0 0 0 0 0 0
0 0 0 0 0 0 0 1 0 0 0 0 0 0 0 0 0 0 0 0 0 0 41 41 0 0 0 0 1 0 0 131 41 0 3 17 0 0 0 0 0 0
0 0 0 0 0 0 0 1 0 0 0 0 0 0 0 0 0 0 0 0 0 0 48 48 0 0 0 0 1 0 0 141 48 0 0 19 0 0 0 0 0 0
0 0 0 0 0 0 0 1 0 0 0 0 0 0 0 0 0 0 0 0 0 0 13 13 0 0 0 0 1 0 0 141 13 0 1 5 0 0 0 1 0 0
0 0 0 0 0 0 0 1 0 0 0 0 0 0 0 0 0 0 0 0 0 0 19 19 0 0 0 0 1 0 0 141 116 0 30 47 0 0 0 0 0 0
0 0 0 0 0 0 0 0 0 0 0 0 0 0 0 0 0 0 0 0 0 0 0 0 0 0 0 0 1 0 0 0 0 0 4 1 0 0 0 0 0 0
0 0 0 0 0 0 0 1 0 0 0 0 0 0 0 0 0 0 0 0 0 0 72 72 0 0 0 0 1 0 0 141 72 0 1 29 0 0 0 0 0 0
0 0 0 0 0 0 0 1 0 0 0 0 0 0 0 0 0 0 0 0 0 0 3 3 0 0 0 0 1 0 0 95 3 0 4 2 0 0 0 0 0 0
0 0 0 0 0 0 0 1 0 0 0 0 0 0 0 0 0 0 0 0 0 0 58 58 0 0 0 0 1 0 0 141 58 0 41 23 0 0 0 1 0 0
0 0 0 0 0 0 0 1 0 0 0 0 0 0 0 0 0 0 0 0 0 0 145 49 1 0 0 0 0 0 0 141 49 0 58 20 0 0 0 1 0 0
0 0 0 0 0 0 0 1 0 0 0 0 0 0 0 0 0 0 0 0 0 0 45 45 0 0 0 0 1 0 0 141 12 0 0 5 0 0 0 0 0 0
0 0 0 0 0 0 0 1 0 0 0 0 0 0 0 0 0 0 0 0 0 0 82 82 0 0 0 0 1 0 0 141 176 1 6 72 0 0 0 0 0 0
0 0 0 0 0 0 0 1 0 0 0 0 0 0 0 0 0 0 0 0 0 0 14 14 0 0 0 0 1 0 0 114 14 0 48 7 0 0 0 1 0 0
0 0 0 0 0 0 0 1 0 0 0 0 0 0 0 0 0 0 0 0 0 0 22 22 0 0 0 0 1 0 0 141 22 0 0 9 0 0 0 0 0 0
0 0 0 0 0 0 0 1 0 0 0 0 0 0 0 0 0 0 0 0 0 0 20 20 0 0 0 0 1 0 0 141 20 0 1 8 0 0 0 0 0 0
0 0 0 0 0 0 0 1 0 0 0 0 0 0 0 0 0 0 0 0 0 0 83 83 0 0 0 0 1 0 0 141 83 0 1 33 0 0 0 0 0 0
0 0 0 0 0 0 0 1 0 0 0 0 0 0 0 0 0 0 0 0 0 0 126 28 1 0 0 0 0 0 0 141 28 0 66 11 0 0 0 1 0 0
0 0 0 0 0 0 0 1 0 0 0 0 0 0 0 0 0 0 0 0 0 0 93 93 0 0 0 0 1 0 0 141 93 0 0 37 0 0 0 0 0 0
0 0 0 0 0 0 0 1 0 0 0 0 0 0 0 0 0 0 0 0 0 0 40 39 0 0 0 0 1 0 0 141 39 0 1 16 0 0 0 1 0 0
0 0 0 0 0 0 0 1 0 0 0 0 0 0 0 0 0 0 0 0 0 0 180 86 1 0 0 0 0 0 0 141 86 0 43 34 0 0 0 1 0 0
0 0 0 0 0 0 0 1 0 0 0 0 0 0 0 0 0 0 0 0 0 0 13 13 0 0 0 0 1 0 0 103 13 0 4 6 0 0 0 0 0 0
0 0 0 0 0 0 0 1 0 0 0 0 0 0 0 0 0 0 0 0 0 0 64 63 0 0 0 0 1 0 0 141 63 0 1 25 0 0 0 1 0 0
0 0 0 0 0 0 0 1 0 0 0 0 0 0 0 0 0 0 0 0 0 0 2 2 0 0 0 0 1 0 0 141 2 0 1 1 0 0 0 1 0 0
0 0 0 0 0 0 0 1 0 0 0 0 0 0 0 0 0 0 0 0 0 0 10 10 0 0 0 0 1 0 0 100 10 0 4 5 0 0 0 0 0 0
0 0 0 0 0 0 0 1 0 0 0 0 0 0 0 0 0 0 0 0 0 0 98 98 0 0 0 0 1 0 0 141 98 0 1 39 0 0 0 0 0 0
0 0 0 0 0 0 0 1 0 0 0 0 0 0 0 0 0 0 0 0 0 0 79 79 0 0 0 0 1 0 0 141 79 0 41 31 0 0 0 1 0 0
0 0 0 0 0 0 0 1 0 0 0 0 0 0 0 0 0 0 0 0 0 0 106 6 1 0 0 0 0 0 0 141 6 0 75 3 0 0 0 1 0 0
0 0 0 0 0 0 0 1 0 0 0 0 0 0 0 0 0 0 0 0 0 0 1 1 0 0 0 0 1 0 0 101 1 0 53 1 0 0 0 1 0 0
0 0 0 0 0 0 0 1 0 0 0 0 0 0 0 0 0 0 0 0 0 0 67 67 0 0 0 0 1 0 0 141 67 0 0 27 0 0 0 0 0 0
0 0 0 0 0 0 0 1 0 0 0 0 0 0 0 0 0 0 0 0 0 0 157 61 1 0 0 0 0 0 0 141 61 0 53 24 0 0 0 1 0 0
0 0 0 0 0 0 0 1 0 0 0 0 0 0 0 0 0 0 0 0 0 0 31 31 0 0 0 0 1 0 0 121 31 0 4 14 0 0 0 0 0 0
0 0 0 0 0 0 0 1 0 0 0 0 0 0 0 0 0 0 0 0 0 0 57 57 0 0 0 0 1 0 0 141 57 0 1 23 0 0 0 0 0 0
0 0 0 0 0 0 0 1 0 0 0 0 0 0 0 0 0 0 0 0 0 0 82 82 0 0 0 0 1 0 0 141 82 0 0 33 0 0 0 0 0 0
0 0 0 0 0 0 0 1 0 0 0 0 0 0 0 0 0 0 0 0 0 0 143 47 1 0 0 0 0 0 0 141 47 0 59 19 0 0 0 1 0 0
0 0 0 0 0 0 0 1 0 0 0 0 0 0 0 0 0 0 0 0 0 0 85 85 0 0 0 0 1 0 0 79 85 1 2 54 0 0 0 0 0 0
0 0 0 0 0 0 0 1 0 0 0 0 0 0 0 0 0 0 0 0 0 0 32 31 0 0 0 0 1 0 0 141 31 0 1 13 0 0 0 1 0 0
0 0 0 0 0 0 0 1 0 0 0 0 0 0 0 0 0 0 0 0 0 0 26 26 0 0 0 0 1 0 0 126 26 0 45 11 0 0 0 1 0 0
0 0 0 0 0 0 0 1 0 0 0 0 0 0 0 0 0 0 0 0 0 0 20 20 0 0 0 0 1 0 0 141 87 0 0 35 0 0 0 0 0 0
0 0 0 0 0 0 0 1 0 0 0 0 0 0 0 0 0 0 0 0 0 0 22 22 0 0 0 0 1 0 0 141 22 0 1 9 0 0 0 0 0 0
0 0 0 0 0 0 0 1 0 0 0 0 0 0 0 0 0 0 0 0 0 0 9 9 0 0 0 0 1 0 0 9 9 0 4 12 0 0 0 0 0 0
0 0 0 0 0 0 0 1 0 0 0 0 0 0 0 0 0 0 0 0 0 0 92 92 0 0 0 0 1 0 0 141 92 0 40 36 0 0 0 1 0 0
0 0 0 0 0 0 0 1 0 0 0 0 0 0 0 0 0 0 0 0 0 0 45 45 0 0 0 0 1 0 0 43 45 0 2 39 0 0 0 0 0 0
0 0 0 0 0 0 0 1 0 0 0 0 0 0 0 0 0 0 0 0 0 0 27 27 0 0 0 0 1 0 0 141 124 1 27 50 0 0 0 0 0 0
0 0 0 0 0 0 0 1 0 0 0 0 0 0 0 0 0 0 0 0 0 0 76 76 0 0 0 0 1 0 0 70 76 1 2 52 0 0 0 0 0 0
0 0 0 0 0 0 0 1 0 0 0 0 0 0 0 0 0 0 0 0 0 0 6 6 0 0 0 0 1 0 0 141 6 0 0 3 0 0 0 0 0 0
0 0 0 0 0 0 0 1 0 0 0 0 0 0 0 0 0 0 0 0 0 0 186 93 1 0 0 0 0 0 0 141 93 0 41 37 0 0 0 1 0 0
0 0 0 0 0 0 0 1 0 0 0 0 0 0 0 0 0 0 0 0 0 0 89 89 0 0 0 0 1 0 0 141 56 0 0 22 0 0 0 0 0 0
0 0 0 0 0 0 0 1 0 0 0 0 0 0 0 0 0 0 0 0 0 0 42 42 0 0 0 0 1 0 0 141 42 0 0 17 0 0 0 0 0 0
0 0 0 0 0 0 0 1 0 0 0 0 0 0 0 0 0 0 0 0 0 0 23 22 0 0 0 0 1 0 0 141 22 0 1 9 0 0 0 1 0 0
0 0 0 0 0 0 0 1 0 0 0 0 0 0 0 0 0 0 0 0 0 0 63 63 0 0 0 0 1 0 0 141 63 0 1 25 0 0 0 0 0 0
0 0 0 0 0 0 0 1 0 0 0 0 0 0 0 0 0 0 0 0 0 0 54 54 0 0 0 0 1 0 0 141 54 0 0 22 0 0 0 0 0 0
0 0 0 0 0 0 0 1 0 0 0 0 0 0 0 0 0 0 0 0 0 0 10 10 0 0 0 0 1 0 0 141 10 0 0 4 0 0 0 0 0 0
0 0 0 0 0 0 0 1 0 0 0 0 0 0 0 0 0 0 0 0 0 0 64 64 0 0 0 0 1 0 0 141 31 0 0 13 0 0 0 0 0 0
0 0 0 0 0 0 0 1 0 0 0 0 0 0 0 0 0 0 0 0 0 0 23 23 0 0 0 0 1 0 0 141 120 0 29 49 0 0 0 0 0 0
0 0 0 0 0 0 0 1 0 0 0 0 0 0 0 0 0 0 0 0 0 0 72 71 0 0 0 0 1 0 0 141 71 0 0 28 0 0 0 0 0 0
0 0 0 0 0 0 0 1 0 0 0 0 0 0 0 0 0 0 0 0 0 0 14 14 0 0 0 0 1 0 0 14 14 0 4 17 0 0 0 0 0 0
0 0 0 0 0 0 0 1 0 0 0 0 0 0 0 0 0 0 0 0 0 0 58 58 0 0 0 0 1 0 0 141 58 0 3 23 0 0 0 0 0 0
0 0 0 0 0 0 0 1 0 0 0 0 0 0 0 0 0 0 0 0 0 0 74 74 0 0 0 0 1 0 0 68 74 1 2 51 0 0 0 0 0 0
0 0 0 0 0 0 0 1 0 0 0 0 0 0 0 0 0 0 0 0 0 0 2 2 0 0 0 0 1 0 0 141 2 0 0 1 0 0 0 0 0 0
0 0 0 0 0 0 0 1 0 0 0 0 0 0 0 0 0 0 0 0 0 0 36 36 0 0 0 0 1 0 0 141 36 0 0 15 0 0 0 0 0 0
0 0 0 0 0 0 0 1 0 0 0 0 0 0 0 0 0 0 0 0 0 0 6 6 0 0 0 0 1 0 0 141 105 0 35 42 0 0 0 0 0 0
0 0 0 0 0 0 0 1 0 0 0 0 0 0 0 0 0 0 0 0 0 0 51 51 0 0 0 0 1 0 0 141 51 0 41 20 0 0 0 1 0 0
0 0 0 0 0 0 0 1 0 0 0 0 0 0 0 0 0 0 0 0 0 0 18 18 0 0 0 0 1 0 0 118 18 0 47 8 0 0 0 1 0 0
0 0 0 0 0 0 0 1 0 0 0 0 0 0 0 0 0 0 0 0 0 0 56 56 0 0 0 0 1 0 0 141 56 0 3 22 0 0 0 0 0 0
0 0 0 0 0 0 0 1 0 0 0 0 0 0 0 0 0 0 0 0 0 0 76 74 0 0 0 0 1 0 0 141 74 0 1 29 0 0 0 1 0 0
0 0 0 0 0 0 0 1 0 0 0 0 0 0 0 0 0 0 0 0 0 0 21 21 0 0 0 0 1 0 0 111 21 0 4 10 0 0 0 0 0 0
0 0 0 0 0 0 0 1 0 0 0 0 0 0 0 0 0 0 0 0 0 0 89 87 0 0 0 0 1 0 0 141 87 0 1 35 0 0 0 0 0 0
0 0 0 0 0 0 0 1 0 0 0 0 0 0 0 0 0 0 0 0 0 0 42 42 0 0 0 0 1 0 0 141 42 0 1 17 0 0 0 0 0 0
0 0 0 0 0 0 0 1 0 0 0 0 0 0 0 0 0 0 0 0 0 0 2 2 0 0 0 0 1 0 0 141 2 0 0 1 0 0 0 0 0 0
0 0 0 0 0 0 0 1 0 0 0 0 0 0 0 0 0 0 0 0 0 0 20 20 0 0 0 0 1 0 0 20 20 0 3 23 0 0 0 0 0 0
0 0 0 0 0 0 0 1 0 0 0 0 0 0 0 0 0 0 0 0 0 0 29 29 0 0 0 0 1 0 0 119 29 0 4 13 0 0 0 0 0 0
0 0 0 0 0 0 0 1 0 0 0 0 0 0 0 0 0 0 0 0 0 0 187 94 1 0 0 0 0 0 0 141 94 0 40 37 0 0 0 1 0 0
0 0 0 0 0 0 0 1 0 0 0 0 0 0 0 0 0 0 0 0 0 0 76 76 0 0 0 0 1 0 0 141 76 0 3 30 0 0 0 0 0 0
0 0 0 0 0 0 0 1 0 0 0 0 0 0 0 0 0 0 0 0 0 0 35 35 0 0 0 0 1 0 0 125 35 0 4 15 0 0 0 0 0 0
0 0 0 0 0 0 0 1 0 0 0 0 0 0 0 0 0 0 0 0 0 0 162 66 1 0 0 0 0 0 0 141 66 0 51 26 0 0 0 1 0 0
0 0 0 0 0 0 0 1 0 0 0 0 0 0 0 0 0 0 0 0 0 0 16 16 0 0 0 0 1 0 0 141 114 0 32 46 0 0 0 0 0 0
0 0 0 0 0 0 0 1 0 0 0 0 0 0 0 0 0 0 0 0 0 0 103 3 1 0 0 0 0 0 0 141 3 0 76 2 0 0 0 1 0 0
0 0 0 0 0 0 0 1 0 0 0 0 0 0 0 0 0 0 0 0 0 0 17 17 0 0 0 0 1 0 0 141 17 0 1 7 0 0 0 1 0 0
0 0 0 0 0 0 0 1 0 0 0 0 0 0 0 0 0 0 0 0 0 0 80 80 0 0 0 0 1 0 0 141 174 1 6 71 0 0 0 0 0 0
0 0 0 0 0 0 0 1 0 0 0 0 0 0 0 0 0 0 0 0 0 0 48 48 0 0 0 0 1 0 0 141 48 0 1 19 0 0 0 0 0 0
0 0 0 0 0 0 0 1 0 0 0 0 0 0 0 0 0 0 0 0 0 0 64 64 0 0 0 0 1 0 0 141 64 0 1 25 0 0 0 0 0 0
0 0 0 0 0 0 0 1 0 0 0 0 0 0 0 0 0 0 0 0 0 0 48 48 0 0 0 0 1 0 0 141 48 0 0 19 0 0 0 0 0 0
0 0 0 0 0 0 0 1 0 0 0 0 0 0 0 0 0 0 0 0 0 0 53 53 0 0 0 0 1 0 0 141 53 0 41 21 0 0 0 1 0 0
0 0 0 0 0 0 0 1 0 0 0 0 0 0 0 0 0 0 0 0 0 0 184 91 1 0 0 0 0 0 0 141 91 0 41 36 0 0 0 1 0 0
0 0 0 0 0 0 0 1 0 0 0 0 0 0 0 0 0 0 0 0 0 0 43 43 0 0 0 0 1 0 0 41 43 0 2 38 0 0 0 0 0 0
0 0 0 0 0 0 0 1 0 0 0 0 0 0 0 0 0 0 0 0 0 0 4 4 0 0 0 0 1 0 0 141 4 0 1 2 0 0 0 0 0 0
0 0 0 0 0 0 0 1 0 0 0 0 0 0 0 0 0 0 0 0 0 0 55 55 0 0 0 0 1 0 0 141 22 0 0 9 0 0 0 0 0 0
0 0 0 0 0 0 0 1 0 0 0 0 0 0 0 0 0 0 0 0 0 0 37 37 0 0 0 0 1 0 0 141 37 0 0 15 0 0 0 0 0 0
0 0 0 0 0 0 0 1 0 0 0 0 0 0 0 0 0 0 0 0 0 0 71 71 0 0 0 0 1 0 0 141 71 0 41 28 0 0 0 1 0 0
0 0 0 0 0 0 0 1 0 0 0 0 0 0 0 0 0 0 0 0 0 0 14 14 0 0 0 0 1 0 0 141 14 0 0 6 0 0 0 0 0 0
0 0 0 0 0 0 0 1 0 0 0 0 0 0 0 0 0 0 0 0 0 0 96 96 0 0 0 0 1 0 0 141 96 0 3 38 0 0 0 0 0 0
0 0 0 0 0 0 0 1 0 0 0 0 0 0 0 0 0 0 0 0 0 0 92 92 0 0 0 0 1 0 0 141 92 0 0 36 0 0 0 0 0 0
0 0 0 0 0 0 0 1 0 0 0 0 0 0 0 0 0 0 0 0 0 0 191 98 1 0 0 0 1 0 0 141 98 0 39 39 0 0 0 1 0 0
0 0 0 0 0 0 0 1 0 0 0 0 0 0 0 0 0 0 0 0 0 0 11 11 0 0 0 0 1 0 0 11 11 0 4 14 0 0 0 0 0 0
0 0 0 0 0 0 0 1 0 0 0 0 0 0 0 0 0 0 0 0 0 0 7 7 0 0 0 0 1 0 0 141 7 0 1 3 0 0 0 0 0 0
0 0 0 0 0 0 0 1 0 0 0 0 0 0 0 0 0 0 0 0 0 0 82 82 0 0 0 0 1 0 0 141 49 0 0 20 0 0 0 0 0 0
0 0 0 0 0 0 0 1 0 0 0 0 0 0 0 0 0 0 0 0 0 0 61 61 0 0 0 0 1 0 0 141 61 0 0 24 0 0 0 0 0 0
0 0 0 0 0 0 0 1 0 0 0 0 0 0 0 0 0 0 0 0 0 0 38 38 0 0 0 0 1 0 0 36 38 0 3 35 0 0 0 0 0 0
0 0 0 0 0 0 0 1 0 0 0 0 0 0 0 0 0 0 0 0 0 0 88 88 0 0 0 0 1 0 0 141 55 0 0 22 0 0 0 0 0 0
0 0 0 0 0 0 0 1 0 0 0 0 0 0 0 0 0 0 0 0 0 0 38 38 0 0 0 0 1 0 0 141 38 0 0 15 0 0 0 0 0 0
0 0 0 0 0 0 0 1 0 0 0 0 0 0 0 0 0 0 0 0 0 0 34 33 0 0 0 0 1 0 0 141 33 0 1 13 0 0 0 1 0 0
0 0 0 0 0 0 0 1 0 0 0 0 0 0 0 0 0 0 0 0 0 0 58 58 0 0 0 0 1 0 0 141 155 1 15 62 0 0 0 0 0 0
0 0 0 0 0 0 0 1 0 0 0 0 0 0 0 0 0 0 0 0 0 0 92 90 0 0 0 0 1 0 0 141 90 0 1 36 0 0 0 0 0 0
0 0 0 0 0 0 0 1 0 0 0 0 0 0 0 0 0 0 0 0 0 0 52 52 0 0 0 0 1 0 0 141 52 0 0 21 0 0 0 0 0 0
0 0 0 0 0 0 0 1 0 0 0 0 0 0 0 0 0 0 0 0 0 0 92 92 0 0 0 0 1 0 0 141 92 0 1 36 0 0 0 0 0 0
0 0 0 0 0 0 0 1 0 0 0 0 0 0 0 0 0 0 0 0 0 0 75 75 0 0 0 0 1 0 0 141 75 0 0 30 0 0 0 0 0 0
0 0 0 0 0 0 0 1 0 0 0 0 0 0 0 0 0 0 0 0 0 0 11 11 0 0 0 0 1 0 0 101 11 0 4 6 0 0 0 0 0 0
0 0 0 0 0 0 0 1 0 0 0 0 0 0 0 0 0 0 0 0 0 0 52 52 0 0 0 0 1 0 0 141 19 0 0 8 0 0 0 0 0 0
0 0 0 0 0 0 0 1 0 0 0 0 0 0 0 0 0 0 0 0 0 0 3 3 0 0 0 0 1 0 0 3 3 0 4 5 0 0 0 0 0 0
0 0 0 0 0 0 0 1 0 0 0 0 0 0 0 0 0 0 0 0 0 0 33 32 0 0 0 0 1 0 0 141 32 0 1 13 0 0 0 1 0 0
0 0 0 0 0 0 0 1 0 0 0 0 0 0 0 0 0 0 0 0 0 0 75 75 0 0 0 0 1 0 0 69 75 1 2 51 0 0 0 0 0 0
0 0 0 0 0 0 0 1 0 0 0 0 0 0 0 0 0 0 0 0 0 0 10 10 0 0 0 0 1 0 0 10 10 0 4 13 0 0 0 0 0 0
0 0 0 0 0 0 0 1 0 0 0 0 0 0 0 0 0 0 0 0 0 0 81 81 0 0 0 0 1 0 0 141 175 1 6 71 0 0 0 0 0 0
0 0 0 0 0 0 0 1 0 0 0 0 0 0 0 0 0 0 0 0 0 0 30 30 0 0 0 0 1 0 0 120 30 0 4 13 0 0 0 0 0 0
0 0 0 0 0 0 0 1 0 0 0 0 0 0 0 0 0 0 0 0 0 0 64 64 0 0 0 0 1 0 0 141 64 0 3 25 0 0 0 0 0 0
0 0 0 0 0 0 0 1 0 0 0 0 0 0 0 0 0 0 0 0 0 0 46 46 0 0 0 0 1 0 0 141 46 0 0 18 0 0 0 0 0 0
0 0 0 0 0 0 0 1 0 0 0 0 0 0 0 0 0 0 0 0 0 0 94 94 0 0 0 0 1 0 0 141 61 0 0 24 0 0 0 0 0 0
0 0 0 0 0 0 0 1 0 0 0 0 0 0 0 0 0 0 0 0 0 0 30 30 0 0 0 0 1 0 0 141 30 0 1 12 0 0 0 0 0 0
0 0 0 0 0 0 0 1 0 0 0 0 0 0 0 0 0 0 0 0 0 0 85 85 0 0 0 0 1 0 0 141 85 0 3 34 0 0 0 0 0 0
0 0 0 0 0 0 0 1 0 0 0 0 0 0 0 0 0 0 0 0 0 0 29 29 0 0 0 0 1 0 0 141 29 0 0 12 0 0 0 0 0 0
0 0 0 0 0 0 0 1 0 0 0 0 0 0 0 0 0 0 0 0 0 0 62 62 0 0 0 0 1 0 0 141 62 0 41 25 0 0 0 1 0 0
0 0 0 0 0 0 0 1 0 0 0 0 0 0 0 0 0 0 0 0 0 0 92 92 0 0 0 0 1 0 0 141 92 0 3 36 0 0 0 0 0 0
0 0 0 0 0 0 0 1 0 0 0 0 0 0 0 0 0 0 0 0 0 0 42 42 0 0 0 0 1 0 0 132 42 0 3 17 0 0 0 0 0 0
0 0 0 0 0 0 0 1 0 0 0 0 0 0 0 0 0 0 0 0 0 0 189 96 1 0 0 0 0 0 0 141 96 0 39 38 0 0 0 1 0 0
0 0 0 0 0 0 0 1 0 0 0 0 0 0 0 0 0 0 0 0 0 0 79 78 0 0 0 0 1 0 0 141 78 0 0 31 0 0 0 0 0 0
0 0 0 0 0 0 0 1 0 0 0 0 0 0 0 0 0 0 0 0 0 0 56 56 0 0 0 0 1 0 0 141 56 0 1 22 0 0 0 0 0 0
0 0 0 0 0 0 0 1 0 0 0 0 0 0 0 0 0 0 0 0 0 0 169 73 1 0 0 0 0 0 0 141 73 0 48 29 0 0 0 1 0 0
0 0 0 0 0 0 0 1 0 0 0 0 0 0 0 0 0 0 0 0 0 0 79 79 0 0 0 0 1 0 0 141 46 0 0 18 0 0 0 0 0 0
0 0 0 0 0 0 0 1 0 0 0 0 0 0 0 0 0 0 0 0 0 0 7 7 0 0 0 0 1 0 0 141 7 0 1 3 0 0 0 1 0 0
0 0 0 0 0 0 0 1 0 0 0 0 0 0 0 0 0 0 0 0 0 0 38 38 0 0 0 0 1 0 0 141 135 1 23 55 0 0 0 0 0 0
0 0 0 0 0 0 0 1 0 0 0 0 0 0 0 0 0 0 0 0 0 0 12 12 0 0 0 0 1 0 0 102 12 0 4 6 0 0 0 0 0 0
0 0 0 0 0 0 0 1 0 0 0 0 0 0 0 0 0 0 0 0 0 0 80 79 0 0 0 0 1 0 0 141 79 0 0 31 0 0 0 0 0 0
0 0 0 0 0 0 0 1 0 0 0 0 0 0 0 0 0 0 0 0 0 0 24 24 0 0 0 0 1 0 0 141 121 0 28 49 0 0 0 0 0 0
0 0 0 0 0 0 0 1 0 0 0 0 0 0 0 0 0 0 0 0 0 0 29 29 0 0 0 0 1 0 0 141 126 1 26 51 0 0 0 0 0 0
0 0 0 0 0 0 0 1 0 0 0 0 0 0 0 0 0 0 0 0 0 0 45 45 0 0 0 0 1 0 0 135 45 0 3 18 0 0 0 0 0 0
0 0 0 0 0 0 0 1 0 0 0 0 0 0 0 0 0 0 0 0 0 0 84 84 0 0 0 0 1 0 0 141 84 0 41 33 0 0 0 1 0 0
0 0 0 0 0 0 0 1 0 0 0 0 0 0 0 0 0 0 0 0 0 0 92 92 0 0 0 0 1 0 0 85 92 1 1 56 0 0 0 0 0 0
0 0 0 0 0 0 0 1 0 0 0 0 0 0 0 0 0 0 0 0 0 0 60 60 0 0 0 0 1 0 0 141 60 0 3 24 0 0 0 0 0 0
0 0 0 0 0 0 0 1 0 0 0 0 0 0 0 0 0 0 0 0 0 0 81 81 0 0 0 0 1 0 0 75 81 1 2 53 0 0 0 0 0 0
0 0 0 0 0 0 0 1 0 0 0 0 0 0 0 0 0 0 0 0 0 0 80 80 0 0 0 0 1 0 0 141 80 0 3 32 0 0 0 0 0 0
0 0 0 0 0 0 0 1 0 0 0 0 0 0 0 0 0 0 0 0 0 0 66 66 0 0 0 0 1 0 0 141 66 0 0 26 0 0 0 0 0 0
0 0 0 0 0 0 0 1 0 0 0 0 0 0 0 0 0 0 0 0 0 0 78 78 0 0 0 0 1 0 0 141 78 0 0 31 0 0 0 0 0 0
0 0 0 0 0 0 0 1 0 0 0 0 0 0 0 0 0 0 0 0 0 0 7 7 0 0 0 0 1 0 0 141 7 0 0 3 0 0 0 0 0 0
0 0 0 0 0 0 0 1 0 0 0 0 0 0 0 0 0 0 0 0 0 0 41 41 0 0 0 0 1 0 0 141 8 0 0 4 0 0 0 0 0 0
0 0 0 0 0 0 0 1 0 0 0 0 0 0 0 0 0 0 0 0 0 0 66 66 0 0 0 0 1 0 0 141 66 0 1 26 0 0 0 0 0 0
0 0 0 0 0 0 0 1 0 0 0 0 0 0 0 0 0 0 0 0 0 0 90 90 0 0 0 0 1 0 0 83 90 1 1 56 0 0 0 0 0 0
0 0 0 0 0 0 0 1 0 0 0 0 0 0 0 0 0 0 0 0 0 0 35 35 0 0 0 0 1 0 0 141 35 0 1 14 0 0 0 0 0 0
0 0 0 0 0 0 0 1 0 0 0 0 0 0 0 0 0 0 0 0 0 0 49 49 0 0 0 0 1 0 0 141 146 1 19 59 0 0 0 0 0 0
0 0 0 0 0 0 0 1 0 0 0 0 0 0 0 0 0 0 0 0 0 0 17 17 0 0 0 0 1 0 0 141 17 0 0 7 0 0 0 0 0 0
0 0 0 0 0 0 0 1 0 0 0 0 0 0 0 0 0 0 0 0 0 0 151 55 1 0 0 0 0 0 0 141 55 0 55 22 0 0 0 1 0 0
0 0 0 0 0 0 0 1 0 0 0 0 0 0 0 0 0 0 0 0 0 0 1 1 0 0 0 0 1 0 0 141 1 0 1 1 0 0 0 0 0 0
0 0 0 0 0 0 0 1 0 0 0 0 0 0 0 0 0 0 0 0 0 0 37 37 0 0 0 0 1 0 0 35 37 0 3 35 0 0 0 0 0 0
0 0 0 0 0 0 0 1 0 0 0 0 0 0 0 0 0 0 0 0 0 0 42 42 0 0 0 0 1 0 0 141 139 1 21 56 0 0 0 0 0 0
0 0 0 0 0 0 0 1 0 0 0 0 0 0 0 0 0 0 0 0 0 0 35 35 0 0 0 0 1 0 0 141 35 0 0 14 0 0 0 0 0 0
0 0 0 0 0 0 0 1 0 0 0 0 0 0 0 0 0 0 0 0 0 0 119 21 1 0 0 0 0 0 0 141 21 0 69 9 0 0 0 1 0 0
0 0 0 0 0 0 0 1 0 0 0 0 0 0 0 0 0 0 0 0 0 0 64 63 0 0 0 0 1 0 0 141 63 0 0 25 0 0 0 0 0 0
0 0 0 0 0 0 0 1 0 0 0 0 0 0 0 0 0 0 0 0 0 0 12 12 0 0 0 0 1 0 0 141 110 0 33 44 0 0 0 0 0 0
0 0 0 0 0 0 0 1 0 0 0 0 0 0 0 0 0 0 0 0 0 0 72 72 0 0 0 0 1 0 0 141 72 0 3 29 0 0 0 0 0 0
0 0 0 0 0 0 0 1 0 0 0 0 0 0 0 0 0 0 0 0 0 0 41 41 0 0 0 0 1 0 0 141 41 0 41 16 0 0 0 1 0 0
0 0 0 0 0 0 0 1 0 0 0 0 0 0 0 0 0 0 0 0 0 0 16 16 0 0 0 0 1 0 0 141 16 0 1 7 0 0 0 0 0 0
0 0 0 0 0 0 0 1 0 0 0 0 0 0 0 0 0 0 0 0 0 0 1 1 0 0 0 0 1 0 0 141 100 0 37 40 0 0 0 1 0 0
0 0 0 0 0 0 0 1 0 0 0 0 0 0 0 0 0 0 0 0 0 0 41 40 0 0 0 0 1 0 0 141 40 0 1 16 0 0 0 1 0 0
0 0 0 0 0 0 0 1 0 0 0 0 0 0 0 0 0 0 0 0 0 0 25 25 0 0 0 0 1 0 0 141 122 0 28 49 0 0 0 0 0 0
0 0 0 0 0 0 0 1 0 0 0 0 0 0 0 0 0 0 0 0 0 0 63 63 0 0 0 0 1 0 0 141 160 1 13 64 0 0 0 0 0 0
0 0 0 0 0 0 0 1 0 0 0 0 0 0 0 0 0 0 0 0 0 0 26 26 0 0 0 0 1 0 0 141 123 1 28 50 0 0 0 0 0 0
0 0 0 0 0 0 0 1 0 0 0 0 0 0 0 0 0 0 0 0 0 0 45 45 0 0 0 0 1 0 0 141 45 0 41 18 0 0 0 1 0 0
0 0 0 0 0 0 0 1 0 0 0 0 0 0 0 0 0 0 0 0 0 0 14 14 0 0 0 0 1 0 0 141 81 0 0 32 0 0 0 0 0 0
0 0 0 0 0 0 0 1 0 0 0 0 0 0 0 0 0 0 0 0 0 0 99 98 0 0 0 0 1 0 0 141 98 0 0 39 0 0 0 0 0 0
0 0 0 0 0 0 0 1 0 0 0 0 0 0 0 0 0 0 0 0 0 0 40 40 0 0 0 0 1 0 0 38 40 0 3 36 0 0 0 0 0 0
0 0 0 0 0 0 0 1 0 0 0 0 0 0 0 0 0 0 0 0 0 0 43 43 0 0 0 0 1 0 0 141 43 0 1 17 0 0 0 0 0 0
0 0 0 0 0 0 0 1 0 0 0 0 0 0 0 0 0 0 0 0 0 0 68 68 0 0 0 0 1 0 0 141 35 0 0 14 0 0 0 0 0 0
0 0 0 0 0 0 0 1 0 0 0 0 0 0 0 0 0 0 0 0 0 0 48 48 0 0 0 0 1 0 0 141 48 0 41 19 0 0 0 1 0 0
0 0 0 0 0 0 0 1 0 0 0 0 0 0 0 0 0 0 0 0 0 0 73 72 0 0 0 0 1 0 0 141 72 0 0 29 0 0 0 0 0 0
0 0 0 0 0 0 0 1 0 0 0 0 0 0 0 0 0 0 0 0 0 0 60 60 0 0 0 0 1 0 0 141 60 0 0 24 0 0 0 0 0 0
0 0 0 0 0 0 0 1 0 0 0 0 0 0 0 0 0 0 0 0 0 0 58 58 0 0 0 0 1 0 0 56 58 0 2 45 0 0 0 0 0 0
0 0 0 0 0 0 0 1 0 0 0 0 0 0 0 0 0 0 0 0 0 0 108 9 1 0 0 0 0 0 0 141 9 0 73 4 0 0 0 1 0 0
0 0 0 0 0 0 0 1 0 0 0 0 0 0 0 0 0 0 0 0 0 0 4 4 0 0 0 0 1 0 0 141 103 0 36 41 0 0 0 1 0 0
0 0 0 0 0 0 0 1 0 0 0 0 0 0 0 0 0 0 0 0 0 0 92 91 0 0 0 0 1 0 0 141 91 0 0 36 0 0 0 0 0 0
0 0 0 0 0 0 0 1 0 0 0 0 0 0 0 0 0 0 0 0 0 0 20 19 0 0 0 0 1 0 0 141 19 0 1 8 0 0 0 1 0 0
0 0 0 0 0 0 0 1 0 0 0 0 0 0 0 0 0 0 0 0 0 0 56 56 0 0 0 0 1 0 0 54 56 0 2 44 0 0 0 0 0 0
0 0 0 0 0 0 0 1 0 0 0 0 0 0 0 0 0 0 0 0 0 0 37 37 0 0 0 0 1 0 0 141 37 0 1 15 0 0 0 0 0 0
0 0 0 0 0 0 0 1 0 0 0 0 0 0 0 0 0 0 0 0 0 0 39 39 0 0 0 0 1 0 0 129 39 0 4 16 0 0 0 0 0 0
0 0 0 0 0 0 0 1 0 0 0 0 0 0 0 0 0 0 0 0 0 0 53 53 0 0 0 0 1 0 0 51 53 0 2 43 0 0 0 0 0 0
0 0 0 0 0 0 0 1 0 0 0 0 0 0 0 0 0 0 0 0 0 0 50 50 0 0 0 0 1 0 0 141 50 0 41 20 0 0 0 1 0 0
0 0 0 0 0 0 0 1 0 0 0 0 0 0 0 0 0 0 0 0 0 0 155 59 1 0 0 0 0 0 0 141 59 0 54 24 0 0 0 1 0 0
0 0 0 0 0 0 0 1 0 0 0 0 0 0 0 0 0 0 0 0 0 0 16 16 0 0 0 0 1 0 0 141 16 0 1 7 0 0 0 1 0 0
0 0 0 0 0 0 0 1 0 0 0 0 0 0 0 0 0 0 0 0 0 0 56 55 0 0 0 0 1 0 0 141 55 0 1 22 0 0 0 1 0 0
0 0 0 0 0 0 0 1 0 0 0 0 0 0 0 0 0 0 0 0 0 0 97 95 0 0 0 0 1 0 0 141 95 0 1 38 0 0 0 0 0 0
0 0 0 0 0 0 0 1 0 0 0 0 0 0 0 0 0 0 0 0 0 0 49 49 0 0 0 0 1 0 0 141 49 0 1 20 0 0 0 0 0 0
0 0 0 0 0 0 0 1 0 0 0 0 0 0 0 0 0 0 0 0 0 0 33 33 0 0 0 0 1 0 0 141 33 0 0 13 0 0 0 0 0 0
0 0 0 0 0 0 0 1 0 0 0 0 0 0 0 0 0 0 0 0 0 0 78 78 0 0 0 0 1 0 0 141 78 0 41 31 0 0 0 1 0 0
0 0 0 0 0 0 0 1 0 0 0 0 0 0 0 0 0 0 0 0 0 0 24 23 0 0 0 0 1 0 0 141 23 0 1 9 0 0 0 1 0 0
0 0 0 0 0 0 0 1 0 0 0 0 0 0 0 0 0 0 0 0 0 0 49 49 0 0 0 0 1 0 0 141 49 0 41 20 0 0 0 1 0 0
0 0 0 0 0 0 0 1 0 0 0 0 0 0 0 0 0 0 0 0 0 0 56 56 0 0 0 0 1 0 0 141 153 1 16 62 0 0 0 0 0 0
0 0 0 0 0 0 0 1 0 0 0 0 0 0 0 0 0 0 0 0 0 0 84 84 0 0 0 0 1 0 0 141 84 0 3 33 0 0 0 0 0 0
0 0 0 0 0 0 0 1 0 0 0 0 0 0 0 0 0 0 0 0 0 0 67 67 0 0 0 0 1 0 0 141 67 0 41 27 0 0 0 1 0 0
0 0 0 0 0 0 0 1 0 0 0 0 0 0 0 0 0 0 0 0 0 0 77 75 0 0 0 0 1 0 0 141 75 0 1 30 0 0 0 1 0 0
0 0 0 0 0 0 0 1 0 0 0 0 0 0 0 0 0 0 0 0 0 0 17 17 0 0 0 0 1 0 0 107 17 0 4 8 0 0 0 0 0 0
0 0 0 0 0 0 0 1 0 0 0 0 0 0 0 0 0 0 0 0 0 0 15 15 0 0 0 0 1 0 0 141 15 0 1 6 0 0 0 1 0 0
0 0 0 0 0 0 0 1 0 0 0 0 0 0 0 0 0 0 0 0 0 0 43 43 0 0 0 0 1 0 0 141 10 0 0 4 0 0 0 0 0 0
0 0 0 0 0 0 0 1 0 0 0 0 0 0 0 0 0 0 0 0 0 0 54 54 0 0 0 0 1 0 0 141 54 0 3 22 0 0 0 0 0 0
0 0 0 0 0 0 0 1 0 0 0 0 0 0 0 0 0 0 0 0 0 0 40 40 0 0 0 0 1 0 0 141 40 0 0 16 0 0 0 0 0 0
0 0 0 0 0 0 0 1 0 0 0 0 0 0 0 0 0 0 0 0 0 0 5 5 0 0 0 0 1 0 0 5 5 0 4 8 0 0 0 0 0 0
0 0 0 0 0 0 0 1 0 0 0 0 0 0 0 0 0 0 0 0 0 0 12 12 0 0 0 0 1 0 0 141 12 0 1 5 0 0 0 0 0 0
0 0 0 0 0 0 0 1 0 0 0 0 0 0 0 0 0 0 0 0 0 0 146 50 1 0 0 0 0 0 0 141 50 0 57 20 0 0 0 1 0 0
0 0 0 0 0 0 0 1 0 0 0 0 0 0 0 0 0 0 0 0 0 0 3 3 0 0 0 0 1 0 0 103 3 0 52 2 0 0 0 1 0 0
